1.000000000000220046e+00	2.994374795918637311e-01	8.842748988718379666e-01	6.756050661858690187e-01	2.994374795918637311e-01	7.182895091636369855e-01	7.160582492708049696e-01	2.994374795918637311e-01	2.994374795918637311e-01	6.460194761237160188e-01	2.994374795918637311e-01	2.994374795918637311e-01	2.994374795918637311e-01	2.994374795918637311e-01	2.994374795918637311e-01	2.994374795918637311e-01	6.056383798061669710e-01	6.804470654368279803e-01	6.498898804528570050e-01	6.392570715814209770e-01	6.868872948958689717e-01	2.994374795918637311e-01	2.994374795918637311e-01	2.994374795918637311e-01	2.994374795918637311e-01	2.994374795918637311e-01	2.994374795918637311e-01	6.386459651798730430e-01	2.994374795918637311e-01	6.132621556100670279e-01	2.994374795918637311e-01	2.994374795918637311e-01	2.994374795918637311e-01	2.994374795918637311e-01	2.994374795918637311e-01	2.994374795918637311e-01	2.994374795918637311e-01	2.994374795918637311e-01	5.931420920953069942e-01	2.994374795918637311e-01	5.689776384703779666e-01	2.994374795918637311e-01	6.826210867973270258e-01	2.994374795918637311e-01	7.223830351674900285e-01	2.994374795918637311e-01	5.824774939072759894e-01	2.994374795918637311e-01	6.552884755618310075e-01	6.658935594369630451e-01	2.994374795918637311e-01	6.216251196167179582e-01	2.994374795918637311e-01	5.456196721177090092e-01	6.218220758599809495e-01	7.346924048645080418e-01	2.994374795918637311e-01	2.994374795918637311e-01	6.161402274025830073e-01	2.994374795918637311e-01	2.994374795918637311e-01	2.994374795918637311e-01	7.388867180791159894e-01	5.820631267964949673e-01	5.448205791439539869e-01	6.510484924186259459e-01	6.549637603375080275e-01	6.279971643425249495e-01	2.994374795918637311e-01	2.994374795918637311e-01	5.841673803206040017e-01	2.994374795918637311e-01	2.994374795918637311e-01	2.994374795918637311e-01	6.933568587862759536e-01	2.994374795918637311e-01	2.994374795918637311e-01	7.164452301735070305e-01	2.994374795918637311e-01	2.994374795918637311e-01	2.994374795918637311e-01	2.994374795918637311e-01	5.570145071457760499e-01	2.994374795918637311e-01	2.994374795918637311e-01	5.644961984664790267e-01	2.994374795918637311e-01	7.446147305737179645e-01	2.994374795918637311e-01	6.490346155905899472e-01	6.797855679217880143e-01	2.994374795918637311e-01	2.994374795918637311e-01	2.994374795918637311e-01	2.994374795918637311e-01	7.030132323605049471e-01	7.149429060129299796e-01	5.157620818102479632e-01	6.199658631560369670e-01	6.538378419939769870e-01	7.106758495703420220e-01	5.617401270812150127e-01	2.994374795918637311e-01	2.994374795918637311e-01	2.994374795918637311e-01	5.701023303160850375e-01	2.994374795918637311e-01	6.554041147485130114e-01	2.994374795918637311e-01	2.994374795918637311e-01	7.121887944850570085e-01	2.994374795918637311e-01	2.994374795918637311e-01	6.985361569367599666e-01	2.994374795918637311e-01	8.108735452118129849e-01	2.994374795918637311e-01	8.705815758841860541e-01	2.994374795918637311e-01	6.513747605946660357e-01	7.400883378584740546e-01	7.094034668168049951e-01	7.451240886947000375e-01	7.044911272692570003e-01
2.994374795918637311e-01	1.000000000000049960e+00	2.994374795918637311e-01	2.994374795918637311e-01	6.508885596808370311e-01	6.359360202027120046e-01	6.649072484889539947e-01	2.994374795918637311e-01	6.404757611110399873e-01	2.994374795918637311e-01	6.601536784695339888e-01	6.045841637771549593e-01	2.994374795918637311e-01	5.549777834697280365e-01	1.000000000000000021e-03	2.994374795918637311e-01	2.994374795918637311e-01	6.071477759761320092e-01	2.994374795918637311e-01	2.994374795918637311e-01	6.006012507489869590e-01	5.363121366951120184e-01	6.123856435469440251e-01	2.994374795918637311e-01	2.994374795918637311e-01	2.994374795918637311e-01	6.566907812074850304e-01	6.200906085802799783e-01	2.994374795918637311e-01	5.376619550797979707e-01	2.994374795918637311e-01	6.142962580048499932e-01	2.994374795918637311e-01	6.752067315657479529e-01	2.994374795918637311e-01	6.687269310394340360e-01	5.665390339684329701e-01	2.994374795918637311e-01	5.180373452088440356e-01	2.994374795918637311e-01	4.931939450695759786e-01	2.994374795918637311e-01	6.050280613694459797e-01	2.994374795918637311e-01	6.379163511206570325e-01	2.994374795918637311e-01	5.089875109012099719e-01	5.462210872030529574e-01	6.333497017628240133e-01	2.994374795918637311e-01	2.994374795918637311e-01	2.994374795918637311e-01	2.994374795918637311e-01	2.994374795918637311e-01	5.490122507787880135e-01	2.994374795918637311e-01	4.858898176803709834e-01	5.224423834952099943e-01	2.994374795918637311e-01	4.621700252814719967e-01	6.504633857876529479e-01	2.994374795918637311e-01	6.967765741856120076e-01	5.032524461869180010e-01	4.681880462355729744e-01	2.994374795918637311e-01	5.828435092892579883e-01	2.994374795918637311e-01	2.994374795918637311e-01	2.994374795918637311e-01	2.994374795918637311e-01	2.994374795918637311e-01	2.994374795918637311e-01	2.994374795918637311e-01	2.994374795918637311e-01	4.927057422712730061e-01	6.794757986574480046e-01	6.591299837084090285e-01	2.994374795918637311e-01	2.994374795918637311e-01	6.585783308820519766e-01	2.994374795918637311e-01	2.994374795918637311e-01	2.994374795918637311e-01	2.994374795918637311e-01	2.994374795918637311e-01	2.994374795918637311e-01	2.994374795918637311e-01	2.994374795918637311e-01	2.994374795918637311e-01	6.567922528952889749e-01	6.014388450321700441e-01	4.966358985360599942e-01	4.916565379410109959e-01	4.824840350181670012e-01	2.994374795918637311e-01	6.797731302650410479e-01	2.994374795918637311e-01	2.994374795918637311e-01	2.994374795918637311e-01	6.420092999254279897e-01	4.885054646568349757e-01	2.994374795918637311e-01	2.994374795918637311e-01	4.637409246758629755e-01	2.994374795918637311e-01	2.994374795918637311e-01	2.994374795918637311e-01	2.994374795918637311e-01	5.197737268889579543e-01	2.994374795918637311e-01	6.198549606633200204e-01	5.902951493177960307e-01	6.543161197722839884e-01	6.523537897656029871e-01	7.444043151934219837e-01	2.994374795918637311e-01	2.994374795918637311e-01	7.517714009790169571e-01	6.296972984267510398e-01	2.994374795918637311e-01	6.743007653354670117e-01	2.994374795918637311e-01	2.994374795918637311e-01
8.842748988718379666e-01	2.994374795918637311e-01	1.000000000000069944e+00	2.994374795918637311e-01	6.449772651618730368e-01	7.273863468542980382e-01	2.994374795918637311e-01	6.748868575157069838e-01	2.994374795918637311e-01	2.994374795918637311e-01	6.282590334297200041e-01	5.660309450000009512e-01	6.853345109259579848e-01	2.994374795918637311e-01	2.994374795918637311e-01	6.634999491451399889e-01	6.508489458395609883e-01	6.935199827375120307e-01	2.994374795918637311e-01	6.032954263491969726e-01	2.994374795918637311e-01	4.925633163115870072e-01	2.994374795918637311e-01	2.994374795918637311e-01	6.348678939840980417e-01	7.114084894041560192e-01	6.598264310053729709e-01	6.222332251724229657e-01	3.720316275616020185e-01	6.187921195091440341e-01	2.994374795918637311e-01	2.994374795918637311e-01	2.994374795918637311e-01	7.072404410745689596e-01	5.973310819329440413e-01	2.994374795918637311e-01	2.994374795918637311e-01	2.994374795918637311e-01	2.994374795918637311e-01	2.994374795918637311e-01	2.994374795918637311e-01	5.976895886715130057e-01	2.994374795918637311e-01	2.994374795918637311e-01	2.994374795918637311e-01	6.132897649577200294e-01	5.752856945549430501e-01	2.994374795918637311e-01	6.160126318403089662e-01	6.301664787236519460e-01	2.994374795918637311e-01	5.715967400647069541e-01	6.057552052288850408e-01	5.406508318060370133e-01	2.994374795918637311e-01	7.526150294157010201e-01	2.994374795918637311e-01	2.994374795918637311e-01	5.984691691935960511e-01	4.719046215393359889e-01	2.994374795918637311e-01	6.210050710344370284e-01	7.303411915072529625e-01	5.839913413839560308e-01	2.994374795918637311e-01	2.994374795918637311e-01	2.994374795918637311e-01	6.086990972305059699e-01	2.994374795918637311e-01	5.419049432550510081e-01	2.994374795918637311e-01	5.682066637922980057e-01	2.994374795918637311e-01	7.080028880634690047e-01	6.796824313553530006e-01	4.468808510007309942e-01	7.268440451501340105e-01	2.994374795918637311e-01	2.994374795918637311e-01	6.750962963068000144e-01	2.994374795918637311e-01	5.414530273913900071e-01	5.321043310099250467e-01	7.124364418203490423e-01	2.994374795918637311e-01	2.994374795918637311e-01	2.994374795918637311e-01	7.098010587673180272e-01	2.994374795918637311e-01	6.094005051855200250e-01	6.289410212021220303e-01	2.994374795918637311e-01	5.549333482346460178e-01	5.244919203753509729e-01	4.888826752756940119e-01	2.994374795918637311e-01	2.994374795918637311e-01	2.994374795918637311e-01	2.994374795918637311e-01	2.994374795918637311e-01	2.994374795918637311e-01	2.994374795918637311e-01	5.183499745477579967e-01	2.994374795918637311e-01	2.994374795918637311e-01	2.994374795918637311e-01	6.463644386327099811e-01	6.752623602221079491e-01	2.994374795918637311e-01	5.830519231990319851e-01	2.994374795918637311e-01	6.931053308916950151e-01	2.994374795918637311e-01	2.994374795918637311e-01	6.978751633686800515e-01	2.994374795918637311e-01	2.994374795918637311e-01	2.994374795918637311e-01	8.208719011379229658e-01	6.381449482487120406e-01	2.994374795918637311e-01	6.990501725907930508e-01	2.994374795918637311e-01	2.994374795918637311e-01
6.756050661858690187e-01	2.994374795918637311e-01	2.994374795918637311e-01	9.999999999998909761e-01	2.994374795918637311e-01	6.234730538663539878e-01	2.994374795918637311e-01	2.994374795918637311e-01	2.994374795918637311e-01	2.994374795918637311e-01	2.994374795918637311e-01	2.994374795918637311e-01	2.994374795918637311e-01	2.994374795918637311e-01	2.994374795918637311e-01	6.869445041337329805e-01	5.506668889511939780e-01	6.996987659335159870e-01	6.810467220198710425e-01	2.994374795918637311e-01	2.994374795918637311e-01	2.994374795918637311e-01	2.994374795918637311e-01	2.994374795918637311e-01	6.617433922962070447e-01	6.639547656290289979e-01	7.150000419305739818e-01	2.994374795918637311e-01	2.994374795918637311e-01	2.994374795918637311e-01	2.994374795918637311e-01	2.994374795918637311e-01	6.725923050297899497e-01	2.994374795918637311e-01	2.994374795918637311e-01	2.994374795918637311e-01	2.994374795918637311e-01	7.124336610702189931e-01	2.994374795918637311e-01	6.900953412241780383e-01	4.709715007852530166e-01	2.994374795918637311e-01	6.485987613142000230e-01	5.494799578059520462e-01	7.131961188177340372e-01	5.846411224165829479e-01	2.994374795918637311e-01	2.994374795918637311e-01	2.994374795918637311e-01	6.389682255984630022e-01	2.994374795918637311e-01	6.789012444335249530e-01	2.994374795918637311e-01	5.007251098687020008e-01	2.994374795918637311e-01	2.994374795918637311e-01	2.994374795918637311e-01	6.028513520505800471e-01	5.836477208707959718e-01	2.994374795918637311e-01	2.994374795918637311e-01	2.994374795918637311e-01	2.994374795918637311e-01	5.393378969996980299e-01	2.994374795918637311e-01	7.150936944159459463e-01	6.631170246887020392e-01	2.994374795918637311e-01	2.994374795918637311e-01	2.994374795918637311e-01	2.994374795918637311e-01	5.175680255597070456e-01	6.586389836541199916e-01	2.994374795918637311e-01	2.994374795918637311e-01	2.994374795918637311e-01	6.427549981850639860e-01	6.952560452981240147e-01	2.994374795918637311e-01	6.711770452148170252e-01	6.478052726918990256e-01	5.424780423542170382e-01	5.445978862969740319e-01	5.698048753317770387e-01	2.994374795918637311e-01	2.994374795918637311e-01	2.994374795918637311e-01	2.994374795918637311e-01	6.978368450177410143e-01	6.762542395739069567e-01	6.929100520398390195e-01	2.994374795918637311e-01	5.081969293560639755e-01	5.051555902572729684e-01	5.280844110502029842e-01	2.994374795918637311e-01	6.996236409167280179e-01	5.288926255446420033e-01	6.551936493297909614e-01	2.994374795918637311e-01	2.994374795918637311e-01	2.994374795918637311e-01	4.959177672044419727e-01	6.113654303144570035e-01	2.994374795918637311e-01	2.994374795918637311e-01	2.994374795918637311e-01	6.279980376492190208e-01	2.994374795918637311e-01	2.994374795918637311e-01	2.994374795918637311e-01	2.994374795918637311e-01	2.994374795918637311e-01	2.994374795918637311e-01	6.726839746334579706e-01	6.766222267155620473e-01	2.994374795918637311e-01	6.749024366978689793e-01	2.994374795918637311e-01	6.040976107654619787e-01	6.836844869699779670e-01	2.994374795918637311e-01	6.418782015262169960e-01	2.994374795918637311e-01
2.994374795918637311e-01	6.508885596808370311e-01	6.449772651618730368e-01	2.994374795918637311e-01	9.999999999998619993e-01	2.994374795918637311e-01	2.994374795918637311e-01	6.695872242941529606e-01	6.630942825862550238e-01	6.971560632035790350e-01	2.994374795918637311e-01	2.994374795918637311e-01	6.451939633688930087e-01	2.994374795918637311e-01	1.000000000000000021e-03	6.456441486034739663e-01	4.925379472904909961e-01	2.994374795918637311e-01	5.964313368776690272e-01	7.509951651462709599e-01	2.994374795918637311e-01	2.994374795918637311e-01	2.994374795918637311e-01	2.994374795918637311e-01	6.819346747066989955e-01	2.994374795918637311e-01	6.461695295075200463e-01	2.994374795918637311e-01	2.994374795918637311e-01	5.105555822498260010e-01	6.365297621579619758e-01	2.994374795918637311e-01	2.994374795918637311e-01	2.994374795918637311e-01	2.994374795918637311e-01	2.994374795918637311e-01	2.994374795918637311e-01	2.994374795918637311e-01	2.994374795918637311e-01	2.994374795918637311e-01	4.540232463046560141e-01	2.994374795918637311e-01	2.994374795918637311e-01	2.994374795918637311e-01	6.358611116473199543e-01	5.460595799897870473e-01	4.899046473192190110e-01	2.994374795918637311e-01	2.994374795918637311e-01	2.994374795918637311e-01	6.399455151696979982e-01	5.931873759407899627e-01	5.752678362799690248e-01	2.994374795918637311e-01	2.994374795918637311e-01	2.994374795918637311e-01	5.075919202458869517e-01	5.664500605744839934e-01	2.994374795918637311e-01	4.763342641292390156e-01	2.994374795918637311e-01	2.994374795918637311e-01	7.173913366664490532e-01	2.994374795918637311e-01	2.994374795918637311e-01	6.299673867733850408e-01	2.994374795918637311e-01	2.994374795918637311e-01	5.707745005966889940e-01	2.994374795918637311e-01	2.994374795918637311e-01	4.922931745084149768e-01	6.136884187478820474e-01	6.495586510328870133e-01	2.994374795918637311e-01	2.994374795918637311e-01	6.986293275533069780e-01	6.547726641212679999e-01	2.994374795918637311e-01	2.994374795918637311e-01	7.098458088071040173e-01	5.184044311950160022e-01	2.994374795918637311e-01	5.429910178991920189e-01	2.994374795918637311e-01	4.669910148603699795e-01	2.994374795918637311e-01	6.639003786684459785e-01	2.994374795918637311e-01	5.990151082913770519e-01	6.512215005388169997e-01	2.994374795918637311e-01	4.574467990752559832e-01	2.994374795918637311e-01	2.994374795918637311e-01	2.994374795918637311e-01	2.994374795918637311e-01	2.994374795918637311e-01	2.994374795918637311e-01	2.994374795918637311e-01	2.994374795918637311e-01	2.994374795918637311e-01	4.661357708094450158e-01	2.994374795918637311e-01	2.994374795918637311e-01	5.200293804150259991e-01	6.721015074225790142e-01	5.548354982602560215e-01	5.698306699304559464e-01	2.994374795918637311e-01	2.994374795918637311e-01	5.872577721406240236e-01	2.994374795918637311e-01	2.994374795918637311e-01	2.994374795918637311e-01	2.994374795918637311e-01	2.994374795918637311e-01	2.994374795918637311e-01	2.994374795918637311e-01	2.994374795918637311e-01	2.994374795918637311e-01	2.994374795918637311e-01	6.540526284814079938e-01	6.925332355602540346e-01
7.182895091636369855e-01	6.359360202027120046e-01	7.273863468542980382e-01	6.234730538663539878e-01	2.994374795918637311e-01	1.000000000000029976e+00	6.858354896413679791e-01	2.994374795918637311e-01	2.994374795918637311e-01	2.994374795918637311e-01	2.994374795918637311e-01	5.180393876687670041e-01	6.673456968430230285e-01	2.994374795918637311e-01	1.000000000000000021e-03	2.994374795918637311e-01	6.525992348582380087e-01	2.994374795918637311e-01	2.994374795918637311e-01	2.994374795918637311e-01	2.994374795918637311e-01	4.414999539049029864e-01	2.994374795918637311e-01	2.994374795918637311e-01	2.994374795918637311e-01	2.994374795918637311e-01	6.202859375902359806e-01	2.994374795918637311e-01	2.994374795918637311e-01	6.470517515742459924e-01	6.434931284203669888e-01	6.660445410841779879e-01	2.994374795918637311e-01	7.727350764902860547e-01	2.994374795918637311e-01	6.453042986394520453e-01	6.088501945199730203e-01	2.994374795918637311e-01	2.994374795918637311e-01	5.639209935373300508e-01	5.546246421247349456e-01	2.994374795918637311e-01	6.618108956265780218e-01	2.994374795918637311e-01	6.904893050868300408e-01	2.994374795918637311e-01	2.994374795918637311e-01	5.943650059758519566e-01	2.994374795918637311e-01	5.733551180571370143e-01	6.902117088171649817e-01	5.651129122920000025e-01	5.647728323962070140e-01	5.030311525203879919e-01	5.824933870367630107e-01	7.026341256014060344e-01	4.269054730775440065e-01	2.994374795918637311e-01	5.757233540716349962e-01	4.457169501586670246e-01	2.994374795918637311e-01	2.994374795918637311e-01	2.994374795918637311e-01	5.520842620122929922e-01	2.994374795918637311e-01	5.752058992427260264e-01	2.994374795918637311e-01	2.994374795918637311e-01	2.994374795918637311e-01	5.060092616747150496e-01	5.213106777990900165e-01	2.994374795918637311e-01	2.994374795918637311e-01	2.994374795918637311e-01	6.787953349074929976e-01	4.318265140153519921e-01	2.994374795918637311e-01	6.436467039564499615e-01	2.994374795918637311e-01	2.994374795918637311e-01	2.994374795918637311e-01	2.994374795918637311e-01	2.994374795918637311e-01	6.736766652575979508e-01	5.442153537338200175e-01	5.562025606898349794e-01	2.994374795918637311e-01	2.994374795918637311e-01	7.026895759709299583e-01	2.994374795918637311e-01	2.994374795918637311e-01	2.994374795918637311e-01	2.994374795918637311e-01	2.994374795918637311e-01	2.994374795918637311e-01	2.994374795918637311e-01	6.521563353061260448e-01	2.994374795918637311e-01	2.994374795918637311e-01	2.994374795918637311e-01	2.994374795918637311e-01	2.994374795918637311e-01	2.994374795918637311e-01	4.164999841637719857e-01	5.034515741088719798e-01	2.994374795918637311e-01	6.195970748360389857e-01	2.994374795918637311e-01	5.266083881302030534e-01	5.600362963622810275e-01	2.994374795918637311e-01	6.660146114572009779e-01	6.326315263964540359e-01	2.994374795918637311e-01	6.634523015492009845e-01	2.994374795918637311e-01	2.994374795918637311e-01	2.994374795918637311e-01	7.083402078323970397e-01	6.076412476941870366e-01	6.703837716408590497e-01	2.994374795918637311e-01	6.732020430643920195e-01	6.614168202772490179e-01
7.160582492708049696e-01	6.649072484889539947e-01	2.994374795918637311e-01	2.994374795918637311e-01	2.994374795918637311e-01	6.858354896413679791e-01	1.000000000000039968e+00	2.994374795918637311e-01	2.994374795918637311e-01	2.994374795918637311e-01	2.994374795918637311e-01	2.994374795918637311e-01	6.861256374873859754e-01	5.929734751522329761e-01	2.994374795918637311e-01	6.343845791621529617e-01	5.646993231435529781e-01	6.468997200890740373e-01	2.994374795918637311e-01	6.779583123936490097e-01	2.994374795918637311e-01	2.994374795918637311e-01	7.165426702159719552e-01	6.128078204973369525e-01	2.994374795918637311e-01	2.994374795918637311e-01	2.994374795918637311e-01	7.303101080712259829e-01	4.372013257911789852e-01	2.994374795918637311e-01	2.994374795918637311e-01	2.994374795918637311e-01	2.994374795918637311e-01	7.176451990050629615e-01	2.994374795918637311e-01	2.994374795918637311e-01	5.902067449980969993e-01	2.994374795918637311e-01	5.599118959135429563e-01	6.269910172638949453e-01	5.141760923007330231e-01	7.236061330554000026e-01	6.442410056986890288e-01	5.471862864191759934e-01	2.994374795918637311e-01	5.992396380310209825e-01	5.277997147991240201e-01	2.994374795918637311e-01	2.994374795918637311e-01	2.994374795918637311e-01	2.994374795918637311e-01	2.994374795918637311e-01	2.994374795918637311e-01	2.994374795918637311e-01	5.826162233405940416e-01	6.639905235205959544e-01	2.994374795918637311e-01	5.202954781968099907e-01	2.994374795918637311e-01	4.799550047540470099e-01	2.994374795918637311e-01	2.994374795918637311e-01	2.994374795918637311e-01	2.994374795918637311e-01	2.994374795918637311e-01	2.994374795918637311e-01	2.994374795918637311e-01	2.994374795918637311e-01	2.994374795918637311e-01	4.764386984473020226e-01	5.459734516165239970e-01	5.357601631502370010e-01	6.423587130032519799e-01	2.994374795918637311e-01	6.579597245370280012e-01	2.994374795918637311e-01	2.994374795918637311e-01	2.994374795918637311e-01	2.994374795918637311e-01	6.438879680405199535e-01	7.525470749176249585e-01	2.994374795918637311e-01	2.994374795918637311e-01	6.216572166607670091e-01	5.137481133604440142e-01	5.230013450338359959e-01	5.971850537947359649e-01	2.994374795918637311e-01	7.177277802575720012e-01	5.928137589879159952e-01	2.994374795918637311e-01	6.405694621676359946e-01	2.994374795918637311e-01	2.994374795918637311e-01	5.084590660272939600e-01	2.994374795918637311e-01	6.751492483199580397e-01	2.994374795918637311e-01	6.105293947842840296e-01	2.994374795918637311e-01	6.936597373309809633e-01	5.151144062199709550e-01	4.954126614225879965e-01	5.026499423993799898e-01	2.994374795918637311e-01	2.994374795918637311e-01	2.994374795918637311e-01	6.030855177876509599e-01	2.994374795918637311e-01	5.457387060550219493e-01	6.616422575899879588e-01	6.436290334029389770e-01	2.994374795918637311e-01	2.994374795918637311e-01	2.994374795918637311e-01	2.994374795918637311e-01	2.994374795918637311e-01	7.085396403538789523e-01	2.994374795918637311e-01	2.994374795918637311e-01	7.213391123880119604e-01	7.049344031769579910e-01	6.891766486133089620e-01	2.994374795918637311e-01
2.994374795918637311e-01	2.994374795918637311e-01	6.748868575157069838e-01	2.994374795918637311e-01	6.695872242941529606e-01	2.994374795918637311e-01	2.994374795918637311e-01	9.999999999999440448e-01	2.994374795918637311e-01	6.254347949189510425e-01	2.994374795918637311e-01	5.779995454602899763e-01	6.409817742196419754e-01	2.994374795918637311e-01	2.994374795918637311e-01	2.994374795918637311e-01	2.994374795918637311e-01	2.994374795918637311e-01	5.536617079367009975e-01	2.994374795918637311e-01	6.092643478798640544e-01	2.994374795918637311e-01	2.994374795918637311e-01	2.994374795918637311e-01	6.946323776145070239e-01	6.832600496515639499e-01	2.994374795918637311e-01	2.994374795918637311e-01	2.994374795918637311e-01	2.994374795918637311e-01	6.257932249115090162e-01	2.994374795918637311e-01	2.994374795918637311e-01	2.994374795918637311e-01	5.147339037860769739e-01	6.189687915034209897e-01	5.608806265903270027e-01	2.994374795918637311e-01	5.311828762408340454e-01	5.556192700375139903e-01	4.974268800476530084e-01	6.978532339347309765e-01	2.994374795918637311e-01	2.994374795918637311e-01	6.411111486155589567e-01	5.787198431937380372e-01	2.994374795918637311e-01	5.440347172169279766e-01	2.994374795918637311e-01	2.994374795918637311e-01	2.994374795918637311e-01	2.994374795918637311e-01	5.390334973191209800e-01	2.994374795918637311e-01	2.994374795918637311e-01	2.994374795918637311e-01	2.994374795918637311e-01	4.531841426054429856e-01	5.219850665597930428e-01	4.250084744347559784e-01	5.822811277214819947e-01	2.994374795918637311e-01	6.924337612690200094e-01	4.978703500617390199e-01	2.994374795918637311e-01	2.994374795918637311e-01	5.810064590758380332e-01	5.548464068831610030e-01	5.191777769287020394e-01	4.561818832235159937e-01	2.994374795918637311e-01	2.994374795918637311e-01	2.994374795918637311e-01	6.307950971455630329e-01	2.994374795918637311e-01	2.994374795918637311e-01	2.994374795918637311e-01	2.994374795918637311e-01	2.994374795918637311e-01	5.928067446194750234e-01	2.994374795918637311e-01	4.875577261177819755e-01	4.703651591499670159e-01	2.994374795918637311e-01	2.994374795918637311e-01	5.074752232759359716e-01	2.994374795918637311e-01	2.994374795918637311e-01	2.994374795918637311e-01	2.994374795918637311e-01	5.783501547360060391e-01	5.960048991057640411e-01	4.679739449336040025e-01	4.583759064145370155e-01	2.994374795918637311e-01	2.994374795918637311e-01	6.438042813768849459e-01	2.994374795918637311e-01	5.458691665662219750e-01	2.994374795918637311e-01	6.971573742629929571e-01	4.854636116165090276e-01	2.994374795918637311e-01	2.994374795918637311e-01	2.994374795918637311e-01	4.916848010868939967e-01	2.994374795918637311e-01	2.994374795918637311e-01	5.095692971851379927e-01	5.100501245785880045e-01	6.217701506174010406e-01	2.994374795918637311e-01	2.994374795918637311e-01	2.994374795918637311e-01	6.325292931069790292e-01	2.994374795918637311e-01	2.994374795918637311e-01	2.994374795918637311e-01	2.994374795918637311e-01	2.994374795918637311e-01	6.706015655762199712e-01	2.994374795918637311e-01	2.994374795918637311e-01	6.459285131021600401e-01
2.994374795918637311e-01	6.404757611110399873e-01	2.994374795918637311e-01	2.994374795918637311e-01	6.630942825862550238e-01	2.994374795918637311e-01	2.994374795918637311e-01	2.994374795918637311e-01	1.000000000000190070e+00	2.994374795918637311e-01	2.994374795918637311e-01	5.372163587217889669e-01	6.787701784904850433e-01	6.098400546068090122e-01	1.000000000000000021e-03	6.293216964559029680e-01	6.495675037971949672e-01	2.994374795918637311e-01	2.994374795918637311e-01	2.994374795918637311e-01	2.994374795918637311e-01	2.994374795918637311e-01	2.994374795918637311e-01	5.770811054162360287e-01	2.994374795918637311e-01	6.990064168649939846e-01	6.074577208976169596e-01	6.951720897879339889e-01	3.503281431406150004e-01	2.994374795918637311e-01	2.994374795918637311e-01	6.348034190633610185e-01	6.854071311297470492e-01	2.994374795918637311e-01	5.725247643347759485e-01	2.994374795918637311e-01	6.161455839445979521e-01	6.273978097144540245e-01	2.994374795918637311e-01	5.574521827251449624e-01	2.994374795918637311e-01	2.994374795918637311e-01	7.030565909539430169e-01	2.994374795918637311e-01	2.994374795918637311e-01	2.994374795918637311e-01	5.454031831006630471e-01	6.088142589599819798e-01	5.923929084664929512e-01	2.994374795918637311e-01	7.111554267712459909e-01	5.521364324343099872e-01	5.732871524969249677e-01	2.994374795918637311e-01	2.994374795918637311e-01	6.988711771097180225e-01	4.341186173712029972e-01	4.364003339222840006e-01	2.994374795918637311e-01	4.507586740254029833e-01	5.630301622583999688e-01	5.769885605194210454e-01	2.994374795918637311e-01	5.563510612512559961e-01	5.404916027371110543e-01	2.994374795918637311e-01	2.994374795918637311e-01	6.073568453844679915e-01	5.443393221214499755e-01	2.994374795918637311e-01	2.994374795918637311e-01	5.500334338134380552e-01	2.994374795918637311e-01	2.994374795918637311e-01	6.550827406964040422e-01	4.304655538398139969e-01	2.994374795918637311e-01	2.994374795918637311e-01	2.994374795918637311e-01	6.232075573615090125e-01	2.994374795918637311e-01	5.135695861309610422e-01	2.994374795918637311e-01	2.994374795918637311e-01	2.994374795918637311e-01	2.994374795918637311e-01	2.994374795918637311e-01	6.521084157516929825e-01	2.994374795918637311e-01	2.994374795918637311e-01	2.994374795918637311e-01	2.994374795918637311e-01	5.367357123551039777e-01	2.994374795918637311e-01	2.994374795918637311e-01	2.994374795918637311e-01	2.994374795918637311e-01	2.994374795918637311e-01	5.772984669501799448e-01	2.994374795918637311e-01	7.041182094698249516e-01	5.561368526297509884e-01	2.994374795918637311e-01	4.201495853884770204e-01	2.994374795918637311e-01	5.181044669790350055e-01	2.994374795918637311e-01	6.793928947020909659e-01	2.994374795918637311e-01	2.994374795918637311e-01	2.994374795918637311e-01	7.026268513261150206e-01	6.533015944794540175e-01	2.994374795918637311e-01	2.994374795918637311e-01	6.891395235677719722e-01	6.867010116752400029e-01	6.922239900140869651e-01	2.994374795918637311e-01	2.994374795918637311e-01	2.994374795918637311e-01	6.664507660764129593e-01	6.847648428563619660e-01	6.538854420159130321e-01
6.460194761237160188e-01	2.994374795918637311e-01	2.994374795918637311e-01	2.994374795918637311e-01	6.971560632035790350e-01	2.994374795918637311e-01	2.994374795918637311e-01	6.254347949189510425e-01	2.994374795918637311e-01	1.000000000000099920e+00	2.994374795918637311e-01	6.312712354370779710e-01	2.994374795918637311e-01	2.994374795918637311e-01	1.000000000000000021e-03	2.994374795918637311e-01	4.710456829492989939e-01	2.994374795918637311e-01	2.994374795918637311e-01	2.994374795918637311e-01	5.573819874508819661e-01	2.994374795918637311e-01	6.495934002229549753e-01	2.994374795918637311e-01	6.383013578805849519e-01	2.994374795918637311e-01	6.364359194061069980e-01	6.300386748169709561e-01	4.978366221436649752e-01	4.886474303025929999e-01	6.174425799511199520e-01	2.994374795918637311e-01	2.994374795918637311e-01	2.994374795918637311e-01	5.141892703694369571e-01	2.994374795918637311e-01	2.994374795918637311e-01	2.994374795918637311e-01	2.994374795918637311e-01	2.994374795918637311e-01	2.994374795918637311e-01	6.228664023053539500e-01	2.994374795918637311e-01	5.145957642873609794e-01	2.994374795918637311e-01	2.994374795918637311e-01	5.185357399032669568e-01	2.994374795918637311e-01	2.994374795918637311e-01	6.594551899725099586e-01	2.994374795918637311e-01	5.927004876517230070e-01	6.167468218825400417e-01	4.849287314737190102e-01	5.402695822865180020e-01	5.785609649348270045e-01	5.504921805556239889e-01	5.671195511885209761e-01	2.994374795918637311e-01	2.994374795918637311e-01	2.994374795918637311e-01	5.734179234919829504e-01	6.502563699384950047e-01	2.994374795918637311e-01	4.650274081909829826e-01	2.994374795918637311e-01	5.447747964978300050e-01	5.757130321390220296e-01	5.728708249120939566e-01	4.301900261178889795e-01	2.994374795918637311e-01	4.802083771928850053e-01	2.994374795918637311e-01	6.352214839705170313e-01	2.994374795918637311e-01	2.994374795918637311e-01	6.220326446913450047e-01	2.994374795918637311e-01	2.994374795918637311e-01	2.994374795918637311e-01	6.299189913076429503e-01	2.994374795918637311e-01	2.994374795918637311e-01	2.994374795918637311e-01	2.994374795918637311e-01	4.449940576112380031e-01	2.994374795918637311e-01	2.994374795918637311e-01	2.994374795918637311e-01	2.994374795918637311e-01	2.994374795918637311e-01	5.637051443513539928e-01	2.994374795918637311e-01	5.096195470290859619e-01	4.993198963869350249e-01	2.994374795918637311e-01	6.405247049988449515e-01	5.338882408566709703e-01	5.789940275597630359e-01	2.994374795918637311e-01	6.473219803269359973e-01	4.763509524629829794e-01	4.801483069562649808e-01	5.470967825049579680e-01	2.994374795918637311e-01	2.994374795918637311e-01	2.994374795918637311e-01	2.994374795918637311e-01	5.672293262376719714e-01	2.994374795918637311e-01	2.994374795918637311e-01	2.994374795918637311e-01	5.749662933865610226e-01	2.994374795918637311e-01	6.090068687534729852e-01	2.994374795918637311e-01	6.440957045661439562e-01	2.994374795918637311e-01	6.405065297110179579e-01	6.249647395393700400e-01	2.994374795918637311e-01	6.512643737838109681e-01	2.994374795918637311e-01	2.994374795918637311e-01
2.994374795918637311e-01	6.601536784695339888e-01	6.282590334297200041e-01	2.994374795918637311e-01	2.994374795918637311e-01	2.994374795918637311e-01	2.994374795918637311e-01	2.994374795918637311e-01	2.994374795918637311e-01	2.994374795918637311e-01	9.999999999999870104e-01	2.994374795918637311e-01	2.994374795918637311e-01	2.994374795918637311e-01	1.000000000000000021e-03	2.994374795918637311e-01	2.994374795918637311e-01	2.994374795918637311e-01	5.992294989466590005e-01	7.217568749153490115e-01	5.433345143848420378e-01	2.994374795918637311e-01	6.738338282998269646e-01	2.994374795918637311e-01	2.994374795918637311e-01	2.994374795918637311e-01	2.994374795918637311e-01	2.994374795918637311e-01	5.263950942630940544e-01	4.803248756019760091e-01	2.994374795918637311e-01	2.994374795918637311e-01	5.790070372362999818e-01	6.614635895315990055e-01	4.985218129129709852e-01	6.582593416215719584e-01	2.994374795918637311e-01	6.729636653927989487e-01	2.994374795918637311e-01	2.994374795918637311e-01	2.994374795918637311e-01	2.994374795918637311e-01	2.994374795918637311e-01	5.215821857175559906e-01	2.994374795918637311e-01	5.204570196922280179e-01	2.994374795918637311e-01	5.132826935130709867e-01	6.576975439661599809e-01	6.305741747468810443e-01	2.994374795918637311e-01	6.006862094697229537e-01	2.994374795918637311e-01	2.994374795918637311e-01	2.994374795918637311e-01	5.747714783892230450e-01	2.994374795918637311e-01	5.953950426426379838e-01	5.288366716643549958e-01	4.845306601037889793e-01	2.994374795918637311e-01	5.773896512143570359e-01	6.909032856575429982e-01	4.939001696041580014e-01	4.345384026786440201e-01	2.994374795918637311e-01	2.994374795918637311e-01	5.607627554866809749e-01	2.994374795918637311e-01	4.120266545913380263e-01	2.994374795918637311e-01	2.994374795918637311e-01	6.045965463883149482e-01	2.994374795918637311e-01	2.994374795918637311e-01	5.599511174176959871e-01	6.675610975102279632e-01	6.377046843991639458e-01	2.994374795918637311e-01	6.089717107539239782e-01	7.009220590554029462e-01	2.994374795918637311e-01	4.994984613518029803e-01	2.994374795918637311e-01	2.994374795918637311e-01	4.447504613059469758e-01	2.994374795918637311e-01	2.994374795918637311e-01	2.994374795918637311e-01	6.134901725813890483e-01	2.994374795918637311e-01	5.594190564868130044e-01	4.532265105615180256e-01	2.994374795918637311e-01	5.174519748736570168e-01	5.789404366328549933e-01	6.530670978098720436e-01	2.994374795918637311e-01	2.994374795918637311e-01	6.806738378843659731e-01	2.994374795918637311e-01	4.557869375353679753e-01	2.994374795918637311e-01	5.715611226925160215e-01	2.994374795918637311e-01	5.568051227735479891e-01	6.554696498764279733e-01	5.405807080067259740e-01	2.994374795918637311e-01	2.994374795918637311e-01	2.994374795918637311e-01	5.697422016568060021e-01	2.994374795918637311e-01	6.528649290154520113e-01	6.268223322061049485e-01	2.994374795918637311e-01	2.994374795918637311e-01	2.994374795918637311e-01	2.994374795918637311e-01	2.994374795918637311e-01	6.972737920860320182e-01	6.989526453030779907e-01	2.994374795918637311e-01	2.994374795918637311e-01
2.994374795918637311e-01	6.045841637771549593e-01	5.660309450000009512e-01	2.994374795918637311e-01	2.994374795918637311e-01	5.180393876687670041e-01	2.994374795918637311e-01	5.779995454602899763e-01	5.372163587217889669e-01	6.312712354370779710e-01	2.994374795918637311e-01	1.000000000000059952e+00	2.994374795918637311e-01	2.994374795918637311e-01	2.994374795918637311e-01	5.616186416333339704e-01	2.994374795918637311e-01	5.256207338623130054e-01	5.621299747583810014e-01	2.994374795918637311e-01	2.994374795918637311e-01	5.787589127048320403e-01	2.994374795918637311e-01	5.963225299754020270e-01	5.960946135906509680e-01	6.438825970532020548e-01	2.994374795918637311e-01	2.994374795918637311e-01	2.994374795918637311e-01	2.994374795918637311e-01	2.994374795918637311e-01	5.434159496924010346e-01	2.994374795918637311e-01	2.994374795918637311e-01	2.994374795918637311e-01	5.880583430234630482e-01	2.994374795918637311e-01	2.994374795918637311e-01	2.994374795918637311e-01	2.994374795918637311e-01	2.994374795918637311e-01	2.994374795918637311e-01	5.053624479876710485e-01	5.074484879460979814e-01	2.994374795918637311e-01	2.994374795918637311e-01	4.618349396851649802e-01	2.994374795918637311e-01	5.886456793744540006e-01	2.994374795918637311e-01	5.998176685173080003e-01	2.994374795918637311e-01	2.994374795918637311e-01	2.994374795918637311e-01	2.994374795918637311e-01	2.994374795918637311e-01	5.244306270000189674e-01	5.888456508996949834e-01	2.994374795918637311e-01	2.994374795918637311e-01	6.673184553318339818e-01	2.994374795918637311e-01	2.994374795918637311e-01	2.994374795918637311e-01	3.833067678491219876e-01	5.894488587201159868e-01	4.977161318303919835e-01	2.994374795918637311e-01	2.994374795918637311e-01	2.994374795918637311e-01	5.135421407734760413e-01	2.994374795918637311e-01	2.994374795918637311e-01	6.011868806355610273e-01	5.594067875670699630e-01	2.994374795918637311e-01	2.994374795918637311e-01	6.090194180614989516e-01	2.994374795918637311e-01	2.994374795918637311e-01	6.214243894383649769e-01	5.056541829513500064e-01	4.494140369892509757e-01	2.994374795918637311e-01	4.172792191790359873e-01	4.126688547788759931e-01	5.406095483484639752e-01	6.250855322364109457e-01	6.426156295357939863e-01	5.679730994686900125e-01	6.156026614223889526e-01	2.994374795918637311e-01	2.994374795918637311e-01	4.611378605542790221e-01	5.165450778003269905e-01	5.315163541661399593e-01	5.929691640189069801e-01	2.994374795918637311e-01	2.994374795918637311e-01	6.036449499092549908e-01	6.044204892349059888e-01	2.994374795918637311e-01	2.994374795918637311e-01	5.632494913935289782e-01	3.947423926369280078e-01	4.969854320437370188e-01	6.364879612431549871e-01	2.994374795918637311e-01	5.501814283167789643e-01	2.994374795918637311e-01	6.128545587330550548e-01	2.994374795918637311e-01	2.994374795918637311e-01	6.404233499220020054e-01	2.994374795918637311e-01	6.180594186430710124e-01	2.994374795918637311e-01	2.994374795918637311e-01	6.230986389978240281e-01	2.994374795918637311e-01	7.200136261615039945e-01	7.361537863981010288e-01	2.994374795918637311e-01	2.994374795918637311e-01
