1.000000000000000000e+00	6.643605897172359942e-01	5.992234307865389464e-01	3.878459190935449885e-01	2.705557093945850089e-01	5.944042223933539981e-01	3.878459190935449885e-01	4.416292324044169826e-01	3.878459190935449885e-01	3.619680741360890019e-01	3.878459190935449885e-01	6.118843959045180414e-01	6.473559338504519811e-01	5.505991105505300132e-01	4.510668796258510138e-01	7.267922101633700338e-01	6.702367357443700380e-01	3.878459190935449885e-01	3.878459190935449885e-01	5.374357703196930292e-01	5.471869251853860305e-01	3.878459190935449885e-01	3.878459190935449885e-01	3.878459190935449885e-01	4.873338260543039757e-01	5.215599804397339501e-01	3.878459190935449885e-01	2.469898658061679964e-01	3.878459190935449885e-01	3.878459190935449885e-01	3.878459190935449885e-01	3.878459190935449885e-01	3.878459190935449885e-01	3.878459190935449885e-01	6.685696156873960350e-01	5.334324482684470459e-01	3.878459190935449885e-01	6.262132104145510247e-01	3.878459190935449885e-01	3.878459190935449885e-01	6.621415372937889954e-01	5.181218723220040179e-01	5.545577690434729812e-01	3.878459190935449885e-01	3.878459190935449885e-01	6.358042405432180466e-01	3.884020665298720254e-01	5.356100072818630320e-01	3.878459190935449885e-01	3.878459190935449885e-01	3.878459190935449885e-01	3.878459190935449885e-01	3.878459190935449885e-01	3.878459190935449885e-01	3.878459190935449885e-01	6.326554070171199751e-01	5.693510540973779621e-01	6.605757352756860268e-01	3.878459190935449885e-01	5.491068383182859947e-01	3.878459190935449885e-01	3.878459190935449885e-01	3.878459190935449885e-01	3.878459190935449885e-01	3.592454993321930190e-01	3.878459190935449885e-01	3.878459190935449885e-01	3.878459190935449885e-01	6.106914757990650200e-01	3.878459190935449885e-01	6.594047666598119584e-01	3.878459190935449885e-01	3.878459190935449885e-01	6.461217143003969987e-01	5.498624735247600315e-01	5.823574936563939985e-01	3.878459190935449885e-01	3.878459190935449885e-01	3.878459190935449885e-01	6.034094062551970117e-01	4.557371592680349859e-01	3.878459190935449885e-01	3.878459190935449885e-01	3.878459190935449885e-01	3.878459190935449885e-01	3.878459190935449885e-01	3.878459190935449885e-01	5.701718525537979865e-01	3.878459190935449885e-01	8.183096169243550544e-03	3.878459190935449885e-01	3.878459190935449885e-01	3.878459190935449885e-01	5.427492994290790129e-01	3.878459190935449885e-01	5.590280448171000005e-01	3.878459190935449885e-01	3.878459190935449885e-01	3.878459190935449885e-01	6.256389567866400547e-01	2.890616871320499937e-01	3.878459190935449885e-01	3.878459190935449885e-01	3.878459190935449885e-01	3.878459190935449885e-01	3.878459190935449885e-01	3.878459190935449885e-01	3.878459190935449885e-01	7.042602379812900049e-01	5.837818192487580493e-01	3.878459190935449885e-01	4.718022211915229858e-01	5.531385282390699487e-01	6.822266276716010269e-01	3.878459190935449885e-01	6.531555362483060234e-01	6.644593120852040347e-01	6.554220291053669545e-01	3.878459190935449885e-01	3.878459190935449885e-01	6.343446232613819680e-01	3.878459190935449885e-01	3.878459190935449885e-01	3.878459190935449885e-01
6.643605897172359942e-01	1.000000000000000000e+00	3.878459190935449885e-01	3.878459190935449885e-01	3.878459190935449885e-01	3.878459190935449885e-01	4.953441670989079948e-01	3.878459190935449885e-01	3.301248752797409924e-01	3.878459190935449885e-01	5.860302371190909687e-01	3.878459190935449885e-01	6.329264976908840490e-01	3.878459190935449885e-01	4.427135915553970236e-01	7.031595794967390178e-01	3.878459190935449885e-01	5.844604221597640148e-01	6.647180232023269797e-01	3.878459190935449885e-01	3.878459190935449885e-01	3.878459190935449885e-01	3.878459190935449885e-01	3.878459190935449885e-01	3.878459190935449885e-01	3.878459190935449885e-01	3.878459190935449885e-01	3.878459190935449885e-01	3.878459190935449885e-01	4.916383792546940024e-01	3.878459190935449885e-01	6.733219758525369469e-01	6.878311785811880297e-01	2.797293430202080211e-01	6.546565590584559891e-01	5.238988054946730477e-01	3.878459190935449885e-01	3.878459190935449885e-01	3.427507006668450290e-02	3.878459190935449885e-01	3.878459190935449885e-01	5.066252933424050253e-01	5.467368940947030520e-01	1.273384708997929993e-01	3.878459190935449885e-01	6.146755516192019542e-01	3.765619918578960168e-01	5.276562784841070108e-01	3.878459190935449885e-01	3.878459190935449885e-01	5.115564927111569959e-01	5.464317483834130185e-01	6.117123769316690218e-01	6.226429057658260380e-01	1.322606961065639908e-01	3.878459190935449885e-01	3.878459190935449885e-01	3.878459190935449885e-01	3.878459190935449885e-01	3.878459190935449885e-01	3.878459190935449885e-01	3.230885297705500259e-01	5.447336989190899592e-01	4.336809299432560216e-01	3.504597223241689985e-01	3.236606403384360148e-02	5.832058640623210000e-01	3.878459190935449885e-01	5.991460331079759838e-01	8.269736994876940306e-02	3.878459190935449885e-01	1.804798863358169914e-01	3.878459190935449885e-01	3.878459190935449885e-01	5.375090642001140173e-01	5.654549520079630298e-01	3.878459190935449885e-01	3.878459190935449885e-01	5.288381734363899467e-01	5.929916837880280234e-01	3.878459190935449885e-01	3.878459190935449885e-01	3.878459190935449885e-01	3.878459190935449885e-01	3.878459190935449885e-01	3.878459190935449885e-01	3.878459190935449885e-01	5.630164023741960344e-01	3.878459190935449885e-01	3.878459190935449885e-01	5.832816166008939485e-01	3.878459190935449885e-01	5.585642334227769457e-01	5.318383707751289657e-01	3.878459190935449885e-01	5.474910401514789804e-01	5.484293205564539919e-01	3.878459190935449885e-01	4.083987640704909885e-04	6.112015305870930337e-01	3.878459190935449885e-01	5.461592655921809758e-01	3.878459190935449885e-01	3.878459190935449885e-01	3.878459190935449885e-01	3.878459190935449885e-01	3.878459190935449885e-01	3.878459190935449885e-01	3.878459190935449885e-01	3.878459190935449885e-01	3.878459190935449885e-01	4.609227516602499852e-01	5.383701913289550278e-01	6.706134805885359818e-01	3.878459190935449885e-01	6.409653713929710506e-01	3.878459190935449885e-01	3.878459190935449885e-01	3.878459190935449885e-01	3.878459190935449885e-01	6.123129328997379828e-01	3.878459190935449885e-01	3.878459190935449885e-01	5.256032834339009474e-01
5.992234307865389464e-01	3.878459190935449885e-01	1.000000000000000000e+00	5.434598662609390063e-01	3.878459190935449885e-01	5.327946220145040046e-01	3.878459190935449885e-01	3.878459190935449885e-01	3.049993530143370046e-01	3.878459190935449885e-01	5.392684973750380140e-01	3.878459190935449885e-01	3.878459190935449885e-01	4.865646877912179757e-01	4.029319591344859841e-01	3.878459190935449885e-01	5.994913000648349755e-01	3.878459190935449885e-01	3.878459190935449885e-01	4.819188372848000057e-01	4.864802256810850101e-01	6.034669833367699576e-01	3.878459190935449885e-01	3.878459190935449885e-01	3.878459190935449885e-01	4.618896385448190145e-01	6.513911507251879396e-02	2.239098702255170048e-01	3.878459190935449885e-01	4.539489449504020002e-01	3.878459190935449885e-01	6.144777604660669468e-01	3.878459190935449885e-01	3.878459190935449885e-01	5.983631866153690249e-01	3.878459190935449885e-01	5.137035721518129483e-01	5.588195299238359892e-01	3.223116951641209760e-02	5.379822036612790237e-01	3.878459190935449885e-01	4.652808198223820080e-01	4.990666781295139964e-01	1.159048723642400053e-01	3.878459190935449885e-01	5.626582164803870523e-01	3.878459190935449885e-01	3.878459190935449885e-01	3.878459190935449885e-01	3.878459190935449885e-01	4.690620609209860126e-01	4.947066453837459798e-01	3.878459190935449885e-01	3.878459190935449885e-01	3.878459190935449885e-01	3.878459190935449885e-01	5.101750957255229979e-01	3.878459190935449885e-01	3.878459190935449885e-01	3.878459190935449885e-01	3.878459190935449885e-01	3.005037789438629869e-01	3.878459190935449885e-01	3.998483011965450196e-01	3.204091133452259821e-01	2.983223039821019870e-02	5.355761148352550238e-01	1.254288344722000008e-02	3.878459190935449885e-01	7.637861172065789350e-02	5.858676458826079791e-01	3.878459190935449885e-01	5.963708098159550275e-01	3.878459190935449885e-01	3.878459190935449885e-01	3.878459190935449885e-01	3.878459190935449885e-01	5.511470583101559795e-01	4.928412389878770172e-01	3.878459190935449885e-01	4.116771620286679978e-01	3.878459190935449885e-01	3.012371016981469918e-01	1.111904355236079944e-01	5.053980967515999678e-01	1.193409630370179941e-01	5.337071374738410201e-01	5.102980009153460506e-01	3.878459190935449885e-01	7.976358343059899297e-03	5.312997493758599976e-01	5.618881646407449804e-01	3.878459190935449885e-01	3.878459190935449885e-01	3.878459190935449885e-01	3.878459190935449885e-01	3.878459190935449885e-01	3.878459190935449885e-01	3.878459190935449885e-01	3.878459190935449885e-01	2.605374584868300203e-01	3.878459190935449885e-01	4.800546174423370172e-01	4.126085535176179930e-01	5.645310370137369693e-01	3.878459190935449885e-01	5.484670143301599854e-01	5.155087381359669818e-01	3.878459190935449885e-01	3.878459190935449885e-01	3.878459190935449885e-01	4.176499054660839927e-01	4.878464129365470137e-01	3.878459190935449885e-01	3.878459190935449885e-01	5.843204042632630379e-01	5.889980657520179630e-01	5.904617999904919756e-01	3.878459190935449885e-01	3.878459190935449885e-01	3.878459190935449885e-01	5.787557711916090364e-01	4.864797172634989786e-01	3.878459190935449885e-01
3.878459190935449885e-01	3.878459190935449885e-01	5.434598662609390063e-01	1.000000000000000000e+00	2.507731886764140161e-01	3.878459190935449885e-01	3.878459190935449885e-01	4.016395308064850123e-01	3.041585483142790203e-01	3.245995934777570202e-01	5.380397037776269986e-01	5.501515214365110262e-01	3.878459190935449885e-01	4.941211397350679935e-01	4.124428516084849838e-01	3.878459190935449885e-01	3.878459190935449885e-01	5.381961728407760326e-01	3.878459190935449885e-01	3.878459190935449885e-01	3.878459190935449885e-01	3.878459190935449885e-01	3.878459190935449885e-01	3.878459190935449885e-01	3.878459190935449885e-01	3.878459190935449885e-01	3.878459190935449885e-01	2.319228093921580081e-01	3.878459190935449885e-01	3.878459190935449885e-01	3.878459190935449885e-01	3.878459190935449885e-01	3.878459190935449885e-01	2.667630840232099732e-01	3.878459190935449885e-01	3.878459190935449885e-01	5.170618156469070081e-01	5.649218100778700125e-01	3.878459190935449885e-01	3.878459190935449885e-01	3.878459190935449885e-01	3.878459190935449885e-01	3.878459190935449885e-01	3.878459190935449885e-01	3.878459190935449885e-01	5.671388442647919970e-01	3.461996298896499735e-01	4.938285675944190101e-01	5.194693293327470318e-01	3.878459190935449885e-01	3.878459190935449885e-01	5.024754155937819489e-01	5.576663433789149638e-01	5.768566490312370121e-01	1.215769363268170006e-01	3.878459190935449885e-01	3.878459190935449885e-01	3.878459190935449885e-01	3.878459190935449885e-01	4.938746875617119891e-01	3.878459190935449885e-01	3.016685665008960182e-01	5.000883037192700442e-01	3.878459190935449885e-01	3.235594269266349743e-01	3.031497811283600033e-02	5.397439904774129493e-01	3.878459190935449885e-01	5.502727195606570421e-01	7.784966778389200426e-02	5.916243522099909891e-01	1.698585330874700094e-01	3.878459190935449885e-01	5.787679332721059611e-01	4.966666363370900172e-01	5.215466885755889459e-01	3.878459190935449885e-01	3.878459190935449885e-01	3.878459190935449885e-01	5.450885530663129863e-01	4.187414860421049823e-01	3.878459190935449885e-01	3.878459190935449885e-01	1.173945093681140056e-01	5.048149376227439866e-01	3.878459190935449885e-01	3.878459190935449885e-01	3.878459190935449885e-01	1.000000000000000082e-05	7.847362898518820198e-03	5.317494457895379778e-01	3.878459190935449885e-01	5.134423618357309982e-01	4.873808471788430019e-01	3.878459190935449885e-01	5.089320309453629898e-01	3.878459190935449885e-01	3.878459190935449885e-01	4.080215767672549978e-04	3.878459190935449885e-01	2.645560095806550049e-01	3.878459190935449885e-01	3.878459190935449885e-01	4.099955810431309966e-01	5.681811929207319922e-01	3.878459190935449885e-01	5.589741946844130061e-01	3.878459190935449885e-01	3.878459190935449885e-01	5.213530686635410305e-01	4.781563869172920089e-01	3.878459190935449885e-01	3.878459190935449885e-01	6.144770890484679837e-01	5.964797294309810427e-01	5.857661951460010341e-01	3.878459190935449885e-01	5.910993358230349770e-01	5.981531006387019733e-01	3.878459190935449885e-01	5.708181027770820037e-01	5.864253722147899639e-01	4.899404405198810042e-01	4.780123756624289899e-01
2.705557093945850089e-01	3.878459190935449885e-01	3.878459190935449885e-01	2.507731886764140161e-01	9.999999999999840128e-01	2.412736740331770102e-01	2.103247374952059989e-01	1.901022875138259904e-01	1.457165052532979899e-01	1.582512426071200073e-01	2.476883626698150043e-01	3.878459190935449885e-01	2.634361783213470254e-01	3.878459190935449885e-01	3.878459190935449885e-01	2.888899512550289761e-01	2.746974567967520042e-01	2.468901862172780126e-01	3.878459190935449885e-01	3.878459190935449885e-01	3.878459190935449885e-01	2.723273187934269757e-01	2.265597300532339875e-01	2.764751616840470105e-01	3.878459190935449885e-01	2.202504011141999951e-01	3.878459190935449885e-01	1.149510012631970030e-01	2.477856733174889914e-01	3.878459190935449885e-01	2.241292381533150080e-01	2.802790752748089975e-01	3.878459190935449885e-01	1.263371296537590116e-01	3.878459190935449885e-01	3.878459190935449885e-01	3.878459190935449885e-01	3.878459190935449885e-01	1.731193195994040063e-02	2.496665160151629870e-01	3.878459190935449885e-01	2.183851366482620071e-01	2.234314139779060016e-01	5.830043268590429789e-02	1.638275522815879903e-01	3.878459190935449885e-01	1.668858340829240117e-01	3.878459190935449885e-01	2.362546006454759873e-01	3.878459190935449885e-01	2.155820486785229861e-01	3.878459190935449885e-01	3.878459190935449885e-01	2.609845437678059987e-01	6.275001020804570062e-02	3.878459190935449885e-01	3.878459190935449885e-01	2.679225845825239927e-01	3.878459190935449885e-01	3.878459190935449885e-01	2.414404635354590045e-01	1.457234863025080041e-01	3.878459190935449885e-01	1.857837384886059928e-01	3.878459190935449885e-01	3.878459190935449885e-01	2.490558683598980139e-01	7.480762790290649937e-03	3.878459190935449885e-01	3.878459190935449885e-01	2.704795686667419985e-01	3.878459190935449885e-01	3.878459190935449885e-01	2.606303210523149838e-01	2.258951065641159883e-01	3.878459190935449885e-01	3.878459190935449885e-01	2.506303565198870209e-01	2.230235024970010083e-01	3.878459190935449885e-01	3.878459190935449885e-01	3.878459190935449885e-01	1.436021823903929906e-01	5.738257710158960190e-02	2.251046682929080112e-01	3.878459190935449885e-01	2.435301421722360082e-01	3.878459190935449885e-01	3.878459190935449885e-01	3.878459190935449885e-01	2.413044927223559899e-01	2.544788032248970211e-01	2.379744450662240052e-01	2.251252245942209906e-01	1.109676236832070062e-01	2.292030940912909986e-01	2.292308169013050068e-01	3.878459190935449885e-01	2.962052850325989917e-04	2.560422668547320257e-01	3.878459190935449885e-01	2.238622077733490034e-01	2.248011143467429918e-01	3.878459190935449885e-01	2.574140042441089848e-01	3.878459190935449885e-01	2.552198181662230225e-01	3.878459190935449885e-01	3.878459190935449885e-01	3.878459190935449885e-01	2.194677988944450098e-01	1.970393592104369984e-01	2.232997725698959990e-01	2.779193691781750020e-01	3.878459190935449885e-01	3.878459190935449885e-01	3.878459190935449885e-01	2.664011361511670062e-01	2.671903355502989741e-01	2.386559489755369912e-01	2.578070045783539821e-01	3.878459190935449885e-01	3.878459190935449885e-01	2.158680485168089913e-01
5.944042223933539981e-01	3.878459190935449885e-01	5.327946220145040046e-01	3.878459190935449885e-01	2.412736740331770102e-01	1.000000000000000000e+00	3.878459190935449885e-01	3.976237140312809948e-01	2.980050320412580001e-01	3.878459190935449885e-01	3.878459190935449885e-01	3.878459190935449885e-01	3.878459190935449885e-01	3.878459190935449885e-01	4.057994609789660201e-01	6.349883036790789914e-01	3.878459190935449885e-01	3.878459190935449885e-01	3.878459190935449885e-01	4.763125226050650141e-01	3.878459190935449885e-01	5.984686479429129902e-01	3.878459190935449885e-01	6.031026341971159610e-01	4.412528072069359930e-01	3.878459190935449885e-01	3.878459190935449885e-01	3.878459190935449885e-01	3.878459190935449885e-01	4.533543593560729890e-01	3.878459190935449885e-01	3.878459190935449885e-01	6.209540449149739683e-01	2.576278839336429982e-01	3.878459190935449885e-01	3.878459190935449885e-01	3.878459190935449885e-01	3.878459190935449885e-01	3.878459190935449885e-01	5.370264934020929637e-01	5.840162467234250032e-01	4.591803673147010212e-01	4.902313107133079995e-01	3.878459190935449885e-01	3.878459190935449885e-01	3.878459190935449885e-01	3.371322197901159834e-01	3.878459190935449885e-01	5.077239346414009757e-01	3.878459190935449885e-01	3.878459190935449885e-01	3.878459190935449885e-01	5.466097952897680523e-01	5.699248227034009462e-01	3.878459190935449885e-01	5.602733173339670136e-01	5.049272702997820161e-01	5.840643051794409679e-01	5.962016168279400397e-01	3.878459190935449885e-01	3.878459190935449885e-01	2.946082278401470078e-01	4.932142870074590069e-01	3.878459190935449885e-01	3.131084442040850124e-01	3.878459190935449885e-01	3.878459190935449885e-01	1.243710310825470004e-02	5.396155368750189529e-01	3.878459190935449885e-01	3.878459190935449885e-01	3.878459190935449885e-01	5.937364413156149823e-01	5.662479539766680503e-01	3.878459190935449885e-01	3.878459190935449885e-01	4.999209125159149725e-01	3.878459190935449885e-01	3.878459190935449885e-01	3.878459190935449885e-01	3.878459190935449885e-01	1.268294456283670102e-01	3.057942744079690245e-01	3.878459190935449885e-01	4.957849439625219845e-01	3.878459190935449885e-01	5.275271435304800249e-01	5.084940176272589873e-01	3.878459190935449885e-01	3.878459190935449885e-01	3.878459190935449885e-01	5.605434849199459890e-01	5.034753294201439466e-01	4.876749137444060245e-01	3.878459190935449885e-01	4.941057819670249818e-01	4.943831781945339787e-01	4.996557821900630136e-01	3.900224744325100023e-04	3.878459190935449885e-01	2.563489745597740121e-01	3.878459190935449885e-01	3.878459190935449885e-01	4.028507394190170010e-01	5.649221862505140468e-01	3.878459190935449885e-01	5.415218932618990344e-01	3.878459190935449885e-01	6.203692976581050011e-01	5.129056357139949451e-01	4.674337603397100138e-01	3.878459190935449885e-01	3.878459190935449885e-01	3.878459190935449885e-01	3.878459190935449885e-01	3.878459190935449885e-01	3.878459190935449885e-01	3.878459190935449885e-01	3.878459190935449885e-01	3.878459190935449885e-01	5.590231320484739808e-01	5.720117088875710243e-01	3.878459190935449885e-01	4.688410042758269780e-01
3.878459190935449885e-01	4.953441670989079948e-01	3.878459190935449885e-01	3.878459190935449885e-01	2.103247374952059989e-01	3.878459190935449885e-01	1.000000000000000000e+00	3.878459190935449885e-01	2.646782015387900144e-01	2.745861714893880201e-01	3.878459190935449885e-01	4.572095043258460056e-01	3.878459190935449885e-01	4.139343648381220153e-01	3.878459190935449885e-01	3.878459190935449885e-01	3.878459190935449885e-01	4.522505240061079901e-01	3.878459190935449885e-01	3.878459190935449885e-01	4.068951001176959736e-01	3.878459190935449885e-01	3.878459190935449885e-01	3.878459190935449885e-01	3.708009395946290088e-01	4.001856764871890015e-01	5.724393063857680097e-02	1.945847810806499989e-01	4.614661160802009943e-01	3.895004279161489724e-01	3.878459190935449885e-01	3.878459190935449885e-01	3.878459190935449885e-01	3.878459190935449885e-01	3.878459190935449885e-01	4.103107283078000211e-01	3.878459190935449885e-01	3.878459190935449885e-01	3.878459190935449885e-01	4.575521065506399920e-01	3.878459190935449885e-01	3.878459190935449885e-01	4.192110248707809905e-01	9.958068521553549435e-02	3.878459190935449885e-01	4.750494464743529877e-01	3.878459190935449885e-01	4.066078153733849732e-01	3.878459190935449885e-01	4.370542404053859853e-01	3.878459190935449885e-01	3.878459190935449885e-01	3.878459190935449885e-01	4.808421545261180041e-01	3.878459190935449885e-01	3.878459190935449885e-01	4.370239719339890083e-01	3.878459190935449885e-01	5.074736059288359469e-01	3.878459190935449885e-01	4.445061808416689852e-01	3.878459190935449885e-01	4.254627867535449859e-01	3.355650374616450105e-01	2.755383938785649911e-01	3.878459190935449885e-01	4.505661492907420129e-01	3.878459190935449885e-01	4.627245476781730038e-01	3.878459190935449885e-01	3.878459190935449885e-01	1.458889449874880007e-01	3.878459190935449885e-01	4.848053257269629990e-01	4.190154409266529933e-01	3.878459190935449885e-01	4.262832155326800043e-01	4.688355212549220052e-01	4.097538598318660186e-01	4.565630885790339932e-01	3.878459190935449885e-01	1.130138203994009993e-01	3.878459190935449885e-01	9.771550670342189771e-02	3.878459190935449885e-01	3.878459190935449885e-01	4.481030848081710150e-01	4.350528852113370037e-01	1.000000000000000082e-05	3.878459190935449885e-01	4.515673537546330274e-01	4.776511538691560199e-01	3.878459190935449885e-01	3.878459190935449885e-01	3.878459190935449885e-01	3.878459190935449885e-01	4.283057438998890132e-01	4.264019873600770061e-01	3.880204352693129854e-04	3.878459190935449885e-01	2.239299272283920006e-01	4.193843003238489908e-01	3.878459190935449885e-01	3.511211126825339868e-01	3.878459190935449885e-01	3.878459190935449885e-01	3.878459190935449885e-01	4.325646529668700224e-01	3.878459190935449885e-01	4.397848864378640088e-01	3.878459190935449885e-01	3.556262882130650227e-01	3.878459190935449885e-01	5.164317129270480367e-01	3.878459190935449885e-01	4.960644099510829741e-01	4.991739934176859794e-01	4.933158105047090181e-01	4.992589145418109831e-01	3.878459190935449885e-01	4.697771509673859813e-01	4.888745915453370228e-01	3.878459190935449885e-01	4.016825384042639890e-01
4.416292324044169826e-01	3.878459190935449885e-01	3.878459190935449885e-01	4.016395308064850123e-01	1.901022875138259904e-01	3.976237140312809948e-01	3.878459190935449885e-01	1.000000000000009992e+00	3.878459190935449885e-01	2.465338033383150107e-01	3.878459190935449885e-01	3.878459190935449885e-01	3.878459190935449885e-01	3.644584321881950140e-01	3.878459190935449885e-01	4.694979822765900090e-01	4.400299614491929856e-01	3.924198213810510261e-01	3.878459190935449885e-01	3.878459190935449885e-01	3.878459190935449885e-01	3.878459190935449885e-01	3.596044540869660078e-01	4.498419925091329818e-01	3.223029303985570082e-01	3.878459190935449885e-01	3.878459190935449885e-01	3.878459190935449885e-01	3.878459190935449885e-01	3.878459190935449885e-01	3.878459190935449885e-01	3.878459190935449885e-01	4.571419735142729923e-01	1.978550471824750134e-01	4.387052926985650081e-01	3.531296633805799945e-01	3.798292325694789806e-01	4.099815720052419898e-01	2.615448037570640080e-02	3.878459190935449885e-01	4.314787236587450114e-01	3.447604857095549757e-01	3.878459190935449885e-01	3.878459190935449885e-01	3.878459190935449885e-01	4.159091634675570193e-01	2.577030976378579807e-01	3.543050550363360252e-01	3.878459190935449885e-01	3.794091326235680128e-01	3.878459190935449885e-01	3.646434680312939935e-01	4.058209195759959753e-01	3.878459190935449885e-01	3.878459190935449885e-01	3.878459190935449885e-01	3.878459190935449885e-01	3.878459190935449885e-01	4.434081482166760124e-01	3.603579969829510121e-01	3.820801487746199876e-01	2.208426345602690077e-01	3.655535657419730078e-01	2.888289789205509828e-01	2.394934495365219906e-01	3.878459190935449885e-01	3.965702270693319820e-01	1.031045657845760036e-02	4.080826426646400051e-01	5.893527947333190159e-02	3.878459190935449885e-01	3.878459190935449885e-01	4.381011456093160117e-01	4.202417020713939966e-01	3.878459190935449885e-01	3.878459190935449885e-01	3.878459190935449885e-01	4.040000803048829914e-01	3.544607718792819884e-01	3.878459190935449885e-01	3.878459190935449885e-01	3.878459190935449885e-01	3.878459190935449885e-01	3.878459190935449885e-01	3.660480644394609739e-01	9.027354757285810383e-02	3.953803938672729723e-01	3.878459190935449885e-01	3.878459190935449885e-01	3.878459190935449885e-01	3.878459190935449885e-01	3.878459190935449885e-01	3.878459190935449885e-01	3.546101872105220099e-01	1.690058243372029867e-01	3.710337338872199964e-01	3.878459190935449885e-01	3.878459190935449885e-01	3.878459190935449885e-01	3.878459190935449885e-01	3.878459190935449885e-01	3.688669183334130075e-01	3.878459190935449885e-01	3.027023530378459837e-01	4.153173182589650070e-01	3.878459190935449885e-01	3.878459190935449885e-01	3.878459190935449885e-01	4.605029183660669934e-01	3.828976782639170184e-01	3.878459190935449885e-01	3.091077361780210087e-01	3.655055790945799798e-01	4.470463529277349801e-01	3.878459190935449885e-01	4.282654530703650098e-01	3.878459190935449885e-01	3.878459190935449885e-01	3.878459190935449885e-01	3.878459190935449885e-01	4.122763291057650048e-01	3.878459190935449885e-01	3.878459190935449885e-01	3.878459190935449885e-01
3.878459190935449885e-01	3.301248752797409924e-01	3.049993530143370046e-01	3.041585483142790203e-01	1.457165052532979899e-01	2.980050320412580001e-01	2.646782015387900144e-01	3.878459190935449885e-01	9.999999999999940048e-01	3.878459190935449885e-01	3.878459190935449885e-01	3.032362304499029992e-01	3.221770709969680180e-01	2.840947341116860092e-01	2.320384220877720061e-01	3.878459190935449885e-01	3.878459190935449885e-01	2.972839008324720256e-01	3.369264796164370135e-01	2.760618466246649860e-01	3.878459190935449885e-01	3.878459190935449885e-01	3.878459190935449885e-01	3.878459190935449885e-01	2.501297952429979987e-01	3.878459190935449885e-01	3.878459190935449885e-01	1.377599536120809876e-01	3.878459190935449885e-01	2.579493701278540163e-01	3.878459190935449885e-01	3.878459190935449885e-01	3.878459190935449885e-01	1.527512394117729877e-01	3.317075662061350072e-01	2.710099702540750277e-01	3.878459190935449885e-01	3.153605277497389947e-01	3.878459190935449885e-01	3.878459190935449885e-01	3.327528969249339830e-01	2.690996322931150098e-01	3.878459190935449885e-01	7.110312897939780052e-02	3.878459190935449885e-01	3.878459190935449885e-01	3.878459190935449885e-01	3.878459190935449885e-01	2.919982055766360274e-01	3.878459190935449885e-01	2.646676346233510224e-01	2.753936034844770009e-01	3.878459190935449885e-01	3.210843529115400274e-01	3.878459190935449885e-01	3.878459190935449885e-01	3.878459190935449885e-01	3.271760945571700052e-01	3.350033987456950135e-01	2.799840847253490250e-01	3.878459190935449885e-01	1.751968664923760077e-01	3.878459190935449885e-01	3.878459190935449885e-01	1.877344382686330082e-01	3.878459190935449885e-01	3.878459190935449885e-01	3.878459190935449885e-01	3.878459190935449885e-01	3.878459190935449885e-01	3.281705155943719920e-01	1.007223695782499956e-01	3.878459190935449885e-01	3.878459190935449885e-01	3.878459190935449885e-01	3.878459190935449885e-01	2.778030511821960036e-01	3.878459190935449885e-01	2.749437367101810192e-01	3.009176423460330208e-01	2.345517406753500067e-01	7.781803745004059469e-02	3.878459190935449885e-01	3.878459190935449885e-01	2.816621236083020063e-01	7.266432225150669388e-02	3.878459190935449885e-01	3.878459190935449885e-01	1.000000000000000082e-05	6.087567073453360039e-03	3.878459190935449885e-01	3.878459190935449885e-01	3.878459190935449885e-01	3.878459190935449885e-01	1.313830143493890101e-01	2.804880766818519944e-01	3.878459190935449885e-01	3.878459190935449885e-01	3.878459190935449885e-01	3.878459190935449885e-01	1.499669191140269864e-01	2.751467005909389862e-01	2.728051043856309921e-01	3.878459190935449885e-01	3.150514181938580127e-01	3.878459190935449885e-01	3.878459190935449885e-01	3.878459190935449885e-01	3.878459190935449885e-01	3.878459190935449885e-01	3.878459190935449885e-01	2.438868203264979995e-01	3.878459190935449885e-01	3.878459190935449885e-01	3.276155473296620269e-01	3.878459190935449885e-01	3.878459190935449885e-01	3.252842391065989824e-01	3.878459190935449885e-01	3.878459190935449885e-01	3.141261191543149867e-01	3.878459190935449885e-01	3.878459190935449885e-01	2.649202038614890120e-01
3.619680741360890019e-01	3.878459190935449885e-01	3.878459190935449885e-01	3.245995934777570202e-01	1.582512426071200073e-01	3.878459190935449885e-01	2.745861714893880201e-01	2.465338033383150107e-01	3.878459190935449885e-01	9.999999999999970024e-01	3.878459190935449885e-01	3.878459190935449885e-01	3.878459190935449885e-01	3.878459190935449885e-01	3.878459190935449885e-01	3.841467979592140258e-01	3.627904299086699980e-01	3.220742756179120203e-01	3.678170494714799732e-01	2.896930398973799892e-01	3.878459190935449885e-01	3.588684930783910265e-01	2.961956650201880148e-01	3.678628050287849893e-01	2.659348408216439807e-01	3.878459190935449885e-01	3.878459190935449885e-01	1.457576892891679909e-01	3.878459190935449885e-01	3.878459190935449885e-01	2.897446084729130011e-01	3.878459190935449885e-01	3.878459190935449885e-01	1.650564069568040138e-01	3.878459190935449885e-01	2.929560250550520273e-01	3.878459190935449885e-01	3.401334535528420244e-01	2.213864311337130145e-02	3.279715828801449962e-01	3.878459190935449885e-01	2.840212249081069951e-01	3.878459190935449885e-01	7.489993100122270542e-02	3.878459190935449885e-01	3.878459190935449885e-01	3.878459190935449885e-01	2.903288373474139927e-01	3.087428121305569872e-01	3.184713266562820277e-01	2.884213294823240181e-01	3.040638141459359733e-01	3.362821799069959927e-01	3.439002587741989969e-01	7.739693177808190661e-02	3.400164905879399790e-01	3.075393461305689913e-01	3.878459190935449885e-01	3.878459190935449885e-01	2.967291767842260009e-01	3.878459190935449885e-01	1.905589641920300004e-01	3.019238904238619736e-01	2.440715734517759916e-01	3.878459190935449885e-01	2.069528608448599830e-02	3.226447115061459869e-01	9.237014599838489631e-03	3.288756216447660252e-01	3.878459190935449885e-01	3.547667787194960232e-01	1.076304847582549989e-01	3.627565999080630266e-01	3.465548847888860196e-01	2.997070747211230124e-01	3.878459190935449885e-01	3.878459190935449885e-01	3.349549980172250030e-01	3.878459190935449885e-01	3.242263725268429986e-01	3.878459190935449885e-01	3.878459190935449885e-01	3.878459190935449885e-01	3.878459190935449885e-01	3.015978349881239806e-01	3.878459190935449885e-01	3.190614888435500118e-01	3.082033501399950026e-01	3.878459190935449885e-01	3.878459190935449885e-01	3.878459190935449885e-01	3.878459190935449885e-01	3.878459190935449885e-01	3.878459190935449885e-01	3.878459190935449885e-01	3.006948423345360277e-01	3.006599655589959896e-01	3.878459190935449885e-01	3.223832138999769745e-04	3.878459190935449885e-01	3.878459190935449885e-01	2.978803528853249949e-01	2.950531828350569929e-01	2.498101426101740075e-01	3.454078465250070007e-01	3.318869756155289896e-01	3.324268004701920187e-01	3.878459190935449885e-01	3.878459190935449885e-01	3.878459190935449885e-01	3.878459190935449885e-01	2.530978235857370140e-01	3.878459190935449885e-01	3.878459190935449885e-01	3.570120555386619987e-01	3.878459190935449885e-01	3.878459190935449885e-01	3.498126496504839755e-01	3.585144138218659959e-01	3.163865941877260224e-01	3.878459190935449885e-01	3.878459190935449885e-01	3.878459190935449885e-01	2.903131427908490214e-01
3.878459190935449885e-01	5.860302371190909687e-01	5.392684973750380140e-01	5.380397037776269986e-01	2.476883626698150043e-01	3.878459190935449885e-01	3.878459190935449885e-01	3.878459190935449885e-01	3.878459190935449885e-01	3.878459190935449885e-01	1.000000000000000000e+00	5.444580116586099638e-01	3.878459190935449885e-01	4.941063839132660007e-01	3.878459190935449885e-01	3.878459190935449885e-01	3.878459190935449885e-01	5.374768508459270011e-01	6.097501428974080318e-01	4.852295775180550108e-01	4.808626468148199939e-01	3.878459190935449885e-01	3.878459190935449885e-01	6.107216271838440402e-01	4.352991601401359767e-01	4.699048036455930055e-01	6.553130872763759940e-02	2.259322229401790061e-01	5.360097204140059635e-01	4.495090352418399937e-01	4.763623396310729952e-01	3.878459190935449885e-01	3.878459190935449885e-01	3.878459190935449885e-01	5.977405800127000290e-01	4.742325934919630059e-01	3.878459190935449885e-01	3.878459190935449885e-01	3.198751977645099970e-02	3.878459190935449885e-01	5.881375555712620162e-01	3.878459190935449885e-01	3.878459190935449885e-01	1.128315124128559943e-01	3.435828305506509750e-01	3.878459190935449885e-01	3.460901137098519875e-01	4.786350767416669982e-01	5.126068994109399535e-01	3.878459190935449885e-01	4.715832334840729945e-01	3.878459190935449885e-01	3.878459190935449885e-01	5.718928973347290334e-01	1.191814200702149967e-01	3.878459190935449885e-01	5.067688109908889960e-01	5.857742550467609499e-01	3.878459190935449885e-01	4.899876555752160079e-01	5.215043157752650149e-01	3.878459190935449885e-01	4.976919102497380232e-01	3.878459190935449885e-01	3.878459190935449885e-01	2.950445909228140151e-02	3.878459190935449885e-01	1.242626584720720080e-02	5.448371853739020221e-01	3.878459190935449885e-01	3.878459190935449885e-01	1.696958152194439906e-01	3.878459190935449885e-01	5.689828295009380366e-01	4.947028898810160169e-01	5.157968206959220314e-01	3.878459190935449885e-01	3.878459190935449885e-01	3.878459190935449885e-01	5.406169484741979447e-01	3.878459190935449885e-01	1.300682223573779994e-01	3.878459190935449885e-01	1.121655106725679973e-01	3.878459190935449885e-01	3.878459190935449885e-01	3.878459190935449885e-01	3.878459190935449885e-01	1.000000000000000082e-05	7.924960723712489233e-03	5.296938302114729824e-01	3.878459190935449885e-01	3.878459190935449885e-01	3.878459190935449885e-01	3.878459190935449885e-01	4.992363887302420089e-01	4.989182574745609777e-01	3.878459190935449885e-01	3.878459190935449885e-01	3.878459190935449885e-01	3.878459190935449885e-01	3.878459190935449885e-01	4.848551061052039923e-01	3.878459190935449885e-01	3.878459190935449885e-01	5.527901194846149835e-01	3.878459190935449885e-01	3.878459190935449885e-01	3.878459190935449885e-01	5.214077527297990011e-01	4.745313288206550184e-01	3.878459190935449885e-01	4.907740610229350264e-01	6.067510303898230317e-01	5.904618482091830156e-01	3.878459190935449885e-01	3.878459190935449885e-01	3.878459190935449885e-01	5.905511075286750122e-01	3.878459190935449885e-01	5.576005607171340417e-01	5.807330403715980083e-01	4.848662982248009845e-01	3.878459190935449885e-01
6.118843959045180414e-01	3.878459190935449885e-01	3.878459190935449885e-01	5.501515214365110262e-01	3.878459190935449885e-01	3.878459190935449885e-01	4.572095043258460056e-01	3.878459190935449885e-01	3.032362304499029992e-01	3.878459190935449885e-01	5.444580116586099638e-01	1.000000000000000000e+00	3.878459190935449885e-01	4.938907198850799873e-01	3.878459190935449885e-01	6.516972572348279646e-01	3.878459190935449885e-01	3.878459190935449885e-01	3.878459190935449885e-01	4.845383138182209892e-01	3.878459190935449885e-01	6.059917993347599952e-01	5.003354784618180284e-01	3.878459190935449885e-01	4.474679837055700049e-01	3.878459190935449885e-01	3.878459190935449885e-01	2.254486832537689889e-01	5.453323835263740316e-01	4.616914855986209987e-01	3.878459190935449885e-01	3.878459190935449885e-01	6.347457194771930489e-01	3.878459190935449885e-01	3.878459190935449885e-01	4.872641186946090053e-01	5.220807769460870107e-01	3.878459190935449885e-01	3.878459190935449885e-01	3.878459190935449885e-01	3.878459190935449885e-01	4.692229382876330068e-01	5.045591317728179703e-01	1.170916245852769988e-01	3.878459190935449885e-01	5.795514679769829813e-01	3.878459190935449885e-01	3.878459190935449885e-01	5.224471925967439923e-01	3.878459190935449885e-01	4.776848526576519816e-01	5.014531602748040218e-01	5.609802372925479785e-01	5.816051114544390499e-01	3.878459190935449885e-01	5.760861788851070475e-01	3.878459190935449885e-01	6.008401761867759872e-01	6.095562671148909706e-01	3.878459190935449885e-01	5.347870426775379604e-01	3.878459190935449885e-01	3.878459190935449885e-01	3.964441032127030140e-01	3.280501854489489832e-01	2.995602471135869888e-02	3.878459190935449885e-01	1.298704947488530000e-02	3.878459190935449885e-01	7.859368506320610348e-02	5.986347357264839575e-01	3.878459190935449885e-01	6.076254521514660167e-01	5.764155428855219920e-01	4.961176772824690273e-01	3.878459190935449885e-01	3.878459190935449885e-01	3.878459190935449885e-01	4.993694257293069816e-01	3.878459190935449885e-01	4.133807752543239844e-01	1.301936697486089922e-01	3.878459190935449885e-01	1.122451566456710015e-01	5.030268234539240213e-01	1.208096766614149969e-01	5.378717682568320280e-01	3.878459190935449885e-01	1.000000000000000082e-05	8.169782742563439989e-03	5.413335745266779631e-01	5.654642944822340089e-01	5.172557036637469574e-01	3.878459190935449885e-01	2.286976404494910076e-01	5.101610004312230329e-01	5.077056267231260245e-01	3.878459190935449885e-01	3.941459028121340131e-04	5.692877835116529894e-01	2.664315303286119985e-01	3.878459190935449885e-01	4.878935988344150210e-01	3.878459190935449885e-01	5.723960913076929780e-01	5.601741785093470316e-01	5.629590854162269675e-01	5.219605444274779682e-01	6.360423654455630293e-01	5.244614472906700131e-01	3.878459190935449885e-01	4.229240756591660100e-01	3.878459190935449885e-01	6.193796472315089563e-01	3.878459190935449885e-01	5.910813843663389466e-01	3.878459190935449885e-01	5.938688936885220260e-01	3.878459190935449885e-01	5.414287880264609942e-01	5.679923355520809514e-01	3.878459190935449885e-01	3.878459190935449885e-01	3.878459190935449885e-01
