1.000000000000220046e+00	4.491562193877957077e-01	4.491562193877957077e-01	6.756050661858690187e-01	2.994374795918637311e-01	4.491562193877957077e-01	7.160582492708049696e-01	2.994374795918637311e-01	2.994374795918637311e-01	6.460194761237160188e-01	2.994374795918637311e-01	2.994374795918637311e-01	4.491562193877957077e-01	2.994374795918637311e-01	4.491562193877957077e-01	2.994374795918637311e-01	6.056383798061669710e-01	4.491562193877957077e-01	4.491562193877957077e-01	4.491562193877957077e-01	4.491562193877957077e-01	4.491562193877957077e-01	4.491562193877957077e-01	4.491562193877957077e-01	2.994374795918637311e-01	2.994374795918637311e-01	4.491562193877957077e-01	6.386459651798730430e-01	4.491562193877957077e-01	6.132621556100670279e-01	6.967538598585270027e-01	4.491562193877957077e-01	2.994374795918637311e-01	4.491562193877957077e-01	4.491562193877957077e-01	4.491562193877957077e-01	4.491562193877957077e-01	2.994374795918637311e-01	4.491562193877957077e-01	2.994374795918637311e-01	5.689776384703779666e-01	4.491562193877957077e-01	4.491562193877957077e-01	4.491562193877957077e-01	4.491562193877957077e-01	2.994374795918637311e-01	4.491562193877957077e-01	4.491562193877957077e-01	6.552884755618310075e-01	4.491562193877957077e-01	2.994374795918637311e-01	4.491562193877957077e-01	2.994374795918637311e-01	5.456196721177090092e-01	6.218220758599809495e-01	4.491562193877957077e-01	4.491562193877957077e-01	2.994374795918637311e-01	6.161402274025830073e-01	2.994374795918637311e-01	2.994374795918637311e-01	2.994374795918637311e-01	4.491562193877957077e-01	4.491562193877957077e-01	5.448205791439539869e-01	6.510484924186259459e-01	6.549637603375080275e-01	4.491562193877957077e-01	2.994374795918637311e-01	2.994374795918637311e-01	4.491562193877957077e-01	4.491562193877957077e-01	2.994374795918637311e-01	2.994374795918637311e-01	6.933568587862759536e-01	2.994374795918637311e-01	2.994374795918637311e-01	7.164452301735070305e-01	4.491562193877957077e-01	6.913124407934430060e-01	4.491562193877957077e-01	4.491562193877957077e-01	4.491562193877957077e-01	2.994374795918637311e-01	2.994374795918637311e-01	4.491562193877957077e-01	4.491562193877957077e-01	4.491562193877957077e-01	4.491562193877957077e-01	4.491562193877957077e-01	4.491562193877957077e-01	4.491562193877957077e-01	4.491562193877957077e-01	2.994374795918637311e-01	2.994374795918637311e-01	4.491562193877957077e-01	7.149429060129299796e-01	4.491562193877957077e-01	6.199658631560369670e-01	4.491562193877957077e-01	7.106758495703420220e-01	5.617401270812150127e-01	4.491562193877957077e-01	4.491562193877957077e-01	2.994374795918637311e-01	4.491562193877957077e-01	4.491562193877957077e-01	4.491562193877957077e-01	2.994374795918637311e-01	2.994374795918637311e-01	7.121887944850570085e-01	2.994374795918637311e-01	4.491562193877957077e-01	6.985361569367599666e-01	2.994374795918637311e-01	4.491562193877957077e-01	2.994374795918637311e-01	8.705815758841860541e-01	4.491562193877957077e-01	4.491562193877957077e-01	7.400883378584740546e-01	4.491562193877957077e-01	7.451240886947000375e-01	4.491562193877957077e-01
4.491562193877957077e-01	1.000000000000049960e+00	4.491562193877957077e-01	2.994374795918637311e-01	6.508885596808370311e-01	6.359360202027120046e-01	6.649072484889539947e-01	2.994374795918637311e-01	6.404757611110399873e-01	2.994374795918637311e-01	4.491562193877957077e-01	4.491562193877957077e-01	4.491562193877957077e-01	4.491562193877957077e-01	1.000000000000000021e-03	4.491562193877957077e-01	4.491562193877957077e-01	4.491562193877957077e-01	2.994374795918637311e-01	2.994374795918637311e-01	6.006012507489869590e-01	4.491562193877957077e-01	4.491562193877957077e-01	4.491562193877957077e-01	2.994374795918637311e-01	2.994374795918637311e-01	6.566907812074850304e-01	4.491562193877957077e-01	4.491562193877957077e-01	4.491562193877957077e-01	2.994374795918637311e-01	6.142962580048499932e-01	2.994374795918637311e-01	6.752067315657479529e-01	4.491562193877957077e-01	6.687269310394340360e-01	4.491562193877957077e-01	2.994374795918637311e-01	5.180373452088440356e-01	6.150865222437780222e-01	4.491562193877957077e-01	4.491562193877957077e-01	4.491562193877957077e-01	4.491562193877957077e-01	6.379163511206570325e-01	4.491562193877957077e-01	4.491562193877957077e-01	5.462210872030529574e-01	6.333497017628240133e-01	6.194338863617120383e-01	6.701220292743520490e-01	4.491562193877957077e-01	4.491562193877957077e-01	2.994374795918637311e-01	5.490122507787880135e-01	2.994374795918637311e-01	4.858898176803709834e-01	5.224423834952099943e-01	4.491562193877957077e-01	4.491562193877957077e-01	6.504633857876529479e-01	2.994374795918637311e-01	4.491562193877957077e-01	4.491562193877957077e-01	4.491562193877957077e-01	2.994374795918637311e-01	5.828435092892579883e-01	2.994374795918637311e-01	2.994374795918637311e-01	2.994374795918637311e-01	4.491562193877957077e-01	4.491562193877957077e-01	2.994374795918637311e-01	2.994374795918637311e-01	2.994374795918637311e-01	4.927057422712730061e-01	6.794757986574480046e-01	6.591299837084090285e-01	2.994374795918637311e-01	6.288115508931449993e-01	4.491562193877957077e-01	4.491562193877957077e-01	2.994374795918637311e-01	2.994374795918637311e-01	4.491562193877957077e-01	2.994374795918637311e-01	4.491562193877957077e-01	4.491562193877957077e-01	2.994374795918637311e-01	2.994374795918637311e-01	6.567922528952889749e-01	6.014388450321700441e-01	4.491562193877957077e-01	4.491562193877957077e-01	4.491562193877957077e-01	4.491562193877957077e-01	6.797731302650410479e-01	4.845047204836669952e-01	2.994374795918637311e-01	2.994374795918637311e-01	4.491562193877957077e-01	4.885054646568349757e-01	4.491562193877957077e-01	4.491562193877957077e-01	4.491562193877957077e-01	2.994374795918637311e-01	4.491562193877957077e-01	2.994374795918637311e-01	2.994374795918637311e-01	5.197737268889579543e-01	6.628700749166449580e-01	4.491562193877957077e-01	4.491562193877957077e-01	6.543161197722839884e-01	6.523537897656029871e-01	7.444043151934219837e-01	4.491562193877957077e-01	4.491562193877957077e-01	4.491562193877957077e-01	6.296972984267510398e-01	2.994374795918637311e-01	6.743007653354670117e-01	2.994374795918637311e-01	4.491562193877957077e-01
4.491562193877957077e-01	4.491562193877957077e-01	1.000000000000069944e+00	4.491562193877957077e-01	6.449772651618730368e-01	7.273863468542980382e-01	2.994374795918637311e-01	6.748868575157069838e-01	4.491562193877957077e-01	2.994374795918637311e-01	4.491562193877957077e-01	5.660309450000009512e-01	6.853345109259579848e-01	2.994374795918637311e-01	4.491562193877957077e-01	4.491562193877957077e-01	4.491562193877957077e-01	4.491562193877957077e-01	4.491562193877957077e-01	6.032954263491969726e-01	4.491562193877957077e-01	4.491562193877957077e-01	4.491562193877957077e-01	2.994374795918637311e-01	4.491562193877957077e-01	4.491562193877957077e-01	6.598264310053729709e-01	6.222332251724229657e-01	4.491562193877957077e-01	4.491562193877957077e-01	2.994374795918637311e-01	2.994374795918637311e-01	2.994374795918637311e-01	7.072404410745689596e-01	4.491562193877957077e-01	6.867231138826760395e-01	4.491562193877957077e-01	2.994374795918637311e-01	4.491562193877957077e-01	2.994374795918637311e-01	2.994374795918637311e-01	5.976895886715130057e-01	4.491562193877957077e-01	2.994374795918637311e-01	4.491562193877957077e-01	6.132897649577200294e-01	4.491562193877957077e-01	4.491562193877957077e-01	6.160126318403089662e-01	4.491562193877957077e-01	2.994374795918637311e-01	4.491562193877957077e-01	6.057552052288850408e-01	4.491562193877957077e-01	2.994374795918637311e-01	4.491562193877957077e-01	2.994374795918637311e-01	2.994374795918637311e-01	4.491562193877957077e-01	4.719046215393359889e-01	4.491562193877957077e-01	6.210050710344370284e-01	7.303411915072529625e-01	5.839913413839560308e-01	4.491562193877957077e-01	2.994374795918637311e-01	4.491562193877957077e-01	4.491562193877957077e-01	2.994374795918637311e-01	5.419049432550510081e-01	2.994374795918637311e-01	5.682066637922980057e-01	4.491562193877957077e-01	4.491562193877957077e-01	4.491562193877957077e-01	4.468808510007309942e-01	7.268440451501340105e-01	4.491562193877957077e-01	4.491562193877957077e-01	6.750962963068000144e-01	4.491562193877957077e-01	4.491562193877957077e-01	5.321043310099250467e-01	4.491562193877957077e-01	2.994374795918637311e-01	4.491562193877957077e-01	4.491562193877957077e-01	7.098010587673180272e-01	2.994374795918637311e-01	4.491562193877957077e-01	6.289410212021220303e-01	6.710825992573510312e-01	4.491562193877957077e-01	5.244919203753509729e-01	4.888826752756940119e-01	2.994374795918637311e-01	2.994374795918637311e-01	4.491562193877957077e-01	4.491562193877957077e-01	4.491562193877957077e-01	2.994374795918637311e-01	2.994374795918637311e-01	5.183499745477579967e-01	4.491562193877957077e-01	2.994374795918637311e-01	4.491562193877957077e-01	6.463644386327099811e-01	6.752623602221079491e-01	4.491562193877957077e-01	4.491562193877957077e-01	2.994374795918637311e-01	6.931053308916950151e-01	2.994374795918637311e-01	6.504656120162749522e-01	6.978751633686800515e-01	4.491562193877957077e-01	2.994374795918637311e-01	2.994374795918637311e-01	4.491562193877957077e-01	6.381449482487120406e-01	4.491562193877957077e-01	6.990501725907930508e-01	2.994374795918637311e-01	2.994374795918637311e-01
6.756050661858690187e-01	2.994374795918637311e-01	4.491562193877957077e-01	9.999999999998909761e-01	4.491562193877957077e-01	4.491562193877957077e-01	4.491562193877957077e-01	2.994374795918637311e-01	2.994374795918637311e-01	2.994374795918637311e-01	2.994374795918637311e-01	4.491562193877957077e-01	4.491562193877957077e-01	4.491562193877957077e-01	4.491562193877957077e-01	4.491562193877957077e-01	4.491562193877957077e-01	4.491562193877957077e-01	4.491562193877957077e-01	4.491562193877957077e-01	2.994374795918637311e-01	6.070351357176979601e-01	2.994374795918637311e-01	4.491562193877957077e-01	6.617433922962070447e-01	6.639547656290289979e-01	7.150000419305739818e-01	4.491562193877957077e-01	4.491562193877957077e-01	2.994374795918637311e-01	4.491562193877957077e-01	2.994374795918637311e-01	4.491562193877957077e-01	4.491562193877957077e-01	4.491562193877957077e-01	2.994374795918637311e-01	4.491562193877957077e-01	7.124336610702189931e-01	4.491562193877957077e-01	6.900953412241780383e-01	4.491562193877957077e-01	2.994374795918637311e-01	4.491562193877957077e-01	5.494799578059520462e-01	4.491562193877957077e-01	4.491562193877957077e-01	4.491562193877957077e-01	2.994374795918637311e-01	4.491562193877957077e-01	4.491562193877957077e-01	4.491562193877957077e-01	6.789012444335249530e-01	2.994374795918637311e-01	5.007251098687020008e-01	2.994374795918637311e-01	2.994374795918637311e-01	4.491562193877957077e-01	6.028513520505800471e-01	4.491562193877957077e-01	4.491562193877957077e-01	4.491562193877957077e-01	2.994374795918637311e-01	4.491562193877957077e-01	5.393378969996980299e-01	2.994374795918637311e-01	7.150936944159459463e-01	4.491562193877957077e-01	2.994374795918637311e-01	2.994374795918637311e-01	4.491562193877957077e-01	4.491562193877957077e-01	4.491562193877957077e-01	4.491562193877957077e-01	4.491562193877957077e-01	7.009168724064529510e-01	2.994374795918637311e-01	4.491562193877957077e-01	4.491562193877957077e-01	2.994374795918637311e-01	6.711770452148170252e-01	6.478052726918990256e-01	4.491562193877957077e-01	4.491562193877957077e-01	5.698048753317770387e-01	2.994374795918637311e-01	2.994374795918637311e-01	4.491562193877957077e-01	4.491562193877957077e-01	6.978368450177410143e-01	4.491562193877957077e-01	6.929100520398390195e-01	4.491562193877957077e-01	4.491562193877957077e-01	4.491562193877957077e-01	5.280844110502029842e-01	2.994374795918637311e-01	6.996236409167280179e-01	4.491562193877957077e-01	4.491562193877957077e-01	4.491562193877957077e-01	2.994374795918637311e-01	4.922080039501259829e-01	4.491562193877957077e-01	6.113654303144570035e-01	4.491562193877957077e-01	2.994374795918637311e-01	4.491562193877957077e-01	6.279980376492190208e-01	4.491562193877957077e-01	4.491562193877957077e-01	4.491562193877957077e-01	4.491562193877957077e-01	2.994374795918637311e-01	2.994374795918637311e-01	4.491562193877957077e-01	6.766222267155620473e-01	4.491562193877957077e-01	4.491562193877957077e-01	2.994374795918637311e-01	6.040976107654619787e-01	4.491562193877957077e-01	4.491562193877957077e-01	6.418782015262169960e-01	2.994374795918637311e-01
2.994374795918637311e-01	6.508885596808370311e-01	6.449772651618730368e-01	4.491562193877957077e-01	9.999999999998619993e-01	4.491562193877957077e-01	4.491562193877957077e-01	4.491562193877957077e-01	6.630942825862550238e-01	6.971560632035790350e-01	4.491562193877957077e-01	4.491562193877957077e-01	6.451939633688930087e-01	4.491562193877957077e-01	1.000000000000000021e-03	4.491562193877957077e-01	4.491562193877957077e-01	2.994374795918637311e-01	5.964313368776690272e-01	4.491562193877957077e-01	4.491562193877957077e-01	4.491562193877957077e-01	4.491562193877957077e-01	2.994374795918637311e-01	4.491562193877957077e-01	2.994374795918637311e-01	4.491562193877957077e-01	2.994374795918637311e-01	4.491562193877957077e-01	4.491562193877957077e-01	4.491562193877957077e-01	4.491562193877957077e-01	6.028417275501569694e-01	4.491562193877957077e-01	4.491562193877957077e-01	2.994374795918637311e-01	2.994374795918637311e-01	2.994374795918637311e-01	4.491562193877957077e-01	2.994374795918637311e-01	4.540232463046560141e-01	4.491562193877957077e-01	4.491562193877957077e-01	2.994374795918637311e-01	4.491562193877957077e-01	5.460595799897870473e-01	4.899046473192190110e-01	4.491562193877957077e-01	2.994374795918637311e-01	2.994374795918637311e-01	4.491562193877957077e-01	5.931873759407899627e-01	5.752678362799690248e-01	4.491562193877957077e-01	4.491562193877957077e-01	4.491562193877957077e-01	5.075919202458869517e-01	5.664500605744839934e-01	2.994374795918637311e-01	4.491562193877957077e-01	4.491562193877957077e-01	4.491562193877957077e-01	4.491562193877957077e-01	2.994374795918637311e-01	2.994374795918637311e-01	4.491562193877957077e-01	2.994374795918637311e-01	2.994374795918637311e-01	5.707745005966889940e-01	4.491562193877957077e-01	4.491562193877957077e-01	4.922931745084149768e-01	6.136884187478820474e-01	4.491562193877957077e-01	4.491562193877957077e-01	4.491562193877957077e-01	6.986293275533069780e-01	6.547726641212679999e-01	2.994374795918637311e-01	4.491562193877957077e-01	4.491562193877957077e-01	5.184044311950160022e-01	4.491562193877957077e-01	4.491562193877957077e-01	4.491562193877957077e-01	4.491562193877957077e-01	4.491562193877957077e-01	4.491562193877957077e-01	2.994374795918637311e-01	4.491562193877957077e-01	4.491562193877957077e-01	4.491562193877957077e-01	4.574467990752559832e-01	2.994374795918637311e-01	4.491562193877957077e-01	2.994374795918637311e-01	2.994374795918637311e-01	4.491562193877957077e-01	2.994374795918637311e-01	4.491562193877957077e-01	2.994374795918637311e-01	4.491562193877957077e-01	4.661357708094450158e-01	2.994374795918637311e-01	4.491562193877957077e-01	4.491562193877957077e-01	6.721015074225790142e-01	4.491562193877957077e-01	5.698306699304559464e-01	4.491562193877957077e-01	4.491562193877957077e-01	5.872577721406240236e-01	4.491562193877957077e-01	2.994374795918637311e-01	4.491562193877957077e-01	4.491562193877957077e-01	4.491562193877957077e-01	4.491562193877957077e-01	2.994374795918637311e-01	2.994374795918637311e-01	4.491562193877957077e-01	4.491562193877957077e-01	6.540526284814079938e-01	4.491562193877957077e-01
4.491562193877957077e-01	6.359360202027120046e-01	7.273863468542980382e-01	4.491562193877957077e-01	4.491562193877957077e-01	1.000000000000029976e+00	4.491562193877957077e-01	2.994374795918637311e-01	4.491562193877957077e-01	2.994374795918637311e-01	4.491562193877957077e-01	4.491562193877957077e-01	4.491562193877957077e-01	2.994374795918637311e-01	1.000000000000000021e-03	4.491562193877957077e-01	4.491562193877957077e-01	2.994374795918637311e-01	4.491562193877957077e-01	4.491562193877957077e-01	4.491562193877957077e-01	4.414999539049029864e-01	4.491562193877957077e-01	2.994374795918637311e-01	4.491562193877957077e-01	2.994374795918637311e-01	6.202859375902359806e-01	2.994374795918637311e-01	2.994374795918637311e-01	4.491562193877957077e-01	6.434931284203669888e-01	6.660445410841779879e-01	4.491562193877957077e-01	4.491562193877957077e-01	2.994374795918637311e-01	6.453042986394520453e-01	6.088501945199730203e-01	6.366535198234050119e-01	2.994374795918637311e-01	5.639209935373300508e-01	4.491562193877957077e-01	2.994374795918637311e-01	4.491562193877957077e-01	2.994374795918637311e-01	6.904893050868300408e-01	4.491562193877957077e-01	4.491562193877957077e-01	5.943650059758519566e-01	2.994374795918637311e-01	5.733551180571370143e-01	4.491562193877957077e-01	5.651129122920000025e-01	4.491562193877957077e-01	4.491562193877957077e-01	5.824933870367630107e-01	4.491562193877957077e-01	4.269054730775440065e-01	2.994374795918637311e-01	4.491562193877957077e-01	4.457169501586670246e-01	2.994374795918637311e-01	2.994374795918637311e-01	4.491562193877957077e-01	5.520842620122929922e-01	2.994374795918637311e-01	5.752058992427260264e-01	2.994374795918637311e-01	2.994374795918637311e-01	2.994374795918637311e-01	4.491562193877957077e-01	5.213106777990900165e-01	4.491562193877957077e-01	2.994374795918637311e-01	4.491562193877957077e-01	4.491562193877957077e-01	4.491562193877957077e-01	6.871353654570050429e-01	6.436467039564499615e-01	2.994374795918637311e-01	4.491562193877957077e-01	4.491562193877957077e-01	4.491562193877957077e-01	4.491562193877957077e-01	4.491562193877957077e-01	5.442153537338200175e-01	4.491562193877957077e-01	2.994374795918637311e-01	6.590984232218629613e-01	4.491562193877957077e-01	4.491562193877957077e-01	4.491562193877957077e-01	4.491562193877957077e-01	4.491562193877957077e-01	2.994374795918637311e-01	4.491562193877957077e-01	2.994374795918637311e-01	4.491562193877957077e-01	4.491562193877957077e-01	2.994374795918637311e-01	4.491562193877957077e-01	2.994374795918637311e-01	4.491562193877957077e-01	2.994374795918637311e-01	4.491562193877957077e-01	4.491562193877957077e-01	4.491562193877957077e-01	6.195970748360389857e-01	2.994374795918637311e-01	5.266083881302030534e-01	4.491562193877957077e-01	4.491562193877957077e-01	6.660146114572009779e-01	6.326315263964540359e-01	2.994374795918637311e-01	4.491562193877957077e-01	4.491562193877957077e-01	4.491562193877957077e-01	4.491562193877957077e-01	4.491562193877957077e-01	6.076412476941870366e-01	6.703837716408590497e-01	4.491562193877957077e-01	6.732020430643920195e-01	4.491562193877957077e-01
7.160582492708049696e-01	6.649072484889539947e-01	2.994374795918637311e-01	4.491562193877957077e-01	4.491562193877957077e-01	4.491562193877957077e-01	1.000000000000039968e+00	4.491562193877957077e-01	2.994374795918637311e-01	2.994374795918637311e-01	2.994374795918637311e-01	4.491562193877957077e-01	6.861256374873859754e-01	5.929734751522329761e-01	4.491562193877957077e-01	4.491562193877957077e-01	4.491562193877957077e-01	6.468997200890740373e-01	4.491562193877957077e-01	6.779583123936490097e-01	4.491562193877957077e-01	2.994374795918637311e-01	4.491562193877957077e-01	6.128078204973369525e-01	2.994374795918637311e-01	4.491562193877957077e-01	2.994374795918637311e-01	4.491562193877957077e-01	4.372013257911789852e-01	4.491562193877957077e-01	4.491562193877957077e-01	4.491562193877957077e-01	2.994374795918637311e-01	7.176451990050629615e-01	4.491562193877957077e-01	2.994374795918637311e-01	5.902067449980969993e-01	2.994374795918637311e-01	4.491562193877957077e-01	6.269910172638949453e-01	5.141760923007330231e-01	4.491562193877957077e-01	4.491562193877957077e-01	4.491562193877957077e-01	2.994374795918637311e-01	5.992396380310209825e-01	5.277997147991240201e-01	2.994374795918637311e-01	2.994374795918637311e-01	4.491562193877957077e-01	4.491562193877957077e-01	2.994374795918637311e-01	4.491562193877957077e-01	4.491562193877957077e-01	5.826162233405940416e-01	4.491562193877957077e-01	4.491562193877957077e-01	4.491562193877957077e-01	4.491562193877957077e-01	4.491562193877957077e-01	4.491562193877957077e-01	2.994374795918637311e-01	4.491562193877957077e-01	4.491562193877957077e-01	4.491562193877957077e-01	4.491562193877957077e-01	4.491562193877957077e-01	4.491562193877957077e-01	4.491562193877957077e-01	4.491562193877957077e-01	5.459734516165239970e-01	4.491562193877957077e-01	4.491562193877957077e-01	2.994374795918637311e-01	6.579597245370280012e-01	4.491562193877957077e-01	7.235494614392300461e-01	2.994374795918637311e-01	4.491562193877957077e-01	4.491562193877957077e-01	7.525470749176249585e-01	2.994374795918637311e-01	2.994374795918637311e-01	4.491562193877957077e-01	4.491562193877957077e-01	5.230013450338359959e-01	5.971850537947359649e-01	2.994374795918637311e-01	7.177277802575720012e-01	5.928137589879159952e-01	2.994374795918637311e-01	6.405694621676359946e-01	4.491562193877957077e-01	4.491562193877957077e-01	4.491562193877957077e-01	4.491562193877957077e-01	4.491562193877957077e-01	2.994374795918637311e-01	4.491562193877957077e-01	6.170858173247180112e-01	6.936597373309809633e-01	4.491562193877957077e-01	4.954126614225879965e-01	5.026499423993799898e-01	2.994374795918637311e-01	2.994374795918637311e-01	2.994374795918637311e-01	4.491562193877957077e-01	4.491562193877957077e-01	4.491562193877957077e-01	4.491562193877957077e-01	6.436290334029389770e-01	2.994374795918637311e-01	4.491562193877957077e-01	4.491562193877957077e-01	7.132127862399290086e-01	4.491562193877957077e-01	7.085396403538789523e-01	4.491562193877957077e-01	4.491562193877957077e-01	4.491562193877957077e-01	7.049344031769579910e-01	4.491562193877957077e-01	4.491562193877957077e-01
2.994374795918637311e-01	2.994374795918637311e-01	6.748868575157069838e-01	2.994374795918637311e-01	4.491562193877957077e-01	2.994374795918637311e-01	4.491562193877957077e-01	9.999999999999440448e-01	4.491562193877957077e-01	4.491562193877957077e-01	2.994374795918637311e-01	5.779995454602899763e-01	6.409817742196419754e-01	4.491562193877957077e-01	2.994374795918637311e-01	4.491562193877957077e-01	4.491562193877957077e-01	2.994374795918637311e-01	4.491562193877957077e-01	2.994374795918637311e-01	6.092643478798640544e-01	2.994374795918637311e-01	2.994374795918637311e-01	4.491562193877957077e-01	6.946323776145070239e-01	4.491562193877957077e-01	2.994374795918637311e-01	2.994374795918637311e-01	4.491562193877957077e-01	4.491562193877957077e-01	4.491562193877957077e-01	4.491562193877957077e-01	2.994374795918637311e-01	2.994374795918637311e-01	4.491562193877957077e-01	6.189687915034209897e-01	4.491562193877957077e-01	4.491562193877957077e-01	5.311828762408340454e-01	4.491562193877957077e-01	4.974268800476530084e-01	4.491562193877957077e-01	4.491562193877957077e-01	2.994374795918637311e-01	4.491562193877957077e-01	4.491562193877957077e-01	2.994374795918637311e-01	4.491562193877957077e-01	4.491562193877957077e-01	4.491562193877957077e-01	2.994374795918637311e-01	4.491562193877957077e-01	5.390334973191209800e-01	4.491562193877957077e-01	2.994374795918637311e-01	2.994374795918637311e-01	2.994374795918637311e-01	4.531841426054429856e-01	4.491562193877957077e-01	4.250084744347559784e-01	5.822811277214819947e-01	4.491562193877957077e-01	4.491562193877957077e-01	4.978703500617390199e-01	2.994374795918637311e-01	4.491562193877957077e-01	5.810064590758380332e-01	5.548464068831610030e-01	4.491562193877957077e-01	4.561818832235159937e-01	2.994374795918637311e-01	4.491562193877957077e-01	4.491562193877957077e-01	4.491562193877957077e-01	2.994374795918637311e-01	4.491562193877957077e-01	2.994374795918637311e-01	2.994374795918637311e-01	4.491562193877957077e-01	5.928067446194750234e-01	2.994374795918637311e-01	4.875577261177819755e-01	4.703651591499670159e-01	4.491562193877957077e-01	4.491562193877957077e-01	5.074752232759359716e-01	2.994374795918637311e-01	6.322689513697440367e-01	2.994374795918637311e-01	4.491562193877957077e-01	5.783501547360060391e-01	5.960048991057640411e-01	4.679739449336040025e-01	4.583759064145370155e-01	4.491562193877957077e-01	2.994374795918637311e-01	6.438042813768849459e-01	4.491562193877957077e-01	5.458691665662219750e-01	4.491562193877957077e-01	6.971573742629929571e-01	4.491562193877957077e-01	4.491562193877957077e-01	2.994374795918637311e-01	4.491562193877957077e-01	4.491562193877957077e-01	4.491562193877957077e-01	4.491562193877957077e-01	4.491562193877957077e-01	5.100501245785880045e-01	4.491562193877957077e-01	4.491562193877957077e-01	4.491562193877957077e-01	4.491562193877957077e-01	4.491562193877957077e-01	2.994374795918637311e-01	2.994374795918637311e-01	4.491562193877957077e-01	2.994374795918637311e-01	4.491562193877957077e-01	4.491562193877957077e-01	2.994374795918637311e-01	2.994374795918637311e-01	6.459285131021600401e-01
2.994374795918637311e-01	6.404757611110399873e-01	4.491562193877957077e-01	2.994374795918637311e-01	6.630942825862550238e-01	4.491562193877957077e-01	2.994374795918637311e-01	4.491562193877957077e-01	1.000000000000190070e+00	4.491562193877957077e-01	4.491562193877957077e-01	5.372163587217889669e-01	6.787701784904850433e-01	6.098400546068090122e-01	1.000000000000000021e-03	6.293216964559029680e-01	4.491562193877957077e-01	2.994374795918637311e-01	4.491562193877957077e-01	2.994374795918637311e-01	4.491562193877957077e-01	2.994374795918637311e-01	2.994374795918637311e-01	4.491562193877957077e-01	4.491562193877957077e-01	6.990064168649939846e-01	4.491562193877957077e-01	4.491562193877957077e-01	3.503281431406150004e-01	2.994374795918637311e-01	6.600400053846670057e-01	4.491562193877957077e-01	4.491562193877957077e-01	2.994374795918637311e-01	4.491562193877957077e-01	2.994374795918637311e-01	4.491562193877957077e-01	6.273978097144540245e-01	4.491562193877957077e-01	4.491562193877957077e-01	4.491562193877957077e-01	4.491562193877957077e-01	4.491562193877957077e-01	4.491562193877957077e-01	6.933941940898940004e-01	2.994374795918637311e-01	4.491562193877957077e-01	6.088142589599819798e-01	5.923929084664929512e-01	5.970035704912329821e-01	4.491562193877957077e-01	4.491562193877957077e-01	4.491562193877957077e-01	2.994374795918637311e-01	4.491562193877957077e-01	6.988711771097180225e-01	4.341186173712029972e-01	4.364003339222840006e-01	4.491562193877957077e-01	4.491562193877957077e-01	5.630301622583999688e-01	4.491562193877957077e-01	4.491562193877957077e-01	4.491562193877957077e-01	5.404916027371110543e-01	4.491562193877957077e-01	4.491562193877957077e-01	4.491562193877957077e-01	5.443393221214499755e-01	4.491562193877957077e-01	2.994374795918637311e-01	5.500334338134380552e-01	4.491562193877957077e-01	4.491562193877957077e-01	6.550827406964040422e-01	4.491562193877957077e-01	4.491562193877957077e-01	4.491562193877957077e-01	4.491562193877957077e-01	4.491562193877957077e-01	4.491562193877957077e-01	4.491562193877957077e-01	4.491562193877957077e-01	4.491562193877957077e-01	2.994374795918637311e-01	4.491562193877957077e-01	2.994374795918637311e-01	6.521084157516929825e-01	2.994374795918637311e-01	4.491562193877957077e-01	2.994374795918637311e-01	2.994374795918637311e-01	5.367357123551039777e-01	4.491562193877957077e-01	2.994374795918637311e-01	2.994374795918637311e-01	4.491562193877957077e-01	4.491562193877957077e-01	5.772984669501799448e-01	4.491562193877957077e-01	4.491562193877957077e-01	5.561368526297509884e-01	2.994374795918637311e-01	4.491562193877957077e-01	2.994374795918637311e-01	5.181044669790350055e-01	4.491562193877957077e-01	6.793928947020909659e-01	4.491562193877957077e-01	2.994374795918637311e-01	2.994374795918637311e-01	4.491562193877957077e-01	4.491562193877957077e-01	2.994374795918637311e-01	2.994374795918637311e-01	6.891395235677719722e-01	6.867010116752400029e-01	4.491562193877957077e-01	2.994374795918637311e-01	4.491562193877957077e-01	2.994374795918637311e-01	4.491562193877957077e-01	6.847648428563619660e-01	4.491562193877957077e-01
6.460194761237160188e-01	2.994374795918637311e-01	2.994374795918637311e-01	2.994374795918637311e-01	6.971560632035790350e-01	2.994374795918637311e-01	2.994374795918637311e-01	4.491562193877957077e-01	4.491562193877957077e-01	1.000000000000099920e+00	4.491562193877957077e-01	4.491562193877957077e-01	2.994374795918637311e-01	2.994374795918637311e-01	4.491562193877957077e-01	4.491562193877957077e-01	4.491562193877957077e-01	4.491562193877957077e-01	4.491562193877957077e-01	2.994374795918637311e-01	5.573819874508819661e-01	4.491562193877957077e-01	6.495934002229549753e-01	2.994374795918637311e-01	6.383013578805849519e-01	2.994374795918637311e-01	4.491562193877957077e-01	4.491562193877957077e-01	4.491562193877957077e-01	4.491562193877957077e-01	6.174425799511199520e-01	2.994374795918637311e-01	2.994374795918637311e-01	4.491562193877957077e-01	5.141892703694369571e-01	2.994374795918637311e-01	2.994374795918637311e-01	4.491562193877957077e-01	4.491562193877957077e-01	6.488371893967389559e-01	4.491562193877957077e-01	6.228664023053539500e-01	4.491562193877957077e-01	4.491562193877957077e-01	4.491562193877957077e-01	2.994374795918637311e-01	5.185357399032669568e-01	4.491562193877957077e-01	2.994374795918637311e-01	4.491562193877957077e-01	2.994374795918637311e-01	4.491562193877957077e-01	4.491562193877957077e-01	4.849287314737190102e-01	5.402695822865180020e-01	4.491562193877957077e-01	4.491562193877957077e-01	4.491562193877957077e-01	4.491562193877957077e-01	2.994374795918637311e-01	2.994374795918637311e-01	4.491562193877957077e-01	4.491562193877957077e-01	4.491562193877957077e-01	4.650274081909829826e-01	4.491562193877957077e-01	5.447747964978300050e-01	5.757130321390220296e-01	4.491562193877957077e-01	4.491562193877957077e-01	2.994374795918637311e-01	4.491562193877957077e-01	2.994374795918637311e-01	4.491562193877957077e-01	4.491562193877957077e-01	4.491562193877957077e-01	6.220326446913450047e-01	4.491562193877957077e-01	2.994374795918637311e-01	4.491562193877957077e-01	4.491562193877957077e-01	2.994374795918637311e-01	2.994374795918637311e-01	4.491562193877957077e-01	4.491562193877957077e-01	4.491562193877957077e-01	4.491562193877957077e-01	2.994374795918637311e-01	4.491562193877957077e-01	2.994374795918637311e-01	4.491562193877957077e-01	5.637051443513539928e-01	4.913943691108019762e-01	5.096195470290859619e-01	4.993198963869350249e-01	2.994374795918637311e-01	6.405247049988449515e-01	5.338882408566709703e-01	4.491562193877957077e-01	2.994374795918637311e-01	6.473219803269359973e-01	4.763509524629829794e-01	4.491562193877957077e-01	4.491562193877957077e-01	2.994374795918637311e-01	4.491562193877957077e-01	6.584348081467680247e-01	4.491562193877957077e-01	5.672293262376719714e-01	4.491562193877957077e-01	4.491562193877957077e-01	4.491562193877957077e-01	4.491562193877957077e-01	2.994374795918637311e-01	6.090068687534729852e-01	2.994374795918637311e-01	6.440957045661439562e-01	4.491562193877957077e-01	6.405065297110179579e-01	6.249647395393700400e-01	2.994374795918637311e-01	4.491562193877957077e-01	6.389554958353079739e-01	4.491562193877957077e-01
2.994374795918637311e-01	4.491562193877957077e-01	4.491562193877957077e-01	2.994374795918637311e-01	4.491562193877957077e-01	4.491562193877957077e-01	2.994374795918637311e-01	2.994374795918637311e-01	4.491562193877957077e-01	4.491562193877957077e-01	9.999999999999870104e-01	2.994374795918637311e-01	2.994374795918637311e-01	5.329979296372520103e-01	1.000000000000000021e-03	2.994374795918637311e-01	4.491562193877957077e-01	4.491562193877957077e-01	4.491562193877957077e-01	7.217568749153490115e-01	5.433345143848420378e-01	4.491562193877957077e-01	4.491562193877957077e-01	4.491562193877957077e-01	4.491562193877957077e-01	2.994374795918637311e-01	4.491562193877957077e-01	6.764723934624979895e-01	4.491562193877957077e-01	4.803248756019760091e-01	4.491562193877957077e-01	2.994374795918637311e-01	4.491562193877957077e-01	6.614635895315990055e-01	4.491562193877957077e-01	4.491562193877957077e-01	4.491562193877957077e-01	6.729636653927989487e-01	2.994374795918637311e-01	4.491562193877957077e-01	4.491562193877957077e-01	4.491562193877957077e-01	4.491562193877957077e-01	4.491562193877957077e-01	4.491562193877957077e-01	4.491562193877957077e-01	2.994374795918637311e-01	5.132826935130709867e-01	4.491562193877957077e-01	6.305741747468810443e-01	4.491562193877957077e-01	4.491562193877957077e-01	2.994374795918637311e-01	4.637509734861839927e-01	2.994374795918637311e-01	5.747714783892230450e-01	4.491562193877957077e-01	5.953950426426379838e-01	5.288366716643549958e-01	4.845306601037889793e-01	2.994374795918637311e-01	5.773896512143570359e-01	4.491562193877957077e-01	4.939001696041580014e-01	4.491562193877957077e-01	6.438929063863170210e-01	2.994374795918637311e-01	4.491562193877957077e-01	2.994374795918637311e-01	4.491562193877957077e-01	2.994374795918637311e-01	4.816847539437790204e-01	4.491562193877957077e-01	2.994374795918637311e-01	4.491562193877957077e-01	5.599511174176959871e-01	4.491562193877957077e-01	6.377046843991639458e-01	4.491562193877957077e-01	4.491562193877957077e-01	7.009220590554029462e-01	4.491562193877957077e-01	4.491562193877957077e-01	4.491562193877957077e-01	2.994374795918637311e-01	4.491562193877957077e-01	4.491562193877957077e-01	2.994374795918637311e-01	2.994374795918637311e-01	6.134901725813890483e-01	2.994374795918637311e-01	4.491562193877957077e-01	4.532265105615180256e-01	4.491562193877957077e-01	5.174519748736570168e-01	4.491562193877957077e-01	4.491562193877957077e-01	4.491562193877957077e-01	2.994374795918637311e-01	4.491562193877957077e-01	4.491562193877957077e-01	4.557869375353679753e-01	4.491562193877957077e-01	5.715611226925160215e-01	4.298456711787260187e-01	4.491562193877957077e-01	4.491562193877957077e-01	4.491562193877957077e-01	4.491562193877957077e-01	2.994374795918637311e-01	4.491562193877957077e-01	4.491562193877957077e-01	2.994374795918637311e-01	6.528649290154520113e-01	6.268223322061049485e-01	2.994374795918637311e-01	4.491562193877957077e-01	4.491562193877957077e-01	2.994374795918637311e-01	2.994374795918637311e-01	4.491562193877957077e-01	4.491562193877957077e-01	2.994374795918637311e-01	4.491562193877957077e-01
2.994374795918637311e-01	4.491562193877957077e-01	5.660309450000009512e-01	4.491562193877957077e-01	4.491562193877957077e-01	4.491562193877957077e-01	4.491562193877957077e-01	5.779995454602899763e-01	5.372163587217889669e-01	4.491562193877957077e-01	2.994374795918637311e-01	1.000000000000059952e+00	5.797067061995370141e-01	2.994374795918637311e-01	2.994374795918637311e-01	4.491562193877957077e-01	4.491562193877957077e-01	5.256207338623130054e-01	5.621299747583810014e-01	2.994374795918637311e-01	4.491562193877957077e-01	5.787589127048320403e-01	2.994374795918637311e-01	5.963225299754020270e-01	4.491562193877957077e-01	6.438825970532020548e-01	2.994374795918637311e-01	4.491562193877957077e-01	4.491562193877957077e-01	4.491562193877957077e-01	2.994374795918637311e-01	4.491562193877957077e-01	5.236920896457010199e-01	4.491562193877957077e-01	2.994374795918637311e-01	4.491562193877957077e-01	4.491562193877957077e-01	4.491562193877957077e-01	4.491562193877957077e-01	4.491562193877957077e-01	4.491562193877957077e-01	2.994374795918637311e-01	5.053624479876710485e-01	5.074484879460979814e-01	2.994374795918637311e-01	4.491562193877957077e-01	4.491562193877957077e-01	4.491562193877957077e-01	4.491562193877957077e-01	4.491562193877957077e-01	4.491562193877957077e-01	4.491562193877957077e-01	2.994374795918637311e-01	4.490609212291810093e-01	4.491562193877957077e-01	4.491562193877957077e-01	5.244306270000189674e-01	5.888456508996949834e-01	4.491562193877957077e-01	2.994374795918637311e-01	4.491562193877957077e-01	4.491562193877957077e-01	2.994374795918637311e-01	4.491562193877957077e-01	4.491562193877957077e-01	5.894488587201159868e-01	4.977161318303919835e-01	4.491562193877957077e-01	2.994374795918637311e-01	2.994374795918637311e-01	5.135421407734760413e-01	4.491562193877957077e-01	2.994374795918637311e-01	6.011868806355610273e-01	5.594067875670699630e-01	4.491562193877957077e-01	2.994374795918637311e-01	6.090194180614989516e-01	2.994374795918637311e-01	4.491562193877957077e-01	4.491562193877957077e-01	5.056541829513500064e-01	4.494140369892509757e-01	2.994374795918637311e-01	4.491562193877957077e-01	4.126688547788759931e-01	5.406095483484639752e-01	4.491562193877957077e-01	4.491562193877957077e-01	4.491562193877957077e-01	4.491562193877957077e-01	2.994374795918637311e-01	2.994374795918637311e-01	4.491562193877957077e-01	4.491562193877957077e-01	5.315163541661399593e-01	5.929691640189069801e-01	5.144803091330100164e-01	2.994374795918637311e-01	4.491562193877957077e-01	6.044204892349059888e-01	2.994374795918637311e-01	2.994374795918637311e-01	4.491562193877957077e-01	3.947423926369280078e-01	4.491562193877957077e-01	4.491562193877957077e-01	4.491562193877957077e-01	5.501814283167789643e-01	2.994374795918637311e-01	4.491562193877957077e-01	4.491562193877957077e-01	2.994374795918637311e-01	4.491562193877957077e-01	2.994374795918637311e-01	6.180594186430710124e-01	2.994374795918637311e-01	2.994374795918637311e-01	4.491562193877957077e-01	4.491562193877957077e-01	7.200136261615039945e-01	7.361537863981010288e-01	4.491562193877957077e-01	4.491562193877957077e-01
