1.000000000000000000e+00	1.213389121338910026e-01	1.119639549438721515e-01	1.679459324158082412e-01	1.679459324158082412e-01	1.679459324158082412e-01	1.679459324158082412e-01	2.285714285714290084e-01	1.679459324158082412e-01	1.679459324158082412e-01	2.764976958525349748e-01	1.679459324158082412e-01	1.679459324158082412e-01	1.679459324158082412e-01	1.679459324158082412e-01	1.679459324158082412e-01	1.119639549438721515e-01	1.119639549438721515e-01	1.679459324158082412e-01	1.679459324158082412e-01	1.119639549438721515e-01	1.679459324158082412e-01	1.679459324158082412e-01	1.679459324158082412e-01	1.679459324158082412e-01	1.679459324158082412e-01	1.679459324158082412e-01	1.679459324158082412e-01	1.679459324158082412e-01	1.679459324158082412e-01	1.679459324158082412e-01	9.239130434782609480e-02	2.934362934362930164e-01	1.119639549438721515e-01	1.679459324158082412e-01	1.679459324158082412e-01	1.119639549438721515e-01	1.119639549438721515e-01	1.679459324158082412e-01	1.679459324158082412e-01	1.679459324158082412e-01	1.679459324158082412e-01	1.679459324158082412e-01	1.119639549438721515e-01	1.679459324158082412e-01	1.486486486486489900e-01	1.119639549438721515e-01	1.679459324158082412e-01	1.679459324158082412e-01	1.679459324158082412e-01	1.679459324158082412e-01	3.067729083665339807e-01	1.119639549438721515e-01	1.679459324158082412e-01	1.679459324158082412e-01	1.679459324158082412e-01	1.679459324158082412e-01	1.679459324158082412e-01	1.119639549438721515e-01	1.374407582938390049e-01	1.702127659574469987e-01	1.679459324158082412e-01	1.679459324158082412e-01	1.679459324158082412e-01	1.679459324158082412e-01	1.679459324158082412e-01	1.679459324158082412e-01	1.119639549438721515e-01	1.119639549438721515e-01	1.679459324158082412e-01	1.514084507042250116e-01	1.119639549438721515e-01	1.119639549438721515e-01	1.679459324158082412e-01	1.679459324158082412e-01	1.679459324158082412e-01	1.679459324158082412e-01	1.679459324158082412e-01	1.679459324158082412e-01	1.679459324158082412e-01	1.119639549438721515e-01	1.679459324158082412e-01	1.679459324158082412e-01	1.679459324158082412e-01	2.521008403361340022e-01	1.679459324158082412e-01	1.119639549438721515e-01	1.679459324158082412e-01	1.679459324158082412e-01	1.679459324158082412e-01	1.679459324158082412e-01	1.119639549438721515e-01	1.119639549438721515e-01	1.679459324158082412e-01	2.406417112299469863e-01	1.679459324158082412e-01	1.679459324158082412e-01	1.679459324158082412e-01	1.679459324158082412e-01	1.679459324158082412e-01	1.679459324158082412e-01	1.679459324158082412e-01	1.726907630522090120e-01	1.679459324158082412e-01	1.679459324158082412e-01	2.077922077922080002e-01	1.679459324158082412e-01	1.679459324158082412e-01	1.679459324158082412e-01	1.679459324158082412e-01	1.679459324158082412e-01	1.679459324158082412e-01	1.679459324158082412e-01	1.679459324158082412e-01	1.679459324158082412e-01	1.119639549438721515e-01	1.679459324158082412e-01	1.679459324158082412e-01	1.793893129770990080e-01	1.679459324158082412e-01	1.679459324158082412e-01	1.119639549438721515e-01	1.679459324158082412e-01	1.679459324158082412e-01
1.213389121338910026e-01	1.000000000000000000e+00	1.679459324158082412e-01	1.679459324158082412e-01	1.119639549438721515e-01	1.679459324158082412e-01	1.679459324158082412e-01	1.679459324158082412e-01	1.679459324158082412e-01	1.679459324158082412e-01	1.412213740458020117e-01	1.679459324158082412e-01	1.679459324158082412e-01	1.119639549438721515e-01	1.679459324158082412e-01	1.679459324158082412e-01	1.521035598705499925e-01	1.679459324158082412e-01	1.679459324158082412e-01	1.119639549438721515e-01	1.679459324158082412e-01	1.679459324158082412e-01	1.679459324158082412e-01	1.679459324158082412e-01	1.679459324158082412e-01	1.679459324158082412e-01	1.119639549438721515e-01	1.679459324158082412e-01	1.769547325102880098e-01	1.679459324158082412e-01	1.679459324158082412e-01	1.679459324158082412e-01	1.679459324158082412e-01	1.679459324158082412e-01	1.679459324158082412e-01	1.679459324158082412e-01	1.679459324158082412e-01	1.679459324158082412e-01	1.119639549438721515e-01	1.679459324158082412e-01	1.679459324158082412e-01	1.679459324158082412e-01	2.291666666666669905e-01	1.679459324158082412e-01	1.679459324158082412e-01	1.679459324158082412e-01	1.659574468085109888e-01	1.679459324158082412e-01	1.119639549438721515e-01	1.326530612244899987e-01	1.679459324158082412e-01	1.679459324158082412e-01	1.679459324158082412e-01	2.366071428571429880e-01	1.679459324158082412e-01	1.679459324158082412e-01	1.679459324158082412e-01	2.331288343558280129e-01	1.679459324158082412e-01	1.679459324158082412e-01	8.720930232558139761e-02	1.679459324158082412e-01	1.679459324158082412e-01	1.679459324158082412e-01	1.679459324158082412e-01	1.119639549438721515e-01	1.679459324158082412e-01	1.679459324158082412e-01	1.679459324158082412e-01	1.679459324158082412e-01	1.679459324158082412e-01	1.679459324158082412e-01	1.679459324158082412e-01	1.679459324158082412e-01	1.679459324158082412e-01	1.679459324158082412e-01	1.679459324158082412e-01	1.679459324158082412e-01	1.679459324158082412e-01	1.119639549438721515e-01	1.679459324158082412e-01	1.369863013698630061e-02	1.119639549438721515e-01	1.679459324158082412e-01	1.679459324158082412e-01	1.679459324158082412e-01	1.679459324158082412e-01	1.119639549438721515e-01	1.119639549438721515e-01	1.679459324158082412e-01	1.679459324158082412e-01	1.119639549438721515e-01	1.679459324158082412e-01	1.119639549438721515e-01	1.679459324158082412e-01	1.679459324158082412e-01	1.679459324158082412e-01	1.457489878542509998e-01	1.679459324158082412e-01	1.119639549438721515e-01	1.679459324158082412e-01	1.679459324158082412e-01	1.119639549438721515e-01	1.679459324158082412e-01	1.679459324158082412e-01	1.119639549438721515e-01	1.624548736462090026e-01	1.679459324158082412e-01	1.679459324158082412e-01	1.573033707865169883e-01	1.679459324158082412e-01	1.119639549438721515e-01	1.679459324158082412e-01	1.679459324158082412e-01	1.521739130434779930e-01	2.034482758620690113e-01	1.679459324158082412e-01	1.119639549438721515e-01	1.679459324158082412e-01	1.679459324158082412e-01	1.679459324158082412e-01	1.679459324158082412e-01	1.679459324158082412e-01	1.679459324158082412e-01
1.119639549438721515e-01	1.679459324158082412e-01	1.000000000000000000e+00	7.075098814229250355e-01	1.679459324158082412e-01	2.214765100671139963e-01	1.119639549438721515e-01	1.679459324158082412e-01	1.679459324158082412e-01	1.679459324158082412e-01	1.679459324158082412e-01	1.679459324158082412e-01	1.679459324158082412e-01	1.679459324158082412e-01	1.679459324158082412e-01	1.679459324158082412e-01	2.761904761904759864e-01	1.119639549438721515e-01	1.679459324158082412e-01	1.679459324158082412e-01	2.732394366197180013e-01	1.679459324158082412e-01	1.119639549438721515e-01	1.679459324158082412e-01	1.679459324158082412e-01	1.679459324158082412e-01	1.679459324158082412e-01	1.679459324158082412e-01	1.679459324158082412e-01	1.679459324158082412e-01	1.679459324158082412e-01	1.679459324158082412e-01	1.679459324158082412e-01	1.679459324158082412e-01	1.679459324158082412e-01	2.457337883959040126e-01	1.679459324158082412e-01	1.679459324158082412e-01	1.679459324158082412e-01	2.485207100591720064e-01	1.679459324158082412e-01	1.679459324158082412e-01	1.679459324158082412e-01	1.679459324158082412e-01	1.679459324158082412e-01	1.679459324158082412e-01	1.679459324158082412e-01	1.679459324158082412e-01	1.679459324158082412e-01	3.159722222222219878e-01	1.679459324158082412e-01	1.679459324158082412e-01	1.119639549438721515e-01	1.679459324158082412e-01	1.679459324158082412e-01	1.679459324158082412e-01	1.679459324158082412e-01	1.119639549438721515e-01	1.679459324158082412e-01	1.679459324158082412e-01	1.679459324158082412e-01	1.119639549438721515e-01	1.679459324158082412e-01	1.119639549438721515e-01	1.679459324158082412e-01	1.679459324158082412e-01	1.679459324158082412e-01	1.679459324158082412e-01	2.719101123595509817e-01	1.119639549438721515e-01	1.679459324158082412e-01	1.679459324158082412e-01	1.923076923076920131e-01	1.679459324158082412e-01	1.679459324158082412e-01	1.679459324158082412e-01	1.679459324158082412e-01	1.679459324158082412e-01	1.625766871165640060e-01	3.527696793002920161e-01	2.917771883289119739e-01	1.679459324158082412e-01	1.679459324158082412e-01	1.679459324158082412e-01	1.679459324158082412e-01	1.679459324158082412e-01	2.518518518518519933e-01	1.119639549438721515e-01	1.119639549438721515e-01	1.119639549438721515e-01	1.119639549438721515e-01	2.192307692307690070e-01	1.679459324158082412e-01	1.679459324158082412e-01	1.679459324158082412e-01	2.619926199261989885e-01	1.679459324158082412e-01	1.679459324158082412e-01	1.679459324158082412e-01	1.119639549438721515e-01	1.679459324158082412e-01	1.679459324158082412e-01	1.679459324158082412e-01	2.801418439716309994e-01	1.679459324158082412e-01	1.679459324158082412e-01	1.119639549438721515e-01	1.679459324158082412e-01	1.119639549438721515e-01	1.679459324158082412e-01	1.679459324158082412e-01	1.679459324158082412e-01	1.679459324158082412e-01	1.679459324158082412e-01	1.679459324158082412e-01	1.679459324158082412e-01	1.119639549438721515e-01	1.679459324158082412e-01	2.320261437908499869e-01	2.673611111111109939e-01	1.679459324158082412e-01	1.119639549438721515e-01	1.679459324158082412e-01	3.515625000000000000e-01
1.679459324158082412e-01	1.679459324158082412e-01	7.075098814229250355e-01	1.000000000000000000e+00	2.028985507246379993e-01	1.679459324158082412e-01	1.679459324158082412e-01	1.679459324158082412e-01	1.119639549438721515e-01	1.679459324158082412e-01	1.679459324158082412e-01	1.679459324158082412e-01	1.119639549438721515e-01	2.248520710059170036e-01	1.679459324158082412e-01	1.679459324158082412e-01	1.679459324158082412e-01	1.119639549438721515e-01	1.679459324158082412e-01	1.679459324158082412e-01	1.119639549438721515e-01	1.119639549438721515e-01	1.679459324158082412e-01	1.679459324158082412e-01	2.464183381088830005e-01	1.679459324158082412e-01	1.119639549438721515e-01	1.679459324158082412e-01	2.243589743589740060e-01	1.679459324158082412e-01	1.679459324158082412e-01	1.679459324158082412e-01	1.679459324158082412e-01	1.119639549438721515e-01	1.679459324158082412e-01	1.679459324158082412e-01	2.176656151419560092e-01	1.679459324158082412e-01	1.679459324158082412e-01	1.679459324158082412e-01	1.679459324158082412e-01	1.679459324158082412e-01	1.679459324158082412e-01	1.119639549438721515e-01	1.679459324158082412e-01	1.679459324158082412e-01	1.679459324158082412e-01	1.119639549438721515e-01	1.119639549438721515e-01	1.679459324158082412e-01	1.679459324158082412e-01	1.679459324158082412e-01	1.679459324158082412e-01	1.679459324158082412e-01	1.679459324158082412e-01	1.904761904761899938e-01	3.091482649842269836e-01	1.679459324158082412e-01	1.793103448275860101e-01	1.679459324158082412e-01	1.679459324158082412e-01	1.679459324158082412e-01	2.702702702702700077e-01	1.188118811881190007e-01	2.845070422535210253e-01	1.119639549438721515e-01	1.679459324158082412e-01	1.679459324158082412e-01	2.914046121593290017e-01	1.679459324158082412e-01	1.679459324158082412e-01	1.679459324158082412e-01	1.119639549438721515e-01	1.679459324158082412e-01	1.119639549438721515e-01	1.119639549438721515e-01	1.679459324158082412e-01	1.679459324158082412e-01	1.679459324158082412e-01	1.679459324158082412e-01	1.679459324158082412e-01	1.679459324158082412e-01	1.679459324158082412e-01	1.679459324158082412e-01	1.679459324158082412e-01	1.679459324158082412e-01	2.124999999999999944e-01	1.679459324158082412e-01	1.119639549438721515e-01	1.679459324158082412e-01	1.119639549438721515e-01	1.119639549438721515e-01	1.679459324158082412e-01	1.679459324158082412e-01	1.119639549438721515e-01	2.604501607717040201e-01	1.679459324158082412e-01	1.679459324158082412e-01	2.607361963190180099e-01	1.119639549438721515e-01	2.515527950310559868e-01	3.464285714285709750e-01	1.679459324158082412e-01	1.679459324158082412e-01	1.679459324158082412e-01	1.119639549438721515e-01	2.477611940298510007e-01	1.119639549438721515e-01	1.679459324158082412e-01	1.679459324158082412e-01	1.679459324158082412e-01	1.679459324158082412e-01	2.446483180428130066e-01	1.679459324158082412e-01	1.679459324158082412e-01	1.679459324158082412e-01	1.679459324158082412e-01	1.679459324158082412e-01	2.558823529411760056e-01	1.679459324158082412e-01	1.679459324158082412e-01	2.462121212121209934e-01	3.028169014084510224e-01	1.119639549438721515e-01
1.679459324158082412e-01	1.119639549438721515e-01	1.679459324158082412e-01	2.028985507246379993e-01	1.000000000000000000e+00	1.679459324158082412e-01	1.119639549438721515e-01	1.119639549438721515e-01	1.679459324158082412e-01	1.679459324158082412e-01	1.679459324158082412e-01	1.119639549438721515e-01	1.679459324158082412e-01	1.119639549438721515e-01	1.679459324158082412e-01	9.784946236559139976e-01	1.705426356589150039e-01	1.679459324158082412e-01	1.679459324158082412e-01	1.679459324158082412e-01	1.679459324158082412e-01	1.679459324158082412e-01	1.679459324158082412e-01	2.589285714285710083e-01	1.679459324158082412e-01	1.679459324158082412e-01	1.352941176470590090e-01	1.679459324158082412e-01	1.679459324158082412e-01	1.119639549438721515e-01	1.679459324158082412e-01	1.679459324158082412e-01	1.679459324158082412e-01	1.877551020408159965e-01	1.679459324158082412e-01	1.679459324158082412e-01	1.679459324158082412e-01	1.679459324158082412e-01	1.679459324158082412e-01	1.679459324158082412e-01	1.679459324158082412e-01	1.679459324158082412e-01	1.679459324158082412e-01	1.679459324158082412e-01	1.679459324158082412e-01	1.679459324158082412e-01	1.679459324158082412e-01	1.679459324158082412e-01	1.679459324158082412e-01	1.679459324158082412e-01	2.070312500000000000e-01	1.679459324158082412e-01	1.679459324158082412e-01	1.679459324158082412e-01	1.119639549438721515e-01	1.679459324158082412e-01	1.119639549438721515e-01	1.119639549438721515e-01	1.679459324158082412e-01	1.679459324158082412e-01	1.679459324158082412e-01	1.119639549438721515e-01	1.679459324158082412e-01	1.679459324158082412e-01	1.679459324158082412e-01	1.886120996441280062e-01	1.679459324158082412e-01	1.679459324158082412e-01	1.679459324158082412e-01	1.679459324158082412e-01	1.679459324158082412e-01	1.679459324158082412e-01	1.679459324158082412e-01	1.904761904761899938e-01	1.119639549438721515e-01	1.679459324158082412e-01	1.679459324158082412e-01	1.679459324158082412e-01	1.679459324158082412e-01	1.119639549438721515e-01	1.679459324158082412e-01	1.679459324158082412e-01	1.679459324158082412e-01	1.679459324158082412e-01	1.679459324158082412e-01	1.679459324158082412e-01	1.666666666666669905e-01	1.679459324158082412e-01	1.679459324158082412e-01	1.679459324158082412e-01	1.679459324158082412e-01	1.679459324158082412e-01	1.679459324158082412e-01	1.119639549438721515e-01	2.048192771084340058e-01	1.679459324158082412e-01	1.679459324158082412e-01	1.679459324158082412e-01	1.679459324158082412e-01	1.679459324158082412e-01	1.679459324158082412e-01	1.679459324158082412e-01	1.119639549438721515e-01	1.679459324158082412e-01	1.679459324158082412e-01	1.679459324158082412e-01	1.679459324158082412e-01	1.679459324158082412e-01	1.440677966101689966e-01	1.679459324158082412e-01	1.967213114754099990e-01	2.389380530973450045e-01	1.679459324158082412e-01	1.119639549438721515e-01	1.528384279475979990e-01	1.679459324158082412e-01	1.526717557251910107e-01	1.679459324158082412e-01	1.991341991341989970e-01	1.679459324158082412e-01	1.679459324158082412e-01	1.679459324158082412e-01	1.119639549438721515e-01	1.679459324158082412e-01
1.679459324158082412e-01	1.679459324158082412e-01	2.214765100671139963e-01	1.679459324158082412e-01	1.679459324158082412e-01	1.000000000000000000e+00	1.679459324158082412e-01	2.419354838709679989e-01	1.679459324158082412e-01	1.679459324158082412e-01	1.679459324158082412e-01	1.679459324158082412e-01	1.679459324158082412e-01	1.679459324158082412e-01	1.119639549438721515e-01	1.119639549438721515e-01	1.679459324158082412e-01	1.679459324158082412e-01	1.679459324158082412e-01	1.679459324158082412e-01	1.679459324158082412e-01	1.119639549438721515e-01	1.679459324158082412e-01	1.679459324158082412e-01	2.482993197278909880e-01	1.119639549438721515e-01	1.679459324158082412e-01	1.679459324158082412e-01	1.119639549438721515e-01	1.119639549438721515e-01	1.119639549438721515e-01	1.679459324158082412e-01	1.679459324158082412e-01	1.679459324158082412e-01	1.679459324158082412e-01	1.679459324158082412e-01	2.137404580152670042e-01	1.119639549438721515e-01	1.679459324158082412e-01	1.679459324158082412e-01	1.679459324158082412e-01	3.817427385892119829e-01	1.679459324158082412e-01	1.679459324158082412e-01	1.679459324158082412e-01	1.679459324158082412e-01	2.079999999999999905e-01	3.405797101449279940e-01	1.679459324158082412e-01	1.679459324158082412e-01	2.334384858044160072e-01	1.679459324158082412e-01	1.679459324158082412e-01	1.679459324158082412e-01	1.679459324158082412e-01	1.679459324158082412e-01	1.679459324158082412e-01	1.679459324158082412e-01	1.119639549438721515e-01	1.679459324158082412e-01	1.679459324158082412e-01	1.679459324158082412e-01	1.679459324158082412e-01	1.679459324158082412e-01	1.119639549438721515e-01	1.679459324158082412e-01	1.679459324158082412e-01	1.679459324158082412e-01	1.679459324158082412e-01	1.679459324158082412e-01	1.679459324158082412e-01	1.679459324158082412e-01	1.413427561837460045e-01	1.679459324158082412e-01	1.679459324158082412e-01	1.679459324158082412e-01	1.679459324158082412e-01	1.679459324158082412e-01	1.993355481727570044e-01	1.679459324158082412e-01	1.679459324158082412e-01	1.679459324158082412e-01	1.679459324158082412e-01	1.679459324158082412e-01	1.679459324158082412e-01	1.679459324158082412e-01	1.679459324158082412e-01	2.608695652173910196e-01	1.679459324158082412e-01	1.679459324158082412e-01	1.679459324158082412e-01	1.679459324158082412e-01	1.679459324158082412e-01	2.500000000000000000e-01	1.119639549438721515e-01	1.679459324158082412e-01	1.679459324158082412e-01	1.119639549438721515e-01	1.679459324158082412e-01	1.679459324158082412e-01	1.679459324158082412e-01	1.119639549438721515e-01	2.258064516129029975e-01	1.119639549438721515e-01	2.222222222222219878e-01	1.679459324158082412e-01	1.119639549438721515e-01	1.679459324158082412e-01	1.679459324158082412e-01	1.119639549438721515e-01	1.679459324158082412e-01	1.679459324158082412e-01	1.119639549438721515e-01	1.679459324158082412e-01	1.679459324158082412e-01	1.679459324158082412e-01	1.679459324158082412e-01	1.679459324158082412e-01	1.679459324158082412e-01	1.119639549438721515e-01	1.679459324158082412e-01	1.119639549438721515e-01	1.679459324158082412e-01	1.679459324158082412e-01
1.679459324158082412e-01	1.679459324158082412e-01	1.119639549438721515e-01	1.679459324158082412e-01	1.119639549438721515e-01	1.679459324158082412e-01	1.000000000000000000e+00	1.679459324158082412e-01	1.679459324158082412e-01	1.392405063291139999e-01	1.415525114155249953e-01	1.551724137931030090e-01	1.119639549438721515e-01	1.679459324158082412e-01	1.119639549438721515e-01	1.679459324158082412e-01	1.679459324158082412e-01	1.679459324158082412e-01	1.679459324158082412e-01	1.679459324158082412e-01	1.782178217821779875e-01	1.679459324158082412e-01	1.119639549438721515e-01	1.679459324158082412e-01	1.679459324158082412e-01	1.679459324158082412e-01	1.679459324158082412e-01	1.679459324158082412e-01	1.679459324158082412e-01	1.679459324158082412e-01	1.679459324158082412e-01	1.679459324158082412e-01	1.119639549438721515e-01	1.679459324158082412e-01	1.679459324158082412e-01	1.679459324158082412e-01	1.531100478468900017e-01	1.679459324158082412e-01	1.679459324158082412e-01	1.679459324158082412e-01	1.679459324158082412e-01	1.679459324158082412e-01	1.679459324158082412e-01	1.679459324158082412e-01	1.679459324158082412e-01	1.679459324158082412e-01	1.679459324158082412e-01	1.679459324158082412e-01	1.679459324158082412e-01	1.679459324158082412e-01	1.679459324158082412e-01	1.679459324158082412e-01	1.679459324158082412e-01	1.679459324158082412e-01	1.679459324158082412e-01	1.119639549438721515e-01	1.679459324158082412e-01	1.119639549438721515e-01	1.679459324158082412e-01	1.679459324158082412e-01	1.679459324158082412e-01	1.679459324158082412e-01	1.679459324158082412e-01	1.119639549438721515e-01	1.679459324158082412e-01	1.679459324158082412e-01	1.679459324158082412e-01	1.679459324158082412e-01	1.679459324158082412e-01	1.679459324158082412e-01	1.679459324158082412e-01	1.119639549438721515e-01	1.679459324158082412e-01	1.918604651162789942e-01	1.119639549438721515e-01	1.679459324158082412e-01	1.679459324158082412e-01	1.679459324158082412e-01	1.679459324158082412e-01	1.679459324158082412e-01	1.679459324158082412e-01	1.679459324158082412e-01	1.679459324158082412e-01	1.679459324158082412e-01	1.679459324158082412e-01	1.679459324158082412e-01	1.119639549438721515e-01	2.415094339622639863e-01	1.679459324158082412e-01	1.679459324158082412e-01	1.401869158878500110e-01	1.679459324158082412e-01	4.969696969696970057e-01	1.679459324158082412e-01	1.679459324158082412e-01	1.990291262135920058e-01	1.679459324158082412e-01	1.584158415841580014e-01	1.679459324158082412e-01	1.679459324158082412e-01	1.025641025641030046e-01	1.679459324158082412e-01	1.679459324158082412e-01	1.679459324158082412e-01	1.679459324158082412e-01	1.679459324158082412e-01	1.679459324158082412e-01	1.679459324158082412e-01	1.603375527426159908e-01	1.679459324158082412e-01	1.679459324158082412e-01	1.679459324158082412e-01	1.679459324158082412e-01	1.119639549438721515e-01	1.679459324158082412e-01	1.119639549438721515e-01	1.679459324158082412e-01	1.679459324158082412e-01	1.679459324158082412e-01	1.119639549438721515e-01	1.679459324158082412e-01	1.679459324158082412e-01	1.679459324158082412e-01	1.679459324158082412e-01
2.285714285714290084e-01	1.679459324158082412e-01	1.679459324158082412e-01	1.679459324158082412e-01	1.119639549438721515e-01	2.419354838709679989e-01	1.679459324158082412e-01	1.000000000000000000e+00	1.679459324158082412e-01	1.679459324158082412e-01	1.679459324158082412e-01	1.679459324158082412e-01	1.726618705035969925e-01	1.679459324158082412e-01	1.119639549438721515e-01	1.679459324158082412e-01	1.679459324158082412e-01	1.679459324158082412e-01	1.981566820276499941e-01	1.679459324158082412e-01	1.679459324158082412e-01	1.679459324158082412e-01	1.679459324158082412e-01	1.679459324158082412e-01	1.119639549438721515e-01	1.679459324158082412e-01	1.732673267326730049e-01	1.679459324158082412e-01	1.679459324158082412e-01	1.679459324158082412e-01	3.041237113402059933e-01	1.679459324158082412e-01	1.679459324158082412e-01	1.679459324158082412e-01	1.679459324158082412e-01	1.679459324158082412e-01	1.119639549438721515e-01	1.119639549438721515e-01	1.679459324158082412e-01	1.679459324158082412e-01	1.679459324158082412e-01	1.679459324158082412e-01	1.679459324158082412e-01	1.679459324158082412e-01	1.679459324158082412e-01	1.119639549438721515e-01	2.815533980582520246e-01	1.679459324158082412e-01	1.679459324158082412e-01	1.679459324158082412e-01	1.679459324158082412e-01	1.679459324158082412e-01	1.679459324158082412e-01	1.119639549438721515e-01	1.679459324158082412e-01	1.679459324158082412e-01	1.679459324158082412e-01	1.119639549438721515e-01	1.679459324158082412e-01	1.679459324158082412e-01	1.679459324158082412e-01	1.913875598086119956e-01	1.679459324158082412e-01	1.679459324158082412e-01	1.119639549438721515e-01	1.679459324158082412e-01	1.679459324158082412e-01	1.679459324158082412e-01	1.888111888111889958e-01	1.679459324158082412e-01	1.679459324158082412e-01	1.679459324158082412e-01	1.679459324158082412e-01	1.679459324158082412e-01	1.679459324158082412e-01	2.652439024390240152e-01	1.679459324158082412e-01	1.679459324158082412e-01	1.119639549438721515e-01	1.119639549438721515e-01	1.679459324158082412e-01	7.299270072992699622e-03	1.679459324158082412e-01	1.679459324158082412e-01	1.679459324158082412e-01	1.679459324158082412e-01	1.679459324158082412e-01	1.679459324158082412e-01	1.679459324158082412e-01	1.679459324158082412e-01	1.679459324158082412e-01	1.679459324158082412e-01	1.679459324158082412e-01	1.119639549438721515e-01	1.679459324158082412e-01	2.274678111587979945e-01	1.679459324158082412e-01	1.679459324158082412e-01	1.119639549438721515e-01	1.679459324158082412e-01	2.638297872340429895e-01	1.679459324158082412e-01	1.679459324158082412e-01	2.298387096774190119e-01	1.679459324158082412e-01	1.679459324158082412e-01	1.679459324158082412e-01	1.679459324158082412e-01	1.679459324158082412e-01	1.679459324158082412e-01	1.679459324158082412e-01	1.679459324158082412e-01	1.679459324158082412e-01	1.679459324158082412e-01	1.119639549438721515e-01	1.679459324158082412e-01	1.119639549438721515e-01	2.686567164179100020e-01	1.679459324158082412e-01	1.679459324158082412e-01	1.679459324158082412e-01	1.679459324158082412e-01	1.679459324158082412e-01	2.500000000000000000e-01
1.679459324158082412e-01	1.679459324158082412e-01	1.679459324158082412e-01	1.119639549438721515e-01	1.679459324158082412e-01	1.679459324158082412e-01	1.679459324158082412e-01	1.679459324158082412e-01	1.000000000000000000e+00	1.679459324158082412e-01	2.844444444444440001e-01	1.679459324158082412e-01	1.679459324158082412e-01	1.679459324158082412e-01	1.119639549438721515e-01	1.679459324158082412e-01	1.679459324158082412e-01	1.679459324158082412e-01	1.119639549438721515e-01	1.119639549438721515e-01	1.679459324158082412e-01	1.679459324158082412e-01	1.679459324158082412e-01	1.119639549438721515e-01	1.679459324158082412e-01	1.119639549438721515e-01	1.679459324158082412e-01	1.679459324158082412e-01	1.679459324158082412e-01	1.679459324158082412e-01	3.177083333333329818e-01	1.679459324158082412e-01	1.679459324158082412e-01	1.679459324158082412e-01	1.679459324158082412e-01	1.679459324158082412e-01	1.679459324158082412e-01	3.197969543147209937e-01	1.679459324158082412e-01	1.679459324158082412e-01	1.679459324158082412e-01	1.895161290322580072e-01	1.679459324158082412e-01	1.679459324158082412e-01	1.679459324158082412e-01	1.679459324158082412e-01	1.679459324158082412e-01	1.679459324158082412e-01	1.679459324158082412e-01	1.679459324158082412e-01	1.679459324158082412e-01	1.679459324158082412e-01	1.119639549438721515e-01	1.679459324158082412e-01	2.164502164502160042e-01	1.730769230769229894e-01	1.679459324158082412e-01	1.679459324158082412e-01	1.679459324158082412e-01	1.679459324158082412e-01	1.679459324158082412e-01	1.679459324158082412e-01	1.119639549438721515e-01	9.389671361502349711e-02	1.679459324158082412e-01	1.679459324158082412e-01	1.679459324158082412e-01	1.119639549438721515e-01	1.679459324158082412e-01	2.044198895027619922e-01	1.679459324158082412e-01	1.679459324158082412e-01	1.679459324158082412e-01	1.679459324158082412e-01	1.679459324158082412e-01	1.679459324158082412e-01	1.679459324158082412e-01	2.000000000000000111e-01	1.679459324158082412e-01	1.679459324158082412e-01	1.119639549438721515e-01	1.679459324158082412e-01	1.679459324158082412e-01	1.679459324158082412e-01	1.119639549438721515e-01	1.679459324158082412e-01	1.679459324158082412e-01	2.266666666666669883e-01	1.679459324158082412e-01	1.679459324158082412e-01	1.679459324158082412e-01	1.679459324158082412e-01	1.679459324158082412e-01	1.991341991341989970e-01	3.048128342245989830e-01	1.119639549438721515e-01	1.679459324158082412e-01	1.119639549438721515e-01	1.679459324158082412e-01	1.679459324158082412e-01	1.679459324158082412e-01	1.679459324158082412e-01	1.679459324158082412e-01	1.679459324158082412e-01	1.679459324158082412e-01	1.679459324158082412e-01	1.679459324158082412e-01	1.679459324158082412e-01	1.119639549438721515e-01	1.679459324158082412e-01	1.679459324158082412e-01	1.679459324158082412e-01	1.679459324158082412e-01	1.679459324158082412e-01	1.679459324158082412e-01	1.679459324158082412e-01	2.226148409893989877e-01	1.679459324158082412e-01	1.679459324158082412e-01	1.679459324158082412e-01	1.119639549438721515e-01	1.679459324158082412e-01	1.679459324158082412e-01	1.679459324158082412e-01
1.679459324158082412e-01	1.679459324158082412e-01	1.679459324158082412e-01	1.679459324158082412e-01	1.679459324158082412e-01	1.679459324158082412e-01	1.392405063291139999e-01	1.679459324158082412e-01	1.679459324158082412e-01	1.000000000000000000e+00	1.679459324158082412e-01	1.119639549438721515e-01	1.119639549438721515e-01	1.679459324158082412e-01	1.679459324158082412e-01	1.679459324158082412e-01	1.679459324158082412e-01	1.679459324158082412e-01	1.679459324158082412e-01	1.679459324158082412e-01	1.119639549438721515e-01	1.119639549438721515e-01	1.679459324158082412e-01	1.679459324158082412e-01	1.679459324158082412e-01	1.679459324158082412e-01	1.679459324158082412e-01	1.679459324158082412e-01	1.679459324158082412e-01	1.119639549438721515e-01	1.679459324158082412e-01	1.679459324158082412e-01	1.679459324158082412e-01	1.679459324158082412e-01	1.119639549438721515e-01	1.679459324158082412e-01	1.679459324158082412e-01	1.679459324158082412e-01	1.119639549438721515e-01	1.119639549438721515e-01	1.679459324158082412e-01	1.679459324158082412e-01	1.679459324158082412e-01	1.119639549438721515e-01	1.679459324158082412e-01	1.679459324158082412e-01	1.679459324158082412e-01	1.679459324158082412e-01	1.679459324158082412e-01	1.679459324158082412e-01	1.679459324158082412e-01	3.392226148409889785e-01	1.679459324158082412e-01	1.679459324158082412e-01	1.679459324158082412e-01	1.679459324158082412e-01	1.679459324158082412e-01	1.679459324158082412e-01	1.679459324158082412e-01	1.679459324158082412e-01	1.679459324158082412e-01	1.679459324158082412e-01	1.679459324158082412e-01	1.679459324158082412e-01	1.679459324158082412e-01	1.679459324158082412e-01	1.679459324158082412e-01	1.679459324158082412e-01	2.477272727272729902e-01	1.119639549438721515e-01	1.679459324158082412e-01	1.119639549438721515e-01	1.119639549438721515e-01	1.679459324158082412e-01	1.679459324158082412e-01	1.679459324158082412e-01	1.679459324158082412e-01	1.679459324158082412e-01	1.947194719471949942e-01	1.679459324158082412e-01	1.679459324158082412e-01	1.679459324158082412e-01	1.679459324158082412e-01	1.679459324158082412e-01	1.679459324158082412e-01	1.679459324158082412e-01	1.679459324158082412e-01	1.679459324158082412e-01	1.679459324158082412e-01	1.679459324158082412e-01	1.119639549438721515e-01	1.119639549438721515e-01	1.679459324158082412e-01	1.679459324158082412e-01	2.198275862068969910e-01	1.679459324158082412e-01	1.679459324158082412e-01	1.679459324158082412e-01	2.198581560283690006e-01	1.481481481481480011e-01	1.679459324158082412e-01	1.119639549438721515e-01	1.679459324158082412e-01	1.679459324158082412e-01	1.679459324158082412e-01	1.679459324158082412e-01	3.873517786561260223e-01	1.679459324158082412e-01	1.119639549438721515e-01	2.611940298507460234e-01	1.796875000000000000e-01	1.119639549438721515e-01	1.119639549438721515e-01	1.679459324158082412e-01	1.679459324158082412e-01	1.679459324158082412e-01	1.679459324158082412e-01	1.679459324158082412e-01	1.679459324158082412e-01	2.473118279569889999e-01	1.679459324158082412e-01	1.679459324158082412e-01	1.679459324158082412e-01	1.679459324158082412e-01
2.764976958525349748e-01	1.412213740458020117e-01	1.679459324158082412e-01	1.679459324158082412e-01	1.679459324158082412e-01	1.679459324158082412e-01	1.415525114155249953e-01	1.679459324158082412e-01	2.844444444444440001e-01	1.679459324158082412e-01	1.000000000000000000e+00	1.679459324158082412e-01	1.119639549438721515e-01	1.679459324158082412e-01	1.679459324158082412e-01	1.650943396226420001e-01	1.679459324158082412e-01	1.679459324158082412e-01	1.119639549438721515e-01	1.679459324158082412e-01	1.679459324158082412e-01	3.223140495867770072e-01	3.362068965517239771e-01	1.679459324158082412e-01	1.119639549438721515e-01	1.679459324158082412e-01	1.679459324158082412e-01	1.119639549438721515e-01	1.679459324158082412e-01	1.679459324158082412e-01	1.679459324158082412e-01	1.679459324158082412e-01	1.679459324158082412e-01	1.679459324158082412e-01	1.679459324158082412e-01	1.679459324158082412e-01	1.119639549438721515e-01	1.679459324158082412e-01	1.679459324158082412e-01	1.679459324158082412e-01	1.520270270270270008e-01	1.119639549438721515e-01	1.679459324158082412e-01	1.679459324158082412e-01	1.679459324158082412e-01	1.679459324158082412e-01	1.119639549438721515e-01	1.679459324158082412e-01	1.119639549438721515e-01	1.679459324158082412e-01	2.196721311475409999e-01	1.679459324158082412e-01	1.679459324158082412e-01	1.679459324158082412e-01	1.679459324158082412e-01	1.679459324158082412e-01	1.119639549438721515e-01	1.679459324158082412e-01	1.679459324158082412e-01	1.679459324158082412e-01	1.679459324158082412e-01	1.679459324158082412e-01	1.679459324158082412e-01	1.679459324158082412e-01	1.864951768488750106e-01	1.679459324158082412e-01	1.679459324158082412e-01	1.679459324158082412e-01	2.217090069284060050e-01	1.679459324158082412e-01	1.679459324158082412e-01	1.000000000000000056e-01	1.679459324158082412e-01	2.955665024630539928e-01	1.679459324158082412e-01	1.679459324158082412e-01	1.679459324158082412e-01	1.679459324158082412e-01	1.679459324158082412e-01	1.679459324158082412e-01	1.679459324158082412e-01	1.679459324158082412e-01	1.679459324158082412e-01	1.679459324158082412e-01	1.679459324158082412e-01	1.679459324158082412e-01	1.679459324158082412e-01	1.679459324158082412e-01	1.679459324158082412e-01	1.679459324158082412e-01	1.119639549438721515e-01	1.679459324158082412e-01	1.679459324158082412e-01	1.119639549438721515e-01	1.679459324158082412e-01	1.679459324158082412e-01	2.763819095477390020e-01	1.679459324158082412e-01	1.679459324158082412e-01	1.342756183745580090e-01	1.679459324158082412e-01	1.119639549438721515e-01	1.660649819494580126e-01	1.679459324158082412e-01	1.679459324158082412e-01	2.653061224489799974e-01	1.679459324158082412e-01	1.679459324158082412e-01	1.679459324158082412e-01	1.679459324158082412e-01	1.679459324158082412e-01	1.679459324158082412e-01	1.679459324158082412e-01	3.881278538812790169e-01	1.679459324158082412e-01	1.679459324158082412e-01	1.679459324158082412e-01	1.965065502183409862e-01	1.679459324158082412e-01	1.679459324158082412e-01	1.679459324158082412e-01	1.679459324158082412e-01	1.679459324158082412e-01	3.493449781659390130e-01
1.679459324158082412e-01	1.679459324158082412e-01	1.679459324158082412e-01	1.679459324158082412e-01	1.119639549438721515e-01	1.679459324158082412e-01	1.551724137931030090e-01	1.679459324158082412e-01	1.679459324158082412e-01	1.119639549438721515e-01	1.679459324158082412e-01	1.000000000000000000e+00	2.781690140845070047e-01	1.119639549438721515e-01	1.679459324158082412e-01	1.883408071748879919e-01	1.679459324158082412e-01	3.805309734513270259e-01	1.679459324158082412e-01	3.946188340807170181e-01	1.119639549438721515e-01	1.679459324158082412e-01	1.679459324158082412e-01	1.679459324158082412e-01	1.119639549438721515e-01	1.679459324158082412e-01	2.398190045248869973e-01	1.679459324158082412e-01	1.679459324158082412e-01	1.679459324158082412e-01	1.679459324158082412e-01	8.225108225108229698e-02	1.679459324158082412e-01	1.679459324158082412e-01	1.679459324158082412e-01	1.679459324158082412e-01	1.679459324158082412e-01	1.832669322709160054e-01	3.599999999999999867e-01	1.679459324158082412e-01	1.679459324158082412e-01	1.679459324158082412e-01	1.679459324158082412e-01	1.679459324158082412e-01	1.679459324158082412e-01	1.679459324158082412e-01	1.679459324158082412e-01	1.679459324158082412e-01	2.445255474452550093e-01	1.119639549438721515e-01	1.679459324158082412e-01	1.679459324158082412e-01	1.679459324158082412e-01	1.679459324158082412e-01	1.679459324158082412e-01	1.679459324158082412e-01	1.679459324158082412e-01	1.679459324158082412e-01	1.679459324158082412e-01	1.679459324158082412e-01	1.679459324158082412e-01	1.679459324158082412e-01	1.679459324158082412e-01	8.433734939759039706e-02	1.679459324158082412e-01	1.679459324158082412e-01	1.679459324158082412e-01	1.119639549438721515e-01	1.679459324158082412e-01	1.679459324158082412e-01	1.119639549438721515e-01	1.679459324158082412e-01	1.679459324158082412e-01	1.679459324158082412e-01	1.679459324158082412e-01	1.679459324158082412e-01	1.679459324158082412e-01	2.558922558922560042e-01	1.119639549438721515e-01	1.679459324158082412e-01	1.679459324158082412e-01	1.679459324158082412e-01	1.679459324158082412e-01	1.679459324158082412e-01	1.679459324158082412e-01	1.679459324158082412e-01	1.679459324158082412e-01	3.149350649350650122e-01	1.679459324158082412e-01	1.119639549438721515e-01	1.679459324158082412e-01	1.679459324158082412e-01	1.679459324158082412e-01	1.679459324158082412e-01	1.679459324158082412e-01	1.679459324158082412e-01	1.679459324158082412e-01	1.679459324158082412e-01	1.679459324158082412e-01	1.679459324158082412e-01	1.679459324158082412e-01	2.320000000000000118e-01	1.718213058419240102e-01	3.902439024390240152e-01	1.679459324158082412e-01	1.679459324158082412e-01	1.679459324158082412e-01	1.944444444444440034e-01	1.679459324158082412e-01	1.679459324158082412e-01	1.119639549438721515e-01	1.679459324158082412e-01	3.100775193798450124e-01	1.679459324158082412e-01	1.679459324158082412e-01	1.679459324158082412e-01	1.119639549438721515e-01	1.679459324158082412e-01	1.679459324158082412e-01	1.679459324158082412e-01	2.157534246575339987e-01	1.679459324158082412e-01	1.679459324158082412e-01	1.679459324158082412e-01
