1.000000000000000000e+00	3.329729729729730137e-01	2.772451099466674007e-01	2.772451099466674007e-01	2.283737024221449974e-01	2.772451099466674007e-01	2.772451099466674007e-01	2.772451099466674007e-01	2.772451099466674007e-01	2.772451099466674007e-01	2.772451099466674007e-01	2.772451099466674007e-01	2.772451099466674007e-01	2.772451099466674007e-01	2.772451099466674007e-01	2.772451099466674007e-01	2.772451099466674007e-01	3.674698795180719735e-01	2.772451099466674007e-01	2.677304964539010124e-01	2.772451099466674007e-01	2.772451099466674007e-01	2.772451099466674007e-01	2.772451099466674007e-01	2.772451099466674007e-01	2.772451099466674007e-01	2.772451099466674007e-01	3.256814921090390169e-01	2.563636363636360160e-01	2.772451099466674007e-01	2.772451099466674007e-01	9.951456310679610007e-02	3.053691275167790264e-01	2.435233160621760040e-01	2.772451099466674007e-01	2.772451099466674007e-01	2.772451099466674007e-01	2.772451099466674007e-01	3.746397694524499777e-01	2.772451099466674007e-01	2.772451099466674007e-01	2.772451099466674007e-01	2.772451099466674007e-01	2.772451099466674007e-01	3.371691599539700102e-01	2.772451099466674007e-01	2.772451099466674007e-01	2.772451099466674007e-01	2.772451099466674007e-01	2.772451099466674007e-01	2.772451099466674007e-01	3.101361573373679903e-01	2.772451099466674007e-01	2.483974358974359864e-01	2.772451099466674007e-01	2.772451099466674007e-01	2.772451099466674007e-01	2.772451099466674007e-01	2.020833333333330040e-01	2.140522875816990023e-01	2.772451099466674007e-01	2.155339805825239874e-01	2.950257289879930078e-01	2.772451099466674007e-01	2.772451099466674007e-01	2.772451099466674007e-01	2.772451099466674007e-01	2.772451099466674007e-01	2.772451099466674007e-01	2.772451099466674007e-01	2.772451099466674007e-01	2.772451099466674007e-01	2.772451099466674007e-01	2.772451099466674007e-01	2.356792144026189917e-01	2.772451099466674007e-01	2.772451099466674007e-01	2.772451099466674007e-01	1.853932584269659956e-01	2.772451099466674007e-01	3.428571428571430268e-01	1.108033240997229919e-02	1.793248945147679907e-01	2.772451099466674007e-01	2.772451099466674007e-01	2.772451099466674007e-01	2.772451099466674007e-01	2.772451099466674007e-01	2.772451099466674007e-01	2.772451099466674007e-01	2.772451099466674007e-01	2.772451099466674007e-01	2.772451099466674007e-01	2.772451099466674007e-01	1.385681293302540029e-01	2.772451099466674007e-01	1.279826464208239922e-01	2.772451099466674007e-01	2.772451099466674007e-01	2.772451099466674007e-01	2.671353251318099864e-01	2.234432234432230102e-01	2.243478260869569973e-01	2.772451099466674007e-01	2.639138240574510075e-01	2.772451099466674007e-01	2.794759825327510216e-01	2.772451099466674007e-01	3.233438485804420170e-01	2.772451099466674007e-01	2.772451099466674007e-01	2.657450076804919736e-01	2.772451099466674007e-01	2.772451099466674007e-01	2.545787545787550066e-01	2.772451099466674007e-01	2.772451099466674007e-01	2.772451099466674007e-01	2.772451099466674007e-01	2.772451099466674007e-01	2.772451099466674007e-01	2.772451099466674007e-01	2.772451099466674007e-01	2.772451099466674007e-01
3.329729729729730137e-01	1.000000000000000000e+00	2.772451099466674007e-01	2.772451099466674007e-01	3.315217391304349781e-01	2.772451099466674007e-01	2.772451099466674007e-01	2.772451099466674007e-01	2.772451099466674007e-01	2.772451099466674007e-01	4.566596194503170225e-01	2.772451099466674007e-01	2.772451099466674007e-01	2.772451099466674007e-01	2.772451099466674007e-01	2.772451099466674007e-01	2.772451099466674007e-01	2.772451099466674007e-01	2.850924918389550200e-01	3.326110509209099786e-01	2.772451099466674007e-01	2.772451099466674007e-01	4.059511158342190007e-01	4.227902023429179756e-01	4.063829787234040092e-01	2.772451099466674007e-01	1.451068616422949986e-01	2.772451099466674007e-01	2.772451099466674007e-01	4.402116402116399985e-01	3.423913043478259977e-01	2.772451099466674007e-01	2.772451099466674007e-01	3.453159041394340267e-01	2.772451099466674007e-01	3.254310344827590074e-01	2.682660850599780100e-01	2.772451099466674007e-01	2.772451099466674007e-01	2.772451099466674007e-01	2.772451099466674007e-01	2.772451099466674007e-01	2.120535714285710083e-01	2.772451099466674007e-01	7.008113590263690407e-01	2.772451099466674007e-01	2.772451099466674007e-01	2.772451099466674007e-01	2.772451099466674007e-01	4.838709677419349986e-01	2.772451099466674007e-01	2.772451099466674007e-01	2.772451099466674007e-01	2.772451099466674007e-01	2.772451099466674007e-01	2.772451099466674007e-01	4.288747346072189770e-01	2.772451099466674007e-01	1.973684210526319982e-01	2.772451099466674007e-01	7.657657657657659933e-02	2.772451099466674007e-01	3.626609442060089727e-01	5.063424947145880317e-01	2.772451099466674007e-01	2.772451099466674007e-01	2.772451099466674007e-01	1.511111111111110017e-01	2.772451099466674007e-01	1.649831649831650093e-01	4.358974358974360142e-01	2.772451099466674007e-01	2.772451099466674007e-01	2.772451099466674007e-01	2.772451099466674007e-01	2.772451099466674007e-01	2.772451099466674007e-01	2.772451099466674007e-01	2.772451099466674007e-01	4.282678002125400174e-01	2.772451099466674007e-01	2.772451099466674007e-01	2.772451099466674007e-01	2.772451099466674007e-01	2.772451099466674007e-01	1.564625850340140012e-01	2.772451099466674007e-01	2.772451099466674007e-01	1.619797525309339958e-01	2.772451099466674007e-01	2.772451099466674007e-01	2.772451099466674007e-01	2.772451099466674007e-01	2.772451099466674007e-01	1.313131313131309930e-01	4.600000000000000200e-01	1.577181208053690109e-01	2.772451099466674007e-01	2.772451099466674007e-01	2.772451099466674007e-01	3.347732181425490117e-01	2.772451099466674007e-01	2.772451099466674007e-01	2.772451099466674007e-01	3.192640692640689726e-01	2.772451099466674007e-01	4.642857142857140240e-01	2.772451099466674007e-01	2.772451099466674007e-01	2.772451099466674007e-01	2.263736263736260135e-01	2.772451099466674007e-01	2.772451099466674007e-01	2.772451099466674007e-01	3.015184381778739930e-01	2.772451099466674007e-01	3.888888888888890061e-01	2.772451099466674007e-01	2.772451099466674007e-01	2.772451099466674007e-01	2.772451099466674007e-01	2.109375000000000000e-01	2.772451099466674007e-01	2.772451099466674007e-01
2.772451099466674007e-01	2.772451099466674007e-01	1.000000000000000000e+00	2.772451099466674007e-01	2.772451099466674007e-01	2.772451099466674007e-01	2.091097308488610029e-01	2.772451099466674007e-01	2.772451099466674007e-01	2.772451099466674007e-01	2.772451099466674007e-01	2.670713201820940075e-01	2.465986394557820038e-01	2.981072555205049879e-01	2.772451099466674007e-01	2.772451099466674007e-01	2.772451099466674007e-01	2.772451099466674007e-01	2.239089184060719939e-01	2.772451099466674007e-01	2.772451099466674007e-01	2.802919708029200097e-01	2.772451099466674007e-01	2.772451099466674007e-01	2.596153846153850253e-01	3.091655266757870058e-01	2.772451099466674007e-01	2.772451099466674007e-01	2.430426716141000087e-01	3.012618296529970263e-01	2.920517560073940255e-01	2.772451099466674007e-01	2.471169686985169867e-01	2.772451099466674007e-01	2.772451099466674007e-01	2.664233576642339729e-01	2.772451099466674007e-01	2.867513611615239988e-01	3.030726256983239941e-01	3.010204081632649742e-01	2.772451099466674007e-01	2.772451099466674007e-01	2.772451099466674007e-01	2.772451099466674007e-01	3.392018779342719781e-01	2.569558101473000122e-01	2.772451099466674007e-01	2.772451099466674007e-01	2.619414483821260187e-01	2.772451099466674007e-01	2.772451099466674007e-01	2.772451099466674007e-01	2.772451099466674007e-01	2.772451099466674007e-01	2.772451099466674007e-01	2.772451099466674007e-01	2.836767036450080215e-01	2.772451099466674007e-01	2.772451099466674007e-01	2.772451099466674007e-01	2.772451099466674007e-01	2.772451099466674007e-01	2.772451099466674007e-01	2.772988505747129850e-01	2.772451099466674007e-01	2.772451099466674007e-01	2.772451099466674007e-01	2.772451099466674007e-01	2.772451099466674007e-01	2.772451099466674007e-01	2.772451099466674007e-01	3.267015706806279951e-01	2.772451099466674007e-01	3.069105691056909779e-01	2.809773123909249937e-01	2.772451099466674007e-01	2.772451099466674007e-01	2.588996763754050079e-01	2.772451099466674007e-01	2.772451099466674007e-01	2.772451099466674007e-01	2.772451099466674007e-01	1.721132897603490086e-01	2.772451099466674007e-01	2.772451099466674007e-01	2.772451099466674007e-01	2.772451099466674007e-01	3.199052132701419859e-01	2.772451099466674007e-01	2.772451099466674007e-01	2.772451099466674007e-01	2.772451099466674007e-01	2.772451099466674007e-01	2.772451099466674007e-01	2.772451099466674007e-01	2.772451099466674007e-01	2.772451099466674007e-01	2.772451099466674007e-01	2.772451099466674007e-01	2.846251588310039771e-01	2.772451099466674007e-01	2.772451099466674007e-01	2.671614100185529805e-01	2.772451099466674007e-01	2.578268876611419791e-01	2.772451099466674007e-01	2.825112107623319879e-01	2.179261862917399872e-01	2.772451099466674007e-01	2.652388797364089723e-01	2.314225053078559913e-01	2.930756843800320088e-01	2.772451099466674007e-01	2.772451099466674007e-01	2.772451099466674007e-01	2.772451099466674007e-01	2.772451099466674007e-01	2.772451099466674007e-01	2.772451099466674007e-01	2.807971014492749995e-01	2.772451099466674007e-01	2.772451099466674007e-01	2.772451099466674007e-01	2.772451099466674007e-01
2.772451099466674007e-01	2.772451099466674007e-01	2.772451099466674007e-01	1.000000000000000000e+00	2.889518413597729762e-01	2.772451099466674007e-01	2.772451099466674007e-01	2.772451099466674007e-01	2.772451099466674007e-01	2.772451099466674007e-01	2.772451099466674007e-01	3.968253968253970254e-01	3.140495867768600124e-01	2.772451099466674007e-01	1.542372881355930092e-01	2.772451099466674007e-01	2.772451099466674007e-01	2.805232558139529875e-01	2.772451099466674007e-01	2.772451099466674007e-01	2.772451099466674007e-01	3.881163084702909938e-01	3.584905660377359915e-01	2.772451099466674007e-01	2.772451099466674007e-01	2.772451099466674007e-01	2.772451099466674007e-01	2.772451099466674007e-01	2.772451099466674007e-01	3.781291172595520056e-01	2.772451099466674007e-01	2.772451099466674007e-01	3.378932968536250137e-01	2.772451099466674007e-01	3.523391812865500072e-01	3.127690100430419728e-01	2.488954344624449977e-01	3.117066290550070118e-01	2.772451099466674007e-01	4.231651376146789989e-01	2.772451099466674007e-01	2.772451099466674007e-01	2.772451099466674007e-01	2.603369065849919783e-01	2.772451099466674007e-01	3.437500000000000000e-01	2.772451099466674007e-01	3.287482806052269835e-01	2.772451099466674007e-01	2.772451099466674007e-01	3.578231292517010109e-01	2.772451099466674007e-01	9.965034965034960668e-02	2.772451099466674007e-01	2.772451099466674007e-01	2.772451099466674007e-01	2.772451099466674007e-01	1.538461538461539935e-01	2.216981132075470096e-01	3.413940256045520094e-01	9.948542024013720675e-02	2.772451099466674007e-01	3.337988826815639909e-01	3.805970149253730117e-01	3.252148997134670094e-01	2.772451099466674007e-01	2.772451099466674007e-01	2.772451099466674007e-01	5.458984375000000000e-01	2.772451099466674007e-01	2.772451099466674007e-01	2.772451099466674007e-01	2.772451099466674007e-01	3.170731707317069881e-01	3.394109396914449794e-01	2.772451099466674007e-01	2.772451099466674007e-01	2.772451099466674007e-01	2.772451099466674007e-01	2.772451099466674007e-01	2.772451099466674007e-01	2.772451099466674007e-01	2.772451099466674007e-01	4.577226606538900011e-01	2.772451099466674007e-01	2.772451099466674007e-01	3.281471004243279865e-01	2.772451099466674007e-01	2.772451099466674007e-01	2.772451099466674007e-01	2.772451099466674007e-01	2.772451099466674007e-01	2.772451099466674007e-01	2.772451099466674007e-01	2.772451099466674007e-01	2.772451099466674007e-01	2.772451099466674007e-01	2.772451099466674007e-01	2.261904761904759975e-01	4.226327944572749740e-01	2.772451099466674007e-01	2.916666666666670182e-01	3.101449275362320179e-01	2.772451099466674007e-01	2.772451099466674007e-01	2.772451099466674007e-01	2.772451099466674007e-01	2.772451099466674007e-01	2.772451099466674007e-01	2.772451099466674007e-01	2.437888198757759972e-01	2.772451099466674007e-01	4.062500000000000000e-01	2.772451099466674007e-01	2.772451099466674007e-01	2.772451099466674007e-01	2.772451099466674007e-01	2.772451099466674007e-01	2.772451099466674007e-01	3.295128939828079750e-01	2.772451099466674007e-01	2.145110410094639986e-01	2.772451099466674007e-01	2.772451099466674007e-01
2.283737024221449974e-01	3.315217391304349781e-01	2.772451099466674007e-01	2.889518413597729762e-01	1.000000000000000000e+00	3.266978922716630152e-01	2.772451099466674007e-01	2.466666666666670060e-01	2.772451099466674007e-01	2.772451099466674007e-01	2.772451099466674007e-01	2.772451099466674007e-01	2.772451099466674007e-01	2.881355932203389925e-01	2.772451099466674007e-01	2.772451099466674007e-01	2.772451099466674007e-01	2.772451099466674007e-01	2.772451099466674007e-01	2.295652173913040051e-01	2.772451099466674007e-01	2.772451099466674007e-01	2.772451099466674007e-01	2.783018867924529904e-01	2.772451099466674007e-01	2.772451099466674007e-01	1.250000000000000000e-01	2.772451099466674007e-01	2.772451099466674007e-01	2.772451099466674007e-01	2.772451099466674007e-01	2.772451099466674007e-01	2.643678160919539777e-01	2.772451099466674007e-01	2.772451099466674007e-01	2.772451099466674007e-01	1.895910780669139983e-01	2.600349040139620094e-01	2.772451099466674007e-01	3.176020408163269804e-01	2.772451099466674007e-01	2.772451099466674007e-01	2.772451099466674007e-01	2.974683544303799998e-01	2.772451099466674007e-01	2.772451099466674007e-01	2.772451099466674007e-01	2.772451099466674007e-01	2.772451099466674007e-01	2.772451099466674007e-01	2.772451099466674007e-01	2.786885245901640218e-01	1.286863270777479917e-01	2.772451099466674007e-01	2.772451099466674007e-01	2.772451099466674007e-01	2.779503105590059864e-01	1.607929515418499988e-01	1.780538302277429874e-01	2.772451099466674007e-01	2.772451099466674007e-01	2.384769539078160083e-01	2.772451099466674007e-01	2.704225352112680225e-01	2.319587628865980022e-01	2.789017341040460063e-01	2.772451099466674007e-01	2.772451099466674007e-01	3.427734375000000000e-01	2.772451099466674007e-01	2.929133858267720103e-01	3.291796469366560229e-01	2.772451099466674007e-01	2.772451099466674007e-01	2.772451099466674007e-01	2.772451099466674007e-01	2.772451099466674007e-01	2.772451099466674007e-01	1.950286806883370083e-01	2.772451099466674007e-01	2.772451099466674007e-01	1.133144475920679940e-02	2.772451099466674007e-01	3.312883435582820169e-01	2.772451099466674007e-01	2.772451099466674007e-01	2.327150084317030077e-01	2.772451099466674007e-01	1.888111888111889958e-01	2.772451099466674007e-01	2.772451099466674007e-01	2.772451099466674007e-01	3.364779874213840172e-01	2.772451099466674007e-01	1.575178997613370102e-01	2.772451099466674007e-01	2.772451099466674007e-01	2.772451099466674007e-01	2.772451099466674007e-01	2.772451099466674007e-01	2.772451099466674007e-01	2.087912087912089931e-01	2.772451099466674007e-01	2.772451099466674007e-01	2.473118279569889999e-01	2.772451099466674007e-01	2.772451099466674007e-01	2.772451099466674007e-01	2.772451099466674007e-01	2.699186991869920171e-01	2.102040816326530004e-01	2.870662460567819929e-01	2.772451099466674007e-01	2.772451099466674007e-01	2.772451099466674007e-01	2.857142857142859760e-01	2.772451099466674007e-01	2.772451099466674007e-01	2.772451099466674007e-01	2.772451099466674007e-01	2.772451099466674007e-01	2.772451099466674007e-01	2.772451099466674007e-01	2.772451099466674007e-01
2.772451099466674007e-01	2.772451099466674007e-01	2.772451099466674007e-01	2.772451099466674007e-01	3.266978922716630152e-01	1.000000000000000000e+00	2.772451099466674007e-01	2.772451099466674007e-01	2.772451099466674007e-01	3.709131905298759802e-01	2.772451099466674007e-01	2.772451099466674007e-01	2.772451099466674007e-01	2.772451099466674007e-01	2.772451099466674007e-01	2.772451099466674007e-01	2.772451099466674007e-01	2.772451099466674007e-01	2.772451099466674007e-01	2.772451099466674007e-01	2.772451099466674007e-01	4.580573951434879776e-01	2.772451099466674007e-01	4.088335220838050232e-01	4.089347079037800037e-01	5.178764897074760176e-01	2.772451099466674007e-01	2.772451099466674007e-01	3.075117370892019864e-01	4.404086265607259909e-01	2.772451099466674007e-01	2.772451099466674007e-01	2.772451099466674007e-01	2.772451099466674007e-01	2.772451099466674007e-01	2.772451099466674007e-01	2.482517482517480056e-01	2.772451099466674007e-01	2.772451099466674007e-01	2.772451099466674007e-01	2.772451099466674007e-01	2.772451099466674007e-01	2.107186358099880086e-01	2.772451099466674007e-01	2.772451099466674007e-01	2.772451099466674007e-01	2.772451099466674007e-01	2.772451099466674007e-01	2.772451099466674007e-01	5.022522522522520072e-01	2.772451099466674007e-01	4.532130777903040086e-01	2.772451099466674007e-01	3.784403669724770158e-01	3.008130081300809944e-01	2.772451099466674007e-01	2.772451099466674007e-01	2.772451099466674007e-01	2.772451099466674007e-01	3.417721518987340001e-01	2.772451099466674007e-01	2.772451099466674007e-01	2.772451099466674007e-01	2.772451099466674007e-01	2.772451099466674007e-01	2.772451099466674007e-01	3.515358361774740259e-01	2.772451099466674007e-01	2.772451099466674007e-01	2.772451099466674007e-01	4.507531865585169828e-01	2.772451099466674007e-01	2.772451099466674007e-01	2.955899880810490266e-01	2.772451099466674007e-01	6.516393442622949728e-01	2.772451099466674007e-01	3.965714285714290188e-01	2.772451099466674007e-01	4.457274826789839883e-01	2.772451099466674007e-01	2.772451099466674007e-01	2.772451099466674007e-01	2.772451099466674007e-01	2.772451099466674007e-01	1.400491400491399863e-01	2.772451099466674007e-01	2.772451099466674007e-01	2.772451099466674007e-01	2.772451099466674007e-01	3.137931034482759896e-01	2.648456057007130271e-01	7.267206477732790493e-01	2.772451099466674007e-01	2.772451099466674007e-01	4.485458612975389836e-01	2.772451099466674007e-01	2.772451099466674007e-01	2.772451099466674007e-01	5.594855305466239770e-01	3.286875725900120226e-01	2.775175644028100019e-01	2.772451099466674007e-01	3.955056179775279790e-01	2.772451099466674007e-01	2.772451099466674007e-01	4.434589800443459739e-01	3.129330254041570170e-01	2.772451099466674007e-01	4.044032444959440031e-01	2.307692307692310041e-01	2.772451099466674007e-01	4.764512595837899767e-01	2.772451099466674007e-01	2.772451099466674007e-01	2.772451099466674007e-01	2.772451099466674007e-01	2.772451099466674007e-01	2.772451099466674007e-01	3.337195828505210016e-01	2.772451099466674007e-01	2.772451099466674007e-01	2.772451099466674007e-01	2.772451099466674007e-01
2.772451099466674007e-01	2.772451099466674007e-01	2.091097308488610029e-01	2.772451099466674007e-01	2.772451099466674007e-01	2.772451099466674007e-01	1.000000000000000000e+00	2.772451099466674007e-01	1.938579654510559913e-01	2.772451099466674007e-01	2.772451099466674007e-01	2.772451099466674007e-01	2.772451099466674007e-01	2.772451099466674007e-01	2.772451099466674007e-01	2.772451099466674007e-01	2.296416938110749928e-01	2.772451099466674007e-01	2.772451099466674007e-01	2.772451099466674007e-01	2.772451099466674007e-01	2.772451099466674007e-01	2.257495590828919874e-01	2.772451099466674007e-01	2.772451099466674007e-01	2.234794908062230079e-01	1.239193083573490034e-01	2.772451099466674007e-01	2.772451099466674007e-01	2.772451099466674007e-01	2.019801980198019931e-01	2.454212454212449934e-01	2.772451099466674007e-01	2.772451099466674007e-01	2.772451099466674007e-01	2.772451099466674007e-01	2.772451099466674007e-01	1.934235976789170086e-01	2.241630276564769986e-01	2.772451099466674007e-01	2.772451099466674007e-01	2.772451099466674007e-01	2.772451099466674007e-01	2.772451099466674007e-01	2.772451099466674007e-01	2.772451099466674007e-01	2.772451099466674007e-01	2.772451099466674007e-01	2.016528925619829882e-01	2.772451099466674007e-01	2.772451099466674007e-01	2.164781906300480008e-01	2.772451099466674007e-01	2.356215213358069938e-01	2.772451099466674007e-01	2.772451099466674007e-01	2.772451099466674007e-01	2.559523809523809867e-01	2.772451099466674007e-01	2.772451099466674007e-01	2.772451099466674007e-01	2.772451099466674007e-01	1.977611940298510118e-01	2.772451099466674007e-01	2.313883299798789872e-01	2.772451099466674007e-01	2.772451099466674007e-01	2.772451099466674007e-01	2.772451099466674007e-01	2.023460410557179900e-01	2.772451099466674007e-01	2.566844919786099855e-01	2.772451099466674007e-01	2.772451099466674007e-01	3.209876543209880251e-01	2.772451099466674007e-01	2.772451099466674007e-01	2.772451099466674007e-01	1.738148984198649993e-01	2.409012131715770055e-01	2.772451099466674007e-01	8.000000000000000167e-03	2.772451099466674007e-01	2.772451099466674007e-01	2.772451099466674007e-01	2.772451099466674007e-01	2.772451099466674007e-01	2.772451099466674007e-01	2.772451099466674007e-01	2.149532710280369907e-01	2.772451099466674007e-01	2.772451099466674007e-01	2.772451099466674007e-01	2.772451099466674007e-01	2.772451099466674007e-01	2.772451099466674007e-01	2.772451099466674007e-01	2.772451099466674007e-01	1.883720930232559987e-01	2.772451099466674007e-01	1.875000000000000000e-01	2.772451099466674007e-01	1.939393939393939947e-01	2.772451099466674007e-01	1.819999999999999951e-01	2.772451099466674007e-01	2.772451099466674007e-01	2.772451099466674007e-01	2.772451099466674007e-01	2.772451099466674007e-01	2.772451099466674007e-01	2.772451099466674007e-01	2.772451099466674007e-01	2.772451099466674007e-01	2.772451099466674007e-01	2.772451099466674007e-01	2.772451099466674007e-01	2.772451099466674007e-01	2.113207547169810019e-01	2.772451099466674007e-01	2.772451099466674007e-01	2.772451099466674007e-01	2.112436115843270013e-01	1.712962962962960023e-01
2.772451099466674007e-01	2.772451099466674007e-01	2.772451099466674007e-01	2.772451099466674007e-01	2.466666666666670060e-01	2.772451099466674007e-01	2.772451099466674007e-01	1.000000000000000000e+00	2.772451099466674007e-01	2.772451099466674007e-01	2.772451099466674007e-01	2.772451099466674007e-01	2.772451099466674007e-01	2.772451099466674007e-01	2.772451099466674007e-01	2.772451099466674007e-01	3.073593073593069991e-01	2.772451099466674007e-01	2.772451099466674007e-01	2.772451099466674007e-01	2.772451099466674007e-01	2.772451099466674007e-01	2.772451099466674007e-01	3.094512195121950082e-01	2.772451099466674007e-01	2.772451099466674007e-01	1.461864406779659897e-01	3.723252496433669956e-01	2.440273037542660117e-01	2.772451099466674007e-01	2.772451099466674007e-01	2.772451099466674007e-01	2.772451099466674007e-01	2.772451099466674007e-01	2.772451099466674007e-01	2.772451099466674007e-01	2.772451099466674007e-01	2.772451099466674007e-01	3.052631578947370139e-01	3.521303258145360160e-01	2.772451099466674007e-01	2.772451099466674007e-01	2.772451099466674007e-01	2.772451099466674007e-01	2.772451099466674007e-01	2.742681047765789804e-01	2.743362831858410233e-01	2.772451099466674007e-01	2.836257309941520033e-01	2.772451099466674007e-01	2.772451099466674007e-01	2.772451099466674007e-01	9.112149532710279998e-02	3.220064724919090016e-01	2.772451099466674007e-01	1.921568627450979949e-01	3.087349397590359867e-01	1.346534653465349951e-01	1.964980544747080005e-01	2.772451099466674007e-01	7.882882882882880082e-02	2.094717668488159934e-01	2.772451099466674007e-01	2.772451099466674007e-01	2.446982055464929917e-01	3.453757225433530254e-01	2.772451099466674007e-01	2.772451099466674007e-01	2.772451099466674007e-01	2.772451099466674007e-01	2.772451099466674007e-01	2.772451099466674007e-01	2.772451099466674007e-01	2.772451099466674007e-01	2.772451099466674007e-01	2.772451099466674007e-01	2.772451099466674007e-01	2.586466165413530138e-01	2.772451099466674007e-01	3.156297420333840087e-01	3.629213483146069841e-01	2.772451099466674007e-01	2.772451099466674007e-01	2.772451099466674007e-01	2.772451099466674007e-01	2.772451099466674007e-01	2.675367047308320201e-01	2.772451099466674007e-01	2.772451099466674007e-01	2.772451099466674007e-01	2.528925619834709870e-01	2.772451099466674007e-01	3.674948240165630264e-01	2.772451099466674007e-01	1.644736842105259944e-01	3.112391930835740061e-01	2.104121475054230028e-01	2.772451099466674007e-01	2.772451099466674007e-01	2.772451099466674007e-01	2.772451099466674007e-01	3.550863723608450040e-01	2.772451099466674007e-01	2.772451099466674007e-01	2.772451099466674007e-01	2.772451099466674007e-01	3.232323232323229822e-01	2.491694352159470049e-01	3.128742514970059840e-01	2.772451099466674007e-01	2.772451099466674007e-01	2.942942942942939899e-01	2.772451099466674007e-01	2.772451099466674007e-01	2.772451099466674007e-01	2.772451099466674007e-01	3.022151898734179998e-01	2.772451099466674007e-01	2.772451099466674007e-01	2.766666666666670049e-01	2.772451099466674007e-01	2.772451099466674007e-01	2.772451099466674007e-01	2.772451099466674007e-01
2.772451099466674007e-01	2.772451099466674007e-01	2.772451099466674007e-01	2.772451099466674007e-01	2.772451099466674007e-01	2.772451099466674007e-01	1.938579654510559913e-01	2.772451099466674007e-01	1.000000000000000000e+00	2.772451099466674007e-01	2.941176470588239833e-01	2.772451099466674007e-01	2.936241610738249963e-01	2.908545727136430115e-01	2.772451099466674007e-01	2.772451099466674007e-01	2.772451099466674007e-01	2.772451099466674007e-01	2.772451099466674007e-01	2.598967297762480033e-01	3.345633456334560218e-01	2.772451099466674007e-01	2.772451099466674007e-01	3.603896103896099823e-01	2.795031055900619732e-01	2.772451099466674007e-01	2.772451099466674007e-01	2.772451099466674007e-01	2.772451099466674007e-01	2.772451099466674007e-01	2.772451099466674007e-01	9.557109557109559617e-02	2.864077669902910239e-01	2.772451099466674007e-01	2.772451099466674007e-01	2.772451099466674007e-01	2.772451099466674007e-01	2.901554404145080257e-01	2.772451099466674007e-01	2.772451099466674007e-01	3.242894056847550055e-01	2.772451099466674007e-01	2.772451099466674007e-01	2.772451099466674007e-01	2.772451099466674007e-01	2.772451099466674007e-01	2.772451099466674007e-01	2.772451099466674007e-01	2.772451099466674007e-01	2.772451099466674007e-01	2.772451099466674007e-01	2.772451099466674007e-01	9.852216748768470589e-02	2.772451099466674007e-01	2.772451099466674007e-01	2.103092783505149943e-01	2.772451099466674007e-01	2.772451099466674007e-01	2.772451099466674007e-01	2.772451099466674007e-01	2.772451099466674007e-01	2.772451099466674007e-01	2.781456953642379992e-01	2.772451099466674007e-01	2.772451099466674007e-01	2.772451099466674007e-01	2.653721682847899888e-01	1.619870410367169888e-01	2.772451099466674007e-01	2.772451099466674007e-01	2.772451099466674007e-01	3.565488565488569850e-01	2.772451099466674007e-01	2.772451099466674007e-01	2.253968253968250124e-01	2.772451099466674007e-01	2.772451099466674007e-01	2.772451099466674007e-01	2.772451099466674007e-01	2.772451099466674007e-01	2.772451099466674007e-01	7.915567282321900322e-03	2.772451099466674007e-01	3.487241798298910123e-01	3.267477203647419781e-01	2.772451099466674007e-01	3.170731707317069881e-01	2.772451099466674007e-01	2.772451099466674007e-01	2.772451099466674007e-01	2.772451099466674007e-01	2.576335877862599988e-01	3.499480789200419828e-01	2.772451099466674007e-01	2.772451099466674007e-01	2.772451099466674007e-01	2.772451099466674007e-01	2.772451099466674007e-01	2.772451099466674007e-01	2.772451099466674007e-01	2.772451099466674007e-01	2.772451099466674007e-01	2.517361111111109939e-01	3.397435897435899799e-01	3.061594202898549888e-01	2.772451099466674007e-01	2.772451099466674007e-01	2.772451099466674007e-01	2.772451099466674007e-01	2.772451099466674007e-01	2.772451099466674007e-01	2.772451099466674007e-01	3.323903818953319877e-01	3.408071748878919727e-01	2.833638025594150123e-01	2.772451099466674007e-01	2.772451099466674007e-01	2.772451099466674007e-01	2.772451099466674007e-01	2.772451099466674007e-01	2.772451099466674007e-01	2.772451099466674007e-01	2.978395061728389970e-01	2.772451099466674007e-01
2.772451099466674007e-01	2.772451099466674007e-01	2.772451099466674007e-01	2.772451099466674007e-01	2.772451099466674007e-01	3.709131905298759802e-01	2.772451099466674007e-01	2.772451099466674007e-01	2.772451099466674007e-01	1.000000000000000000e+00	3.574529667149060064e-01	3.731563421828910099e-01	2.772451099466674007e-01	2.772451099466674007e-01	1.323828920570259970e-01	2.772451099466674007e-01	3.991097922848659829e-01	2.772451099466674007e-01	2.772451099466674007e-01	3.166666666666669849e-01	2.772451099466674007e-01	3.476454293628810088e-01	2.772451099466674007e-01	2.772451099466674007e-01	3.590138674884439940e-01	3.431122448979589956e-01	1.676767676767680071e-01	3.610354223433239751e-01	2.772451099466674007e-01	2.772451099466674007e-01	2.772451099466674007e-01	8.196721311475410610e-02	2.772451099466674007e-01	2.772451099466674007e-01	2.772451099466674007e-01	2.772451099466674007e-01	2.772451099466674007e-01	2.772451099466674007e-01	2.772451099466674007e-01	2.772451099466674007e-01	2.772451099466674007e-01	2.772451099466674007e-01	2.772451099466674007e-01	2.245614035087719895e-01	2.772451099466674007e-01	2.772451099466674007e-01	3.165217391304350203e-01	2.772451099466674007e-01	3.052781740370900110e-01	2.772451099466674007e-01	2.772451099466674007e-01	2.772451099466674007e-01	2.772451099466674007e-01	2.772451099466674007e-01	2.772451099466674007e-01	2.772451099466674007e-01	2.772451099466674007e-01	2.772451099466674007e-01	2.772451099466674007e-01	2.623456790123460114e-01	8.631578947368420685e-02	2.149046793760830132e-01	3.195548489666140135e-01	2.772451099466674007e-01	2.772451099466674007e-01	2.772451099466674007e-01	2.772451099466674007e-01	2.772451099466674007e-01	2.772451099466674007e-01	2.772451099466674007e-01	2.772451099466674007e-01	2.772451099466674007e-01	3.014827018121910007e-01	2.772451099466674007e-01	2.772451099466674007e-01	4.202247191011240224e-01	3.153724247226620259e-01	2.772451099466674007e-01	2.399299474605950111e-01	2.772451099466674007e-01	4.013452914798210092e-01	2.772451099466674007e-01	2.772451099466674007e-01	2.772451099466674007e-01	3.551673944687039897e-01	2.772451099466674007e-01	2.772451099466674007e-01	3.860252004581899987e-01	1.955645161290320011e-01	2.772451099466674007e-01	2.772451099466674007e-01	2.152542372881360022e-01	2.772451099466674007e-01	2.772451099466674007e-01	1.687242798353910112e-01	2.772451099466674007e-01	2.772451099466674007e-01	2.734627831715210067e-01	2.306338028169009902e-01	2.772451099466674007e-01	2.772451099466674007e-01	2.772451099466674007e-01	2.625607779578609802e-01	2.772451099466674007e-01	2.772451099466674007e-01	2.772451099466674007e-01	2.772451099466674007e-01	2.787682333873580109e-01	2.772451099466674007e-01	2.772451099466674007e-01	1.985815602836880078e-01	2.772451099466674007e-01	3.568521031207599892e-01	3.721264367816090046e-01	2.772451099466674007e-01	2.772451099466674007e-01	2.772451099466674007e-01	2.772451099466674007e-01	2.808641975308640015e-01	2.930756843800320088e-01	3.158705701078580175e-01	2.772451099466674007e-01	2.772451099466674007e-01	2.370766488413549866e-01
2.772451099466674007e-01	4.566596194503170225e-01	2.772451099466674007e-01	2.772451099466674007e-01	2.772451099466674007e-01	2.772451099466674007e-01	2.772451099466674007e-01	2.772451099466674007e-01	2.941176470588239833e-01	3.574529667149060064e-01	1.000000000000000000e+00	2.772451099466674007e-01	2.772451099466674007e-01	2.772451099466674007e-01	1.361161524500910103e-01	2.772451099466674007e-01	2.772451099466674007e-01	2.772451099466674007e-01	2.772451099466674007e-01	3.354037267080750007e-01	4.389086595492289744e-01	3.851261620185920109e-01	2.772451099466674007e-01	2.772451099466674007e-01	3.408450704225349792e-01	2.772451099466674007e-01	2.772451099466674007e-01	4.010484927916119768e-01	2.685887708649469796e-01	2.772451099466674007e-01	2.772451099466674007e-01	2.772451099466674007e-01	2.772451099466674007e-01	2.872023809523809867e-01	2.772451099466674007e-01	3.543307086614170265e-01	2.772451099466674007e-01	2.772451099466674007e-01	2.772451099466674007e-01	2.772451099466674007e-01	3.858173076923079869e-01	2.772451099466674007e-01	2.772451099466674007e-01	2.772451099466674007e-01	2.772451099466674007e-01	3.400286944045909920e-01	2.772451099466674007e-01	3.222060957910010126e-01	2.772451099466674007e-01	4.308943089430889994e-01	3.263009845288329935e-01	3.717774762550880019e-01	2.772451099466674007e-01	2.772451099466674007e-01	2.772451099466674007e-01	2.772451099466674007e-01	3.804809052333800179e-01	1.544991511035649911e-01	2.772451099466674007e-01	3.058823529411759945e-01	8.719851576994429310e-02	2.772451099466674007e-01	4.240506329113920003e-01	2.772451099466674007e-01	2.772451099466674007e-01	2.772451099466674007e-01	3.421828908554570003e-01	2.772451099466674007e-01	4.921875000000000000e-01	1.949910554561720133e-01	2.772451099466674007e-01	2.772451099466674007e-01	2.772451099466674007e-01	2.772451099466674007e-01	2.772451099466674007e-01	2.772451099466674007e-01	2.772451099466674007e-01	2.772451099466674007e-01	2.329635499207609872e-01	2.772451099466674007e-01	4.473684210526320260e-01	2.772451099466674007e-01	2.772451099466674007e-01	2.772451099466674007e-01	2.772451099466674007e-01	2.772451099466674007e-01	2.772451099466674007e-01	4.222222222222219989e-01	2.772451099466674007e-01	2.772451099466674007e-01	2.627737226277370164e-01	2.772451099466674007e-01	2.772451099466674007e-01	2.772451099466674007e-01	1.706422018348620062e-01	2.772451099466674007e-01	2.772451099466674007e-01	2.772451099466674007e-01	2.772451099466674007e-01	2.772451099466674007e-01	3.680884676145340095e-01	3.595317725752509852e-01	2.772451099466674007e-01	3.388888888888890172e-01	2.772451099466674007e-01	2.772451099466674007e-01	2.772451099466674007e-01	2.772451099466674007e-01	2.772451099466674007e-01	2.772451099466674007e-01	2.772451099466674007e-01	2.772451099466674007e-01	3.986928104575159781e-01	2.772451099466674007e-01	2.808641975308640015e-01	2.772451099466674007e-01	2.772451099466674007e-01	2.772451099466674007e-01	3.005780346820809967e-01	2.772451099466674007e-01	2.772451099466674007e-01	2.057335581787519962e-01	2.772451099466674007e-01	2.772451099466674007e-01
2.772451099466674007e-01	2.772451099466674007e-01	2.670713201820940075e-01	3.968253968253970254e-01	2.772451099466674007e-01	2.772451099466674007e-01	2.772451099466674007e-01	2.772451099466674007e-01	2.772451099466674007e-01	3.731563421828910099e-01	2.772451099466674007e-01	1.000000000000000000e+00	2.772451099466674007e-01	2.772451099466674007e-01	1.275045537340619983e-01	2.810650887573959977e-01	2.772451099466674007e-01	2.772451099466674007e-01	2.772451099466674007e-01	3.183925811437400277e-01	2.772451099466674007e-01	2.772451099466674007e-01	4.098360655737710023e-01	2.772451099466674007e-01	3.385269121813029858e-01	2.772451099466674007e-01	2.772451099466674007e-01	2.772451099466674007e-01	2.772451099466674007e-01	2.772451099466674007e-01	2.772451099466674007e-01	2.772451099466674007e-01	3.256150506512299758e-01	2.772451099466674007e-01	3.075757575757580020e-01	2.772451099466674007e-01	2.697899838449109855e-01	2.772451099466674007e-01	2.772451099466674007e-01	2.772451099466674007e-01	3.992673992673990147e-01	2.772451099466674007e-01	2.772451099466674007e-01	2.772451099466674007e-01	2.772451099466674007e-01	2.772451099466674007e-01	2.772451099466674007e-01	3.101449275362320179e-01	2.772451099466674007e-01	2.772451099466674007e-01	2.772451099466674007e-01	2.772451099466674007e-01	2.772451099466674007e-01	2.772451099466674007e-01	2.772451099466674007e-01	2.772451099466674007e-01	3.647887323943659887e-01	1.445578231292519999e-01	2.118644067796610075e-01	2.694524495677230180e-01	2.772451099466674007e-01	2.402597402597400067e-01	3.550834597875570098e-01	2.772451099466674007e-01	2.772451099466674007e-01	2.772451099466674007e-01	2.772451099466674007e-01	2.772451099466674007e-01	2.772451099466674007e-01	1.952983725135619963e-01	2.772451099466674007e-01	4.701030927835049833e-01	2.772451099466674007e-01	2.772451099466674007e-01	2.772451099466674007e-01	2.772451099466674007e-01	2.772451099466674007e-01	2.772451099466674007e-01	2.772451099466674007e-01	3.356353591160219918e-01	4.556541019955649974e-01	2.772451099466674007e-01	2.772451099466674007e-01	4.149425287356319769e-01	3.710344827586209981e-01	1.320422535211270010e-01	2.772451099466674007e-01	2.772451099466674007e-01	2.772451099466674007e-01	3.477124183006540248e-01	2.772451099466674007e-01	2.772451099466674007e-01	4.544524053224159865e-01	3.035460992907800248e-01	2.772451099466674007e-01	2.772451099466674007e-01	1.771019677996419905e-01	2.772451099466674007e-01	2.772451099466674007e-01	3.912009512485140061e-01	2.772451099466674007e-01	2.772451099466674007e-01	2.772451099466674007e-01	2.772451099466674007e-01	2.815829528158300121e-01	2.759689922480619839e-01	2.772451099466674007e-01	2.772451099466674007e-01	3.438789546079780157e-01	2.772451099466674007e-01	2.772451099466674007e-01	2.772451099466674007e-01	2.772451099466674007e-01	4.378531073446330080e-01	2.772451099466674007e-01	4.184704184704179930e-01	3.261494252873560207e-01	2.772451099466674007e-01	2.772451099466674007e-01	3.061840120663649745e-01	2.772451099466674007e-01	2.772451099466674007e-01	3.762517882689560000e-01	2.772451099466674007e-01
