1.000000000000000000e+00	6.081354263548295336e-01	6.081354263548295336e-01	6.081354263548295336e-01	6.081354263548295336e-01	6.081354263548295336e-01	6.081354263548295336e-01	6.081354263548295336e-01	6.081354263548295336e-01	6.081354263548295336e-01	6.081354263548295336e-01	6.081354263548295336e-01	7.522240680925850187e-01	1.266015045633659963e-01	6.081354263548295336e-01	6.835844094958669626e-01	6.964529250310409481e-01	6.081354263548295336e-01	6.081354263548295336e-01	7.973838528247449986e-01	3.467315710315240218e-01	8.986191155628390215e-01	6.081354263548295336e-01	6.081354263548295336e-01	6.081354263548295336e-01	6.081354263548295336e-01	6.081354263548295336e-01	6.081354263548295336e-01	6.081354263548295336e-01	6.081354263548295336e-01	6.081354263548295336e-01	6.081354263548295336e-01	6.081354263548295336e-01	6.081354263548295336e-01	6.081354263548295336e-01	8.192268215087950001e-01	6.081354263548295336e-01	6.081354263548295336e-01	6.081354263548295336e-01	6.081354263548295336e-01	6.081354263548295336e-01	6.081354263548295336e-01	7.594582778831669989e-01	8.622330538682529966e-01	8.232298476698940437e-01	6.081354263548295336e-01	4.347264803069920136e-01	6.081354263548295336e-01	6.081354263548295336e-01	6.081354263548295336e-01	8.506111428949679754e-01	6.081354263548295336e-01	6.655764372702589471e-01	6.081354263548295336e-01	8.375926355676700519e-01	5.245839402652530126e-01	6.081354263548295336e-01	6.081354263548295336e-01	6.081354263548295336e-01	8.516934636769769584e-01	6.081354263548295336e-01	3.737965777929549982e-01	6.081354263548295336e-01	6.081354263548295336e-01	6.081354263548295336e-01	3.712752025224460017e-01	6.081354263548295336e-01	6.081354263548295336e-01	6.081354263548295336e-01	6.081354263548295336e-01	6.081354263548295336e-01	6.081354263548295336e-01	6.081354263548295336e-01	6.081354263548295336e-01	6.081354263548295336e-01	3.810598984647460274e-01	8.335197691112220530e-01	6.081354263548295336e-01	5.322459728374000498e-01	6.081354263548295336e-01	6.081354263548295336e-01	6.081354263548295336e-01	6.081354263548295336e-01	6.081354263548295336e-01	6.081354263548295336e-01	6.081354263548295336e-01	6.081354263548295336e-01	6.081354263548295336e-01	6.081354263548295336e-01	6.081354263548295336e-01	6.081354263548295336e-01	6.081354263548295336e-01	6.081354263548295336e-01	6.081354263548295336e-01	6.081354263548295336e-01	8.515711972369339744e-01	6.754547812468859602e-01	6.081354263548295336e-01	6.081354263548295336e-01	6.081354263548295336e-01	6.081354263548295336e-01	3.077415379247290250e-01	6.081354263548295336e-01	5.173681139584399569e-01	6.081354263548295336e-01	6.081354263548295336e-01	6.081354263548295336e-01	5.653267865449690399e-01	5.601600156323790491e-01	7.828858765426149890e-01	6.081354263548295336e-01	6.081354263548295336e-01	6.081354263548295336e-01	4.731058427322770155e-01	6.081354263548295336e-01	8.751438021744010198e-01	6.081354263548295336e-01	6.081354263548295336e-01	6.081354263548295336e-01	6.081354263548295336e-01	6.081354263548295336e-01	6.081354263548295336e-01	8.193108358687339887e-01	6.081354263548295336e-01
6.081354263548295336e-01	1.000000000000000000e+00	6.081354263548295336e-01	6.081354263548295336e-01	6.081354263548295336e-01	6.081354263548295336e-01	5.621510831966569643e-01	5.534376893417449761e-01	6.081354263548295336e-01	6.081354263548295336e-01	6.081354263548295336e-01	6.081354263548295336e-01	6.081354263548295336e-01	6.081354263548295336e-01	6.081354263548295336e-01	6.081354263548295336e-01	6.081354263548295336e-01	4.239113838493139830e-01	6.081354263548295336e-01	6.081354263548295336e-01	6.081354263548295336e-01	6.081354263548295336e-01	5.763945167583010010e-01	6.081354263548295336e-01	6.081354263548295336e-01	6.081354263548295336e-01	6.081354263548295336e-01	6.081354263548295336e-01	6.081354263548295336e-01	6.081354263548295336e-01	3.975806336622810244e-01	6.081354263548295336e-01	3.173431376637820267e-01	6.081354263548295336e-01	6.081354263548295336e-01	2.476769272392000121e-01	4.928315388562469757e-01	6.081354263548295336e-01	6.081354263548295336e-01	6.081354263548295336e-01	6.081354263548295336e-01	6.081354263548295336e-01	6.081354263548295336e-01	3.241914155907210104e-01	3.025720232429779943e-01	5.760005974860430422e-01	6.081354263548295336e-01	6.081354263548295336e-01	4.840793598156640232e-01	6.081354263548295336e-01	6.081354263548295336e-01	3.407835920115789841e-01	5.301831895196470468e-01	3.172433551388070261e-01	3.053983608769360036e-01	6.081354263548295336e-01	3.336076243691940002e-01	6.081354263548295336e-01	6.081354263548295336e-01	3.157849168002829776e-01	6.081354263548295336e-01	6.081354263548295336e-01	6.081354263548295336e-01	6.081354263548295336e-01	6.081354263548295336e-01	6.081354263548295336e-01	6.081354263548295336e-01	6.081354263548295336e-01	6.081354263548295336e-01	6.081354263548295336e-01	6.081354263548295336e-01	3.429876695554249788e-01	6.081354263548295336e-01	6.081354263548295336e-01	6.081354263548295336e-01	6.081354263548295336e-01	3.153555930610419944e-01	6.081354263548295336e-01	5.053565993560820147e-01	6.081354263548295336e-01	6.081354263548295336e-01	6.081354263548295336e-01	3.434193927146410030e-01	6.081354263548295336e-01	3.435461971884329890e-01	6.081354263548295336e-01	6.081354263548295336e-01	6.081354263548295336e-01	6.081354263548295336e-01	6.081354263548295336e-01	4.962462654892759728e-01	5.144477484215489449e-01	6.081354263548295336e-01	6.081354263548295336e-01	6.081354263548295336e-01	2.658551609473410182e-01	6.081354263548295336e-01	6.081354263548295336e-01	6.081354263548295336e-01	6.081354263548295336e-01	4.286968467141339945e-01	6.081354263548295336e-01	6.081354263548295336e-01	6.081354263548295336e-01	3.319082700973819966e-01	6.081354263548295336e-01	6.081354263548295336e-01	3.167145982752139766e-01	6.081354263548295336e-01	6.081354263548295336e-01	6.081354263548295336e-01	4.325386523657719917e-01	5.772265705489529886e-01	6.081354263548295336e-01	5.922972284347040040e-01	6.081354263548295336e-01	6.081354263548295336e-01	6.081354263548295336e-01	6.081354263548295336e-01	2.948752703171820255e-01	6.081354263548295336e-01	6.081354263548295336e-01	6.081354263548295336e-01	6.081354263548295336e-01
6.081354263548295336e-01	6.081354263548295336e-01	1.000000000000000000e+00	4.945866711452239772e-01	6.081354263548295336e-01	6.081354263548295336e-01	5.963195912922829578e-01	6.081354263548295336e-01	6.081354263548295336e-01	6.081354263548295336e-01	6.081354263548295336e-01	6.954204840622609796e-01	6.081354263548295336e-01	4.248049340274899777e-01	6.081354263548295336e-01	6.081354263548295336e-01	5.507239601134480411e-01	5.297629009476999551e-01	4.165255107294290049e-01	6.081354263548295336e-01	6.081354263548295336e-01	3.670378721640569775e-01	6.718027995096079730e-01	6.081354263548295336e-01	6.081354263548295336e-01	6.081354263548295336e-01	6.081354263548295336e-01	5.357762680727740090e-01	6.081354263548295336e-01	5.143141183227559754e-01	6.081354263548295336e-01	3.319037319255739860e-01	6.081354263548295336e-01	6.025650490035669993e-01	3.613882792681930023e-01	2.738108704095379986e-01	4.489985528988419961e-01	6.081354263548295336e-01	6.081354263548295336e-01	5.614482239975420175e-01	3.386422925436949893e-01	6.081354263548295336e-01	6.081354263548295336e-01	6.081354263548295336e-01	6.081354263548295336e-01	6.081354263548295336e-01	6.081354263548295336e-01	3.355748201158360033e-01	6.081354263548295336e-01	6.081354263548295336e-01	6.081354263548295336e-01	4.167932702032969838e-01	5.546725166138190000e-01	3.477999121548029926e-01	6.081354263548295336e-01	6.081354263548295336e-01	3.272666822296509959e-01	3.703195201447789797e-01	6.081354263548295336e-01	6.081354263548295336e-01	6.081354263548295336e-01	7.109524213583400254e-01	3.088691772232929900e-01	5.431559957084279855e-01	6.269721996134880460e-01	6.081354263548295336e-01	6.081354263548295336e-01	6.081354263548295336e-01	6.081354263548295336e-01	6.081354263548295336e-01	6.081354263548295336e-01	6.081354263548295336e-01	6.081354263548295336e-01	4.004941586985880098e-01	5.199565802449439555e-01	6.081354263548295336e-01	3.249125284958059856e-01	4.305854989632529883e-01	6.081354263548295336e-01	3.882492981536049825e-01	6.081354263548295336e-01	6.081354263548295336e-01	6.081354263548295336e-01	6.081354263548295336e-01	3.315408791515290221e-01	6.081354263548295336e-01	6.081354263548295336e-01	3.084408209646269938e-01	6.081354263548295336e-01	6.081354263548295336e-01	6.081354263548295336e-01	6.081354263548295336e-01	4.908678146496109895e-01	6.081354263548295336e-01	6.081354263548295336e-01	3.049268675911759874e-01	6.081354263548295336e-01	3.393932288752299908e-01	6.081354263548295336e-01	6.081354263548295336e-01	4.916268191959520251e-01	6.081354263548295336e-01	6.081354263548295336e-01	6.081354263548295336e-01	6.081354263548295336e-01	6.081354263548295336e-01	6.081354263548295336e-01	6.081354263548295336e-01	5.404187849347009687e-01	6.081354263548295336e-01	6.081354263548295336e-01	4.591554375259659926e-01	6.081354263548295336e-01	6.081354263548295336e-01	6.946174773886309994e-01	6.081354263548295336e-01	6.081354263548295336e-01	5.279298569353619852e-01	6.081354263548295336e-01	3.284411660595660254e-01	6.081354263548295336e-01	3.208334343646629949e-01	6.081354263548295336e-01	6.081354263548295336e-01
6.081354263548295336e-01	6.081354263548295336e-01	4.945866711452239772e-01	1.000000000000000000e+00	6.081354263548295336e-01	6.081354263548295336e-01	6.081354263548295336e-01	6.081354263548295336e-01	6.081354263548295336e-01	6.256405716754519508e-01	6.081354263548295336e-01	6.081354263548295336e-01	7.048882893249499570e-01	6.081354263548295336e-01	6.081354263548295336e-01	6.081354263548295336e-01	6.081354263548295336e-01	6.081354263548295336e-01	6.081354263548295336e-01	5.847333341888769631e-01	6.081354263548295336e-01	6.092048516964170268e-01	6.081354263548295336e-01	6.081354263548295336e-01	6.847584264675540267e-01	6.081354263548295336e-01	6.081354263548295336e-01	6.081354263548295336e-01	6.081354263548295336e-01	6.081354263548295336e-01	6.081354263548295336e-01	6.081354263548295336e-01	5.599379456632870289e-01	6.081354263548295336e-01	6.081354263548295336e-01	5.625278394358810274e-01	6.360949167888410027e-01	6.081354263548295336e-01	6.081354263548295336e-01	6.081354263548295336e-01	5.978748606546050448e-01	5.003854455558499614e-01	6.081354263548295336e-01	6.081354263548295336e-01	5.867676190144049952e-01	4.270966931562290014e-01	6.081354263548295336e-01	6.081354263548295336e-01	6.081354263548295336e-01	6.081354263548295336e-01	6.081354263548295336e-01	6.081354263548295336e-01	6.081354263548295336e-01	5.830248843619989518e-01	6.081354263548295336e-01	6.081354263548295336e-01	6.081354263548295336e-01	6.081354263548295336e-01	5.639525641932270350e-01	6.156147211004290298e-01	5.751073996162999746e-01	6.081354263548295336e-01	6.081354263548295336e-01	6.081354263548295336e-01	6.508578050252730174e-01	4.357292061614609913e-01	6.081354263548295336e-01	6.081354263548295336e-01	6.081354263548295336e-01	6.081354263548295336e-01	6.081354263548295336e-01	6.075494951599480498e-01	6.081354263548295336e-01	6.081354263548295336e-01	3.080341169035599735e-01	4.487622564496849820e-01	6.081354263548295336e-01	6.081354263548295336e-01	6.081354263548295336e-01	6.081354263548295336e-01	6.081354263548295336e-01	6.081354263548295336e-01	5.663015743650680056e-01	6.081354263548295336e-01	6.081354263548295336e-01	6.081354263548295336e-01	6.081354263548295336e-01	5.407033432684339447e-01	1.000000000000000021e-03	5.251078065391260319e-01	6.081354263548295336e-01	5.188912631833639821e-01	6.081354263548295336e-01	6.081354263548295336e-01	6.081354263548295336e-01	5.912008952046560184e-01	6.081354263548295336e-01	6.081354263548295336e-01	6.113953257002010533e-01	6.430910031257299764e-01	6.081354263548295336e-01	4.284770930878740169e-01	6.081354263548295336e-01	5.530632402352509969e-01	6.434384213864300373e-01	6.081354263548295336e-01	4.184549364609450040e-01	4.996607398511460074e-01	6.081354263548295336e-01	6.081354263548295336e-01	6.081354263548295336e-01	6.081354263548295336e-01	5.683455551166100017e-01	6.081354263548295336e-01	6.081354263548295336e-01	6.081354263548295336e-01	6.081354263548295336e-01	6.081354263548295336e-01	7.036797597430940465e-01	6.221856051926349940e-01	6.081354263548295336e-01	6.081354263548295336e-01	6.081354263548295336e-01	6.081354263548295336e-01
6.081354263548295336e-01	6.081354263548295336e-01	6.081354263548295336e-01	6.081354263548295336e-01	1.000000000000000000e+00	6.081354263548295336e-01	6.081354263548295336e-01	6.081354263548295336e-01	6.081354263548295336e-01	6.081354263548295336e-01	8.297956717116830028e-01	4.832989654974639837e-01	6.081354263548295336e-01	6.081354263548295336e-01	6.081354263548295336e-01	7.940546023210469651e-01	6.081354263548295336e-01	6.081354263548295336e-01	6.081354263548295336e-01	6.081354263548295336e-01	6.081354263548295336e-01	7.199373673339040103e-01	6.081354263548295336e-01	6.839490277303530430e-01	6.081354263548295336e-01	6.081354263548295336e-01	6.081354263548295336e-01	6.081354263548295336e-01	6.081354263548295336e-01	6.081354263548295336e-01	6.081354263548295336e-01	6.081354263548295336e-01	6.081354263548295336e-01	6.081354263548295336e-01	6.081354263548295336e-01	6.285687382060519690e-01	6.081354263548295336e-01	6.081354263548295336e-01	6.081354263548295336e-01	6.081354263548295336e-01	6.081354263548295336e-01	6.081354263548295336e-01	7.798410452272820370e-01	6.081354263548295336e-01	6.081354263548295336e-01	6.081354263548295336e-01	6.081354263548295336e-01	6.081354263548295336e-01	6.081354263548295336e-01	6.081354263548295336e-01	6.081354263548295336e-01	6.081354263548295336e-01	6.081354263548295336e-01	6.081354263548295336e-01	6.081354263548295336e-01	6.081354263548295336e-01	6.681934031806030516e-01	6.081354263548295336e-01	6.081354263548295336e-01	7.154185619187719558e-01	6.081354263548295336e-01	6.081354263548295336e-01	6.518196307763980402e-01	6.081354263548295336e-01	6.081354263548295336e-01	4.967622092219209917e-01	6.081354263548295336e-01	6.081354263548295336e-01	6.081354263548295336e-01	6.081354263548295336e-01	6.081354263548295336e-01	6.081354263548295336e-01	6.081354263548295336e-01	6.081354263548295336e-01	6.081354263548295336e-01	6.081354263548295336e-01	6.763928389335690516e-01	6.081354263548295336e-01	6.081354263548295336e-01	6.081354263548295336e-01	6.081354263548295336e-01	6.081354263548295336e-01	6.081354263548295336e-01	6.081354263548295336e-01	6.081354263548295336e-01	6.081354263548295336e-01	6.081354263548295336e-01	6.081354263548295336e-01	6.081354263548295336e-01	6.081354263548295336e-01	6.081354263548295336e-01	6.081354263548295336e-01	7.713889176926349567e-01	6.081354263548295336e-01	6.081354263548295336e-01	6.689429958853400082e-01	6.081354263548295336e-01	7.174708211994630380e-01	6.081354263548295336e-01	7.389158601727869868e-01	6.081354263548295336e-01	6.081354263548295336e-01	6.081354263548295336e-01	6.081354263548295336e-01	7.655678163077319631e-01	7.115991550255990061e-01	4.957884753261270205e-01	6.081354263548295336e-01	6.081354263548295336e-01	6.068686977345469913e-01	6.596196947943380184e-01	6.081354263548295336e-01	6.081354263548295336e-01	5.345688895624050030e-01	5.571542517153299512e-01	7.054089325526330390e-01	6.081354263548295336e-01	6.081354263548295336e-01	6.081354263548295336e-01	6.081354263548295336e-01	6.081354263548295336e-01	6.081354263548295336e-01	6.081354263548295336e-01	6.081354263548295336e-01
6.081354263548295336e-01	6.081354263548295336e-01	6.081354263548295336e-01	6.081354263548295336e-01	6.081354263548295336e-01	1.000000000000000000e+00	6.081354263548295336e-01	6.081354263548295336e-01	6.081354263548295336e-01	6.266765136018089821e-01	6.683487374964719452e-01	6.081354263548295336e-01	6.081354263548295336e-01	6.081354263548295336e-01	6.081354263548295336e-01	6.081354263548295336e-01	6.081354263548295336e-01	6.081354263548295336e-01	6.081354263548295336e-01	6.081354263548295336e-01	6.081354263548295336e-01	5.471587603750469597e-01	6.081354263548295336e-01	6.081354263548295336e-01	6.081354263548295336e-01	6.081354263548295336e-01	6.081354263548295336e-01	6.165792612599839684e-01	6.081354263548295336e-01	6.081354263548295336e-01	5.936593432287620153e-01	6.081354263548295336e-01	6.081354263548295336e-01	6.081354263548295336e-01	5.555301792050010290e-01	4.546232204870390148e-01	6.081354263548295336e-01	6.081354263548295336e-01	6.081354263548295336e-01	6.081354263548295336e-01	6.081354263548295336e-01	5.207748042853780346e-01	5.857896398042440333e-01	6.081354263548295336e-01	6.081354263548295336e-01	6.081354263548295336e-01	6.081354263548295336e-01	5.289847986479220276e-01	6.081354263548295336e-01	6.291061215528279682e-01	6.081354263548295336e-01	5.735446940822319650e-01	6.081354263548295336e-01	6.081354263548295336e-01	4.999135838438439894e-01	5.927549714648380208e-01	6.081354263548295336e-01	5.540093070781499929e-01	6.081354263548295336e-01	6.081354263548295336e-01	5.033360859137869792e-01	6.081354263548295336e-01	6.081354263548295336e-01	6.081354263548295336e-01	6.081354263548295336e-01	6.081354263548295336e-01	6.081354263548295336e-01	6.081354263548295336e-01	6.081354263548295336e-01	4.855841723649960140e-01	6.081354263548295336e-01	6.081354263548295336e-01	6.081354263548295336e-01	6.081354263548295336e-01	6.081354263548295336e-01	6.081354263548295336e-01	6.081354263548295336e-01	6.081354263548295336e-01	6.081354263548295336e-01	6.081354263548295336e-01	6.081354263548295336e-01	6.081354263548295336e-01	6.081354263548295336e-01	5.358385401660390457e-01	6.081354263548295336e-01	6.081354263548295336e-01	6.081354263548295336e-01	5.019718320865850236e-01	6.081354263548295336e-01	6.081354263548295336e-01	6.081354263548295336e-01	5.397689281075319645e-01	6.195497240509120207e-01	6.081354263548295336e-01	5.338056241739730368e-01	6.081354263548295336e-01	6.081354263548295336e-01	6.081354263548295336e-01	6.081354263548295336e-01	6.081354263548295336e-01	6.110192572888669682e-01	4.898018187996420192e-01	6.081354263548295336e-01	6.081354263548295336e-01	6.081354263548295336e-01	6.081354263548295336e-01	4.626814829602949874e-01	6.081354263548295336e-01	6.081354263548295336e-01	4.680805843624070151e-01	6.081354263548295336e-01	6.034348812427029474e-01	6.081354263548295336e-01	6.081354263548295336e-01	6.081354263548295336e-01	6.081354263548295336e-01	6.081354263548295336e-01	6.081354263548295336e-01	6.081354263548295336e-01	6.081354263548295336e-01	6.081354263548295336e-01	5.093210035990960449e-01	6.081354263548295336e-01	6.081354263548295336e-01
6.081354263548295336e-01	5.621510831966569643e-01	5.963195912922829578e-01	6.081354263548295336e-01	6.081354263548295336e-01	6.081354263548295336e-01	1.000000000000000000e+00	6.081354263548295336e-01	6.081354263548295336e-01	6.081354263548295336e-01	6.081354263548295336e-01	4.839668524793520055e-01	6.081354263548295336e-01	6.081354263548295336e-01	5.704086120404090465e-01	6.081354263548295336e-01	6.392773901626399580e-01	3.443692140133440271e-01	5.792545394969069728e-01	5.550176992750579519e-01	6.081354263548295336e-01	6.081354263548295336e-01	6.081354263548295336e-01	6.191728728610510490e-01	6.081354263548295336e-01	6.081354263548295336e-01	6.081354263548295336e-01	5.993194518949790384e-01	6.081354263548295336e-01	6.081354263548295336e-01	6.081354263548295336e-01	6.081354263548295336e-01	6.081354263548295336e-01	6.081354263548295336e-01	6.399070434285779596e-01	4.689646313290020130e-01	6.081354263548295336e-01	6.081354263548295336e-01	5.625201480096290174e-01	6.843091621318859730e-01	6.081354263548295336e-01	6.081354263548295336e-01	6.081354263548295336e-01	5.944716125988680488e-01	5.396324099207769898e-01	6.081354263548295336e-01	6.081354263548295336e-01	6.081354263548295336e-01	6.360427347324330016e-01	6.081354263548295336e-01	6.081354263548295336e-01	6.081354263548295336e-01	6.081354263548295336e-01	6.081354263548295336e-01	6.081354263548295336e-01	5.716422229084709983e-01	6.081354263548295336e-01	6.081354263548295336e-01	6.081354263548295336e-01	6.081354263548295336e-01	6.081354263548295336e-01	5.025899266580999836e-01	6.081354263548295336e-01	6.081354263548295336e-01	6.312818316525500295e-01	6.081354263548295336e-01	6.081354263548295336e-01	6.081354263548295336e-01	6.081354263548295336e-01	5.918236545813250205e-01	5.458398965373519873e-01	6.081354263548295336e-01	6.081354263548295336e-01	6.081354263548295336e-01	6.081354263548295336e-01	5.432265530514930330e-01	6.081354263548295336e-01	6.081354263548295336e-01	6.126547479575950028e-01	6.081354263548295336e-01	6.081354263548295336e-01	6.081354263548295336e-01	6.081354263548295336e-01	6.081354263548295336e-01	6.081354263548295336e-01	5.633899450038609702e-01	6.081354263548295336e-01	6.081354263548295336e-01	6.081354263548295336e-01	6.783424234575390344e-01	6.081354263548295336e-01	5.344336865677550286e-01	6.081354263548295336e-01	6.081354263548295336e-01	5.706426370288649741e-01	5.028545661489319807e-01	5.978012921531929980e-01	6.081354263548295336e-01	5.786133597122240513e-01	6.081354263548295336e-01	6.081354263548295336e-01	6.081354263548295336e-01	6.081354263548295336e-01	6.081354263548295336e-01	6.087219208110089541e-01	6.081354263548295336e-01	6.081354263548295336e-01	4.534684963137439739e-01	6.081354263548295336e-01	6.081354263548295336e-01	5.462990827408970018e-01	6.081354263548295336e-01	6.081354263548295336e-01	5.654698049893860379e-01	6.081354263548295336e-01	6.081354263548295336e-01	6.081354263548295336e-01	6.081354263548295336e-01	6.081354263548295336e-01	6.081354263548295336e-01	6.081354263548295336e-01	6.081354263548295336e-01	5.031537420754690348e-01	5.536306862954679664e-01
6.081354263548295336e-01	5.534376893417449761e-01	6.081354263548295336e-01	6.081354263548295336e-01	6.081354263548295336e-01	6.081354263548295336e-01	6.081354263548295336e-01	1.000000000000000000e+00	7.678531699198439808e-01	7.146462040263269477e-01	6.081354263548295336e-01	6.081354263548295336e-01	6.869340322520329778e-01	6.081354263548295336e-01	6.081354263548295336e-01	6.081354263548295336e-01	6.081354263548295336e-01	6.081354263548295336e-01	6.081354263548295336e-01	6.362384395194790043e-01	6.081354263548295336e-01	6.333524779629829959e-01	6.081354263548295336e-01	6.081354263548295336e-01	7.499493409919619769e-01	6.081354263548295336e-01	6.387706200750530305e-01	6.676500173235320190e-01	5.938217082652490486e-01	6.081354263548295336e-01	6.132875279922209710e-01	6.081354263548295336e-01	6.081354263548295336e-01	6.081354263548295336e-01	6.081354263548295336e-01	6.081354263548295336e-01	6.896774073459509546e-01	6.081354263548295336e-01	6.081354263548295336e-01	6.081354263548295336e-01	6.081354263548295336e-01	6.081354263548295336e-01	6.081354263548295336e-01	6.511604488489529663e-01	6.081354263548295336e-01	4.586252476782169962e-01	5.596394386446470470e-01	6.081354263548295336e-01	6.081354263548295336e-01	6.081354263548295336e-01	6.081354263548295336e-01	6.081354263548295336e-01	6.081354263548295336e-01	6.081354263548295336e-01	6.081354263548295336e-01	6.081354263548295336e-01	6.654444935519030491e-01	6.293039942466740477e-01	6.081354263548295336e-01	6.081354263548295336e-01	6.081354263548295336e-01	4.991622604784790029e-01	6.275382486062119902e-01	2.349327501357549863e-01	6.081354263548295336e-01	5.736309638125739463e-01	6.572654319077180229e-01	6.289341089150970454e-01	7.244896679045219612e-01	6.081354263548295336e-01	6.081354263548295336e-01	6.081354263548295336e-01	6.081354263548295336e-01	6.081354263548295336e-01	3.077478496438110223e-01	6.081354263548295336e-01	6.081354263548295336e-01	6.102594701078839501e-01	6.081354263548295336e-01	6.081354263548295336e-01	6.081354263548295336e-01	6.069682789542459878e-01	6.081354263548295336e-01	6.081354263548295336e-01	6.081354263548295336e-01	6.081354263548295336e-01	6.081354263548295336e-01	6.081354263548295336e-01	6.081354263548295336e-01	6.081354263548295336e-01	6.081354263548295336e-01	6.081354263548295336e-01	6.081354263548295336e-01	6.081354263548295336e-01	6.081354263548295336e-01	6.081354263548295336e-01	6.285859273615459486e-01	6.081354263548295336e-01	6.081354263548295336e-01	6.081354263548295336e-01	6.081354263548295336e-01	4.563920226928069868e-01	6.697941614413910338e-01	6.081354263548295336e-01	6.081354263548295336e-01	6.081354263548295336e-01	6.081354263548295336e-01	6.081354263548295336e-01	6.081354263548295336e-01	6.081354263548295336e-01	6.081354263548295336e-01	6.081354263548295336e-01	6.081354263548295336e-01	5.816116168528340236e-01	6.081354263548295336e-01	6.081354263548295336e-01	6.081354263548295336e-01	6.081354263548295336e-01	6.081354263548295336e-01	6.081354263548295336e-01	5.698824066667319554e-01	6.081354263548295336e-01	5.449524855634869658e-01	6.035792875784079525e-01
6.081354263548295336e-01	6.081354263548295336e-01	6.081354263548295336e-01	6.081354263548295336e-01	6.081354263548295336e-01	6.081354263548295336e-01	6.081354263548295336e-01	7.678531699198439808e-01	1.000000000000000000e+00	6.081354263548295336e-01	6.081354263548295336e-01	6.081354263548295336e-01	6.081354263548295336e-01	6.081354263548295336e-01	6.081354263548295336e-01	7.306325145935189669e-01	6.081354263548295336e-01	3.643851732656390174e-01	6.081354263548295336e-01	6.081354263548295336e-01	6.081354263548295336e-01	6.081354263548295336e-01	6.318949697315739966e-01	6.081354263548295336e-01	7.891838806385319538e-01	6.081354263548295336e-01	6.081354263548295336e-01	6.081354263548295336e-01	6.860845373676770498e-01	7.467160339242909783e-01	6.833507821032429597e-01	6.081354263548295336e-01	6.081354263548295336e-01	6.081354263548295336e-01	6.081354263548295336e-01	6.081354263548295336e-01	6.081354263548295336e-01	6.081354263548295336e-01	6.081354263548295336e-01	6.081354263548295336e-01	6.081354263548295336e-01	6.081354263548295336e-01	6.081354263548295336e-01	6.081354263548295336e-01	6.081354263548295336e-01	6.081354263548295336e-01	6.335603489145630318e-01	6.949594733101349675e-01	6.081354263548295336e-01	6.081354263548295336e-01	6.081354263548295336e-01	6.081354263548295336e-01	6.081354263548295336e-01	6.926447937141599898e-01	6.081354263548295336e-01	6.887680121448980231e-01	6.081354263548295336e-01	6.081354263548295336e-01	6.081354263548295336e-01	6.081354263548295336e-01	6.725794314673839702e-01	5.333605855455609834e-01	6.081354263548295336e-01	6.081354263548295336e-01	6.081354263548295336e-01	6.081354263548295336e-01	6.081354263548295336e-01	6.081354263548295336e-01	6.081354263548295336e-01	6.434252248602260194e-01	6.081354263548295336e-01	6.081354263548295336e-01	6.081354263548295336e-01	6.081354263548295336e-01	3.582029186121519770e-01	6.081354263548295336e-01	6.081354263548295336e-01	6.081354263548295336e-01	6.711647033823600061e-01	6.081354263548295336e-01	6.081354263548295336e-01	6.081354263548295336e-01	6.081354263548295336e-01	6.081354263548295336e-01	6.906729905522870361e-01	6.081354263548295336e-01	6.081354263548295336e-01	6.081354263548295336e-01	1.000000000000000021e-03	6.081354263548295336e-01	6.081354263548295336e-01	6.081354263548295336e-01	6.081354263548295336e-01	6.081354263548295336e-01	6.081354263548295336e-01	6.081354263548295336e-01	6.081354263548295336e-01	7.171765808294769950e-01	7.341875802233339687e-01	6.081354263548295336e-01	6.081354263548295336e-01	4.843640539544880053e-01	7.004830971633300152e-01	6.081354263548295336e-01	6.081354263548295336e-01	6.081354263548295336e-01	5.042936138697410309e-01	6.081354263548295336e-01	6.464366283619750186e-01	6.331446752137970257e-01	6.081354263548295336e-01	6.081354263548295336e-01	6.401433232591270395e-01	5.636943062122089509e-01	5.698044916105490243e-01	6.081354263548295336e-01	6.081354263548295336e-01	6.081354263548295336e-01	6.081354263548295336e-01	6.081354263548295336e-01	6.081354263548295336e-01	6.081354263548295336e-01	6.081354263548295336e-01	6.081354263548295336e-01
6.081354263548295336e-01	6.081354263548295336e-01	6.081354263548295336e-01	6.256405716754519508e-01	6.081354263548295336e-01	6.266765136018089821e-01	6.081354263548295336e-01	7.146462040263269477e-01	6.081354263548295336e-01	1.000000000000000000e+00	6.081354263548295336e-01	6.081354263548295336e-01	6.081354263548295336e-01	6.081354263548295336e-01	6.081354263548295336e-01	6.081354263548295336e-01	6.081354263548295336e-01	6.081354263548295336e-01	6.081354263548295336e-01	6.081354263548295336e-01	6.081354263548295336e-01	6.081354263548295336e-01	6.975727351157889888e-01	6.081354263548295336e-01	6.890929949104289687e-01	6.081354263548295336e-01	6.081354263548295336e-01	6.081354263548295336e-01	6.081354263548295336e-01	6.081354263548295336e-01	6.081354263548295336e-01	6.081354263548295336e-01	6.081354263548295336e-01	6.081354263548295336e-01	5.336815597046530302e-01	6.081354263548295336e-01	5.943009438929549582e-01	6.081354263548295336e-01	6.081354263548295336e-01	6.559008519500859613e-01	6.081354263548295336e-01	6.081354263548295336e-01	5.601791637182179651e-01	6.081354263548295336e-01	6.081354263548295336e-01	6.081354263548295336e-01	6.081354263548295336e-01	6.081354263548295336e-01	6.835002944344980014e-01	6.081354263548295336e-01	6.081354263548295336e-01	5.379968823783559673e-01	6.943658379363150113e-01	6.081354263548295336e-01	6.081354263548295336e-01	6.081354263548295336e-01	6.081354263548295336e-01	6.081354263548295336e-01	6.081354263548295336e-01	5.231549425800939845e-01	6.081354263548295336e-01	6.081354263548295336e-01	4.685191962768029961e-01	6.081354263548295336e-01	6.081354263548295336e-01	6.081354263548295336e-01	5.937689347581279753e-01	6.081354263548295336e-01	5.258730156909250386e-01	4.762178256023690270e-01	4.694843058859269891e-01	6.081354263548295336e-01	4.541603574092010209e-01	6.081354263548295336e-01	3.896373068037299880e-01	6.081354263548295336e-01	6.081354263548295336e-01	5.087920161382279982e-01	6.637179908407609963e-01	6.081354263548295336e-01	6.081354263548295336e-01	4.837948330112070150e-01	6.081354263548295336e-01	6.081354263548295336e-01	6.081354263548295336e-01	6.081354263548295336e-01	6.081354263548295336e-01	6.081354263548295336e-01	6.081354263548295336e-01	7.124217932243720464e-01	6.081354263548295336e-01	6.474317550432220347e-01	6.081354263548295336e-01	6.081354263548295336e-01	6.081354263548295336e-01	6.081354263548295336e-01	6.081354263548295336e-01	4.750504702182100081e-01	6.081354263548295336e-01	5.525077073744150136e-01	6.081354263548295336e-01	6.081354263548295336e-01	6.081354263548295336e-01	6.081354263548295336e-01	6.081354263548295336e-01	5.515415805200080124e-01	6.081354263548295336e-01	4.566292148362099956e-01	6.081354263548295336e-01	4.514455228833860190e-01	6.081354263548295336e-01	6.081354263548295336e-01	6.081354263548295336e-01	6.081354263548295336e-01	6.081354263548295336e-01	5.409806545234140396e-01	6.081354263548295336e-01	6.081354263548295336e-01	6.089008936250780435e-01	4.813468978772780238e-01	6.503463009708230214e-01	6.081354263548295336e-01	6.081354263548295336e-01	4.913109845895459737e-01
6.081354263548295336e-01	6.081354263548295336e-01	6.081354263548295336e-01	6.081354263548295336e-01	8.297956717116830028e-01	6.683487374964719452e-01	6.081354263548295336e-01	6.081354263548295336e-01	6.081354263548295336e-01	6.081354263548295336e-01	1.000000000000000000e+00	6.081354263548295336e-01	6.081354263548295336e-01	2.046757395132849933e-01	6.081354263548295336e-01	6.081354263548295336e-01	6.081354263548295336e-01	6.081354263548295336e-01	6.081354263548295336e-01	7.575344641651190480e-01	6.081354263548295336e-01	6.081354263548295336e-01	6.263766847797339610e-01	6.081354263548295336e-01	6.081354263548295336e-01	8.067272532617899561e-01	6.081354263548295336e-01	6.081354263548295336e-01	6.081354263548295336e-01	6.081354263548295336e-01	6.081354263548295336e-01	7.852121912590359631e-01	6.081354263548295336e-01	6.081354263548295336e-01	7.609290533589579963e-01	7.322026268492339840e-01	6.081354263548295336e-01	6.081354263548295336e-01	6.081354263548295336e-01	6.081354263548295336e-01	6.081354263548295336e-01	6.081354263548295336e-01	6.081354263548295336e-01	7.532532923049849449e-01	7.619701880937469474e-01	6.081354263548295336e-01	6.081354263548295336e-01	6.081354263548295336e-01	7.956794076695410389e-01	6.081354263548295336e-01	6.081354263548295336e-01	6.081354263548295336e-01	6.081354263548295336e-01	7.806038093648040022e-01	6.081354263548295336e-01	6.081354263548295336e-01	6.081354263548295336e-01	6.081354263548295336e-01	6.081354263548295336e-01	6.081354263548295336e-01	6.081354263548295336e-01	6.081354263548295336e-01	6.081354263548295336e-01	2.358984044185709894e-01	6.081354263548295336e-01	6.081354263548295336e-01	6.081354263548295336e-01	6.081354263548295336e-01	7.495187922226750343e-01	6.081354263548295336e-01	7.849438307254239522e-01	6.081354263548295336e-01	6.081354263548295336e-01	7.108552190281649530e-01	3.199988409677609891e-01	6.081354263548295336e-01	7.442747632979269667e-01	6.081354263548295336e-01	6.081354263548295336e-01	6.081354263548295336e-01	8.081790599785210194e-01	8.024916946360639569e-01	6.081354263548295336e-01	6.081354263548295336e-01	6.081354263548295336e-01	6.081354263548295336e-01	7.836516188359370361e-01	6.081354263548295336e-01	6.081354263548295336e-01	6.218666675937329913e-01	5.179662130010870280e-01	6.081354263548295336e-01	8.426641876504959994e-01	6.081354263548295336e-01	6.081354263548295336e-01	6.081354263548295336e-01	6.081354263548295336e-01	6.081354263548295336e-01	8.197310369252680529e-01	6.081354263548295336e-01	6.081354263548295336e-01	6.081354263548295336e-01	6.081354263548295336e-01	6.081354263548295336e-01	6.081354263548295336e-01	6.081354263548295336e-01	4.655625439678059974e-01	6.081354263548295336e-01	6.081354263548295336e-01	6.081354263548295336e-01	6.081354263548295336e-01	7.068040273902990167e-01	6.081354263548295336e-01	6.081354263548295336e-01	5.126852213423670479e-01	6.081354263548295336e-01	6.081354263548295336e-01	6.081354263548295336e-01	6.081354263548295336e-01	6.081354263548295336e-01	6.081354263548295336e-01	6.081354263548295336e-01	6.081354263548295336e-01	6.081354263548295336e-01
6.081354263548295336e-01	6.081354263548295336e-01	6.954204840622609796e-01	6.081354263548295336e-01	4.832989654974639837e-01	6.081354263548295336e-01	4.839668524793520055e-01	6.081354263548295336e-01	6.081354263548295336e-01	6.081354263548295336e-01	6.081354263548295336e-01	1.000000000000000000e+00	4.659191577855960054e-01	6.081354263548295336e-01	6.081354263548295336e-01	6.081354263548295336e-01	4.448523775340330055e-01	6.081354263548295336e-01	6.081354263548295336e-01	6.081354263548295336e-01	6.081354263548295336e-01	2.737846648298349894e-01	6.081354263548295336e-01	6.081354263548295336e-01	6.081354263548295336e-01	6.081354263548295336e-01	6.081354263548295336e-01	6.081354263548295336e-01	6.081354263548295336e-01	4.495022484428090048e-01	4.501080444600549790e-01	2.414359960461290033e-01	6.081354263548295336e-01	5.575086016032230196e-01	6.081354263548295336e-01	6.081354263548295336e-01	3.821765261336910191e-01	6.081354263548295336e-01	6.081354263548295336e-01	4.678374439029650000e-01	6.081354263548295336e-01	6.081354263548295336e-01	6.081354263548295336e-01	6.081354263548295336e-01	6.081354263548295336e-01	6.081354263548295336e-01	7.222494311867360128e-01	6.081354263548295336e-01	4.614558122561550069e-01	6.081354263548295336e-01	2.920943952647510056e-01	3.269781888533769831e-01	6.081354263548295336e-01	6.081354263548295336e-01	6.081354263548295336e-01	6.521895991356819744e-01	6.081354263548295336e-01	6.081354263548295336e-01	6.081354263548295336e-01	2.989511583770799730e-01	6.081354263548295336e-01	6.973009563194929594e-01	6.081354263548295336e-01	6.081354263548295336e-01	6.081354263548295336e-01	6.985701639560180087e-01	4.556375734340579742e-01	6.081354263548295336e-01	3.000199221733459987e-01	6.081354263548295336e-01	6.081354263548295336e-01	6.081354263548295336e-01	6.081354263548295336e-01	6.081354263548295336e-01	5.843656754077249937e-01	6.081354263548295336e-01	6.081354263548295336e-01	6.081354263548295336e-01	6.081354263548295336e-01	6.081354263548295336e-01	6.081354263548295336e-01	6.081354263548295336e-01	6.081354263548295336e-01	6.081354263548295336e-01	6.081354263548295336e-01	6.081354263548295336e-01	2.648248072783089824e-01	6.081354263548295336e-01	1.000000000000000021e-03	6.081354263548295336e-01	6.282680040628719764e-01	6.081354263548295336e-01	3.741187060063950187e-01	6.081354263548295336e-01	6.081354263548295336e-01	6.081354263548295336e-01	6.081354263548295336e-01	6.081354263548295336e-01	6.081354263548295336e-01	6.081354263548295336e-01	6.081354263548295336e-01	6.081354263548295336e-01	6.081354263548295336e-01	6.081354263548295336e-01	6.081354263548295336e-01	6.081354263548295336e-01	6.081354263548295336e-01	6.081354263548295336e-01	6.081354263548295336e-01	2.100770050500880004e-01	6.081354263548295336e-01	6.081354263548295336e-01	4.954936787976150225e-01	5.096449315597489926e-01	8.234549999323460545e-01	2.822997824804590050e-01	2.927621261313340106e-01	6.081354263548295336e-01	6.081354263548295336e-01	2.583283326496930155e-01	6.081354263548295336e-01	6.081354263548295336e-01	6.081354263548295336e-01	2.778291240915909954e-01
