1.000000000000000000e+00	6.032780495007959987e-01	6.032780495007959987e-01	6.032780495007959987e-01	6.032780495007959987e-01	6.032780495007959987e-01	6.471905558386189528e-01	6.032780495007959987e-01	6.032780495007959987e-01	6.032780495007959987e-01	6.032780495007959987e-01	7.308738226118319803e-01	6.032780495007959987e-01	6.832648563674690312e-01	6.016173831843020237e-01	6.032780495007959987e-01	6.032780495007959987e-01	7.231021040199570038e-01	6.032780495007959987e-01	6.032780495007959987e-01	6.032780495007959987e-01	7.733841469316500294e-01	6.032780495007959987e-01	6.032780495007959987e-01	6.320570650614529828e-01	6.032780495007959987e-01	1.857752000627390099e-01	6.032780495007959987e-01	6.032780495007959987e-01	6.484656889086100051e-01	6.700253456698129773e-01	6.032780495007959987e-01	6.032780495007959987e-01	6.032780495007959987e-01	6.032780495007959987e-01	6.695905439104149481e-01	6.032780495007959987e-01	6.032780495007959987e-01	6.032780495007959987e-01	7.210325231693690551e-01	6.032780495007959987e-01	6.032780495007959987e-01	6.032780495007959987e-01	6.032780495007959987e-01	6.032780495007959987e-01	7.489827177008130388e-01	5.468399570515160013e-01	6.032780495007959987e-01	7.007039326226499609e-01	6.032780495007959987e-01	6.620695136961030070e-01	6.863227503893739589e-01	7.393617577152089559e-01	6.032780495007959987e-01	6.032780495007959987e-01	6.032780495007959987e-01	6.032780495007959987e-01	7.674784351655989934e-01	6.032780495007959987e-01	6.820823502048799503e-01	7.116629718595030019e-01	6.032780495007959987e-01	6.032780495007959987e-01	6.032780495007959987e-01	5.202713731730510549e-01	6.032780495007959987e-01	6.032780495007959987e-01	6.032780495007959987e-01	6.032780495007959987e-01	2.072511417857859917e-01	6.032780495007959987e-01	3.426781967828830266e-01	7.744539944778540130e-01	7.567174118060729926e-01	6.826812756494650136e-01	6.032780495007959987e-01	6.933773897001349606e-01	6.032780495007959987e-01	6.032780495007959987e-01	7.243965166967990532e-01	6.032780495007959987e-01	6.032780495007959987e-01	6.032780495007959987e-01	6.032780495007959987e-01	6.032780495007959987e-01	6.032780495007959987e-01	6.032780495007959987e-01	6.032780495007959987e-01	6.032780495007959987e-01	6.032780495007959987e-01	6.032780495007959987e-01	7.460539148887960215e-01	6.032780495007959987e-01	6.770314243464420345e-01	6.032780495007959987e-01	6.032780495007959987e-01	6.914472868818839491e-01	6.958246838506090270e-01	6.935117203803220151e-03	6.032780495007959987e-01	4.528755948231770190e-01	6.032780495007959987e-01	6.032780495007959987e-01	6.032780495007959987e-01	7.490024299042320477e-01	6.032780495007959987e-01	6.032780495007959987e-01	6.032780495007959987e-01	6.032780495007959987e-01	6.032780495007959987e-01	6.683171824205069722e-01	6.032780495007959987e-01	6.032780495007959987e-01	6.032780495007959987e-01	6.032780495007959987e-01	6.032780495007959987e-01	6.032780495007959987e-01	6.032780495007959987e-01	6.032780495007959987e-01	7.156626353499739857e-01	6.032780495007959987e-01	6.032780495007959987e-01	6.032780495007959987e-01	6.712756912809699772e-01
6.032780495007959987e-01	1.000000000000000000e+00	6.032780495007959987e-01	7.175132848387799633e-01	6.032780495007959987e-01	7.072813206679160469e-01	6.032780495007959987e-01	5.879543395358149960e-01	6.032780495007959987e-01	6.032780495007959987e-01	6.032780495007959987e-01	7.187865417608020335e-01	6.032780495007959987e-01	6.032780495007959987e-01	6.032780495007959987e-01	6.032780495007959987e-01	6.032780495007959987e-01	6.032780495007959987e-01	7.705466166383320159e-01	6.032780495007959987e-01	6.696818956107030152e-01	7.669976955460070522e-01	6.032780495007959987e-01	7.730841773678209794e-01	6.238506692812180177e-01	6.032780495007959987e-01	6.032780495007959987e-01	6.032780495007959987e-01	6.032780495007959987e-01	6.032780495007959987e-01	6.032780495007959987e-01	6.032780495007959987e-01	6.032780495007959987e-01	6.032780495007959987e-01	6.032780495007959987e-01	6.032780495007959987e-01	6.032780495007959987e-01	6.032780495007959987e-01	1.161327150835280014e-01	6.032780495007959987e-01	6.032780495007959987e-01	6.032780495007959987e-01	6.032780495007959987e-01	6.032780495007959987e-01	6.032780495007959987e-01	6.032780495007959987e-01	5.361409510392920463e-01	6.649538068507560018e-01	6.032780495007959987e-01	6.977816467544180057e-01	6.032780495007959987e-01	6.032780495007959987e-01	7.307426750773480251e-01	6.032780495007959987e-01	6.032780495007959987e-01	6.032780495007959987e-01	6.864355785494640205e-01	6.032780495007959987e-01	6.032780495007959987e-01	6.032780495007959987e-01	6.032780495007959987e-01	4.862123985937710224e-01	6.032780495007959987e-01	6.032780495007959987e-01	6.032780495007959987e-01	1.119617292427800004e-01	7.088209727092430468e-01	6.419641848905449644e-02	6.032780495007959987e-01	2.037476037223960035e-01	7.560782567493929962e-01	3.352880273970310077e-01	6.032780495007959987e-01	6.032780495007959987e-01	6.032780495007959987e-01	6.032780495007959987e-01	6.032780495007959987e-01	6.032780495007959987e-01	6.659040442090869982e-01	6.032780495007959987e-01	6.032780495007959987e-01	2.858936423650100256e-01	6.032780495007959987e-01	2.598503971888729835e-01	6.032780495007959987e-01	6.032780495007959987e-01	6.032780495007959987e-01	6.032780495007959987e-01	6.032780495007959987e-01	4.758120530865710129e-02	6.032780495007959987e-01	6.032780495007959987e-01	6.895570817690429566e-01	6.032780495007959987e-01	4.074263477609669781e-01	6.808006479895639673e-01	6.032780495007959987e-01	6.032780495007959987e-01	6.871244143032140261e-03	7.303531263597470291e-01	4.504112199709690012e-01	6.032780495007959987e-01	6.654205654789300262e-01	5.963934272533339964e-01	6.032780495007959987e-01	6.032780495007959987e-01	7.251223508349620150e-01	6.929626420563209654e-01	6.032780495007959987e-01	6.944395375911239787e-01	6.032780495007959987e-01	6.032780495007959987e-01	6.735398639830779688e-01	7.749014663008000348e-01	6.032780495007959987e-01	7.528574894654179728e-01	6.032780495007959987e-01	6.032780495007959987e-01	7.577612576955810031e-01	6.032780495007959987e-01	7.312004819011489465e-01	7.491549730135129703e-01	6.705632245138889447e-01	6.633013771116610391e-01
6.032780495007959987e-01	6.032780495007959987e-01	1.000000000000000000e+00	6.775970125703200120e-01	6.032780495007959987e-01	6.032780495007959987e-01	6.032780495007959987e-01	6.032780495007959987e-01	4.686573367511300270e-01	6.032780495007959987e-01	6.032780495007959987e-01	6.032780495007959987e-01	7.030634336360680470e-01	6.032780495007959987e-01	6.032780495007959987e-01	6.032780495007959987e-01	6.032780495007959987e-01	6.032780495007959987e-01	7.284911180288700105e-01	6.032780495007959987e-01	6.313502420584770070e-01	6.032780495007959987e-01	6.032780495007959987e-01	6.032780495007959987e-01	6.032780495007959987e-01	6.107909350488269773e-01	6.032780495007959987e-01	6.032780495007959987e-01	6.032780495007959987e-01	6.032780495007959987e-01	6.032780495007959987e-01	6.032780495007959987e-01	6.032780495007959987e-01	6.032780495007959987e-01	6.032780495007959987e-01	6.032780495007959987e-01	6.032780495007959987e-01	6.032780495007959987e-01	6.032780495007959987e-01	6.032780495007959987e-01	6.032780495007959987e-01	6.136493075682240006e-01	6.417275244188329619e-01	6.032780495007959987e-01	6.032780495007959987e-01	6.927785776217380009e-01	5.158231036167589822e-01	6.032780495007959987e-01	6.520613480199890510e-01	6.032780495007959987e-01	6.168275836602510331e-01	6.032780495007959987e-01	6.870046113454659764e-01	6.032780495007959987e-01	2.603330818105630273e-01	6.032780495007959987e-01	6.032780495007959987e-01	6.032780495007959987e-01	6.032780495007959987e-01	6.032780495007959987e-01	6.032780495007959987e-01	6.032780495007959987e-01	6.032780495007959987e-01	6.032780495007959987e-01	6.032780495007959987e-01	6.032780495007959987e-01	6.713067149291359614e-01	6.032780495007959987e-01	6.783281203060219644e-01	6.032780495007959987e-01	6.032780495007959987e-01	3.254492742305800101e-01	7.189919706166280067e-01	6.032780495007959987e-01	6.032780495007959987e-01	6.032780495007959987e-01	6.032780495007959987e-01	6.836987699567119714e-01	6.366067562409220004e-01	6.779910524689910511e-01	5.675342610075799765e-01	6.032780495007959987e-01	6.032780495007959987e-01	2.461249063054209985e-01	6.469118202889909686e-01	6.032780495007959987e-01	6.032780495007959987e-01	6.509078509912640254e-01	6.032780495007959987e-01	6.032780495007959987e-01	6.032780495007959987e-01	6.032780495007959987e-01	6.032780495007959987e-01	6.032780495007959987e-01	3.876259771487010064e-01	6.455017915091300074e-01	6.450399092700459525e-01	6.032780495007959987e-01	6.032780495007959987e-01	6.032780495007959987e-01	4.238195541634339758e-01	6.032780495007959987e-01	6.032780495007959987e-01	5.683534397294780494e-01	6.032780495007959987e-01	6.032780495007959987e-01	6.815749849609490374e-01	6.032780495007959987e-01	6.032780495007959987e-01	6.032780495007959987e-01	6.032780495007959987e-01	6.032780495007959987e-01	6.032780495007959987e-01	6.032780495007959987e-01	6.032780495007959987e-01	7.096852419633510323e-01	6.032780495007959987e-01	6.032780495007959987e-01	7.166629298313049734e-01	6.032780495007959987e-01	6.032780495007959987e-01	6.032780495007959987e-01	6.313498209301350306e-01	6.198910306360769784e-01
6.032780495007959987e-01	7.175132848387799633e-01	6.775970125703200120e-01	1.000000000000000000e+00	6.032780495007959987e-01	6.032780495007959987e-01	6.032780495007959987e-01	6.032780495007959987e-01	4.678323308259410007e-01	6.032780495007959987e-01	6.032780495007959987e-01	6.032780495007959987e-01	6.032780495007959987e-01	6.376614475081460176e-01	6.032780495007959987e-01	7.581793082292950237e-01	6.032780495007959987e-01	6.734009033609750228e-01	7.335585176992970302e-01	6.278754886728780127e-01	6.032780495007959987e-01	6.032780495007959987e-01	6.032780495007959987e-01	6.032780495007959987e-01	5.961177493950140516e-01	6.193095659585550194e-01	6.032780495007959987e-01	6.032780495007959987e-01	6.755098071898300027e-01	6.032780495007959987e-01	6.032780495007959987e-01	6.032780495007959987e-01	6.032780495007959987e-01	4.302556352592210032e-01	6.032780495007959987e-01	6.032780495007959987e-01	6.032780495007959987e-01	6.945561256479110268e-01	1.144151484201469948e-01	6.032780495007959987e-01	6.032780495007959987e-01	6.198618210993469546e-01	6.032780495007959987e-01	6.032780495007959987e-01	5.055573742637650136e-01	6.962946157170449846e-01	6.032780495007959987e-01	6.374204431573790020e-01	6.583502659610019903e-01	6.650905187679100328e-01	6.208115190257840199e-01	6.445216061134909635e-01	6.032780495007959987e-01	7.038860315779550403e-01	6.032780495007959987e-01	6.032780495007959987e-01	6.032780495007959987e-01	6.032780495007959987e-01	6.032780495007959987e-01	6.374584376017430332e-01	6.655257311438359524e-01	6.032780495007959987e-01	6.032780495007959987e-01	6.032780495007959987e-01	6.032780495007959987e-01	6.032780495007959987e-01	6.032780495007959987e-01	6.032780495007959987e-01	6.032780495007959987e-01	6.032780495007959987e-01	7.153343980490769471e-01	6.032780495007959987e-01	6.032780495007959987e-01	6.032780495007959987e-01	6.032780495007959987e-01	6.032780495007959987e-01	6.032780495007959987e-01	6.032780495007959987e-01	6.032780495007959987e-01	6.032780495007959987e-01	5.737308821487470123e-01	2.761123812362000218e-01	4.684128741446529909e-01	2.548036529030309749e-01	6.032780495007959987e-01	6.032780495007959987e-01	6.032780495007959987e-01	6.032780495007959987e-01	6.032780495007959987e-01	6.032780495007959987e-01	6.032780495007959987e-01	6.928265890264220239e-01	6.032780495007959987e-01	6.032780495007959987e-01	3.872349282651589841e-01	6.032780495007959987e-01	6.032780495007959987e-01	6.474095625296240053e-01	6.867193077526790278e-03	6.032780495007959987e-01	4.279802320577190122e-01	6.032780495007959987e-01	6.032780495007959987e-01	5.660535745350180337e-01	6.032780495007959987e-01	6.032780495007959987e-01	6.032780495007959987e-01	6.032780495007959987e-01	6.032780495007959987e-01	6.032780495007959987e-01	6.244340029185729835e-01	6.032780495007959987e-01	6.403515323615329713e-01	6.032780495007959987e-01	7.190757791188350234e-01	6.032780495007959987e-01	6.032780495007959987e-01	7.149291748286310533e-01	6.032780495007959987e-01	6.032780495007959987e-01	6.991742955136039939e-01	6.032780495007959987e-01	6.032780495007959987e-01	6.032780495007959987e-01
6.032780495007959987e-01	6.032780495007959987e-01	6.032780495007959987e-01	6.032780495007959987e-01	9.999999999999900080e-01	6.032780495007959987e-01	3.696893308798789857e-01	6.032780495007959987e-01	6.032780495007959987e-01	6.032780495007959987e-01	6.032780495007959987e-01	4.108960151589879928e-01	4.268231068611639811e-01	6.032780495007959987e-01	6.032780495007959987e-01	6.032780495007959987e-01	6.032780495007959987e-01	6.032780495007959987e-01	6.032780495007959987e-01	6.032780495007959987e-01	6.032780495007959987e-01	4.359621209518830254e-01	3.876568079865619909e-01	6.032780495007959987e-01	6.032780495007959987e-01	6.032780495007959987e-01	6.032780495007959987e-01	6.032780495007959987e-01	4.104601993174140095e-01	6.032780495007959987e-01	3.849973474193830181e-01	6.032780495007959987e-01	6.032780495007959987e-01	6.032780495007959987e-01	6.032780495007959987e-01	6.032780495007959987e-01	6.032780495007959987e-01	4.139662458726420247e-01	6.032780495007959987e-01	4.124460261208199863e-01	4.326552296674249787e-01	6.032780495007959987e-01	3.842318587758900006e-01	6.032780495007959987e-01	3.151990921806819834e-01	6.032780495007959987e-01	6.032780495007959987e-01	6.032780495007959987e-01	6.032780495007959987e-01	4.014523899325310174e-01	3.755608836969689945e-01	6.032780495007959987e-01	6.032780495007959987e-01	6.032780495007959987e-01	6.032780495007959987e-01	4.237117080613009845e-01	6.032780495007959987e-01	6.032780495007959987e-01	6.032780495007959987e-01	6.032780495007959987e-01	6.032780495007959987e-01	2.924996766164499884e-01	6.032780495007959987e-01	3.415438595585260084e-01	6.032780495007959987e-01	7.438307828690819690e-02	6.032780495007959987e-01	6.032780495007959987e-01	6.032780495007959987e-01	6.032780495007959987e-01	6.032780495007959987e-01	6.032780495007959987e-01	6.032780495007959987e-01	6.032780495007959987e-01	3.869306021498780113e-01	4.006356608822589926e-01	3.868872596756339766e-01	6.032780495007959987e-01	6.032780495007959987e-01	6.032780495007959987e-01	6.032780495007959987e-01	6.032780495007959987e-01	6.032780495007959987e-01	6.032780495007959987e-01	6.032780495007959987e-01	6.032780495007959987e-01	6.032780495007959987e-01	6.032780495007959987e-01	6.032780495007959987e-01	6.032780495007959987e-01	6.032780495007959987e-01	6.032780495007959987e-01	4.000114806271530266e-01	6.032780495007959987e-01	6.032780495007959987e-01	6.032780495007959987e-01	6.032780495007959987e-01	6.032780495007959987e-01	6.032780495007959987e-01	4.191377676888520254e-01	2.631697807018990032e-01	6.032780495007959987e-01	6.032780495007959987e-01	3.422720364067369792e-01	6.032780495007959987e-01	6.032780495007959987e-01	6.032780495007959987e-01	3.999853491362569957e-01	4.469827514741490093e-01	4.011683802909030150e-01	6.032780495007959987e-01	6.032780495007959987e-01	3.840873558589130154e-01	6.032780495007959987e-01	6.032780495007959987e-01	4.298766815701640098e-01	4.356234371810839834e-01	6.032780495007959987e-01	6.032780495007959987e-01	6.032780495007959987e-01	4.209792769076660113e-01	6.032780495007959987e-01	6.032780495007959987e-01	3.758788038420929900e-01
6.032780495007959987e-01	7.072813206679160469e-01	6.032780495007959987e-01	6.032780495007959987e-01	6.032780495007959987e-01	1.000000000000000000e+00	6.032780495007959987e-01	6.032780495007959987e-01	6.032780495007959987e-01	6.032780495007959987e-01	6.032780495007959987e-01	6.713959968234759490e-01	6.032780495007959987e-01	6.032780495007959987e-01	6.032780495007959987e-01	6.032780495007959987e-01	7.162107104153510040e-01	6.032780495007959987e-01	6.032780495007959987e-01	6.032780495007959987e-01	6.032780495007959987e-01	7.206051859004229954e-01	6.032780495007959987e-01	7.241614404834200158e-01	6.032780495007959987e-01	6.032780495007959987e-01	6.032780495007959987e-01	6.032780495007959987e-01	6.032780495007959987e-01	6.032780495007959987e-01	6.032780495007959987e-01	6.032780495007959987e-01	6.032780495007959987e-01	6.032780495007959987e-01	6.032780495007959987e-01	6.032780495007959987e-01	6.032780495007959987e-01	6.032780495007959987e-01	6.032780495007959987e-01	6.032780495007959987e-01	6.032780495007959987e-01	6.032780495007959987e-01	6.032780495007959987e-01	6.032780495007959987e-01	4.997491260320129913e-01	6.032780495007959987e-01	4.995972208035500128e-01	6.032780495007959987e-01	6.032780495007959987e-01	6.503108385123770319e-01	6.032780495007959987e-01	6.032780495007959987e-01	6.032780495007959987e-01	6.032780495007959987e-01	6.032780495007959987e-01	6.032780495007959987e-01	6.032780495007959987e-01	6.032780495007959987e-01	7.188617736170169747e-01	6.294650115854180106e-01	6.585188691241029568e-01	6.032780495007959987e-01	6.032780495007959987e-01	6.032780495007959987e-01	6.032780495007959987e-01	6.032780495007959987e-01	6.032780495007959987e-01	6.032780495007959987e-01	6.745338477232469820e-01	6.032780495007959987e-01	6.032780495007959987e-01	6.032780495007959987e-01	6.032780495007959987e-01	6.032780495007959987e-01	6.032780495007959987e-01	6.032780495007959987e-01	6.424283717665589810e-01	6.797467224112979656e-01	6.032780495007959987e-01	6.741213777080039549e-01	6.032780495007959987e-01	6.032780495007959987e-01	6.032780495007959987e-01	6.032780495007959987e-01	6.032780495007959987e-01	2.614421381521749854e-01	6.032780495007959987e-01	6.032780495007959987e-01	1.000000000000000021e-03	4.543725944324079891e-02	6.032780495007959987e-01	6.032780495007959987e-01	6.032780495007959987e-01	6.032780495007959987e-01	3.831998880558080134e-01	6.032780495007959987e-01	6.032780495007959987e-01	6.032780495007959987e-01	6.672272442916469919e-03	6.032780495007959987e-01	6.032780495007959987e-01	6.421828939599589781e-01	6.032780495007959987e-01	6.032780495007959987e-01	6.032780495007959987e-01	6.032780495007959987e-01	6.032780495007959987e-01	6.032780495007959987e-01	7.373262729455299924e-01	6.032780495007959987e-01	6.032780495007959987e-01	6.032780495007959987e-01	6.032780495007959987e-01	7.269682414823710470e-01	6.032780495007959987e-01	6.032780495007959987e-01	6.032780495007959987e-01	6.032780495007959987e-01	7.101666198653590056e-01	6.599425156225550149e-01	6.899186064939120122e-01	6.032780495007959987e-01	6.032780495007959987e-01	6.032780495007959987e-01
6.471905558386189528e-01	6.032780495007959987e-01	6.032780495007959987e-01	6.032780495007959987e-01	3.696893308798789857e-01	6.032780495007959987e-01	1.000000000000000000e+00	6.032780495007959987e-01	6.032780495007959987e-01	6.032780495007959987e-01	6.032780495007959987e-01	6.032780495007959987e-01	6.032780495007959987e-01	6.032780495007959987e-01	6.032780495007959987e-01	6.032780495007959987e-01	6.467920735495840123e-01	6.032780495007959987e-01	6.032780495007959987e-01	6.032780495007959987e-01	6.032780495007959987e-01	6.489024035945319957e-01	6.032780495007959987e-01	6.032780495007959987e-01	6.032780495007959987e-01	6.032780495007959987e-01	6.032780495007959987e-01	6.032780495007959987e-01	6.104334223010120519e-01	6.032780495007959987e-01	6.032780495007959987e-01	6.032780495007959987e-01	6.678014650089559856e-01	6.032780495007959987e-01	6.476903233016859662e-01	5.663312389368519995e-01	6.032780495007959987e-01	6.032780495007959987e-01	6.032780495007959987e-01	6.032780495007959987e-01	6.032780495007959987e-01	5.565194372705040138e-01	6.032780495007959987e-01	6.032780495007959987e-01	6.032780495007959987e-01	6.032780495007959987e-01	6.032780495007959987e-01	5.630638482381280507e-01	5.869417014874670491e-01	6.032780495007959987e-01	6.032780495007959987e-01	6.032780495007959987e-01	6.032780495007959987e-01	6.266703198292570276e-01	2.361457591273219969e-01	6.032780495007959987e-01	6.032780495007959987e-01	6.032780495007959987e-01	6.032780495007959987e-01	6.032780495007959987e-01	6.032780495007959987e-01	6.032780495007959987e-01	5.795915976662580071e-01	6.032780495007959987e-01	6.032780495007959987e-01	6.032780495007959987e-01	6.032780495007959987e-01	6.032780495007959987e-01	6.114953690987340318e-01	6.032780495007959987e-01	6.389610434716590515e-01	6.032780495007959987e-01	6.032780495007959987e-01	6.032780495007959987e-01	6.032780495007959987e-01	6.032780495007959987e-01	5.803046783647349827e-01	6.032780495007959987e-01	5.658405507430259718e-01	6.032780495007959987e-01	6.032780495007959987e-01	6.032780495007959987e-01	6.032780495007959987e-01	2.266456563255369872e-01	5.769892151493309917e-01	2.320765767162540072e-01	5.990913815860580138e-01	6.032780495007959987e-01	6.032780495007959987e-01	6.032780495007959987e-01	6.020433370964769493e-01	6.032780495007959987e-01	6.032780495007959987e-01	6.032780495007959987e-01	3.478146499714260265e-01	5.826142125025239871e-01	6.032780495007959987e-01	6.032780495007959987e-01	6.032780495007959987e-01	6.032780495007959987e-01	3.847787983960799796e-01	6.032780495007959987e-01	6.032780495007959987e-01	6.032780495007959987e-01	6.222428475160779460e-01	6.032780495007959987e-01	6.142482017007649953e-01	5.857478769079590419e-01	6.676500407560109762e-01	6.032780495007959987e-01	6.032780495007959987e-01	6.032780495007959987e-01	5.768013346881449843e-01	6.032780495007959987e-01	6.032780495007959987e-01	6.032780495007959987e-01	6.032780495007959987e-01	6.369979382938349977e-01	6.032780495007959987e-01	6.032780495007959987e-01	6.032780495007959987e-01	6.032780495007959987e-01	6.032780495007959987e-01	6.032780495007959987e-01
6.032780495007959987e-01	5.879543395358149960e-01	6.032780495007959987e-01	6.032780495007959987e-01	6.032780495007959987e-01	6.032780495007959987e-01	6.032780495007959987e-01	1.000000000000000000e+00	3.890376585099269979e-01	4.091354297240630267e-01	5.522161949035510053e-01	5.578067502417759504e-01	6.032780495007959987e-01	5.250772814794719690e-01	6.032780495007959987e-01	6.032780495007959987e-01	6.032780495007959987e-01	5.504435959123460398e-01	6.032780495007959987e-01	6.032780495007959987e-01	5.152445870934589944e-01	6.032780495007959987e-01	6.032780495007959987e-01	6.032780495007959987e-01	6.032780495007959987e-01	5.065054102591000085e-01	6.032780495007959987e-01	6.032780495007959987e-01	6.032780495007959987e-01	6.032780495007959987e-01	5.117230282828599819e-01	6.032780495007959987e-01	6.032780495007959987e-01	3.555459940489260062e-01	6.032780495007959987e-01	5.146007766585890542e-01	6.032780495007959987e-01	6.032780495007959987e-01	6.032780495007959987e-01	5.523688398787259812e-01	6.032780495007959987e-01	6.032780495007959987e-01	5.220826754737399877e-01	6.032780495007959987e-01	4.187231189446530277e-01	6.032780495007959987e-01	6.032780495007959987e-01	5.156933393222430384e-01	6.032780495007959987e-01	5.387246849963069906e-01	5.099223212402379524e-01	5.252474110789140394e-01	6.032780495007959987e-01	5.756044343742720004e-01	6.032780495007959987e-01	6.032780495007959987e-01	6.032780495007959987e-01	6.032780495007959987e-01	5.950775446767520016e-01	6.032780495007959987e-01	5.411422194455639545e-01	3.813844693573940070e-01	6.032780495007959987e-01	6.032780495007959987e-01	6.032780495007959987e-01	6.032780495007959987e-01	5.541522255049570189e-01	6.032780495007959987e-01	6.032780495007959987e-01	6.032780495007959987e-01	6.032780495007959987e-01	2.723313809601590196e-01	6.032780495007959987e-01	6.032780495007959987e-01	6.032780495007959987e-01	6.032780495007959987e-01	6.032780495007959987e-01	6.032780495007959987e-01	6.032780495007959987e-01	6.032780495007959987e-01	6.032780495007959987e-01	6.032780495007959987e-01	6.032780495007959987e-01	2.118182471991179872e-01	5.265378383629070180e-01	6.032780495007959987e-01	6.032780495007959987e-01	6.032780495007959987e-01	6.032780495007959987e-01	6.032780495007959987e-01	6.032780495007959987e-01	6.032780495007959987e-01	6.032780495007959987e-01	6.032780495007959987e-01	6.032780495007959987e-01	6.032780495007959987e-01	5.279183973627400439e-01	6.032780495007959987e-01	6.032780495007959987e-01	6.032780495007959987e-01	6.032780495007959987e-01	6.032780495007959987e-01	6.032780495007959987e-01	6.032780495007959987e-01	6.032780495007959987e-01	6.032780495007959987e-01	6.032780495007959987e-01	6.032780495007959987e-01	6.032780495007959987e-01	6.032780495007959987e-01	5.106586441469089799e-01	6.032780495007959987e-01	6.032780495007959987e-01	6.032780495007959987e-01	6.032780495007959987e-01	6.032780495007959987e-01	6.032780495007959987e-01	6.032780495007959987e-01	6.032780495007959987e-01	6.032780495007959987e-01	6.032780495007959987e-01	6.032780495007959987e-01	5.185260649920040432e-01	5.139753132970920069e-01
6.032780495007959987e-01	6.032780495007959987e-01	4.686573367511300270e-01	4.678323308259410007e-01	6.032780495007959987e-01	6.032780495007959987e-01	6.032780495007959987e-01	3.890376585099269979e-01	9.999999999999960032e-01	6.032780495007959987e-01	6.032780495007959987e-01	6.032780495007959987e-01	6.032780495007959987e-01	6.032780495007959987e-01	6.032780495007959987e-01	6.032780495007959987e-01	6.032780495007959987e-01	6.032780495007959987e-01	6.032780495007959987e-01	6.032780495007959987e-01	6.032780495007959987e-01	6.032780495007959987e-01	6.032780495007959987e-01	4.986004284810089948e-01	6.032780495007959987e-01	6.032780495007959987e-01	6.032780495007959987e-01	6.032780495007959987e-01	6.032780495007959987e-01	6.032780495007959987e-01	4.380035974087539974e-01	6.032780495007959987e-01	5.105553700738549860e-01	3.014260971653279775e-01	6.032780495007959987e-01	4.346149349260070016e-01	6.032780495007959987e-01	6.032780495007959987e-01	6.032780495007959987e-01	6.032780495007959987e-01	4.954453804805329931e-01	6.032780495007959987e-01	6.032780495007959987e-01	6.032780495007959987e-01	6.032780495007959987e-01	6.032780495007959987e-01	6.032780495007959987e-01	6.032780495007959987e-01	6.032780495007959987e-01	6.032780495007959987e-01	4.280954773629310206e-01	6.032780495007959987e-01	4.718760612821830125e-01	6.032780495007959987e-01	6.032780495007959987e-01	4.796569880323779955e-01	4.455657330233739888e-01	6.032780495007959987e-01	4.975814333245079935e-01	6.032780495007959987e-01	4.545256789976149792e-01	3.289902916422329793e-01	4.433192230900649955e-01	6.032780495007959987e-01	6.032780495007959987e-01	6.032780495007959987e-01	6.032780495007959987e-01	4.960287926495209748e-02	6.032780495007959987e-01	1.441214628967940059e-01	4.910798094512640044e-01	2.310725141178469888e-01	6.032780495007959987e-01	6.032780495007959987e-01	6.032780495007959987e-01	4.563736430589139803e-01	6.032780495007959987e-01	6.032780495007959987e-01	6.032780495007959987e-01	6.032780495007959987e-01	6.032780495007959987e-01	6.032780495007959987e-01	6.032780495007959987e-01	6.032780495007959987e-01	6.032780495007959987e-01	1.876039097476970008e-01	6.032780495007959987e-01	6.032780495007959987e-01	1.000000000000000021e-03	6.032780495007959987e-01	4.636832663574569913e-01	6.032780495007959987e-01	6.032780495007959987e-01	4.357328681426900219e-01	6.032780495007959987e-01	6.032780495007959987e-01	6.032780495007959987e-01	6.032780495007959987e-01	6.032780495007959987e-01	4.783955704677599896e-01	6.032780495007959987e-01	4.388374654581729817e-01	4.364501453449349810e-01	3.959334778724559745e-01	6.032780495007959987e-01	4.726306757347439880e-01	6.032780495007959987e-01	6.032780495007959987e-01	6.032780495007959987e-01	6.032780495007959987e-01	4.335305864702599932e-01	6.032780495007959987e-01	6.032780495007959987e-01	6.032780495007959987e-01	6.032780495007959987e-01	6.032780495007959987e-01	4.940116189391259849e-01	4.883187724991620016e-01	6.032780495007959987e-01	6.032780495007959987e-01	6.032780495007959987e-01	6.032780495007959987e-01	6.032780495007959987e-01	6.032780495007959987e-01
6.032780495007959987e-01	6.032780495007959987e-01	6.032780495007959987e-01	6.032780495007959987e-01	6.032780495007959987e-01	6.032780495007959987e-01	6.032780495007959987e-01	4.091354297240630267e-01	6.032780495007959987e-01	9.999999999999980016e-01	6.032780495007959987e-01	6.032780495007959987e-01	6.032780495007959987e-01	6.032780495007959987e-01	6.032780495007959987e-01	5.430085489038259938e-01	5.235422381329889463e-01	4.852376629888929815e-01	5.281604901660319484e-01	6.032780495007959987e-01	4.577388145568849764e-01	6.032780495007959987e-01	4.599777029982309862e-01	6.032780495007959987e-01	6.032780495007959987e-01	4.501800063768889859e-01	6.032780495007959987e-01	6.032780495007959987e-01	6.032780495007959987e-01	6.032780495007959987e-01	4.535581885714090045e-01	5.272623212871869747e-01	6.032780495007959987e-01	6.032780495007959987e-01	5.172841937538059653e-01	4.567602951835599834e-01	4.770517087917179877e-01	6.032780495007959987e-01	6.032780495007959987e-01	6.032780495007959987e-01	5.202638985240759517e-01	6.032780495007959987e-01	6.032780495007959987e-01	6.032780495007959987e-01	6.032780495007959987e-01	6.032780495007959987e-01	6.032780495007959987e-01	6.032780495007959987e-01	6.032780495007959987e-01	4.817660796869610018e-01	6.032780495007959987e-01	4.677393250358939936e-01	6.032780495007959987e-01	6.032780495007959987e-01	6.032780495007959987e-01	5.023210161946070063e-01	6.032780495007959987e-01	6.032780495007959987e-01	6.032780495007959987e-01	6.032780495007959987e-01	4.815816455341729863e-01	6.032780495007959987e-01	4.656356417106110035e-01	6.032780495007959987e-01	3.544956503521020097e-01	8.416088328318580003e-02	6.032780495007959987e-01	6.032780495007959987e-01	6.032780495007959987e-01	1.504063163493810085e-01	6.032780495007959987e-01	6.032780495007959987e-01	5.235110783876859575e-01	6.032780495007959987e-01	6.032780495007959987e-01	6.032780495007959987e-01	4.687569324009739913e-01	4.975355487332980275e-01	6.032780495007959987e-01	4.873045908903609891e-01	6.032780495007959987e-01	6.032780495007959987e-01	3.422126383005060224e-01	6.032780495007959987e-01	6.032780495007959987e-01	6.032780495007959987e-01	6.032780495007959987e-01	4.717936195558929957e-01	6.032780495007959987e-01	3.667728147191429838e-02	4.875124000785119871e-01	4.995871324911529965e-01	6.032780495007959987e-01	6.032780495007959987e-01	6.032780495007959987e-01	6.032780495007959987e-01	6.032780495007959987e-01	6.032780495007959987e-01	5.908534455936289599e-03	6.032780495007959987e-01	3.168550931617979960e-01	6.032780495007959987e-01	6.032780495007959987e-01	6.032780495007959987e-01	6.032780495007959987e-01	6.032780495007959987e-01	6.032780495007959987e-01	6.032780495007959987e-01	6.032780495007959987e-01	6.032780495007959987e-01	6.032780495007959987e-01	4.160549762595520118e-01	6.032780495007959987e-01	5.269665478641210044e-01	6.032780495007959987e-01	5.164793121203810067e-01	5.196233218504090479e-01	5.115103917580170467e-01	6.032780495007959987e-01	6.032780495007959987e-01	6.032780495007959987e-01	6.032780495007959987e-01	4.595319792341370224e-01	4.541260063300430194e-01
6.032780495007959987e-01	6.032780495007959987e-01	6.032780495007959987e-01	6.032780495007959987e-01	6.032780495007959987e-01	6.032780495007959987e-01	6.032780495007959987e-01	5.522161949035510053e-01	6.032780495007959987e-01	6.032780495007959987e-01	1.000000000000000000e+00	6.032780495007959987e-01	6.032780495007959987e-01	6.376492937346289747e-01	6.032780495007959987e-01	6.032780495007959987e-01	6.032780495007959987e-01	6.032780495007959987e-01	6.032780495007959987e-01	6.303138332157830481e-01	6.266873654324810472e-01	7.228588910719629945e-01	6.330765680674660389e-01	6.032780495007959987e-01	6.032780495007959987e-01	6.032780495007959987e-01	1.756314258348130042e-01	3.869711779956709896e-01	6.716535473908350484e-01	6.032780495007959987e-01	6.229376491878210187e-01	6.032780495007959987e-01	6.032780495007959987e-01	6.032780495007959987e-01	6.032780495007959987e-01	6.032780495007959987e-01	6.564512619804090399e-01	6.032780495007959987e-01	6.032780495007959987e-01	6.032780495007959987e-01	6.032780495007959987e-01	6.032780495007959987e-01	6.352265434316619608e-01	6.032780495007959987e-01	6.032780495007959987e-01	6.999926599096180091e-01	5.080295386358899545e-01	6.032780495007959987e-01	6.527860184306399915e-01	6.032780495007959987e-01	6.032780495007959987e-01	6.032780495007959987e-01	6.032780495007959987e-01	7.000142466688720200e-01	6.032780495007959987e-01	6.968471661382069637e-01	6.032780495007959987e-01	6.032780495007959987e-01	6.032780495007959987e-01	6.032780495007959987e-01	6.032780495007959987e-01	6.032780495007959987e-01	6.032780495007959987e-01	5.520580307524189934e-01	6.032780495007959987e-01	1.055384351546280047e-01	6.716155840429569590e-01	6.032780495007959987e-01	6.032780495007959987e-01	6.032780495007959987e-01	7.169091503502890150e-01	3.223591810230490018e-01	6.032780495007959987e-01	6.977387069817839738e-01	6.032780495007959987e-01	6.553758248050860491e-01	6.409809242978889987e-01	6.032780495007959987e-01	6.032780495007959987e-01	6.753325315746250279e-01	6.032780495007959987e-01	6.032780495007959987e-01	6.032780495007959987e-01	6.032780495007959987e-01	6.388924223295120441e-01	2.542745188945069734e-01	6.032780495007959987e-01	6.032780495007959987e-01	6.032780495007959987e-01	6.032780495007959987e-01	6.032780495007959987e-01	6.032780495007959987e-01	6.032780495007959987e-01	6.341506267726230162e-01	6.032780495007959987e-01	6.032780495007959987e-01	6.032780495007959987e-01	6.430848860990699967e-01	6.032780495007959987e-01	6.032780495007959987e-01	6.032780495007959987e-01	6.410551379833330232e-01	6.300033218172399474e-01	6.032780495007959987e-01	6.032780495007959987e-01	6.032780495007959987e-01	6.032780495007959987e-01	6.032780495007959987e-01	6.032780495007959987e-01	6.599171674124070242e-01	6.032780495007959987e-01	6.032780495007959987e-01	6.349012208930829848e-01	6.032780495007959987e-01	6.032780495007959987e-01	6.032780495007959987e-01	7.130395374622110483e-01	6.032780495007959987e-01	7.145058969803189663e-01	6.641357280428540344e-01	6.032780495007959987e-01	6.032780495007959987e-01	6.300126035713700112e-01	6.180369259781689495e-01
7.308738226118319803e-01	7.187865417608020335e-01	6.032780495007959987e-01	6.032780495007959987e-01	4.108960151589879928e-01	6.713959968234759490e-01	6.032780495007959987e-01	5.578067502417759504e-01	6.032780495007959987e-01	6.032780495007959987e-01	6.032780495007959987e-01	1.000000000000000000e+00	6.032780495007959987e-01	6.032780495007959987e-01	6.032780495007959987e-01	6.032780495007959987e-01	7.255381269806100430e-01	6.763225380765069961e-01	6.032780495007959987e-01	6.032780495007959987e-01	6.032780495007959987e-01	7.263736667447340256e-01	6.032780495007959987e-01	6.032780495007959987e-01	6.032780495007959987e-01	6.032780495007959987e-01	1.773201552549570070e-01	6.032780495007959987e-01	6.032780495007959987e-01	6.032780495007959987e-01	6.032780495007959987e-01	7.387898154259260330e-01	6.032780495007959987e-01	4.243527789294360142e-01	6.032780495007959987e-01	6.032780495007959987e-01	6.032780495007959987e-01	6.032780495007959987e-01	6.032780495007959987e-01	6.032780495007959987e-01	6.032780495007959987e-01	6.169626011888820205e-01	6.462262145244019873e-01	2.543838679688010251e-01	6.032780495007959987e-01	6.032780495007959987e-01	6.032780495007959987e-01	6.288938391955140039e-01	6.032780495007959987e-01	6.032780495007959987e-01	6.032780495007959987e-01	6.436844033799199449e-01	6.032780495007959987e-01	6.032780495007959987e-01	6.032780495007959987e-01	6.032780495007959987e-01	6.546322817902330282e-01	7.224264046447550491e-01	6.032780495007959987e-01	6.032780495007959987e-01	6.706752910935279699e-01	6.032780495007959987e-01	6.032780495007959987e-01	5.540397339632280316e-01	6.032780495007959987e-01	1.065665387937879960e-01	6.754432663166269890e-01	6.032780495007959987e-01	6.032780495007959987e-01	6.032780495007959987e-01	7.207328181829000258e-01	6.032780495007959987e-01	6.032780495007959987e-01	6.032780495007959987e-01	6.393047061912570106e-01	6.032780495007959987e-01	6.032780495007959987e-01	6.923196963972180207e-01	6.419759600165370061e-01	6.032780495007959987e-01	5.690321181416839735e-01	6.032780495007959987e-01	6.032780495007959987e-01	6.032780495007959987e-01	6.032780495007959987e-01	6.032780495007959987e-01	6.731418101122309539e-01	6.032780495007959987e-01	6.032780495007959987e-01	6.032780495007959987e-01	6.032780495007959987e-01	6.032780495007959987e-01	6.032780495007959987e-01	6.032780495007959987e-01	6.032780495007959987e-01	6.032780495007959987e-01	6.032780495007959987e-01	6.032780495007959987e-01	6.032780495007959987e-01	6.032780495007959987e-01	6.032780495007959987e-01	6.456415090158069692e-01	6.032780495007959987e-01	5.689343185225870236e-01	6.032780495007959987e-01	6.908249398711330258e-01	6.032780495007959987e-01	6.032780495007959987e-01	6.032780495007959987e-01	6.032780495007959987e-01	6.244631049239790510e-01	6.032780495007959987e-01	6.032780495007959987e-01	7.365753328722339788e-01	6.032780495007959987e-01	6.032780495007959987e-01	7.188537571378590396e-01	7.170653370211480526e-01	6.032780495007959987e-01	6.032780495007959987e-01	6.969632263037159881e-01	6.032780495007959987e-01	6.032780495007959987e-01	6.032780495007959987e-01
