1.000000000000000000e+00	8.623440605333945186e-01	9.086581904565630419e-01	8.623440605333945186e-01	7.830872606041300310e-01	8.623440605333945186e-01	8.802841976919200118e-01	8.623440605333945186e-01	8.623440605333945186e-01	8.623440605333945186e-01	9.098105195694750069e-01	8.623440605333945186e-01	9.218844709949489680e-01	8.623440605333945186e-01	8.623440605333945186e-01	8.623440605333945186e-01	8.623440605333945186e-01	8.623440605333945186e-01	8.623440605333945186e-01	8.623440605333945186e-01	8.623440605333945186e-01	8.623440605333945186e-01	8.623440605333945186e-01	9.307052826896150544e-01	8.623440605333945186e-01	8.623440605333945186e-01	8.623440605333945186e-01	8.623440605333945186e-01	8.623440605333945186e-01	8.623440605333945186e-01	8.892747662479899562e-01	8.623440605333945186e-01	8.623440605333945186e-01	8.623440605333945186e-01	8.623440605333945186e-01	8.623440605333945186e-01	9.014187825319850411e-01	8.623440605333945186e-01	8.623440605333945186e-01	8.623440605333945186e-01	8.623440605333945186e-01	8.623440605333945186e-01	8.955878611535580403e-01	8.623440605333945186e-01	8.623440605333945186e-01	8.623440605333945186e-01	8.623440605333945186e-01	8.897833418099410085e-01	8.623440605333945186e-01	8.623440605333945186e-01	8.623440605333945186e-01	8.623440605333945186e-01	8.623440605333945186e-01	8.623440605333945186e-01	8.623440605333945186e-01	8.623440605333945186e-01	8.623440605333945186e-01	9.253767861293149544e-01	9.282126593303130502e-01	8.623440605333945186e-01	8.623440605333945186e-01	8.623440605333945186e-01	8.950937155796530043e-01	8.623440605333945186e-01	8.623440605333945186e-01	8.623440605333945186e-01	8.623440605333945186e-01	8.623440605333945186e-01	9.118857870071229721e-01	8.623440605333945186e-01	8.623440605333945186e-01	8.623440605333945186e-01	9.278336632297029540e-01	8.623440605333945186e-01	8.623440605333945186e-01	8.623440605333945186e-01	8.623440605333945186e-01	8.623440605333945186e-01	8.925095274046559446e-01	8.623440605333945186e-01	8.633093987923340373e-01	8.623440605333945186e-01	8.623440605333945186e-01	8.623440605333945186e-01	8.964070584662110486e-01	8.623440605333945186e-01	8.623440605333945186e-01	8.623440605333945186e-01	8.623440605333945186e-01	8.623440605333945186e-01	8.623440605333945186e-01	8.623440605333945186e-01	8.623440605333945186e-01	8.919897259774359766e-01	7.714911276079280400e-01	8.623440605333945186e-01	8.975142163661009587e-01	8.623440605333945186e-01	2.329807262604099982e-01	9.160194827953299646e-01	8.623440605333945186e-01	8.971846634769590212e-01	8.623440605333945186e-01	8.623440605333945186e-01	9.187921197991769651e-01	9.152043694346010394e-01	8.623440605333945186e-01	8.623440605333945186e-01	8.623440605333945186e-01	8.623440605333945186e-01	8.886097868996100102e-01	8.689215415151430033e-01	8.623440605333945186e-01	8.623440605333945186e-01	8.623440605333945186e-01	9.234236412389360549e-01	8.623440605333945186e-01	9.240221327007089869e-01	8.623440605333945186e-01	8.623440605333945186e-01	8.623440605333945186e-01	8.623440605333945186e-01	8.623440605333945186e-01	8.897607601724120130e-01
8.623440605333945186e-01	1.000000000000000000e+00	8.623440605333945186e-01	8.623440605333945186e-01	8.623440605333945186e-01	8.623440605333945186e-01	8.768713490610819949e-01	8.623440605333945186e-01	8.127824421197520355e-01	8.623440605333945186e-01	8.623440605333945186e-01	8.623440605333945186e-01	8.623440605333945186e-01	8.623440605333945186e-01	8.586404779106779905e-01	8.623440605333945186e-01	8.623440605333945186e-01	8.623440605333945186e-01	8.623440605333945186e-01	8.623440605333945186e-01	8.623440605333945186e-01	9.252068832232760442e-01	8.890338095406730146e-01	9.273524350044769493e-01	8.623440605333945186e-01	8.623440605333945186e-01	6.092436739098869847e-01	8.623440605333945186e-01	8.623440605333945186e-01	8.623440605333945186e-01	8.851266791848499960e-01	8.623440605333945186e-01	9.324012656387870024e-01	8.623440605333945186e-01	8.623440605333945186e-01	8.861116839392270128e-01	8.623440605333945186e-01	8.623440605333945186e-01	5.320893705312359501e-01	9.049800367512930155e-01	9.218650350107560065e-01	8.623440605333945186e-01	8.623440605333945186e-01	8.623440605333945186e-01	8.327969562002239812e-01	8.623440605333945186e-01	8.623440605333945186e-01	8.623440605333945186e-01	8.623440605333945186e-01	8.623440605333945186e-01	8.623440605333945186e-01	8.623440605333945186e-01	8.623440605333945186e-01	8.623440605333945186e-01	8.623440605333945186e-01	8.623440605333945186e-01	8.623440605333945186e-01	9.213385205516090304e-01	8.623440605333945186e-01	8.623440605333945186e-01	9.018958129263779933e-01	8.623440605333945186e-01	8.925988085173750530e-01	8.623440605333945186e-01	8.219204883754419599e-01	5.264164876048810227e-01	9.040650528417070175e-01	8.623440605333945186e-01	9.086362374780649898e-01	8.623440605333945186e-01	8.623440605333945186e-01	8.623440605333945186e-01	9.231729268882460371e-01	9.168360289683350484e-01	8.623440605333945186e-01	8.623440605333945186e-01	8.623440605333945186e-01	8.623440605333945186e-01	8.623440605333945186e-01	8.623440605333945186e-01	8.627262232910569706e-01	8.623440605333945186e-01	8.623440605333945186e-01	8.623440605333945186e-01	8.623440605333945186e-01	6.809552890619280374e-01	9.036451270224400423e-01	8.623440605333945186e-01	8.623440605333945186e-01	4.096584820167950003e-01	8.623440605333945186e-01	8.623440605333945186e-01	8.967945129077860011e-01	8.623440605333945186e-01	7.686431183738670070e-01	8.623440605333945186e-01	8.937283342236069794e-01	8.948058368453409850e-01	2.323498485203280006e-01	8.623440605333945186e-01	8.623440605333945186e-01	8.623440605333945186e-01	8.623440605333945186e-01	8.594484164180690167e-01	8.623440605333945186e-01	8.623440605333945186e-01	9.101091399313200325e-01	8.980901903172210377e-01	8.623440605333945186e-01	8.623440605333945186e-01	8.844658181701620103e-01	8.623440605333945186e-01	8.906391899821950453e-01	9.279907334335230074e-01	8.623440605333945186e-01	8.623440605333945186e-01	9.209645128360010036e-01	8.623440605333945186e-01	8.623440605333945186e-01	9.027627927201520297e-01	9.123381497113890459e-01	8.623440605333945186e-01	8.623440605333945186e-01	8.866501890187179491e-01
9.086581904565630419e-01	8.623440605333945186e-01	1.000000000000000000e+00	8.623440605333945186e-01	8.623440605333945186e-01	8.623440605333945186e-01	8.623440605333945186e-01	8.623440605333945186e-01	8.008368624160300264e-01	8.623440605333945186e-01	8.623440605333945186e-01	8.623440605333945186e-01	9.019068451717859869e-01	8.739432897017850310e-01	8.623440605333945186e-01	8.623440605333945186e-01	8.623440605333945186e-01	8.623440605333945186e-01	8.623440605333945186e-01	8.623440605333945186e-01	8.623440605333945186e-01	8.623440605333945186e-01	8.780474916103410132e-01	8.623440605333945186e-01	8.623440605333945186e-01	8.623440605333945186e-01	8.623440605333945186e-01	8.623440605333945186e-01	8.623440605333945186e-01	8.626748042698769714e-01	8.709203140541730281e-01	8.623440605333945186e-01	9.159186152504159573e-01	7.771379497713919449e-01	8.623440605333945186e-01	8.623440605333945186e-01	8.623440605333945186e-01	8.968711634033199598e-01	8.623440605333945186e-01	8.905191027234570234e-01	8.623440605333945186e-01	8.623440605333945186e-01	8.623440605333945186e-01	8.623440605333945186e-01	8.623440605333945186e-01	8.623440605333945186e-01	8.623440605333945186e-01	8.623440605333945186e-01	8.623440605333945186e-01	8.623440605333945186e-01	8.623440605333945186e-01	8.623440605333945186e-01	8.623440605333945186e-01	8.623440605333945186e-01	6.740943018772439510e-01	8.623440605333945186e-01	8.623440605333945186e-01	8.623440605333945186e-01	8.623440605333945186e-01	8.623440605333945186e-01	8.623440605333945186e-01	8.623440605333945186e-01	8.623440605333945186e-01	8.623440605333945186e-01	8.082538653505010329e-01	5.184507918561139794e-01	8.623440605333945186e-01	8.623440605333945186e-01	8.623440605333945186e-01	6.181199205846269473e-01	8.623440605333945186e-01	8.623440605333945186e-01	8.623440605333945186e-01	8.623440605333945186e-01	8.623440605333945186e-01	8.836777452753109552e-01	8.623440605333945186e-01	8.623440605333945186e-01	8.623440605333945186e-01	8.923600473815660461e-01	8.623440605333945186e-01	8.623440605333945186e-01	7.989798606234750356e-01	6.630982869091549547e-01	8.801730778759649931e-01	8.623440605333945186e-01	8.623440605333945186e-01	8.623440605333945186e-01	8.623440605333945186e-01	8.623440605333945186e-01	8.623440605333945186e-01	8.623440605333945186e-01	8.823355381534080388e-01	8.741896910695500234e-01	8.623440605333945186e-01	8.623440605333945186e-01	8.623440605333945186e-01	8.623440605333945186e-01	8.623440605333945186e-01	8.969307139944330265e-01	8.623440605333945186e-01	8.623440605333945186e-01	8.623440605333945186e-01	8.474046753236920138e-01	8.985785946908609878e-01	8.623440605333945186e-01	8.623440605333945186e-01	8.623440605333945186e-01	8.623440605333945186e-01	8.623440605333945186e-01	8.623440605333945186e-01	8.623440605333945186e-01	8.623440605333945186e-01	9.107945734782729730e-01	8.623440605333945186e-01	8.623440605333945186e-01	9.057377068507560525e-01	8.623440605333945186e-01	8.623440605333945186e-01	8.623440605333945186e-01	8.623440605333945186e-01	9.027707706287819711e-01	8.623440605333945186e-01	8.692364608766459666e-01
8.623440605333945186e-01	8.623440605333945186e-01	8.623440605333945186e-01	1.000000000000000000e+00	8.623440605333945186e-01	8.623440605333945186e-01	8.623440605333945186e-01	8.623440605333945186e-01	8.623440605333945186e-01	8.102205779823640208e-01	8.623440605333945186e-01	8.623440605333945186e-01	9.032199891562520122e-01	8.623440605333945186e-01	8.623440605333945186e-01	8.623440605333945186e-01	8.623440605333945186e-01	8.905853376878729577e-01	8.623440605333945186e-01	8.725026620528010257e-01	8.750391448855270315e-01	9.094344358134149875e-01	8.623440605333945186e-01	9.127554821755750059e-01	8.623440605333945186e-01	8.689974419676790296e-01	8.623440605333945186e-01	8.623440605333945186e-01	8.623440605333945186e-01	8.623440605333945186e-01	8.732089738392220246e-01	8.623440605333945186e-01	9.171233425826400554e-01	8.623440605333945186e-01	8.623440605333945186e-01	8.623440605333945186e-01	8.839372166387500229e-01	8.623440605333945186e-01	8.623440605333945186e-01	8.623440605333945186e-01	9.069204046365320071e-01	8.623440605333945186e-01	8.790002016482050262e-01	8.623440605333945186e-01	8.623440605333945186e-01	8.623440605333945186e-01	8.623440605333945186e-01	8.623440605333945186e-01	8.623440605333945186e-01	8.623440605333945186e-01	8.623440605333945186e-01	8.792188103964769796e-01	8.965247030026569641e-01	9.022159583721209852e-01	8.623440605333945186e-01	8.623440605333945186e-01	8.623440605333945186e-01	9.062377853333970501e-01	8.623440605333945186e-01	8.623440605333945186e-01	8.623440605333945186e-01	8.623440605333945186e-01	8.784360548797189860e-01	8.623440605333945186e-01	8.623440605333945186e-01	8.623440605333945186e-01	8.910638339738610192e-01	8.623440605333945186e-01	8.623440605333945186e-01	8.623440605333945186e-01	8.623440605333945186e-01	8.623440605333945186e-01	8.623440605333945186e-01	8.623440605333945186e-01	8.623440605333945186e-01	8.623440605333945186e-01	8.623440605333945186e-01	8.623440605333945186e-01	8.623440605333945186e-01	8.623440605333945186e-01	8.623440605333945186e-01	8.623440605333945186e-01	8.007144223780580106e-01	8.623440605333945186e-01	8.623440605333945186e-01	8.623440605333945186e-01	8.623440605333945186e-01	8.623440605333945186e-01	8.623440605333945186e-01	8.623440605333945186e-01	8.623440605333945186e-01	8.623440605333945186e-01	8.623440605333945186e-01	8.742172910415290099e-01	8.623440605333945186e-01	8.623440605333945186e-01	8.623440605333945186e-01	8.623440605333945186e-01	2.323096963433450013e-01	8.623440605333945186e-01	8.623440605333945186e-01	8.793497779053529584e-01	8.718783622243549969e-01	8.623440605333945186e-01	8.623440605333945186e-01	8.974376661706889857e-01	8.623440605333945186e-01	8.854209727136700403e-01	9.193099662797890037e-01	8.623440605333945186e-01	8.623440605333945186e-01	8.516962735074179447e-01	8.775479457301359476e-01	9.129404026101950453e-01	8.623440605333945186e-01	8.623440605333945186e-01	9.062348142819259822e-01	8.623440605333945186e-01	9.083543986753730426e-01	8.623440605333945186e-01	8.623440605333945186e-01	8.623440605333945186e-01	8.750741862359709966e-01	8.623440605333945186e-01
7.830872606041300310e-01	8.623440605333945186e-01	8.623440605333945186e-01	8.623440605333945186e-01	9.999999999999970024e-01	8.623440605333945186e-01	8.623440605333945186e-01	8.623440605333945186e-01	8.623440605333945186e-01	7.083487094393550176e-01	8.623440605333945186e-01	7.705556243250040183e-01	8.623440605333945186e-01	8.623440605333945186e-01	7.346760186495979728e-01	8.623440605333945186e-01	8.623440605333945186e-01	7.697945668145039777e-01	7.870893479010450111e-01	7.531039758079389745e-01	7.545855116797179907e-01	8.623440605333945186e-01	8.623440605333945186e-01	8.623440605333945186e-01	7.444950432520409667e-01	8.623440605333945186e-01	8.623440605333945186e-01	8.623440605333945186e-01	8.623440605333945186e-01	7.473072720980260542e-01	8.623440605333945186e-01	8.623440605333945186e-01	8.623440605333945186e-01	6.791281436124839699e-01	8.623440605333945186e-01	8.623440605333945186e-01	8.623440605333945186e-01	8.623440605333945186e-01	8.623440605333945186e-01	8.623440605333945186e-01	8.623440605333945186e-01	8.623440605333945186e-01	7.555529912042190377e-01	5.876694712185199787e-01	8.623440605333945186e-01	8.623440605333945186e-01	8.623440605333945186e-01	8.623440605333945186e-01	8.623440605333945186e-01	8.623440605333945186e-01	8.623440605333945186e-01	8.623440605333945186e-01	7.748817600161219676e-01	8.623440605333945186e-01	5.958096287322740547e-01	7.775223066602420241e-01	8.623440605333945186e-01	8.623440605333945186e-01	8.623440605333945186e-01	7.553490331388430512e-01	8.623440605333945186e-01	8.623440605333945186e-01	8.623440605333945186e-01	8.623440605333945186e-01	8.623440605333945186e-01	8.623440605333945186e-01	8.623440605333945186e-01	4.002635821113330050e-01	8.623440605333945186e-01	5.485001301027140341e-01	7.830460365099659592e-01	8.623440605333945186e-01	8.623440605333945186e-01	8.623440605333945186e-01	8.623440605333945186e-01	7.648664648186439541e-01	8.623440605333945186e-01	8.623440605333945186e-01	8.623440605333945186e-01	8.623440605333945186e-01	8.623440605333945186e-01	8.623440605333945186e-01	8.623440605333945186e-01	8.623440605333945186e-01	7.566080958276919510e-01	8.623440605333945186e-01	7.678241292827929776e-01	8.623440605333945186e-01	8.623440605333945186e-01	3.791678455224329891e-01	8.623440605333945186e-01	8.623440605333945186e-01	7.645170609995599609e-01	8.623440605333945186e-01	8.623440605333945186e-01	7.591657608069489749e-01	7.591829344720679718e-01	8.623440605333945186e-01	2.188024065499959980e-01	8.623440605333945186e-01	8.623440605333945186e-01	8.623440605333945186e-01	8.623440605333945186e-01	7.303774679519510205e-01	7.758281603650180047e-01	8.623440605333945186e-01	7.745869433963760153e-01	8.623440605333945186e-01	7.898008108475940148e-01	7.651643664010939760e-01	8.623440605333945186e-01	7.379964377576989643e-01	8.623440605333945186e-01	7.870302454714990237e-01	8.623440605333945186e-01	8.623440605333945186e-01	8.623440605333945186e-01	7.808239797139460148e-01	8.623440605333945186e-01	8.623440605333945186e-01	8.623440605333945186e-01	8.623440605333945186e-01	8.623440605333945186e-01	7.507020579295450302e-01
8.623440605333945186e-01	8.623440605333945186e-01	8.623440605333945186e-01	8.623440605333945186e-01	8.623440605333945186e-01	1.000000000000000000e+00	8.623440605333945186e-01	8.623440605333945186e-01	8.623440605333945186e-01	8.106992770535750292e-01	8.886670708085939729e-01	8.898074876937289712e-01	8.623440605333945186e-01	8.623440605333945186e-01	8.623440605333945186e-01	8.623440605333945186e-01	8.623440605333945186e-01	8.623440605333945186e-01	8.623440605333945186e-01	8.623440605333945186e-01	8.623440605333945186e-01	9.084440063666070486e-01	8.623440605333945186e-01	8.623440605333945186e-01	8.581098515434180118e-01	8.623440605333945186e-01	8.623440605333945186e-01	8.623440605333945186e-01	8.623440605333945186e-01	8.623440605333945186e-01	8.623440605333945186e-01	8.623440605333945186e-01	8.623440605333945186e-01	8.623440605333945186e-01	9.058517401095830257e-01	8.623440605333945186e-01	8.623440605333945186e-01	8.954519532369550339e-01	8.623440605333945186e-01	8.623440605333945186e-01	9.042998829265379568e-01	8.623440605333945186e-01	8.623440605333945186e-01	8.623440605333945186e-01	8.160545140908910255e-01	8.623440605333945186e-01	8.623440605333945186e-01	8.623440605333945186e-01	8.623440605333945186e-01	8.623440605333945186e-01	8.623440605333945186e-01	8.768835966167960461e-01	8.931729924146899480e-01	8.623440605333945186e-01	6.726086855720510016e-01	8.623440605333945186e-01	8.623440605333945186e-01	8.623440605333945186e-01	9.077993698121320509e-01	8.623440605333945186e-01	8.623440605333945186e-01	8.623440605333945186e-01	8.761649090275259733e-01	8.623440605333945186e-01	8.623440605333945186e-01	5.194390684323280105e-01	8.623440605333945186e-01	4.401890032783229989e-01	8.910241659777089485e-01	8.623440605333945186e-01	8.623440605333945186e-01	8.623440605333945186e-01	9.070961247880340306e-01	8.623440605333945186e-01	8.734827417247089665e-01	8.623440605333945186e-01	8.623440605333945186e-01	8.623440605333945186e-01	8.721093403006090483e-01	8.623440605333945186e-01	8.435460608828619922e-01	8.623440605333945186e-01	8.012268409132290437e-01	6.609881486352799929e-01	8.770172377238070194e-01	8.623440605333945186e-01	8.872563018403150092e-01	8.811790282318300305e-01	8.623440605333945186e-01	8.623440605333945186e-01	8.623440605333945186e-01	8.973880216337930538e-01	8.623440605333945186e-01	8.623440605333945186e-01	7.549577486636169787e-01	8.764609018636639881e-01	8.765529139827420435e-01	8.623440605333945186e-01	2.303576287779499909e-01	8.623440605333945186e-01	8.623440605333945186e-01	8.623440605333945186e-01	8.623440605333945186e-01	8.623440605333945186e-01	8.623440605333945186e-01	8.623440605333945186e-01	8.916120847322389631e-01	8.623440605333945186e-01	9.145714234553840027e-01	8.623440605333945186e-01	8.623440605333945186e-01	8.623440605333945186e-01	8.623440605333945186e-01	9.107874684073039573e-01	8.623440605333945186e-01	8.623440605333945186e-01	8.623440605333945186e-01	8.623440605333945186e-01	9.045676793573610430e-01	8.623440605333945186e-01	8.623440605333945186e-01	8.623440605333945186e-01	8.724846602309459520e-01	8.623440605333945186e-01
8.802841976919200118e-01	8.768713490610819949e-01	8.623440605333945186e-01	8.623440605333945186e-01	8.623440605333945186e-01	8.623440605333945186e-01	1.000000000000000000e+00	8.623440605333945186e-01	8.623440605333945186e-01	8.623440605333945186e-01	8.624894383748590299e-01	8.623440605333945186e-01	8.623440605333945186e-01	8.479133016039800408e-01	8.623440605333945186e-01	8.911065519775139832e-01	8.623440605333945186e-01	8.623440605333945186e-01	8.837756058037690154e-01	8.623440605333945186e-01	8.623440605333945186e-01	8.623440605333945186e-01	8.623440605333945186e-01	8.837458612041899642e-01	8.623440605333945186e-01	8.623440605333945186e-01	5.856627584435849521e-01	8.623440605333945186e-01	8.623440605333945186e-01	8.623440605333945186e-01	8.623440605333945186e-01	8.837137901202719581e-01	8.884087845908520409e-01	8.623440605333945186e-01	8.804833486938099529e-01	8.623440605333945186e-01	8.623440605333945186e-01	8.623440605333945186e-01	8.623440605333945186e-01	8.623440605333945186e-01	8.623440605333945186e-01	8.623440605333945186e-01	8.623440605333945186e-01	8.623440605333945186e-01	8.623440605333945186e-01	8.623440605333945186e-01	8.623440605333945186e-01	8.623440605333945186e-01	8.623440605333945186e-01	8.623440605333945186e-01	8.623440605333945186e-01	8.506722485714169890e-01	8.679473785353639670e-01	8.720115525959329927e-01	8.623440605333945186e-01	8.719224363017969992e-01	8.623440605333945186e-01	8.623440605333945186e-01	8.623440605333945186e-01	8.623440605333945186e-01	8.623440605333945186e-01	8.623440605333945186e-01	8.522810564176610537e-01	8.623440605333945186e-01	7.857647049543869944e-01	5.056372860861879648e-01	8.623440605333945186e-01	4.327210854757410075e-01	8.623440605333945186e-01	8.623440605333945186e-01	8.769890949749250542e-01	8.623440605333945186e-01	8.623440605333945186e-01	8.733513627802920176e-01	8.623440605333945186e-01	8.623440605333945186e-01	8.623440605333945186e-01	8.623440605333945186e-01	8.623440605333945186e-01	8.623440605333945186e-01	8.226416226000939913e-01	6.651187165323270145e-01	8.623440605333945186e-01	6.472682582543100027e-01	8.511578368290459995e-01	8.623440605333945186e-01	8.605859667601759577e-01	8.623440605333945186e-01	8.623440605333945186e-01	8.623440605333945186e-01	8.623440605333945186e-01	8.709262466033129702e-01	8.557958957904919783e-01	8.623440605333945186e-01	8.623440605333945186e-01	8.623440605333945186e-01	8.623440605333945186e-01	8.623440605333945186e-01	8.623440605333945186e-01	8.623440605333945186e-01	8.623440605333945186e-01	8.499902715158450528e-01	8.623440605333945186e-01	8.222103879698989815e-01	8.623440605333945186e-01	8.675787712363770554e-01	8.669101691027010226e-01	8.623440605333945186e-01	8.883497457232260031e-01	8.575751923550239963e-01	8.623440605333945186e-01	8.623440605333945186e-01	8.510766068562030107e-01	8.837356417197409497e-01	8.623440605333945186e-01	8.623440605333945186e-01	8.623440605333945186e-01	8.623440605333945186e-01	8.623440605333945186e-01	8.623440605333945186e-01	8.623440605333945186e-01	8.623440605333945186e-01	8.623440605333945186e-01	8.431617005559790545e-01
8.623440605333945186e-01	8.623440605333945186e-01	8.623440605333945186e-01	8.623440605333945186e-01	8.623440605333945186e-01	8.623440605333945186e-01	8.623440605333945186e-01	1.000000000000000000e+00	7.583101946245409675e-01	8.623440605333945186e-01	8.623440605333945186e-01	8.623440605333945186e-01	8.623440605333945186e-01	8.623440605333945186e-01	8.623440605333945186e-01	8.623440605333945186e-01	8.623440605333945186e-01	8.394905158452330429e-01	8.623440605333945186e-01	8.623440605333945186e-01	8.623440605333945186e-01	8.623440605333945186e-01	8.258899787586879704e-01	8.623440605333945186e-01	8.091452619188550521e-01	8.623440605333945186e-01	8.623440605333945186e-01	7.191156895620990364e-01	8.623440605333945186e-01	8.623440605333945186e-01	8.623440605333945186e-01	8.623440605333945186e-01	8.623440605333945186e-01	8.623440605333945186e-01	8.571810464626200554e-01	8.623440605333945186e-01	8.343856998955310189e-01	8.623440605333945186e-01	5.058482281424240279e-01	8.623440605333945186e-01	8.545222191938499634e-01	8.194038023259629933e-01	8.623440605333945186e-01	6.349473765101909528e-01	8.623440605333945186e-01	8.623440605333945186e-01	8.623440605333945186e-01	8.623440605333945186e-01	8.324859339449209861e-01	8.623440605333945186e-01	8.623440605333945186e-01	8.623440605333945186e-01	8.623440605333945186e-01	8.623440605333945186e-01	6.410395390958260053e-01	8.623440605333945186e-01	8.300279525369469447e-01	8.623440605333945186e-01	8.588922747988220197e-01	8.262133984518830188e-01	8.623440605333945186e-01	8.623440605333945186e-01	8.284284891291240349e-01	8.623440605333945186e-01	8.623440605333945186e-01	4.979806699105129852e-01	8.623440605333945186e-01	8.623440605333945186e-01	8.623440605333945186e-01	5.888611172620880074e-01	8.556084577120699475e-01	8.623440605333945186e-01	8.569601358559629789e-01	8.623440605333945186e-01	8.259037045346260264e-01	8.623440605333945186e-01	8.294821525117860306e-01	8.440694590037050027e-01	8.236674781080299823e-01	8.623440605333945186e-01	8.623440605333945186e-01	8.623440605333945186e-01	8.623440605333945186e-01	8.623440605333945186e-01	8.623440605333945186e-01	8.623440605333945186e-01	8.623440605333945186e-01	8.623440605333945186e-01	8.623440605333945186e-01	8.623440605333945186e-01	8.623440605333945186e-01	8.623440605333945186e-01	8.623440605333945186e-01	8.623440605333945186e-01	8.623440605333945186e-01	8.307373520227300245e-01	8.623440605333945186e-01	8.316604319251229560e-01	8.623440605333945186e-01	8.623440605333945186e-01	8.623440605333945186e-01	8.623440605333945186e-01	8.623440605333945186e-01	8.623440605333945186e-01	8.623440605333945186e-01	8.623440605333945186e-01	8.623440605333945186e-01	8.623440605333945186e-01	8.623440605333945186e-01	8.623440605333945186e-01	8.212352583900679459e-01	8.623440605333945186e-01	8.623440605333945186e-01	8.623440605333945186e-01	8.543817719467450278e-01	8.623440605333945186e-01	8.623440605333945186e-01	8.623440605333945186e-01	8.559741196302940169e-01	8.623440605333945186e-01	8.623440605333945186e-01	8.623440605333945186e-01	8.623440605333945186e-01	8.623440605333945186e-01
8.623440605333945186e-01	8.127824421197520355e-01	8.008368624160300264e-01	8.623440605333945186e-01	8.623440605333945186e-01	8.623440605333945186e-01	8.623440605333945186e-01	7.583101946245409675e-01	9.999999999999990008e-01	8.623440605333945186e-01	8.623440605333945186e-01	7.999689388937519796e-01	8.623440605333945186e-01	8.623440605333945186e-01	8.623440605333945186e-01	8.623440605333945186e-01	8.623440605333945186e-01	8.623440605333945186e-01	8.623440605333945186e-01	7.860436917968699477e-01	7.819247064199059682e-01	8.623440605333945186e-01	8.623440605333945186e-01	8.623440605333945186e-01	7.716738415314210453e-01	7.790603943432750089e-01	8.623440605333945186e-01	6.902125876820199846e-01	8.623440605333945186e-01	7.761297026165639990e-01	8.623440605333945186e-01	8.623440605333945186e-01	8.211865838850830324e-01	7.036776376707980507e-01	8.623440605333945186e-01	8.623440605333945186e-01	8.623440605333945186e-01	8.623440605333945186e-01	8.623440605333945186e-01	8.623440605333945186e-01	8.623440605333945186e-01	8.623440605333945186e-01	8.623440605333945186e-01	8.623440605333945186e-01	7.403235958342659906e-01	8.070127903802010172e-01	8.623440605333945186e-01	8.623440605333945186e-01	8.623440605333945186e-01	8.623440605333945186e-01	7.798711309409189774e-01	8.623440605333945186e-01	8.623440605333945186e-01	8.623440605333945186e-01	6.128853598647719947e-01	8.623440605333945186e-01	7.890662430682560124e-01	8.114195796890150136e-01	8.623440605333945186e-01	7.881205710227340289e-01	8.623440605333945186e-01	8.623440605333945186e-01	8.623440605333945186e-01	8.623440605333945186e-01	7.313491599683590305e-01	8.623440605333945186e-01	8.623440605333945186e-01	4.146844935039000202e-01	8.623440605333945186e-01	8.623440605333945186e-01	8.118802914272249538e-01	8.623440605333945186e-01	8.623440605333945186e-01	8.623440605333945186e-01	8.623440605333945186e-01	7.946278072347460197e-01	7.869686250916859693e-01	8.623440605333945186e-01	8.623440605333945186e-01	7.988213124566440060e-01	8.623440605333945186e-01	6.202822365499289781e-01	8.623440605333945186e-01	8.623440605333945186e-01	8.623440605333945186e-01	8.623440605333945186e-01	8.623440605333945186e-01	8.623440605333945186e-01	1.000000000000000021e-03	8.623440605333945186e-01	8.623440605333945186e-01	8.623440605333945186e-01	8.623440605333945186e-01	8.623440605333945186e-01	6.841209957588120227e-01	8.623440605333945186e-01	8.623440605333945186e-01	8.623440605333945186e-01	2.212176537614000127e-01	8.623440605333945186e-01	8.623440605333945186e-01	8.623440605333945186e-01	7.843008934426459744e-01	8.623440605333945186e-01	8.057086545993440430e-01	8.623440605333945186e-01	7.998976390861179953e-01	7.913053101078639795e-01	8.623440605333945186e-01	8.623440605333945186e-01	7.827597708273059673e-01	7.680343415709689481e-01	8.623440605333945186e-01	8.623440605333945186e-01	8.623440605333945186e-01	8.113047383197089513e-01	8.132977279154319783e-01	8.623440605333945186e-01	8.128594356629940121e-01	8.623440605333945186e-01	8.052655270610300509e-01	8.623440605333945186e-01	7.849404074881850546e-01	8.623440605333945186e-01
8.623440605333945186e-01	8.623440605333945186e-01	8.623440605333945186e-01	8.102205779823640208e-01	7.083487094393550176e-01	8.106992770535750292e-01	8.623440605333945186e-01	8.623440605333945186e-01	8.623440605333945186e-01	9.999999999999990008e-01	8.623440605333945186e-01	8.120088197748289716e-01	8.623440605333945186e-01	7.978993939768720400e-01	8.623440605333945186e-01	8.361515375327950306e-01	8.623440605333945186e-01	8.090378632848309604e-01	8.623440605333945186e-01	8.623440605333945186e-01	8.623440605333945186e-01	8.255735729257369648e-01	8.623440605333945186e-01	8.623440605333945186e-01	8.623440605333945186e-01	8.623440605333945186e-01	5.587621602373910035e-01	8.623440605333945186e-01	8.623440605333945186e-01	8.623440605333945186e-01	7.931880696208729598e-01	8.623440605333945186e-01	8.623440605333945186e-01	8.623440605333945186e-01	8.623440605333945186e-01	7.948250385537309892e-01	8.623440605333945186e-01	8.623440605333945186e-01	8.623440605333945186e-01	8.623440605333945186e-01	8.257322455079529888e-01	7.902337352515930169e-01	8.623440605333945186e-01	6.158638596127350429e-01	7.475127636629109729e-01	8.623440605333945186e-01	7.491472138912309564e-01	8.623440605333945186e-01	8.623440605333945186e-01	8.073373281549940383e-01	8.623440605333945186e-01	8.623440605333945186e-01	8.623440605333945186e-01	8.623440605333945186e-01	6.196530368789829879e-01	8.623440605333945186e-01	8.623440605333945186e-01	8.623440605333945186e-01	8.623440605333945186e-01	7.967298076014639463e-01	8.623440605333945186e-01	8.623440605333945186e-01	7.993202526491519633e-01	8.623440605333945186e-01	7.379268380999439714e-01	8.623440605333945186e-01	8.623440605333945186e-01	8.623440605333945186e-01	8.623440605333945186e-01	5.739809909265649601e-01	8.238004296815629734e-01	6.590747186599059670e-01	8.623440605333945186e-01	8.623440605333945186e-01	8.623440605333945186e-01	8.623440605333945186e-01	8.623440605333945186e-01	8.623440605333945186e-01	8.623440605333945186e-01	8.100462547231870314e-01	8.623440605333945186e-01	8.623440605333945186e-01	8.623440605333945186e-01	8.623440605333945186e-01	8.623440605333945186e-01	8.623440605333945186e-01	8.076169429459969518e-01	8.024036911105639769e-01	8.623440605333945186e-01	8.623440605333945186e-01	8.623440605333945186e-01	8.623440605333945186e-01	8.070837110065739450e-01	8.623440605333945186e-01	8.623440605333945186e-01	7.987106554543119685e-01	7.986933273418520551e-01	8.623440605333945186e-01	8.623440605333945186e-01	8.623440605333945186e-01	7.140473893811190020e-01	8.623440605333945186e-01	7.958861745673579957e-01	8.623440605333945186e-01	8.196913611026349633e-01	8.623440605333945186e-01	8.623440605333945186e-01	8.623440605333945186e-01	8.623440605333945186e-01	8.042521703133369559e-01	8.623440605333945186e-01	8.623440605333945186e-01	7.988864991513080493e-01	8.623440605333945186e-01	8.623440605333945186e-01	8.623440605333945186e-01	8.623440605333945186e-01	8.623440605333945186e-01	8.623440605333945186e-01	8.623440605333945186e-01	8.623440605333945186e-01	8.623440605333945186e-01	7.962354307125949493e-01	8.623440605333945186e-01
9.098105195694750069e-01	8.623440605333945186e-01	8.623440605333945186e-01	8.623440605333945186e-01	8.623440605333945186e-01	8.886670708085939729e-01	8.624894383748590299e-01	8.623440605333945186e-01	8.623440605333945186e-01	8.623440605333945186e-01	1.000000000000000000e+00	8.623440605333945186e-01	8.623440605333945186e-01	8.764611015742369560e-01	8.623440605333945186e-01	8.623440605333945186e-01	8.623440605333945186e-01	8.623440605333945186e-01	8.623440605333945186e-01	8.623440605333945186e-01	8.623440605333945186e-01	8.623440605333945186e-01	8.746145043399790042e-01	9.118942077051149786e-01	8.623440605333945186e-01	8.623440605333945186e-01	6.006623276948499512e-01	8.623440605333945186e-01	8.623440605333945186e-01	8.623440605333945186e-01	8.704862303990149597e-01	8.623440605333945186e-01	9.170322602404129553e-01	8.623440605333945186e-01	9.082371949625599461e-01	8.623440605333945186e-01	8.839569592840890166e-01	8.976059400773039876e-01	8.623440605333945186e-01	8.911407922257460479e-01	8.623440605333945186e-01	8.657479133131390503e-01	8.754838961893399718e-01	8.623440605333945186e-01	8.188795583797759958e-01	8.623440605333945186e-01	8.623440605333945186e-01	8.712615200949930250e-01	8.623440605333945186e-01	8.861156835623159589e-01	8.623440605333945186e-01	8.623440605333945186e-01	8.955393291615779683e-01	8.623440605333945186e-01	8.623440605333945186e-01	8.623440605333945186e-01	8.806190770933960410e-01	8.623440605333945186e-01	9.109076353524380165e-01	8.623440605333945186e-01	8.623440605333945186e-01	8.623440605333945186e-01	8.623440605333945186e-01	8.623440605333945186e-01	8.623440605333945186e-01	5.173805747324200510e-01	8.898927616587910538e-01	4.401172363559470169e-01	8.623440605333945186e-01	8.623440605333945186e-01	8.623440605333945186e-01	8.623440605333945186e-01	8.623440605333945186e-01	8.998997272410159676e-01	8.623440605333945186e-01	8.623440605333945186e-01	8.623440605333945186e-01	8.623440605333945186e-01	8.623440605333945186e-01	8.913332106404260324e-01	8.623440605333945186e-01	8.623440605333945186e-01	8.623440605333945186e-01	8.623440605333945186e-01	8.623440605333945186e-01	8.623440605333945186e-01	8.623440605333945186e-01	8.623440605333945186e-01	8.623440605333945186e-01	8.623440605333945186e-01	8.879367694850509585e-01	8.973337180785150302e-01	8.623440605333945186e-01	8.623440605333945186e-01	7.583121780293039516e-01	8.623440605333945186e-01	8.623440605333945186e-01	8.623440605333945186e-01	8.623440605333945186e-01	8.969041567809410420e-01	8.623440605333945186e-01	8.778304047115490505e-01	8.623440605333945186e-01	8.452970247469130394e-01	8.623440605333945186e-01	8.950532328510030222e-01	8.623440605333945186e-01	8.623440605333945186e-01	9.166652586132120195e-01	8.623440605333945186e-01	8.623440605333945186e-01	8.489176472868510404e-01	8.623440605333945186e-01	9.107823770934440066e-01	9.061582957350210465e-01	9.040908067052969566e-01	8.623440605333945186e-01	8.623440605333945186e-01	8.623440605333945186e-01	8.869768817362330138e-01	8.623440605333945186e-01	8.623440605333945186e-01	8.623440605333945186e-01	8.623440605333945186e-01
8.623440605333945186e-01	8.623440605333945186e-01	8.623440605333945186e-01	8.623440605333945186e-01	7.705556243250040183e-01	8.898074876937289712e-01	8.623440605333945186e-01	8.623440605333945186e-01	7.999689388937519796e-01	8.120088197748289716e-01	8.623440605333945186e-01	1.000000000000000000e+00	9.047472747550659999e-01	8.623440605333945186e-01	8.623440605333945186e-01	8.623440605333945186e-01	8.623440605333945186e-01	8.623440605333945186e-01	9.142659599699110018e-01	8.623440605333945186e-01	8.758542251098210274e-01	8.623440605333945186e-01	8.623440605333945186e-01	8.623440605333945186e-01	8.623440605333945186e-01	8.623440605333945186e-01	6.023491138026979552e-01	8.623440605333945186e-01	8.927822118305730470e-01	8.654079577241100552e-01	8.623440605333945186e-01	8.623440605333945186e-01	8.623440605333945186e-01	8.623440605333945186e-01	9.100534187452610224e-01	8.623440605333945186e-01	8.855357321067169885e-01	9.005010212585690121e-01	8.623440605333945186e-01	8.623440605333945186e-01	8.623440605333945186e-01	8.623440605333945186e-01	8.623440605333945186e-01	8.623440605333945186e-01	8.623440605333945186e-01	8.623440605333945186e-01	8.623440605333945186e-01	8.623440605333945186e-01	8.623440605333945186e-01	8.623440605333945186e-01	8.623440605333945186e-01	8.788839745660470548e-01	8.975187589856510328e-01	8.623440605333945186e-01	8.623440605333945186e-01	8.623440605333945186e-01	8.832384626696320185e-01	8.623440605333945186e-01	8.623440605333945186e-01	8.623440605333945186e-01	8.623440605333945186e-01	8.623440605333945186e-01	8.623440605333945186e-01	8.410940612332660216e-01	8.623440605333945186e-01	8.623440605333945186e-01	8.623440605333945186e-01	8.623440605333945186e-01	8.623440605333945186e-01	6.214339697928470407e-01	8.623440605333945186e-01	7.199690680436080514e-01	8.623440605333945186e-01	9.020868805298469795e-01	8.623440605333945186e-01	8.623440605333945186e-01	8.623440605333945186e-01	8.623440605333945186e-01	8.623440605333945186e-01	8.623440605333945186e-01	8.477010871065639996e-01	8.623440605333945186e-01	8.623440605333945186e-01	8.623440605333945186e-01	8.793991920745639623e-01	6.734691472279560331e-01	8.904849086489809995e-01	8.623440605333945186e-01	8.623440605333945186e-01	8.623440605333945186e-01	8.623440605333945186e-01	8.623440605333945186e-01	8.623440605333945186e-01	8.623440605333945186e-01	8.623440605333945186e-01	8.623440605333945186e-01	8.809233317578939459e-01	8.623440605333945186e-01	8.623440605333945186e-01	8.623440605333945186e-01	7.808406413744110042e-01	8.623440605333945186e-01	8.623440605333945186e-01	8.623440605333945186e-01	8.623440605333945186e-01	8.623440605333945186e-01	8.981100721615199456e-01	8.623440605333945186e-01	8.623440605333945186e-01	8.623440605333945186e-01	8.711103727686669851e-01	8.513275549199329495e-01	8.623440605333945186e-01	9.142983610582769982e-01	9.077118273940399940e-01	9.063360519096480550e-01	9.077964031222039987e-01	8.623440605333945186e-01	9.086327227446570065e-01	8.623440605333945186e-01	8.623440605333945186e-01	8.623440605333945186e-01	8.623440605333945186e-01	8.623440605333945186e-01
