1.000000000000220046e+00	2.994374795918637311e-01	4.491562193877957077e-01	6.756050661858690187e-01	2.994374795918637311e-01	4.491562193877957077e-01	7.160582492708049696e-01	2.994374795918637311e-01	2.994374795918637311e-01	4.491562193877957077e-01	2.994374795918637311e-01	2.994374795918637311e-01	2.994374795918637311e-01	2.994374795918637311e-01	2.994374795918637311e-01	2.994374795918637311e-01	6.056383798061669710e-01	6.804470654368279803e-01	4.491562193877957077e-01	6.392570715814209770e-01	6.868872948958689717e-01	5.379504607739149513e-01	2.994374795918637311e-01	4.491562193877957077e-01	2.994374795918637311e-01	2.994374795918637311e-01	2.994374795918637311e-01	4.491562193877957077e-01	2.994374795918637311e-01	6.132621556100670279e-01	6.967538598585270027e-01	2.994374795918637311e-01	2.994374795918637311e-01	2.994374795918637311e-01	2.994374795918637311e-01	2.994374795918637311e-01	2.994374795918637311e-01	2.994374795918637311e-01	5.931420920953069942e-01	2.994374795918637311e-01	5.689776384703779666e-01	2.994374795918637311e-01	6.826210867973270258e-01	4.491562193877957077e-01	4.491562193877957077e-01	4.491562193877957077e-01	4.491562193877957077e-01	2.994374795918637311e-01	6.552884755618310075e-01	4.491562193877957077e-01	2.994374795918637311e-01	6.216251196167179582e-01	2.994374795918637311e-01	5.456196721177090092e-01	6.218220758599809495e-01	7.346924048645080418e-01	2.994374795918637311e-01	4.491562193877957077e-01	4.491562193877957077e-01	2.994374795918637311e-01	2.994374795918637311e-01	2.994374795918637311e-01	7.388867180791159894e-01	5.820631267964949673e-01	4.491562193877957077e-01	6.510484924186259459e-01	4.491562193877957077e-01	4.491562193877957077e-01	2.994374795918637311e-01	2.994374795918637311e-01	5.841673803206040017e-01	2.994374795918637311e-01	2.994374795918637311e-01	4.491562193877957077e-01	6.933568587862759536e-01	4.491562193877957077e-01	2.994374795918637311e-01	4.491562193877957077e-01	2.994374795918637311e-01	6.913124407934430060e-01	7.145922722414530526e-01	2.994374795918637311e-01	5.570145071457760499e-01	2.994374795918637311e-01	4.491562193877957077e-01	5.644961984664790267e-01	2.994374795918637311e-01	7.446147305737179645e-01	4.491562193877957077e-01	6.490346155905899472e-01	6.797855679217880143e-01	2.994374795918637311e-01	4.491562193877957077e-01	2.994374795918637311e-01	2.994374795918637311e-01	7.030132323605049471e-01	7.149429060129299796e-01	5.157620818102479632e-01	6.199658631560369670e-01	6.538378419939769870e-01	7.106758495703420220e-01	5.617401270812150127e-01	2.994374795918637311e-01	2.994374795918637311e-01	4.491562193877957077e-01	4.491562193877957077e-01	2.994374795918637311e-01	6.554041147485130114e-01	4.491562193877957077e-01	2.994374795918637311e-01	7.121887944850570085e-01	2.994374795918637311e-01	2.994374795918637311e-01	6.985361569367599666e-01	4.491562193877957077e-01	8.108735452118129849e-01	2.994374795918637311e-01	4.491562193877957077e-01	4.491562193877957077e-01	6.513747605946660357e-01	7.400883378584740546e-01	7.094034668168049951e-01	7.451240886947000375e-01	7.044911272692570003e-01
2.994374795918637311e-01	1.000000000000049960e+00	2.994374795918637311e-01	2.994374795918637311e-01	4.491562193877957077e-01	6.359360202027120046e-01	6.649072484889539947e-01	2.994374795918637311e-01	4.491562193877957077e-01	2.994374795918637311e-01	6.601536784695339888e-01	4.491562193877957077e-01	2.994374795918637311e-01	5.549777834697280365e-01	1.000000000000000021e-03	4.491562193877957077e-01	5.166384437117990114e-01	6.071477759761320092e-01	2.994374795918637311e-01	2.994374795918637311e-01	6.006012507489869590e-01	4.491562193877957077e-01	6.123856435469440251e-01	2.994374795918637311e-01	4.491562193877957077e-01	2.994374795918637311e-01	4.491562193877957077e-01	6.200906085802799783e-01	2.994374795918637311e-01	5.376619550797979707e-01	2.994374795918637311e-01	6.142962580048499932e-01	4.491562193877957077e-01	6.752067315657479529e-01	4.491562193877957077e-01	4.491562193877957077e-01	5.665390339684329701e-01	4.491562193877957077e-01	4.491562193877957077e-01	6.150865222437780222e-01	4.931939450695759786e-01	4.491562193877957077e-01	6.050280613694459797e-01	4.491562193877957077e-01	6.379163511206570325e-01	4.491562193877957077e-01	5.089875109012099719e-01	5.462210872030529574e-01	6.333497017628240133e-01	6.194338863617120383e-01	4.491562193877957077e-01	2.994374795918637311e-01	2.994374795918637311e-01	2.994374795918637311e-01	5.490122507787880135e-01	2.994374795918637311e-01	4.858898176803709834e-01	4.491562193877957077e-01	4.491562193877957077e-01	4.491562193877957077e-01	6.504633857876529479e-01	2.994374795918637311e-01	6.967765741856120076e-01	5.032524461869180010e-01	4.681880462355729744e-01	4.491562193877957077e-01	5.828435092892579883e-01	2.994374795918637311e-01	2.994374795918637311e-01	2.994374795918637311e-01	4.491562193877957077e-01	4.491562193877957077e-01	2.994374795918637311e-01	2.994374795918637311e-01	2.994374795918637311e-01	4.927057422712730061e-01	4.491562193877957077e-01	4.491562193877957077e-01	2.994374795918637311e-01	6.288115508931449993e-01	6.585783308820519766e-01	4.491562193877957077e-01	4.491562193877957077e-01	2.994374795918637311e-01	2.994374795918637311e-01	2.994374795918637311e-01	2.994374795918637311e-01	2.994374795918637311e-01	2.994374795918637311e-01	2.994374795918637311e-01	6.567922528952889749e-01	4.491562193877957077e-01	4.966358985360599942e-01	4.916565379410109959e-01	4.824840350181670012e-01	4.491562193877957077e-01	6.797731302650410479e-01	4.491562193877957077e-01	2.994374795918637311e-01	2.994374795918637311e-01	6.420092999254279897e-01	4.885054646568349757e-01	4.491562193877957077e-01	4.491562193877957077e-01	4.491562193877957077e-01	2.994374795918637311e-01	2.994374795918637311e-01	4.491562193877957077e-01	4.491562193877957077e-01	4.491562193877957077e-01	4.491562193877957077e-01	6.198549606633200204e-01	5.902951493177960307e-01	6.543161197722839884e-01	6.523537897656029871e-01	4.491562193877957077e-01	2.994374795918637311e-01	4.491562193877957077e-01	7.517714009790169571e-01	6.296972984267510398e-01	4.491562193877957077e-01	6.743007653354670117e-01	4.491562193877957077e-01	2.994374795918637311e-01
4.491562193877957077e-01	2.994374795918637311e-01	1.000000000000069944e+00	2.994374795918637311e-01	4.491562193877957077e-01	7.273863468542980382e-01	4.491562193877957077e-01	6.748868575157069838e-01	2.994374795918637311e-01	2.994374795918637311e-01	4.491562193877957077e-01	4.491562193877957077e-01	4.491562193877957077e-01	2.994374795918637311e-01	4.491562193877957077e-01	6.634999491451399889e-01	6.508489458395609883e-01	6.935199827375120307e-01	2.994374795918637311e-01	4.491562193877957077e-01	4.491562193877957077e-01	4.491562193877957077e-01	2.994374795918637311e-01	4.491562193877957077e-01	6.348678939840980417e-01	7.114084894041560192e-01	4.491562193877957077e-01	6.222332251724229657e-01	4.491562193877957077e-01	6.187921195091440341e-01	2.994374795918637311e-01	2.994374795918637311e-01	4.491562193877957077e-01	7.072404410745689596e-01	4.491562193877957077e-01	4.491562193877957077e-01	2.994374795918637311e-01	4.491562193877957077e-01	2.994374795918637311e-01	2.994374795918637311e-01	2.994374795918637311e-01	5.976895886715130057e-01	2.994374795918637311e-01	2.994374795918637311e-01	4.491562193877957077e-01	6.132897649577200294e-01	5.752856945549430501e-01	6.360274163310839501e-01	4.491562193877957077e-01	6.301664787236519460e-01	4.491562193877957077e-01	5.715967400647069541e-01	6.057552052288850408e-01	5.406508318060370133e-01	2.994374795918637311e-01	7.526150294157010201e-01	4.491562193877957077e-01	4.491562193877957077e-01	5.984691691935960511e-01	4.719046215393359889e-01	4.491562193877957077e-01	4.491562193877957077e-01	7.303411915072529625e-01	5.839913413839560308e-01	2.994374795918637311e-01	2.994374795918637311e-01	4.491562193877957077e-01	6.086990972305059699e-01	2.994374795918637311e-01	5.419049432550510081e-01	4.491562193877957077e-01	5.682066637922980057e-01	4.491562193877957077e-01	7.080028880634690047e-01	4.491562193877957077e-01	4.468808510007309942e-01	7.268440451501340105e-01	2.994374795918637311e-01	2.994374795918637311e-01	6.750962963068000144e-01	2.994374795918637311e-01	5.414530273913900071e-01	5.321043310099250467e-01	4.491562193877957077e-01	2.994374795918637311e-01	2.994374795918637311e-01	2.994374795918637311e-01	7.098010587673180272e-01	2.994374795918637311e-01	4.491562193877957077e-01	6.289410212021220303e-01	4.491562193877957077e-01	5.549333482346460178e-01	5.244919203753509729e-01	4.888826752756940119e-01	4.491562193877957077e-01	4.491562193877957077e-01	4.491562193877957077e-01	2.994374795918637311e-01	2.994374795918637311e-01	4.491562193877957077e-01	2.994374795918637311e-01	5.183499745477579967e-01	2.994374795918637311e-01	2.994374795918637311e-01	4.491562193877957077e-01	6.463644386327099811e-01	6.752623602221079491e-01	2.994374795918637311e-01	5.830519231990319851e-01	2.994374795918637311e-01	6.931053308916950151e-01	2.994374795918637311e-01	6.504656120162749522e-01	6.978751633686800515e-01	2.994374795918637311e-01	2.994374795918637311e-01	2.994374795918637311e-01	4.491562193877957077e-01	6.381449482487120406e-01	2.994374795918637311e-01	6.990501725907930508e-01	4.491562193877957077e-01	4.491562193877957077e-01
6.756050661858690187e-01	2.994374795918637311e-01	2.994374795918637311e-01	9.999999999998909761e-01	2.994374795918637311e-01	6.234730538663539878e-01	2.994374795918637311e-01	4.491562193877957077e-01	2.994374795918637311e-01	2.994374795918637311e-01	2.994374795918637311e-01	2.994374795918637311e-01	4.491562193877957077e-01	6.275179800734159707e-01	2.994374795918637311e-01	4.491562193877957077e-01	5.506668889511939780e-01	6.996987659335159870e-01	4.491562193877957077e-01	4.491562193877957077e-01	2.994374795918637311e-01	4.491562193877957077e-01	2.994374795918637311e-01	4.491562193877957077e-01	4.491562193877957077e-01	6.639547656290289979e-01	4.491562193877957077e-01	2.994374795918637311e-01	2.994374795918637311e-01	2.994374795918637311e-01	4.491562193877957077e-01	2.994374795918637311e-01	6.725923050297899497e-01	4.491562193877957077e-01	2.994374795918637311e-01	2.994374795918637311e-01	4.491562193877957077e-01	7.124336610702189931e-01	4.491562193877957077e-01	6.900953412241780383e-01	4.709715007852530166e-01	2.994374795918637311e-01	4.491562193877957077e-01	5.494799578059520462e-01	7.131961188177340372e-01	5.846411224165829479e-01	2.994374795918637311e-01	2.994374795918637311e-01	2.994374795918637311e-01	6.389682255984630022e-01	4.491562193877957077e-01	4.491562193877957077e-01	4.491562193877957077e-01	5.007251098687020008e-01	2.994374795918637311e-01	2.994374795918637311e-01	2.994374795918637311e-01	6.028513520505800471e-01	5.836477208707959718e-01	2.994374795918637311e-01	2.994374795918637311e-01	4.491562193877957077e-01	2.994374795918637311e-01	5.393378969996980299e-01	2.994374795918637311e-01	4.491562193877957077e-01	6.631170246887020392e-01	2.994374795918637311e-01	2.994374795918637311e-01	4.491562193877957077e-01	2.994374795918637311e-01	5.175680255597070456e-01	6.586389836541199916e-01	4.491562193877957077e-01	7.009168724064529510e-01	2.994374795918637311e-01	4.491562193877957077e-01	4.491562193877957077e-01	2.994374795918637311e-01	4.491562193877957077e-01	4.491562193877957077e-01	4.491562193877957077e-01	5.445978862969740319e-01	4.491562193877957077e-01	2.994374795918637311e-01	2.994374795918637311e-01	2.994374795918637311e-01	2.994374795918637311e-01	6.978368450177410143e-01	6.762542395739069567e-01	6.929100520398390195e-01	4.491562193877957077e-01	5.081969293560639755e-01	4.491562193877957077e-01	5.280844110502029842e-01	4.491562193877957077e-01	6.996236409167280179e-01	5.288926255446420033e-01	6.551936493297909614e-01	2.994374795918637311e-01	2.994374795918637311e-01	4.491562193877957077e-01	4.959177672044419727e-01	6.113654303144570035e-01	4.491562193877957077e-01	4.491562193877957077e-01	6.887692372650600081e-01	4.491562193877957077e-01	6.619946542825260183e-01	2.994374795918637311e-01	2.994374795918637311e-01	2.994374795918637311e-01	2.994374795918637311e-01	2.994374795918637311e-01	6.726839746334579706e-01	6.766222267155620473e-01	4.491562193877957077e-01	6.749024366978689793e-01	2.994374795918637311e-01	6.040976107654619787e-01	6.836844869699779670e-01	4.491562193877957077e-01	4.491562193877957077e-01	2.994374795918637311e-01
2.994374795918637311e-01	4.491562193877957077e-01	4.491562193877957077e-01	2.994374795918637311e-01	9.999999999998619993e-01	2.994374795918637311e-01	2.994374795918637311e-01	4.491562193877957077e-01	4.491562193877957077e-01	4.491562193877957077e-01	4.491562193877957077e-01	4.491562193877957077e-01	6.451939633688930087e-01	2.994374795918637311e-01	4.491562193877957077e-01	4.491562193877957077e-01	4.925379472904909961e-01	2.994374795918637311e-01	5.964313368776690272e-01	7.509951651462709599e-01	2.994374795918637311e-01	2.994374795918637311e-01	2.994374795918637311e-01	2.994374795918637311e-01	6.819346747066989955e-01	2.994374795918637311e-01	6.461695295075200463e-01	2.994374795918637311e-01	4.491562193877957077e-01	5.105555822498260010e-01	4.491562193877957077e-01	4.491562193877957077e-01	6.028417275501569694e-01	2.994374795918637311e-01	4.491562193877957077e-01	2.994374795918637311e-01	2.994374795918637311e-01	4.491562193877957077e-01	2.994374795918637311e-01	2.994374795918637311e-01	4.491562193877957077e-01	2.994374795918637311e-01	2.994374795918637311e-01	2.994374795918637311e-01	4.491562193877957077e-01	5.460595799897870473e-01	4.491562193877957077e-01	2.994374795918637311e-01	2.994374795918637311e-01	4.491562193877957077e-01	4.491562193877957077e-01	5.931873759407899627e-01	5.752678362799690248e-01	2.994374795918637311e-01	2.994374795918637311e-01	4.491562193877957077e-01	4.491562193877957077e-01	4.491562193877957077e-01	2.994374795918637311e-01	4.763342641292390156e-01	4.491562193877957077e-01	4.491562193877957077e-01	7.173913366664490532e-01	4.491562193877957077e-01	4.491562193877957077e-01	6.299673867733850408e-01	2.994374795918637311e-01	4.491562193877957077e-01	5.707745005966889940e-01	2.994374795918637311e-01	2.994374795918637311e-01	4.922931745084149768e-01	4.491562193877957077e-01	6.495586510328870133e-01	2.994374795918637311e-01	2.994374795918637311e-01	4.491562193877957077e-01	4.491562193877957077e-01	2.994374795918637311e-01	2.994374795918637311e-01	7.098458088071040173e-01	5.184044311950160022e-01	4.491562193877957077e-01	4.491562193877957077e-01	4.491562193877957077e-01	4.669910148603699795e-01	4.491562193877957077e-01	6.639003786684459785e-01	4.491562193877957077e-01	5.990151082913770519e-01	6.512215005388169997e-01	2.994374795918637311e-01	4.491562193877957077e-01	2.994374795918637311e-01	2.994374795918637311e-01	4.491562193877957077e-01	4.491562193877957077e-01	2.994374795918637311e-01	2.994374795918637311e-01	2.994374795918637311e-01	2.994374795918637311e-01	2.994374795918637311e-01	4.661357708094450158e-01	4.491562193877957077e-01	2.994374795918637311e-01	4.491562193877957077e-01	6.721015074225790142e-01	5.548354982602560215e-01	5.698306699304559464e-01	5.114812367178509511e-01	2.994374795918637311e-01	5.872577721406240236e-01	2.994374795918637311e-01	2.994374795918637311e-01	4.491562193877957077e-01	4.491562193877957077e-01	2.994374795918637311e-01	4.491562193877957077e-01	2.994374795918637311e-01	2.994374795918637311e-01	4.491562193877957077e-01	7.019132433483209477e-01	6.540526284814079938e-01	4.491562193877957077e-01
4.491562193877957077e-01	6.359360202027120046e-01	7.273863468542980382e-01	6.234730538663539878e-01	2.994374795918637311e-01	1.000000000000029976e+00	4.491562193877957077e-01	2.994374795918637311e-01	2.994374795918637311e-01	2.994374795918637311e-01	2.994374795918637311e-01	5.180393876687670041e-01	6.673456968430230285e-01	4.491562193877957077e-01	1.000000000000000021e-03	2.994374795918637311e-01	6.525992348582380087e-01	2.994374795918637311e-01	2.994374795918637311e-01	2.994374795918637311e-01	2.994374795918637311e-01	4.414999539049029864e-01	2.994374795918637311e-01	2.994374795918637311e-01	2.994374795918637311e-01	2.994374795918637311e-01	6.202859375902359806e-01	2.994374795918637311e-01	2.994374795918637311e-01	6.470517515742459924e-01	4.491562193877957077e-01	6.660445410841779879e-01	2.994374795918637311e-01	4.491562193877957077e-01	2.994374795918637311e-01	6.453042986394520453e-01	4.491562193877957077e-01	4.491562193877957077e-01	2.994374795918637311e-01	4.491562193877957077e-01	4.491562193877957077e-01	2.994374795918637311e-01	6.618108956265780218e-01	4.491562193877957077e-01	6.904893050868300408e-01	2.994374795918637311e-01	2.994374795918637311e-01	4.491562193877957077e-01	4.491562193877957077e-01	5.733551180571370143e-01	4.491562193877957077e-01	5.651129122920000025e-01	5.647728323962070140e-01	5.030311525203879919e-01	5.824933870367630107e-01	7.026341256014060344e-01	4.491562193877957077e-01	4.491562193877957077e-01	5.757233540716349962e-01	4.457169501586670246e-01	2.994374795918637311e-01	2.994374795918637311e-01	2.994374795918637311e-01	4.491562193877957077e-01	4.491562193877957077e-01	4.491562193877957077e-01	2.994374795918637311e-01	4.491562193877957077e-01	4.491562193877957077e-01	5.060092616747150496e-01	5.213106777990900165e-01	2.994374795918637311e-01	2.994374795918637311e-01	2.994374795918637311e-01	4.491562193877957077e-01	4.318265140153519921e-01	6.871353654570050429e-01	4.491562193877957077e-01	2.994374795918637311e-01	2.994374795918637311e-01	2.994374795918637311e-01	2.994374795918637311e-01	2.994374795918637311e-01	4.491562193877957077e-01	5.442153537338200175e-01	5.562025606898349794e-01	4.491562193877957077e-01	4.491562193877957077e-01	7.026895759709299583e-01	2.994374795918637311e-01	2.994374795918637311e-01	2.994374795918637311e-01	2.994374795918637311e-01	2.994374795918637311e-01	2.994374795918637311e-01	4.491562193877957077e-01	6.521563353061260448e-01	2.994374795918637311e-01	2.994374795918637311e-01	4.491562193877957077e-01	2.994374795918637311e-01	2.994374795918637311e-01	4.491562193877957077e-01	4.491562193877957077e-01	5.034515741088719798e-01	2.994374795918637311e-01	6.195970748360389857e-01	2.994374795918637311e-01	5.266083881302030534e-01	4.491562193877957077e-01	4.491562193877957077e-01	6.660146114572009779e-01	6.326315263964540359e-01	2.994374795918637311e-01	4.491562193877957077e-01	2.994374795918637311e-01	2.994374795918637311e-01	2.994374795918637311e-01	7.083402078323970397e-01	4.491562193877957077e-01	6.703837716408590497e-01	2.994374795918637311e-01	4.491562193877957077e-01	6.614168202772490179e-01
7.160582492708049696e-01	6.649072484889539947e-01	4.491562193877957077e-01	2.994374795918637311e-01	2.994374795918637311e-01	4.491562193877957077e-01	1.000000000000039968e+00	4.491562193877957077e-01	4.491562193877957077e-01	2.994374795918637311e-01	2.994374795918637311e-01	4.491562193877957077e-01	4.491562193877957077e-01	5.929734751522329761e-01	2.994374795918637311e-01	6.343845791621529617e-01	5.646993231435529781e-01	6.468997200890740373e-01	2.994374795918637311e-01	6.779583123936490097e-01	4.491562193877957077e-01	2.994374795918637311e-01	7.165426702159719552e-01	6.128078204973369525e-01	2.994374795918637311e-01	4.491562193877957077e-01	2.994374795918637311e-01	7.303101080712259829e-01	4.372013257911789852e-01	2.994374795918637311e-01	2.994374795918637311e-01	4.491562193877957077e-01	2.994374795918637311e-01	7.176451990050629615e-01	4.491562193877957077e-01	4.491562193877957077e-01	4.491562193877957077e-01	2.994374795918637311e-01	5.599118959135429563e-01	6.269910172638949453e-01	5.141760923007330231e-01	4.491562193877957077e-01	4.491562193877957077e-01	5.471862864191759934e-01	2.994374795918637311e-01	5.992396380310209825e-01	5.277997147991240201e-01	4.491562193877957077e-01	4.491562193877957077e-01	2.994374795918637311e-01	2.994374795918637311e-01	2.994374795918637311e-01	2.994374795918637311e-01	2.994374795918637311e-01	5.826162233405940416e-01	6.639905235205959544e-01	2.994374795918637311e-01	5.202954781968099907e-01	2.994374795918637311e-01	4.799550047540470099e-01	2.994374795918637311e-01	2.994374795918637311e-01	2.994374795918637311e-01	2.994374795918637311e-01	4.491562193877957077e-01	2.994374795918637311e-01	4.491562193877957077e-01	4.491562193877957077e-01	2.994374795918637311e-01	4.491562193877957077e-01	5.459734516165239970e-01	4.491562193877957077e-01	6.423587130032519799e-01	4.491562193877957077e-01	6.579597245370280012e-01	4.491562193877957077e-01	4.491562193877957077e-01	4.491562193877957077e-01	2.994374795918637311e-01	4.491562193877957077e-01	7.525470749176249585e-01	4.491562193877957077e-01	2.994374795918637311e-01	6.216572166607670091e-01	5.137481133604440142e-01	4.491562193877957077e-01	4.491562193877957077e-01	2.994374795918637311e-01	4.491562193877957077e-01	5.928137589879159952e-01	4.491562193877957077e-01	6.405694621676359946e-01	2.994374795918637311e-01	4.491562193877957077e-01	4.491562193877957077e-01	2.994374795918637311e-01	6.751492483199580397e-01	2.994374795918637311e-01	6.105293947842840296e-01	4.491562193877957077e-01	4.491562193877957077e-01	5.151144062199709550e-01	4.954126614225879965e-01	5.026499423993799898e-01	2.994374795918637311e-01	2.994374795918637311e-01	2.994374795918637311e-01	4.491562193877957077e-01	2.994374795918637311e-01	5.457387060550219493e-01	6.616422575899879588e-01	6.436290334029389770e-01	2.994374795918637311e-01	4.491562193877957077e-01	2.994374795918637311e-01	4.491562193877957077e-01	2.994374795918637311e-01	7.085396403538789523e-01	4.491562193877957077e-01	2.994374795918637311e-01	7.213391123880119604e-01	7.049344031769579910e-01	6.891766486133089620e-01	2.994374795918637311e-01
2.994374795918637311e-01	2.994374795918637311e-01	6.748868575157069838e-01	4.491562193877957077e-01	4.491562193877957077e-01	2.994374795918637311e-01	4.491562193877957077e-01	9.999999999999440448e-01	2.994374795918637311e-01	6.254347949189510425e-01	2.994374795918637311e-01	4.491562193877957077e-01	4.491562193877957077e-01	2.994374795918637311e-01	2.994374795918637311e-01	2.994374795918637311e-01	4.491562193877957077e-01	2.994374795918637311e-01	5.536617079367009975e-01	4.491562193877957077e-01	6.092643478798640544e-01	4.491562193877957077e-01	2.994374795918637311e-01	5.699593406768840298e-01	4.491562193877957077e-01	6.832600496515639499e-01	2.994374795918637311e-01	2.994374795918637311e-01	4.491562193877957077e-01	2.994374795918637311e-01	6.257932249115090162e-01	2.994374795918637311e-01	2.994374795918637311e-01	2.994374795918637311e-01	5.147339037860769739e-01	6.189687915034209897e-01	5.608806265903270027e-01	2.994374795918637311e-01	4.491562193877957077e-01	4.491562193877957077e-01	4.491562193877957077e-01	4.491562193877957077e-01	4.491562193877957077e-01	4.491562193877957077e-01	6.411111486155589567e-01	5.787198431937380372e-01	2.994374795918637311e-01	5.440347172169279766e-01	2.994374795918637311e-01	2.994374795918637311e-01	2.994374795918637311e-01	2.994374795918637311e-01	5.390334973191209800e-01	2.994374795918637311e-01	2.994374795918637311e-01	2.994374795918637311e-01	2.994374795918637311e-01	4.531841426054429856e-01	4.491562193877957077e-01	4.250084744347559784e-01	5.822811277214819947e-01	2.994374795918637311e-01	6.924337612690200094e-01	4.978703500617390199e-01	4.491562193877957077e-01	4.491562193877957077e-01	5.810064590758380332e-01	5.548464068831610030e-01	5.191777769287020394e-01	4.561818832235159937e-01	2.994374795918637311e-01	2.994374795918637311e-01	2.994374795918637311e-01	6.307950971455630329e-01	4.491562193877957077e-01	2.994374795918637311e-01	2.994374795918637311e-01	2.994374795918637311e-01	2.994374795918637311e-01	5.928067446194750234e-01	4.491562193877957077e-01	4.875577261177819755e-01	4.703651591499670159e-01	2.994374795918637311e-01	4.491562193877957077e-01	5.074752232759359716e-01	2.994374795918637311e-01	4.491562193877957077e-01	2.994374795918637311e-01	2.994374795918637311e-01	5.783501547360060391e-01	5.960048991057640411e-01	4.491562193877957077e-01	4.583759064145370155e-01	4.491562193877957077e-01	2.994374795918637311e-01	6.438042813768849459e-01	2.994374795918637311e-01	5.458691665662219750e-01	2.994374795918637311e-01	6.971573742629929571e-01	4.854636116165090276e-01	2.994374795918637311e-01	2.994374795918637311e-01	4.575165364457279837e-01	4.491562193877957077e-01	2.994374795918637311e-01	4.491562193877957077e-01	5.095692971851379927e-01	5.100501245785880045e-01	6.217701506174010406e-01	2.994374795918637311e-01	4.491562193877957077e-01	2.994374795918637311e-01	6.325292931069790292e-01	2.994374795918637311e-01	2.994374795918637311e-01	2.994374795918637311e-01	2.994374795918637311e-01	2.994374795918637311e-01	6.706015655762199712e-01	2.994374795918637311e-01	4.491562193877957077e-01	6.459285131021600401e-01
2.994374795918637311e-01	4.491562193877957077e-01	2.994374795918637311e-01	2.994374795918637311e-01	4.491562193877957077e-01	2.994374795918637311e-01	4.491562193877957077e-01	2.994374795918637311e-01	1.000000000000190070e+00	2.994374795918637311e-01	2.994374795918637311e-01	5.372163587217889669e-01	6.787701784904850433e-01	6.098400546068090122e-01	4.491562193877957077e-01	4.491562193877957077e-01	6.495675037971949672e-01	2.994374795918637311e-01	2.994374795918637311e-01	2.994374795918637311e-01	2.994374795918637311e-01	4.491562193877957077e-01	2.994374795918637311e-01	5.770811054162360287e-01	2.994374795918637311e-01	6.990064168649939846e-01	4.491562193877957077e-01	6.951720897879339889e-01	3.503281431406150004e-01	4.491562193877957077e-01	6.600400053846670057e-01	6.348034190633610185e-01	6.854071311297470492e-01	2.994374795918637311e-01	5.725247643347759485e-01	2.994374795918637311e-01	6.161455839445979521e-01	6.273978097144540245e-01	2.994374795918637311e-01	5.574521827251449624e-01	2.994374795918637311e-01	6.845522689223629831e-01	7.030565909539430169e-01	2.994374795918637311e-01	6.933941940898940004e-01	2.994374795918637311e-01	4.491562193877957077e-01	4.491562193877957077e-01	4.491562193877957077e-01	4.491562193877957077e-01	4.491562193877957077e-01	4.491562193877957077e-01	4.491562193877957077e-01	4.491562193877957077e-01	4.491562193877957077e-01	4.491562193877957077e-01	4.341186173712029972e-01	4.364003339222840006e-01	5.715409639258159924e-01	4.507586740254029833e-01	4.491562193877957077e-01	5.769885605194210454e-01	2.994374795918637311e-01	5.563510612512559961e-01	5.404916027371110543e-01	2.994374795918637311e-01	2.994374795918637311e-01	6.073568453844679915e-01	5.443393221214499755e-01	4.491562193877957077e-01	2.994374795918637311e-01	4.491562193877957077e-01	2.994374795918637311e-01	2.994374795918637311e-01	6.550827406964040422e-01	4.491562193877957077e-01	2.994374795918637311e-01	4.491562193877957077e-01	4.491562193877957077e-01	6.232075573615090125e-01	4.491562193877957077e-01	4.491562193877957077e-01	2.994374795918637311e-01	4.491562193877957077e-01	4.491562193877957077e-01	4.491562193877957077e-01	4.491562193877957077e-01	6.521084157516929825e-01	2.994374795918637311e-01	4.491562193877957077e-01	4.491562193877957077e-01	2.994374795918637311e-01	5.367357123551039777e-01	2.994374795918637311e-01	2.994374795918637311e-01	4.491562193877957077e-01	6.576172412406140477e-01	2.994374795918637311e-01	5.772984669501799448e-01	2.994374795918637311e-01	4.491562193877957077e-01	5.561368526297509884e-01	4.491562193877957077e-01	4.201495853884770204e-01	2.994374795918637311e-01	5.181044669790350055e-01	4.491562193877957077e-01	6.793928947020909659e-01	2.994374795918637311e-01	4.491562193877957077e-01	2.994374795918637311e-01	7.026268513261150206e-01	6.533015944794540175e-01	2.994374795918637311e-01	4.491562193877957077e-01	4.491562193877957077e-01	6.867010116752400029e-01	6.922239900140869651e-01	2.994374795918637311e-01	4.491562193877957077e-01	2.994374795918637311e-01	6.664507660764129593e-01	6.847648428563619660e-01	6.538854420159130321e-01
4.491562193877957077e-01	2.994374795918637311e-01	2.994374795918637311e-01	2.994374795918637311e-01	4.491562193877957077e-01	2.994374795918637311e-01	2.994374795918637311e-01	6.254347949189510425e-01	2.994374795918637311e-01	1.000000000000099920e+00	4.491562193877957077e-01	6.312712354370779710e-01	2.994374795918637311e-01	2.994374795918637311e-01	4.491562193877957077e-01	2.994374795918637311e-01	4.710456829492989939e-01	2.994374795918637311e-01	2.994374795918637311e-01	4.491562193877957077e-01	5.573819874508819661e-01	4.491562193877957077e-01	6.495934002229549753e-01	2.994374795918637311e-01	6.383013578805849519e-01	4.491562193877957077e-01	6.364359194061069980e-01	6.300386748169709561e-01	4.491562193877957077e-01	4.491562193877957077e-01	6.174425799511199520e-01	2.994374795918637311e-01	4.491562193877957077e-01	2.994374795918637311e-01	5.141892703694369571e-01	2.994374795918637311e-01	4.491562193877957077e-01	2.994374795918637311e-01	4.491562193877957077e-01	6.488371893967389559e-01	2.994374795918637311e-01	6.228664023053539500e-01	2.994374795918637311e-01	5.145957642873609794e-01	2.994374795918637311e-01	2.994374795918637311e-01	4.491562193877957077e-01	2.994374795918637311e-01	2.994374795918637311e-01	6.594551899725099586e-01	4.491562193877957077e-01	4.491562193877957077e-01	6.167468218825400417e-01	4.849287314737190102e-01	5.402695822865180020e-01	4.491562193877957077e-01	4.491562193877957077e-01	5.671195511885209761e-01	5.433713997388800454e-01	2.994374795918637311e-01	2.994374795918637311e-01	4.491562193877957077e-01	4.491562193877957077e-01	2.994374795918637311e-01	4.650274081909829826e-01	2.994374795918637311e-01	5.447747964978300050e-01	4.491562193877957077e-01	5.728708249120939566e-01	4.301900261178889795e-01	4.491562193877957077e-01	4.802083771928850053e-01	2.994374795918637311e-01	4.491562193877957077e-01	4.491562193877957077e-01	2.994374795918637311e-01	6.220326446913450047e-01	2.994374795918637311e-01	2.994374795918637311e-01	2.994374795918637311e-01	4.491562193877957077e-01	2.994374795918637311e-01	2.994374795918637311e-01	2.994374795918637311e-01	4.491562193877957077e-01	4.449940576112380031e-01	2.994374795918637311e-01	2.994374795918637311e-01	2.994374795918637311e-01	4.491562193877957077e-01	2.994374795918637311e-01	4.491562193877957077e-01	4.913943691108019762e-01	5.096195470290859619e-01	4.993198963869350249e-01	2.994374795918637311e-01	4.491562193877957077e-01	5.338882408566709703e-01	5.789940275597630359e-01	2.994374795918637311e-01	6.473219803269359973e-01	4.763509524629829794e-01	4.801483069562649808e-01	5.470967825049579680e-01	2.994374795918637311e-01	2.994374795918637311e-01	6.584348081467680247e-01	2.994374795918637311e-01	5.672293262376719714e-01	5.311980417829890166e-01	2.994374795918637311e-01	4.491562193877957077e-01	5.749662933865610226e-01	2.994374795918637311e-01	6.090068687534729852e-01	4.491562193877957077e-01	4.491562193877957077e-01	2.994374795918637311e-01	6.405065297110179579e-01	4.491562193877957077e-01	4.491562193877957077e-01	6.512643737838109681e-01	4.491562193877957077e-01	2.994374795918637311e-01
2.994374795918637311e-01	6.601536784695339888e-01	4.491562193877957077e-01	2.994374795918637311e-01	4.491562193877957077e-01	2.994374795918637311e-01	2.994374795918637311e-01	2.994374795918637311e-01	2.994374795918637311e-01	4.491562193877957077e-01	9.999999999999870104e-01	4.491562193877957077e-01	2.994374795918637311e-01	4.491562193877957077e-01	1.000000000000000021e-03	2.994374795918637311e-01	2.994374795918637311e-01	4.491562193877957077e-01	4.491562193877957077e-01	4.491562193877957077e-01	5.433345143848420378e-01	2.994374795918637311e-01	6.738338282998269646e-01	2.994374795918637311e-01	2.994374795918637311e-01	2.994374795918637311e-01	2.994374795918637311e-01	6.764723934624979895e-01	5.263950942630940544e-01	4.491562193877957077e-01	2.994374795918637311e-01	4.491562193877957077e-01	5.790070372362999818e-01	6.614635895315990055e-01	4.985218129129709852e-01	6.582593416215719584e-01	4.491562193877957077e-01	6.729636653927989487e-01	4.491562193877957077e-01	2.994374795918637311e-01	4.491562193877957077e-01	4.491562193877957077e-01	2.994374795918637311e-01	5.215821857175559906e-01	2.994374795918637311e-01	5.204570196922280179e-01	4.491562193877957077e-01	5.132826935130709867e-01	6.576975439661599809e-01	4.491562193877957077e-01	2.994374795918637311e-01	4.491562193877957077e-01	2.994374795918637311e-01	4.637509734861839927e-01	4.491562193877957077e-01	5.747714783892230450e-01	2.994374795918637311e-01	5.953950426426379838e-01	5.288366716643549958e-01	4.845306601037889793e-01	2.994374795918637311e-01	5.773896512143570359e-01	6.909032856575429982e-01	4.491562193877957077e-01	4.345384026786440201e-01	6.438929063863170210e-01	2.994374795918637311e-01	4.491562193877957077e-01	2.994374795918637311e-01	4.120266545913380263e-01	2.994374795918637311e-01	4.816847539437790204e-01	6.045965463883149482e-01	2.994374795918637311e-01	2.994374795918637311e-01	5.599511174176959871e-01	6.675610975102279632e-01	4.491562193877957077e-01	2.994374795918637311e-01	6.089717107539239782e-01	7.009220590554029462e-01	5.288742621883499861e-01	4.491562193877957077e-01	2.994374795918637311e-01	4.491562193877957077e-01	4.447504613059469758e-01	5.744832968939850293e-01	2.994374795918637311e-01	2.994374795918637311e-01	6.134901725813890483e-01	4.491562193877957077e-01	5.594190564868130044e-01	4.532265105615180256e-01	2.994374795918637311e-01	5.174519748736570168e-01	5.789404366328549933e-01	6.530670978098720436e-01	4.491562193877957077e-01	2.994374795918637311e-01	4.491562193877957077e-01	2.994374795918637311e-01	4.557869375353679753e-01	4.491562193877957077e-01	5.715611226925160215e-01	4.298456711787260187e-01	4.491562193877957077e-01	6.554696498764279733e-01	5.405807080067259740e-01	2.994374795918637311e-01	2.994374795918637311e-01	4.491562193877957077e-01	5.697422016568060021e-01	2.994374795918637311e-01	6.528649290154520113e-01	6.268223322061049485e-01	2.994374795918637311e-01	4.491562193877957077e-01	2.994374795918637311e-01	4.491562193877957077e-01	2.994374795918637311e-01	6.972737920860320182e-01	6.989526453030779907e-01	2.994374795918637311e-01	2.994374795918637311e-01
2.994374795918637311e-01	4.491562193877957077e-01	4.491562193877957077e-01	2.994374795918637311e-01	4.491562193877957077e-01	5.180393876687670041e-01	4.491562193877957077e-01	4.491562193877957077e-01	5.372163587217889669e-01	6.312712354370779710e-01	4.491562193877957077e-01	1.000000000000059952e+00	4.491562193877957077e-01	2.994374795918637311e-01	2.994374795918637311e-01	5.616186416333339704e-01	2.994374795918637311e-01	5.256207338623130054e-01	5.621299747583810014e-01	2.994374795918637311e-01	2.994374795918637311e-01	5.787589127048320403e-01	4.491562193877957077e-01	4.491562193877957077e-01	5.960946135906509680e-01	6.438825970532020548e-01	2.994374795918637311e-01	2.994374795918637311e-01	2.994374795918637311e-01	2.994374795918637311e-01	4.491562193877957077e-01	5.434159496924010346e-01	5.236920896457010199e-01	2.994374795918637311e-01	2.994374795918637311e-01	4.491562193877957077e-01	4.491562193877957077e-01	2.994374795918637311e-01	2.994374795918637311e-01	6.278227390438809730e-01	2.994374795918637311e-01	2.994374795918637311e-01	5.053624479876710485e-01	4.491562193877957077e-01	2.994374795918637311e-01	2.994374795918637311e-01	4.618349396851649802e-01	2.994374795918637311e-01	5.886456793744540006e-01	4.491562193877957077e-01	5.998176685173080003e-01	4.491562193877957077e-01	2.994374795918637311e-01	4.491562193877957077e-01	5.206998082666020045e-01	2.994374795918637311e-01	5.244306270000189674e-01	4.491562193877957077e-01	2.994374795918637311e-01	4.491562193877957077e-01	4.491562193877957077e-01	2.994374795918637311e-01	2.994374795918637311e-01	2.994374795918637311e-01	3.833067678491219876e-01	5.894488587201159868e-01	4.977161318303919835e-01	2.994374795918637311e-01	2.994374795918637311e-01	2.994374795918637311e-01	5.135421407734760413e-01	2.994374795918637311e-01	2.994374795918637311e-01	6.011868806355610273e-01	5.594067875670699630e-01	2.994374795918637311e-01	2.994374795918637311e-01	6.090194180614989516e-01	4.491562193877957077e-01	2.994374795918637311e-01	4.491562193877957077e-01	4.491562193877957077e-01	4.494140369892509757e-01	2.994374795918637311e-01	4.491562193877957077e-01	4.491562193877957077e-01	4.491562193877957077e-01	6.250855322364109457e-01	6.426156295357939863e-01	4.491562193877957077e-01	6.156026614223889526e-01	2.994374795918637311e-01	2.994374795918637311e-01	4.611378605542790221e-01	4.491562193877957077e-01	5.315163541661399593e-01	4.491562193877957077e-01	4.491562193877957077e-01	2.994374795918637311e-01	6.036449499092549908e-01	6.044204892349059888e-01	4.491562193877957077e-01	2.994374795918637311e-01	5.632494913935289782e-01	3.947423926369280078e-01	4.491562193877957077e-01	6.364879612431549871e-01	2.994374795918637311e-01	5.501814283167789643e-01	4.491562193877957077e-01	4.491562193877957077e-01	2.994374795918637311e-01	2.994374795918637311e-01	6.404233499220020054e-01	2.994374795918637311e-01	4.491562193877957077e-01	2.994374795918637311e-01	2.994374795918637311e-01	6.230986389978240281e-01	4.491562193877957077e-01	7.200136261615039945e-01	7.361537863981010288e-01	4.491562193877957077e-01	4.491562193877957077e-01
