1.000000000000000000e+00	8.623440605333945186e-01	8.623440605333945186e-01	9.102467415460819833e-01	8.623440605333945186e-01	8.623440605333945186e-01	8.623440605333945186e-01	8.582467235089680235e-01	8.623440605333945186e-01	8.269026033841510026e-01	8.623440605333945186e-01	9.122186889543779653e-01	8.623440605333945186e-01	8.623440605333945186e-01	8.616477378611060445e-01	9.420596159430429939e-01	8.623440605333945186e-01	9.093653383964509507e-01	9.304423675962240070e-01	8.623440605333945186e-01	8.623440605333945186e-01	8.623440605333945186e-01	8.927158971997709580e-01	8.623440605333945186e-01	8.623440605333945186e-01	8.853704432507349953e-01	6.106278076128149879e-01	8.623440605333945186e-01	8.623440605333945186e-01	8.807921071603189711e-01	8.623440605333945186e-01	8.623440605333945186e-01	9.359436733513709639e-01	8.623440605333945186e-01	9.274610782978810475e-01	8.623440605333945186e-01	9.014187825319850411e-01	9.161766831990959536e-01	5.349576003711810079e-01	9.086018484577419452e-01	8.623440605333945186e-01	8.623440605333945186e-01	8.955878611535580403e-01	6.820944763919120080e-01	8.623440605333945186e-01	8.623440605333945186e-01	8.623440605333945186e-01	8.897833418099410085e-01	8.623440605333945186e-01	8.623440605333945186e-01	8.861673175265799562e-01	8.955597860550960077e-01	8.623440605333945186e-01	9.203203209600450130e-01	8.623440605333945186e-01	8.623440605333945186e-01	9.000086263921750485e-01	8.623440605333945186e-01	8.623440605333945186e-01	8.623440605333945186e-01	8.623440605333945186e-01	8.132089336022449988e-01	8.950937155796530043e-01	8.623440605333945186e-01	8.257357220416300381e-01	8.623440605333945186e-01	8.623440605333945186e-01	8.623440605333945186e-01	9.118857870071229721e-01	6.305204333546370332e-01	8.623440605333945186e-01	8.623440605333945186e-01	8.623440605333945186e-01	9.215554727588489703e-01	8.941646968367999992e-01	8.623440605333945186e-01	8.623440605333945186e-01	9.147167479536699730e-01	8.623440605333945186e-01	9.098420757844229989e-01	8.623440605333945186e-01	6.954261692265220063e-01	8.623440605333945186e-01	6.747548113590849939e-01	8.623440605333945186e-01	8.623440605333945186e-01	8.623440605333945186e-01	9.002511643301690514e-01	1.000000000000000021e-03	4.070383212234159886e-01	9.079981463894239990e-01	8.623440605333945186e-01	9.001323599740429504e-01	8.623440605333945186e-01	8.623440605333945186e-01	8.623440605333945186e-01	8.975142163661009587e-01	8.991756042410560257e-01	2.329807262604099982e-01	8.623440605333945186e-01	7.928380608507520355e-01	8.623440605333945186e-01	8.906672489551680227e-01	8.623440605333945186e-01	9.187921197991769651e-01	8.623440605333945186e-01	8.623440605333945186e-01	8.623440605333945186e-01	8.623440605333945186e-01	9.042319785317000091e-01	8.623440605333945186e-01	8.689215415151430033e-01	8.623440605333945186e-01	8.623440605333945186e-01	9.267760466056600421e-01	8.623440605333945186e-01	9.263919202600540137e-01	9.240221327007089869e-01	8.623440605333945186e-01	8.623440605333945186e-01	8.623440605333945186e-01	8.623440605333945186e-01	8.623440605333945186e-01	8.623440605333945186e-01
8.623440605333945186e-01	1.000000000000000000e+00	8.623440605333945186e-01	8.623440605333945186e-01	8.623440605333945186e-01	9.034891334149539599e-01	8.768713490610819949e-01	8.623440605333945186e-01	8.127824421197520355e-01	8.240280054538300369e-01	9.048823454158489987e-01	9.077715275433859698e-01	9.180057887924779614e-01	8.623440605333945186e-01	8.586404779106779905e-01	9.362529391780529675e-01	9.241906992255539688e-01	8.623440605333945186e-01	9.264593736359689746e-01	8.849111953087660520e-01	8.891411592122520080e-01	8.623440605333945186e-01	8.890338095406730146e-01	8.623440605333945186e-01	8.708599235028140484e-01	8.623440605333945186e-01	8.623440605333945186e-01	7.660630866511619619e-01	9.072726787174919538e-01	8.756406128017240054e-01	8.623440605333945186e-01	8.623440605333945186e-01	9.324012656387870024e-01	8.623440605333945186e-01	9.238201906481650072e-01	8.623440605333945186e-01	8.971841884123360478e-01	8.623440605333945186e-01	5.320893705312359501e-01	8.623440605333945186e-01	9.218650350107560065e-01	8.805724257153999535e-01	8.932118333385530295e-01	8.623440605333945186e-01	8.623440605333945186e-01	9.129955454708460483e-01	8.623440605333945186e-01	8.872969214586839959e-01	8.969185181613950064e-01	8.623440605333945186e-01	8.623440605333945186e-01	8.623440605333945186e-01	8.623440605333945186e-01	8.623440605333945186e-01	6.849734784659089470e-01	9.140027924397799985e-01	8.623440605333945186e-01	8.623440605333945186e-01	9.261021364289150348e-01	8.623440605333945186e-01	8.623440605333945186e-01	8.095137847972999623e-01	8.623440605333945186e-01	8.553362742357160098e-01	8.219204883754419599e-01	5.264164876048810227e-01	8.623440605333945186e-01	8.623440605333945186e-01	8.623440605333945186e-01	8.623440605333945186e-01	8.623440605333945186e-01	8.623440605333945186e-01	8.623440605333945186e-01	8.623440605333945186e-01	8.623440605333945186e-01	8.623440605333945186e-01	8.941670414425659796e-01	9.102037041605719470e-01	8.623440605333945186e-01	8.623440605333945186e-01	8.627262232910569706e-01	6.928520731564989932e-01	8.623440605333945186e-01	8.623440605333945186e-01	8.942700829290950448e-01	6.809552890619280374e-01	8.623440605333945186e-01	8.623440605333945186e-01	8.623440605333945186e-01	4.096584820167950003e-01	9.040870154045870244e-01	9.153225187525050321e-01	8.623440605333945186e-01	8.623440605333945186e-01	7.686431183738670070e-01	8.623440605333945186e-01	8.937283342236069794e-01	8.623440605333945186e-01	8.623440605333945186e-01	8.623440605333945186e-01	7.915713083367500458e-01	8.623440605333945186e-01	8.874793968973809788e-01	8.594484164180690167e-01	8.623440605333945186e-01	8.623440605333945186e-01	9.101091399313200325e-01	8.623440605333945186e-01	8.623440605333945186e-01	8.623440605333945186e-01	8.623440605333945186e-01	8.651382644230569685e-01	8.623440605333945186e-01	8.623440605333945186e-01	9.218617677593740067e-01	9.201754278126109687e-01	9.209645128360010036e-01	9.205040570527790456e-01	8.623440605333945186e-01	8.623440605333945186e-01	9.123381497113890459e-01	8.623440605333945186e-01	8.623440605333945186e-01	8.866501890187179491e-01
8.623440605333945186e-01	8.623440605333945186e-01	1.000000000000000000e+00	8.922080318773439878e-01	8.623440605333945186e-01	8.623440605333945186e-01	8.623440605333945186e-01	8.405692488725480249e-01	8.008368624160300264e-01	8.623440605333945186e-01	8.909169576643920507e-01	8.936761785943629910e-01	9.019068451717859869e-01	8.623440605333945186e-01	8.623440605333945186e-01	8.623440605333945186e-01	9.087341507653400319e-01	8.623440605333945186e-01	9.113461794799839755e-01	8.723764270756459993e-01	8.623440605333945186e-01	8.623440605333945186e-01	8.780474916103410132e-01	8.623440605333945186e-01	8.623440605333945186e-01	8.623440605333945186e-01	5.999883087037449769e-01	8.623440605333945186e-01	8.623440605333945186e-01	8.626748042698769714e-01	8.709203140541730281e-01	8.623440605333945186e-01	8.623440605333945186e-01	7.771379497713919449e-01	9.084140622117450325e-01	8.729478338154680328e-01	8.623440605333945186e-01	8.623440605333945186e-01	5.260054308125500233e-01	8.905191027234570234e-01	9.063727143110730244e-01	8.623440605333945186e-01	8.781001261822140025e-01	8.623440605333945186e-01	8.623440605333945186e-01	8.980202764891539458e-01	8.236605148330500281e-01	8.623440605333945186e-01	8.623440605333945186e-01	8.623440605333945186e-01	8.623440605333945186e-01	8.623440605333945186e-01	8.958204325251080125e-01	8.623440605333945186e-01	6.740943018772439510e-01	9.003626394575590108e-01	8.817231728120940026e-01	9.057506081559230093e-01	9.094676450138089452e-01	8.752643007967909616e-01	8.623440605333945186e-01	7.986157078231449491e-01	8.623440605333945186e-01	8.424402244245500215e-01	8.623440605333945186e-01	8.623440605333945186e-01	8.623440605333945186e-01	8.623440605333945186e-01	8.623440605333945186e-01	6.181199205846269473e-01	8.623440605333945186e-01	7.196694171262849604e-01	8.623440605333945186e-01	8.623440605333945186e-01	8.757654720425339656e-01	8.836777452753109552e-01	8.777543907501119680e-01	8.623440605333945186e-01	8.623440605333945186e-01	8.923600473815660461e-01	8.623440605333945186e-01	8.623440605333945186e-01	7.989798606234750356e-01	6.630982869091549547e-01	8.801730778759649931e-01	6.719301396795249737e-01	8.623440605333945186e-01	8.623440605333945186e-01	8.623440605333945186e-01	4.050948669333919727e-01	8.884396643530949600e-01	8.977902731557849680e-01	8.823355381534080388e-01	8.741896910695500234e-01	7.575027884626790442e-01	8.796104410585959821e-01	8.623440605333945186e-01	8.623440605333945186e-01	2.296995231527370063e-01	8.969307139944330265e-01	7.775802962541410457e-01	8.770224772721819662e-01	8.717442451890670130e-01	8.474046753236920138e-01	8.623440605333945186e-01	8.623440605333945186e-01	8.937398229874730093e-01	8.834400134304889463e-01	8.623440605333945186e-01	8.837130540751539920e-01	8.623440605333945186e-01	8.623440605333945186e-01	8.623440605333945186e-01	9.107945734782729730e-01	8.623440605333945186e-01	9.043879523531409559e-01	8.623440605333945186e-01	9.061582818943040296e-01	9.069847569199579462e-01	8.870429110248669868e-01	8.974339868832099665e-01	8.623440605333945186e-01	8.623440605333945186e-01	8.623440605333945186e-01
9.102467415460819833e-01	8.623440605333945186e-01	8.922080318773439878e-01	1.000000000000000000e+00	8.623440605333945186e-01	8.907195183720519882e-01	8.623440605333945186e-01	8.623440605333945186e-01	8.004234738911849556e-01	8.102205779823640208e-01	8.623440605333945186e-01	8.942525933102619673e-01	8.623440605333945186e-01	8.623440605333945186e-01	8.473410130708759480e-01	9.220768478816450120e-01	8.623440605333945186e-01	8.905853376878729577e-01	8.623440605333945186e-01	8.725026620528010257e-01	8.623440605333945186e-01	8.623440605333945186e-01	8.623440605333945186e-01	8.623440605333945186e-01	8.593319764395940252e-01	8.689974419676790296e-01	6.029878705105850001e-01	7.608425779731530225e-01	8.623440605333945186e-01	8.623440605333945186e-01	8.732089738392220246e-01	9.136199413220169596e-01	8.623440605333945186e-01	8.623440605333945186e-01	9.118298350214719683e-01	8.718858514687299888e-01	8.623440605333945186e-01	8.986949005671990287e-01	5.297710708394020029e-01	8.623440605333945186e-01	9.069204046365320071e-01	8.623440605333945186e-01	8.790002016482050262e-01	6.719555533949109760e-01	8.188225932063509793e-01	8.993535215587340481e-01	8.623440605333945186e-01	8.623440605333945186e-01	8.847055651319829517e-01	8.623440605333945186e-01	8.623440605333945186e-01	8.623440605333945186e-01	8.965247030026569641e-01	8.623440605333945186e-01	6.742670886285180298e-01	8.623440605333945186e-01	8.623440605333945186e-01	9.062377853333970501e-01	8.623440605333945186e-01	8.763842159531010090e-01	8.623440605333945186e-01	8.623440605333945186e-01	8.784360548797189860e-01	8.401528689244199821e-01	8.097343325254799939e-01	5.200097508983829719e-01	8.623440605333945186e-01	4.418502584330780136e-01	8.942894372325099761e-01	6.203293855035959536e-01	9.064917147448819934e-01	8.623440605333945186e-01	9.092640474213330437e-01	8.623440605333945186e-01	8.623440605333945186e-01	8.853662229625539615e-01	8.801630193997459495e-01	8.956423869705669727e-01	8.750124978465080305e-01	8.927075356495199898e-01	8.497464404668569893e-01	8.623440605333945186e-01	8.007144223780580106e-01	6.698666235244570277e-01	8.623440605333945186e-01	8.623440605333945186e-01	8.912779333459219799e-01	8.623440605333945186e-01	8.623440605333945186e-01	4.038613900118009914e-01	8.623440605333945186e-01	8.980385140921439691e-01	8.827765909881200024e-01	8.742172910415290099e-01	7.572787618399889897e-01	8.623440605333945186e-01	8.623440605333945186e-01	8.803714824610490153e-01	2.323096963433450013e-01	8.623440605333945186e-01	8.623440605333945186e-01	8.793497779053529584e-01	8.623440605333945186e-01	8.463983481134069731e-01	8.996624520684319837e-01	8.623440605333945186e-01	8.969175862705860425e-01	8.854209727136700403e-01	9.193099662797890037e-01	8.853047369573739944e-01	8.710984757330180184e-01	8.516962735074179447e-01	8.775479457301359476e-01	9.129404026101950453e-01	9.078785590240170400e-01	8.623440605333945186e-01	8.623440605333945186e-01	8.623440605333945186e-01	8.623440605333945186e-01	8.905962633228120540e-01	8.623440605333945186e-01	8.623440605333945186e-01	8.750741862359709966e-01	8.623440605333945186e-01
8.623440605333945186e-01	8.623440605333945186e-01	8.623440605333945186e-01	8.623440605333945186e-01	9.999999999999970024e-01	7.664884229159999451e-01	8.623440605333945186e-01	7.330656862008190222e-01	6.974995803376640158e-01	7.083487094393550176e-01	7.702594361556700520e-01	8.623440605333945186e-01	8.623440605333945186e-01	8.623440605333945186e-01	7.346760186495979728e-01	7.927499375306690244e-01	8.623440605333945186e-01	8.623440605333945186e-01	7.870893479010450111e-01	8.623440605333945186e-01	8.623440605333945186e-01	8.623440605333945186e-01	8.623440605333945186e-01	7.862636744017860169e-01	7.444950432520409667e-01	8.623440605333945186e-01	5.347162437682869696e-01	6.672364113696860333e-01	8.623440605333945186e-01	7.473072720980260542e-01	8.623440605333945186e-01	7.882758141780269456e-01	7.891017729020900484e-01	6.791281436124839699e-01	7.839738880352720152e-01	7.540345010543300086e-01	8.623440605333945186e-01	8.623440605333945186e-01	4.682770065904500179e-01	7.714063134695310353e-01	7.822962744292619730e-01	8.623440605333945186e-01	7.555529912042190377e-01	5.876694712185199787e-01	7.129517359978080338e-01	7.753078393911480015e-01	8.623440605333945186e-01	8.623440605333945186e-01	8.623440605333945186e-01	8.623440605333945186e-01	8.623440605333945186e-01	8.623440605333945186e-01	7.748817600161219676e-01	8.623440605333945186e-01	5.958096287322740547e-01	7.775223066602420241e-01	7.630335475793369460e-01	8.623440605333945186e-01	7.841328790831589846e-01	7.553490331388430512e-01	8.623440605333945186e-01	8.623440605333945186e-01	7.592506845442880126e-01	8.623440605333945186e-01	7.048621684886799965e-01	4.669657937921189994e-01	8.623440605333945186e-01	4.002635821113330050e-01	7.747185184092090227e-01	5.485001301027140341e-01	7.830460365099659592e-01	6.263952454819999849e-01	7.828914932372309510e-01	8.623440605333945186e-01	7.571043068291349876e-01	7.648664648186439541e-01	8.623440605333945186e-01	7.719624463395849956e-01	7.552948007951389986e-01	7.709269434090519901e-01	7.349191843590849871e-01	8.623440605333945186e-01	6.955953742222470426e-01	8.623440605333945186e-01	8.623440605333945186e-01	8.623440605333945186e-01	7.678241292827929776e-01	8.623440605333945186e-01	8.623440605333945186e-01	8.623440605333945186e-01	8.623440605333945186e-01	7.741658030534089852e-01	8.623440605333945186e-01	8.623440605333945186e-01	8.623440605333945186e-01	8.623440605333945186e-01	8.623440605333945186e-01	8.623440605333945186e-01	2.188024065499959980e-01	8.623440605333945186e-01	8.623440605333945186e-01	8.623440605333945186e-01	7.564171582080430056e-01	8.623440605333945186e-01	7.758281603650180047e-01	8.623440605333945186e-01	7.745869433963760153e-01	7.645024247018979979e-01	7.898008108475940148e-01	8.623440605333945186e-01	7.530277825033959704e-01	8.623440605333945186e-01	8.623440605333945186e-01	8.623440605333945186e-01	8.623440605333945186e-01	7.808206430753049654e-01	8.623440605333945186e-01	7.808239797139460148e-01	8.623440605333945186e-01	7.649260872657640542e-01	7.760495656038639556e-01	7.806537471235389658e-01	7.593668583568650154e-01	8.623440605333945186e-01
8.623440605333945186e-01	9.034891334149539599e-01	8.623440605333945186e-01	8.907195183720519882e-01	7.664884229159999451e-01	1.000000000000000000e+00	8.623440605333945186e-01	8.415615892749089832e-01	8.623440605333945186e-01	8.106992770535750292e-01	8.886670708085939729e-01	8.623440605333945186e-01	9.009653811506259657e-01	8.749011990419429674e-01	8.623440605333945186e-01	9.185643831913270496e-01	8.623440605333945186e-01	8.623440605333945186e-01	8.623440605333945186e-01	8.704692028671650039e-01	8.623440605333945186e-01	8.623440605333945186e-01	8.623440605333945186e-01	9.097555410502869977e-01	8.623440605333945186e-01	8.651254890325440483e-01	8.623440605333945186e-01	7.568614236866619827e-01	8.876969385291929582e-01	8.624633498407000554e-01	8.623440605333945186e-01	9.119198068707560223e-01	9.147325993713899539e-01	7.759486881683710369e-01	8.623440605333945186e-01	8.623440605333945186e-01	8.623440605333945186e-01	8.623440605333945186e-01	8.623440605333945186e-01	8.902229972995250318e-01	9.042998829265379568e-01	8.623440605333945186e-01	8.623440605333945186e-01	6.684530730457389769e-01	8.160545140908910255e-01	8.623440605333945186e-01	8.159818150287070360e-01	8.702539973587309907e-01	8.623440605333945186e-01	8.623440605333945186e-01	8.663490748721409673e-01	8.623440605333945186e-01	8.931729924146899480e-01	8.623440605333945186e-01	6.726086855720510016e-01	8.623440605333945186e-01	8.800196547572759487e-01	8.623440605333945186e-01	8.623440605333945186e-01	8.623440605333945186e-01	8.847719563202830484e-01	7.956615464694679618e-01	8.761649090275259733e-01	8.623440605333945186e-01	8.623440605333945186e-01	5.194390684323280105e-01	8.890127662454540003e-01	8.623440605333945186e-01	8.910241659777089485e-01	8.623440605333945186e-01	8.623440605333945186e-01	7.145278950633729975e-01	9.070961247880340306e-01	8.990891140971509765e-01	8.623440605333945186e-01	8.822230071945279528e-01	8.783810519097869918e-01	8.623440605333945186e-01	8.721093403006090483e-01	8.908644625260789818e-01	8.435460608828619922e-01	8.623440605333945186e-01	8.012268409132290437e-01	8.623440605333945186e-01	8.770172377238070194e-01	6.749346017597369629e-01	8.872563018403150092e-01	8.811790282318300305e-01	8.623440605333945186e-01	8.623440605333945186e-01	8.873393715546510352e-01	8.623440605333945186e-01	8.795457930149109815e-01	8.743159237710419474e-01	8.623440605333945186e-01	8.623440605333945186e-01	8.765529139827420435e-01	8.623440605333945186e-01	2.303576287779499909e-01	8.939762638453390142e-01	8.623440605333945186e-01	8.623440605333945186e-01	8.623440605333945186e-01	8.623440605333945186e-01	8.986950124960330077e-01	8.623440605333945186e-01	8.916120847322389631e-01	8.623440605333945186e-01	9.145714234553840027e-01	8.826039168034669480e-01	8.623440605333945186e-01	8.504548030945660031e-01	8.623440605333945186e-01	9.107874684073039573e-01	9.038114591770539663e-01	8.623440605333945186e-01	8.623440605333945186e-01	8.623440605333945186e-01	8.623440605333945186e-01	8.853320697481470436e-01	8.623440605333945186e-01	9.007937944281799725e-01	8.623440605333945186e-01	8.623440605333945186e-01
8.623440605333945186e-01	8.768713490610819949e-01	8.623440605333945186e-01	8.623440605333945186e-01	8.623440605333945186e-01	8.623440605333945186e-01	1.000000000000000000e+00	8.160724253716760135e-01	8.623440605333945186e-01	8.623440605333945186e-01	8.624894383748590299e-01	8.623440605333945186e-01	8.623440605333945186e-01	8.479133016039800408e-01	8.185188443307940265e-01	8.623440605333945186e-01	8.623440605333945186e-01	8.620701907236799633e-01	8.837756058037690154e-01	8.431030410442329481e-01	8.451974817063030443e-01	8.623440605333945186e-01	8.623440605333945186e-01	8.837458612041899642e-01	8.623440605333945186e-01	8.623440605333945186e-01	8.623440605333945186e-01	8.623440605333945186e-01	8.653289296605549685e-01	8.383188448271570170e-01	8.623440605333945186e-01	8.837137901202719581e-01	8.623440605333945186e-01	7.552135232698650169e-01	8.623440605333945186e-01	8.623440605333945186e-01	8.541025344173259759e-01	8.623440605333945186e-01	5.131455850286430476e-01	8.623440605333945186e-01	8.623440605333945186e-01	8.421954985807400540e-01	8.499245749399729766e-01	8.623440605333945186e-01	7.942889037619640380e-01	8.623440605333945186e-01	8.623440605333945186e-01	8.623440605333945186e-01	8.623440605333945186e-01	8.565767405428680314e-01	8.415057431598810256e-01	8.623440605333945186e-01	8.679473785353639670e-01	8.720115525959329927e-01	8.623440605333945186e-01	8.719224363017969992e-01	8.623440605333945186e-01	8.771771663920230333e-01	8.808480196694700171e-01	8.623440605333945186e-01	8.592896900274999972e-01	7.770031734058040485e-01	8.522810564176610537e-01	8.152710061259029750e-01	7.857647049543869944e-01	8.623440605333945186e-01	8.614687515871519707e-01	4.327210854757410075e-01	8.657698103656039645e-01	8.623440605333945186e-01	8.623440605333945186e-01	6.976538905597440277e-01	8.802349914994660462e-01	8.623440605333945186e-01	8.623440605333945186e-01	8.623440605333945186e-01	8.525882081358220344e-01	8.623440605333945186e-01	8.463049914220369674e-01	8.623440605333945186e-01	8.226416226000939913e-01	8.623440605333945186e-01	7.771240674339999766e-01	8.623440605333945186e-01	8.511578368290459995e-01	6.517754730870409796e-01	8.623440605333945186e-01	8.623440605333945186e-01	8.623440605333945186e-01	4.011625606941059963e-01	8.618264712208499878e-01	8.709262466033129702e-01	8.557958957904919783e-01	8.471069924664620387e-01	7.338238432625749930e-01	8.535811868078539977e-01	8.533433537184169637e-01	8.623440605333945186e-01	8.623440605333945186e-01	8.623440605333945186e-01	7.558680088168620026e-01	8.499902715158450528e-01	8.470140030710590073e-01	8.222103879698989815e-01	8.702015931272170102e-01	8.675787712363770554e-01	8.669101691027010226e-01	8.549240587101030187e-01	8.883497457232260031e-01	8.623440605333945186e-01	8.437163768635369543e-01	8.623440605333945186e-01	8.510766068562030107e-01	8.623440605333945186e-01	8.770310114551059799e-01	8.771096809782760184e-01	8.623440605333945186e-01	8.623440605333945186e-01	8.781633796129749703e-01	8.583715479319440345e-01	8.682227451348969449e-01	8.747178068398550055e-01	8.623440605333945186e-01	8.431617005559790545e-01
8.582467235089680235e-01	8.623440605333945186e-01	8.405692488725480249e-01	8.623440605333945186e-01	7.330656862008190222e-01	8.415615892749089832e-01	8.160724253716760135e-01	1.000000000000000000e+00	7.583101946245409675e-01	8.623440605333945186e-01	8.623440605333945186e-01	8.623440605333945186e-01	8.623440605333945186e-01	8.623440605333945186e-01	8.029243203967729725e-01	8.623440605333945186e-01	8.576645565491830547e-01	8.623440605333945186e-01	8.623440605333945186e-01	8.623440605333945186e-01	8.623440605333945186e-01	8.575230660415330552e-01	8.258899787586879704e-01	8.623440605333945186e-01	8.091452619188550521e-01	8.192722682923869737e-01	8.623440605333945186e-01	7.191156895620990364e-01	8.391962011226480334e-01	8.142640059061929669e-01	8.217365124150569633e-01	8.623440605333945186e-01	8.623440605333945186e-01	8.623440605333945186e-01	8.571810464626200554e-01	8.230880599712300238e-01	8.343856998955310189e-01	8.623440605333945186e-01	5.058482281424240279e-01	8.403499148369709681e-01	8.623440605333945186e-01	8.623440605333945186e-01	8.265771378249170409e-01	6.349473765101909528e-01	7.748284269181220374e-01	8.623440605333945186e-01	8.623440605333945186e-01	8.623440605333945186e-01	8.324859339449209861e-01	8.342130137948090551e-01	8.623440605333945186e-01	8.623440605333945186e-01	8.623440605333945186e-01	8.505586882950839644e-01	8.623440605333945186e-01	8.499891518093279918e-01	8.623440605333945186e-01	8.554015000957509995e-01	8.623440605333945186e-01	8.262133984518830188e-01	8.353083245903879517e-01	8.623440605333945186e-01	8.623440605333945186e-01	8.623440605333945186e-01	7.654274414529299575e-01	4.979806699105129852e-01	8.411441032319939559e-01	8.623440605333945186e-01	8.456583122459799817e-01	5.888611172620880074e-01	8.556084577120699475e-01	8.623440605333945186e-01	8.623440605333945186e-01	8.503150270002779454e-01	8.623440605333945186e-01	8.354612860975150213e-01	8.294821525117860306e-01	8.440694590037050027e-01	8.236674781080299823e-01	8.623440605333945186e-01	8.011927158854910136e-01	8.623440605333945186e-01	7.586468312244669665e-01	8.623440605333945186e-01	8.623440605333945186e-01	6.377487693322869688e-01	8.406714989761610024e-01	8.321389712782529813e-01	8.623440605333945186e-01	3.953992334944250175e-01	8.396383119033340448e-01	8.623440605333945186e-01	8.623440605333945186e-01	8.237324066209910089e-01	7.171135112172799531e-01	8.623440605333945186e-01	8.623440605333945186e-01	8.316604319251229560e-01	2.254209671489300071e-01	8.486479194767020395e-01	7.390030541415050225e-01	8.298277810277370214e-01	8.623440605333945186e-01	8.623440605333945186e-01	8.623440605333945186e-01	8.458131838000819691e-01	8.623440605333945186e-01	8.623440605333945186e-01	8.649908207771519475e-01	8.623440605333945186e-01	8.212352583900679459e-01	8.623440605333945186e-01	8.623440605333945186e-01	8.602060147113970157e-01	8.623440605333945186e-01	8.533283387755720151e-01	8.623440605333945186e-01	8.558918754795360462e-01	8.623440605333945186e-01	8.623440605333945186e-01	8.472770145969950040e-01	8.623440605333945186e-01	8.623440605333945186e-01	8.227947635914399926e-01
8.623440605333945186e-01	8.127824421197520355e-01	8.008368624160300264e-01	8.004234738911849556e-01	6.974995803376640158e-01	8.623440605333945186e-01	8.623440605333945186e-01	7.583101946245409675e-01	9.999999999999990008e-01	7.362144511814969761e-01	8.623440605333945186e-01	8.623440605333945186e-01	8.090861537090480171e-01	7.902719852796770139e-01	7.609135030549040168e-01	8.243168356648920003e-01	8.623440605333945186e-01	7.970081818064650436e-01	8.158886531933490227e-01	7.860436917968699477e-01	7.819247064199059682e-01	8.623440605333945186e-01	8.623440605333945186e-01	8.623440605333945186e-01	7.716738415314210453e-01	7.790603943432750089e-01	8.623440605333945186e-01	6.902125876820199846e-01	8.003274454910610514e-01	7.761297026165639990e-01	8.623440605333945186e-01	8.171474808864740424e-01	8.211865838850830324e-01	7.036776376707980507e-01	8.135098507000300128e-01	8.623440605333945186e-01	7.938466645932770183e-01	8.058564520155500066e-01	8.623440605333945186e-01	7.998304952748139796e-01	8.623440605333945186e-01	7.822972718609639831e-01	8.623440605333945186e-01	6.099005349753650052e-01	8.623440605333945186e-01	8.623440605333945186e-01	7.396964174514499835e-01	8.623440605333945186e-01	7.943383382059580056e-01	8.623440605333945186e-01	7.798711309409189774e-01	7.856874593305950283e-01	8.024447780128429741e-01	8.085721825114220440e-01	6.128853598647719947e-01	8.062999675153530443e-01	7.890662430682560124e-01	8.623440605333945186e-01	8.623440605333945186e-01	7.881205710227340289e-01	8.623440605333945186e-01	7.219553154209570334e-01	8.623440605333945186e-01	8.623440605333945186e-01	8.623440605333945186e-01	4.802949386340050197e-01	7.971792601251319610e-01	4.146844935039000202e-01	8.017429087464109649e-01	8.623440605333945186e-01	8.118802914272249538e-01	8.623440605333945186e-01	8.145575081785080274e-01	8.623440605333945186e-01	8.623440605333945186e-01	7.946278072347460197e-01	7.869686250916859693e-01	8.623440605333945186e-01	7.854472447255650414e-01	8.623440605333945186e-01	8.623440605333945186e-01	8.623440605333945186e-01	8.623440605333945186e-01	6.055315999296000395e-01	8.623440605333945186e-01	6.123831853037019490e-01	8.623440605333945186e-01	7.920074772326299861e-01	8.623440605333945186e-01	8.623440605333945186e-01	8.623440605333945186e-01	8.623440605333945186e-01	7.913252436613730234e-01	7.839229473712869822e-01	8.623440605333945186e-01	7.883857238957020508e-01	8.623440605333945186e-01	7.894789821743459779e-01	8.623440605333945186e-01	8.623440605333945186e-01	7.012606149528469723e-01	8.623440605333945186e-01	7.843008934426459744e-01	8.623440605333945186e-01	8.623440605333945186e-01	8.623440605333945186e-01	8.623440605333945186e-01	7.913053101078639795e-01	8.623440605333945186e-01	8.623440605333945186e-01	7.827597708273059673e-01	8.623440605333945186e-01	8.623440605333945186e-01	8.157852210675460292e-01	8.623440605333945186e-01	8.113047383197089513e-01	8.132977279154319783e-01	8.105399376484480056e-01	8.623440605333945186e-01	7.962772541624030254e-01	8.623440605333945186e-01	8.108935271265359512e-01	8.623440605333945186e-01	8.623440605333945186e-01
8.269026033841510026e-01	8.240280054538300369e-01	8.623440605333945186e-01	8.102205779823640208e-01	7.083487094393550176e-01	8.106992770535750292e-01	8.623440605333945186e-01	8.623440605333945186e-01	7.362144511814969761e-01	9.999999999999990008e-01	8.113975018138299689e-01	8.623440605333945186e-01	8.623440605333945186e-01	7.978993939768720400e-01	8.623440605333945186e-01	8.361515375327950306e-01	8.272536575200990505e-01	8.090378632848309604e-01	8.623440605333945186e-01	7.931616632741039785e-01	7.953236546798010398e-01	8.623440605333945186e-01	7.964616788415610493e-01	8.623440605333945186e-01	7.805681692522420390e-01	8.623440605333945186e-01	5.587621602373910035e-01	8.623440605333945186e-01	8.623440605333945186e-01	7.870410753557589567e-01	7.931880696208729598e-01	8.289719383320499624e-01	8.623440605333945186e-01	7.139489410823189885e-01	8.623440605333945186e-01	7.948250385537309892e-01	8.623440605333945186e-01	8.623440605333945186e-01	8.623440605333945186e-01	8.117882175055980420e-01	8.257322455079529888e-01	8.623440605333945186e-01	8.623440605333945186e-01	6.158638596127350429e-01	7.475127636629109729e-01	8.160939835456479940e-01	8.623440605333945186e-01	7.934869649429999727e-01	8.623440605333945186e-01	8.073373281549940383e-01	7.925092554557330304e-01	8.003768388480639873e-01	8.623440605333945186e-01	8.623440605333945186e-01	8.623440605333945186e-01	8.172830091011820119e-01	8.020800692304660418e-01	8.233310492756710230e-01	8.257245796508240199e-01	8.623440605333945186e-01	8.623440605333945186e-01	8.623440605333945186e-01	8.623440605333945186e-01	7.681431296650069740e-01	8.623440605333945186e-01	8.623440605333945186e-01	8.623440605333945186e-01	4.163668416417269924e-01	8.623440605333945186e-01	8.623440605333945186e-01	8.623440605333945186e-01	6.590747186599059670e-01	8.623440605333945186e-01	8.623440605333945186e-01	7.982192613934480097e-01	8.080814424739199975e-01	8.623440605333945186e-01	8.149935876857260508e-01	7.981121033981519730e-01	8.623440605333945186e-01	8.623440605333945186e-01	6.253908420489510123e-01	8.623440605333945186e-01	6.124675936045680391e-01	8.623440605333945186e-01	8.623440605333945186e-01	8.076169429459969518e-01	8.623440605333945186e-01	8.623440605333945186e-01	8.623440605333945186e-01	8.101474711258620509e-01	8.159769863936959799e-01	8.070837110065739450e-01	7.959174771579160534e-01	6.914031545166290371e-01	7.987106554543119685e-01	8.623440605333945186e-01	8.015786212645850117e-01	8.623440605333945186e-01	8.623440605333945186e-01	8.623440605333945186e-01	8.623440605333945186e-01	7.958861745673579957e-01	7.714892960961790003e-01	8.623440605333945186e-01	8.623440605333945186e-01	8.138394803915840470e-01	8.623440605333945186e-01	8.337245484286970321e-01	8.042521703133369559e-01	7.917824222866970407e-01	7.733782847062850019e-01	8.623440605333945186e-01	8.288356368232020488e-01	8.623440605333945186e-01	8.623440605333945186e-01	8.623440605333945186e-01	8.623440605333945186e-01	8.254211584778320399e-01	8.063462118538909928e-01	8.167727745619810520e-01	8.623440605333945186e-01	7.962354307125949493e-01	8.623440605333945186e-01
8.623440605333945186e-01	9.048823454158489987e-01	8.909169576643920507e-01	8.623440605333945186e-01	7.702594361556700520e-01	8.886670708085939729e-01	8.624894383748590299e-01	8.623440605333945186e-01	8.623440605333945186e-01	8.113975018138299689e-01	1.000000000000000000e+00	8.623440605333945186e-01	9.028098700172449975e-01	8.623440605333945186e-01	8.457128323433640293e-01	8.623440605333945186e-01	8.623440605333945186e-01	8.903625837958459854e-01	8.623440605333945186e-01	8.734942593592619486e-01	8.623440605333945186e-01	9.092756947748269480e-01	8.746145043399790042e-01	8.623440605333945186e-01	8.559323206715819810e-01	8.682668668302839787e-01	6.006623276948499512e-01	7.571275725445669735e-01	8.899075022542439761e-01	8.623440605333945186e-01	8.704862303990149597e-01	9.123295248583610517e-01	9.170322602404129553e-01	7.787551621964909909e-01	8.623440605333945186e-01	8.623440605333945186e-01	8.839569592840890166e-01	8.623440605333945186e-01	5.252594122696849777e-01	8.911407922257460479e-01	8.623440605333945186e-01	8.657479133131390503e-01	8.623440605333945186e-01	6.649179047363670270e-01	8.188795583797759958e-01	8.623440605333945186e-01	8.199939515255040279e-01	8.623440605333945186e-01	8.825077444640190283e-01	8.861156835623159589e-01	8.623440605333945186e-01	8.773158359694379627e-01	8.955393291615779683e-01	9.007587961430539858e-01	8.623440605333945186e-01	8.995626099034730316e-01	8.806190770933960410e-01	8.623440605333945186e-01	9.109076353524380165e-01	8.623440605333945186e-01	8.623440605333945186e-01	7.972602158937750483e-01	8.776471945773419714e-01	8.402113179613509564e-01	8.623440605333945186e-01	5.173805747324200510e-01	8.898927616587910538e-01	8.623440605333945186e-01	8.623440605333945186e-01	8.623440605333945186e-01	9.070760628208930365e-01	8.623440605333945186e-01	9.072107412921750491e-01	8.998997272410159676e-01	8.766589100587960370e-01	8.835323322682060443e-01	8.778006223387200269e-01	8.949134075350220208e-01	8.746162446562669723e-01	8.913332106404260324e-01	8.623440605333945186e-01	8.623440605333945186e-01	8.623440605333945186e-01	8.623440605333945186e-01	8.623440605333945186e-01	8.623440605333945186e-01	8.623440605333945186e-01	8.816078910493839738e-01	8.623440605333945186e-01	4.046053513483309771e-01	8.623440605333945186e-01	8.623440605333945186e-01	8.623440605333945186e-01	8.750490850797399967e-01	8.623440605333945186e-01	8.623440605333945186e-01	8.780512763280350352e-01	8.786440108454259823e-01	2.311166429087370133e-01	8.969041567809410420e-01	8.623440605333945186e-01	8.778304047115490505e-01	8.733681350810800215e-01	8.452970247469130394e-01	8.623440605333945186e-01	8.950532328510030222e-01	8.623440605333945186e-01	8.831725042131679526e-01	9.166652586132120195e-01	8.623440605333945186e-01	8.698594347944179628e-01	8.489176472868510404e-01	8.623440605333945186e-01	9.107823770934440066e-01	8.623440605333945186e-01	9.040908067052969566e-01	9.056385234220719616e-01	8.623440605333945186e-01	9.061839152009329990e-01	8.869768817362330138e-01	8.965049218748369908e-01	9.033468424399879737e-01	8.623440605333945186e-01	8.623440605333945186e-01
9.122186889543779653e-01	9.077715275433859698e-01	8.936761785943629910e-01	8.942525933102619673e-01	8.623440605333945186e-01	8.623440605333945186e-01	8.623440605333945186e-01	8.623440605333945186e-01	8.623440605333945186e-01	8.623440605333945186e-01	8.623440605333945186e-01	1.000000000000000000e+00	9.047472747550659999e-01	8.623440605333945186e-01	8.623440605333945186e-01	8.623440605333945186e-01	8.623440605333945186e-01	8.917159277187940436e-01	8.623440605333945186e-01	8.732613756388899473e-01	8.758542251098210274e-01	8.623440605333945186e-01	8.623440605333945186e-01	9.149816105780049780e-01	8.623440605333945186e-01	8.623440605333945186e-01	6.023491138026979552e-01	7.568242308517320049e-01	8.623440605333945186e-01	8.623440605333945186e-01	8.623440605333945186e-01	8.623440605333945186e-01	8.623440605333945186e-01	7.778668616954610426e-01	8.623440605333945186e-01	8.741781257810570249e-01	8.855357321067169885e-01	8.623440605333945186e-01	5.257014517519790209e-01	8.623440605333945186e-01	8.623440605333945186e-01	8.680310747377280034e-01	8.623440605333945186e-01	8.623440605333945186e-01	8.187456064108590281e-01	9.030027867401909658e-01	8.221907676769889539e-01	8.623440605333945186e-01	8.623440605333945186e-01	8.866082659970040414e-01	8.709377388075869586e-01	8.623440605333945186e-01	8.975187589856510328e-01	8.623440605333945186e-01	6.744459587079369989e-01	8.623440605333945186e-01	8.623440605333945186e-01	9.091162358996860426e-01	9.115684990062360438e-01	8.623440605333945186e-01	8.623440605333945186e-01	8.623440605333945186e-01	8.796104855826389901e-01	8.623440605333945186e-01	8.623440605333945186e-01	8.623440605333945186e-01	8.623440605333945186e-01	4.437658494991280067e-01	8.623440605333945186e-01	6.214339697928470407e-01	9.084911557936089510e-01	7.199690680436080514e-01	8.623440605333945186e-01	9.020868805298469795e-01	8.623440605333945186e-01	8.623440605333945186e-01	8.623440605333945186e-01	8.978459208566970107e-01	8.623440605333945186e-01	8.933836984991010421e-01	8.623440605333945186e-01	6.829583798791140081e-01	8.623440605333945186e-01	6.642702417393240300e-01	8.623440605333945186e-01	8.623440605333945186e-01	8.623440605333945186e-01	8.856074958325269586e-01	1.000000000000000021e-03	8.623440605333945186e-01	8.623440605333945186e-01	8.623440605333945186e-01	8.839992027927170426e-01	8.623440605333945186e-01	8.623440605333945186e-01	8.623440605333945186e-01	8.809233317578939459e-01	8.623440605333945186e-01	2.308111983298589964e-01	8.623440605333945186e-01	7.808406413744110042e-01	8.623440605333945186e-01	8.623440605333945186e-01	8.476583886870630025e-01	8.623440605333945186e-01	8.623440605333945186e-01	8.623440605333945186e-01	8.854975849699889823e-01	8.623440605333945186e-01	8.623440605333945186e-01	8.623440605333945186e-01	8.623440605333945186e-01	8.623440605333945186e-01	8.623440605333945186e-01	8.623440605333945186e-01	9.063360519096480550e-01	9.077964031222039987e-01	9.071339699987409633e-01	9.086327227446570065e-01	8.623440605333945186e-01	8.996065128600200245e-01	8.623440605333945186e-01	8.779081859160839940e-01	8.725117650726480489e-01
