1.000000000000000000e+00	4.228086507674799766e-01	6.081354263548295336e-01	6.081354263548295336e-01	7.745754771185000553e-01	5.988566395776889761e-01	6.406906020857040529e-01	6.081354263548295336e-01	6.081354263548295336e-01	6.081354263548295336e-01	6.081354263548295336e-01	3.285938886505569978e-01	6.081354263548295336e-01	1.266015045633659963e-01	6.081354263548295336e-01	6.081354263548295336e-01	6.081354263548295336e-01	6.081354263548295336e-01	8.348143065883190106e-01	6.081354263548295336e-01	6.081354263548295336e-01	6.081354263548295336e-01	5.040936915901780280e-01	5.881049553647460515e-01	6.081354263548295336e-01	6.081354263548295336e-01	8.690980719815749600e-01	6.745641397236880055e-01	6.081354263548295336e-01	6.081354263548295336e-01	6.081354263548295336e-01	8.763292280852029714e-01	6.081354263548295336e-01	6.559905398210710281e-01	8.625101485137319779e-01	8.192268215087950001e-01	6.081354263548295336e-01	7.564373308400680340e-01	6.081354263548295336e-01	7.558686898224680206e-01	6.081354263548295336e-01	4.579798086320909789e-01	6.081354263548295336e-01	8.622330538682529966e-01	6.081354263548295336e-01	3.336646472196839741e-01	4.347264803069920136e-01	6.081354263548295336e-01	7.275919137448040308e-01	4.911061366552719742e-01	6.081354263548295336e-01	6.081354263548295336e-01	6.081354263548295336e-01	8.527888217639190138e-01	8.375926355676700519e-01	6.081354263548295336e-01	6.081354263548295336e-01	6.081354263548295336e-01	8.311980677721160227e-01	6.081354263548295336e-01	6.081354263548295336e-01	3.737965777929549982e-01	6.081354263548295336e-01	1.561467115133770012e-01	6.081354263548295336e-01	6.081354263548295336e-01	6.081354263548295336e-01	6.081354263548295336e-01	6.081354263548295336e-01	6.081354263548295336e-01	6.081354263548295336e-01	8.622094754561540064e-01	6.081354263548295336e-01	7.752959877558950330e-01	2.334118753600269991e-01	6.081354263548295336e-01	6.081354263548295336e-01	6.081354263548295336e-01	6.081354263548295336e-01	8.683378777273069726e-01	6.081354263548295336e-01	8.902540697555849647e-01	6.081354263548295336e-01	6.081354263548295336e-01	8.617262600739310496e-01	8.746832363850010061e-01	8.829502640384430112e-01	7.800063363912459469e-01	1.000000000000000021e-03	6.081354263548295336e-01	6.081354263548295336e-01	6.081354263548295336e-01	8.222848802286579772e-01	6.081354263548295336e-01	8.587387116854029445e-01	8.515711972369339744e-01	6.081354263548295336e-01	8.915209103036200178e-01	8.992767039247310246e-01	6.081354263548295336e-01	6.081354263548295336e-01	3.077415379247290250e-01	8.423934688250559466e-01	6.081354263548295336e-01	8.884118446640469902e-01	6.081354263548295336e-01	6.081354263548295336e-01	6.081354263548295336e-01	6.081354263548295336e-01	6.081354263548295336e-01	8.381769145798929621e-01	6.388972749224609560e-01	5.712788897562639523e-01	6.081354263548295336e-01	3.895920253823870194e-01	8.751438021744010198e-01	6.081354263548295336e-01	6.081354263548295336e-01	8.644404863915670090e-01	8.343749651804710510e-01	6.081354263548295336e-01	6.081354263548295336e-01	6.081354263548295336e-01	6.081354263548295336e-01
4.228086507674799766e-01	1.000000000000000000e+00	6.081354263548295336e-01	4.138601880222440021e-01	6.081354263548295336e-01	5.240176052998499756e-01	5.621510831966569643e-01	5.534376893417449761e-01	6.081354263548295336e-01	6.081354263548295336e-01	6.081354263548295336e-01	6.081354263548295336e-01	6.081354263548295336e-01	3.635839114073580181e-01	3.342925422302759908e-01	4.432585845697279980e-01	6.081354263548295336e-01	6.081354263548295336e-01	3.328399067467049943e-01	3.488691599622750217e-01	6.081354263548295336e-01	3.088353935681940055e-01	5.763945167583010010e-01	5.430408955066009513e-01	4.322460020547759796e-01	6.081354263548295336e-01	3.928120632845280014e-01	4.656771400607179756e-01	6.081354263548295336e-01	6.081354263548295336e-01	3.975806336622810244e-01	2.883169123019019842e-01	3.173431376637820267e-01	5.292705730994220481e-01	3.728344052594759761e-01	6.081354263548295336e-01	4.928315388562469757e-01	4.263265453000180116e-01	3.074807667587109994e-01	6.081354263548295336e-01	3.585630828043980256e-01	6.081354263548295336e-01	6.081354263548295336e-01	3.241914155907210104e-01	6.081354263548295336e-01	5.760005974860430422e-01	6.081354263548295336e-01	3.296964912698959749e-01	6.081354263548295336e-01	6.081354263548295336e-01	3.221962210414299754e-01	6.081354263548295336e-01	6.081354263548295336e-01	6.081354263548295336e-01	3.053983608769360036e-01	6.081354263548295336e-01	6.081354263548295336e-01	6.081354263548295336e-01	6.081354263548295336e-01	3.157849168002829776e-01	6.081354263548295336e-01	6.081354263548295336e-01	6.081354263548295336e-01	6.081354263548295336e-01	5.202232510795109510e-01	6.827110520833760132e-01	3.854406624781560042e-01	6.081354263548295336e-01	3.818631232733770142e-01	3.379715674066540165e-01	6.081354263548295336e-01	6.081354263548295336e-01	6.081354263548295336e-01	6.081354263548295336e-01	6.081354263548295336e-01	5.425696105593079688e-01	3.153555930610419944e-01	6.081354263548295336e-01	5.053565993560820147e-01	3.322101978301880143e-01	6.081354263548295336e-01	6.081354263548295336e-01	3.434193927146410030e-01	6.081354263548295336e-01	6.081354263548295336e-01	2.941082026516689818e-01	2.948490644679149786e-01	6.081354263548295336e-01	1.000000000000000021e-03	6.081354263548295336e-01	4.962462654892759728e-01	5.144477484215489449e-01	4.375501150652519877e-01	3.430181539091219922e-01	2.966546306399610033e-01	2.658551609473410182e-01	4.928888195784080217e-01	6.081354263548295336e-01	3.076910488320350190e-01	6.081354263548295336e-01	4.286968467141339945e-01	6.081354263548295336e-01	6.081354263548295336e-01	5.693839343479879522e-01	3.319082700973819966e-01	6.081354263548295336e-01	6.404935278285459610e-01	3.167145982752139766e-01	5.638600402737039552e-01	2.770116929179560206e-01	3.094377186109890099e-01	6.081354263548295336e-01	5.772265705489529886e-01	6.081354263548295336e-01	6.081354263548295336e-01	6.081354263548295336e-01	6.081354263548295336e-01	4.816530343175470241e-01	6.081354263548295336e-01	2.948752703171820255e-01	6.081354263548295336e-01	3.339042496461619991e-01	6.081354263548295336e-01	3.062555865964179946e-01
6.081354263548295336e-01	6.081354263548295336e-01	1.000000000000000000e+00	6.081354263548295336e-01	6.081354263548295336e-01	6.081354263548295336e-01	5.963195912922829578e-01	6.081354263548295336e-01	6.069641294105390106e-01	6.814054368916030446e-01	5.720761811143250108e-01	6.954204840622609796e-01	5.032569474541349619e-01	4.248049340274899777e-01	3.620089428868120129e-01	6.081354263548295336e-01	6.081354263548295336e-01	6.081354263548295336e-01	6.081354263548295336e-01	6.081354263548295336e-01	6.081354263548295336e-01	6.081354263548295336e-01	6.718027995096079730e-01	6.081354263548295336e-01	5.504077873931280118e-01	6.081354263548295336e-01	6.081354263548295336e-01	6.081354263548295336e-01	3.235758568468249941e-01	6.081354263548295336e-01	6.081354263548295336e-01	3.319037319255739860e-01	3.113368781725370238e-01	6.081354263548295336e-01	6.081354263548295336e-01	2.738108704095379986e-01	6.081354263548295336e-01	5.174813104526280183e-01	3.388530357196180010e-01	5.614482239975420175e-01	3.386422925436949893e-01	6.337076321156419612e-01	4.464488490127470066e-01	6.081354263548295336e-01	3.359650553829949815e-01	6.081354263548295336e-01	6.081354263548295336e-01	3.355748201158360033e-01	6.081354263548295336e-01	6.081354263548295336e-01	3.569976601125660065e-01	4.167932702032969838e-01	5.546725166138190000e-01	6.081354263548295336e-01	6.081354263548295336e-01	7.215042260436099752e-01	3.272666822296509959e-01	6.081354263548295336e-01	6.081354263548295336e-01	3.895547387514459725e-01	6.081354263548295336e-01	7.109524213583400254e-01	3.088691772232929900e-01	6.081354263548295336e-01	6.269721996134880460e-01	6.295105364560570349e-01	6.081354263548295336e-01	6.081354263548295336e-01	6.081354263548295336e-01	3.050206909216339746e-01	3.370762606691720120e-01	6.081354263548295336e-01	3.203381114372049754e-01	6.081354263548295336e-01	6.081354263548295336e-01	6.081354263548295336e-01	3.249125284958059856e-01	4.305854989632529883e-01	6.081354263548295336e-01	6.081354263548295336e-01	4.154221099346500079e-01	3.366709244458970240e-01	3.241936319431930058e-01	6.081354263548295336e-01	3.315408791515290221e-01	6.081354263548295336e-01	6.081354263548295336e-01	6.081354263548295336e-01	1.000000000000000021e-03	6.264537699159220541e-01	6.081354263548295336e-01	6.081354263548295336e-01	6.081354263548295336e-01	3.338951187830340173e-01	6.081354263548295336e-01	6.081354263548295336e-01	5.268590093183349587e-01	3.393932288752299908e-01	3.665889882545840250e-01	6.081354263548295336e-01	6.081354263548295336e-01	6.932843526972729542e-01	3.441385707617909961e-01	6.081354263548295336e-01	6.081354263548295336e-01	6.081354263548295336e-01	5.881411418616260267e-01	3.761601644764510088e-01	5.404187849347009687e-01	6.081354263548295336e-01	3.052543321251720010e-01	6.081354263548295336e-01	6.081354263548295336e-01	6.081354263548295336e-01	6.081354263548295336e-01	3.834222265918669770e-01	3.698160541695399983e-01	5.279298569353619852e-01	6.081354263548295336e-01	6.081354263548295336e-01	6.187370278484980446e-01	6.081354263548295336e-01	3.014508865166889984e-01	3.606330529174480160e-01
6.081354263548295336e-01	4.138601880222440021e-01	6.081354263548295336e-01	1.000000000000000000e+00	6.081354263548295336e-01	5.947317734481499807e-01	5.727101168444159729e-01	6.081354263548295336e-01	6.888386475320319446e-01	6.256405716754519508e-01	6.704263711470750398e-01	4.291924380864819977e-01	7.048882893249499570e-01	2.073743809098350099e-01	6.081354263548295336e-01	6.081354263548295336e-01	6.081354263548295336e-01	6.081354263548295336e-01	6.081354263548295336e-01	5.847333341888769631e-01	6.081354263548295336e-01	6.081354263548295336e-01	6.081354263548295336e-01	6.100509028456040372e-01	6.847584264675540267e-01	6.197657758517269855e-01	6.717890212474569855e-01	5.934605065591750384e-01	6.040251021467689663e-01	6.081354263548295336e-01	6.081354263548295336e-01	6.081354263548295336e-01	6.081354263548295336e-01	6.253668900096339689e-01	6.316617344060649897e-01	6.081354263548295336e-01	6.081354263548295336e-01	6.081354263548295336e-01	6.081354263548295336e-01	6.081354263548295336e-01	5.978748606546050448e-01	5.003854455558499614e-01	6.081354263548295336e-01	6.081354263548295336e-01	5.867676190144049952e-01	6.081354263548295336e-01	6.081354263548295336e-01	6.081354263548295336e-01	6.081354263548295336e-01	5.801105512528430541e-01	6.237827484750040341e-01	6.081354263548295336e-01	6.081354263548295336e-01	5.830248843619989518e-01	5.525303712580400539e-01	6.081354263548295336e-01	6.081354263548295336e-01	6.081354263548295336e-01	6.081354263548295336e-01	6.156147211004290298e-01	6.081354263548295336e-01	6.081354263548295336e-01	5.774554971428259575e-01	6.081354263548295336e-01	6.081354263548295336e-01	4.357292061614609913e-01	6.081354263548295336e-01	5.887808039036299679e-01	6.081354263548295336e-01	6.081354263548295336e-01	6.174566597867400253e-01	6.081354263548295336e-01	6.081354263548295336e-01	6.081354263548295336e-01	3.080341169035599735e-01	4.487622564496849820e-01	6.081354263548295336e-01	6.081354263548295336e-01	5.033429681070720196e-01	6.160652134936960289e-01	6.081354263548295336e-01	6.081354263548295336e-01	6.081354263548295336e-01	4.541262049947979995e-01	5.824950048379670120e-01	6.081354263548295336e-01	6.081354263548295336e-01	6.081354263548295336e-01	6.081354263548295336e-01	6.081354263548295336e-01	5.350478562374759717e-01	6.081354263548295336e-01	6.384606400443210150e-01	5.659803278063899601e-01	5.931116889157900252e-01	6.081354263548295336e-01	6.081354263548295336e-01	6.126966337255209671e-01	6.081354263548295336e-01	6.430910031257299764e-01	6.905030263874429863e-01	6.081354263548295336e-01	6.081354263548295336e-01	6.081354263548295336e-01	6.081354263548295336e-01	6.081354263548295336e-01	4.184549364609450040e-01	4.996607398511460074e-01	6.081354263548295336e-01	5.330871804023310512e-01	5.488859287026279787e-01	6.081354263548295336e-01	5.683455551166100017e-01	4.542938869477720076e-01	4.723495974691109822e-01	6.290975198037239702e-01	6.081354263548295336e-01	6.081354263548295336e-01	6.081354263548295336e-01	6.221856051926349940e-01	6.081354263548295336e-01	6.081354263548295336e-01	6.081354263548295336e-01	6.081354263548295336e-01
7.745754771185000553e-01	6.081354263548295336e-01	6.081354263548295336e-01	6.081354263548295336e-01	1.000000000000000000e+00	6.081354263548295336e-01	7.581665545520800409e-01	7.272040291682350110e-01	6.081354263548295336e-01	6.081354263548295336e-01	6.081354263548295336e-01	4.832989654974639837e-01	6.081354263548295336e-01	6.081354263548295336e-01	6.842530248191099895e-01	7.940546023210469651e-01	7.313021502481330538e-01	6.081354263548295336e-01	6.081354263548295336e-01	6.490448936901209720e-01	6.081354263548295336e-01	6.081354263548295336e-01	6.525285495143740011e-01	6.081354263548295336e-01	7.844824651346270494e-01	6.081354263548295336e-01	7.749250530268559922e-01	6.939482228119370211e-01	6.588535232425749566e-01	7.286820805784880450e-01	6.081354263548295336e-01	6.081354263548295336e-01	6.081354263548295336e-01	6.081354263548295336e-01	7.088558050635700436e-01	6.285687382060519690e-01	6.081354263548295336e-01	7.596088625676770123e-01	6.971674897312130081e-01	6.081354263548295336e-01	6.847958784733340076e-01	6.081354263548295336e-01	7.798410452272820370e-01	6.081354263548295336e-01	6.081354263548295336e-01	6.081354263548295336e-01	6.146769028422489622e-01	6.932416970653499932e-01	7.875669551399220314e-01	6.081354263548295336e-01	6.081354263548295336e-01	6.855875309704120291e-01	6.081354263548295336e-01	6.081354263548295336e-01	6.081354263548295336e-01	6.081354263548295336e-01	6.681934031806030516e-01	7.086862113225990134e-01	6.379370720669470529e-01	6.081354263548295336e-01	6.588715405809669745e-01	5.100039309271630072e-01	6.518196307763980402e-01	6.081354263548295336e-01	7.492933653335249744e-01	4.967622092219209917e-01	6.638450538164759607e-01	6.081354263548295336e-01	6.081354263548295336e-01	6.081354263548295336e-01	6.834488958812789949e-01	6.081354263548295336e-01	6.081354263548295336e-01	6.081354263548295336e-01	3.769968737042039830e-01	5.757289501634009765e-01	6.081354263548295336e-01	6.081354263548295336e-01	6.559143043489750191e-01	6.081354263548295336e-01	6.081354263548295336e-01	7.009381880481030391e-01	6.081354263548295336e-01	5.416023479500530202e-01	6.667787838563650205e-01	6.081354263548295336e-01	6.081354263548295336e-01	6.081354263548295336e-01	1.000000000000000021e-03	6.081354263548295336e-01	6.081354263548295336e-01	5.555111900310959472e-01	7.713889176926349567e-01	6.490448936901209720e-01	7.135380099205530513e-01	6.081354263548295336e-01	7.069296728486700321e-01	6.081354263548295336e-01	6.081354263548295336e-01	7.389158601727869868e-01	8.075880859859250194e-01	5.010084370303069523e-01	6.081354263548295336e-01	6.927916032016420145e-01	7.655678163077319631e-01	7.115991550255990061e-01	4.957884753261270205e-01	6.081354263548295336e-01	6.316530977141440184e-01	6.068686977345469913e-01	6.596196947943380184e-01	6.742045246417139870e-01	6.081354263548295336e-01	6.081354263548295336e-01	5.571542517153299512e-01	7.054089325526330390e-01	6.684446973188630237e-01	8.172465814633259606e-01	7.647465460362690148e-01	6.903708609540050167e-01	5.876427682836540267e-01	6.081354263548295336e-01	6.081354263548295336e-01	6.081354263548295336e-01
5.988566395776889761e-01	5.240176052998499756e-01	6.081354263548295336e-01	5.947317734481499807e-01	6.081354263548295336e-01	1.000000000000000000e+00	5.503174856744039722e-01	6.081354263548295336e-01	6.081354263548295336e-01	6.081354263548295336e-01	6.081354263548295336e-01	6.081354263548295336e-01	6.337206293359090026e-01	2.758155081346400084e-01	6.081354263548295336e-01	6.081354263548295336e-01	6.338679497972320442e-01	3.387904938447550141e-01	6.081354263548295336e-01	6.081354263548295336e-01	6.081354263548295336e-01	5.471587603750469597e-01	6.081354263548295336e-01	6.365952119830580180e-01	6.022767561364410493e-01	5.708806608625730528e-01	5.909584391144550031e-01	6.165792612599839684e-01	6.081354263548295336e-01	6.081354263548295336e-01	5.936593432287620153e-01	5.191006029778979514e-01	5.124749651413379459e-01	6.081354263548295336e-01	5.555301792050010290e-01	4.546232204870390148e-01	6.314760715513549894e-01	6.081354263548295336e-01	5.265961370711850220e-01	6.081354263548295336e-01	6.081354263548295336e-01	5.207748042853780346e-01	5.857896398042440333e-01	6.081354263548295336e-01	5.139204630754590220e-01	4.805544817067730068e-01	6.081354263548295336e-01	5.289847986479220276e-01	7.110253318283830115e-01	6.081354263548295336e-01	5.512249384007019692e-01	5.735446940822319650e-01	6.217688928234359480e-01	5.208104084370920317e-01	6.081354263548295336e-01	6.081354263548295336e-01	6.081354263548295336e-01	6.081354263548295336e-01	4.832295846151299923e-01	6.081354263548295336e-01	5.033360859137869792e-01	5.531123958665720153e-01	6.081354263548295336e-01	2.710025212224220215e-01	6.186566627770629934e-01	6.081354263548295336e-01	6.081354263548295336e-01	6.438916663260799700e-01	5.325480720071840146e-01	6.081354263548295336e-01	5.318894980516020166e-01	6.081354263548295336e-01	6.081354263548295336e-01	5.281500646105730112e-01	3.776185272946390170e-01	6.081354263548295336e-01	6.081354263548295336e-01	6.081354263548295336e-01	6.081354263548295336e-01	6.081354263548295336e-01	6.081354263548295336e-01	5.388434953448330011e-01	4.899826736471339927e-01	6.081354263548295336e-01	5.291041540157519485e-01	6.081354263548295336e-01	6.081354263548295336e-01	5.019718320865850236e-01	1.000000000000000021e-03	6.009277344126889853e-01	6.081354263548295336e-01	5.397689281075319645e-01	6.081354263548295336e-01	6.081354263548295336e-01	5.338056241739730368e-01	6.081354263548295336e-01	5.926293607427089993e-01	6.081354263548295336e-01	6.081354263548295336e-01	6.081354263548295336e-01	6.081354263548295336e-01	4.898018187996420192e-01	6.081354263548295336e-01	6.081354263548295336e-01	5.759887840681220395e-01	6.081354263548295336e-01	6.081354263548295336e-01	6.081354263548295336e-01	5.486720792364759847e-01	6.081354263548295336e-01	4.779366625492090237e-01	6.034348812427029474e-01	6.081354263548295336e-01	5.177113170839490186e-01	6.081354263548295336e-01	6.081354263548295336e-01	5.233373792160279647e-01	6.299496637582869818e-01	6.100717563637559904e-01	6.081354263548295336e-01	5.688703414263980296e-01	6.081354263548295336e-01	4.644022581390129800e-01	5.488784238018109551e-01
6.406906020857040529e-01	5.621510831966569643e-01	5.963195912922829578e-01	5.727101168444159729e-01	7.581665545520800409e-01	5.503174856744039722e-01	1.000000000000000000e+00	7.944672815611270034e-01	6.081354263548295336e-01	6.752654792890639968e-01	6.081354263548295336e-01	4.839668524793520055e-01	6.399157929779949461e-01	6.081354263548295336e-01	6.081354263548295336e-01	6.081354263548295336e-01	6.392773901626399580e-01	3.443692140133440271e-01	5.792545394969069728e-01	6.081354263548295336e-01	4.792355938424899819e-01	6.081354263548295336e-01	6.081354263548295336e-01	6.191728728610510490e-01	6.081354263548295336e-01	6.081354263548295336e-01	6.146138722019830469e-01	6.081354263548295336e-01	5.382176096106070506e-01	6.019556779879380315e-01	6.081354263548295336e-01	6.081354263548295336e-01	6.081354263548295336e-01	5.999671697533519588e-01	6.081354263548295336e-01	6.081354263548295336e-01	6.704905416940819540e-01	6.081354263548295336e-01	6.081354263548295336e-01	6.081354263548295336e-01	6.175030954151820017e-01	6.081354263548295336e-01	6.081354263548295336e-01	6.081354263548295336e-01	6.081354263548295336e-01	6.081354263548295336e-01	6.081354263548295336e-01	6.081354263548295336e-01	6.360427347324330016e-01	5.839263868126669532e-01	6.081354263548295336e-01	5.749304985298829829e-01	6.081354263548295336e-01	5.633591327806279914e-01	5.772068397473859580e-01	5.716422229084709983e-01	6.005334707001880323e-01	5.729490030558009872e-01	6.081354263548295336e-01	6.081354263548295336e-01	5.435794772743069991e-01	5.025899266580999836e-01	6.081354263548295336e-01	2.469026310478779906e-01	6.312818316525500295e-01	6.032698877351450051e-01	5.807216282796670015e-01	6.339199534304870154e-01	6.081354263548295336e-01	5.918236545813250205e-01	5.458398965373519873e-01	6.081354263548295336e-01	6.081354263548295336e-01	6.267750601081959472e-01	6.081354263548295336e-01	6.081354263548295336e-01	5.756974631106209772e-01	5.867154724109889807e-01	6.126547479575950028e-01	5.812816853483869783e-01	6.081354263548295336e-01	6.081354263548295336e-01	6.081354263548295336e-01	5.355785105999819606e-01	6.003856885062920368e-01	5.633899450038609702e-01	5.514850239472900428e-01	6.081354263548295336e-01	1.000000000000000021e-03	6.783424234575390344e-01	6.081354263548295336e-01	6.081354263548295336e-01	6.348871309896290116e-01	6.017952031078079855e-01	6.081354263548295336e-01	6.081354263548295336e-01	6.081354263548295336e-01	6.081354263548295336e-01	5.786133597122240513e-01	5.993850117436180236e-01	6.816244192156000192e-01	5.090599213487150276e-01	6.081354263548295336e-01	6.081354263548295336e-01	6.087219208110089541e-01	6.081354263548295336e-01	5.748401034333779913e-01	4.534684963137439739e-01	6.081354263548295336e-01	5.300454720697980182e-01	5.462990827408970018e-01	6.081354263548295336e-01	6.081354263548295336e-01	6.081354263548295336e-01	5.703033321099549857e-01	6.081354263548295336e-01	6.275768614603780549e-01	6.961911015199310215e-01	6.425504594462909669e-01	6.081354263548295336e-01	5.909948011881259733e-01	5.881089759766710001e-01	5.031537420754690348e-01	5.536306862954679664e-01
6.081354263548295336e-01	5.534376893417449761e-01	6.081354263548295336e-01	6.081354263548295336e-01	7.272040291682350110e-01	6.081354263548295336e-01	7.944672815611270034e-01	1.000000000000000000e+00	7.678531699198439808e-01	6.081354263548295336e-01	6.081354263548295336e-01	4.559304757264620034e-01	6.081354263548295336e-01	6.081354263548295336e-01	6.253497888811410110e-01	6.081354263548295336e-01	6.503729781966509638e-01	3.438305031654450006e-01	6.450592498883650494e-01	6.362384395194790043e-01	6.081354263548295336e-01	6.081354263548295336e-01	5.681085882736709447e-01	6.368389764302929690e-01	7.499493409919619769e-01	6.081354263548295336e-01	6.387706200750530305e-01	6.676500173235320190e-01	6.081354263548295336e-01	6.511604488489529663e-01	6.081354263548295336e-01	6.081354263548295336e-01	6.081354263548295336e-01	6.136440161300029672e-01	6.797025755476010511e-01	5.418504844441689450e-01	6.896774073459509546e-01	6.654444935519030491e-01	6.128935351963550326e-01	6.081354263548295336e-01	6.676682752152559575e-01	6.081354263548295336e-01	6.585518060565860310e-01	6.081354263548295336e-01	6.081354263548295336e-01	6.081354263548295336e-01	6.081354263548295336e-01	6.548076467759299524e-01	6.694553960316530494e-01	6.081354263548295336e-01	5.902921974458380516e-01	6.081354263548295336e-01	6.081354263548295336e-01	6.081354263548295336e-01	6.413742624357070543e-01	5.837866824331809923e-01	6.081354263548295336e-01	6.081354263548295336e-01	6.081354263548295336e-01	6.081354263548295336e-01	6.081354263548295336e-01	6.081354263548295336e-01	6.275382486062119902e-01	2.349327501357549863e-01	6.081354263548295336e-01	5.736309638125739463e-01	6.081354263548295336e-01	6.081354263548295336e-01	7.244896679045219612e-01	6.503818708484350175e-01	6.081354263548295336e-01	6.081354263548295336e-01	5.975234483910629724e-01	6.081354263548295336e-01	6.081354263548295336e-01	6.081354263548295336e-01	6.359209932475899940e-01	6.081354263548295336e-01	6.191093811918000345e-01	6.251702552634710308e-01	6.607525537445859687e-01	6.081354263548295336e-01	6.081354263548295336e-01	5.134253076364350132e-01	6.720186958472940120e-01	6.081354263548295336e-01	6.085762841003780066e-01	6.081354263548295336e-01	1.000000000000000021e-03	6.081354263548295336e-01	6.081354263548295336e-01	6.081354263548295336e-01	6.081354263548295336e-01	6.369434754796949871e-01	6.081354263548295336e-01	6.081354263548295336e-01	6.081354263548295336e-01	6.131911021017519836e-01	6.081354263548295336e-01	6.081354263548295336e-01	7.005453553037479519e-01	6.081354263548295336e-01	6.697941614413910338e-01	6.081354263548295336e-01	6.081354263548295336e-01	6.081354263548295336e-01	5.633437273009459512e-01	6.081354263548295336e-01	7.055873894922509715e-01	6.081354263548295336e-01	5.991965465058169960e-01	6.081354263548295336e-01	7.109572818237339664e-01	5.816116168528340236e-01	6.081354263548295336e-01	6.081354263548295336e-01	6.806604924114919575e-01	6.866476209526669594e-01	6.081354263548295336e-01	6.081354263548295336e-01	6.081354263548295336e-01	6.081354263548295336e-01	6.081354263548295336e-01	6.035792875784079525e-01
6.081354263548295336e-01	6.081354263548295336e-01	6.069641294105390106e-01	6.888386475320319446e-01	6.081354263548295336e-01	6.081354263548295336e-01	6.081354263548295336e-01	7.678531699198439808e-01	1.000000000000000000e+00	7.128164125054460287e-01	8.157227168713669929e-01	6.081354263548295336e-01	6.081354263548295336e-01	2.312169648730159899e-01	7.165296767051699822e-01	7.306325145935189669e-01	7.418769762307629856e-01	6.081354263548295336e-01	7.551507456816639596e-01	6.081354263548295336e-01	5.272697846389180487e-01	6.081354263548295336e-01	6.081354263548295336e-01	6.081354263548295336e-01	6.081354263548295336e-01	6.081354263548295336e-01	6.081354263548295336e-01	7.463077497562590201e-01	6.860845373676770498e-01	7.467160339242909783e-01	6.833507821032429597e-01	7.055632710516229755e-01	6.532561030520770418e-01	7.364547764256480500e-01	6.081354263548295336e-01	6.081354263548295336e-01	6.081354263548295336e-01	6.081354263548295336e-01	7.195092915572399717e-01	7.730624695449890282e-01	6.081354263548295336e-01	6.292179549945500217e-01	6.081354263548295336e-01	6.081354263548295336e-01	6.081354263548295336e-01	4.948065017204130167e-01	6.081354263548295336e-01	6.949594733101349675e-01	7.853302989578769822e-01	6.081354263548295336e-01	7.266076874068020386e-01	6.081354263548295336e-01	7.133038983235050479e-01	6.926447937141599898e-01	6.081354263548295336e-01	6.887680121448980231e-01	6.833274237559829878e-01	6.081354263548295336e-01	6.525999299322859937e-01	7.479882484752039540e-01	6.081354263548295336e-01	5.333605855455609834e-01	6.081354263548295336e-01	6.081354263548295336e-01	6.081354263548295336e-01	5.036011182959110322e-01	6.081354263548295336e-01	6.081354263548295336e-01	6.081354263548295336e-01	6.081354263548295336e-01	6.081354263548295336e-01	6.081354263548295336e-01	6.081354263548295336e-01	6.778741966700649879e-01	3.582029186121519770e-01	6.081354263548295336e-01	6.930758389994889912e-01	6.081354263548295336e-01	6.711647033823600061e-01	6.081354263548295336e-01	7.624965023495110517e-01	6.081354263548295336e-01	6.081354263548295336e-01	5.523264297690789748e-01	6.906729905522870361e-01	6.081354263548295336e-01	6.081354263548295336e-01	6.225047063654950419e-01	1.000000000000000021e-03	6.081354263548295336e-01	6.081354263548295336e-01	5.835552459027140149e-01	7.823722315991810117e-01	6.551166059554900389e-01	6.081354263548295336e-01	6.714262953586049854e-01	7.263096999368450213e-01	7.171765808294769950e-01	7.341875802233339687e-01	7.725341435520109989e-01	6.081354263548295336e-01	6.081354263548295336e-01	7.004830971633300152e-01	6.081354263548295336e-01	6.081354263548295336e-01	7.108503592605239785e-01	6.081354263548295336e-01	6.081354263548295336e-01	6.464366283619750186e-01	6.331446752137970257e-01	6.490981424663510024e-01	6.976871999811720126e-01	6.081354263548295336e-01	6.081354263548295336e-01	6.081354263548295336e-01	6.945082641636179943e-01	7.005118310021219985e-01	6.081354263548295336e-01	7.871847678237160473e-01	6.081354263548295336e-01	6.081354263548295336e-01	6.877140516623190258e-01	6.529881976379769970e-01	7.145973486819310327e-01
6.081354263548295336e-01	6.081354263548295336e-01	6.814054368916030446e-01	6.256405716754519508e-01	6.081354263548295336e-01	6.081354263548295336e-01	6.752654792890639968e-01	6.081354263548295336e-01	7.128164125054460287e-01	1.000000000000000000e+00	6.593581950065140473e-01	6.081354263548295336e-01	6.081354263548295336e-01	6.081354263548295336e-01	5.058474314361689483e-01	6.081354263548295336e-01	6.081354263548295336e-01	4.582616847546540084e-01	6.081354263548295336e-01	5.303136916891929564e-01	6.081354263548295336e-01	5.008098171270269905e-01	6.081354263548295336e-01	6.989427754672049575e-01	6.081354263548295336e-01	5.453028031000100029e-01	5.496444524994760217e-01	6.484904786157339451e-01	6.081354263548295336e-01	6.081354263548295336e-01	6.081354263548295336e-01	6.081354263548295336e-01	6.081354263548295336e-01	6.081354263548295336e-01	6.081354263548295336e-01	6.081354263548295336e-01	6.081354263548295336e-01	6.350216984550239863e-01	4.799897377437539747e-01	6.081354263548295336e-01	6.081354263548295336e-01	6.081354263548295336e-01	5.601791637182179651e-01	4.855509763837669857e-01	4.791176612194030238e-01	6.081354263548295336e-01	7.291056445775649930e-01	6.081354263548295336e-01	6.081354263548295336e-01	6.081354263548295336e-01	4.816135219033729764e-01	6.081354263548295336e-01	6.081354263548295336e-01	6.081354263548295336e-01	4.734585240597989908e-01	6.691899969761040401e-01	5.081697682269520344e-01	6.081354263548295336e-01	4.543156280299630034e-01	6.081354263548295336e-01	6.081354263548295336e-01	6.081354263548295336e-01	6.081354263548295336e-01	3.552495846063309926e-01	7.207351527262120250e-01	6.737207301400910398e-01	5.937689347581279753e-01	6.081354263548295336e-01	6.081354263548295336e-01	6.081354263548295336e-01	4.694843058859269891e-01	5.036252190677209528e-01	4.541603574092010209e-01	6.081354263548295336e-01	3.896373068037299880e-01	6.081354263548295336e-01	4.839867048149419926e-01	6.081354263548295336e-01	6.637179908407609963e-01	6.081354263548295336e-01	6.081354263548295336e-01	6.081354263548295336e-01	6.081354263548295336e-01	6.717568730680320011e-01	6.081354263548295336e-01	4.839304586456910084e-01	6.081354263548295336e-01	4.498404095803310021e-01	6.081354263548295336e-01	7.124217932243720464e-01	6.313249909104919899e-01	6.081354263548295336e-01	5.704047124371699473e-01	4.884842670764479866e-01	4.747323024475609832e-01	4.396971544829609835e-01	6.081354263548295336e-01	6.081354263548295336e-01	6.081354263548295336e-01	5.525077073744150136e-01	6.081354263548295336e-01	6.081354263548295336e-01	4.909080863021190178e-01	6.081354263548295336e-01	5.110160647557200342e-01	5.515415805200080124e-01	6.081354263548295336e-01	4.566292148362099956e-01	6.081354263548295336e-01	6.081354263548295336e-01	4.318531572346370195e-01	6.081354263548295336e-01	6.500307035403439793e-01	6.510135600099620223e-01	6.081354263548295336e-01	5.409806545234140396e-01	5.371222223537650553e-01	6.081354263548295336e-01	6.081354263548295336e-01	4.813468978772780238e-01	6.503463009708230214e-01	4.884274982262110099e-01	4.098086885684150138e-01	6.081354263548295336e-01
6.081354263548295336e-01	6.081354263548295336e-01	5.720761811143250108e-01	6.704263711470750398e-01	6.081354263548295336e-01	6.081354263548295336e-01	6.081354263548295336e-01	6.081354263548295336e-01	8.157227168713669929e-01	6.593581950065140473e-01	1.000000000000000000e+00	4.471636264342179756e-01	6.081354263548295336e-01	2.046757395132849933e-01	6.081354263548295336e-01	6.081354263548295336e-01	7.129041353590740426e-01	2.797331067330969812e-01	7.917075030849319850e-01	7.575344641651190480e-01	4.676711574148180173e-01	8.190644181739490381e-01	6.081354263548295336e-01	6.962482182533630271e-01	6.081354263548295336e-01	6.081354263548295336e-01	8.027111750413949975e-01	7.315621741226250307e-01	6.081354263548295336e-01	7.473135517606059874e-01	6.081354263548295336e-01	7.852121912590359631e-01	7.232623654639429578e-01	6.081354263548295336e-01	7.609290533589579963e-01	7.322026268492339840e-01	6.081354263548295336e-01	6.081354263548295336e-01	6.081354263548295336e-01	6.081354263548295336e-01	7.656410934156410164e-01	6.081354263548295336e-01	7.648197445354519841e-01	7.532532923049849449e-01	6.081354263548295336e-01	4.512974037490540269e-01	5.771555428196309956e-01	7.726292155767410241e-01	7.956794076695410389e-01	6.081354263548295336e-01	7.764523223850550160e-01	7.663166197705589822e-01	6.081354263548295336e-01	7.806038093648040022e-01	6.081354263548295336e-01	6.081354263548295336e-01	7.514941727109180070e-01	8.211837890759999814e-01	7.225951515838370254e-01	6.081354263548295336e-01	7.542168908058599630e-01	6.081354263548295336e-01	6.081354263548295336e-01	2.358984044185709894e-01	6.081354263548295336e-01	4.471605693963520145e-01	6.988615483317189847e-01	6.484417127664019453e-01	6.081354263548295336e-01	7.056693983574130469e-01	6.081354263548295336e-01	6.081354263548295336e-01	7.711569130973600084e-01	7.108552190281649530e-01	3.199988409677609891e-01	5.101294660644110079e-01	6.081354263548295336e-01	7.710251233925580205e-01	6.081354263548295336e-01	8.058673381254589652e-01	8.081790599785210194e-01	6.081354263548295336e-01	6.081354263548295336e-01	6.081354263548295336e-01	6.081354263548295336e-01	6.081354263548295336e-01	7.836516188359370361e-01	6.081354263548295336e-01	1.000000000000000021e-03	6.081354263548295336e-01	5.179662130010870280e-01	5.402119274852339448e-01	8.426641876504959994e-01	6.081354263548295336e-01	6.081354263548295336e-01	7.603726305276630182e-01	7.245887346089969760e-01	7.930346849535480080e-01	6.081354263548295336e-01	8.271789152835710146e-01	6.081354263548295336e-01	4.371225645817209959e-01	6.081354263548295336e-01	6.448520146871690173e-01	6.081354263548295336e-01	6.081354263548295336e-01	4.655625439678059974e-01	5.911483546117149990e-01	6.081354263548295336e-01	6.791637594733219707e-01	7.317572527001769966e-01	6.081354263548295336e-01	6.081354263548295336e-01	5.258658254449769531e-01	5.126852213423670479e-01	7.680211707775329577e-01	6.081354263548295336e-01	6.081354263548295336e-01	6.081354263548295336e-01	6.081354263548295336e-01	6.081354263548295336e-01	7.460475851270079728e-01	7.105782652912390196e-01	7.894590879253200466e-01
3.285938886505569978e-01	6.081354263548295336e-01	6.954204840622609796e-01	4.291924380864819977e-01	4.832989654974639837e-01	6.081354263548295336e-01	4.839668524793520055e-01	4.559304757264620034e-01	6.081354263548295336e-01	6.081354263548295336e-01	4.471636264342179756e-01	1.000000000000000000e+00	6.081354263548295336e-01	4.914352782448490053e-01	2.771859772499570274e-01	6.081354263548295336e-01	4.448523775340330055e-01	5.405850670686610515e-01	6.081354263548295336e-01	2.794903367989099996e-01	5.868518656260109934e-01	2.737846648298349894e-01	6.081354263548295336e-01	6.081354263548295336e-01	4.264139921157010238e-01	6.081354263548295336e-01	3.223416323537769967e-01	6.081354263548295336e-01	6.081354263548295336e-01	6.081354263548295336e-01	4.501080444600549790e-01	6.081354263548295336e-01	2.339566532641980112e-01	5.575086016032230196e-01	2.821087819336060010e-01	6.081354263548295336e-01	3.821765261336910191e-01	4.023658285271429769e-01	2.658842429737239832e-01	4.678374439029650000e-01	2.519274909045010058e-01	6.081354263548295336e-01	3.474766891014779979e-01	2.438445800412779862e-01	2.598391912742830101e-01	6.081354263548295336e-01	6.081354263548295336e-01	2.573183541337160096e-01	4.614558122561550069e-01	7.198094099655959477e-01	2.920943952647510056e-01	3.269781888533769831e-01	4.536762540594280191e-01	6.081354263548295336e-01	2.344978931611899908e-01	6.081354263548295336e-01	6.081354263548295336e-01	2.814326388838779835e-01	2.218517060152520037e-01	6.081354263548295336e-01	6.081354263548295336e-01	6.973009563194929594e-01	2.314716012445220128e-01	6.081354263548295336e-01	6.081354263548295336e-01	6.081354263548295336e-01	4.556375734340579742e-01	7.196716351564710346e-01	6.081354263548295336e-01	6.081354263548295336e-01	6.081354263548295336e-01	2.594043378309749959e-01	2.373089024300299998e-01	6.081354263548295336e-01	5.843656754077249937e-01	6.081354263548295336e-01	6.081354263548295336e-01	6.081354263548295336e-01	6.117507139498550295e-01	6.081354263548295336e-01	3.236112529684280203e-01	2.562667688785180142e-01	6.081354263548295336e-01	8.532495254711099930e-01	2.556927645943239957e-01	2.661388464451330260e-01	2.648248072783089824e-01	6.081354263548295336e-01	1.000000000000000021e-03	6.081354263548295336e-01	6.282680040628719764e-01	6.081354263548295336e-01	3.741187060063950187e-01	6.081354263548295336e-01	2.737060631380879849e-01	2.293748969335620003e-01	6.081354263548295336e-01	2.576510512291569910e-01	2.737191618527869963e-01	6.081354263548295336e-01	3.447508204432440104e-01	6.081354263548295336e-01	2.708932329422980012e-01	5.892841712836589529e-01	6.081354263548295336e-01	3.057953130903169892e-01	6.081354263548295336e-01	6.081354263548295336e-01	5.426252528275500309e-01	6.081354263548295336e-01	2.135085191880989886e-01	6.081354263548295336e-01	4.954936787976150225e-01	6.081354263548295336e-01	6.081354263548295336e-01	6.081354263548295336e-01	6.081354263548295336e-01	6.081354263548295336e-01	6.081354263548295336e-01	2.583283326496930155e-01	5.939841177083560186e-01	2.582117983330030064e-01	6.081354263548295336e-01	2.778291240915909954e-01
