1.000000000000000000e+00	8.115679640584380072e-01	8.115679640584380072e-01	8.115679640584380072e-01	8.983173025263599953e-01	8.063465959714080089e-01	8.295305453929020523e-01	8.471002149769489842e-01	8.912093790823839567e-01	8.115679640584380072e-01	9.225132488705030109e-01	8.115679640584380072e-01	8.115679640584380072e-01	4.199623450072699771e-01	9.211983569214829970e-01	8.524068744724659918e-01	8.115679640584380072e-01	5.265442329717650027e-01	8.115679640584380072e-01	8.115679640584380072e-01	8.115679640584380072e-01	9.561177835345620046e-01	7.500952021834760286e-01	8.115679640584380072e-01	8.115679640584380072e-01	8.115679640584380072e-01	9.428042224410649874e-01	8.115679640584380072e-01	9.353791942996559916e-01	8.440352745310819582e-01	8.115679640584380072e-01	9.460893363214829543e-01	8.115679640584380072e-01	8.115679640584380072e-01	9.397974953730100500e-01	9.197031969497639903e-01	8.115679640584380072e-01	8.115679640584380072e-01	9.529099672367059570e-01	8.891451474881040262e-01	8.115679640584380072e-01	8.115679640584380072e-01	8.115679640584380072e-01	8.115679640584380072e-01	8.115679640584380072e-01	8.115679640584380072e-01	7.048971310846160465e-01	8.115679640584380072e-01	8.115679640584380072e-01	7.419209905609740474e-01	9.343328369095059704e-01	8.967846392958539470e-01	8.429072283123260068e-01	8.115679640584380072e-01	8.115679640584380072e-01	7.627467522978099712e-01	9.350973674746499986e-01	8.115679640584380072e-01	8.115679640584380072e-01	9.348317228139629842e-01	8.115679640584380072e-01	6.615998683860510043e-01	9.287933250409600161e-01	4.586178369365039864e-01	8.457762928103980116e-01	8.115679640584380072e-01	8.133377081373539541e-01	7.674500899938979659e-01	8.115679640584380072e-01	9.151508391861360447e-01	8.115679640584380072e-01	8.115679640584380072e-01	8.115679640584380072e-01	8.115679640584380072e-01	5.429284510988340307e-01	6.669664785163730292e-01	8.115679640584380072e-01	9.169385455860580292e-01	7.674038383571279986e-01	8.115679640584380072e-01	8.115679640584380072e-01	8.115679640584380072e-01	9.050142767147789646e-01	6.549480594676829748e-01	9.394388429253890394e-01	8.115679640584380072e-01	9.490835069363849907e-01	9.009559931899829843e-01	8.115679640584380072e-01	7.735909407795390491e-01	6.969333905336430046e-01	8.115679640584380072e-01	8.115679640584380072e-01	9.153872471148469803e-01	8.115679640584380072e-01	9.347753836489159918e-01	8.115679640584380072e-01	9.529400503076049800e-01	8.115679640584380072e-01	9.096650069247079751e-01	8.115679640584380072e-01	6.097393852337430475e-01	9.305329027187390079e-01	8.115679640584380072e-01	8.115679640584380072e-01	8.115679640584380072e-01	6.569397542862880357e-01	8.115679640584380072e-01	8.115679640584380072e-01	9.023507517880530182e-01	8.115679640584380072e-01	8.115679640584380072e-01	7.905450604771729894e-01	8.115679640584380072e-01	8.115679640584380072e-01	8.115679640584380072e-01	8.115679640584380072e-01	9.467901190752869844e-01	8.115679640584380072e-01	8.115679640584380072e-01	7.064829234281500003e-01	9.195712323945519628e-01	8.115679640584380072e-01	9.308641112044639954e-01
8.115679640584380072e-01	1.000000000000000000e+00	8.483945561440570104e-01	8.115679640584380072e-01	7.601527980063740308e-01	7.624009644313169964e-01	7.852177838477539806e-01	7.800853440636840164e-01	7.460825435716980092e-01	8.115679640584380072e-01	7.518366166414409690e-01	8.115679640584380072e-01	8.115679640584380072e-01	6.539507240026539714e-01	6.312942565178969456e-01	8.115679640584380072e-01	8.115679640584380072e-01	8.115679640584380072e-01	6.301412145574210033e-01	6.427070604347649985e-01	8.115679640584380072e-01	6.106482637605380459e-01	8.115679640584380072e-01	8.115679640584380072e-01	7.032059097555449778e-01	6.437278909241980207e-01	6.755254756744250022e-01	8.115679640584380072e-01	8.115679640584380072e-01	8.115679640584380072e-01	8.115679640584380072e-01	8.115679640584380072e-01	8.115679640584380072e-01	7.655999998413729468e-01	6.608844294140370224e-01	8.115679640584380072e-01	7.430141047204049665e-01	8.115679640584380072e-01	8.115679640584380072e-01	8.115679640584380072e-01	8.115679640584380072e-01	7.416399816528049804e-01	8.115679640584380072e-01	6.232151833849890465e-01	8.115679640584380072e-01	7.932814279442580441e-01	8.115679640584380072e-01	8.115679640584380072e-01	7.374460632405579474e-01	8.144729302523869841e-01	6.216021850907219592e-01	6.364113877989719947e-01	7.661538984545329667e-01	6.175728647418879946e-01	8.115679640584380072e-01	8.115679640584380072e-01	6.307509600211950174e-01	6.127549079048949521e-01	6.115532317022179809e-01	6.163794294060369605e-01	6.085296511423250454e-01	8.115679640584380072e-01	6.107481653187749604e-01	8.115679640584380072e-01	8.115679640584380072e-01	8.519495306946830437e-01	6.701746194513370503e-01	7.888452858720980121e-01	8.115679640584380072e-01	8.115679640584380072e-01	6.057504526227830421e-01	6.381360664964710327e-01	5.866330810174059662e-01	8.115679640584380072e-01	8.115679640584380072e-01	7.736175830269480524e-01	8.115679640584380072e-01	8.115679640584380072e-01	7.508835109209279768e-01	8.115679640584380072e-01	8.115679640584380072e-01	6.017997054483360531e-01	6.384731337361549963e-01	8.241321145782789515e-01	8.115679640584380072e-01	5.982506160020889530e-01	5.988827819331680180e-01	8.115679640584380072e-01	1.000000000000000021e-03	8.298115145744220378e-01	7.451709488950070126e-01	8.115679640584380072e-01	7.068155205467600011e-01	8.115679640584380072e-01	8.115679640584380072e-01	8.115679640584380072e-01	8.115679640584380072e-01	8.115679640584380072e-01	8.115679640584380072e-01	8.115679640584380072e-01	8.115679640584380072e-01	8.115679640584380072e-01	6.315787681935129960e-01	8.115679640584380072e-01	8.115679640584380072e-01	7.096468887669740155e-01	8.294234211883749763e-01	8.115679640584380072e-01	8.115679640584380072e-01	8.115679640584380072e-01	8.115679640584380072e-01	7.034057349120209635e-01	8.115679640584380072e-01	8.115679640584380072e-01	8.026270967535800160e-01	6.857099100712350515e-01	8.115679640584380072e-01	7.358921370413950003e-01	8.115679640584380072e-01	8.115679640584380072e-01	8.432774290832499853e-01	8.115679640584380072e-01	5.547158909061840060e-01	8.115679640584380072e-01
8.115679640584380072e-01	8.483945561440570104e-01	1.000000000000000000e+00	8.115679640584380072e-01	8.115679640584380072e-01	8.115679640584380072e-01	8.049107853332609919e-01	8.115679640584380072e-01	8.115679640584380072e-01	8.115679640584380072e-01	8.115679640584380072e-01	8.115679640584380072e-01	7.495722740703749665e-01	8.115679640584380072e-01	8.115679640584380072e-01	7.871220577481480296e-01	8.115679640584380072e-01	7.658988794926610000e-01	8.115679640584380072e-01	6.402493348411809615e-01	8.115679640584380072e-01	6.565514831119959593e-01	8.462084653826370539e-01	8.115679640584380072e-01	8.115679640584380072e-01	8.115679640584380072e-01	6.967014120367559515e-01	8.115679640584380072e-01	8.115679640584380072e-01	8.115679640584380072e-01	8.115679640584380072e-01	6.293965698153060062e-01	6.127197376846860166e-01	8.084389883649459874e-01	6.522899999758700051e-01	5.805583578792780086e-01	8.115679640584380072e-01	8.115679640584380072e-01	8.115679640584380072e-01	8.115679640584380072e-01	8.115679640584380072e-01	8.115679640584380072e-01	8.115679640584380072e-01	6.182786784530189816e-01	6.326182336028699504e-01	8.662195710987149466e-01	8.115679640584380072e-01	6.323096623635660052e-01	8.115679640584380072e-01	8.115679640584380072e-01	8.115679640584380072e-01	6.925409656011489723e-01	7.808155303193190511e-01	8.115679640584380072e-01	8.115679640584380072e-01	8.115679640584380072e-01	8.115679640584380072e-01	6.590093716418680136e-01	6.051718222449310458e-01	6.731682511805030522e-01	6.181881899464299890e-01	8.115679640584380072e-01	8.115679640584380072e-01	8.115679640584380072e-01	8.220274148284150151e-01	8.234228603976070371e-01	8.115679640584380072e-01	8.484213396959779940e-01	8.115679640584380072e-01	6.074704877365669775e-01	8.115679640584380072e-01	6.353857480926129453e-01	6.200947919485100268e-01	8.115679640584380072e-01	7.599150426953900084e-01	8.115679640584380072e-01	8.115679640584380072e-01	7.020706091967540141e-01	8.115679640584380072e-01	6.722203350342179640e-01	6.915836328482120043e-01	6.331758585221339830e-01	6.232169719692549625e-01	8.998396727171880105e-01	6.291076246687199447e-01	8.115679640584380072e-01	6.517772669451209477e-01	8.115679640584380072e-01	1.000000000000000021e-03	8.115679640584380072e-01	8.185244723682170154e-01	8.115679640584380072e-01	7.417698285996630059e-01	8.115679640584380072e-01	6.485734280305059940e-01	6.073920400011170173e-01	7.641336658044739494e-01	6.353201051120249687e-01	8.115679640584380072e-01	8.115679640584380072e-01	8.115679640584380072e-01	8.574637321859019945e-01	8.115679640584380072e-01	8.115679640584380072e-01	6.791645043679580551e-01	8.115679640584380072e-01	8.115679640584380072e-01	8.115679640584380072e-01	8.115679640584380072e-01	5.906571402448279606e-01	8.115679640584380072e-01	7.212621620396869604e-01	7.557847783266310460e-01	7.773275664747689717e-01	8.581555121303610090e-01	8.115679640584380072e-01	6.586331087282639718e-01	8.115679640584380072e-01	7.483621166900119581e-01	8.115679640584380072e-01	8.174774417822410211e-01	6.204971179771230361e-01	6.044757666151610032e-01	8.115679640584380072e-01
8.115679640584380072e-01	8.115679640584380072e-01	8.115679640584380072e-01	1.000000000000000000e+00	8.115679640584380072e-01	8.040103757947789642e-01	7.913758797874550499e-01	8.115679640584380072e-01	8.115679640584380072e-01	8.212940439706909457e-01	8.115679640584380072e-01	7.011162001884809758e-01	8.634595606509299914e-01	5.166289656638739514e-01	8.308958039344569446e-01	8.305882462068280292e-01	8.424090447616709998e-01	8.115679640584380072e-01	8.115679640584380072e-01	8.115679640584380072e-01	7.196535224716680279e-01	8.115679640584380072e-01	7.806474821736529845e-01	8.115679640584380072e-01	8.530211282755749691e-01	8.115679640584380072e-01	8.115679640584380072e-01	8.115679640584380072e-01	8.115679640584380072e-01	8.429290003287690514e-01	8.115679640584380072e-01	8.115679640584380072e-01	8.115679640584380072e-01	8.211432064029969835e-01	8.115679640584380072e-01	8.115679640584380072e-01	8.115679640584380072e-01	8.097881260304370388e-01	8.115679640584380072e-01	8.270464495243240455e-01	8.115679640584380072e-01	7.477738661017719890e-01	8.190273352386669981e-01	7.906902774054089811e-01	8.115679640584380072e-01	8.115679640584380072e-01	8.115679640584380072e-01	8.013887803845609614e-01	8.115679640584380072e-01	8.115679640584380072e-01	8.202693654673399726e-01	8.087638760827320361e-01	8.115679640584380072e-01	7.973282319930730111e-01	7.795482200625669655e-01	7.909762511921519801e-01	7.971612055368529903e-01	8.115679640584380072e-01	7.862731384930670142e-01	8.157431699502549760e-01	8.115679640584380072e-01	7.156003654096589894e-01	7.941219602112810083e-01	5.039572665442859645e-01	8.350314370324609659e-01	7.055792128437140542e-01	8.115679640584380072e-01	8.006232706093849849e-01	8.115679640584380072e-01	7.669612851164210321e-01	8.167668824493380386e-01	8.115679640584380072e-01	7.886053460127470105e-01	8.115679640584380072e-01	8.115679640584380072e-01	7.143630429684769689e-01	8.115679640584380072e-01	8.115679640584380072e-01	8.115679640584380072e-01	8.159937085610280416e-01	8.156027146725890464e-01	8.141550953633499565e-01	7.876463161686909631e-01	8.115679640584380072e-01	7.970239497159119502e-01	8.115679640584380072e-01	8.115679640584380072e-01	7.724993982575999452e-01	8.115679640584380072e-01	7.630664172109300480e-01	7.690971412382759942e-01	8.115679640584380072e-01	8.283172807979249930e-01	8.115679640584380072e-01	8.115679640584380072e-01	8.020030961779579526e-01	8.115679640584380072e-01	8.141177111786159770e-01	8.133913969543390410e-01	8.308338063929510131e-01	8.115679640584380072e-01	7.006254069909549909e-01	8.115679640584380072e-01	8.115679640584380072e-01	8.310221978658589581e-01	8.115679640584380072e-01	8.115679640584380072e-01	8.115679640584380072e-01	8.115679640584380072e-01	8.115679640584380072e-01	7.773855713340990237e-01	8.115679640584380072e-01	8.115679640584380072e-01	7.180464099282900525e-01	8.115679640584380072e-01	8.115679640584380072e-01	8.115679640584380072e-01	8.200316345413229957e-01	8.628377902147950085e-01	8.115679640584380072e-01	7.655340862096819965e-01	8.115679640584380072e-01	7.775328338785589821e-01	8.079611765818890401e-01
8.983173025263599953e-01	7.601527980063740308e-01	8.115679640584380072e-01	8.115679640584380072e-01	1.000000000000000000e+00	8.115679640584380072e-01	8.902788604675959672e-01	8.748312923143829467e-01	9.203527384079039919e-01	8.465582497197630119e-01	9.246655623844359795e-01	8.115679640584380072e-01	8.874498313138540206e-01	8.115679640584380072e-01	8.115679640584380072e-01	9.077325547837850062e-01	8.768975251187830500e-01	8.115679640584380072e-01	8.636107358713329685e-01	8.340542459232309636e-01	7.310128700564729742e-01	8.711508356534459763e-01	8.359306003286499642e-01	8.525977107399760335e-01	8.115679640584380072e-01	8.918336777396409509e-01	8.115679640584380072e-01	8.578083214981979676e-01	8.393225361127359951e-01	8.115679640584380072e-01	8.090679964030680349e-01	8.115679640584380072e-01	8.115679640584380072e-01	8.519006314492999499e-01	8.115679640584380072e-01	8.229054903059529469e-01	8.935245466379140300e-01	8.115679640584380072e-01	8.115679640584380072e-01	9.061422177906820474e-01	8.115679640584380072e-01	7.896969822097610336e-01	9.008758407567980520e-01	8.115679640584380072e-01	8.115679640584380072e-01	7.725149175283350100e-01	8.115679640584380072e-01	8.115679640584380072e-01	9.046117809694790290e-01	8.214236921422930493e-01	8.649104465069179515e-01	8.534545534397549593e-01	8.115679640584380072e-01	8.115679640584380072e-01	8.115679640584380072e-01	8.115679640584380072e-01	8.115679640584380072e-01	8.654095185310870519e-01	8.280320647591780103e-01	8.688512483220639515e-01	8.393321713436150411e-01	8.115679640584380072e-01	8.355492369201039660e-01	8.115679640584380072e-01	8.115679640584380072e-01	7.454960848435719933e-01	8.419860618988359580e-01	8.391033644894639876e-01	8.738175567463299931e-01	8.184516533531069893e-01	8.523359334201809911e-01	8.601008970806970355e-01	8.115679640584380072e-01	8.353550243456879798e-01	8.115679640584380072e-01	7.931243540051889918e-01	8.486307675236810510e-01	8.805138107302580286e-01	8.377486623952810074e-01	8.563128238200320430e-01	8.115679640584380072e-01	8.614249917094249920e-01	8.115679640584380072e-01	8.115679640584380072e-01	8.115679640584380072e-01	8.115679640584380072e-01	8.115679640584380072e-01	8.115679640584380072e-01	8.115679640584380072e-01	8.317403847559590169e-01	8.115679640584380072e-01	8.115679640584380072e-01	8.115679640584380072e-01	8.115679640584380072e-01	8.678917659334299817e-01	8.446944025586580196e-01	8.115679640584380072e-01	8.698966696481189587e-01	8.718386451994349917e-01	8.807185223187530276e-01	8.115679640584380072e-01	8.115679640584380072e-01	8.632340861457250547e-01	8.572078411657529928e-01	8.939169782898129801e-01	8.115679640584380072e-01	8.115679640584380072e-01	7.642477106973459833e-01	8.115679640584380072e-01	8.108578868690089481e-01	8.115679640584380072e-01	8.115679640584380072e-01	8.115679640584380072e-01	8.115679640584380072e-01	8.115679640584380072e-01	8.637272331923450119e-01	8.115679640584380072e-01	8.115679640584380072e-01	8.115679640584380072e-01	8.115679640584380072e-01	7.999732770563430240e-01	8.115679640584380072e-01	8.347199529037929722e-01	8.725295018913009626e-01
8.063465959714080089e-01	7.624009644313169964e-01	8.115679640584380072e-01	8.040103757947789642e-01	8.115679640584380072e-01	1.000000000000000000e+00	8.115679640584380072e-01	8.115679640584380072e-01	8.399249506709529633e-01	8.115679640584380072e-01	8.443793139424660144e-01	7.400602266012960007e-01	8.115679640584380072e-01	5.823388751017459786e-01	7.718877440068360185e-01	8.115679640584380072e-01	8.258107475595419800e-01	8.115679640584380072e-01	8.115679640584380072e-01	7.734155688855790522e-01	8.115679640584380072e-01	7.763577422646980031e-01	8.115679640584380072e-01	8.115679640584380072e-01	8.115679640584380072e-01	7.903136761205169503e-01	8.115679640584380072e-01	8.162794632927480309e-01	7.581114011471770109e-01	8.110906305098229963e-01	8.034014395508880524e-01	8.115679640584380072e-01	7.553055709963439890e-01	8.115679640584380072e-01	8.115679640584380072e-01	7.182648816334049613e-01	8.115679640584380072e-01	8.023760566265240035e-01	7.639735930349970117e-01	8.115679640584380072e-01	7.604670108196960321e-01	8.115679640584380072e-01	7.989132905723570488e-01	7.507520686222800554e-01	7.561991798100979878e-01	8.115679640584380072e-01	7.831720063137079801e-01	7.654264394816140404e-01	8.666074718044769476e-01	8.115679640584380072e-01	7.787745171492299612e-01	7.918597912591780474e-01	8.191566255912330341e-01	8.115679640584380072e-01	7.474777690191749535e-01	8.028874322821949461e-01	7.563706478897550545e-01	7.804234742387079482e-01	7.369023448903080364e-01	8.115679640584380072e-01	7.496217537000999798e-01	7.798928320958380400e-01	8.115679640584380072e-01	8.115679640584380072e-01	8.174328670960130383e-01	7.540147431287109736e-01	8.115679640584380072e-01	8.115679640584380072e-01	7.675866587101080052e-01	8.115679640584380072e-01	8.115679640584380072e-01	7.663078302863429725e-01	8.115679640584380072e-01	7.649191658986700393e-01	6.644312391622060332e-01	8.115679640584380072e-01	8.115679640584380072e-01	8.115679640584380072e-01	7.879515410307970091e-01	8.115679640584380072e-01	7.568201220998760359e-01	8.115679640584380072e-01	7.412080317039300148e-01	8.115679640584380072e-01	7.654989345931629829e-01	8.115679640584380072e-01	7.681640400633950039e-01	7.487681504507669450e-01	1.000000000000000021e-03	8.075160917125360216e-01	7.424513654427690179e-01	7.719386966915650072e-01	8.179280171257019560e-01	8.115679640584380072e-01	8.115679640584380072e-01	7.501361049409069892e-01	8.115679640584380072e-01	7.694547992275709847e-01	7.768101762275489985e-01	8.115679640584380072e-01	8.115679640584380072e-01	8.115679640584380072e-01	8.115679640584380072e-01	8.115679640584380072e-01	8.115679640584380072e-01	7.939692770960350421e-01	7.235821810141559451e-01	7.432636369190369630e-01	7.772584124913269887e-01	7.271148134874400037e-01	7.335031767049029483e-01	8.089286904618450125e-01	7.749308497246389926e-01	7.585357860498630478e-01	8.115679640584380072e-01	8.115679640584380072e-01	8.115679640584380072e-01	8.115679640584380072e-01	8.126517370860389944e-01	8.115679640584380072e-01	8.115679640584380072e-01	7.533506978960929912e-01	8.115679640584380072e-01	8.115679640584380072e-01
8.295305453929020523e-01	7.852177838477539806e-01	8.049107853332609919e-01	7.913758797874550499e-01	8.902788604675959672e-01	8.115679640584380072e-01	1.000000000000000000e+00	9.079305659239940152e-01	8.624590023994169741e-01	8.115679640584380072e-01	8.509110253792729894e-01	8.115679640584380072e-01	8.115679640584380072e-01	8.115679640584380072e-01	8.115679640584380072e-01	8.457544472512259492e-01	8.115679640584380072e-01	6.392138409008449873e-01	7.951596151207449559e-01	8.115679640584380072e-01	8.115679640584380072e-01	8.115679640584380072e-01	7.896539223118379525e-01	8.177191258100019455e-01	8.115679640584380072e-01	8.115679640584380072e-01	8.115679640584380072e-01	8.115679640584380072e-01	7.710065734729639741e-01	8.115679640584380072e-01	7.841593447526240546e-01	7.799599820370609615e-01	7.855874476623030400e-01	8.115679640584380072e-01	8.115679640584380072e-01	8.115679640584380072e-01	8.455141833375640070e-01	8.261615844392350416e-01	7.854341513071859682e-01	8.115679640584380072e-01	8.115679640584380072e-01	8.050886776602940165e-01	8.219165418722950145e-01	8.115679640584380072e-01	7.718567309758159745e-01	7.533225916268010414e-01	7.956389899700000434e-01	8.106950060593249852e-01	8.115679640584380072e-01	8.115679640584380072e-01	7.800607177897590505e-01	7.926624182511310401e-01	8.115679640584380072e-01	7.859257071873659850e-01	8.115679640584380072e-01	8.115679640584380072e-01	8.072936412309470455e-01	8.115679640584380072e-01	7.790114658955910043e-01	8.115679640584380072e-01	7.742217201370720225e-01	7.491550540818849857e-01	7.923303549374429711e-01	8.115679640584380072e-01	8.243946934335729670e-01	8.088358331600640216e-01	8.115679640584380072e-01	8.115679640584380072e-01	8.115679640584380072e-01	8.115679640584380072e-01	7.755716249151110020e-01	8.207167688499600322e-01	7.777694048322629783e-01	8.219189007156509907e-01	6.523817356158050362e-01	7.740106627723629673e-01	8.115679640584380072e-01	7.994431081340529488e-01	8.115679640584380072e-01	8.115679640584380072e-01	8.083670665924189702e-01	8.115679640584380072e-01	8.141200476398700037e-01	8.115679640584380072e-01	8.072102380998910087e-01	8.115679640584380072e-01	7.789287491816180298e-01	7.744061647294570028e-01	8.115679640584380072e-01	8.115679640584380072e-01	8.115679640584380072e-01	7.687264122523139731e-01	8.263678891886190314e-01	8.115679640584380072e-01	7.901753315640950293e-01	7.493206239044150063e-01	8.115679640584380072e-01	7.895632775696860284e-01	8.115679640584380072e-01	8.066451772815470544e-01	8.513800285687429525e-01	8.115679640584380072e-01	8.115679640584380072e-01	8.115679640584380072e-01	8.118964390846890034e-01	8.423751983143870081e-01	7.926100976737749937e-01	8.115679640584380072e-01	8.115679640584380072e-01	7.660703484094769644e-01	7.758454507596259653e-01	7.955636405021909718e-01	8.115679640584380072e-01	8.115679640584380072e-01	8.115679640584380072e-01	8.115679640584380072e-01	8.223601234425159667e-01	8.115679640584380072e-01	8.305405730325370328e-01	8.115679640584380072e-01	8.018857185859730174e-01	8.002396416641289756e-01	7.495077403310730357e-01	8.115679640584380072e-01
8.471002149769489842e-01	7.800853440636840164e-01	8.115679640584380072e-01	8.115679640584380072e-01	8.748312923143829467e-01	8.115679640584380072e-01	9.079305659239940152e-01	1.000000000000000000e+00	8.950362258970080420e-01	8.115679640584380072e-01	8.115679640584380072e-01	8.115679640584380072e-01	8.541578069742450374e-01	8.115679640584380072e-01	8.211337799748820165e-01	8.115679640584380072e-01	8.115679640584380072e-01	8.115679640584380072e-01	8.319003313895180218e-01	8.271057907138269494e-01	8.115679640584380072e-01	8.115679640584380072e-01	7.887004077920960476e-01	8.115679640584380072e-01	8.862154364903970238e-01	8.295948265566059909e-01	8.284860798780769864e-01	8.440086294415020118e-01	8.034936729644750475e-01	8.115679640584380072e-01	8.115679640584380072e-01	8.110720085603769780e-01	8.248301435802010140e-01	8.146459219454460499e-01	8.503715030013729859e-01	8.115679640584380072e-01	8.115679640584380072e-01	8.115679640584380072e-01	8.115679640584380072e-01	8.115679640584380072e-01	8.115679640584380072e-01	8.131533257114670343e-01	8.115679640584380072e-01	8.351944134901210237e-01	8.115679640584380072e-01	8.115679640584380072e-01	7.837431165326700366e-01	8.115679640584380072e-01	8.449659578040950025e-01	7.940285237742920055e-01	8.014853831324360023e-01	8.097160842335500153e-01	8.397080316364280428e-01	8.115679640584380072e-01	8.299020164318220427e-01	7.977654120099539892e-01	8.428370778624110216e-01	8.115679640584380072e-01	8.115679640584380072e-01	8.336785237124589854e-01	8.115679640584380072e-01	7.470059726191059513e-01	8.115679640584380072e-01	8.115679640584380072e-01	8.115679640584380072e-01	7.919097895823810074e-01	8.384726624377299986e-01	8.115679640584380072e-01	8.734590160587439867e-01	8.115679640584380072e-01	8.115679640584380072e-01	8.481267671241430328e-01	8.055925341235139481e-01	8.625060323647679716e-01	8.115679640584380072e-01	7.589974381517949897e-01	8.269325263747520083e-01	8.115679640584380072e-01	8.176839246622490398e-01	8.210348090127309595e-01	8.115679640584380072e-01	8.109137392511870379e-01	8.115679640584380072e-01	7.558932384421660489e-01	8.115679640584380072e-01	8.115679640584380072e-01	8.115679640584380072e-01	8.115679640584380072e-01	1.000000000000000021e-03	8.115679640584380072e-01	8.115679640584380072e-01	8.115679640584380072e-01	8.115679640584380072e-01	8.115679640584380072e-01	8.115679640584380072e-01	8.115679640584380072e-01	8.229149370728989776e-01	8.115679640584380072e-01	8.115679640584380072e-01	8.115679640584380072e-01	8.612222930035530188e-01	8.115679640584380072e-01	8.115679640584380072e-01	8.115679640584380072e-01	8.299591805851750381e-01	8.647317444600579606e-01	8.115679640584380072e-01	7.426964456718100349e-01	8.638189549044710258e-01	8.115679640584380072e-01	8.065386937456590077e-01	8.115679640584380072e-01	8.665726531088659979e-01	7.965163086338830079e-01	8.115679640584380072e-01	8.545476637514519691e-01	8.508743953876489741e-01	8.540082864908079552e-01	8.616895605451290185e-01	8.019570637021069537e-01	7.897332449976369739e-01	8.324042449099630092e-01	7.750420574280789676e-01	8.090099493456850421e-01
8.912093790823839567e-01	7.460825435716980092e-01	8.115679640584380072e-01	8.115679640584380072e-01	9.203527384079039919e-01	8.399249506709529633e-01	8.624590023994169741e-01	8.950362258970080420e-01	1.000000000000000000e+00	8.115679640584380072e-01	9.180497307990640454e-01	7.469116490799789787e-01	8.115679640584380072e-01	8.115679640584380072e-01	8.694174661210399835e-01	8.765603613541379513e-01	8.821984087029800525e-01	6.545553298438959722e-01	8.115679640584380072e-01	8.115679640584380072e-01	8.115679640584380072e-01	8.115679640584380072e-01	8.115679640584380072e-01	8.759165879636660046e-01	9.053909671184130481e-01	8.115679640584380072e-01	8.115679640584380072e-01	8.115679640584380072e-01	8.537142242200139730e-01	8.846094815884339990e-01	8.522845659990120337e-01	8.638065595093450399e-01	8.363217384722020364e-01	8.794859181707199713e-01	8.115679640584380072e-01	8.115679640584380072e-01	8.115679640584380072e-01	8.115679640584380072e-01	8.709333507327750024e-01	8.975802671509930386e-01	8.535598820637040340e-01	8.232621809931750523e-01	8.115679640584380072e-01	8.515388642539040154e-01	8.553868267095879885e-01	7.442626040184210368e-01	8.115679640584380072e-01	8.115679640584380072e-01	9.035324190215010542e-01	8.115679640584380072e-01	8.745300600190419882e-01	8.626595164064000398e-01	8.115679640584380072e-01	8.571315807326860270e-01	8.115679640584380072e-01	8.115679640584380072e-01	8.115679640584380072e-01	8.115679640584380072e-01	8.115679640584380072e-01	8.852418597731760430e-01	8.466189908952439502e-01	7.680780664791979628e-01	8.428951329906270162e-01	8.115679640584380072e-01	8.115679640584380072e-01	8.115679640584380072e-01	8.638933310105999519e-01	8.431927282922270228e-01	8.624169251304479866e-01	8.310150429790590376e-01	8.115679640584380072e-01	8.115679640584380072e-01	8.579954422563179639e-01	8.494104880137309799e-01	8.115679640584380072e-01	8.115679640584380072e-01	8.115679640584380072e-01	8.115679640584380072e-01	8.458709634207109973e-01	8.671348973633850044e-01	8.115679640584380072e-01	8.673240526039209808e-01	8.115679640584380072e-01	8.115679640584380072e-01	8.561064141004649519e-01	8.115679640584380072e-01	8.673265417636779606e-01	8.115679640584380072e-01	8.115679640584380072e-01	8.339967997187269777e-01	8.115679640584380072e-01	7.976326304370110476e-01	8.115679640584380072e-01	8.373208103834800520e-01	8.115679640584380072e-01	8.115679640584380072e-01	8.743794827700589467e-01	8.697468901798039997e-01	8.115679640584380072e-01	8.973227051826480061e-01	9.026304806022159566e-01	7.376280974726630024e-01	8.611901622233529840e-01	8.501665254060589705e-01	8.874243625224440546e-01	8.665179408421930241e-01	7.502200702204679938e-01	8.115679640584380072e-01	8.115679640584380072e-01	8.254150497105080531e-01	8.115679640584380072e-01	8.597455171381519490e-01	8.115679640584380072e-01	7.861219644439479959e-01	8.115679640584380072e-01	8.580988686074410010e-01	8.612049916652549930e-01	8.115679640584380072e-01	9.044274717333530278e-01	8.635785159822779722e-01	7.760926448766150010e-01	8.545648313461190471e-01	8.361777399609999772e-01	8.115679640584380072e-01
8.115679640584380072e-01	8.115679640584380072e-01	8.115679640584380072e-01	8.212940439706909457e-01	8.465582497197630119e-01	8.115679640584380072e-01	8.115679640584380072e-01	8.115679640584380072e-01	8.115679640584380072e-01	1.000000000000000000e+00	8.115679640584380072e-01	8.115679640584380072e-01	8.115679640584380072e-01	6.325401690060790116e-01	8.115679640584380072e-01	8.115679640584380072e-01	8.493787979124509668e-01	7.206724619854020242e-01	8.115679640584380072e-01	7.662330595342450312e-01	8.115679640584380072e-01	8.115679640584380072e-01	8.596863014252159596e-01	8.115679640584380072e-01	8.115679640584380072e-01	8.115679640584380072e-01	7.778363719432179746e-01	8.115679640584380072e-01	8.115679640584380072e-01	8.228771506557860382e-01	8.115679640584380072e-01	7.291627227080920148e-01	8.115679640584380072e-01	8.115679640584380072e-01	7.682720717974279578e-01	6.877852820363159481e-01	8.115679640584380072e-01	8.115679640584380072e-01	8.115679640584380072e-01	8.377414495953560136e-01	8.115679640584380072e-01	8.115679640584380072e-01	7.840603299022109729e-01	8.115679640584380072e-01	7.342635116508400284e-01	8.115679640584380072e-01	8.757909061748919699e-01	7.464166458650010050e-01	8.523628414001549469e-01	8.115679640584380072e-01	8.115679640584380072e-01	8.115679640584380072e-01	8.115679640584380072e-01	8.115679640584380072e-01	7.306101740146410117e-01	8.115679640584380072e-01	7.526353954926929823e-01	8.115679640584380072e-01	8.115679640584380072e-01	7.618738303995530314e-01	7.274216328036929857e-01	8.311390697374559933e-01	7.274007566378759559e-01	8.115679640584380072e-01	8.115679640584380072e-01	8.115679640584380072e-01	8.115679640584380072e-01	8.115679640584380072e-01	8.115679640584380072e-01	8.115679640584380072e-01	7.280293916955280498e-01	7.498024896616749535e-01	8.115679640584380072e-01	8.115679640584380072e-01	8.115679640584380072e-01	8.115679640584380072e-01	7.373868059758430515e-01	8.115679640584380072e-01	8.419184043528219474e-01	7.580200262499080521e-01	7.869187755898030545e-01	7.372640739314459957e-01	7.313171365638290178e-01	8.461841801710859867e-01	7.521603436786109542e-01	8.115679640584380072e-01	8.115679640584380072e-01	7.150830149781389755e-01	8.115679640584380072e-01	8.673215634513089523e-01	8.115679640584380072e-01	8.331834034256200283e-01	8.115679640584380072e-01	8.115679640584380072e-01	7.314346802846030116e-01	8.115679640584380072e-01	8.115679640584380072e-01	8.115679640584380072e-01	8.115679640584380072e-01	7.795347967021000191e-01	8.023760566265240035e-01	7.959655868054440475e-01	7.417953749372070416e-01	8.305930136747590176e-01	7.544021926984010307e-01	8.115679640584380072e-01	8.115679640584380072e-01	8.115679640584380072e-01	8.299496529528519462e-01	7.161530294932100249e-01	8.115679640584380072e-01	8.115679640584380072e-01	8.115679640584380072e-01	8.351153180016299693e-01	8.115679640584380072e-01	7.726656923844239522e-01	8.115679640584380072e-01	8.115679640584380072e-01	8.115679640584380072e-01	8.115679640584380072e-01	8.115679640584380072e-01	7.402195376240070512e-01	8.115679640584380072e-01	8.115679640584380072e-01
9.225132488705030109e-01	7.518366166414409690e-01	8.115679640584380072e-01	8.115679640584380072e-01	9.246655623844359795e-01	8.443793139424660144e-01	8.509110253792729894e-01	8.115679640584380072e-01	9.180497307990640454e-01	8.115679640584380072e-01	1.000000000000000000e+00	7.132936557947280320e-01	9.126984324974619645e-01	8.115679640584380072e-01	8.115679640584380072e-01	8.786382428336559913e-01	8.675680242172489898e-01	8.115679640584380072e-01	9.066052359863979726e-01	8.899672007868499879e-01	8.115679640584380072e-01	8.115679640584380072e-01	8.115679640584380072e-01	8.590006832487719901e-01	8.115679640584380072e-01	8.115679640584380072e-01	9.118737014889679582e-01	8.115679640584380072e-01	8.802687248932019592e-01	8.115679640584380072e-01	8.463930557690919620e-01	9.034753732487309508e-01	8.728375599997260093e-01	8.714484029769909990e-01	8.916391771797590460e-01	8.115679640584380072e-01	8.115679640584380072e-01	8.919079062416680470e-01	8.115679640584380072e-01	8.115679640584380072e-01	8.115679640584380072e-01	8.115679640584380072e-01	8.935501905026289604e-01	8.878523352430279791e-01	8.921511118476229685e-01	8.115679640584380072e-01	7.939487696604740075e-01	8.973690608819400172e-01	8.115679640584380072e-01	8.186818775348290167e-01	8.992304152918170201e-01	8.942839166374040305e-01	8.803824160243119978e-01	8.115679640584380072e-01	8.115679640584380072e-01	8.469397765650450438e-01	8.869813225400430268e-01	9.206248371171900091e-01	8.115679640584380072e-01	8.115679640584380072e-01	8.883289523740709459e-01	7.446343571575310127e-01	8.754164813769570452e-01	8.115679640584380072e-01	8.115679640584380072e-01	7.132916086973819514e-01	8.115679640584380072e-01	8.337287697424310418e-01	8.115679640584380072e-01	8.638611005783870533e-01	9.033457371594240115e-01	8.115679640584380072e-01	8.115679640584380072e-01	8.665204276884640455e-01	8.115679640584380072e-01	8.115679640584380072e-01	8.833942490659889568e-01	8.965864858367890156e-01	8.320244902748270555e-01	9.133771034224860141e-01	9.144760992569189728e-01	9.117690270813419984e-01	8.115679640584380072e-01	7.468066209739450123e-01	8.893620753413730151e-01	9.138674227664950189e-01	9.027211520621839513e-01	8.115679640584380072e-01	8.115679640584380072e-01	8.115679640584380072e-01	8.115679640584380072e-01	7.722045913429870234e-01	8.115679640584380072e-01	8.748036750348040513e-01	8.115679640584380072e-01	8.115679640584380072e-01	8.735091527591779537e-01	8.115679640584380072e-01	9.199407808741939530e-01	8.115679640584380072e-01	8.115679640584380072e-01	7.065255033449110433e-01	8.115679640584380072e-01	8.317881267996519723e-01	9.218859940231469707e-01	8.942505523826760339e-01	8.115679640584380072e-01	8.115679640584380072e-01	8.115679640584380072e-01	8.500884517001420226e-01	8.771265684788229766e-01	8.115679640584380072e-01	8.189756248115980242e-01	8.115679640584380072e-01	7.554356424781929480e-01	8.951184276901820169e-01	8.807791867437979594e-01	9.256692136350880284e-01	9.201335329141759889e-01	8.115679640584380072e-01	8.115679640584380072e-01	8.842769660024649703e-01	8.115679640584380072e-01	8.115679640584380072e-01
8.115679640584380072e-01	8.115679640584380072e-01	8.115679640584380072e-01	7.011162001884809758e-01	8.115679640584380072e-01	7.400602266012960007e-01	8.115679640584380072e-01	8.115679640584380072e-01	7.469116490799789787e-01	8.115679640584380072e-01	7.132936557947280320e-01	1.000000000000000000e+00	8.115679640584380072e-01	7.421296872533870159e-01	5.835518070711199767e-01	8.115679640584380072e-01	7.117436403454999727e-01	8.115679640584380072e-01	6.221536709119579456e-01	5.855834586422820065e-01	8.115679640584380072e-01	5.805350321113780243e-01	8.109160665172640003e-01	8.147113878429299572e-01	8.115679640584380072e-01	6.101770189997619553e-01	8.115679640584380072e-01	7.146111565370459884e-01	8.115679640584380072e-01	7.148573046899809880e-01	7.152615817681859944e-01	8.115679640584380072e-01	5.434600453360129979e-01	7.824890199094289844e-01	5.878802642799769718e-01	5.040527327223409682e-01	6.677862358087589545e-01	6.823745234573840301e-01	8.115679640584380072e-01	7.269562365668189585e-01	5.606086919603989749e-01	7.813737096266389903e-01	8.115679640584380072e-01	8.115679640584380072e-01	8.115679640584380072e-01	8.307503554689920078e-01	8.115679640584380072e-01	5.656136824785900075e-01	8.115679640584380072e-01	8.115679640584380072e-01	8.115679640584380072e-01	6.254585155713000555e-01	8.115679640584380072e-01	8.115679640584380072e-01	5.439874764376280147e-01	8.115679640584380072e-01	5.576273011451340356e-01	5.872883647012590025e-01	5.314738479112020020e-01	6.023664678035579589e-01	8.115679640584380072e-01	8.115679640584380072e-01	5.410292615093600377e-01	8.028828238397649475e-01	7.811876055356119508e-01	8.602021085118589649e-01	7.189372018461429592e-01	8.710158386207760284e-01	8.115679640584380072e-01	8.115679640584380072e-01	8.115679640584380072e-01	8.115679640584380072e-01	5.467154724456310122e-01	5.998632708990609963e-01	7.980974626557699736e-01	8.115679640584380072e-01	8.115679640584380072e-01	6.225466126995540250e-01	8.115679640584380072e-01	8.115679640584380072e-01	8.115679640584380072e-01	8.115679640584380072e-01	5.599654989432409913e-01	9.355483311638049804e-01	5.641109114183729956e-01	5.736732839041770449e-01	5.724825277563110326e-01	8.115679640584380072e-01	8.115679640584380072e-01	7.956937940653460162e-01	8.115679640584380072e-01	8.115679640584380072e-01	6.618391532553330459e-01	5.644655743989720476e-01	8.115679640584380072e-01	5.389665411428660180e-01	8.115679640584380072e-01	5.659205636601859490e-01	8.115679640584380072e-01	6.595088662552720526e-01	8.115679640584380072e-01	8.115679640584380072e-01	8.115679640584380072e-01	8.115679640584380072e-01	8.115679640584380072e-01	6.081176319573989852e-01	8.333675442486550011e-01	8.115679640584380072e-01	7.736508871265179721e-01	8.115679640584380072e-01	5.229899851421120349e-01	8.115679640584380072e-01	8.115679640584380072e-01	8.115679640584380072e-01	8.115679640584380072e-01	8.115679640584380072e-01	5.970996610280689953e-01	8.115679640584380072e-01	6.735450855643889678e-01	5.665445811845060131e-01	8.115679640584380072e-01	5.664372792251040067e-01	8.115679640584380072e-01	8.115679640584380072e-01
