9.999999999999990008e-01	3.269272424414907396e-01	2.756990562786025278e-01	3.269272424414907396e-01	3.269272424414907396e-01	2.756990562786025278e-01	2.756990562786025278e-01	3.269272424414907396e-01	3.269272424414907396e-01	3.269272424414907396e-01	3.269272424414907396e-01	2.756990562786025278e-01	3.269272424414907396e-01	3.269272424414907396e-01	3.269272424414907396e-01	6.047935520587499614e-01	2.756990562786025278e-01	2.756990562786025278e-01	3.269272424414907396e-01	3.269272424414907396e-01	2.756990562786025278e-01	3.269272424414907396e-01	2.756990562786025278e-01	3.269272424414907396e-01	5.981078345174329902e-01	3.269272424414907396e-01	2.756990562786025278e-01	6.194369575166179809e-01	3.269272424414907396e-01	3.269272424414907396e-01	3.269272424414907396e-01	3.269272424414907396e-01	3.269272424414907396e-01	6.502924834090879624e-01	3.269272424414907396e-01	2.756990562786025278e-01	2.756990562786025278e-01	3.269272424414907396e-01	2.756990562786025278e-01	3.269272424414907396e-01	3.269272424414907396e-01	3.269272424414907396e-01	3.269272424414907396e-01	2.756990562786025278e-01	3.269272424414907396e-01	2.756990562786025278e-01	5.622998248397630405e-01	5.710734372866189679e-01	2.756990562786025278e-01	5.984230501566879523e-01	3.269272424414907396e-01	2.756990562786025278e-01	3.269272424414907396e-01	3.269272424414907396e-01	2.756990562786025278e-01	2.756990562786025278e-01	2.756990562786025278e-01	3.269272424414907396e-01	3.269272424414907396e-01	2.756990562786025278e-01	3.269272424414907396e-01	3.269272424414907396e-01	2.756990562786025278e-01	5.525881364802089912e-01	3.269272424414907396e-01	2.756990562786025278e-01	5.759861176754329515e-01	5.800625505807529558e-01	3.269272424414907396e-01	3.269272424414907396e-01	3.269272424414907396e-01	6.030313951834720410e-01	3.269272424414907396e-01	6.041103943458440151e-01	2.756990562786025278e-01	3.269272424414907396e-01	6.687409593227030546e-01	5.032292997831300241e-01	3.269272424414907396e-01	5.612239600886369528e-01	3.269272424414907396e-01	5.753902297515659514e-01	2.756990562786025278e-01	2.756990562786025278e-01	2.756990562786025278e-01	5.413850238092799971e-01	2.756990562786025278e-01	3.269272424414907396e-01	2.756990562786025278e-01	2.756990562786025278e-01	3.269272424414907396e-01	3.269272424414907396e-01	2.756990562786025278e-01	5.031099769830329471e-01	3.269272424414907396e-01	2.756990562786025278e-01	3.269272424414907396e-01	2.756990562786025278e-01	5.258209865220280221e-01	3.269272424414907396e-01	3.269272424414907396e-01	2.756990562786025278e-01	3.269272424414907396e-01	2.756990562786025278e-01	2.756990562786025278e-01	2.756990562786025278e-01	5.394784120483410161e-01	2.756990562786025278e-01	5.697566479762979919e-01	2.756990562786025278e-01	2.756990562786025278e-01	3.269272424414907396e-01	2.756990562786025278e-01	2.756990562786025278e-01	2.756990562786025278e-01	7.447686350571940395e-01	3.269272424414907396e-01	2.756990562786025278e-01	7.309618890341840203e-01	6.298193560863879492e-01	3.269272424414907396e-01	3.269272424414907396e-01	3.269272424414907396e-01	2.756990562786025278e-01
3.269272424414907396e-01	9.999999999999990008e-01	7.194527112262479873e-01	5.323084762362000344e-01	5.939821430943329483e-01	5.835000794540780023e-01	2.756990562786025278e-01	6.057775040998669702e-01	6.074245922041759949e-01	3.269272424414907396e-01	2.756990562786025278e-01	2.756990562786025278e-01	3.269272424414907396e-01	2.756990562786025278e-01	3.269272424414907396e-01	3.269272424414907396e-01	3.269272424414907396e-01	3.269272424414907396e-01	3.269272424414907396e-01	5.888567915277900244e-01	3.269272424414907396e-01	5.842803285149350545e-01	3.269272424414907396e-01	3.269272424414907396e-01	5.692434319590830016e-01	5.978888229596169834e-01	3.269272424414907396e-01	3.269272424414907396e-01	3.269272424414907396e-01	3.269272424414907396e-01	2.756990562786025278e-01	2.756990562786025278e-01	5.262133848249630486e-01	6.158653951041700436e-01	3.269272424414907396e-01	2.756990562786025278e-01	5.815633692341669603e-01	5.638367009038549593e-01	3.269272424414907396e-01	2.756990562786025278e-01	6.097057742481409859e-01	5.300850117834620123e-01	3.269272424414907396e-01	3.269272424414907396e-01	4.932112230480930060e-01	2.756990562786025278e-01	3.269272424414907396e-01	2.756990562786025278e-01	5.817231730168910264e-01	5.706485915784379470e-01	3.269272424414907396e-01	3.269272424414907396e-01	5.238347071426120438e-01	5.282580585608459556e-01	3.269272424414907396e-01	2.756990562786025278e-01	3.269272424414907396e-01	5.235266936846220132e-01	3.269272424414907396e-01	5.391064165815230291e-01	3.269272424414907396e-01	3.269272424414907396e-01	5.970618140297380139e-01	3.269272424414907396e-01	3.269272424414907396e-01	3.269272424414907396e-01	5.422199686936040042e-01	5.489674269459210443e-01	3.269272424414907396e-01	5.509235898422759625e-01	2.756990562786025278e-01	3.269272424414907396e-01	3.269272424414907396e-01	5.681113278014580104e-01	3.269272424414907396e-01	2.756990562786025278e-01	3.269272424414907396e-01	5.101556831632769740e-01	5.388786851066209582e-01	5.429488601683070126e-01	2.756990562786025278e-01	5.557429091233130336e-01	2.756990562786025278e-01	3.269272424414907396e-01	3.269272424414907396e-01	3.269272424414907396e-01	5.556109333634680070e-01	3.269272424414907396e-01	3.269272424414907396e-01	5.385250399026250134e-01	5.849850451860340028e-01	3.269272424414907396e-01	3.269272424414907396e-01	2.756990562786025278e-01	3.269272424414907396e-01	2.756990562786025278e-01	3.269272424414907396e-01	2.756990562786025278e-01	2.756990562786025278e-01	2.756990562786025278e-01	3.269272424414907396e-01	3.269272424414907396e-01	2.756990562786025278e-01	3.269272424414907396e-01	3.269272424414907396e-01	5.314592178561120539e-01	3.269272424414907396e-01	3.269272424414907396e-01	3.269272424414907396e-01	5.226324496152390253e-01	2.756990562786025278e-01	3.269272424414907396e-01	2.756990562786025278e-01	3.269272424414907396e-01	2.756990562786025278e-01	7.117217294699249575e-01	6.635056905459549847e-01	3.269272424414907396e-01	3.269272424414907396e-01	2.756990562786025278e-01	3.269272424414907396e-01	3.269272424414907396e-01	3.269272424414907396e-01	3.269272424414907396e-01
2.756990562786025278e-01	7.194527112262479873e-01	1.000000000000000000e+00	3.269272424414907396e-01	5.703697954910730283e-01	5.948049543185830457e-01	5.706787301390769951e-01	6.015352447032900063e-01	6.033761113250970531e-01	5.983310685239020543e-01	2.756990562786025278e-01	2.756990562786025278e-01	3.269272424414907396e-01	3.269272424414907396e-01	3.269272424414907396e-01	2.756990562786025278e-01	5.320432927419690428e-01	2.756990562786025278e-01	5.560440493482320390e-01	3.269272424414907396e-01	3.269272424414907396e-01	5.699055778892420099e-01	2.756990562786025278e-01	2.756990562786025278e-01	2.756990562786025278e-01	3.269272424414907396e-01	2.756990562786025278e-01	3.269272424414907396e-01	2.756990562786025278e-01	3.269272424414907396e-01	5.627981512593650537e-01	3.269272424414907396e-01	3.269272424414907396e-01	2.756990562786025278e-01	2.756990562786025278e-01	3.269272424414907396e-01	5.723391614258740434e-01	3.269272424414907396e-01	3.269272424414907396e-01	5.633295408168960128e-01	2.756990562786025278e-01	5.204861012572620238e-01	5.724089610169109665e-01	3.269272424414907396e-01	2.756990562786025278e-01	3.269272424414907396e-01	3.269272424414907396e-01	2.756990562786025278e-01	2.756990562786025278e-01	3.269272424414907396e-01	6.110942282236769829e-01	2.756990562786025278e-01	3.269272424414907396e-01	5.141500060215700163e-01	2.756990562786025278e-01	3.269272424414907396e-01	3.269272424414907396e-01	2.756990562786025278e-01	3.269272424414907396e-01	3.269272424414907396e-01	3.269272424414907396e-01	3.269272424414907396e-01	2.756990562786025278e-01	5.265726905961399806e-01	5.178069658106270179e-01	2.756990562786025278e-01	3.269272424414907396e-01	5.706381008664590526e-01	2.756990562786025278e-01	2.756990562786025278e-01	5.284817384186150102e-01	2.756990562786025278e-01	5.529546513442460398e-01	5.946055738305510152e-01	3.269272424414907396e-01	5.311695806429449496e-01	6.176698954292839661e-01	5.171105692931520226e-01	3.269272424414907396e-01	3.269272424414907396e-01	3.269272424414907396e-01	5.451274880709320314e-01	5.390493156304489997e-01	3.269272424414907396e-01	2.756990562786025278e-01	2.756990562786025278e-01	3.269272424414907396e-01	3.269272424414907396e-01	7.087988129662140535e-01	5.664169882465439620e-01	3.269272424414907396e-01	3.269272424414907396e-01	3.269272424414907396e-01	3.269272424414907396e-01	4.631836483473619759e-01	2.756990562786025278e-01	5.501470173938779462e-01	3.269272424414907396e-01	3.269272424414907396e-01	3.269272424414907396e-01	2.756990562786025278e-01	2.756990562786025278e-01	2.756990562786025278e-01	3.269272424414907396e-01	3.269272424414907396e-01	2.756990562786025278e-01	3.269272424414907396e-01	5.431959670637940274e-01	3.269272424414907396e-01	3.269272424414907396e-01	3.269272424414907396e-01	3.269272424414907396e-01	3.269272424414907396e-01	3.269272424414907396e-01	2.756990562786025278e-01	3.269272424414907396e-01	3.269272424414907396e-01	2.756990562786025278e-01	3.269272424414907396e-01	3.269272424414907396e-01	5.239365320168349882e-01	6.104863250964770449e-01	2.756990562786025278e-01	3.269272424414907396e-01
3.269272424414907396e-01	5.323084762362000344e-01	3.269272424414907396e-01	9.999999999999980016e-01	3.269272424414907396e-01	4.815073774829479736e-01	2.756990562786025278e-01	3.269272424414907396e-01	3.269272424414907396e-01	5.075250048201870312e-01	4.930025479854149850e-01	3.269272424414907396e-01	3.269272424414907396e-01	2.756990562786025278e-01	3.269272424414907396e-01	5.452212496046410228e-01	5.411114282167920342e-01	3.269272424414907396e-01	2.756990562786025278e-01	4.946404260197539982e-01	3.269272424414907396e-01	2.756990562786025278e-01	3.269272424414907396e-01	3.269272424414907396e-01	3.269272424414907396e-01	2.756990562786025278e-01	3.269272424414907396e-01	2.756990562786025278e-01	2.756990562786025278e-01	2.756990562786025278e-01	3.269272424414907396e-01	2.756990562786025278e-01	3.269272424414907396e-01	3.269272424414907396e-01	2.756990562786025278e-01	3.269272424414907396e-01	2.756990562786025278e-01	5.039510709712480274e-01	2.756990562786025278e-01	3.269272424414907396e-01	5.095132570595239940e-01	3.269272424414907396e-01	2.756990562786025278e-01	5.280783555511779914e-01	2.756990562786025278e-01	3.269272424414907396e-01	2.756990562786025278e-01	4.961213879475599997e-01	3.269272424414907396e-01	5.192722630848399801e-01	4.729786140319089949e-01	3.269272424414907396e-01	4.751206244884930152e-01	2.756990562786025278e-01	2.756990562786025278e-01	2.756990562786025278e-01	3.269272424414907396e-01	3.269272424414907396e-01	3.269272424414907396e-01	3.269272424414907396e-01	5.209112755666660544e-01	3.269272424414907396e-01	3.269272424414907396e-01	5.173783236804400110e-01	2.756990562786025278e-01	3.269272424414907396e-01	5.471741071593180239e-01	3.269272424414907396e-01	5.759833815212770380e-01	3.269272424414907396e-01	3.269272424414907396e-01	2.756990562786025278e-01	3.269272424414907396e-01	2.756990562786025278e-01	2.756990562786025278e-01	3.269272424414907396e-01	5.143585950225449954e-01	3.269272424414907396e-01	5.151213051741709847e-01	5.070980376206509765e-01	3.269272424414907396e-01	4.420301673004730092e-01	4.888065662565470038e-01	3.269272424414907396e-01	3.269272424414907396e-01	3.269272424414907396e-01	3.269272424414907396e-01	3.269272424414907396e-01	2.756990562786025278e-01	5.123142129578870385e-01	5.487877790149759960e-01	3.269272424414907396e-01	4.850209171826069809e-01	5.116093578214410131e-01	3.269272424414907396e-01	5.134678516580389873e-01	3.269272424414907396e-01	3.269272424414907396e-01	5.447281745775980344e-01	3.269272424414907396e-01	3.269272424414907396e-01	2.756990562786025278e-01	3.269272424414907396e-01	2.756990562786025278e-01	3.269272424414907396e-01	3.269272424414907396e-01	5.003845432241870173e-01	4.954383811408860083e-01	2.756990562786025278e-01	4.919056561960429841e-01	3.269272424414907396e-01	3.269272424414907396e-01	3.269272424414907396e-01	3.269272424414907396e-01	5.223267108879120491e-01	2.756990562786025278e-01	2.756990562786025278e-01	5.294551463198150509e-01	2.756990562786025278e-01	5.332811213277159901e-01	2.756990562786025278e-01	5.116541980911489818e-01	2.756990562786025278e-01	5.286874552816399619e-01
3.269272424414907396e-01	5.939821430943329483e-01	5.703697954910730283e-01	3.269272424414907396e-01	9.999999999999970024e-01	5.836424732769589507e-01	6.936655243588100150e-01	3.269272424414907396e-01	6.281972400407349610e-01	3.269272424414907396e-01	3.269272424414907396e-01	3.269272424414907396e-01	2.756990562786025278e-01	5.336079093008400109e-01	3.269272424414907396e-01	5.464008110733939994e-01	2.756990562786025278e-01	3.269272424414907396e-01	3.269272424414907396e-01	6.659230880949029707e-01	3.269272424414907396e-01	3.269272424414907396e-01	3.269272424414907396e-01	5.132305410965779524e-01	6.133866971727529593e-01	2.756990562786025278e-01	3.269272424414907396e-01	3.269272424414907396e-01	2.756990562786025278e-01	3.269272424414907396e-01	3.269272424414907396e-01	2.756990562786025278e-01	3.269272424414907396e-01	3.269272424414907396e-01	3.269272424414907396e-01	3.269272424414907396e-01	3.269272424414907396e-01	3.269272424414907396e-01	3.269272424414907396e-01	4.761269193855079962e-01	3.269272424414907396e-01	3.269272424414907396e-01	3.269272424414907396e-01	3.269272424414907396e-01	3.269272424414907396e-01	5.709697464423150182e-01	2.756990562786025278e-01	3.269272424414907396e-01	5.441759125880080150e-01	2.756990562786025278e-01	2.756990562786025278e-01	3.269272424414907396e-01	5.143192825083009456e-01	5.435117875668350473e-01	5.717160693944439709e-01	2.756990562786025278e-01	3.269272424414907396e-01	3.269272424414907396e-01	2.756990562786025278e-01	3.269272424414907396e-01	5.499223928631099545e-01	2.756990562786025278e-01	3.269272424414907396e-01	5.538158400818029570e-01	3.269272424414907396e-01	3.269272424414907396e-01	4.961581040637950135e-01	3.269272424414907396e-01	5.224576014734589879e-01	2.756990562786025278e-01	3.269272424414907396e-01	2.756990562786025278e-01	5.189507151648650174e-01	5.261155641788130000e-01	5.154301876080550349e-01	5.847850755224309749e-01	3.269272424414907396e-01	3.269272424414907396e-01	5.663441298289549897e-01	5.057339455102419778e-01	3.269272424414907396e-01	2.756990562786025278e-01	3.269272424414907396e-01	2.756990562786025278e-01	5.173971583216080417e-01	3.269272424414907396e-01	3.269272424414907396e-01	3.269272424414907396e-01	3.269272424414907396e-01	5.258078542773120256e-01	2.756990562786025278e-01	3.269272424414907396e-01	5.056058106043509470e-01	4.834894642353820271e-01	3.269272424414907396e-01	2.756990562786025278e-01	5.658200638935509952e-01	3.269272424414907396e-01	3.269272424414907396e-01	3.269272424414907396e-01	2.756990562786025278e-01	5.683396073795440318e-01	3.269272424414907396e-01	4.704092625143940221e-01	2.756990562786025278e-01	5.311262999796829698e-01	3.269272424414907396e-01	4.976541098113160255e-01	3.269272424414907396e-01	3.269272424414907396e-01	5.055854101771539710e-01	5.417780566942600462e-01	3.269272424414907396e-01	2.756990562786025278e-01	5.405251739961129953e-01	3.269272424414907396e-01	2.756990562786025278e-01	3.269272424414907396e-01	3.269272424414907396e-01	5.694163782275010188e-01	2.756990562786025278e-01	3.269272424414907396e-01	3.269272424414907396e-01	3.269272424414907396e-01
2.756990562786025278e-01	5.835000794540780023e-01	5.948049543185830457e-01	4.815073774829479736e-01	5.836424732769589507e-01	9.999999999999980016e-01	2.756990562786025278e-01	3.269272424414907396e-01	5.420536088639450467e-01	2.756990562786025278e-01	2.756990562786025278e-01	3.269272424414907396e-01	2.756990562786025278e-01	3.269272424414907396e-01	3.269272424414907396e-01	2.756990562786025278e-01	5.528489635910109889e-01	2.756990562786025278e-01	3.269272424414907396e-01	3.269272424414907396e-01	2.756990562786025278e-01	3.269272424414907396e-01	3.269272424414907396e-01	5.134028941719950279e-01	2.756990562786025278e-01	5.687299433569340534e-01	3.269272424414907396e-01	3.269272424414907396e-01	3.269272424414907396e-01	3.269272424414907396e-01	3.269272424414907396e-01	3.269272424414907396e-01	3.269272424414907396e-01	5.944465223337059845e-01	5.130711698822739697e-01	3.269272424414907396e-01	3.269272424414907396e-01	3.269272424414907396e-01	3.269272424414907396e-01	5.089830454216539568e-01	3.269272424414907396e-01	5.771527970198689905e-01	2.756990562786025278e-01	5.564635495931460341e-01	3.269272424414907396e-01	3.269272424414907396e-01	2.756990562786025278e-01	3.269272424414907396e-01	2.756990562786025278e-01	3.269272424414907396e-01	3.269272424414907396e-01	6.131380023253339973e-01	5.092418541958200207e-01	3.269272424414907396e-01	3.269272424414907396e-01	2.756990562786025278e-01	5.582750574416319722e-01	3.269272424414907396e-01	3.269272424414907396e-01	2.756990562786025278e-01	3.269272424414907396e-01	2.756990562786025278e-01	3.269272424414907396e-01	5.239068190718020324e-01	2.756990562786025278e-01	3.269272424414907396e-01	3.269272424414907396e-01	5.591610440217940070e-01	5.189707717008660293e-01	2.756990562786025278e-01	3.269272424414907396e-01	5.297796635031239987e-01	4.946844653525879765e-01	3.269272424414907396e-01	5.334728890201519969e-01	2.756990562786025278e-01	5.389123686068030272e-01	3.269272424414907396e-01	3.269272424414907396e-01	3.269272424414907396e-01	2.756990562786025278e-01	3.269272424414907396e-01	4.700782630348039892e-01	3.269272424414907396e-01	3.269272424414907396e-01	5.513864668573710270e-01	2.756990562786025278e-01	3.269272424414907396e-01	3.269272424414907396e-01	3.269272424414907396e-01	2.756990562786025278e-01	2.756990562786025278e-01	2.756990562786025278e-01	4.480785508290719976e-01	3.269272424414907396e-01	3.269272424414907396e-01	3.269272424414907396e-01	2.756990562786025278e-01	3.269272424414907396e-01	6.270877259155079875e-01	3.269272424414907396e-01	2.756990562786025278e-01	2.756990562786025278e-01	4.651068519067769746e-01	3.269272424414907396e-01	5.689083378754670184e-01	3.269272424414907396e-01	3.269272424414907396e-01	2.756990562786025278e-01	3.269272424414907396e-01	2.756990562786025278e-01	3.269272424414907396e-01	3.269272424414907396e-01	2.756990562786025278e-01	2.756990562786025278e-01	3.269272424414907396e-01	3.269272424414907396e-01	5.950334772148060392e-01	3.269272424414907396e-01	5.345995343280289802e-01	6.005464885997430224e-01	3.269272424414907396e-01	5.166091258241399808e-01	3.269272424414907396e-01
2.756990562786025278e-01	2.756990562786025278e-01	5.706787301390769951e-01	2.756990562786025278e-01	6.936655243588100150e-01	2.756990562786025278e-01	9.999999999999990008e-01	3.269272424414907396e-01	6.343482555356719788e-01	3.269272424414907396e-01	3.269272424414907396e-01	6.542556409066010437e-01	3.269272424414907396e-01	5.326715077055570458e-01	5.433633323031960005e-01	5.291538103527799741e-01	3.269272424414907396e-01	3.269272424414907396e-01	3.269272424414907396e-01	2.756990562786025278e-01	3.269272424414907396e-01	3.269272424414907396e-01	3.269272424414907396e-01	5.141653491010740318e-01	2.756990562786025278e-01	3.269272424414907396e-01	3.269272424414907396e-01	2.756990562786025278e-01	3.269272424414907396e-01	5.063577579768669956e-01	5.208571545237370426e-01	3.269272424414907396e-01	3.269272424414907396e-01	5.363489443503990373e-01	3.269272424414907396e-01	2.756990562786025278e-01	2.756990562786025278e-01	4.917079995186959818e-01	2.756990562786025278e-01	4.847114406355459981e-01	3.269272424414907396e-01	3.269272424414907396e-01	3.269272424414907396e-01	5.593245667832870138e-01	4.451707416470709888e-01	2.756990562786025278e-01	2.756990562786025278e-01	2.756990562786025278e-01	2.756990562786025278e-01	3.269272424414907396e-01	3.269272424414907396e-01	3.269272424414907396e-01	3.269272424414907396e-01	3.269272424414907396e-01	3.269272424414907396e-01	3.269272424414907396e-01	3.269272424414907396e-01	3.269272424414907396e-01	3.269272424414907396e-01	2.756990562786025278e-01	2.756990562786025278e-01	5.016797056904720442e-01	6.128946266742999471e-01	2.756990562786025278e-01	2.756990562786025278e-01	3.269272424414907396e-01	3.269272424414907396e-01	5.529018057411060338e-01	3.269272424414907396e-01	5.661136450579049573e-01	2.756990562786025278e-01	3.269272424414907396e-01	5.081813228008189576e-01	3.269272424414907396e-01	5.157997663164709534e-01	3.269272424414907396e-01	3.269272424414907396e-01	2.756990562786025278e-01	3.269272424414907396e-01	3.269272424414907396e-01	2.756990562786025278e-01	2.756990562786025278e-01	3.269272424414907396e-01	3.269272424414907396e-01	3.269272424414907396e-01	2.756990562786025278e-01	5.683675882565120130e-01	3.269272424414907396e-01	3.269272424414907396e-01	3.269272424414907396e-01	5.909096429935409844e-01	5.401666914835520084e-01	2.756990562786025278e-01	4.618832650339990131e-01	5.140278736505780044e-01	3.269272424414907396e-01	2.756990562786025278e-01	3.269272424414907396e-01	3.269272424414907396e-01	2.756990562786025278e-01	6.150291683637739704e-01	5.576183679711920194e-01	3.269272424414907396e-01	3.269272424414907396e-01	3.269272424414907396e-01	5.279445678036079892e-01	3.269272424414907396e-01	3.269272424414907396e-01	3.269272424414907396e-01	4.731730930090389808e-01	2.756990562786025278e-01	5.298147675494200293e-01	2.756990562786025278e-01	3.269272424414907396e-01	3.269272424414907396e-01	2.756990562786025278e-01	3.269272424414907396e-01	2.756990562786025278e-01	2.756990562786025278e-01	3.269272424414907396e-01	5.809176991742970309e-01	2.756990562786025278e-01	3.269272424414907396e-01	3.269272424414907396e-01
3.269272424414907396e-01	6.057775040998669702e-01	6.015352447032900063e-01	3.269272424414907396e-01	3.269272424414907396e-01	3.269272424414907396e-01	3.269272424414907396e-01	1.000000000000000000e+00	7.039829575234729520e-01	3.269272424414907396e-01	2.756990562786025278e-01	2.756990562786025278e-01	2.756990562786025278e-01	2.756990562786025278e-01	3.269272424414907396e-01	3.269272424414907396e-01	3.269272424414907396e-01	2.756990562786025278e-01	3.269272424414907396e-01	2.756990562786025278e-01	2.756990562786025278e-01	3.269272424414907396e-01	6.669503161331580277e-01	3.269272424414907396e-01	3.269272424414907396e-01	2.756990562786025278e-01	3.269272424414907396e-01	3.269272424414907396e-01	5.236018361748050465e-01	2.756990562786025278e-01	3.269272424414907396e-01	3.269272424414907396e-01	3.269272424414907396e-01	3.269272424414907396e-01	2.756990562786025278e-01	3.269272424414907396e-01	3.269272424414907396e-01	3.269272424414907396e-01	5.340476957611489661e-01	3.269272424414907396e-01	3.269272424414907396e-01	3.269272424414907396e-01	3.269272424414907396e-01	5.219583612115079596e-01	4.688588791588980120e-01	3.269272424414907396e-01	2.756990562786025278e-01	3.269272424414907396e-01	3.269272424414907396e-01	2.756990562786025278e-01	5.771157644444969703e-01	3.269272424414907396e-01	2.756990562786025278e-01	3.269272424414907396e-01	2.756990562786025278e-01	3.269272424414907396e-01	5.483890851077349859e-01	3.269272424414907396e-01	3.269272424414907396e-01	3.269272424414907396e-01	5.412163114701850075e-01	2.756990562786025278e-01	6.199053062796729963e-01	3.269272424414907396e-01	3.269272424414907396e-01	3.269272424414907396e-01	3.269272424414907396e-01	3.269272424414907396e-01	3.269272424414907396e-01	5.270461519699739528e-01	3.269272424414907396e-01	3.269272424414907396e-01	2.756990562786025278e-01	5.578671386829739953e-01	3.269272424414907396e-01	5.238001961891930458e-01	2.756990562786025278e-01	4.967207567999070150e-01	5.293242844251719870e-01	3.269272424414907396e-01	6.000418633624520215e-01	3.269272424414907396e-01	2.756990562786025278e-01	2.756990562786025278e-01	3.269272424414907396e-01	2.756990562786025278e-01	3.269272424414907396e-01	5.212725749717810331e-01	3.269272424414907396e-01	5.157035714378800373e-01	3.269272424414907396e-01	5.055105163423140313e-01	2.756990562786025278e-01	3.269272424414907396e-01	4.846216961149629743e-01	2.756990562786025278e-01	3.269272424414907396e-01	5.086041359654179805e-01	3.269272424414907396e-01	5.352555763723709781e-01	5.437338055512700441e-01	4.953083164809899963e-01	3.269272424414907396e-01	3.269272424414907396e-01	3.269272424414907396e-01	3.269272424414907396e-01	2.756990562786025278e-01	5.148730851955379828e-01	3.269272424414907396e-01	3.269272424414907396e-01	2.756990562786025278e-01	3.269272424414907396e-01	3.269272424414907396e-01	5.295499475157280367e-01	5.678584690794949985e-01	2.756990562786025278e-01	3.269272424414907396e-01	3.269272424414907396e-01	3.269272424414907396e-01	6.070354056900160167e-01	3.269272424414907396e-01	2.756990562786025278e-01	6.017745719401249582e-01	3.269272424414907396e-01
3.269272424414907396e-01	6.074245922041759949e-01	6.033761113250970531e-01	3.269272424414907396e-01	6.281972400407349610e-01	5.420536088639450467e-01	6.343482555356719788e-01	7.039829575234729520e-01	1.000000000000000000e+00	3.269272424414907396e-01	2.756990562786025278e-01	2.756990562786025278e-01	3.269272424414907396e-01	2.756990562786025278e-01	3.269272424414907396e-01	5.717997888140740059e-01	5.153281656629019603e-01	3.269272424414907396e-01	3.269272424414907396e-01	3.269272424414907396e-01	3.269272424414907396e-01	5.489033839758109545e-01	6.414270311219070209e-01	2.756990562786025278e-01	3.269272424414907396e-01	2.756990562786025278e-01	5.410830977901179839e-01	3.269272424414907396e-01	2.756990562786025278e-01	2.756990562786025278e-01	3.269272424414907396e-01	3.269272424414907396e-01	2.756990562786025278e-01	2.756990562786025278e-01	5.426965127177769688e-01	3.269272424414907396e-01	3.269272424414907396e-01	5.698175647742379502e-01	5.499581234927579665e-01	3.269272424414907396e-01	5.618678980822250368e-01	3.269272424414907396e-01	2.756990562786025278e-01	2.756990562786025278e-01	2.756990562786025278e-01	5.828989677759139898e-01	5.167779294222659692e-01	2.756990562786025278e-01	2.756990562786025278e-01	3.269272424414907396e-01	5.673154204912620457e-01	3.269272424414907396e-01	2.756990562786025278e-01	3.269272424414907396e-01	2.756990562786025278e-01	2.756990562786025278e-01	5.455529112431329875e-01	3.269272424414907396e-01	2.756990562786025278e-01	3.269272424414907396e-01	3.269272424414907396e-01	5.061992156516099683e-01	2.756990562786025278e-01	3.269272424414907396e-01	3.269272424414907396e-01	3.269272424414907396e-01	3.269272424414907396e-01	3.269272424414907396e-01	5.136626878370540439e-01	3.269272424414907396e-01	5.067062644756059608e-01	3.269272424414907396e-01	5.271113550927859492e-01	5.624873027406279702e-01	3.269272424414907396e-01	3.269272424414907396e-01	3.269272424414907396e-01	3.269272424414907396e-01	2.756990562786025278e-01	3.269272424414907396e-01	5.816110378746579546e-01	2.756990562786025278e-01	2.756990562786025278e-01	3.269272424414907396e-01	3.269272424414907396e-01	2.756990562786025278e-01	3.269272424414907396e-01	2.756990562786025278e-01	3.269272424414907396e-01	3.269272424414907396e-01	3.269272424414907396e-01	3.269272424414907396e-01	3.269272424414907396e-01	3.269272424414907396e-01	2.756990562786025278e-01	3.269272424414907396e-01	5.280688062551950335e-01	5.003654059371870355e-01	5.021233690964469476e-01	3.269272424414907396e-01	2.756990562786025278e-01	2.756990562786025278e-01	3.269272424414907396e-01	2.756990562786025278e-01	5.024302197521820501e-01	2.756990562786025278e-01	5.105195553946270115e-01	2.756990562786025278e-01	3.269272424414907396e-01	5.209210670614510263e-01	5.767707795785179670e-01	3.269272424414907396e-01	5.655948159232500050e-01	3.269272424414907396e-01	5.869068724928470093e-01	3.269272424414907396e-01	5.752438031895299453e-01	5.992576446433940385e-01	6.082012076409279988e-01	3.269272424414907396e-01	4.868535473668669789e-01	3.269272424414907396e-01	3.269272424414907396e-01	3.269272424414907396e-01
3.269272424414907396e-01	3.269272424414907396e-01	5.983310685239020543e-01	5.075250048201870312e-01	3.269272424414907396e-01	2.756990562786025278e-01	3.269272424414907396e-01	3.269272424414907396e-01	3.269272424414907396e-01	1.000000000000000000e+00	3.269272424414907396e-01	3.269272424414907396e-01	3.269272424414907396e-01	3.269272424414907396e-01	3.269272424414907396e-01	3.269272424414907396e-01	3.269272424414907396e-01	4.705383010100990249e-01	3.269272424414907396e-01	6.007836240170419950e-01	3.269272424414907396e-01	3.269272424414907396e-01	6.376043605454599916e-01	3.269272424414907396e-01	2.756990562786025278e-01	3.269272424414907396e-01	5.580876491105399850e-01	3.269272424414907396e-01	2.756990562786025278e-01	2.756990562786025278e-01	3.269272424414907396e-01	3.269272424414907396e-01	2.756990562786025278e-01	3.269272424414907396e-01	3.269272424414907396e-01	3.269272424414907396e-01	2.756990562786025278e-01	2.756990562786025278e-01	3.269272424414907396e-01	3.269272424414907396e-01	3.269272424414907396e-01	3.269272424414907396e-01	5.610824890700339962e-01	3.269272424414907396e-01	4.715005644136079921e-01	5.475707551174390231e-01	3.269272424414907396e-01	3.269272424414907396e-01	3.269272424414907396e-01	2.756990562786025278e-01	3.269272424414907396e-01	3.269272424414907396e-01	3.269272424414907396e-01	3.269272424414907396e-01	3.269272424414907396e-01	2.756990562786025278e-01	2.756990562786025278e-01	5.182631263137990052e-01	2.756990562786025278e-01	3.269272424414907396e-01	5.402746641394220450e-01	3.269272424414907396e-01	5.940108026379780082e-01	5.223196730583600234e-01	5.162540610521080264e-01	5.572029998407069806e-01	2.756990562786025278e-01	2.756990562786025278e-01	2.756990562786025278e-01	3.269272424414907396e-01	5.009454961469480549e-01	3.269272424414907396e-01	3.269272424414907396e-01	2.756990562786025278e-01	3.269272424414907396e-01	2.756990562786025278e-01	3.269272424414907396e-01	4.769496936422120137e-01	3.269272424414907396e-01	2.756990562786025278e-01	3.269272424414907396e-01	5.356029003220630358e-01	5.239202182749780334e-01	3.269272424414907396e-01	3.269272424414907396e-01	3.269272424414907396e-01	5.432942520279080423e-01	3.269272424414907396e-01	3.269272424414907396e-01	2.756990562786025278e-01	3.269272424414907396e-01	3.269272424414907396e-01	3.269272424414907396e-01	3.269272424414907396e-01	3.269272424414907396e-01	3.269272424414907396e-01	5.156186255333600199e-01	3.269272424414907396e-01	3.269272424414907396e-01	2.756990562786025278e-01	3.269272424414907396e-01	4.836431855302140148e-01	3.269272424414907396e-01	3.269272424414907396e-01	2.756990562786025278e-01	4.867826509951200253e-01	2.756990562786025278e-01	2.756990562786025278e-01	3.269272424414907396e-01	2.756990562786025278e-01	5.711802830020390465e-01	5.968958188490399719e-01	3.269272424414907396e-01	2.756990562786025278e-01	2.756990562786025278e-01	2.756990562786025278e-01	3.269272424414907396e-01	2.756990562786025278e-01	3.269272424414907396e-01	6.119437084297729701e-01	3.269272424414907396e-01	6.042585135170439603e-01	3.269272424414907396e-01	3.269272424414907396e-01
3.269272424414907396e-01	2.756990562786025278e-01	2.756990562786025278e-01	4.930025479854149850e-01	3.269272424414907396e-01	2.756990562786025278e-01	3.269272424414907396e-01	2.756990562786025278e-01	2.756990562786025278e-01	3.269272424414907396e-01	1.000000000000000000e+00	6.387238276677520421e-01	2.756990562786025278e-01	3.269272424414907396e-01	3.269272424414907396e-01	3.269272424414907396e-01	5.184680994497840034e-01	4.602840776802969991e-01	5.132402900613499686e-01	3.269272424414907396e-01	3.269272424414907396e-01	2.756990562786025278e-01	3.269272424414907396e-01	2.756990562786025278e-01	3.269272424414907396e-01	3.269272424414907396e-01	2.756990562786025278e-01	3.269272424414907396e-01	3.269272424414907396e-01	3.269272424414907396e-01	3.269272424414907396e-01	2.756990562786025278e-01	2.756990562786025278e-01	3.269272424414907396e-01	4.939430278231090043e-01	3.269272424414907396e-01	2.756990562786025278e-01	3.269272424414907396e-01	2.756990562786025278e-01	2.756990562786025278e-01	3.269272424414907396e-01	3.269272424414907396e-01	3.269272424414907396e-01	3.269272424414907396e-01	3.269272424414907396e-01	3.269272424414907396e-01	3.269272424414907396e-01	5.615754047919010450e-01	3.269272424414907396e-01	3.269272424414907396e-01	3.269272424414907396e-01	2.756990562786025278e-01	2.756990562786025278e-01	2.756990562786025278e-01	5.731363366298679596e-01	3.269272424414907396e-01	5.754314932900379542e-01	2.756990562786025278e-01	3.269272424414907396e-01	3.269272424414907396e-01	3.269272424414907396e-01	2.756990562786025278e-01	3.269272424414907396e-01	3.269272424414907396e-01	3.269272424414907396e-01	3.269272424414907396e-01	3.269272424414907396e-01	5.878859935142459747e-01	3.269272424414907396e-01	3.269272424414907396e-01	3.269272424414907396e-01	2.756990562786025278e-01	2.756990562786025278e-01	5.505649894060730132e-01	5.226565730727139591e-01	3.269272424414907396e-01	3.269272424414907396e-01	3.269272424414907396e-01	3.269272424414907396e-01	2.756990562786025278e-01	6.233758631750130341e-01	3.269272424414907396e-01	2.756990562786025278e-01	2.756990562786025278e-01	2.756990562786025278e-01	2.756990562786025278e-01	2.756990562786025278e-01	3.269272424414907396e-01	3.269272424414907396e-01	2.756990562786025278e-01	3.269272424414907396e-01	3.269272424414907396e-01	3.269272424414907396e-01	4.494758022059390234e-01	2.756990562786025278e-01	5.140387933161899570e-01	5.449276456169359628e-01	3.269272424414907396e-01	5.485276406302369567e-01	5.868684076146190032e-01	3.269272424414907396e-01	3.269272424414907396e-01	3.269272424414907396e-01	3.269272424414907396e-01	2.756990562786025278e-01	5.260020578891400067e-01	5.293229899490949908e-01	3.269272424414907396e-01	3.269272424414907396e-01	2.756990562786025278e-01	2.756990562786025278e-01	3.269272424414907396e-01	5.281664653396720421e-01	3.269272424414907396e-01	3.269272424414907396e-01	2.756990562786025278e-01	3.269272424414907396e-01	3.269272424414907396e-01	3.269272424414907396e-01	3.269272424414907396e-01	3.269272424414907396e-01	3.269272424414907396e-01	3.269272424414907396e-01	3.269272424414907396e-01
2.756990562786025278e-01	2.756990562786025278e-01	2.756990562786025278e-01	3.269272424414907396e-01	3.269272424414907396e-01	3.269272424414907396e-01	6.542556409066010437e-01	2.756990562786025278e-01	2.756990562786025278e-01	3.269272424414907396e-01	6.387238276677520421e-01	1.000000000000000000e+00	3.269272424414907396e-01	2.756990562786025278e-01	2.756990562786025278e-01	2.756990562786025278e-01	3.269272424414907396e-01	3.269272424414907396e-01	5.011120226538160471e-01	6.423816953710429489e-01	3.269272424414907396e-01	3.269272424414907396e-01	3.269272424414907396e-01	5.092952110291010248e-01	3.269272424414907396e-01	3.269272424414907396e-01	3.269272424414907396e-01	2.756990562786025278e-01	5.009377679742940126e-01	5.283630879729269703e-01	2.756990562786025278e-01	3.269272424414907396e-01	2.756990562786025278e-01	2.756990562786025278e-01	2.756990562786025278e-01	4.660790864134050082e-01	3.269272424414907396e-01	4.875884303081490234e-01	3.269272424414907396e-01	4.814199553673079723e-01	2.756990562786025278e-01	2.756990562786025278e-01	5.829754574389020005e-01	3.269272424414907396e-01	4.307338145103800087e-01	3.269272424414907396e-01	4.653638067446089766e-01	3.269272424414907396e-01	2.756990562786025278e-01	2.756990562786025278e-01	3.269272424414907396e-01	5.518205610637849645e-01	2.756990562786025278e-01	5.406143562990429752e-01	3.269272424414907396e-01	3.269272424414907396e-01	3.269272424414907396e-01	4.734732497160700215e-01	3.269272424414907396e-01	3.269272424414907396e-01	3.269272424414907396e-01	5.105700814535719667e-01	3.269272424414907396e-01	3.269272424414907396e-01	4.702117787302569907e-01	3.269272424414907396e-01	2.756990562786025278e-01	3.269272424414907396e-01	3.269272424414907396e-01	5.759987772647969795e-01	3.269272424414907396e-01	3.269272424414907396e-01	2.756990562786025278e-01	3.269272424414907396e-01	5.295865248009880011e-01	5.706306578484630077e-01	3.269272424414907396e-01	3.269272424414907396e-01	3.269272424414907396e-01	3.269272424414907396e-01	3.269272424414907396e-01	3.269272424414907396e-01	2.756990562786025278e-01	3.269272424414907396e-01	3.269272424414907396e-01	5.782651696005529640e-01	3.269272424414907396e-01	3.269272424414907396e-01	6.309984281195980538e-01	3.269272424414907396e-01	6.149874782508849558e-01	3.269272424414907396e-01	2.756990562786025278e-01	4.650184963274340277e-01	2.756990562786025278e-01	2.756990562786025278e-01	3.269272424414907396e-01	3.269272424414907396e-01	5.679299442805280096e-01	3.269272424414907396e-01	3.269272424414907396e-01	2.756990562786025278e-01	5.553903236760560080e-01	3.269272424414907396e-01	2.756990562786025278e-01	5.476096498141329594e-01	3.269272424414907396e-01	5.033377745888080179e-01	3.269272424414907396e-01	2.756990562786025278e-01	5.044592404085169735e-01	2.756990562786025278e-01	2.756990562786025278e-01	3.269272424414907396e-01	2.756990562786025278e-01	2.756990562786025278e-01	3.269272424414907396e-01	2.756990562786025278e-01	3.269272424414907396e-01	2.756990562786025278e-01	2.756990562786025278e-01	6.599103077074409684e-01	2.756990562786025278e-01	6.414685370823099975e-01
