1.000000000000150102e+00	7.078899260707700591e-01	7.078899260707700591e-01	7.078899260707700591e-01	7.683252089389099870e-01	7.950816367389690331e-01	7.078899260707700591e-01	7.627265791359759683e-01	7.921684836817090014e-01	7.078899260707700591e-01	7.078899260707700591e-01	7.078899260707700591e-01	7.839156119132190126e-01	7.078899260707700591e-01	1.000000000000000021e-03	7.547608027569889799e-01	7.064282343042449508e-01	7.078899260707700591e-01	7.418104614312329703e-01	7.078899260707700591e-01	7.708276305114289961e-01	6.507245548586819694e-01	7.078899260707700591e-01	7.078899260707700591e-01	7.360516688544329611e-01	7.999926091443969600e-01	7.078899260707700591e-01	7.078899260707700591e-01	5.554307778606349943e-01	7.125791454851929663e-01	7.078899260707700591e-01	7.666392806525880177e-01	7.078899260707700591e-01	8.132979589205689974e-01	7.078899260707700591e-01	7.078899260707700591e-01	7.371316093620200460e-01	7.996806852163820256e-01	7.078899260707700591e-01	7.078899260707700591e-01	7.078899260707700591e-01	7.201179888161060028e-01	7.675065548303440233e-01	6.817847732510220471e-01	7.078899260707700591e-01	7.078899260707700591e-01	6.875941410140119503e-01	7.078899260707700591e-01	7.078899260707700591e-01	7.544228070326539637e-01	8.029095538142260180e-01	7.078899260707700591e-01	7.078899260707700591e-01	6.571397540738069809e-01	7.194574417710180025e-01	7.078899260707700591e-01	7.078899260707700591e-01	7.078899260707700591e-01	7.148950799731199623e-01	7.078899260707700591e-01	7.078899260707700591e-01	7.342699868547789555e-01	7.078899260707700591e-01	7.078899260707700591e-01	7.078899260707700591e-01	7.078899260707700591e-01	7.078899260707700591e-01	7.078899260707700591e-01	7.078899260707700591e-01	7.078899260707700591e-01	7.078899260707700591e-01	6.770611726751190051e-01	7.655009165359469847e-01	7.078899260707700591e-01	7.758518787014390128e-01	6.200505088368699624e-01	8.046173868523499584e-01	7.936662988326470547e-01	7.078899260707700591e-01	7.078899260707700591e-01	7.922431737485660097e-01	7.078899260707700591e-01	6.666205322273149880e-01	7.631611986649839974e-01	7.078899260707700591e-01	6.728131021789089949e-01	7.078899260707700591e-01	7.078899260707700591e-01	9.054607392694300483e-01	7.078899260707700591e-01	7.078899260707700591e-01	7.696898346054800166e-01	6.705797613984070260e-01	6.560161178793399994e-01	6.397322770189179941e-01	7.078899260707700591e-01	7.925125574038509590e-01	6.320038790620770008e-01	7.078899260707700591e-01	7.449305868031900202e-01	7.892315146712880480e-01	6.705348598717679742e-01	7.078899260707700591e-01	7.078899260707700591e-01	6.491100742456999972e-01	7.078899260707700591e-01	7.810514774412500305e-01	7.461668291445460177e-01	6.830889740484159534e-01	6.934729773252820140e-01	7.078899260707700591e-01	7.775863858710779786e-01	7.562471244380419844e-01	7.078899260707700591e-01	7.078899260707700591e-01	7.078899260707700591e-01	8.997773220336759969e-01	7.078899260707700591e-01	7.078899260707700591e-01	7.078899260707700591e-01	7.078899260707700591e-01	7.078899260707700591e-01	8.155507699420599943e-01	7.844651749141120511e-01
7.078899260707700591e-01	1.000000000000039968e+00	8.394663792201899621e-01	7.078899260707700591e-01	7.078899260707700591e-01	7.307355580440310083e-01	7.536482156798800514e-01	7.217277002772409800e-01	7.078899260707700591e-01	7.078899260707700591e-01	7.499100779699819919e-01	7.078899260707700591e-01	7.078899260707700591e-01	7.078899260707700591e-01	7.078899260707700591e-01	7.307996607734019712e-01	6.327479093900070239e-01	7.076479031565540145e-01	7.002522364194050386e-01	7.078899260707700591e-01	7.023512051990590255e-01	7.078899260707700591e-01	7.078899260707700591e-01	7.140592345998739710e-01	7.078899260707700591e-01	7.078899260707700591e-01	7.471817028383119785e-01	7.180684839159799937e-01	5.696859287072060241e-01	6.504826775841600073e-01	7.393766454845079883e-01	7.078899260707700591e-01	7.078899260707700591e-01	7.617195659387929751e-01	7.078899260707700591e-01	7.078899260707700591e-01	7.078899260707700591e-01	7.579301810109250193e-01	7.078899260707700591e-01	7.078899260707700591e-01	6.127073266586899880e-01	7.032342425550299758e-01	7.059348011157390301e-01	6.315495412873870507e-01	7.078899260707700591e-01	6.485848579016579851e-01	6.262391107686620106e-01	6.576416556991460105e-01	7.286746893825080118e-01	7.175413595946570355e-01	7.577396195048480276e-01	6.838037344524769967e-01	7.078899260707700591e-01	6.000060046246239454e-01	7.078899260707700591e-01	7.312040549925440391e-01	7.078899260707700591e-01	6.376657116855519725e-01	6.586062367169019938e-01	7.078899260707700591e-01	7.078899260707700591e-01	7.078899260707700591e-01	7.785018049543920293e-01	6.213404707105080194e-01	5.910067758567599805e-01	7.265307134361319585e-01	6.878935470062450541e-01	6.734525485162500269e-01	7.078899260707700591e-01	5.741233552321759470e-01	6.475614441691670553e-01	7.078899260707700591e-01	7.078899260707700591e-01	7.078899260707700591e-01	7.164089650239490181e-01	6.122869373920759584e-01	7.650539900394599524e-01	7.491039795731999629e-01	7.116179020885019524e-01	7.250522767857709994e-01	7.486694266260750519e-01	6.319306080162500061e-01	6.314905143610100025e-01	7.078899260707700591e-01	6.111442726820109916e-01	6.108308507336229765e-01	7.078899260707700591e-01	7.696571704781479673e-01	8.755085766309119721e-01	7.126373081940160503e-01	7.078899260707700591e-01	7.078899260707700591e-01	6.156675624168820304e-01	6.113830392146829551e-01	6.034554443362539766e-01	7.174238695472290317e-01	7.652859857826349588e-01	7.078899260707700591e-01	7.078899260707700591e-01	7.285125067615280114e-01	7.078899260707700591e-01	7.078899260707700591e-01	5.932231238083269798e-01	6.124735774816439937e-01	5.871106185834720215e-01	7.078899260707700591e-01	7.483546655394229807e-01	7.078899260707700591e-01	7.078899260707700591e-01	7.078899260707700591e-01	7.520472201941319490e-01	7.178793586019279749e-01	7.078899260707700591e-01	7.453081826597539594e-01	7.078899260707700591e-01	8.150047196105160152e-01	8.471840368539600430e-01	7.078899260707700591e-01	8.205860742297099719e-01	7.257599209402649798e-01	7.078899260707700591e-01	7.078899260707700591e-01	7.616632835359370413e-01	7.491340276767020079e-01
7.078899260707700591e-01	8.394663792201899621e-01	1.000000000000049960e+00	7.420275652438319547e-01	7.078899260707700591e-01	7.078899260707700591e-01	7.078899260707700591e-01	7.614694629099449941e-01	8.033860014851900155e-01	7.090302181253169689e-01	7.246107028628659963e-01	7.078899260707700591e-01	7.696195840149580025e-01	7.078899260707700591e-01	7.078899260707700591e-01	7.078899260707700591e-01	7.078899260707700591e-01	7.078899260707700591e-01	7.078899260707700591e-01	7.078899260707700591e-01	7.078899260707700591e-01	7.078899260707700591e-01	7.148501550525040438e-01	7.048507191199320232e-01	7.298847503089990196e-01	7.897952882332309743e-01	7.496524319181320228e-01	7.197870852485519499e-01	7.078899260707700591e-01	7.078899260707700591e-01	7.603400995070730417e-01	7.741004113906110318e-01	8.021797485230010016e-01	7.078899260707700591e-01	6.996987263033610516e-01	7.078899260707700591e-01	7.078899260707700591e-01	7.624614331010090007e-01	6.940686352281419946e-01	7.007196985600450123e-01	7.078899260707700591e-01	7.078899260707700591e-01	7.891969096164860309e-01	6.672959005555529899e-01	7.881534457843329955e-01	7.126013780771449646e-01	7.078899260707700591e-01	7.078899260707700591e-01	7.078899260707700591e-01	7.261346361087910317e-01	8.131012135627589954e-01	6.786669334333039760e-01	7.078899260707700591e-01	6.529865639970979796e-01	7.078899260707700591e-01	7.078899260707700591e-01	7.078899260707700591e-01	7.078899260707700591e-01	7.078899260707700591e-01	7.078899260707700591e-01	7.078899260707700591e-01	7.188022005250239710e-01	7.078899260707700591e-01	7.078899260707700591e-01	7.078899260707700591e-01	7.148375899648109488e-01	7.393952752606679502e-01	7.089004800781629756e-01	7.078899260707700591e-01	6.540359107377140546e-01	7.078899260707700591e-01	6.758748871486349730e-01	7.078899260707700591e-01	7.871731295809050177e-01	7.078899260707700591e-01	5.722338118653269579e-01	7.078899260707700591e-01	7.691798503210379723e-01	7.636247514574280304e-01	7.078899260707700591e-01	7.078899260707700591e-01	7.078899260707700591e-01	6.458154691067460318e-01	7.905860073677060118e-01	6.869233596240159612e-01	6.922675113209220132e-01	7.078899260707700591e-01	7.885581207871490417e-01	8.761937220453700492e-01	7.078899260707700591e-01	7.078899260707700591e-01	7.078899260707700591e-01	6.648934348635110458e-01	6.393983155449749489e-01	7.078899260707700591e-01	7.078899260707700591e-01	7.078899260707700591e-01	5.959826557824909887e-01	7.078899260707700591e-01	7.172259260075309895e-01	7.078899260707700591e-01	7.078899260707700591e-01	7.078899260707700591e-01	7.078899260707700591e-01	7.078899260707700591e-01	7.078899260707700591e-01	7.078899260707700591e-01	7.078899260707700591e-01	6.454635360246010478e-01	6.880640068747789773e-01	7.627071108704639446e-01	7.756568123547590288e-01	7.078899260707700591e-01	7.078899260707700591e-01	7.078899260707700591e-01	7.078899260707700591e-01	7.078899260707700591e-01	7.078899260707700591e-01	8.721487253111970261e-01	7.324936725015599448e-01	7.078899260707700591e-01	7.802613994509519646e-01	8.044544146789019967e-01	7.717770643781529660e-01
7.078899260707700591e-01	7.078899260707700591e-01	7.420275652438319547e-01	9.999999999999239497e-01	7.445979031813190208e-01	7.207807269754330504e-01	7.504874391728569849e-01	7.181022492762709764e-01	7.280273306376749964e-01	7.078899260707700591e-01	7.078899260707700591e-01	7.078899260707700591e-01	7.078899260707700591e-01	7.078899260707700591e-01	7.078899260707700591e-01	7.708721225608220484e-01	7.078899260707700591e-01	7.807630397813940526e-01	7.662793653229149626e-01	7.250100634356250184e-01	7.422231277022039997e-01	7.078899260707700591e-01	7.375225905197410059e-01	7.856320168511530255e-01	7.511611223686249783e-01	7.078899260707700591e-01	7.078899260707700591e-01	7.518317519579660324e-01	7.078899260707700591e-01	6.953049627810500288e-01	7.938564783533389457e-01	7.204129134166760151e-01	7.078899260707700591e-01	7.078899260707700591e-01	6.667331853500589878e-01	7.896155863862930335e-01	7.078899260707700591e-01	7.078899260707700591e-01	7.078899260707700591e-01	7.078899260707700591e-01	7.078899260707700591e-01	7.078899260707700591e-01	7.078899260707700591e-01	7.078899260707700591e-01	7.078899260707700591e-01	6.893631842537569776e-01	7.078899260707700591e-01	7.078899260707700591e-01	8.230855833391129694e-01	7.331484515314260486e-01	7.124877194650980350e-01	7.078899260707700591e-01	7.078899260707700591e-01	6.191762967883119861e-01	7.078899260707700591e-01	7.078899260707700591e-01	6.596569612534169957e-01	7.041737188322679808e-01	7.078899260707700591e-01	6.234903035232890467e-01	7.824143472063630478e-01	7.078899260707700591e-01	7.078899260707700591e-01	7.078899260707700591e-01	6.020408706199319449e-01	7.078899260707700591e-01	7.522413760557440376e-01	7.415565200541830437e-01	7.078899260707700591e-01	7.078899260707700591e-01	7.078899260707700591e-01	6.335367000939590154e-01	7.078899260707700591e-01	7.975405139110860464e-01	7.817047719941010442e-01	7.078899260707700591e-01	7.078899260707700591e-01	7.773240461859060035e-01	7.078899260707700591e-01	7.078899260707700591e-01	7.401606222941450319e-01	7.078899260707700591e-01	7.078899260707700591e-01	6.771917997590000127e-01	7.078899260707700591e-01	7.078899260707700591e-01	7.078899260707700591e-01	7.822626984905890479e-01	7.078899260707700591e-01	7.078899260707700591e-01	7.078899260707700591e-01	7.078899260707700591e-01	7.078899260707700591e-01	6.229679433040929970e-01	7.078899260707700591e-01	7.639870691846739614e-01	7.078899260707700591e-01	6.431115070991409999e-01	7.078899260707700591e-01	7.581466953940489972e-01	7.373804785520560179e-01	6.118582054683080473e-01	7.078899260707700591e-01	7.110510595361629882e-01	7.078899260707700591e-01	6.935235719379230224e-01	7.078899260707700591e-01	7.244020726531269494e-01	7.078899260707700591e-01	7.078899260707700591e-01	7.710432758936910380e-01	7.078899260707700591e-01	7.078899260707700591e-01	7.731793607557370107e-01	7.597460840064029775e-01	7.078899260707700591e-01	7.078899260707700591e-01	7.614816447992069914e-01	7.654056829153760289e-01	7.051822517835989457e-01	7.078899260707700591e-01	7.284865372881420553e-01	7.078899260707700591e-01	7.078899260707700591e-01
7.683252089389099870e-01	7.078899260707700591e-01	7.078899260707700591e-01	7.445979031813190208e-01	9.999999999999039657e-01	7.078899260707700591e-01	7.078899260707700591e-01	7.078899260707700591e-01	7.078899260707700591e-01	7.787956233666749606e-01	7.078899260707700591e-01	7.078899260707700591e-01	7.380916297904730472e-01	7.078899260707700591e-01	7.078899260707700591e-01	7.078899260707700591e-01	7.078899260707700591e-01	7.078899260707700591e-01	7.078899260707700591e-01	7.078899260707700591e-01	6.689993277181079945e-01	7.078899260707700591e-01	7.586454553841429638e-01	7.078899260707700591e-01	7.669716156834700538e-01	8.164298119281210298e-01	7.078899260707700591e-01	7.655147549015419717e-01	7.078899260707700591e-01	6.275755332062680214e-01	7.312083089281700143e-01	7.078899260707700591e-01	7.041659277311099752e-01	7.658178617623050410e-01	7.078899260707700591e-01	7.078899260707700591e-01	7.078899260707700591e-01	7.078899260707700591e-01	7.078899260707700591e-01	7.078899260707700591e-01	7.078899260707700591e-01	7.452762649171360554e-01	7.078899260707700591e-01	7.078899260707700591e-01	7.306759045206180359e-01	7.078899260707700591e-01	6.098724499645119534e-01	7.078899260707700591e-01	7.382274103956939504e-01	7.105436868432160047e-01	7.339253853697209617e-01	7.078899260707700591e-01	6.816846996436980444e-01	5.868052060696909988e-01	6.591719515230050064e-01	7.031442807714539667e-01	7.078899260707700591e-01	6.744261487411680189e-01	6.439135315792819947e-01	7.078899260707700591e-01	7.571346438040930105e-01	6.660971453180379864e-01	7.078899260707700591e-01	7.078899260707700591e-01	5.594590327854810363e-01	7.078899260707700591e-01	6.750627225994639824e-01	7.078899260707700591e-01	7.078899260707700591e-01	5.519522780957250019e-01	7.078899260707700591e-01	7.078899260707700591e-01	7.078899260707700591e-01	7.078899260707700591e-01	7.078899260707700591e-01	6.609952827220150207e-01	7.799358296349390152e-01	7.456685411446910550e-01	7.078899260707700591e-01	7.133306055216840358e-01	7.885925745213580029e-01	7.078899260707700591e-01	7.078899260707700591e-01	6.549440546313389788e-01	7.078899260707700591e-01	7.078899260707700591e-01	7.078899260707700591e-01	7.528571146729959862e-01	7.078899260707700591e-01	7.010652184104659845e-01	7.078899260707700591e-01	7.078899260707700591e-01	5.815766194420329827e-01	6.003557818462810225e-01	7.078899260707700591e-01	7.105953086949789999e-01	7.554924797671880299e-01	6.222034446684580056e-01	6.892182156245439950e-01	7.078899260707700591e-01	7.078899260707700591e-01	7.078899260707700591e-01	5.892101797761919446e-01	6.581718745187770114e-01	5.601023999948759879e-01	7.078899260707700591e-01	7.078899260707700591e-01	7.078899260707700591e-01	6.772130449821720521e-01	6.283638506037140248e-01	7.335607207475030034e-01	6.914999477952500362e-01	6.801212126255520296e-01	7.554926580601839525e-01	7.078899260707700591e-01	7.647904251016459654e-01	7.078899260707700591e-01	7.078899260707700591e-01	7.722545510687489623e-01	7.078899260707700591e-01	8.075192387356849855e-01	7.824747044081550307e-01	7.078899260707700591e-01	7.078899260707700591e-01
7.950816367389690331e-01	7.307355580440310083e-01	7.078899260707700591e-01	7.207807269754330504e-01	7.078899260707700591e-01	1.000000000000019984e+00	7.078899260707700591e-01	7.078899260707700591e-01	7.078899260707700591e-01	6.545437816633390415e-01	7.078899260707700591e-01	6.339365051944759744e-01	7.555625907980190181e-01	6.963415999299380488e-01	7.078899260707700591e-01	7.078899260707700591e-01	7.439523236337279855e-01	7.465139266551550357e-01	7.078899260707700591e-01	6.662366694044470350e-01	7.602928361378430422e-01	5.674497962059860123e-01	6.655303399375389617e-01	7.078899260707700591e-01	7.078899260707700591e-01	7.490180711199639907e-01	7.078899260707700591e-01	7.078899260707700591e-01	7.078899260707700591e-01	7.395638556995209889e-01	7.367426418887670359e-01	7.078899260707700591e-01	7.746726109776540525e-01	8.363772801170490379e-01	7.078899260707700591e-01	7.078899260707700591e-01	7.078899260707700591e-01	7.078899260707700591e-01	7.078899260707700591e-01	6.723379048668349789e-01	7.078899260707700591e-01	7.078899260707700591e-01	7.512142244934360003e-01	7.078899260707700591e-01	7.078899260707700591e-01	7.078899260707700591e-01	7.078899260707700591e-01	6.972890437403920227e-01	7.078899260707700591e-01	7.078899260707700591e-01	7.078899260707700591e-01	7.078899260707700591e-01	6.730415864004239967e-01	6.211511090478759600e-01	7.078899260707700591e-01	7.830315474274259779e-01	5.543831071294269552e-01	5.688749703668259938e-01	7.078899260707700591e-01	7.078899260707700591e-01	6.755861289485419752e-01	7.078899260707700591e-01	7.583169516835169821e-01	7.078899260707700591e-01	7.078899260707700591e-01	6.816338344072520039e-01	7.078899260707700591e-01	6.914312950237859745e-01	6.446495733906010273e-01	6.236973482562649940e-01	7.078899260707700591e-01	7.078899260707700591e-01	7.078899260707700591e-01	7.553339892665810185e-01	7.645229345833499668e-01	5.588041021513689977e-01	7.710205486036539879e-01	7.368644925909290100e-01	7.078899260707700591e-01	7.078899260707700591e-01	7.653842136885740111e-01	7.078899260707700591e-01	6.168376265199669861e-01	7.078899260707700591e-01	7.078899260707700591e-01	7.078899260707700591e-01	7.078899260707700591e-01	7.078899260707700591e-01	7.830743726092009860e-01	6.634314446811899746e-01	7.078899260707700591e-01	7.531575748915669832e-01	6.536584818038939648e-01	6.065664598337210389e-01	5.887434980733530221e-01	7.078899260707700591e-01	7.078899260707700591e-01	5.604041490586130214e-01	7.078899260707700591e-01	7.078899260707700591e-01	7.078899260707700591e-01	7.078899260707700591e-01	7.078899260707700591e-01	5.449830625114540084e-01	7.078899260707700591e-01	7.078899260707700591e-01	7.176723603838629506e-01	7.078899260707700591e-01	6.411853204952630003e-01	7.078899260707700591e-01	7.124175391245920475e-01	7.545178499874229949e-01	7.078899260707700591e-01	7.193704539818239763e-01	7.078899260707700591e-01	7.831067518994320187e-01	7.078899260707700591e-01	7.900577729827860107e-01	7.874330229999649822e-01	7.080464514288370426e-01	7.078899260707700591e-01	7.349550433067499888e-01	7.078899260707700591e-01	7.509041979563070290e-01
7.078899260707700591e-01	7.536482156798800514e-01	7.078899260707700591e-01	7.504874391728569849e-01	7.078899260707700591e-01	7.078899260707700591e-01	1.000000000000029976e+00	8.362504673261109689e-01	8.440413644076200095e-01	7.078899260707700591e-01	7.535142710660649445e-01	7.214428863491080257e-01	7.702351754491040259e-01	6.961572725293370123e-01	7.078899260707700591e-01	7.294996252225219857e-01	7.078899260707700591e-01	7.078899260707700591e-01	7.049388304259589511e-01	7.078899260707700591e-01	7.219760260247619632e-01	6.320216301520460433e-01	7.078899260707700591e-01	7.078899260707700591e-01	7.078899260707700591e-01	8.052508817397789898e-01	7.394179198836710043e-01	8.042793406830629488e-01	5.636151265192580473e-01	7.078899260707700591e-01	7.482468290878440120e-01	7.339368757910089691e-01	7.448597599731969776e-01	7.078899260707700591e-01	7.078899260707700591e-01	7.078899260707700591e-01	6.939045876103070443e-01	7.609445692183729459e-01	6.690217020381179491e-01	7.235968488200019699e-01	7.078899260707700591e-01	7.078899260707700591e-01	7.078899260707700591e-01	7.078899260707700591e-01	7.078899260707700591e-01	7.078899260707700591e-01	7.078899260707700591e-01	6.818205208775529602e-01	7.078899260707700591e-01	7.078899260707700591e-01	7.078899260707700591e-01	7.078899260707700591e-01	6.886790368707219612e-01	6.206520801724230152e-01	7.078899260707700591e-01	7.529279567903139903e-01	6.057400038680219589e-01	7.078899260707700591e-01	7.078899260707700591e-01	7.078899260707700591e-01	7.078899260707700591e-01	7.078899260707700591e-01	7.078899260707700591e-01	6.432827384254490299e-01	7.078899260707700591e-01	7.250653221309379948e-01	7.078899260707700591e-01	7.078899260707700591e-01	6.838509629484750274e-01	5.982052939661239854e-01	6.574350158185640058e-01	6.488872557928280216e-01	7.358422913885810379e-01	7.078899260707700591e-01	7.078899260707700591e-01	6.306762792498159520e-01	7.078899260707700591e-01	7.606556009021140374e-01	7.078899260707700591e-01	7.370558995758980103e-01	8.211727508751169857e-01	7.078899260707700591e-01	6.238651635577230348e-01	7.193252453056869777e-01	6.302925494615350122e-01	6.381384440192350294e-01	6.995801770494629590e-01	7.753074405019140247e-01	7.946506726070700077e-01	6.960273187437100439e-01	7.078899260707700591e-01	7.078899260707700591e-01	6.197083940421670434e-01	6.205781180580800527e-01	7.078899260707700591e-01	7.078899260707700591e-01	7.078899260707700591e-01	6.119911516468750090e-01	7.103770502904079853e-01	7.156552545557050005e-01	7.078899260707700591e-01	7.078899260707700591e-01	6.146162467141460528e-01	7.078899260707700591e-01	7.078899260707700591e-01	7.078899260707700591e-01	7.647044274046510548e-01	7.043632658886209708e-01	6.832211311054440239e-01	7.078899260707700591e-01	7.078899260707700591e-01	7.368504727826870049e-01	7.159337432335439733e-01	7.604635761669350513e-01	7.666307554644640199e-01	7.078899260707700591e-01	7.924616663518569970e-01	7.875866611092540159e-01	7.078899260707700591e-01	7.546305195904979835e-01	7.078899260707700591e-01	7.078899260707700591e-01	7.078899260707700591e-01	7.078899260707700591e-01
7.627265791359759683e-01	7.217277002772409800e-01	7.614694629099449941e-01	7.181022492762709764e-01	7.078899260707700591e-01	7.078899260707700591e-01	8.362504673261109689e-01	9.999999999999610312e-01	8.364333748233809818e-01	7.078899260707700591e-01	7.280586777077570071e-01	6.839264225554639864e-01	7.347488015170580145e-01	6.674263541361570296e-01	1.000000000000000021e-03	7.078899260707700591e-01	7.078899260707700591e-01	7.220902466997080049e-01	6.638371564913559952e-01	7.197017193806699575e-01	7.093566344199879747e-01	7.078899260707700591e-01	7.078899260707700591e-01	7.078899260707700591e-01	7.768407421811469593e-01	7.078899260707700591e-01	7.021526042592789452e-01	7.078899260707700591e-01	5.069164545522689691e-01	7.078899260707700591e-01	7.226385646273969510e-01	7.030110885024289935e-01	7.268540155337449571e-01	7.365795284572399515e-01	7.078899260707700591e-01	7.171679430200930128e-01	6.698236723964080541e-01	7.113808507638279544e-01	7.078899260707700591e-01	6.654628820900739816e-01	6.163469512458019661e-01	7.793352781286130293e-01	7.078899260707700591e-01	7.078899260707700591e-01	7.078899260707700591e-01	6.845169783181620504e-01	7.078899260707700591e-01	7.078899260707700591e-01	6.888336433110250345e-01	6.811047831457329726e-01	7.078899260707700591e-01	6.556748264538579951e-01	6.516321954883269596e-01	5.922517430328320120e-01	6.457982864741620421e-01	7.078899260707700591e-01	7.078899260707700591e-01	5.778154757582559808e-01	6.372788280817399675e-01	5.526746976493199792e-01	7.078899260707700591e-01	6.544765593069810095e-01	7.751358863537239907e-01	7.078899260707700591e-01	7.078899260707700591e-01	7.078899260707700591e-01	6.863902297405749531e-01	7.078899260707700591e-01	6.349016165233369868e-01	7.078899260707700591e-01	7.078899260707700591e-01	6.180837645070980102e-01	6.947563217447669803e-01	7.078899260707700591e-01	7.078899260707700591e-01	5.651234768294629562e-01	7.078899260707700591e-01	7.181925607455169613e-01	6.928259522684310223e-01	6.960216112244760334e-01	7.078899260707700591e-01	6.078461867685619469e-01	5.929100162747350522e-01	7.080206301270649538e-01	6.076845909198039797e-01	7.078899260707700591e-01	7.078899260707700591e-01	7.078899260707700591e-01	7.556002254438980437e-01	7.078899260707700591e-01	7.078899260707700591e-01	6.986217714662019684e-01	5.908194611205870306e-01	7.078899260707700591e-01	5.726791118897059940e-01	7.078899260707700591e-01	7.078899260707700591e-01	5.620368044888689463e-01	6.573479863955650204e-01	6.982355559546159496e-01	7.078899260707700591e-01	7.078899260707700591e-01	7.078899260707700591e-01	5.603331498394820143e-01	5.816380623500230218e-01	6.114073959034189709e-01	7.079145344597209677e-01	7.078899260707700591e-01	7.078899260707700591e-01	7.078899260707700591e-01	7.194158053795239871e-01	7.232358119402230168e-01	7.078899260707700591e-01	7.029549557981930041e-01	7.078899260707700591e-01	7.599031433582630335e-01	7.078899260707700591e-01	7.078899260707700591e-01	7.078899260707700591e-01	7.254152871904849809e-01	7.078899260707700591e-01	7.656456929880399720e-01	7.078899260707700591e-01	7.386738876253069463e-01
7.921684836817090014e-01	7.078899260707700591e-01	8.033860014851900155e-01	7.280273306376749964e-01	7.078899260707700591e-01	7.078899260707700591e-01	8.440413644076200095e-01	8.364333748233809818e-01	1.000000000000129896e+00	7.078899260707700591e-01	7.078899260707700591e-01	6.501090204039750020e-01	7.645032985873539966e-01	7.098210932437609699e-01	1.000000000000000021e-03	7.254598811919540369e-01	7.415554263954120540e-01	7.682730725569479890e-01	7.078899260707700591e-01	7.078899260707700591e-01	7.770797125852559883e-01	5.789967068882390100e-01	7.078899260707700591e-01	7.078899260707700591e-01	7.683907080378129528e-01	7.078899260707700591e-01	7.078899260707700591e-01	7.078899260707700591e-01	4.834026200638369963e-01	7.236652421793710044e-01	7.498205861629969604e-01	7.078899260707700591e-01	7.696761003405909740e-01	7.655365566777280195e-01	7.078899260707700591e-01	7.078899260707700591e-01	7.148993871894999685e-01	7.078899260707700591e-01	7.078899260707700591e-01	6.669834950492260495e-01	7.078899260707700591e-01	7.078899260707700591e-01	7.078899260707700591e-01	6.453394557115700314e-01	7.078899260707700591e-01	7.289815265979799896e-01	7.078899260707700591e-01	7.078899260707700591e-01	7.078899260707700591e-01	7.078899260707700591e-01	7.896005742047700338e-01	7.078899260707700591e-01	6.800572468414129990e-01	7.078899260707700591e-01	7.078899260707700591e-01	7.801229341602710088e-01	7.078899260707700591e-01	7.078899260707700591e-01	6.786210377428270046e-01	7.078899260707700591e-01	6.716016635903879761e-01	6.830971577228569513e-01	7.710946918492640467e-01	6.660701718879940003e-01	7.078899260707700591e-01	6.891934437485760512e-01	7.078899260707700591e-01	7.078899260707700591e-01	7.078899260707700591e-01	6.441340697564289508e-01	6.408698959672060047e-01	7.078899260707700591e-01	7.078899260707700591e-01	7.506623600996610302e-01	7.459132460572369672e-01	5.575829886606710195e-01	7.764668501566149850e-01	7.078899260707700591e-01	7.078899260707700591e-01	7.205679999413110437e-01	8.024948497423619598e-01	7.078899260707700591e-01	7.078899260707700591e-01	7.078899260707700591e-01	6.677309381198079929e-01	7.078899260707700591e-01	7.078899260707700591e-01	7.435645125991969806e-01	7.674097749924829737e-01	7.078899260707700591e-01	7.078899260707700591e-01	7.438269851748809947e-01	6.497058651767499970e-01	7.078899260707700591e-01	5.843618840406750170e-01	7.078899260707700591e-01	7.078899260707700591e-01	7.078899260707700591e-01	7.078899260707700591e-01	6.890793863315870516e-01	7.841773710931440045e-01	6.658924324962409713e-01	6.197546412296659479e-01	5.482881363808570496e-01	7.078899260707700591e-01	6.339916961048429611e-01	7.078899260707700591e-01	7.078899260707700591e-01	7.078899260707700591e-01	7.078899260707700591e-01	7.078899260707700591e-01	7.830259293146399902e-01	7.078899260707700591e-01	7.078899260707700591e-01	7.078899260707700591e-01	7.725783476136910410e-01	7.078899260707700591e-01	7.078899260707700591e-01	7.827299021139469959e-01	7.078899260707700591e-01	7.622439309102400085e-01	7.078899260707700591e-01	7.691761787753029767e-01	7.449681703761129592e-01
7.078899260707700591e-01	7.078899260707700591e-01	7.090302181253169689e-01	7.078899260707700591e-01	7.787956233666749606e-01	6.545437816633390415e-01	7.078899260707700591e-01	7.078899260707700591e-01	7.078899260707700591e-01	1.000000000000069944e+00	7.818045553665550207e-01	7.078899260707700591e-01	7.079819749992110056e-01	7.078899260707700591e-01	1.000000000000000021e-03	7.078899260707700591e-01	5.935043776495589896e-01	7.078899260707700591e-01	7.071409673236309645e-01	7.078899260707700591e-01	6.669252882462559651e-01	7.078899260707700591e-01	7.078899260707700591e-01	7.231776445234360251e-01	7.078899260707700591e-01	7.078899260707700591e-01	7.078899260707700591e-01	7.260325728302959858e-01	7.078899260707700591e-01	7.078899260707700591e-01	7.078899260707700591e-01	6.481300124120179529e-01	6.810782659484380108e-01	7.078899260707700591e-01	7.078899260707700591e-01	7.362097562601149781e-01	7.078899260707700591e-01	7.698490138334389554e-01	6.186590113751709863e-01	7.409775244237749581e-01	5.740301739899099642e-01	7.202946112289010383e-01	6.926423660475270472e-01	6.310130744841779826e-01	7.078899260707700591e-01	6.280680756981019686e-01	7.078899260707700591e-01	6.337607992335909657e-01	7.259433082963719919e-01	7.493601016802099446e-01	7.078899260707700591e-01	7.078899260707700591e-01	7.153827719433200061e-01	6.055728305282019885e-01	7.078899260707700591e-01	7.078899260707700591e-01	6.612011652045099996e-01	6.749784658864099729e-01	7.078899260707700591e-01	7.078899260707700591e-01	7.078899260707700591e-01	7.078899260707700591e-01	7.421003473539390383e-01	6.280579013027159929e-01	5.882388911044079682e-01	7.078899260707700591e-01	7.078899260707700591e-01	7.078899260707700591e-01	6.797149468553510543e-01	5.573356288738480213e-01	7.078899260707700591e-01	6.014815033530449551e-01	7.078899260707700591e-01	7.301664483160279495e-01	6.929619476188569882e-01	6.478095509339589775e-01	7.078899260707700591e-01	7.225775987655139732e-01	7.136672410884179474e-01	6.914615715326659640e-01	7.078899260707700591e-01	6.434287857663799626e-01	7.078899260707700591e-01	6.334688799048220353e-01	7.078899260707700591e-01	7.078899260707700591e-01	7.078899260707700591e-01	7.078899260707700591e-01	7.078899260707700591e-01	7.334781586637240114e-01	7.367891041019339893e-01	7.078899260707700591e-01	7.078899260707700591e-01	6.267779289461400394e-01	6.179715534719459891e-01	7.078899260707700591e-01	7.078899260707700591e-01	6.473151931520140234e-01	7.078899260707700591e-01	7.478666049448849940e-01	7.078899260707700591e-01	7.078899260707700591e-01	6.014293586455109475e-01	6.583721504119139922e-01	7.078899260707700591e-01	6.863988819866729818e-01	7.485563512862399849e-01	6.751251647621759888e-01	7.078899260707700591e-01	7.078899260707700591e-01	7.580627096974700274e-01	7.078899260707700591e-01	7.078899260707700591e-01	7.337169446590630084e-01	7.091488662182230396e-01	7.074979256930860050e-01	7.372206898163210509e-01	7.230203192690619618e-01	7.078899260707700591e-01	7.219754121090899979e-01	7.078899260707700591e-01	7.428973998835820547e-01	7.078899260707700591e-01	7.284072042017469828e-01
7.078899260707700591e-01	7.499100779699819919e-01	7.246107028628659963e-01	7.078899260707700591e-01	7.078899260707700591e-01	7.078899260707700591e-01	7.535142710660649445e-01	7.280586777077570071e-01	7.078899260707700591e-01	7.818045553665550207e-01	9.999999999999910072e-01	7.078899260707700591e-01	7.078899260707700591e-01	7.078899260707700591e-01	1.000000000000000021e-03	7.295471562334859827e-01	7.078899260707700591e-01	6.844377720991130509e-01	7.078899260707700591e-01	7.977395490202150441e-01	7.078899260707700591e-01	7.118951227461119968e-01	7.078899260707700591e-01	7.078899260707700591e-01	7.446108617716139522e-01	7.078899260707700591e-01	7.436707549061869482e-01	7.627088048656499586e-01	6.410053293338090485e-01	6.015826255227200159e-01	7.078899260707700591e-01	6.833000472582869689e-01	7.078899260707700591e-01	7.509409951788830195e-01	7.078899260707700591e-01	7.484180985393089625e-01	6.542759240784640218e-01	7.078899260707700591e-01	7.078899260707700591e-01	7.078899260707700591e-01	7.078899260707700591e-01	7.359518722188990170e-01	7.078899260707700591e-01	7.078899260707700591e-01	7.110375487605620215e-01	6.359853667902900520e-01	6.147193442762509674e-01	6.298967754705929734e-01	7.078899260707700591e-01	7.078899260707700591e-01	7.337797815245410415e-01	7.078899260707700591e-01	7.078899260707700591e-01	5.871194353172159985e-01	6.538163720910740162e-01	7.078899260707700591e-01	7.078899260707700591e-01	6.981262777406670450e-01	7.078899260707700591e-01	6.052282790209270180e-01	7.078899260707700591e-01	7.078899260707700591e-01	7.078899260707700591e-01	7.078899260707700591e-01	7.078899260707700591e-01	7.078899260707700591e-01	6.572151940677000148e-01	7.078899260707700591e-01	6.770975952294490119e-01	5.409198678625599666e-01	6.515387553503579898e-01	6.027624617942319851e-01	7.078899260707700591e-01	7.078899260707700591e-01	7.067103306922000172e-01	7.078899260707700591e-01	7.078899260707700591e-01	7.078899260707700591e-01	7.078899260707700591e-01	7.091204940035970017e-01	7.078899260707700591e-01	6.430960323665190215e-01	6.181247017224219542e-01	6.384784017130380462e-01	5.821932962536130463e-01	5.703418640438610021e-01	6.810402794121039882e-01	7.509477223810939739e-01	7.078899260707700591e-01	7.078899260707700591e-01	7.458268965652280480e-01	7.078899260707700591e-01	5.778529123028099956e-01	7.078899260707700591e-01	7.078899260707700591e-01	6.846977927317769996e-01	7.443219129716740490e-01	7.078899260707700591e-01	6.815353100562070443e-01	7.078899260707700591e-01	7.871220722774739942e-01	7.078899260707700591e-01	5.887229637794769710e-01	6.786376256491329917e-01	5.570264098747780279e-01	7.078899260707700591e-01	7.462185355409409748e-01	7.078899260707700591e-01	6.792123715860309829e-01	7.078899260707700591e-01	7.372410688738220141e-01	6.771401785665149831e-01	7.078899260707700591e-01	7.078899260707700591e-01	7.234619277093109480e-01	7.078899260707700591e-01	7.078899260707700591e-01	7.078899260707700591e-01	7.566395996126999979e-01	7.078899260707700591e-01	7.078899260707700591e-01	7.801859567494160430e-01	7.397077714002230353e-01	7.532184755286850386e-01
7.078899260707700591e-01	7.078899260707700591e-01	7.078899260707700591e-01	7.078899260707700591e-01	7.078899260707700591e-01	6.339365051944759744e-01	7.214428863491080257e-01	6.839264225554639864e-01	6.501090204039750020e-01	7.078899260707700591e-01	7.078899260707700591e-01	1.000000000000039968e+00	6.853257187023239494e-01	7.078899260707700591e-01	7.078899260707700591e-01	6.704343578961550199e-01	7.078899260707700591e-01	6.403516856582219807e-01	6.708573263868929937e-01	7.510850218762360475e-01	5.974242462789499664e-01	6.845490040702459922e-01	7.403305082298560214e-01	6.988797772738569725e-01	7.078899260707700591e-01	7.078899260707700591e-01	7.078899260707700591e-01	7.177800141177640425e-01	6.507082475433050295e-01	7.078899260707700591e-01	7.078899260707700591e-01	7.078899260707700591e-01	6.387224154796460329e-01	7.141488370987599810e-01	7.078899260707700591e-01	7.078899260707700591e-01	6.257792659814600533e-01	7.393283548759279622e-01	7.078899260707700591e-01	7.242619305995200429e-01	7.078899260707700591e-01	7.016179986606050356e-01	7.078899260707700591e-01	7.078899260707700591e-01	6.667767918606940514e-01	5.971961805865539930e-01	7.078899260707700591e-01	5.978497422048779653e-01	6.926321302562009619e-01	7.269012253417299618e-01	7.078899260707700591e-01	7.078899260707700591e-01	6.652592331034079542e-01	5.741670156866159891e-01	6.361909603079799469e-01	6.366310522635330038e-01	7.078899260707700591e-01	6.927951890406029989e-01	6.163826216074099751e-01	7.078899260707700591e-01	7.078899260707700591e-01	6.579013970966000047e-01	7.987210363839559735e-01	7.078899260707700591e-01	7.078899260707700591e-01	6.932869478012989584e-01	7.078899260707700591e-01	7.078899260707700591e-01	6.515837006272150456e-01	7.078899260707700591e-01	7.078899260707700591e-01	5.820030570688580207e-01	6.842010664294470024e-01	7.028257490690550391e-01	7.078899260707700591e-01	6.832528614272550538e-01	7.716681485585169531e-01	7.078899260707700591e-01	7.078899260707700591e-01	7.078899260707700591e-01	7.191385286506040142e-01	6.233940032297170530e-01	5.744798739904990459e-01	7.078899260707700591e-01	5.456894806743820547e-01	7.078899260707700591e-01	6.529520083895550275e-01	7.220721161668129939e-01	7.360462408348370511e-01	7.078899260707700591e-01	7.144627625823749550e-01	6.367979338899799613e-01	5.417598382245929489e-01	5.848247339413350510e-01	7.078899260707700591e-01	7.078899260707700591e-01	7.078899260707700591e-01	6.309149560873400508e-01	7.078899260707700591e-01	7.048160106095779920e-01	7.078899260707700591e-01	7.078899260707700591e-01	7.078899260707700591e-01	7.078899260707700591e-01	5.250910740354910455e-01	6.159678242189210451e-01	7.311750305174919973e-01	7.078899260707700591e-01	7.078899260707700591e-01	7.078899260707700591e-01	7.078899260707700591e-01	7.078899260707700591e-01	6.307487337226469482e-01	7.343051258477539811e-01	7.080188982612080073e-01	7.164375744104319876e-01	7.078899260707700591e-01	7.078899260707700591e-01	7.204807218924139667e-01	7.078899260707700591e-01	7.078899260707700591e-01	8.087338929802959653e-01	7.523093356949930310e-01	7.078899260707700591e-01
