1.000000000000220046e+00	2.994374795918637311e-01	8.842748988718379666e-01	2.994374795918637311e-01	2.994374795918637311e-01	2.994374795918637311e-01	2.994374795918637311e-01	2.994374795918637311e-01	2.994374795918637311e-01	6.460194761237160188e-01	2.994374795918637311e-01	2.994374795918637311e-01	2.994374795918637311e-01	2.994374795918637311e-01	2.994374795918637311e-01	2.994374795918637311e-01	2.994374795918637311e-01	2.994374795918637311e-01	2.994374795918637311e-01	6.392570715814209770e-01	2.994374795918637311e-01	5.379504607739149513e-01	2.994374795918637311e-01	2.994374795918637311e-01	2.994374795918637311e-01	2.994374795918637311e-01	2.994374795918637311e-01	6.386459651798730430e-01	2.994374795918637311e-01	6.132621556100670279e-01	2.994374795918637311e-01	2.994374795918637311e-01	2.994374795918637311e-01	2.994374795918637311e-01	2.994374795918637311e-01	2.994374795918637311e-01	2.994374795918637311e-01	2.994374795918637311e-01	5.931420920953069942e-01	2.994374795918637311e-01	5.689776384703779666e-01	2.994374795918637311e-01	6.826210867973270258e-01	2.994374795918637311e-01	2.994374795918637311e-01	2.994374795918637311e-01	5.824774939072759894e-01	2.994374795918637311e-01	2.994374795918637311e-01	6.658935594369630451e-01	2.994374795918637311e-01	2.994374795918637311e-01	2.994374795918637311e-01	2.994374795918637311e-01	6.218220758599809495e-01	2.994374795918637311e-01	2.994374795918637311e-01	2.994374795918637311e-01	2.994374795918637311e-01	2.994374795918637311e-01	2.994374795918637311e-01	2.994374795918637311e-01	7.388867180791159894e-01	5.820631267964949673e-01	2.994374795918637311e-01	6.510484924186259459e-01	6.549637603375080275e-01	6.279971643425249495e-01	2.994374795918637311e-01	2.994374795918637311e-01	5.841673803206040017e-01	2.994374795918637311e-01	2.994374795918637311e-01	2.994374795918637311e-01	6.933568587862759536e-01	2.994374795918637311e-01	2.994374795918637311e-01	7.164452301735070305e-01	2.994374795918637311e-01	2.994374795918637311e-01	7.145922722414530526e-01	2.994374795918637311e-01	2.994374795918637311e-01	2.994374795918637311e-01	2.994374795918637311e-01	2.994374795918637311e-01	2.994374795918637311e-01	7.446147305737179645e-01	2.994374795918637311e-01	6.490346155905899472e-01	2.994374795918637311e-01	2.994374795918637311e-01	2.994374795918637311e-01	2.994374795918637311e-01	2.994374795918637311e-01	7.030132323605049471e-01	2.994374795918637311e-01	5.157620818102479632e-01	6.199658631560369670e-01	2.994374795918637311e-01	7.106758495703420220e-01	5.617401270812150127e-01	2.994374795918637311e-01	2.994374795918637311e-01	2.994374795918637311e-01	5.701023303160850375e-01	2.994374795918637311e-01	6.554041147485130114e-01	2.994374795918637311e-01	2.994374795918637311e-01	7.121887944850570085e-01	2.994374795918637311e-01	2.994374795918637311e-01	6.985361569367599666e-01	2.994374795918637311e-01	2.994374795918637311e-01	2.994374795918637311e-01	8.705815758841860541e-01	2.994374795918637311e-01	6.513747605946660357e-01	7.400883378584740546e-01	7.094034668168049951e-01	2.994374795918637311e-01	2.994374795918637311e-01
2.994374795918637311e-01	1.000000000000049960e+00	2.994374795918637311e-01	2.994374795918637311e-01	6.508885596808370311e-01	6.359360202027120046e-01	2.994374795918637311e-01	2.994374795918637311e-01	6.404757611110399873e-01	2.994374795918637311e-01	2.994374795918637311e-01	2.994374795918637311e-01	2.994374795918637311e-01	5.549777834697280365e-01	1.000000000000000021e-03	2.994374795918637311e-01	5.166384437117990114e-01	6.071477759761320092e-01	2.994374795918637311e-01	2.994374795918637311e-01	6.006012507489869590e-01	2.994374795918637311e-01	6.123856435469440251e-01	2.994374795918637311e-01	2.994374795918637311e-01	2.994374795918637311e-01	2.994374795918637311e-01	2.994374795918637311e-01	2.994374795918637311e-01	2.994374795918637311e-01	2.994374795918637311e-01	6.142962580048499932e-01	2.994374795918637311e-01	2.994374795918637311e-01	2.994374795918637311e-01	2.994374795918637311e-01	2.994374795918637311e-01	2.994374795918637311e-01	2.994374795918637311e-01	2.994374795918637311e-01	2.994374795918637311e-01	2.994374795918637311e-01	2.994374795918637311e-01	2.994374795918637311e-01	6.379163511206570325e-01	2.994374795918637311e-01	5.089875109012099719e-01	5.462210872030529574e-01	6.333497017628240133e-01	6.194338863617120383e-01	2.994374795918637311e-01	2.994374795918637311e-01	2.994374795918637311e-01	2.994374795918637311e-01	2.994374795918637311e-01	2.994374795918637311e-01	2.994374795918637311e-01	5.224423834952099943e-01	2.994374795918637311e-01	2.994374795918637311e-01	6.504633857876529479e-01	2.994374795918637311e-01	2.994374795918637311e-01	5.032524461869180010e-01	4.681880462355729744e-01	2.994374795918637311e-01	2.994374795918637311e-01	2.994374795918637311e-01	2.994374795918637311e-01	2.994374795918637311e-01	2.994374795918637311e-01	2.994374795918637311e-01	2.994374795918637311e-01	2.994374795918637311e-01	2.994374795918637311e-01	2.994374795918637311e-01	6.794757986574480046e-01	2.994374795918637311e-01	2.994374795918637311e-01	2.994374795918637311e-01	6.585783308820519766e-01	2.994374795918637311e-01	2.994374795918637311e-01	2.994374795918637311e-01	2.994374795918637311e-01	2.994374795918637311e-01	2.994374795918637311e-01	2.994374795918637311e-01	2.994374795918637311e-01	2.994374795918637311e-01	2.994374795918637311e-01	2.994374795918637311e-01	4.966358985360599942e-01	2.994374795918637311e-01	2.994374795918637311e-01	2.994374795918637311e-01	2.994374795918637311e-01	4.845047204836669952e-01	2.994374795918637311e-01	2.994374795918637311e-01	2.994374795918637311e-01	4.885054646568349757e-01	2.994374795918637311e-01	2.994374795918637311e-01	2.994374795918637311e-01	2.994374795918637311e-01	2.994374795918637311e-01	2.994374795918637311e-01	2.994374795918637311e-01	2.994374795918637311e-01	6.628700749166449580e-01	2.994374795918637311e-01	5.902951493177960307e-01	6.543161197722839884e-01	6.523537897656029871e-01	2.994374795918637311e-01	2.994374795918637311e-01	2.994374795918637311e-01	7.517714009790169571e-01	6.296972984267510398e-01	2.994374795918637311e-01	6.743007653354670117e-01	2.994374795918637311e-01	2.994374795918637311e-01
8.842748988718379666e-01	2.994374795918637311e-01	1.000000000000069944e+00	2.994374795918637311e-01	6.449772651618730368e-01	7.273863468542980382e-01	2.994374795918637311e-01	6.748868575157069838e-01	2.994374795918637311e-01	2.994374795918637311e-01	6.282590334297200041e-01	2.994374795918637311e-01	2.994374795918637311e-01	2.994374795918637311e-01	2.994374795918637311e-01	2.994374795918637311e-01	2.994374795918637311e-01	2.994374795918637311e-01	2.994374795918637311e-01	2.994374795918637311e-01	2.994374795918637311e-01	2.994374795918637311e-01	2.994374795918637311e-01	2.994374795918637311e-01	6.348678939840980417e-01	7.114084894041560192e-01	6.598264310053729709e-01	2.994374795918637311e-01	3.720316275616020185e-01	6.187921195091440341e-01	2.994374795918637311e-01	2.994374795918637311e-01	2.994374795918637311e-01	7.072404410745689596e-01	5.973310819329440413e-01	2.994374795918637311e-01	2.994374795918637311e-01	2.994374795918637311e-01	2.994374795918637311e-01	2.994374795918637311e-01	2.994374795918637311e-01	2.994374795918637311e-01	2.994374795918637311e-01	2.994374795918637311e-01	2.994374795918637311e-01	2.994374795918637311e-01	2.994374795918637311e-01	6.360274163310839501e-01	6.160126318403089662e-01	6.301664787236519460e-01	2.994374795918637311e-01	5.715967400647069541e-01	2.994374795918637311e-01	2.994374795918637311e-01	2.994374795918637311e-01	7.526150294157010201e-01	2.994374795918637311e-01	2.994374795918637311e-01	2.994374795918637311e-01	4.719046215393359889e-01	2.994374795918637311e-01	6.210050710344370284e-01	7.303411915072529625e-01	2.994374795918637311e-01	2.994374795918637311e-01	2.994374795918637311e-01	2.994374795918637311e-01	2.994374795918637311e-01	2.994374795918637311e-01	5.419049432550510081e-01	2.994374795918637311e-01	2.994374795918637311e-01	2.994374795918637311e-01	2.994374795918637311e-01	6.796824313553530006e-01	4.468808510007309942e-01	7.268440451501340105e-01	2.994374795918637311e-01	2.994374795918637311e-01	6.750962963068000144e-01	2.994374795918637311e-01	5.414530273913900071e-01	5.321043310099250467e-01	7.124364418203490423e-01	2.994374795918637311e-01	2.994374795918637311e-01	2.994374795918637311e-01	7.098010587673180272e-01	2.994374795918637311e-01	2.994374795918637311e-01	6.289410212021220303e-01	2.994374795918637311e-01	2.994374795918637311e-01	2.994374795918637311e-01	4.888826752756940119e-01	2.994374795918637311e-01	2.994374795918637311e-01	2.994374795918637311e-01	2.994374795918637311e-01	2.994374795918637311e-01	2.994374795918637311e-01	2.994374795918637311e-01	2.994374795918637311e-01	2.994374795918637311e-01	2.994374795918637311e-01	2.994374795918637311e-01	6.463644386327099811e-01	2.994374795918637311e-01	2.994374795918637311e-01	2.994374795918637311e-01	2.994374795918637311e-01	2.994374795918637311e-01	2.994374795918637311e-01	2.994374795918637311e-01	6.978751633686800515e-01	2.994374795918637311e-01	2.994374795918637311e-01	2.994374795918637311e-01	2.994374795918637311e-01	6.381449482487120406e-01	2.994374795918637311e-01	6.990501725907930508e-01	2.994374795918637311e-01	2.994374795918637311e-01
2.994374795918637311e-01	2.994374795918637311e-01	2.994374795918637311e-01	9.999999999998909761e-01	2.994374795918637311e-01	2.994374795918637311e-01	2.994374795918637311e-01	2.994374795918637311e-01	2.994374795918637311e-01	2.994374795918637311e-01	2.994374795918637311e-01	2.994374795918637311e-01	2.994374795918637311e-01	2.994374795918637311e-01	2.994374795918637311e-01	2.994374795918637311e-01	2.994374795918637311e-01	2.994374795918637311e-01	2.994374795918637311e-01	2.994374795918637311e-01	2.994374795918637311e-01	6.070351357176979601e-01	2.994374795918637311e-01	2.994374795918637311e-01	2.994374795918637311e-01	2.994374795918637311e-01	2.994374795918637311e-01	2.994374795918637311e-01	2.994374795918637311e-01	2.994374795918637311e-01	2.994374795918637311e-01	2.994374795918637311e-01	2.994374795918637311e-01	2.994374795918637311e-01	2.994374795918637311e-01	2.994374795918637311e-01	2.994374795918637311e-01	2.994374795918637311e-01	2.994374795918637311e-01	2.994374795918637311e-01	4.709715007852530166e-01	2.994374795918637311e-01	6.485987613142000230e-01	2.994374795918637311e-01	7.131961188177340372e-01	5.846411224165829479e-01	2.994374795918637311e-01	2.994374795918637311e-01	2.994374795918637311e-01	2.994374795918637311e-01	2.994374795918637311e-01	2.994374795918637311e-01	2.994374795918637311e-01	2.994374795918637311e-01	2.994374795918637311e-01	2.994374795918637311e-01	2.994374795918637311e-01	2.994374795918637311e-01	5.836477208707959718e-01	2.994374795918637311e-01	2.994374795918637311e-01	2.994374795918637311e-01	2.994374795918637311e-01	2.994374795918637311e-01	2.994374795918637311e-01	7.150936944159459463e-01	2.994374795918637311e-01	2.994374795918637311e-01	2.994374795918637311e-01	2.994374795918637311e-01	2.994374795918637311e-01	2.994374795918637311e-01	2.994374795918637311e-01	2.994374795918637311e-01	2.994374795918637311e-01	2.994374795918637311e-01	6.427549981850639860e-01	2.994374795918637311e-01	2.994374795918637311e-01	2.994374795918637311e-01	2.994374795918637311e-01	5.424780423542170382e-01	5.445978862969740319e-01	2.994374795918637311e-01	2.994374795918637311e-01	2.994374795918637311e-01	2.994374795918637311e-01	2.994374795918637311e-01	2.994374795918637311e-01	6.762542395739069567e-01	2.994374795918637311e-01	2.994374795918637311e-01	5.081969293560639755e-01	5.051555902572729684e-01	5.280844110502029842e-01	2.994374795918637311e-01	2.994374795918637311e-01	2.994374795918637311e-01	6.551936493297909614e-01	2.994374795918637311e-01	2.994374795918637311e-01	2.994374795918637311e-01	2.994374795918637311e-01	6.113654303144570035e-01	2.994374795918637311e-01	2.994374795918637311e-01	6.887692372650600081e-01	6.279980376492190208e-01	6.619946542825260183e-01	2.994374795918637311e-01	2.994374795918637311e-01	2.994374795918637311e-01	2.994374795918637311e-01	2.994374795918637311e-01	2.994374795918637311e-01	6.766222267155620473e-01	2.994374795918637311e-01	2.994374795918637311e-01	2.994374795918637311e-01	6.040976107654619787e-01	6.836844869699779670e-01	2.994374795918637311e-01	2.994374795918637311e-01	2.994374795918637311e-01
2.994374795918637311e-01	6.508885596808370311e-01	6.449772651618730368e-01	2.994374795918637311e-01	9.999999999998619993e-01	2.994374795918637311e-01	2.994374795918637311e-01	6.695872242941529606e-01	2.994374795918637311e-01	6.971560632035790350e-01	2.994374795918637311e-01	2.994374795918637311e-01	2.994374795918637311e-01	2.994374795918637311e-01	1.000000000000000021e-03	6.456441486034739663e-01	2.994374795918637311e-01	2.994374795918637311e-01	5.964313368776690272e-01	2.994374795918637311e-01	2.994374795918637311e-01	2.994374795918637311e-01	2.994374795918637311e-01	2.994374795918637311e-01	6.819346747066989955e-01	2.994374795918637311e-01	2.994374795918637311e-01	2.994374795918637311e-01	2.994374795918637311e-01	5.105555822498260010e-01	2.994374795918637311e-01	2.994374795918637311e-01	2.994374795918637311e-01	2.994374795918637311e-01	2.994374795918637311e-01	2.994374795918637311e-01	2.994374795918637311e-01	2.994374795918637311e-01	2.994374795918637311e-01	2.994374795918637311e-01	2.994374795918637311e-01	2.994374795918637311e-01	2.994374795918637311e-01	2.994374795918637311e-01	6.358611116473199543e-01	2.994374795918637311e-01	4.899046473192190110e-01	2.994374795918637311e-01	2.994374795918637311e-01	2.994374795918637311e-01	2.994374795918637311e-01	2.994374795918637311e-01	5.752678362799690248e-01	2.994374795918637311e-01	2.994374795918637311e-01	2.994374795918637311e-01	5.075919202458869517e-01	2.994374795918637311e-01	2.994374795918637311e-01	2.994374795918637311e-01	2.994374795918637311e-01	2.994374795918637311e-01	2.994374795918637311e-01	2.994374795918637311e-01	2.994374795918637311e-01	2.994374795918637311e-01	2.994374795918637311e-01	2.994374795918637311e-01	5.707745005966889940e-01	2.994374795918637311e-01	2.994374795918637311e-01	2.994374795918637311e-01	6.136884187478820474e-01	6.495586510328870133e-01	2.994374795918637311e-01	2.994374795918637311e-01	6.986293275533069780e-01	6.547726641212679999e-01	2.994374795918637311e-01	2.994374795918637311e-01	7.098458088071040173e-01	2.994374795918637311e-01	2.994374795918637311e-01	2.994374795918637311e-01	2.994374795918637311e-01	4.669910148603699795e-01	2.994374795918637311e-01	6.639003786684459785e-01	2.994374795918637311e-01	2.994374795918637311e-01	2.994374795918637311e-01	2.994374795918637311e-01	4.574467990752559832e-01	2.994374795918637311e-01	2.994374795918637311e-01	2.994374795918637311e-01	2.994374795918637311e-01	2.994374795918637311e-01	2.994374795918637311e-01	2.994374795918637311e-01	2.994374795918637311e-01	2.994374795918637311e-01	4.661357708094450158e-01	2.994374795918637311e-01	2.994374795918637311e-01	2.994374795918637311e-01	6.721015074225790142e-01	5.548354982602560215e-01	2.994374795918637311e-01	5.114812367178509511e-01	2.994374795918637311e-01	5.872577721406240236e-01	2.994374795918637311e-01	2.994374795918637311e-01	2.994374795918637311e-01	2.994374795918637311e-01	2.994374795918637311e-01	2.994374795918637311e-01	2.994374795918637311e-01	2.994374795918637311e-01	2.994374795918637311e-01	7.019132433483209477e-01	2.994374795918637311e-01	2.994374795918637311e-01
2.994374795918637311e-01	6.359360202027120046e-01	7.273863468542980382e-01	2.994374795918637311e-01	2.994374795918637311e-01	1.000000000000029976e+00	6.858354896413679791e-01	2.994374795918637311e-01	2.994374795918637311e-01	2.994374795918637311e-01	2.994374795918637311e-01	5.180393876687670041e-01	6.673456968430230285e-01	2.994374795918637311e-01	2.994374795918637311e-01	2.994374795918637311e-01	6.525992348582380087e-01	2.994374795918637311e-01	2.994374795918637311e-01	2.994374795918637311e-01	2.994374795918637311e-01	2.994374795918637311e-01	2.994374795918637311e-01	2.994374795918637311e-01	2.994374795918637311e-01	2.994374795918637311e-01	6.202859375902359806e-01	2.994374795918637311e-01	2.994374795918637311e-01	2.994374795918637311e-01	2.994374795918637311e-01	6.660445410841779879e-01	2.994374795918637311e-01	7.727350764902860547e-01	2.994374795918637311e-01	2.994374795918637311e-01	6.088501945199730203e-01	2.994374795918637311e-01	2.994374795918637311e-01	5.639209935373300508e-01	5.546246421247349456e-01	2.994374795918637311e-01	2.994374795918637311e-01	2.994374795918637311e-01	6.904893050868300408e-01	2.994374795918637311e-01	2.994374795918637311e-01	5.943650059758519566e-01	2.994374795918637311e-01	5.733551180571370143e-01	2.994374795918637311e-01	2.994374795918637311e-01	2.994374795918637311e-01	2.994374795918637311e-01	2.994374795918637311e-01	2.994374795918637311e-01	4.269054730775440065e-01	2.994374795918637311e-01	2.994374795918637311e-01	4.457169501586670246e-01	2.994374795918637311e-01	2.994374795918637311e-01	2.994374795918637311e-01	5.520842620122929922e-01	2.994374795918637311e-01	2.994374795918637311e-01	2.994374795918637311e-01	2.994374795918637311e-01	2.994374795918637311e-01	5.060092616747150496e-01	2.994374795918637311e-01	2.994374795918637311e-01	2.994374795918637311e-01	2.994374795918637311e-01	2.994374795918637311e-01	2.994374795918637311e-01	2.994374795918637311e-01	2.994374795918637311e-01	2.994374795918637311e-01	2.994374795918637311e-01	2.994374795918637311e-01	2.994374795918637311e-01	2.994374795918637311e-01	6.736766652575979508e-01	2.994374795918637311e-01	5.562025606898349794e-01	2.994374795918637311e-01	6.590984232218629613e-01	2.994374795918637311e-01	2.994374795918637311e-01	2.994374795918637311e-01	2.994374795918637311e-01	2.994374795918637311e-01	2.994374795918637311e-01	2.994374795918637311e-01	2.994374795918637311e-01	2.994374795918637311e-01	2.994374795918637311e-01	2.994374795918637311e-01	2.994374795918637311e-01	2.994374795918637311e-01	2.994374795918637311e-01	2.994374795918637311e-01	2.994374795918637311e-01	2.994374795918637311e-01	2.994374795918637311e-01	6.195970748360389857e-01	2.994374795918637311e-01	2.994374795918637311e-01	5.600362963622810275e-01	6.130614776480050043e-01	2.994374795918637311e-01	2.994374795918637311e-01	2.994374795918637311e-01	2.994374795918637311e-01	2.994374795918637311e-01	2.994374795918637311e-01	2.994374795918637311e-01	7.083402078323970397e-01	2.994374795918637311e-01	2.994374795918637311e-01	2.994374795918637311e-01	6.732020430643920195e-01	6.614168202772490179e-01
2.994374795918637311e-01	2.994374795918637311e-01	2.994374795918637311e-01	2.994374795918637311e-01	2.994374795918637311e-01	6.858354896413679791e-01	1.000000000000039968e+00	2.994374795918637311e-01	2.994374795918637311e-01	2.994374795918637311e-01	2.994374795918637311e-01	2.994374795918637311e-01	2.994374795918637311e-01	5.929734751522329761e-01	2.994374795918637311e-01	2.994374795918637311e-01	5.646993231435529781e-01	6.468997200890740373e-01	2.994374795918637311e-01	2.994374795918637311e-01	2.994374795918637311e-01	2.994374795918637311e-01	7.165426702159719552e-01	6.128078204973369525e-01	2.994374795918637311e-01	2.994374795918637311e-01	2.994374795918637311e-01	7.303101080712259829e-01	2.994374795918637311e-01	2.994374795918637311e-01	2.994374795918637311e-01	2.994374795918637311e-01	2.994374795918637311e-01	2.994374795918637311e-01	2.994374795918637311e-01	2.994374795918637311e-01	5.902067449980969993e-01	2.994374795918637311e-01	2.994374795918637311e-01	6.269910172638949453e-01	5.141760923007330231e-01	7.236061330554000026e-01	2.994374795918637311e-01	2.994374795918637311e-01	2.994374795918637311e-01	5.992396380310209825e-01	5.277997147991240201e-01	2.994374795918637311e-01	2.994374795918637311e-01	2.994374795918637311e-01	2.994374795918637311e-01	2.994374795918637311e-01	2.994374795918637311e-01	2.994374795918637311e-01	5.826162233405940416e-01	2.994374795918637311e-01	2.994374795918637311e-01	5.202954781968099907e-01	2.994374795918637311e-01	4.799550047540470099e-01	2.994374795918637311e-01	2.994374795918637311e-01	2.994374795918637311e-01	2.994374795918637311e-01	4.823626297200059865e-01	2.994374795918637311e-01	2.994374795918637311e-01	2.994374795918637311e-01	2.994374795918637311e-01	2.994374795918637311e-01	2.994374795918637311e-01	5.357601631502370010e-01	2.994374795918637311e-01	2.994374795918637311e-01	6.579597245370280012e-01	2.994374795918637311e-01	7.235494614392300461e-01	2.994374795918637311e-01	2.994374795918637311e-01	2.994374795918637311e-01	2.994374795918637311e-01	2.994374795918637311e-01	2.994374795918637311e-01	6.216572166607670091e-01	5.137481133604440142e-01	2.994374795918637311e-01	2.994374795918637311e-01	2.994374795918637311e-01	7.177277802575720012e-01	2.994374795918637311e-01	2.994374795918637311e-01	6.405694621676359946e-01	2.994374795918637311e-01	2.994374795918637311e-01	5.084590660272939600e-01	2.994374795918637311e-01	2.994374795918637311e-01	2.994374795918637311e-01	6.105293947842840296e-01	6.170858173247180112e-01	2.994374795918637311e-01	5.151144062199709550e-01	2.994374795918637311e-01	2.994374795918637311e-01	2.994374795918637311e-01	2.994374795918637311e-01	2.994374795918637311e-01	2.994374795918637311e-01	2.994374795918637311e-01	5.457387060550219493e-01	2.994374795918637311e-01	2.994374795918637311e-01	2.994374795918637311e-01	2.994374795918637311e-01	2.994374795918637311e-01	2.994374795918637311e-01	2.994374795918637311e-01	7.085396403538789523e-01	2.994374795918637311e-01	2.994374795918637311e-01	7.213391123880119604e-01	2.994374795918637311e-01	6.891766486133089620e-01	2.994374795918637311e-01
2.994374795918637311e-01	2.994374795918637311e-01	6.748868575157069838e-01	2.994374795918637311e-01	6.695872242941529606e-01	2.994374795918637311e-01	2.994374795918637311e-01	9.999999999999440448e-01	2.994374795918637311e-01	2.994374795918637311e-01	2.994374795918637311e-01	2.994374795918637311e-01	6.409817742196419754e-01	2.994374795918637311e-01	2.994374795918637311e-01	2.994374795918637311e-01	2.994374795918637311e-01	2.994374795918637311e-01	5.536617079367009975e-01	2.994374795918637311e-01	6.092643478798640544e-01	2.994374795918637311e-01	2.994374795918637311e-01	5.699593406768840298e-01	2.994374795918637311e-01	6.832600496515639499e-01	2.994374795918637311e-01	2.994374795918637311e-01	2.994374795918637311e-01	2.994374795918637311e-01	6.257932249115090162e-01	2.994374795918637311e-01	2.994374795918637311e-01	2.994374795918637311e-01	5.147339037860769739e-01	6.189687915034209897e-01	2.994374795918637311e-01	2.994374795918637311e-01	2.994374795918637311e-01	2.994374795918637311e-01	2.994374795918637311e-01	6.978532339347309765e-01	2.994374795918637311e-01	2.994374795918637311e-01	2.994374795918637311e-01	2.994374795918637311e-01	2.994374795918637311e-01	5.440347172169279766e-01	2.994374795918637311e-01	2.994374795918637311e-01	2.994374795918637311e-01	2.994374795918637311e-01	5.390334973191209800e-01	2.994374795918637311e-01	2.994374795918637311e-01	2.994374795918637311e-01	2.994374795918637311e-01	2.994374795918637311e-01	2.994374795918637311e-01	2.994374795918637311e-01	5.822811277214819947e-01	2.994374795918637311e-01	2.994374795918637311e-01	4.978703500617390199e-01	2.994374795918637311e-01	2.994374795918637311e-01	5.810064590758380332e-01	5.548464068831610030e-01	5.191777769287020394e-01	4.561818832235159937e-01	2.994374795918637311e-01	2.994374795918637311e-01	2.994374795918637311e-01	6.307950971455630329e-01	2.994374795918637311e-01	2.994374795918637311e-01	2.994374795918637311e-01	2.994374795918637311e-01	2.994374795918637311e-01	2.994374795918637311e-01	2.994374795918637311e-01	2.994374795918637311e-01	4.703651591499670159e-01	2.994374795918637311e-01	4.873707065867159960e-01	5.074752232759359716e-01	2.994374795918637311e-01	2.994374795918637311e-01	2.994374795918637311e-01	2.994374795918637311e-01	5.783501547360060391e-01	2.994374795918637311e-01	4.679739449336040025e-01	4.583759064145370155e-01	2.994374795918637311e-01	2.994374795918637311e-01	6.438042813768849459e-01	2.994374795918637311e-01	2.994374795918637311e-01	2.994374795918637311e-01	2.994374795918637311e-01	2.994374795918637311e-01	2.994374795918637311e-01	2.994374795918637311e-01	4.575165364457279837e-01	4.916848010868939967e-01	2.994374795918637311e-01	2.994374795918637311e-01	5.095692971851379927e-01	5.100501245785880045e-01	2.994374795918637311e-01	2.994374795918637311e-01	2.994374795918637311e-01	2.994374795918637311e-01	6.325292931069790292e-01	2.994374795918637311e-01	2.994374795918637311e-01	2.994374795918637311e-01	2.994374795918637311e-01	2.994374795918637311e-01	6.706015655762199712e-01	2.994374795918637311e-01	2.994374795918637311e-01	2.994374795918637311e-01
2.994374795918637311e-01	6.404757611110399873e-01	2.994374795918637311e-01	2.994374795918637311e-01	2.994374795918637311e-01	2.994374795918637311e-01	2.994374795918637311e-01	2.994374795918637311e-01	1.000000000000190070e+00	2.994374795918637311e-01	2.994374795918637311e-01	2.994374795918637311e-01	6.787701784904850433e-01	6.098400546068090122e-01	2.994374795918637311e-01	6.293216964559029680e-01	6.495675037971949672e-01	2.994374795918637311e-01	2.994374795918637311e-01	2.994374795918637311e-01	2.994374795918637311e-01	2.994374795918637311e-01	2.994374795918637311e-01	5.770811054162360287e-01	2.994374795918637311e-01	2.994374795918637311e-01	6.074577208976169596e-01	6.951720897879339889e-01	3.503281431406150004e-01	2.994374795918637311e-01	2.994374795918637311e-01	2.994374795918637311e-01	6.854071311297470492e-01	2.994374795918637311e-01	2.994374795918637311e-01	2.994374795918637311e-01	6.161455839445979521e-01	2.994374795918637311e-01	2.994374795918637311e-01	2.994374795918637311e-01	2.994374795918637311e-01	6.845522689223629831e-01	2.994374795918637311e-01	2.994374795918637311e-01	6.933941940898940004e-01	2.994374795918637311e-01	5.454031831006630471e-01	6.088142589599819798e-01	2.994374795918637311e-01	5.970035704912329821e-01	7.111554267712459909e-01	2.994374795918637311e-01	5.732871524969249677e-01	2.994374795918637311e-01	2.994374795918637311e-01	6.988711771097180225e-01	2.994374795918637311e-01	2.994374795918637311e-01	5.715409639258159924e-01	4.507586740254029833e-01	5.630301622583999688e-01	2.994374795918637311e-01	2.994374795918637311e-01	5.563510612512559961e-01	2.994374795918637311e-01	2.994374795918637311e-01	2.994374795918637311e-01	2.994374795918637311e-01	5.443393221214499755e-01	2.994374795918637311e-01	2.994374795918637311e-01	5.500334338134380552e-01	2.994374795918637311e-01	2.994374795918637311e-01	6.550827406964040422e-01	2.994374795918637311e-01	2.994374795918637311e-01	2.994374795918637311e-01	2.994374795918637311e-01	6.232075573615090125e-01	2.994374795918637311e-01	2.994374795918637311e-01	2.994374795918637311e-01	2.994374795918637311e-01	2.994374795918637311e-01	2.994374795918637311e-01	2.994374795918637311e-01	6.521084157516929825e-01	2.994374795918637311e-01	5.707003516408889476e-01	2.994374795918637311e-01	2.994374795918637311e-01	2.994374795918637311e-01	2.994374795918637311e-01	2.994374795918637311e-01	2.994374795918637311e-01	2.994374795918637311e-01	2.994374795918637311e-01	5.772984669501799448e-01	2.994374795918637311e-01	7.041182094698249516e-01	5.561368526297509884e-01	2.994374795918637311e-01	2.994374795918637311e-01	2.994374795918637311e-01	5.181044669790350055e-01	2.994374795918637311e-01	6.793928947020909659e-01	2.994374795918637311e-01	2.994374795918637311e-01	2.994374795918637311e-01	2.994374795918637311e-01	2.994374795918637311e-01	2.994374795918637311e-01	2.994374795918637311e-01	6.891395235677719722e-01	6.867010116752400029e-01	2.994374795918637311e-01	2.994374795918637311e-01	2.994374795918637311e-01	2.994374795918637311e-01	6.664507660764129593e-01	6.847648428563619660e-01	2.994374795918637311e-01
6.460194761237160188e-01	2.994374795918637311e-01	2.994374795918637311e-01	2.994374795918637311e-01	6.971560632035790350e-01	2.994374795918637311e-01	2.994374795918637311e-01	2.994374795918637311e-01	2.994374795918637311e-01	1.000000000000099920e+00	2.994374795918637311e-01	2.994374795918637311e-01	2.994374795918637311e-01	2.994374795918637311e-01	2.994374795918637311e-01	2.994374795918637311e-01	2.994374795918637311e-01	2.994374795918637311e-01	2.994374795918637311e-01	2.994374795918637311e-01	5.573819874508819661e-01	2.994374795918637311e-01	6.495934002229549753e-01	2.994374795918637311e-01	2.994374795918637311e-01	2.994374795918637311e-01	2.994374795918637311e-01	2.994374795918637311e-01	4.978366221436649752e-01	2.994374795918637311e-01	2.994374795918637311e-01	2.994374795918637311e-01	2.994374795918637311e-01	2.994374795918637311e-01	5.141892703694369571e-01	2.994374795918637311e-01	2.994374795918637311e-01	2.994374795918637311e-01	2.994374795918637311e-01	2.994374795918637311e-01	2.994374795918637311e-01	2.994374795918637311e-01	2.994374795918637311e-01	2.994374795918637311e-01	2.994374795918637311e-01	2.994374795918637311e-01	5.185357399032669568e-01	2.994374795918637311e-01	2.994374795918637311e-01	2.994374795918637311e-01	2.994374795918637311e-01	5.927004876517230070e-01	2.994374795918637311e-01	2.994374795918637311e-01	2.994374795918637311e-01	2.994374795918637311e-01	5.504921805556239889e-01	2.994374795918637311e-01	2.994374795918637311e-01	2.994374795918637311e-01	2.994374795918637311e-01	5.734179234919829504e-01	6.502563699384950047e-01	2.994374795918637311e-01	2.994374795918637311e-01	2.994374795918637311e-01	2.994374795918637311e-01	2.994374795918637311e-01	5.728708249120939566e-01	2.994374795918637311e-01	2.994374795918637311e-01	2.994374795918637311e-01	2.994374795918637311e-01	2.994374795918637311e-01	2.994374795918637311e-01	2.994374795918637311e-01	6.220326446913450047e-01	2.994374795918637311e-01	2.994374795918637311e-01	2.994374795918637311e-01	2.994374795918637311e-01	2.994374795918637311e-01	2.994374795918637311e-01	2.994374795918637311e-01	2.994374795918637311e-01	2.994374795918637311e-01	2.994374795918637311e-01	2.994374795918637311e-01	2.994374795918637311e-01	2.994374795918637311e-01	2.994374795918637311e-01	5.637051443513539928e-01	4.913943691108019762e-01	2.994374795918637311e-01	2.994374795918637311e-01	2.994374795918637311e-01	6.405247049988449515e-01	5.338882408566709703e-01	2.994374795918637311e-01	2.994374795918637311e-01	2.994374795918637311e-01	2.994374795918637311e-01	2.994374795918637311e-01	5.470967825049579680e-01	2.994374795918637311e-01	2.994374795918637311e-01	6.584348081467680247e-01	2.994374795918637311e-01	2.994374795918637311e-01	2.994374795918637311e-01	2.994374795918637311e-01	2.994374795918637311e-01	5.749662933865610226e-01	2.994374795918637311e-01	6.090068687534729852e-01	2.994374795918637311e-01	2.994374795918637311e-01	2.994374795918637311e-01	6.405065297110179579e-01	6.249647395393700400e-01	2.994374795918637311e-01	6.512643737838109681e-01	6.389554958353079739e-01	2.994374795918637311e-01
2.994374795918637311e-01	2.994374795918637311e-01	6.282590334297200041e-01	2.994374795918637311e-01	2.994374795918637311e-01	2.994374795918637311e-01	2.994374795918637311e-01	2.994374795918637311e-01	2.994374795918637311e-01	2.994374795918637311e-01	9.999999999999870104e-01	2.994374795918637311e-01	2.994374795918637311e-01	2.994374795918637311e-01	1.000000000000000021e-03	2.994374795918637311e-01	2.994374795918637311e-01	2.994374795918637311e-01	5.992294989466590005e-01	7.217568749153490115e-01	5.433345143848420378e-01	2.994374795918637311e-01	6.738338282998269646e-01	2.994374795918637311e-01	2.994374795918637311e-01	2.994374795918637311e-01	2.994374795918637311e-01	6.764723934624979895e-01	5.263950942630940544e-01	2.994374795918637311e-01	2.994374795918637311e-01	2.994374795918637311e-01	2.994374795918637311e-01	6.614635895315990055e-01	4.985218129129709852e-01	2.994374795918637311e-01	2.994374795918637311e-01	6.729636653927989487e-01	2.994374795918637311e-01	2.994374795918637311e-01	2.994374795918637311e-01	2.994374795918637311e-01	2.994374795918637311e-01	2.994374795918637311e-01	2.994374795918637311e-01	2.994374795918637311e-01	2.994374795918637311e-01	5.132826935130709867e-01	6.576975439661599809e-01	2.994374795918637311e-01	2.994374795918637311e-01	2.994374795918637311e-01	2.994374795918637311e-01	4.637509734861839927e-01	2.994374795918637311e-01	5.747714783892230450e-01	2.994374795918637311e-01	5.953950426426379838e-01	5.288366716643549958e-01	2.994374795918637311e-01	2.994374795918637311e-01	5.773896512143570359e-01	6.909032856575429982e-01	4.939001696041580014e-01	4.345384026786440201e-01	6.438929063863170210e-01	2.994374795918637311e-01	5.607627554866809749e-01	2.994374795918637311e-01	4.120266545913380263e-01	2.994374795918637311e-01	4.816847539437790204e-01	2.994374795918637311e-01	2.994374795918637311e-01	2.994374795918637311e-01	5.599511174176959871e-01	6.675610975102279632e-01	6.377046843991639458e-01	2.994374795918637311e-01	2.994374795918637311e-01	2.994374795918637311e-01	5.288742621883499861e-01	4.994984613518029803e-01	2.994374795918637311e-01	2.994374795918637311e-01	2.994374795918637311e-01	2.994374795918637311e-01	2.994374795918637311e-01	2.994374795918637311e-01	2.994374795918637311e-01	2.994374795918637311e-01	2.994374795918637311e-01	2.994374795918637311e-01	2.994374795918637311e-01	2.994374795918637311e-01	2.994374795918637311e-01	2.994374795918637311e-01	2.994374795918637311e-01	2.994374795918637311e-01	6.806738378843659731e-01	2.994374795918637311e-01	2.994374795918637311e-01	2.994374795918637311e-01	2.994374795918637311e-01	2.994374795918637311e-01	5.568051227735479891e-01	6.554696498764279733e-01	2.994374795918637311e-01	2.994374795918637311e-01	2.994374795918637311e-01	2.994374795918637311e-01	2.994374795918637311e-01	2.994374795918637311e-01	2.994374795918637311e-01	6.268223322061049485e-01	2.994374795918637311e-01	2.994374795918637311e-01	2.994374795918637311e-01	2.994374795918637311e-01	2.994374795918637311e-01	2.994374795918637311e-01	6.989526453030779907e-01	2.994374795918637311e-01	2.994374795918637311e-01
2.994374795918637311e-01	2.994374795918637311e-01	2.994374795918637311e-01	2.994374795918637311e-01	2.994374795918637311e-01	5.180393876687670041e-01	2.994374795918637311e-01	2.994374795918637311e-01	2.994374795918637311e-01	2.994374795918637311e-01	2.994374795918637311e-01	1.000000000000059952e+00	5.797067061995370141e-01	2.994374795918637311e-01	2.994374795918637311e-01	5.616186416333339704e-01	2.994374795918637311e-01	5.256207338623130054e-01	5.621299747583810014e-01	2.994374795918637311e-01	2.994374795918637311e-01	5.787589127048320403e-01	2.994374795918637311e-01	2.994374795918637311e-01	2.994374795918637311e-01	2.994374795918637311e-01	2.994374795918637311e-01	2.994374795918637311e-01	2.994374795918637311e-01	2.994374795918637311e-01	2.994374795918637311e-01	2.994374795918637311e-01	2.994374795918637311e-01	2.994374795918637311e-01	2.994374795918637311e-01	5.880583430234630482e-01	2.994374795918637311e-01	2.994374795918637311e-01	2.994374795918637311e-01	2.994374795918637311e-01	2.994374795918637311e-01	2.994374795918637311e-01	5.053624479876710485e-01	5.074484879460979814e-01	2.994374795918637311e-01	2.994374795918637311e-01	2.994374795918637311e-01	2.994374795918637311e-01	5.886456793744540006e-01	2.994374795918637311e-01	2.994374795918637311e-01	2.994374795918637311e-01	2.994374795918637311e-01	4.490609212291810093e-01	2.994374795918637311e-01	2.994374795918637311e-01	2.994374795918637311e-01	5.888456508996949834e-01	2.994374795918637311e-01	2.994374795918637311e-01	6.673184553318339818e-01	2.994374795918637311e-01	2.994374795918637311e-01	2.994374795918637311e-01	2.994374795918637311e-01	2.994374795918637311e-01	4.977161318303919835e-01	2.994374795918637311e-01	2.994374795918637311e-01	2.994374795918637311e-01	2.994374795918637311e-01	2.994374795918637311e-01	2.994374795918637311e-01	6.011868806355610273e-01	2.994374795918637311e-01	2.994374795918637311e-01	2.994374795918637311e-01	2.994374795918637311e-01	2.994374795918637311e-01	2.994374795918637311e-01	2.994374795918637311e-01	2.994374795918637311e-01	4.494140369892509757e-01	2.994374795918637311e-01	2.994374795918637311e-01	4.126688547788759931e-01	5.406095483484639752e-01	6.250855322364109457e-01	2.994374795918637311e-01	5.679730994686900125e-01	2.994374795918637311e-01	2.994374795918637311e-01	2.994374795918637311e-01	2.994374795918637311e-01	2.994374795918637311e-01	5.315163541661399593e-01	2.994374795918637311e-01	5.144803091330100164e-01	2.994374795918637311e-01	6.036449499092549908e-01	2.994374795918637311e-01	2.994374795918637311e-01	2.994374795918637311e-01	2.994374795918637311e-01	2.994374795918637311e-01	2.994374795918637311e-01	2.994374795918637311e-01	2.994374795918637311e-01	5.501814283167789643e-01	2.994374795918637311e-01	2.994374795918637311e-01	2.994374795918637311e-01	2.994374795918637311e-01	6.404233499220020054e-01	2.994374795918637311e-01	6.180594186430710124e-01	2.994374795918637311e-01	2.994374795918637311e-01	2.994374795918637311e-01	2.994374795918637311e-01	7.200136261615039945e-01	7.361537863981010288e-01	2.994374795918637311e-01	2.994374795918637311e-01
