9.999999999999990008e-01	6.069196667448555349e-01	7.895462857711329496e-01	6.085078976457329869e-01	6.607424284922910340e-01	6.069196667448555349e-01	6.423141624495839475e-01	6.905330336750610254e-01	6.069196667448555349e-01	6.069196667448555349e-01	6.069196667448555349e-01	6.069196667448555349e-01	6.460695627649689632e-01	6.069196667448555349e-01	6.565815042416049963e-01	6.644622778118020046e-01	5.890774964930149959e-01	6.069196667448555349e-01	6.069196667448555349e-01	6.069196667448555349e-01	5.993887725951589918e-01	6.069196667448555349e-01	6.770232910873620336e-01	6.759898896996689999e-01	6.069196667448555349e-01	6.739403912790610240e-01	6.524644691851370082e-01	6.775108280012209772e-01	6.069196667448555349e-01	6.602418511866300355e-01	6.069196667448555349e-01	6.199982003078450266e-01	6.320574413341130127e-01	6.069196667448555349e-01	6.341198256337160499e-01	6.069196667448555349e-01	6.069196667448555349e-01	6.620620263914670511e-01	6.069196667448555349e-01	6.069196667448555349e-01	6.069196667448555349e-01	5.878026602747019602e-01	6.069196667448555349e-01	6.069196667448555349e-01	5.926399054981430492e-01	6.216954336661649760e-01	6.262548373399049462e-01	6.069196667448555349e-01	6.645300601967519816e-01	6.587672098128719567e-01	6.936272752603089842e-01	6.092986149001190510e-01	6.069196667448555349e-01	6.069196667448555349e-01	6.069196667448555349e-01	6.023470276546110114e-01	6.069196667448555349e-01	6.136786149479289687e-01	6.069196667448555349e-01	6.215697737075179807e-01	6.318004651604629540e-01	6.322163633896750179e-01	6.909509238506279516e-01	6.069196667448555349e-01	5.885612687698480450e-01	6.528393061707700173e-01	6.069196667448555349e-01	6.069196667448555349e-01	6.069196667448555349e-01	6.069196667448555349e-01	6.069196667448555349e-01	6.628880818916650375e-01	6.341481054726330058e-01	6.638520913046830341e-01	5.837507511567879837e-01	6.069196667448555349e-01	6.069196667448555349e-01	6.069196667448555349e-01	6.069196667448555349e-01	6.069196667448555349e-01	6.069196667448555349e-01	6.380806358764520292e-01	6.319232977805849805e-01	6.069196667448555349e-01	6.408995760189239999e-01	6.069196667448555349e-01	6.396967476194900248e-01	6.165544955255559678e-01	6.069196667448555349e-01	6.069196667448555349e-01	6.611614207348860406e-01	5.768997516423509664e-01	6.069196667448555349e-01	5.721163496778369772e-01	5.495734403372890542e-01	6.069196667448555349e-01	6.067760505641770497e-01	6.069196667448555349e-01	6.069196667448555349e-01	6.164361288471470468e-01	5.751132383960809724e-01	6.069196667448555349e-01	5.948389494728419935e-01	6.069196667448555349e-01	6.069196667448555349e-01	5.955194292372270048e-01	6.069196667448555349e-01	6.069196667448555349e-01	6.069196667448555349e-01	6.069196667448555349e-01	6.069196667448555349e-01	6.069196667448555349e-01	6.069196667448555349e-01	6.553585601593380217e-01	6.566826859069649913e-01	7.869864924003789897e-01	7.670062866182949524e-01	6.069196667448555349e-01	7.751061788750860382e-01	6.069196667448555349e-01	6.069196667448555349e-01	6.069196667448555349e-01	7.158938574817830247e-01	7.016429651949860347e-01
6.069196667448555349e-01	1.000000000000000000e+00	6.069196667448555349e-01	6.069196667448555349e-01	6.547904425165500530e-01	6.069196667448555349e-01	6.362710493288780134e-01	6.069196667448555349e-01	6.069196667448555349e-01	6.724818550616019630e-01	6.614886628851750494e-01	6.549919059801000421e-01	6.309162633953160348e-01	6.069196667448555349e-01	6.324539883299959975e-01	6.069196667448555349e-01	5.906224337548620085e-01	6.069196667448555349e-01	6.134743355876569604e-01	6.501938417438539730e-01	6.069196667448555349e-01	6.460831748895420334e-01	6.069196667448555349e-01	6.501669030492780443e-01	6.069196667448555349e-01	6.582891101138880208e-01	6.118313987571060153e-01	6.069196667448555349e-01	6.069196667448555349e-01	6.069196667448555349e-01	6.267705958088369833e-01	5.970056174338479460e-01	5.933827224531129652e-01	6.743336273504759726e-01	6.069196667448555349e-01	6.069196667448555349e-01	6.069196667448555349e-01	6.276458900308530264e-01	6.069196667448555349e-01	5.806135647978519776e-01	6.688460163302789585e-01	5.969292298656639906e-01	6.069196667448555349e-01	6.069196667448555349e-01	6.069196667448555349e-01	6.069196667448555349e-01	6.017695821239600340e-01	6.069196667448555349e-01	6.437836668566869758e-01	6.338029408932890352e-01	6.548418451232950188e-01	6.069196667448555349e-01	5.912013737778599731e-01	6.069196667448555349e-01	6.242838970171470381e-01	5.981534794554910217e-01	6.341348887755150487e-01	6.069196667448555349e-01	6.069196667448555349e-01	6.051743429979039579e-01	6.069196667448555349e-01	6.158318544064730338e-01	6.575488315131600148e-01	6.227137089211709498e-01	6.069196667448555349e-01	6.365900511729020161e-01	6.080139647542629477e-01	6.069196667448555349e-01	6.069196667448555349e-01	6.069196667448555349e-01	6.115598523823230215e-01	6.479048900015730306e-01	6.069196667448555349e-01	6.069196667448555349e-01	5.809208787274350305e-01	6.069021231364110092e-01	6.069196667448555349e-01	5.786208247590429732e-01	6.069196667448555349e-01	6.069196667448555349e-01	6.392272692972710280e-01	6.203120388778220473e-01	6.069196667448555349e-01	6.764802940290649547e-01	6.190862709138800213e-01	6.069196667448555349e-01	6.069196667448555349e-01	6.116131833732320056e-01	6.069196667448555349e-01	6.046437763105829699e-01	6.467165562239209908e-01	6.069196667448555349e-01	5.849662273816750302e-01	6.069196667448555349e-01	6.069196667448555349e-01	6.069196667448555349e-01	6.069196667448555349e-01	6.069196667448555349e-01	6.069196667448555349e-01	6.069196667448555349e-01	5.987399383270799458e-01	6.069196667448555349e-01	5.963016067934420184e-01	6.069196667448555349e-01	6.069196667448555349e-01	6.069196667448555349e-01	6.069196667448555349e-01	6.069196667448555349e-01	5.941555919178740375e-01	5.900981476769360246e-01	6.453910977874389721e-01	6.613633900472339899e-01	6.361341381440950293e-01	6.069196667448555349e-01	6.069196667448555349e-01	6.069196667448555349e-01	7.164387184138270026e-01	6.069196667448555349e-01	6.069196667448555349e-01	6.069196667448555349e-01	5.886357203703159735e-01	6.069196667448555349e-01	6.714004717281050194e-01	6.736450431769229752e-01
7.895462857711329496e-01	6.069196667448555349e-01	1.000000000000000000e+00	5.797537473406939590e-01	6.069196667448555349e-01	6.555276766383349996e-01	6.338301515106260497e-01	6.069196667448555349e-01	6.631960964328620367e-01	6.586848977371709823e-01	6.069196667448555349e-01	6.341338838271589617e-01	6.429353701689409784e-01	5.688457648849150061e-01	6.222808045674610433e-01	6.497522557316399716e-01	5.987212172551249489e-01	6.069196667448555349e-01	6.205852608181420260e-01	6.069196667448555349e-01	5.916320764661819886e-01	6.331320254710050000e-01	6.069196667448555349e-01	6.512895305113950428e-01	6.069196667448555349e-01	6.069196667448555349e-01	6.069196667448555349e-01	6.447315263818039766e-01	6.010863586205470455e-01	6.069196667448555349e-01	6.069196667448555349e-01	6.083948758953680036e-01	6.114455428990439589e-01	6.069196667448555349e-01	6.069196667448555349e-01	6.069196667448555349e-01	6.353288578808720111e-01	6.069196667448555349e-01	6.069196667448555349e-01	6.271869293235580178e-01	6.069196667448555349e-01	6.069196667448555349e-01	6.069196667448555349e-01	6.125601966972430423e-01	6.069196667448555349e-01	6.065578594086840081e-01	6.121890852607250189e-01	6.073662595139539544e-01	6.636815909515380030e-01	6.544502676886509995e-01	6.700838930814949634e-01	6.069196667448555349e-01	6.069196667448555349e-01	6.069196667448555349e-01	6.123220298339600021e-01	6.069196667448555349e-01	6.170978986967540214e-01	5.940640379677130101e-01	6.069196667448555349e-01	6.118441696762170201e-01	6.069196667448555349e-01	6.120055862466889929e-01	6.641919094252020095e-01	5.937120605684399477e-01	6.069196667448555349e-01	6.069196667448555349e-01	6.212415501919099636e-01	6.069196667448555349e-01	6.069196667448555349e-01	6.083902856959589878e-01	5.954611812100699675e-01	6.069196667448555349e-01	6.177809584739909488e-01	6.069196667448555349e-01	6.069196667448555349e-01	6.069196667448555349e-01	6.069196667448555349e-01	6.069196667448555349e-01	6.211692899112589705e-01	6.035430863268219648e-01	6.069196667448555349e-01	6.106629267955400175e-01	6.051222371838890224e-01	6.069196667448555349e-01	5.961292874636929806e-01	6.102279479625160041e-01	6.069196667448555349e-01	6.199854871577129556e-01	7.559471187309529938e-01	6.299797581608129748e-01	6.592258260850869522e-01	5.759999519653350442e-01	6.069196667448555349e-01	6.069196667448555349e-01	6.069196667448555349e-01	5.772933078563480258e-01	6.069196667448555349e-01	6.069196667448555349e-01	5.948603177517299834e-01	6.180446967310320172e-01	6.069196667448555349e-01	6.069196667448555349e-01	5.831643465158370399e-01	5.740102916940750255e-01	6.069196667448555349e-01	5.957211650883690313e-01	6.172365641208880094e-01	6.069196667448555349e-01	6.136691241648859485e-01	5.814092163222970289e-01	6.471492142296250139e-01	6.069196667448555349e-01	6.069196667448555349e-01	6.583089990291159932e-01	6.634283438455049753e-01	6.069196667448555349e-01	6.069196667448555349e-01	6.069196667448555349e-01	6.069196667448555349e-01	6.508463339467850384e-01	5.912947894370980118e-01	6.069196667448555349e-01	6.698850979506190129e-01	6.683363633663109704e-01
6.085078976457329869e-01	6.069196667448555349e-01	5.797537473406939590e-01	9.999999999999980016e-01	5.638978745282430260e-01	6.069196667448555349e-01	5.502305638078229810e-01	5.582625743729500156e-01	6.069196667448555349e-01	6.069196667448555349e-01	5.627554692219109977e-01	5.558617071157869738e-01	6.271046215413730307e-01	6.260976508266350438e-01	6.069196667448555349e-01	6.069196667448555349e-01	6.070033043284079888e-01	6.069196667448555349e-01	6.503586808172200362e-01	5.642747912165819724e-01	6.385002646506180435e-01	6.069196667448555349e-01	5.828779153079000075e-01	6.069196667448555349e-01	5.488703515039190517e-01	5.970351375181970344e-01	5.810004523703330426e-01	5.861624048058049485e-01	6.312538778131859818e-01	6.326209156729190042e-01	6.213223100453899583e-01	5.538340015434629615e-01	6.069196667448555349e-01	6.069196667448555349e-01	6.069196667448555349e-01	6.106481807758410429e-01	6.069196667448555349e-01	6.069196667448555349e-01	6.635279295204770111e-01	6.069196667448555349e-01	6.069196667448555349e-01	6.069196667448555349e-01	6.069196667448555349e-01	6.069196667448555349e-01	5.919461372346319639e-01	5.837882837730530294e-01	6.069196667448555349e-01	6.069196667448555349e-01	6.502613720157469634e-01	5.870122209266179780e-01	6.069196667448555349e-01	6.104923156434439724e-01	5.461056296676489730e-01	6.069196667448555349e-01	6.069196667448555349e-01	5.915658224935940179e-01	6.069196667448555349e-01	6.069196667448555349e-01	5.793968038315320257e-01	5.523548081064679760e-01	6.069196667448555349e-01	6.069196667448555349e-01	5.412149639677009683e-01	5.852712199715980335e-01	5.446201463196389536e-01	6.069196667448555349e-01	6.069196667448555349e-01	6.214247506334650284e-01	6.069196667448555349e-01	5.598823191455950532e-01	5.753632337675480546e-01	6.069196667448555349e-01	6.069196667448555349e-01	6.069196667448555349e-01	6.069196667448555349e-01	6.283863324613160328e-01	6.069196667448555349e-01	6.069196667448555349e-01	6.069196667448555349e-01	6.069196667448555349e-01	6.069196667448555349e-01	5.149806414110179587e-01	6.069196667448555349e-01	6.069196667448555349e-01	5.756417574938560433e-01	6.069196667448555349e-01	5.965666390146470155e-01	5.812197195096310276e-01	5.997604166030300332e-01	6.069196667448555349e-01	6.069196667448555349e-01	6.069196667448555349e-01	6.069196667448555349e-01	5.799607341284059858e-01	5.167364827553290185e-01	5.816727443827669486e-01	6.069196667448555349e-01	6.069196667448555349e-01	6.102992800027969844e-01	5.935805424739289959e-01	5.353937746203260017e-01	5.609374842040779630e-01	6.069196667448555349e-01	6.097246668651919999e-01	6.069196667448555349e-01	6.069196667448555349e-01	5.695957138153739940e-01	6.069196667448555349e-01	6.069196667448555349e-01	6.069196667448555349e-01	6.069196667448555349e-01	6.069196667448555349e-01	6.217559917630419708e-01	6.069196667448555349e-01	6.069196667448555349e-01	6.078928450428739971e-01	6.082407516871249920e-01	5.963525882947450230e-01	6.069196667448555349e-01	5.998532950329059643e-01	5.643083959969630303e-01	5.800020538417209881e-01	5.774620822554099586e-01	6.069196667448555349e-01
6.607424284922910340e-01	6.547904425165500530e-01	6.069196667448555349e-01	5.638978745282430260e-01	9.999999999999980016e-01	6.455097636538660311e-01	7.428006747392289499e-01	6.959923819904769715e-01	6.069196667448555349e-01	6.069196667448555349e-01	6.069196667448555349e-01	7.191989189554559569e-01	6.069196667448555349e-01	6.001520826156120370e-01	6.069196667448555349e-01	6.118221838916969579e-01	5.873134666095689571e-01	6.069196667448555349e-01	5.484811515680769745e-01	7.185598478164190173e-01	5.862361844613529493e-01	6.069196667448555349e-01	6.785611240997180271e-01	5.814542029238839449e-01	6.721265939363809672e-01	7.236161194253110107e-01	5.392376332094890312e-01	6.069196667448555349e-01	6.069196667448555349e-01	6.054578127259100384e-01	5.896806002055390294e-01	5.735309851062460051e-01	5.294646527002310199e-01	6.066543538670300384e-01	6.069196667448555349e-01	5.406807707999979895e-01	6.069196667448555349e-01	6.069196667448555349e-01	6.069196667448555349e-01	6.069196667448555349e-01	6.200372792611780204e-01	6.726912052222759897e-01	6.688339973285729601e-01	6.317583278081110310e-01	6.069196667448555349e-01	6.340928819219610046e-01	6.069196667448555349e-01	6.397668848460890123e-01	6.097962638725069606e-01	5.722472161393300505e-01	6.329572232906089946e-01	6.069196667448555349e-01	5.824566793531780196e-01	6.069196667448555349e-01	6.069196667448555349e-01	6.069196667448555349e-01	6.402006446161090381e-01	5.562666850843279720e-01	6.069196667448555349e-01	6.069196667448555349e-01	6.069196667448555349e-01	5.774827718228420226e-01	6.572029975185019746e-01	6.185629690614230514e-01	5.463736103230439900e-01	6.348297540511179671e-01	6.069196667448555349e-01	6.069196667448555349e-01	5.899376624617049814e-01	6.069196667448555349e-01	6.069196667448555349e-01	6.369260726780869852e-01	6.069196667448555349e-01	5.932930531860769463e-01	6.069196667448555349e-01	6.069196667448555349e-01	6.649121474553749689e-01	5.873996639681170473e-01	6.069196667448555349e-01	5.745407317414600312e-01	7.214313068211040125e-01	6.069196667448555349e-01	6.069196667448555349e-01	6.069196667448555349e-01	5.852885395511080446e-01	6.069196667448555349e-01	6.219965872238409910e-01	6.117751372215129990e-01	6.069196667448555349e-01	6.069196667448555349e-01	6.069196667448555349e-01	6.069196667448555349e-01	5.744223978898149729e-01	5.539121815307149754e-01	6.084801470557319458e-01	5.941560256216900093e-01	6.069196667448555349e-01	6.069196667448555349e-01	6.069196667448555349e-01	6.615481556849890366e-01	6.766289621627109563e-01	6.317174724325580470e-01	6.111391968010919662e-01	6.069196667448555349e-01	6.409796514939599676e-01	5.978822477285929970e-01	6.123994283689110363e-01	5.670678767476490245e-01	6.069196667448555349e-01	6.069196667448555349e-01	6.069196667448555349e-01	6.076111183449439679e-01	6.143155988512739585e-01	6.063816967777120315e-01	6.064686576158799802e-01	6.724251981804499900e-01	6.069196667448555349e-01	6.069196667448555349e-01	6.069196667448555349e-01	6.069196667448555349e-01	6.398386272872289560e-01	6.677589918300349536e-01	6.172647836856499648e-01	6.069196667448555349e-01
6.069196667448555349e-01	6.069196667448555349e-01	6.555276766383349996e-01	6.069196667448555349e-01	6.455097636538660311e-01	9.999999999999980016e-01	6.069196667448555349e-01	5.964196037765300273e-01	6.078623185606569779e-01	5.935092115941520419e-01	6.069196667448555349e-01	6.069196667448555349e-01	6.663597444662600067e-01	6.149350471155790032e-01	5.860095452832190244e-01	5.860812616339790004e-01	6.176849720157010504e-01	6.069196667448555349e-01	6.069196667448555349e-01	6.069196667448555349e-01	6.129350907179940133e-01	6.069196667448555349e-01	5.787314291981230374e-01	5.816129263207260314e-01	6.069196667448555349e-01	6.320701340404230040e-01	5.334356049087900509e-01	6.069196667448555349e-01	6.069196667448555349e-01	5.904982485779850521e-01	5.779091722593320268e-01	5.621746275114229974e-01	6.069196667448555349e-01	6.552065471150909648e-01	6.069196667448555349e-01	6.069196667448555349e-01	6.069196667448555349e-01	6.069196667448555349e-01	6.069196667448555349e-01	6.069196667448555349e-01	5.593802108752969904e-01	6.396690618799489858e-01	6.069196667448555349e-01	6.069196667448555349e-01	5.236297816609070122e-01	5.776585096024280386e-01	6.069196667448555349e-01	5.989616880640340479e-01	6.308132669354959976e-01	6.069196667448555349e-01	6.173664243797170048e-01	6.069196667448555349e-01	6.069196667448555349e-01	6.069196667448555349e-01	6.069196667448555349e-01	6.421667343373349546e-01	6.069196667448555349e-01	5.343283872239229515e-01	5.598207908737470317e-01	6.069196667448555349e-01	6.069196667448555349e-01	6.069196667448555349e-01	5.827528282547059790e-01	6.069196667448555349e-01	5.346566783585290361e-01	6.069196667448555349e-01	6.069196667448555349e-01	6.234116602554670150e-01	5.867351550441299857e-01	6.069196667448555349e-01	6.069196667448555349e-01	5.966496996616420523e-01	5.643156298017729666e-01	6.069196667448555349e-01	6.069196667448555349e-01	6.298515731987860411e-01	6.069196667448555349e-01	6.069196667448555349e-01	6.613756903415759503e-01	5.666924091214650128e-01	6.069196667448555349e-01	5.476662044473520341e-01	6.069196667448555349e-01	5.817661472143950130e-01	5.368457538236329762e-01	6.163563680180580429e-01	6.532887324237139914e-01	6.069196667448555349e-01	6.069196667448555349e-01	6.269483957563449783e-01	6.069196667448555349e-01	6.278009139768819802e-01	5.970115555382869976e-01	6.069196667448555349e-01	6.069196667448555349e-01	6.273731996863289861e-01	6.637779876948319835e-01	5.831562816582049891e-01	6.457275405145620484e-01	6.069196667448555349e-01	6.069196667448555349e-01	6.069196667448555349e-01	6.006273013432209540e-01	6.069196667448555349e-01	6.337100899941769949e-01	6.322312952326170077e-01	6.069196667448555349e-01	6.069196667448555349e-01	5.329947526446100481e-01	5.280664544115080128e-01	5.542292399188259999e-01	6.069196667448555349e-01	6.036752671286109706e-01	6.069196667448555349e-01	6.069196667448555349e-01	6.334369440780339700e-01	6.074408208448079938e-01	6.557323979709489548e-01	6.374749288512330248e-01	6.010585321200250242e-01	6.069196667448555349e-01	6.069196667448555349e-01	6.069196667448555349e-01	6.069196667448555349e-01
6.423141624495839475e-01	6.362710493288780134e-01	6.338301515106260497e-01	5.502305638078229810e-01	7.428006747392289499e-01	6.069196667448555349e-01	9.999999999999990008e-01	6.069196667448555349e-01	6.907389186381499568e-01	6.069196667448555349e-01	6.069196667448555349e-01	7.083089120821139950e-01	6.380891554574390501e-01	6.069196667448555349e-01	6.090559686259160443e-01	5.960766699550640313e-01	6.069196667448555349e-01	5.503516817710309983e-01	5.497897105072550028e-01	6.069196667448555349e-01	6.069196667448555349e-01	6.069196667448555349e-01	6.644415881616539954e-01	6.069196667448555349e-01	6.069196667448555349e-01	6.069196667448555349e-01	6.069196667448555349e-01	6.380834195135759446e-01	6.069196667448555349e-01	6.069196667448555349e-01	5.884682169641539673e-01	5.534105444232120252e-01	5.176911170036559984e-01	6.026569102483190221e-01	5.795897783554629923e-01	6.069196667448555349e-01	6.069196667448555349e-01	5.615539569952390231e-01	6.069196667448555349e-01	5.550499310335650360e-01	6.069196667448555349e-01	6.069196667448555349e-01	6.069196667448555349e-01	6.069196667448555349e-01	5.179529414462840098e-01	6.069196667448555349e-01	6.069196667448555349e-01	6.259397172838030432e-01	6.069196667448555349e-01	5.806282276202450188e-01	6.069196667448555349e-01	6.006065693614840439e-01	6.069196667448555349e-01	6.021505049574360502e-01	6.206194133634159726e-01	6.069196667448555349e-01	6.069196667448555349e-01	5.503017533883409751e-01	6.069196667448555349e-01	6.069196667448555349e-01	6.069196667448555349e-01	5.707938730525690119e-01	6.716882558664950542e-01	6.113504758165519970e-01	6.069196667448555349e-01	6.414044313194720015e-01	6.069196667448555349e-01	6.177329641059360332e-01	5.917635090359439909e-01	6.297054878055919902e-01	6.069196667448555349e-01	6.084769640224280129e-01	5.767998339939149899e-01	5.991602024533360105e-01	6.069196667448555349e-01	6.259103291465569763e-01	6.552095505054400526e-01	6.008036351320880097e-01	6.410161860700249736e-01	6.069196667448555349e-01	7.098364957935979769e-01	6.069196667448555349e-01	6.069196667448555349e-01	6.062644541794039998e-01	5.558358394387400425e-01	6.069196667448555349e-01	6.069196667448555349e-01	6.069196667448555349e-01	6.528001517035020296e-01	6.069196667448555349e-01	6.520358083496500257e-01	6.069196667448555349e-01	5.714155844962199859e-01	5.337048260232259977e-01	5.821883988391319820e-01	6.069196667448555349e-01	6.069196667448555349e-01	6.069196667448555349e-01	6.091952683013249770e-01	6.069196667448555349e-01	6.735892368995359814e-01	6.069196667448555349e-01	6.069196667448555349e-01	6.069196667448555349e-01	6.069196667448555349e-01	5.949691308400130163e-01	6.225000787207080055e-01	5.745303867684450339e-01	5.553120798922329682e-01	6.069196667448555349e-01	6.069196667448555349e-01	6.069196667448555349e-01	6.069196667448555349e-01	6.076866126127640211e-01	6.122968850947480002e-01	6.600098174046059585e-01	6.023430303535990404e-01	6.069196667448555349e-01	6.069196667448555349e-01	6.069196667448555349e-01	6.430589575318600426e-01	6.587147221795930374e-01	6.059538022388269995e-01	6.069196667448555349e-01
6.905330336750610254e-01	6.069196667448555349e-01	6.069196667448555349e-01	5.582625743729500156e-01	6.959923819904769715e-01	5.964196037765300273e-01	6.069196667448555349e-01	1.000000000000000000e+00	6.069196667448555349e-01	6.069196667448555349e-01	6.069196667448555349e-01	6.069196667448555349e-01	6.069196667448555349e-01	6.069196667448555349e-01	6.069196667448555349e-01	6.389428456585080074e-01	5.657413820351629985e-01	6.069196667448555349e-01	5.760941733900889483e-01	6.566450832966299611e-01	6.069196667448555349e-01	6.140475245880050448e-01	6.069196667448555349e-01	6.346212289042719723e-01	7.160260927629700234e-01	6.069196667448555349e-01	5.929223612294599599e-01	6.069196667448555349e-01	5.909877217048560283e-01	6.069196667448555349e-01	6.438858481093110431e-01	6.069196667448555349e-01	5.817040415844659806e-01	6.069196667448555349e-01	5.984193117365189662e-01	5.685417601812879917e-01	6.069196667448555349e-01	6.069196667448555349e-01	6.005541325265359998e-01	6.069196667448555349e-01	6.069196667448555349e-01	6.643383616360970523e-01	6.069196667448555349e-01	5.894793770386049792e-01	5.402477741056790350e-01	6.392691420030099936e-01	5.752249136807350283e-01	6.038871134505640059e-01	6.127281964482309551e-01	5.932828733592110382e-01	6.069196667448555349e-01	6.069196667448555349e-01	5.465823685776840524e-01	6.069196667448555349e-01	6.069196667448555349e-01	6.069196667448555349e-01	6.069196667448555349e-01	6.069196667448555349e-01	5.791863727436009635e-01	5.854251108577329665e-01	6.069196667448555349e-01	6.069196667448555349e-01	6.779272084472970361e-01	6.069196667448555349e-01	6.069196667448555349e-01	6.069196667448555349e-01	6.290223683014990463e-01	6.069196667448555349e-01	5.704323664202040067e-01	5.941459690165420415e-01	6.069196667448555349e-01	6.305852299948120354e-01	6.069196667448555349e-01	6.069196667448555349e-01	6.069196667448555349e-01	5.911697121432729629e-01	6.069196667448555349e-01	6.069196667448555349e-01	5.962327681846020244e-01	6.069196667448555349e-01	6.069196667448555349e-01	6.069196667448555349e-01	6.069196667448555349e-01	6.069196667448555349e-01	5.918766419096830322e-01	6.069196667448555349e-01	6.127424848932190304e-01	5.888497150683039694e-01	6.069196667448555349e-01	6.069196667448555349e-01	6.069196667448555349e-01	5.743343890589539535e-01	6.069196667448555349e-01	6.069196667448555349e-01	6.069196667448555349e-01	5.596434881418500540e-01	5.899921800606050537e-01	6.069196667448555349e-01	5.708256537047949886e-01	6.069196667448555349e-01	6.069196667448555349e-01	6.069196667448555349e-01	6.069196667448555349e-01	6.069196667448555349e-01	6.069196667448555349e-01	6.069196667448555349e-01	5.875547492921999737e-01	5.829664498325429767e-01	5.937294044626110212e-01	6.069196667448555349e-01	6.069196667448555349e-01	6.434599819506650054e-01	6.088365891652219863e-01	6.069196667448555349e-01	6.069196667448555349e-01	6.069196667448555349e-01	6.069196667448555349e-01	6.620327244124110111e-01	6.722054441918270395e-01	6.664637637912199652e-01	5.659696699577100309e-01	6.566291145032699950e-01	6.617647922176800312e-01	6.787739895826929715e-01
6.069196667448555349e-01	6.069196667448555349e-01	6.631960964328620367e-01	6.069196667448555349e-01	6.069196667448555349e-01	6.078623185606569779e-01	6.907389186381499568e-01	6.069196667448555349e-01	1.000000000000000000e+00	6.069196667448555349e-01	6.069196667448555349e-01	6.533903113159650333e-01	6.107599308170029717e-01	5.371305521305239639e-01	6.620467572475170481e-01	6.348421091307500097e-01	5.833852705915230086e-01	6.069196667448555349e-01	5.883853097585209913e-01	6.453191267435790524e-01	5.777022692305180396e-01	6.140991017420680542e-01	6.069196667448555349e-01	6.413726384247000478e-01	7.172664767555819720e-01	6.469590620950009807e-01	6.069774703004899852e-01	7.165635721097399768e-01	5.977247267720979806e-01	6.069196667448555349e-01	6.417364130113270004e-01	5.645829367482959604e-01	5.963055663688839880e-01	6.561542283310609625e-01	6.084483128378059824e-01	5.805240033567929947e-01	6.285634129371240331e-01	6.330525418627319656e-01	6.150581540272670455e-01	6.069196667448555349e-01	6.258637650850069623e-01	6.605306227259419849e-01	6.069196667448555349e-01	6.069196667448555349e-01	5.469013164873960386e-01	6.448412282250599592e-01	5.847190596801939977e-01	6.069196667448555349e-01	6.069196667448555349e-01	6.055461880935369967e-01	6.307919222407779580e-01	5.805095717088449847e-01	5.390604377236000166e-01	6.069196667448555349e-01	6.040894581956309795e-01	6.069196667448555349e-01	6.110502963178919833e-01	5.766614079843730423e-01	5.832949317244340293e-01	5.867576227425880253e-01	6.069196667448555349e-01	5.749703661605829463e-01	6.069196667448555349e-01	6.069196667448555349e-01	5.642321777142810246e-01	6.069196667448555349e-01	6.069196667448555349e-01	6.069196667448555349e-01	5.818521566683030333e-01	6.069196667448555349e-01	5.754384952432629596e-01	6.095122247139520555e-01	6.069196667448555349e-01	6.069196667448555349e-01	6.069196667448555349e-01	6.069196667448555349e-01	6.745111310371549873e-01	6.069196667448555349e-01	6.069196667448555349e-01	6.069196667448555349e-01	6.436827867126400093e-01	5.999875082344590105e-01	5.859838355599570336e-01	6.069196667448555349e-01	6.069196667448555349e-01	6.069196667448555349e-01	6.069196667448555349e-01	6.011775856678159835e-01	6.069196667448555349e-01	5.976908649335570534e-01	6.069196667448555349e-01	5.705211180195840504e-01	5.335503152814049521e-01	5.330662180336650513e-01	5.285087861867580061e-01	6.069196667448555349e-01	5.950829420683170223e-01	5.695780054985459806e-01	6.069196667448555349e-01	5.981625904204479482e-01	6.069196667448555349e-01	5.613016939433179697e-01	5.526979649429909491e-01	6.069196667448555349e-01	6.069196667448555349e-01	6.069196667448555349e-01	6.069196667448555349e-01	6.069196667448555349e-01	6.069196667448555349e-01	5.885269142455800129e-01	6.069196667448555349e-01	6.069196667448555349e-01	6.292363202274989797e-01	6.069196667448555349e-01	6.484431206189109620e-01	6.646226568075970231e-01	6.379486353020280553e-01	6.595139595314000180e-01	6.069196667448555349e-01	6.851562015792730387e-01	5.570430955146049579e-01	6.480696001944300511e-01	6.636003250552140464e-01	6.724493199019909717e-01
6.069196667448555349e-01	6.724818550616019630e-01	6.586848977371709823e-01	6.069196667448555349e-01	6.069196667448555349e-01	5.935092115941520419e-01	6.069196667448555349e-01	6.069196667448555349e-01	6.069196667448555349e-01	1.000000000000000000e+00	6.069196667448555349e-01	6.069196667448555349e-01	6.091358149235139852e-01	5.438370291212529795e-01	6.396277695532189833e-01	6.319281214751879538e-01	6.069196667448555349e-01	5.418203000555460447e-01	6.067154196747409634e-01	6.069196667448555349e-01	5.660472045133919661e-01	6.309267849640379788e-01	6.069196667448555349e-01	6.069196667448555349e-01	6.069196667448555349e-01	6.918780948675760101e-01	6.224386708150539960e-01	6.953449770007069652e-01	6.203348864717810329e-01	6.069196667448555349e-01	6.622968160384520298e-01	6.069196667448555349e-01	5.810254723615829731e-01	6.069196667448555349e-01	6.069196667448555349e-01	5.965145176598209975e-01	6.069196667448555349e-01	6.449620685932599962e-01	6.069196667448555349e-01	5.627170803144969646e-01	6.299456256051060299e-01	5.902314304605980055e-01	6.251525010901070045e-01	6.069196667448555349e-01	6.069196667448555349e-01	6.069196667448555349e-01	5.736378844818560419e-01	6.069196667448555349e-01	6.284692825224570401e-01	6.069196667448555349e-01	6.069196667448555349e-01	5.695054134287550474e-01	6.069196667448555349e-01	5.727421587782569601e-01	6.069196667448555349e-01	6.069196667448555349e-01	6.069196667448555349e-01	5.860847216177610397e-01	6.069196667448555349e-01	5.840911881698820363e-01	6.069196667448555349e-01	6.069196667448555349e-01	6.548161245132669839e-01	5.898110571062400442e-01	6.069196667448555349e-01	6.069196667448555349e-01	6.069196667448555349e-01	6.067436021870860063e-01	6.069196667448555349e-01	5.834875874982800026e-01	6.069196667448555349e-01	6.069196667448555349e-01	5.900288356038839721e-01	6.069196667448555349e-01	6.069196667448555349e-01	6.069196667448555349e-01	6.865094784311720488e-01	5.478139890034600112e-01	6.069196667448555349e-01	6.069196667448555349e-01	6.456601569793549711e-01	6.019753939527759945e-01	6.069196667448555349e-01	6.445828552326210437e-01	6.069196667448555349e-01	6.069196667448555349e-01	6.069196667448555349e-01	5.703656917167929663e-01	6.982755371512809894e-01	5.923691150261980454e-01	6.238084765069310533e-01	6.069196667448555349e-01	6.069196667448555349e-01	6.069196667448555349e-01	6.069196667448555349e-01	5.496697325237179799e-01	5.836525511413640510e-01	6.069196667448555349e-01	6.069196667448555349e-01	6.069196667448555349e-01	6.069196667448555349e-01	6.069196667448555349e-01	6.069196667448555349e-01	5.420973313003100147e-01	5.747731621079299469e-01	6.069196667448555349e-01	5.783401325391680503e-01	5.855493625773739996e-01	5.834809687718109927e-01	6.069196667448555349e-01	6.069196667448555349e-01	6.069196667448555349e-01	5.927810592292720449e-01	6.069196667448555349e-01	6.069196667448555349e-01	6.069196667448555349e-01	6.069196667448555349e-01	6.069196667448555349e-01	6.069196667448555349e-01	6.708409880175709716e-01	6.069196667448555349e-01	6.069196667448555349e-01	6.815735279214959474e-01	6.069196667448555349e-01
6.069196667448555349e-01	6.614886628851750494e-01	6.069196667448555349e-01	5.627554692219109977e-01	6.069196667448555349e-01	6.069196667448555349e-01	6.069196667448555349e-01	6.069196667448555349e-01	6.069196667448555349e-01	6.069196667448555349e-01	1.000000000000000000e+00	6.946094801442129762e-01	6.069196667448555349e-01	5.893925153773319492e-01	6.072511832978659818e-01	6.069196667448555349e-01	6.069196667448555349e-01	5.322022321031899539e-01	5.814631812067529992e-01	6.691234725101220526e-01	6.069196667448555349e-01	6.069196667448555349e-01	6.342721547177370134e-01	6.069196667448555349e-01	6.069196667448555349e-01	6.069196667448555349e-01	5.843553893227589890e-01	6.327002841918220044e-01	6.069196667448555349e-01	6.069196667448555349e-01	6.053956620950240453e-01	6.069196667448555349e-01	6.069196667448555349e-01	6.069196667448555349e-01	6.069196667448555349e-01	5.801355147924079914e-01	6.069196667448555349e-01	5.968168101129870395e-01	6.069196667448555349e-01	6.069196667448555349e-01	6.069196667448555349e-01	6.090554912264970477e-01	6.397536678411339661e-01	6.069196667448555349e-01	6.069196667448555349e-01	6.069196667448555349e-01	6.069196667448555349e-01	6.069196667448555349e-01	6.433105470902029666e-01	6.069196667448555349e-01	6.069196667448555349e-01	6.069196667448555349e-01	5.893568427145320365e-01	5.914915596006330434e-01	6.069196667448555349e-01	5.911150354563170506e-01	6.069196667448555349e-01	6.069196667448555349e-01	6.069196667448555349e-01	5.812990467750399626e-01	6.069196667448555349e-01	6.069196667448555349e-01	6.069196667448555349e-01	6.069196667448555349e-01	5.807974920695939680e-01	6.483349912649359892e-01	6.069196667448555349e-01	6.493223533705480000e-01	6.069196667448555349e-01	6.150914202218630278e-01	6.069196667448555349e-01	6.220517907518220424e-01	6.108688214685880080e-01	6.156098083421559508e-01	5.901202887207239733e-01	6.301217922086419509e-01	6.069196667448555349e-01	5.608011301248480018e-01	6.069196667448555349e-01	6.069196667448555349e-01	6.069196667448555349e-01	6.196747335069699991e-01	6.069196667448555349e-01	6.069196667448555349e-01	6.069196667448555349e-01	5.737229698031740543e-01	6.069196667448555349e-01	5.870852989323119830e-01	6.069196667448555349e-01	6.069196667448555349e-01	6.398665848539409895e-01	6.069196667448555349e-01	5.716701366350049884e-01	6.069196667448555349e-01	5.517329321923439833e-01	6.069196667448555349e-01	6.069196667448555349e-01	6.066684330129540337e-01	6.069196667448555349e-01	6.069196667448555349e-01	6.114026874851119508e-01	6.069196667448555349e-01	6.069196667448555349e-01	5.587616748755089846e-01	6.023558943595289650e-01	5.931890014476780548e-01	6.069196667448555349e-01	6.019780578030780038e-01	6.069196667448555349e-01	5.516440855785790243e-01	6.069196667448555349e-01	6.069196667448555349e-01	6.069196667448555349e-01	6.198434231179680287e-01	6.069196667448555349e-01	6.069196667448555349e-01	6.133017829025360079e-01	6.069196667448555349e-01	6.730839449238139593e-01	6.069196667448555349e-01	6.069196667448555349e-01	6.559863365264020363e-01	6.294836764756459591e-01	6.069196667448555349e-01
6.069196667448555349e-01	6.549919059801000421e-01	6.341338838271589617e-01	5.558617071157869738e-01	7.191989189554559569e-01	6.069196667448555349e-01	7.083089120821139950e-01	6.069196667448555349e-01	6.533903113159650333e-01	6.069196667448555349e-01	6.946094801442129762e-01	1.000000000000000000e+00	6.069196667448555349e-01	6.069196667448555349e-01	6.101265024158809558e-01	6.069196667448555349e-01	5.839159561251440200e-01	5.110162890659359913e-01	6.069196667448555349e-01	6.978413651299000264e-01	6.069196667448555349e-01	6.069196667448555349e-01	6.069196667448555349e-01	6.069196667448555349e-01	6.069196667448555349e-01	6.069196667448555349e-01	6.069196667448555349e-01	6.247159789146740083e-01	5.701075748352210093e-01	6.069196667448555349e-01	5.970827306056739614e-01	6.069196667448555349e-01	6.069196667448555349e-01	6.069196667448555349e-01	6.069196667448555349e-01	6.069196667448555349e-01	6.069196667448555349e-01	5.577265032010739754e-01	5.755045893539699753e-01	5.519840888855039873e-01	5.976377851286589493e-01	6.645987493088210130e-01	6.069196667448555349e-01	6.069196667448555349e-01	6.069196667448555349e-01	6.069196667448555349e-01	6.069196667448555349e-01	6.069196667448555349e-01	6.036112403936509940e-01	6.069196667448555349e-01	6.069196667448555349e-01	6.069196667448555349e-01	6.069196667448555349e-01	6.065499962637640463e-01	6.299133797582689986e-01	6.069196667448555349e-01	6.417782024800759988e-01	5.445659202678350130e-01	5.635243371586200478e-01	6.069196667448555349e-01	6.069196667448555349e-01	6.069196667448555349e-01	6.870513425048679901e-01	6.205089207135809914e-01	6.069196667448555349e-01	6.554450768631600033e-01	5.560371793960839915e-01	6.069196667448555349e-01	6.069196667448555349e-01	6.386291617924769737e-01	6.289188986906549816e-01	6.069196667448555349e-01	5.625635155313150060e-01	6.069196667448555349e-01	5.964728758292270339e-01	6.337867492869440067e-01	7.086306321461339763e-01	6.069196667448555349e-01	6.356583591800050170e-01	6.069196667448555349e-01	6.069196667448555349e-01	6.069196667448555349e-01	6.069196667448555349e-01	6.188656306798030471e-01	5.692600911096780125e-01	6.406710650467980495e-01	6.458930948107469705e-01	6.069196667448555349e-01	6.069196667448555349e-01	6.069196667448555349e-01	6.735521203339179808e-01	6.219470462871230509e-01	5.753494927029280115e-01	6.069196667448555349e-01	6.172326893476890453e-01	6.069196667448555349e-01	6.069196667448555349e-01	6.069196667448555349e-01	6.313473003698230057e-01	6.069196667448555349e-01	6.069196667448555349e-01	6.363156957077600318e-01	6.199921059215679486e-01	5.262865800583289566e-01	6.494430881599090322e-01	6.069196667448555349e-01	6.069196667448555349e-01	5.723269139696149921e-01	6.069196667448555349e-01	5.397837795966610175e-01	5.733632790309769467e-01	6.069196667448555349e-01	6.069196667448555349e-01	6.315297472808389934e-01	6.270952567524580301e-01	6.665007187688529733e-01	6.069196667448555349e-01	6.647774978254600287e-01	6.069196667448555349e-01	6.377347091661119682e-01	6.891221223961609965e-01	6.069196667448555349e-01	6.069196667448555349e-01	6.069196667448555349e-01
