9.999999999999990008e-01	8.076220981493940076e-01	8.185061410891809608e-01	6.563778433582949656e-01	6.549255466898015188e-01	6.809980607195279534e-01	6.871563603598780379e-01	6.549255466898015188e-01	7.248013164861409896e-01	6.549255466898015188e-01	7.046713584866479696e-01	6.549255466898015188e-01	6.905599616143059949e-01	6.549255466898015188e-01	7.000711977285389853e-01	7.071865145681509590e-01	6.385702233984570375e-01	6.263558824545140125e-01	6.781708346199569748e-01	6.886639373898399974e-01	6.480312921980380114e-01	7.119781147843220470e-01	7.185009816164320551e-01	6.549255466898015188e-01	6.549255466898015188e-01	6.549255466898015188e-01	6.549255466898015188e-01	6.549255466898015188e-01	6.549255466898015188e-01	7.033776262916050515e-01	6.549255466898015188e-01	6.549255466898015188e-01	6.549255466898015188e-01	7.434257543257960510e-01	6.549255466898015188e-01	6.549255466898015188e-01	6.549255466898015188e-01	6.549255466898015188e-01	7.072009080219550103e-01	6.549255466898015188e-01	6.549255466898015188e-01	6.549255466898015188e-01	6.895942906515729609e-01	6.549255466898015188e-01	6.418417296617859868e-01	6.549255466898015188e-01	6.725669483272780358e-01	6.797796522430370469e-01	6.549255466898015188e-01	7.020459047520589690e-01	6.549255466898015188e-01	6.571006687993260487e-01	6.549255466898015188e-01	6.549255466898015188e-01	6.808926628782200341e-01	6.549255466898015188e-01	6.549255466898015188e-01	6.549255466898015188e-01	6.549255466898015188e-01	6.683000162517700460e-01	6.549255466898015188e-01	6.779893951730540103e-01	7.310091115134460527e-01	6.645421123561610077e-01	6.380959005013560059e-01	6.549255466898015188e-01	6.549255466898015188e-01	6.549255466898015188e-01	6.561684098866239490e-01	6.670517123503379997e-01	6.549255466898015188e-01	6.549255466898015188e-01	6.549255466898015188e-01	6.549255466898015188e-01	6.549255466898015188e-01	6.549255466898015188e-01	7.578932242642140160e-01	6.230541446090599456e-01	6.549255466898015188e-01	6.716800892497369890e-01	6.856848558094790214e-01	6.833157825898730220e-01	6.549255466898015188e-01	7.278501928726509584e-01	6.858735039836889591e-01	6.552301958384220137e-01	6.549255466898015188e-01	6.549255466898015188e-01	6.549255466898015188e-01	6.549255466898015188e-01	6.549255466898015188e-01	6.273639840452760463e-01	6.549255466898015188e-01	6.229523559549490219e-01	6.549255466898015188e-01	6.169883836941469912e-01	6.547941938920710525e-01	6.549255466898015188e-01	6.549255466898015188e-01	6.549255466898015188e-01	6.549255466898015188e-01	6.549255466898015188e-01	6.438597048132640444e-01	6.549255466898015188e-01	6.474715783174269657e-01	6.444839234428260122e-01	6.549255466898015188e-01	6.549255466898015188e-01	6.549255466898015188e-01	6.549255466898015188e-01	7.109968958296779551e-01	7.236798302870569577e-01	6.549255466898015188e-01	6.549255466898015188e-01	6.549255466898015188e-01	6.549255466898015188e-01	6.549255466898015188e-01	8.027231455711409946e-01	6.549255466898015188e-01	6.549255466898015188e-01	6.549255466898015188e-01	6.549255466898015188e-01	7.533145253528840124e-01	7.405853334919330067e-01
8.076220981493940076e-01	1.000000000000000000e+00	6.549255466898015188e-01	6.476418413257709616e-01	6.984522902778089737e-01	6.899367991274679701e-01	6.549255466898015188e-01	6.549255466898015188e-01	7.093046854009249502e-01	7.144139589593729855e-01	7.045032452873249973e-01	6.986344230269589950e-01	6.768075255667740375e-01	6.549255466898015188e-01	6.549255466898015188e-01	6.799911082654159777e-01	6.399893719452379726e-01	6.135467990362040158e-01	6.549255466898015188e-01	6.549255466898015188e-01	6.549255466898015188e-01	6.549255466898015188e-01	6.549255466898015188e-01	6.549255466898015188e-01	6.549255466898015188e-01	6.549255466898015188e-01	6.594150236917259988e-01	6.549255466898015188e-01	6.614640494770159806e-01	6.549255466898015188e-01	6.549255466898015188e-01	6.549255466898015188e-01	6.425235106858500078e-01	6.549255466898015188e-01	6.753584283102570529e-01	6.568614968116039954e-01	6.883582521038169588e-01	6.549255466898015188e-01	6.549255466898015188e-01	6.549255466898015188e-01	6.549255466898015188e-01	6.549255466898015188e-01	6.757346626593619954e-01	6.549255466898015188e-01	6.144818213542959651e-01	6.549255466898015188e-01	6.549255466898015188e-01	6.705066397255360355e-01	6.884885645890790329e-01	6.549255466898015188e-01	6.984987615408070338e-01	6.576677174908710510e-01	6.549255466898015188e-01	6.549255466898015188e-01	6.707725051330409860e-01	6.549255466898015188e-01	6.549255466898015188e-01	6.549255466898015188e-01	6.469766870973520101e-01	6.549255466898015188e-01	6.783030988835999642e-01	6.549255466898015188e-01	6.549255466898015188e-01	6.693423088324299552e-01	6.549255466898015188e-01	6.819626278699090216e-01	6.549255466898015188e-01	6.549255466898015188e-01	6.549255466898015188e-01	6.631622980730540462e-01	6.591669656578950098e-01	6.922222608069410477e-01	6.549255466898015188e-01	6.773484094394079946e-01	6.310682688007079877e-01	6.549095014148610394e-01	6.549255466898015188e-01	6.289499264572649961e-01	6.531387786620680425e-01	6.549255466898015188e-01	6.549255466898015188e-01	6.549255466898015188e-01	6.549255466898015188e-01	7.180125370226210224e-01	6.660361737851290265e-01	6.549255466898015188e-01	6.670445382932570499e-01	6.592156849254580120e-01	6.549255466898015188e-01	6.528434357038559455e-01	6.911460409122029969e-01	6.549255466898015188e-01	6.347909244586169564e-01	6.260587268911610437e-01	6.549255466898015188e-01	6.243847903068010519e-01	6.549255466898015188e-01	6.416878460222940062e-01	6.405191224369399805e-01	6.756034023124040111e-01	6.474366927288930373e-01	6.538262376430800105e-01	6.549255466898015188e-01	6.192136552457230270e-01	6.549255466898015188e-01	6.549255466898015188e-01	6.549255466898015188e-01	6.382647036597129953e-01	6.432327367637159510e-01	6.549255466898015188e-01	6.899452777116450441e-01	7.043901638564660228e-01	6.549255466898015188e-01	6.549255466898015188e-01	6.798193194322279531e-01	6.549255466898015188e-01	7.538004352034439748e-01	6.549255466898015188e-01	7.787029806065890458e-01	6.549255466898015188e-01	6.381643123998840261e-01	6.549255466898015188e-01	6.549255466898015188e-01	6.549255466898015188e-01
8.185061410891809608e-01	6.549255466898015188e-01	1.000000000000000000e+00	6.549255466898015188e-01	6.792024724294729587e-01	6.549255466898015188e-01	6.794559110714190053e-01	6.549255466898015188e-01	6.549255466898015188e-01	6.549255466898015188e-01	6.549255466898015188e-01	6.797318614824020555e-01	6.549255466898015188e-01	6.199327309152650178e-01	6.689479038981770431e-01	6.549255466898015188e-01	6.549255466898015188e-01	6.549255466898015188e-01	6.549255466898015188e-01	6.549255466898015188e-01	6.409165037922189834e-01	6.549255466898015188e-01	6.932344711763209766e-01	6.549255466898015188e-01	6.919742571141890286e-01	6.549255466898015188e-01	6.757982570334479799e-01	6.893476167977390379e-01	6.549255466898015188e-01	6.792242412745820301e-01	6.549255466898015188e-01	6.562745140819089551e-01	6.590625387464059681e-01	6.549255466898015188e-01	6.549255466898015188e-01	6.549255466898015188e-01	6.808173377199370213e-01	6.836640155841250399e-01	6.549255466898015188e-01	6.734152717794309462e-01	6.874694548922379855e-01	6.549255466898015188e-01	6.549255466898015188e-01	6.600806987954469518e-01	6.549255466898015188e-01	6.545946249509090320e-01	6.549255466898015188e-01	6.553339747858060171e-01	6.549255466898015188e-01	6.981447363304720266e-01	7.122542394204139926e-01	6.549255466898015188e-01	6.549255466898015188e-01	6.323385960905260061e-01	6.549255466898015188e-01	6.549255466898015188e-01	6.642226707535170416e-01	6.549255466898015188e-01	6.544398889702589539e-01	6.594266895328290135e-01	6.549255466898015188e-01	6.549255466898015188e-01	7.069426208932110267e-01	6.549255466898015188e-01	6.549255466898015188e-01	6.549255466898015188e-01	6.680009025704359837e-01	6.549255466898015188e-01	6.549255466898015188e-01	6.562703174651479676e-01	6.549255466898015188e-01	6.773799602594600122e-01	6.648457585255389546e-01	6.549255466898015188e-01	6.549255466898015188e-01	6.549255466898015188e-01	7.175258433542870407e-01	6.348449716158990341e-01	6.679350477505999750e-01	6.518360349192200420e-01	6.549255466898015188e-01	6.583475033699139889e-01	6.532812573327999583e-01	6.898997249390550479e-01	6.450432670364260046e-01	6.549255466898015188e-01	6.885136538802549833e-01	6.668560159428880141e-01	6.549255466898015188e-01	6.549255466898015188e-01	6.549255466898015188e-01	6.549255466898015188e-01	6.549255466898015188e-01	6.549255466898015188e-01	5.884561882514910414e-01	6.277267035789360072e-01	6.549255466898015188e-01	6.549255466898015188e-01	6.438793080470419650e-01	6.650863127027729638e-01	6.153094004879939849e-01	6.343514773010410224e-01	6.549255466898015188e-01	6.246997675346940282e-01	6.549255466898015188e-01	6.446689591492229532e-01	6.549255466898015188e-01	6.567394657281580006e-01	6.549255466898015188e-01	6.549255466898015188e-01	6.915379144748270424e-01	7.017899202857760255e-01	6.584805580710340056e-01	6.549255466898015188e-01	6.549255466898015188e-01	6.549255466898015188e-01	6.549255466898015188e-01	6.549255466898015188e-01	6.549255466898015188e-01	6.549255466898015188e-01	6.549255466898015188e-01	6.549255466898015188e-01	6.549255466898015188e-01	6.549255466898015188e-01
6.563778433582949656e-01	6.476418413257709616e-01	6.549255466898015188e-01	9.999999999999980016e-01	6.549255466898015188e-01	6.549255466898015188e-01	6.549255466898015188e-01	6.549255466898015188e-01	6.549255466898015188e-01	6.549255466898015188e-01	6.143026884895439466e-01	6.549255466898015188e-01	6.733403688638209816e-01	6.549255466898015188e-01	6.784377032901339755e-01	6.549255466898015188e-01	6.550020403343299602e-01	6.898701955340099667e-01	6.549255466898015188e-01	6.549255466898015188e-01	6.549255466898015188e-01	6.727743969946420322e-01	6.328696865123110138e-01	6.549255466898015188e-01	6.014319458046100131e-01	6.458739244462170515e-01	6.549255466898015188e-01	6.549255466898015188e-01	6.771144731706639774e-01	6.549255466898015188e-01	6.549255466898015188e-01	6.060386142810080257e-01	6.549255466898015188e-01	6.549255466898015188e-01	6.549255466898015188e-01	6.549255466898015188e-01	6.775610912422039833e-01	6.236696936247539957e-01	7.063435942472799933e-01	6.213144778515989897e-01	6.549255466898015188e-01	6.549255466898015188e-01	6.549255466898015188e-01	6.440915615191820098e-01	6.412048494259620091e-01	6.549255466898015188e-01	6.549255466898015188e-01	6.549255466898015188e-01	6.549255466898015188e-01	6.549255466898015188e-01	5.970018629015090283e-01	6.581916063476129786e-01	6.549255466898015188e-01	6.549255466898015188e-01	6.549255466898015188e-01	6.549255466898015188e-01	6.527409360685030304e-01	6.227366867630600433e-01	6.296647439351700237e-01	6.046664640461290041e-01	6.380560693608460232e-01	6.549255466898015188e-01	5.943146441960299731e-01	6.350714287205909692e-01	6.549255466898015188e-01	6.719988324807889546e-01	6.549255466898015188e-01	6.549255466898015188e-01	6.838010210886450446e-01	6.549255466898015188e-01	6.259474969795839616e-01	6.226267641137620545e-01	6.105226373676949647e-01	6.504364107687049534e-01	6.549255466898015188e-01	6.549255466898015188e-01	6.549255466898015188e-01	6.503753297007860423e-01	6.331613792623159709e-01	6.549255466898015188e-01	6.549255466898015188e-01	5.698061725565359836e-01	6.106957105263060015e-01	6.549255466898015188e-01	6.262043055375560163e-01	5.943531151591380235e-01	6.549255466898015188e-01	6.313434062541100067e-01	6.483718270018179464e-01	6.549255466898015188e-01	6.549255466898015188e-01	6.549255466898015188e-01	6.549255466898015188e-01	6.301841344539820255e-01	5.714523486875680014e-01	6.549255466898015188e-01	6.549255466898015188e-01	6.549255466898015188e-01	6.549255466898015188e-01	6.549255466898015188e-01	6.549255466898015188e-01	6.549255466898015188e-01	6.549255466898015188e-01	6.574900802036609537e-01	6.549255466898015188e-01	6.549255466898015188e-01	6.206253678112190197e-01	6.549255466898015188e-01	6.549255466898015188e-01	6.549255466898015188e-01	6.549255466898015188e-01	6.874723293765170329e-01	6.684697080971200300e-01	6.590949422466400032e-01	6.392500624789030361e-01	6.549255466898015188e-01	6.549255466898015188e-01	6.452480500101950289e-01	6.549255466898015188e-01	6.484569258323650276e-01	6.549255466898015188e-01	6.549255466898015188e-01	6.549255466898015188e-01	6.446033138503830529e-01
6.549255466898015188e-01	6.984522902778089737e-01	6.792024724294729587e-01	6.549255466898015188e-01	9.999999999999980016e-01	6.549255466898015188e-01	7.772437840436650092e-01	7.355272375743010516e-01	7.259292594824450218e-01	7.152173251115210295e-01	6.549255466898015188e-01	7.562611321099980133e-01	6.549255466898015188e-01	6.549255466898015188e-01	6.581988014159479983e-01	6.549255466898015188e-01	6.369491267112490362e-01	6.549255466898015188e-01	6.010704689652459631e-01	6.549255466898015188e-01	6.549255466898015188e-01	6.458428531323380239e-01	7.198839916122830029e-01	6.549255466898015188e-01	6.549255466898015188e-01	6.549255466898015188e-01	6.549255466898015188e-01	6.549255466898015188e-01	6.549255466898015188e-01	6.549255466898015188e-01	6.549255466898015188e-01	6.549255466898015188e-01	6.549255466898015188e-01	6.546828851339909772e-01	6.378259422697070136e-01	6.549255466898015188e-01	6.549255466898015188e-01	6.549255466898015188e-01	6.549255466898015188e-01	6.549255466898015188e-01	6.549255466898015188e-01	6.549255466898015188e-01	7.111280564395620063e-01	6.775730554097300073e-01	6.549255466898015188e-01	6.549255466898015188e-01	6.152599049827840449e-01	6.848459808341430533e-01	6.549255466898015188e-01	6.549255466898015188e-01	6.786627159231070072e-01	6.549255466898015188e-01	6.549255466898015188e-01	6.570025153545170360e-01	6.803065941020619567e-01	6.549255466898015188e-01	6.549255466898015188e-01	6.082940405378030047e-01	6.215523670683410495e-01	6.549255466898015188e-01	6.549255466898015188e-01	6.549255466898015188e-01	6.549255466898015188e-01	6.655589803912289604e-01	5.991123699385010326e-01	6.803640056365050093e-01	6.549255466898015188e-01	6.549255466898015188e-01	6.393604246106839861e-01	6.848590559273940448e-01	6.549255466898015188e-01	6.549255466898015188e-01	6.549255466898015188e-01	6.549255466898015188e-01	6.334229310390979695e-01	6.909832566868899795e-01	7.075922990535290502e-01	6.549255466898015188e-01	6.549255466898015188e-01	6.251890108568399773e-01	6.549255466898015188e-01	6.549255466898015188e-01	6.549255466898015188e-01	6.549255466898015188e-01	6.549255466898015188e-01	6.772436438640540013e-01	6.686889400694580043e-01	6.593636300705220110e-01	7.328315680504150498e-01	6.549255466898015188e-01	6.914489450348120236e-01	6.524485489188900367e-01	6.549255466898015188e-01	6.061111211448839686e-01	6.563524728632820215e-01	6.432331347138789956e-01	6.549255466898015188e-01	6.549255466898015188e-01	6.590939340150919756e-01	6.549255466898015188e-01	6.549255466898015188e-01	6.775359169390039460e-01	6.549255466898015188e-01	5.947655870829290370e-01	6.549255466898015188e-01	6.466505440468750532e-01	6.599338653593449511e-01	6.549255466898015188e-01	6.079761586594899514e-01	6.069899195353489763e-01	6.250624967675469934e-01	6.549255466898015188e-01	6.616835663388259681e-01	6.544334894920099677e-01	6.545130332158010100e-01	6.549255466898015188e-01	6.549255466898015188e-01	6.549255466898015188e-01	6.549255466898015188e-01	6.784200545508789482e-01	6.549255466898015188e-01	6.549255466898015188e-01	6.643749130991269958e-01	7.084002604969550365e-01
6.809980607195279534e-01	6.899367991274679701e-01	6.549255466898015188e-01	6.549255466898015188e-01	6.549255466898015188e-01	9.999999999999980016e-01	6.822719357503550519e-01	6.453095057616450303e-01	6.557875881946030328e-01	6.426395934741050420e-01	6.549255466898015188e-01	7.220451840098359719e-01	6.549255466898015188e-01	6.549255466898015188e-01	6.357503805118059903e-01	6.358163227353289537e-01	6.549255466898015188e-01	6.549255466898015188e-01	6.128790739442649960e-01	6.549255466898015188e-01	6.604230753646710417e-01	6.216519262296880122e-01	6.549255466898015188e-01	6.549255466898015188e-01	6.549255466898015188e-01	6.778564823477060131e-01	5.870663439458360111e-01	6.302052903054380373e-01	6.549255466898015188e-01	6.549255466898015188e-01	6.282942369437689578e-01	6.549255466898015188e-01	5.894810692335910041e-01	6.988284596346749922e-01	6.549255466898015188e-01	6.104708628213389998e-01	6.221586034869439619e-01	6.098354956040840102e-01	6.549255466898015188e-01	6.549255466898015188e-01	6.549255466898015188e-01	6.549255466898015188e-01	6.846608032981359448e-01	6.677496113327999749e-01	5.779068984108479690e-01	6.280632566099839664e-01	5.951267788663170411e-01	6.476399178786530486e-01	6.549255466898015188e-01	6.549255466898015188e-01	6.549255466898015188e-01	6.549255466898015188e-01	6.549255466898015188e-01	6.549255466898015188e-01	6.662943430355799945e-01	6.549255466898015188e-01	6.549255466898015188e-01	6.549255466898015188e-01	6.549255466898015188e-01	6.119388078980190215e-01	6.549255466898015188e-01	6.179459464804649693e-01	6.327545736967780110e-01	6.405817775721980301e-01	6.549255466898015188e-01	6.945677735542149511e-01	6.000232038129460488e-01	6.549255466898015188e-01	6.364175122467690127e-01	6.549255466898015188e-01	6.610123134844200221e-01	6.549255466898015188e-01	6.549255466898015188e-01	6.594001860981080210e-01	6.549255466898015188e-01	6.758393811978230525e-01	6.531669059271839606e-01	6.722443694905340106e-01	6.549255466898015188e-01	6.179431627767080215e-01	6.549255466898015188e-01	6.003134446293030280e-01	5.944772205444289748e-01	6.318464368772690465e-01	6.549255466898015188e-01	6.635461267299850308e-01	6.970944020902649640e-01	6.549255466898015188e-01	6.930596388739780345e-01	6.731981938984540337e-01	6.549255466898015188e-01	6.739739716871110398e-01	6.549255466898015188e-01	6.549255466898015188e-01	6.429329203099409806e-01	6.549255466898015188e-01	6.549255466898015188e-01	6.331258428699140239e-01	6.902501044672190167e-01	7.250456700238669949e-01	6.549255466898015188e-01	6.759420802621119995e-01	6.491660224400549462e-01	5.901384989367619571e-01	6.793468258296420093e-01	6.549255466898015188e-01	7.111830797056259978e-01	6.353681336329629614e-01	6.549255466898015188e-01	5.820543257943889826e-01	6.549255466898015188e-01	6.549255466898015188e-01	6.549255466898015188e-01	7.067859007509169622e-01	6.729784773542090148e-01	6.549255466898015188e-01	6.554021598299499818e-01	6.549255466898015188e-01	6.827659791555690250e-01	6.549255466898015188e-01	7.037612738070639917e-01	6.549255466898015188e-01	6.549255466898015188e-01	6.577914781265800093e-01
6.871563603598780379e-01	6.549255466898015188e-01	6.794559110714190053e-01	6.549255466898015188e-01	7.772437840436650092e-01	6.822719357503550519e-01	9.999999999999990008e-01	6.549255466898015188e-01	6.549255466898015188e-01	6.909741243990970005e-01	7.062103377826489670e-01	6.549255466898015188e-01	6.549255466898015188e-01	6.549255466898015188e-01	6.549255466898015188e-01	6.449950112822809833e-01	6.549255466898015188e-01	6.549255466898015188e-01	6.549255466898015188e-01	7.426135682408430139e-01	6.356625150698830273e-01	6.302196502416990143e-01	6.549255466898015188e-01	6.549255466898015188e-01	7.223667535680869944e-01	7.523199806889879770e-01	6.549255466898015188e-01	6.833183091281319621e-01	6.549255466898015188e-01	6.257202132936989791e-01	6.549255466898015188e-01	6.549255466898015188e-01	6.549255466898015188e-01	6.510247633523910116e-01	6.298424858083729871e-01	5.799918118940540213e-01	6.549255466898015188e-01	6.549255466898015188e-01	6.549255466898015188e-01	6.071661335380490465e-01	6.482553472133220085e-01	6.549255466898015188e-01	6.549255466898015188e-01	6.701130853376290331e-01	6.549255466898015188e-01	6.757952306150140087e-01	6.093126208953250078e-01	6.722801050674129808e-01	6.472220776215390492e-01	6.549255466898015188e-01	6.665879882828360525e-01	6.549255466898015188e-01	6.549255466898015188e-01	6.549255466898015188e-01	6.674338763464969793e-01	6.496023215630649661e-01	6.549255466898015188e-01	6.027610516554410269e-01	6.189577121679510352e-01	6.549255466898015188e-01	6.718300758875920264e-01	6.217316738551690314e-01	6.549255466898015188e-01	6.589756883763140394e-01	5.869894421833500298e-01	6.863313953023050251e-01	6.154538464426959621e-01	6.549255466898015188e-01	6.410371775690989482e-01	6.757065233340300292e-01	6.499394908761639833e-01	6.549255466898015188e-01	6.272718893350199831e-01	6.478218389913590336e-01	6.549255466898015188e-01	6.722533529057399537e-01	6.549255466898015188e-01	6.493275490395079563e-01	6.549255466898015188e-01	6.549255466898015188e-01	6.549255466898015188e-01	6.549255466898015188e-01	6.549255466898015188e-01	6.549255466898015188e-01	6.078946981759919543e-01	6.549255466898015188e-01	6.549255466898015188e-01	6.549255466898015188e-01	6.966525112155740329e-01	6.486613070019130456e-01	6.549255466898015188e-01	6.549255466898015188e-01	6.223055841640230401e-01	5.873174545852529738e-01	6.322351041027779450e-01	6.487243888317679730e-01	6.777560762864449639e-01	6.442253528444239485e-01	6.549255466898015188e-01	6.549255466898015188e-01	6.549255466898015188e-01	6.549255466898015188e-01	6.549255466898015188e-01	6.549255466898015188e-01	6.653730027428680360e-01	6.549255466898015188e-01	6.549255466898015188e-01	6.251794699866379812e-01	6.074091721871639482e-01	6.549255466898015188e-01	6.549255466898015188e-01	6.549255466898015188e-01	6.549255466898015188e-01	6.556269231051670143e-01	6.549255466898015188e-01	7.031681109300189636e-01	6.507373707222710024e-01	6.549255466898015188e-01	6.549255466898015188e-01	6.549255466898015188e-01	6.549255466898015188e-01	7.019984957644650470e-01	6.549255466898015188e-01	6.999414810290780498e-01
6.549255466898015188e-01	6.549255466898015188e-01	6.549255466898015188e-01	6.549255466898015188e-01	7.355272375743010516e-01	6.453095057616450303e-01	6.549255466898015188e-01	1.000000000000000000e+00	7.851903523378339633e-01	6.549255466898015188e-01	6.829559120011360340e-01	7.139963033549110438e-01	6.631429168989919631e-01	5.963582418056839751e-01	6.549255466898015188e-01	6.549255466898015188e-01	6.170641055968180133e-01	5.945049773416080097e-01	6.266214083535780466e-01	7.001286532731879619e-01	6.549255466898015188e-01	6.549255466898015188e-01	6.549255466898015188e-01	6.801745877951249630e-01	7.534324586528919898e-01	6.549255466898015188e-01	6.421009918557499807e-01	7.549345763982699964e-01	6.403248354011269461e-01	6.791147086806540445e-01	6.549255466898015188e-01	6.549255466898015188e-01	6.317892672821440181e-01	6.549255466898015188e-01	6.549255466898015188e-01	6.549255466898015188e-01	6.549255466898015188e-01	6.671760632177119454e-01	6.490989956698399732e-01	6.549255466898015188e-01	6.549255466898015188e-01	6.549255466898015188e-01	6.549255466898015188e-01	6.389394373919250469e-01	6.549255466898015188e-01	6.843943646914639745e-01	6.258199540086619717e-01	6.521509340211160133e-01	6.602341305803219873e-01	6.549255466898015188e-01	6.549255466898015188e-01	6.549255466898015188e-01	6.549255466898015188e-01	6.549255466898015188e-01	6.549255466898015188e-01	6.306287443001280524e-01	6.549255466898015188e-01	6.549255466898015188e-01	6.549255466898015188e-01	6.352129550098549737e-01	6.549255466898015188e-01	6.231583615838689472e-01	6.549255466898015188e-01	6.549255466898015188e-01	6.094829676042200495e-01	6.657169097270669855e-01	6.549255466898015188e-01	6.549255466898015188e-01	6.213979183433260278e-01	6.432239071432489519e-01	6.549255466898015188e-01	6.549255466898015188e-01	6.549255466898015188e-01	6.549255466898015188e-01	6.106104506428839951e-01	6.404919551535820377e-01	6.549255466898015188e-01	6.549255466898015188e-01	6.451381677775289702e-01	6.549255466898015188e-01	6.549255466898015188e-01	6.549255466898015188e-01	6.302727372741210310e-01	7.111899434744000104e-01	6.411410463523500303e-01	6.513982563055870090e-01	6.549255466898015188e-01	6.549255466898015188e-01	6.549255466898015188e-01	6.336543830657880294e-01	6.768314670732750171e-01	6.249987020038180185e-01	6.549255466898015188e-01	6.549255466898015188e-01	6.070886793747940491e-01	6.114223033288329612e-01	6.394105018991950162e-01	6.276314146703489971e-01	6.549255466898015188e-01	6.501101147796719548e-01	6.571874075950979721e-01	6.162807220293939903e-01	6.549255466898015188e-01	6.549255466898015188e-01	6.549255466898015188e-01	6.549255466898015188e-01	6.371709028712609912e-01	6.549255466898015188e-01	6.428416619201039461e-01	6.549255466898015188e-01	6.712629527577349542e-01	6.549255466898015188e-01	6.549255466898015188e-01	6.453276474868300250e-01	6.549255466898015188e-01	6.549255466898015188e-01	6.549255466898015188e-01	6.549255466898015188e-01	6.549255466898015188e-01	7.089915432183799826e-01	6.549255466898015188e-01	6.549255466898015188e-01	7.047524905061539613e-01	6.549255466898015188e-01
7.248013164861409896e-01	7.093046854009249502e-01	6.549255466898015188e-01	6.549255466898015188e-01	7.259292594824450218e-01	6.557875881946030328e-01	6.549255466898015188e-01	7.851903523378339633e-01	1.000000000000000000e+00	7.343528234844830527e-01	6.717711670317250139e-01	6.971862675536020237e-01	6.549255466898015188e-01	5.905110501845020066e-01	7.050069868953929841e-01	6.549255466898015188e-01	6.549255466898015188e-01	6.026865965300469696e-01	6.549255466898015188e-01	6.549255466898015188e-01	6.281035812819230069e-01	6.549255466898015188e-01	7.364280574844539462e-01	6.549255466898015188e-01	6.549255466898015188e-01	6.549255466898015188e-01	6.549784131130940157e-01	7.539117724525520314e-01	6.549255466898015188e-01	6.886058299585590126e-01	6.866324645723259623e-01	6.549255466898015188e-01	6.549255466898015188e-01	6.549255466898015188e-01	6.549255466898015188e-01	6.549255466898015188e-01	6.746676973571279490e-01	6.787493362244709783e-01	6.623613873939090402e-01	6.324204332913280213e-01	6.722109650260910119e-01	6.549255466898015188e-01	6.941200884664679993e-01	6.549255466898015188e-01	6.549255466898015188e-01	6.549255466898015188e-01	6.345635858796889739e-01	6.549255466898015188e-01	6.549255466898015188e-01	6.549255466898015188e-01	6.549255466898015188e-01	6.549255466898015188e-01	6.549255466898015188e-01	6.549255466898015188e-01	6.549255466898015188e-01	6.549255466898015188e-01	6.549255466898015188e-01	6.271442972130659710e-01	6.332534235200859563e-01	6.549255466898015188e-01	6.681775041425800366e-01	6.549255466898015188e-01	6.955073093656950478e-01	6.441032912570210378e-01	6.156686491587830545e-01	6.667692438005869970e-01	6.549255466898015188e-01	6.549255466898015188e-01	6.549255466898015188e-01	6.417480548139390395e-01	6.549255466898015188e-01	6.572959133101109463e-01	6.432787315097050485e-01	6.549255466898015188e-01	6.277991514841170240e-01	6.381791022382480305e-01	6.549255466898015188e-01	6.275587857359320454e-01	6.549255466898015188e-01	6.549255466898015188e-01	6.549255466898015188e-01	6.549255466898015188e-01	6.357267404662150234e-01	7.052368446919400347e-01	6.315533679273720447e-01	6.549255466898015188e-01	6.549255466898015188e-01	6.549255466898015188e-01	7.335408858019789591e-01	6.549255466898015188e-01	6.836575458850580045e-01	6.549255466898015188e-01	5.871733401258499851e-01	6.549255466898015188e-01	6.549255466898015188e-01	6.549255466898015188e-01	6.549255466898015188e-01	6.549255466898015188e-01	6.549255466898015188e-01	6.549255466898015188e-01	6.549255466898015188e-01	6.549255466898015188e-01	6.049848378708320151e-01	6.549255466898015188e-01	6.549255466898015188e-01	6.549255466898015188e-01	6.292589660656630057e-01	6.549255466898015188e-01	6.450295335283050546e-01	6.380643324580800302e-01	6.844449262349799890e-01	6.996293465748160134e-01	6.549255466898015188e-01	6.549255466898015188e-01	6.927096127790830504e-01	7.073311819617850160e-01	6.831959717608560023e-01	6.549255466898015188e-01	7.099293691591189726e-01	6.549255466898015188e-01	6.549255466898015188e-01	6.549255466898015188e-01	6.549255466898015188e-01	6.549255466898015188e-01
6.549255466898015188e-01	7.144139589593729855e-01	6.549255466898015188e-01	6.549255466898015188e-01	7.152173251115210295e-01	6.426395934741050420e-01	6.909741243990970005e-01	6.549255466898015188e-01	7.343528234844830527e-01	1.000000000000000000e+00	6.549255466898015188e-01	6.968772865917159942e-01	6.549255466898015188e-01	6.549255466898015188e-01	6.847197629938800434e-01	6.549255466898015188e-01	6.549255466898015188e-01	5.948779882406159958e-01	6.547387388354639626e-01	7.039527207961140398e-01	6.173468092146210395e-01	6.768170917989579927e-01	6.549255466898015188e-01	6.872121867658510519e-01	7.162004868537660274e-01	6.549255466898015188e-01	6.690917354938139550e-01	7.349473168420039837e-01	6.671745247626870157e-01	6.549255466898015188e-01	7.052326714825749576e-01	6.290636587633290366e-01	6.549255466898015188e-01	6.878599126168439826e-01	6.400473951915649495e-01	6.453965436095620012e-01	6.549255466898015188e-01	6.549255466898015188e-01	6.549255466898015188e-01	6.549255466898015188e-01	6.759249149967739845e-01	6.549255466898015188e-01	6.715634322433079451e-01	6.407644791417530516e-01	5.957158819306850317e-01	6.549255466898015188e-01	6.549255466898015188e-01	6.456165268858149453e-01	6.745820639418760312e-01	6.549255466898015188e-01	6.549255466898015188e-01	6.205419756584139579e-01	6.127110734061169683e-01	6.235298448916239966e-01	6.549255466898015188e-01	6.549255466898015188e-01	6.627111396624439932e-01	6.358195041129459657e-01	6.549255466898015188e-01	6.549255466898015188e-01	6.549255466898015188e-01	6.439131330831929789e-01	6.984755085243640194e-01	6.392441281959769794e-01	6.549255466898015188e-01	6.683608294582340514e-01	6.549255466898015188e-01	6.547645156169490388e-01	6.549255466898015188e-01	6.549255466898015188e-01	6.549255466898015188e-01	6.634172497512640376e-01	6.394441715514129765e-01	6.549255466898015188e-01	6.100560711486100463e-01	6.549255466898015188e-01	6.549255466898015188e-01	6.549255466898015188e-01	6.549255466898015188e-01	6.549255466898015188e-01	6.901890549920339790e-01	6.549255466898015188e-01	6.549255466898015188e-01	6.549255466898015188e-01	6.683248646362830447e-01	6.253878875402020254e-01	6.568213332212929911e-01	6.549255466898015188e-01	6.549255466898015188e-01	6.549255466898015188e-01	6.703395291900720032e-01	6.137033073331490396e-01	5.843743806599640545e-01	5.900955890630269485e-01	6.549255466898015188e-01	6.549255466898015188e-01	6.549255466898015188e-01	6.549255466898015188e-01	6.549255466898015188e-01	6.417292333186159770e-01	6.549255466898015188e-01	6.062438843873589889e-01	6.549255466898015188e-01	6.549255466898015188e-01	6.254033677758870091e-01	6.549255466898015188e-01	6.286913220250679446e-01	6.353272193982879568e-01	6.549255466898015188e-01	6.549255466898015188e-01	6.798672757692629798e-01	6.549255466898015188e-01	6.549255466898015188e-01	6.549255466898015188e-01	6.549255466898015188e-01	7.198365228305689811e-01	6.549255466898015188e-01	7.106047723088270152e-01	6.549255466898015188e-01	6.549255466898015188e-01	6.549255466898015188e-01	6.549255466898015188e-01	7.225917350707180553e-01	7.321859697751049723e-01
7.046713584866479696e-01	7.045032452873249973e-01	6.549255466898015188e-01	6.143026884895439466e-01	6.549255466898015188e-01	6.549255466898015188e-01	7.062103377826489670e-01	6.829559120011360340e-01	6.717711670317250139e-01	6.549255466898015188e-01	1.000000000000000000e+00	6.549255466898015188e-01	6.549255466898015188e-01	6.549255466898015188e-01	6.549255466898015188e-01	6.513793509603420517e-01	6.549255466898015188e-01	6.549255466898015188e-01	6.315675412162810032e-01	6.549255466898015188e-01	6.463817780773279953e-01	6.549255466898015188e-01	6.549255466898015188e-01	6.549255466898015188e-01	6.549255466898015188e-01	6.549255466898015188e-01	6.549255466898015188e-01	6.784292138270939798e-01	6.549255466898015188e-01	6.568501527839250009e-01	6.535314345323539609e-01	6.418900928551160012e-01	5.958701384285990388e-01	6.549255466898015188e-01	6.549255466898015188e-01	6.549255466898015188e-01	6.549255466898015188e-01	6.456737375082129970e-01	6.549255466898015188e-01	6.549255466898015188e-01	6.424370075481929954e-01	6.549255466898015188e-01	6.549255466898015188e-01	6.549255466898015188e-01	5.962169350536109524e-01	6.486107211441609621e-01	6.549255466898015188e-01	6.719698509881300019e-01	6.549255466898015188e-01	6.630371429024090046e-01	7.276505345204280495e-01	6.549255466898015188e-01	6.549255466898015188e-01	6.549255466898015188e-01	6.814705238454810132e-01	6.549255466898015188e-01	6.833495440050240122e-01	6.549255466898015188e-01	6.549255466898015188e-01	6.314164378499960151e-01	6.549255466898015188e-01	6.700716933967569844e-01	6.549255466898015188e-01	6.549255466898015188e-01	6.309546625814189680e-01	6.926117097852100279e-01	6.257946169643670009e-01	6.549255466898015188e-01	6.511702591023950104e-01	6.549255466898015188e-01	6.509119534873459845e-01	6.687392400191940478e-01	6.549255466898015188e-01	6.549255466898015188e-01	6.549255466898015188e-01	6.760851204268589765e-01	6.549255466898015188e-01	6.549255466898015188e-01	6.549255466898015188e-01	6.367995497645749792e-01	6.549255466898015188e-01	6.665727131203950107e-01	6.549255466898015188e-01	6.549255466898015188e-01	6.549255466898015188e-01	6.244347317774220363e-01	6.632617111330439963e-01	6.549255466898015188e-01	7.211045501502859612e-01	6.549255466898015188e-01	6.549255466898015188e-01	6.252613103934949734e-01	6.549255466898015188e-01	5.764016494577739458e-01	6.549255466898015188e-01	6.322443574719830428e-01	6.549255466898015188e-01	6.546957626686570331e-01	6.549255466898015188e-01	6.926783339232990278e-01	6.549255466898015188e-01	6.500668504324289554e-01	6.549255466898015188e-01	6.549255466898015188e-01	6.549255466898015188e-01	6.549255466898015188e-01	6.549255466898015188e-01	6.504031682639119794e-01	6.549255466898015188e-01	6.040069744397960072e-01	6.206940177867550368e-01	6.549255466898015188e-01	6.549255466898015188e-01	6.667265040017009703e-01	6.473687991419779797e-01	6.549255466898015188e-01	6.607579306237929551e-01	6.549255466898015188e-01	7.149560454242069873e-01	6.584672495629410038e-01	6.549255466898015188e-01	6.995333114522620521e-01	6.549255466898015188e-01	6.549255466898015188e-01
6.549255466898015188e-01	6.986344230269589950e-01	6.797318614824020555e-01	6.549255466898015188e-01	7.562611321099980133e-01	7.220451840098359719e-01	6.549255466898015188e-01	7.139963033549110438e-01	6.971862675536020237e-01	6.968772865917159942e-01	6.549255466898015188e-01	1.000000000000000000e+00	6.549255466898015188e-01	6.549255466898015188e-01	6.578573198002050093e-01	6.340221925223950006e-01	6.338248104386730031e-01	5.660862703632609794e-01	6.212468780168759475e-01	6.549255466898015188e-01	6.538620111187649631e-01	6.549255466898015188e-01	7.063780766026539482e-01	6.549255466898015188e-01	6.549255466898015188e-01	7.334635476363779993e-01	5.919824866805509789e-01	6.549255466898015188e-01	6.549255466898015188e-01	6.549255466898015188e-01	6.549255466898015188e-01	6.172836543697990397e-01	6.549255466898015188e-01	6.549255466898015188e-01	6.280585979319469603e-01	6.549255466898015188e-01	6.299193149568850236e-01	6.549255466898015188e-01	6.260778341120389889e-01	6.549255466898015188e-01	6.549255466898015188e-01	7.073096169096909636e-01	6.895093586019349630e-01	6.549255466898015188e-01	6.549255466898015188e-01	6.549255466898015188e-01	5.903631046262219906e-01	6.799279667074850098e-01	6.549255466898015188e-01	6.549255466898015188e-01	7.349902959964910165e-01	6.549255466898015188e-01	6.329861400468109744e-01	6.549255466898015188e-01	6.549255466898015188e-01	6.549255466898015188e-01	6.866703611386949513e-01	5.974319427267780203e-01	6.150139621931060008e-01	6.137855276457120368e-01	6.856644736306759524e-01	6.549255466898015188e-01	6.549255466898015188e-01	6.673331623826049830e-01	6.549255466898015188e-01	6.549255466898015188e-01	6.080813220968029897e-01	6.711940461065509789e-01	6.549255466898015188e-01	6.549255466898015188e-01	6.749910763604619612e-01	6.719814300339760349e-01	6.141250905317130471e-01	6.549255466898015188e-01	6.453583575137149531e-01	6.794164771332740216e-01	6.549255466898015188e-01	6.449463538818099861e-01	6.811165914052940140e-01	6.247159807446700519e-01	6.549255466898015188e-01	6.398885601450829963e-01	6.549255466898015188e-01	6.658349818027119449e-01	6.549255466898015188e-01	6.856662320874099548e-01	6.904000925166370317e-01	6.758537551732359816e-01	6.549255466898015188e-01	6.549255466898015188e-01	7.153775120669380039e-01	6.686437991390850044e-01	6.259348267498380247e-01	5.900612579043269523e-01	6.643456352354399908e-01	6.711306048515810474e-01	6.549255466898015188e-01	6.599799228484829472e-01	6.549255466898015188e-01	6.549255466898015188e-01	7.140931019496560284e-01	6.549255466898015188e-01	6.549255466898015188e-01	5.803911294956110023e-01	6.549255466898015188e-01	6.604113632522859989e-01	7.008057687918090028e-01	6.549255466898015188e-01	6.549255466898015188e-01	5.929823585294730082e-01	6.241029119107259771e-01	6.502165634635509450e-01	6.535158190241660003e-01	6.773652657759360318e-01	6.549255466898015188e-01	6.549255466898015188e-01	6.549255466898015188e-01	6.549255466898015188e-01	6.549255466898015188e-01	6.830017928549430017e-01	6.549255466898015188e-01	6.549255466898015188e-01	7.088952353557329555e-01	7.364608888703230161e-01
