9.999999999999990008e-01	3.825820200793897952e-01	3.825820200793897952e-01	6.085078976457329869e-01	3.825820200793897952e-01	6.355278446733769737e-01	6.423141624495839475e-01	6.905330336750610254e-01	3.825820200793897952e-01	7.031816301614499665e-01	3.825820200793897952e-01	3.825820200793897952e-01	3.825820200793897952e-01	5.766285798968320275e-01	3.825820200793897952e-01	3.825820200793897952e-01	5.890774964930149959e-01	5.758061610650110351e-01	3.825820200793897952e-01	3.825820200793897952e-01	3.825820200793897952e-01	3.825820200793897952e-01	3.825820200793897952e-01	6.759898896996689999e-01	3.825820200793897952e-01	3.825820200793897952e-01	6.524644691851370082e-01	6.775108280012209772e-01	6.432065423159609718e-01	6.602418511866300355e-01	6.571485817538550434e-01	6.199982003078450266e-01	3.825820200793897952e-01	7.048191506855480126e-01	3.825820200793897952e-01	3.825820200793897952e-01	3.825820200793897952e-01	6.620620263914670511e-01	6.644782342023130006e-01	6.106857655941539953e-01	3.825820200793897952e-01	3.825820200793897952e-01	6.450037402238140150e-01	6.314437813538860134e-01	5.926399054981430492e-01	6.216954336661649760e-01	6.262548373399049462e-01	6.341864882795690272e-01	3.825820200793897952e-01	6.587672098128719567e-01	6.936272752603089842e-01	6.092986149001190510e-01	5.895616297075989554e-01	5.953389770916920343e-01	3.825820200793897952e-01	3.825820200793897952e-01	3.825820200793897952e-01	6.136786149479289687e-01	6.126810139769049979e-01	6.215697737075179807e-01	3.825820200793897952e-01	3.825820200793897952e-01	6.909509238506279516e-01	6.174480720645549869e-01	5.885612687698480450e-01	6.528393061707700173e-01	3.825820200793897952e-01	6.422893485221909948e-01	6.082788222644309739e-01	6.202001595751770457e-01	3.825820200793897952e-01	3.825820200793897952e-01	6.341481054726330058e-01	6.638520913046830341e-01	3.825820200793897952e-01	3.825820200793897952e-01	7.210305527065750120e-01	5.722266477096999981e-01	6.112400682926989459e-01	6.252806305596190217e-01	6.406915966269249862e-01	6.380806358764520292e-01	6.319232977805849805e-01	3.825820200793897952e-01	3.825820200793897952e-01	6.072527784137869977e-01	6.396967476194900248e-01	3.825820200793897952e-01	8.012516906098130498e-01	6.283862647563149828e-01	3.825820200793897952e-01	3.825820200793897952e-01	3.825820200793897952e-01	5.721163496778369772e-01	3.825820200793897952e-01	3.825820200793897952e-01	6.067760505641770497e-01	3.825820200793897952e-01	5.930230037943430288e-01	6.164361288471470468e-01	5.751132383960809724e-01	5.951654332784700463e-01	3.825820200793897952e-01	5.792601916103869986e-01	5.987780029525600067e-01	3.825820200793897952e-01	6.055137713831370005e-01	3.825820200793897952e-01	6.329975272743200154e-01	6.065597559639439584e-01	6.686884516773790033e-01	6.827846220362979723e-01	6.309416088222450369e-01	3.825820200793897952e-01	3.825820200793897952e-01	7.869864924003789897e-01	7.670062866182949524e-01	7.716146555834809684e-01	7.751061788750860382e-01	3.825820200793897952e-01	3.825820200793897952e-01	3.825820200793897952e-01	3.825820200793897952e-01	7.016429651949860347e-01
3.825820200793897952e-01	1.000000000000000000e+00	7.651707510574350390e-01	5.989637868989720060e-01	3.825820200793897952e-01	3.825820200793897952e-01	3.825820200793897952e-01	3.825820200793897952e-01	6.668110813916700019e-01	3.825820200793897952e-01	6.614886628851750494e-01	3.825820200793897952e-01	6.309162633953160348e-01	3.825820200793897952e-01	6.324539883299959975e-01	6.344192510480489711e-01	3.825820200793897952e-01	5.619385483367850265e-01	6.134743355876569604e-01	6.501938417438539730e-01	3.825820200793897952e-01	3.825820200793897952e-01	6.678259552196420534e-01	6.501669030492780443e-01	3.825820200793897952e-01	6.582891101138880208e-01	6.118313987571060153e-01	3.825820200793897952e-01	3.825820200793897952e-01	3.825820200793897952e-01	3.825820200793897952e-01	5.970056174338479460e-01	5.933827224531129652e-01	6.743336273504759726e-01	3.825820200793897952e-01	6.090369612124429954e-01	6.436399014687179676e-01	3.825820200793897952e-01	6.376557680727870103e-01	3.825820200793897952e-01	6.688460163302789585e-01	5.969292298656639906e-01	6.297364282934140300e-01	6.301586414074950016e-01	3.825820200793897952e-01	6.111041132604999593e-01	3.825820200793897952e-01	3.825820200793897952e-01	3.825820200793897952e-01	3.825820200793897952e-01	6.548418451232950188e-01	6.099190335051389855e-01	3.825820200793897952e-01	3.825820200793897952e-01	3.825820200793897952e-01	3.825820200793897952e-01	3.825820200793897952e-01	3.825820200793897952e-01	3.825820200793897952e-01	3.825820200793897952e-01	6.325615174917750272e-01	6.158318544064730338e-01	6.575488315131600148e-01	3.825820200793897952e-01	5.710620745219939787e-01	3.825820200793897952e-01	3.825820200793897952e-01	3.825820200793897952e-01	3.825820200793897952e-01	3.825820200793897952e-01	6.115598523823230215e-01	6.479048900015730306e-01	3.825820200793897952e-01	6.315112048958649860e-01	3.825820200793897952e-01	6.069021231364110092e-01	6.803099353311600206e-01	5.786208247590429732e-01	3.825820200793897952e-01	6.086782870952649471e-01	3.825820200793897952e-01	3.825820200793897952e-01	3.825820200793897952e-01	3.825820200793897952e-01	6.190862709138800213e-01	3.825820200793897952e-01	3.825820200793897952e-01	3.825820200793897952e-01	7.765262468257180251e-01	3.825820200793897952e-01	6.467165562239209908e-01	5.849737765679650092e-01	5.849662273816750302e-01	5.754838665137570475e-01	3.825820200793897952e-01	3.825820200793897952e-01	6.251781986308639905e-01	5.924722651672359452e-01	3.825820200793897952e-01	6.295921034605650446e-01	3.825820200793897952e-01	6.057178839428749573e-01	5.963016067934420184e-01	5.680673489466450121e-01	5.983191929950909538e-01	3.825820200793897952e-01	3.825820200793897952e-01	5.887449772090960209e-01	3.825820200793897952e-01	3.825820200793897952e-01	3.825820200793897952e-01	6.613633900472339899e-01	3.825820200793897952e-01	3.825820200793897952e-01	3.825820200793897952e-01	7.584802055128030407e-01	3.825820200793897952e-01	7.710781023354179586e-01	3.825820200793897952e-01	3.825820200793897952e-01	5.886357203703159735e-01	6.738138131235610340e-01	6.714004717281050194e-01	6.736450431769229752e-01
3.825820200793897952e-01	7.651707510574350390e-01	1.000000000000000000e+00	5.797537473406939590e-01	3.825820200793897952e-01	6.555276766383349996e-01	3.825820200793897952e-01	6.615508430281099583e-01	6.631960964328620367e-01	3.825820200793897952e-01	6.405974287769210518e-01	6.341338838271589617e-01	3.825820200793897952e-01	3.825820200793897952e-01	3.825820200793897952e-01	6.497522557316399716e-01	3.825820200793897952e-01	5.719839490405820293e-01	6.205852608181420260e-01	3.825820200793897952e-01	5.916320764661819886e-01	3.825820200793897952e-01	3.825820200793897952e-01	3.825820200793897952e-01	6.476310213444870234e-01	6.407984458352380397e-01	6.298063540985260333e-01	3.825820200793897952e-01	6.010863586205470455e-01	3.825820200793897952e-01	6.267059589113860296e-01	6.083948758953680036e-01	3.825820200793897952e-01	6.879195675585370040e-01	6.225634304718420386e-01	6.193572131201989794e-01	6.353288578808720111e-01	6.384643222845659549e-01	3.825820200793897952e-01	6.271869293235580178e-01	3.825820200793897952e-01	5.881274149745829849e-01	3.825820200793897952e-01	6.125601966972430423e-01	3.825820200793897952e-01	3.825820200793897952e-01	3.825820200793897952e-01	6.073662595139539544e-01	3.825820200793897952e-01	6.544502676886509995e-01	3.825820200793897952e-01	6.171215883541809610e-01	5.747186439371170241e-01	5.823008413528230065e-01	3.825820200793897952e-01	6.120107776153650425e-01	3.825820200793897952e-01	5.940640379677130101e-01	6.063886929098070144e-01	3.825820200793897952e-01	6.315475320403129977e-01	6.120055862466889929e-01	3.825820200793897952e-01	3.825820200793897952e-01	5.856653528590880509e-01	3.825820200793897952e-01	3.825820200793897952e-01	3.825820200793897952e-01	3.825820200793897952e-01	6.083902856959589878e-01	3.825820200793897952e-01	3.825820200793897952e-01	6.177809584739909488e-01	6.553490503953339763e-01	5.853926183963480412e-01	3.825820200793897952e-01	3.825820200793897952e-01	5.850249910297049549e-01	6.211692899112589705e-01	6.035430863268219648e-01	6.092012312537510299e-01	6.106629267955400175e-01	6.051222371838890224e-01	3.825820200793897952e-01	3.825820200793897952e-01	6.102279479625160041e-01	6.438113468206999590e-01	3.825820200793897952e-01	7.559471187309529938e-01	6.299797581608129748e-01	6.592258260850869522e-01	5.759999519653350442e-01	5.617352485103249693e-01	5.364079954918320459e-01	3.825820200793897952e-01	5.772933078563480258e-01	6.152298748950260077e-01	5.819147381977629596e-01	5.948603177517299834e-01	3.825820200793897952e-01	3.825820200793897952e-01	3.825820200793897952e-01	3.825820200793897952e-01	5.740102916940750255e-01	3.825820200793897952e-01	3.825820200793897952e-01	6.172365641208880094e-01	3.825820200793897952e-01	6.136691241648859485e-01	5.814092163222970289e-01	6.471492142296250139e-01	6.584838108112179844e-01	3.825820200793897952e-01	3.825820200793897952e-01	3.825820200793897952e-01	7.371569717326239557e-01	3.825820200793897952e-01	7.735262861114059474e-01	3.825820200793897952e-01	3.825820200793897952e-01	3.825820200793897952e-01	3.825820200793897952e-01	6.698850979506190129e-01	3.825820200793897952e-01
6.085078976457329869e-01	5.989637868989720060e-01	5.797537473406939590e-01	9.999999999999980016e-01	5.638978745282430260e-01	3.825820200793897952e-01	3.825820200793897952e-01	3.825820200793897952e-01	5.710423646378729456e-01	3.825820200793897952e-01	5.627554692219109977e-01	5.558617071157869738e-01	6.271046215413730307e-01	3.825820200793897952e-01	6.327096254781140461e-01	3.825820200793897952e-01	6.070033043284079888e-01	3.825820200793897952e-01	6.503586808172200362e-01	5.642747912165819724e-01	3.825820200793897952e-01	3.825820200793897952e-01	5.828779153079000075e-01	3.825820200793897952e-01	5.488703515039190517e-01	3.825820200793897952e-01	5.810004523703330426e-01	5.861624048058049485e-01	6.312538778131859818e-01	6.326209156729190042e-01	3.825820200793897952e-01	5.538340015434629615e-01	5.881077304426409746e-01	6.312293360731670022e-01	6.083608966644239446e-01	3.825820200793897952e-01	3.825820200793897952e-01	5.728937247420829992e-01	3.825820200793897952e-01	5.703419934702850247e-01	5.780284477013819533e-01	3.825820200793897952e-01	5.861114991935859608e-01	5.950916896929829836e-01	5.919461372346319639e-01	3.825820200793897952e-01	3.825820200793897952e-01	5.656477450935539775e-01	6.502613720157469634e-01	5.870122209266179780e-01	5.441034163131249768e-01	6.104923156434439724e-01	5.461056296676489730e-01	5.535847639954030175e-01	5.641467794111030276e-01	5.915658224935940179e-01	3.825820200793897952e-01	3.825820200793897952e-01	5.793968038315320257e-01	5.523548081064679760e-01	3.825820200793897952e-01	3.825820200793897952e-01	5.412149639677009683e-01	5.852712199715980335e-01	3.825820200793897952e-01	6.256307405363550345e-01	6.125259603834369848e-01	6.214247506334650284e-01	6.386152858825849821e-01	3.825820200793897952e-01	5.753632337675480546e-01	3.825820200793897952e-01	5.586720247189730371e-01	3.825820200793897952e-01	6.166887267917939841e-01	3.825820200793897952e-01	3.825820200793897952e-01	6.019476576591109573e-01	3.825820200793897952e-01	5.758001368818329579e-01	3.825820200793897952e-01	5.149806414110179587e-01	3.825820200793897952e-01	3.825820200793897952e-01	5.756417574938560433e-01	3.825820200793897952e-01	3.825820200793897952e-01	5.812197195096310276e-01	3.825820200793897952e-01	5.806101704336780189e-01	3.825820200793897952e-01	6.035802636426710333e-01	3.825820200793897952e-01	5.799607341284059858e-01	3.825820200793897952e-01	3.825820200793897952e-01	3.825820200793897952e-01	3.825820200793897952e-01	6.102992800027969844e-01	3.825820200793897952e-01	5.353937746203260017e-01	3.825820200793897952e-01	3.825820200793897952e-01	3.825820200793897952e-01	3.825820200793897952e-01	5.657657943309659654e-01	3.825820200793897952e-01	5.650146460796889869e-01	6.340919983822049799e-01	5.617374467885090095e-01	3.825820200793897952e-01	6.426626496773949482e-01	6.217559917630419708e-01	6.114810125966040344e-01	3.825820200793897952e-01	6.078928450428739971e-01	3.825820200793897952e-01	5.963525882947450230e-01	6.131387835717470036e-01	5.998532950329059643e-01	3.825820200793897952e-01	3.825820200793897952e-01	3.825820200793897952e-01	3.825820200793897952e-01
3.825820200793897952e-01	3.825820200793897952e-01	3.825820200793897952e-01	5.638978745282430260e-01	9.999999999999980016e-01	6.455097636538660311e-01	3.825820200793897952e-01	3.825820200793897952e-01	3.825820200793897952e-01	3.825820200793897952e-01	3.825820200793897952e-01	3.825820200793897952e-01	6.432138616401630316e-01	6.001520826156120370e-01	6.105001896486079715e-01	3.825820200793897952e-01	5.873134666095689571e-01	5.374340904806439445e-01	3.825820200793897952e-01	3.825820200793897952e-01	5.862361844613529493e-01	5.970012497972190246e-01	6.785611240997180271e-01	3.825820200793897952e-01	3.825820200793897952e-01	7.236161194253110107e-01	3.825820200793897952e-01	6.349858754809080130e-01	5.704152994100789575e-01	3.825820200793897952e-01	5.896806002055390294e-01	5.735309851062460051e-01	5.294646527002310199e-01	6.066543538670300384e-01	5.882674914553850387e-01	5.406807707999979895e-01	5.870120203816560078e-01	3.825820200793897952e-01	3.825820200793897952e-01	3.825820200793897952e-01	3.825820200793897952e-01	6.726912052222759897e-01	3.825820200793897952e-01	6.317583278081110310e-01	3.825820200793897952e-01	6.340928819219610046e-01	5.637902319906670234e-01	6.397668848460890123e-01	3.825820200793897952e-01	5.722472161393300505e-01	6.329572232906089946e-01	5.977155346007200221e-01	3.825820200793897952e-01	6.091912331502959965e-01	6.347665500916359616e-01	5.939547422215449846e-01	3.825820200793897952e-01	3.825820200793897952e-01	5.705996529156479591e-01	3.825820200793897952e-01	6.150256705583639905e-01	3.825820200793897952e-01	3.825820200793897952e-01	3.825820200793897952e-01	3.825820200793897952e-01	6.348297540511179671e-01	5.656817737163299942e-01	6.165641377015449454e-01	3.825820200793897952e-01	3.825820200793897952e-01	3.825820200793897952e-01	6.369260726780869852e-01	3.825820200793897952e-01	5.932930531860769463e-01	5.834791541774569934e-01	3.825820200793897952e-01	6.649121474553749689e-01	5.873996639681170473e-01	3.825820200793897952e-01	5.745407317414600312e-01	3.825820200793897952e-01	3.825820200793897952e-01	3.825820200793897952e-01	3.825820200793897952e-01	5.852885395511080446e-01	3.825820200793897952e-01	3.825820200793897952e-01	3.825820200793897952e-01	6.929838021036910378e-01	5.930109643584240420e-01	3.825820200793897952e-01	3.825820200793897952e-01	5.744223978898149729e-01	5.539121815307149754e-01	3.825820200793897952e-01	5.941560256216900093e-01	6.294400176825459825e-01	3.825820200793897952e-01	6.114799089559169731e-01	6.615481556849890366e-01	3.825820200793897952e-01	6.317174724325580470e-01	3.825820200793897952e-01	5.416995122029609755e-01	3.825820200793897952e-01	5.978822477285929970e-01	6.123994283689110363e-01	3.825820200793897952e-01	3.825820200793897952e-01	3.825820200793897952e-01	5.744035573759610491e-01	6.076111183449439679e-01	6.143155988512739585e-01	6.063816967777120315e-01	6.064686576158799802e-01	6.724251981804499900e-01	6.132462463865150371e-01	3.825820200793897952e-01	6.660916866233660416e-01	3.825820200793897952e-01	6.398386272872289560e-01	3.825820200793897952e-01	3.825820200793897952e-01	3.825820200793897952e-01
6.355278446733769737e-01	3.825820200793897952e-01	6.555276766383349996e-01	3.825820200793897952e-01	6.455097636538660311e-01	9.999999999999980016e-01	3.825820200793897952e-01	3.825820200793897952e-01	6.078623185606569779e-01	3.825820200793897952e-01	6.380298626453250188e-01	3.825820200793897952e-01	6.663597444662600067e-01	3.825820200793897952e-01	5.860095452832190244e-01	5.860812616339790004e-01	3.825820200793897952e-01	5.200654838453739881e-01	5.612170608730859822e-01	3.825820200793897952e-01	6.129350907179940133e-01	3.825820200793897952e-01	5.787314291981230374e-01	5.816129263207260314e-01	3.825820200793897952e-01	3.825820200793897952e-01	3.825820200793897952e-01	5.799837059496999458e-01	5.457109261255700394e-01	3.825820200793897952e-01	3.825820200793897952e-01	3.825820200793897952e-01	5.360253407699779871e-01	6.552065471150909648e-01	5.813074259077519734e-01	3.825820200793897952e-01	5.712563519337320317e-01	5.579302192909579849e-01	3.825820200793897952e-01	3.825820200793897952e-01	5.593802108752969904e-01	6.396690618799489858e-01	3.825820200793897952e-01	6.209658236465940284e-01	3.825820200793897952e-01	3.825820200793897952e-01	5.420876685317810306e-01	3.825820200793897952e-01	3.825820200793897952e-01	3.825820200793897952e-01	3.825820200793897952e-01	3.825820200793897952e-01	3.825820200793897952e-01	5.844020592635680300e-01	3.825820200793897952e-01	3.825820200793897952e-01	6.226085741640120519e-01	3.825820200793897952e-01	5.598207908737470317e-01	5.602013283498089580e-01	3.825820200793897952e-01	3.825820200793897952e-01	3.825820200793897952e-01	3.825820200793897952e-01	3.825820200793897952e-01	3.825820200793897952e-01	5.473538052165209944e-01	3.825820200793897952e-01	5.867351550441299857e-01	6.219842321798260132e-01	3.825820200793897952e-01	5.966496996616420523e-01	5.643156298017729666e-01	3.825820200793897952e-01	6.000286355188919618e-01	6.298515731987860411e-01	3.825820200793897952e-01	3.825820200793897952e-01	6.613756903415759503e-01	5.666924091214650128e-01	6.380211295153189743e-01	5.476662044473520341e-01	5.413896482763379536e-01	5.817661472143950130e-01	5.368457538236329762e-01	6.163563680180580429e-01	3.825820200793897952e-01	6.680345267597019854e-01	3.825820200793897952e-01	6.269483957563449783e-01	6.653494048881900547e-01	3.825820200793897952e-01	5.970115555382869976e-01	5.207014515538339605e-01	5.938288523065780034e-01	3.825820200793897952e-01	3.825820200793897952e-01	5.831562816582049891e-01	3.825820200793897952e-01	3.825820200793897952e-01	6.428988155526289550e-01	6.299645006766090294e-01	3.825820200793897952e-01	5.367307494640619625e-01	3.825820200793897952e-01	6.322312952326170077e-01	3.825820200793897952e-01	3.825820200793897952e-01	5.329947526446100481e-01	5.280664544115080128e-01	3.825820200793897952e-01	6.057930591335030091e-01	6.036752671286109706e-01	3.825820200793897952e-01	3.825820200793897952e-01	3.825820200793897952e-01	6.074408208448079938e-01	6.557323979709489548e-01	6.374749288512330248e-01	6.010585321200250242e-01	3.825820200793897952e-01	6.314315662860240375e-01	5.845637956701049687e-01	3.825820200793897952e-01
6.423141624495839475e-01	3.825820200793897952e-01	3.825820200793897952e-01	3.825820200793897952e-01	3.825820200793897952e-01	3.825820200793897952e-01	9.999999999999990008e-01	7.120873098003710489e-01	3.825820200793897952e-01	3.825820200793897952e-01	6.633802376473759699e-01	3.825820200793897952e-01	6.380891554574390501e-01	3.825820200793897952e-01	3.825820200793897952e-01	5.960766699550640313e-01	5.940593882076430354e-01	5.503516817710309983e-01	5.497897105072550028e-01	3.825820200793897952e-01	5.859139881209990408e-01	5.799992985890309871e-01	3.825820200793897952e-01	5.823149667747280489e-01	3.825820200793897952e-01	7.147788507659720292e-01	5.349664585700439901e-01	6.380834195135759446e-01	5.571874605397060254e-01	5.751167486155559505e-01	3.825820200793897952e-01	5.534105444232120252e-01	5.176911170036559984e-01	6.026569102483190221e-01	5.795897783554629923e-01	5.258593856209829998e-01	3.825820200793897952e-01	5.615539569952390231e-01	5.826836760381119973e-01	3.825820200793897952e-01	5.996332919726069521e-01	3.825820200793897952e-01	3.825820200793897952e-01	6.235598563910109693e-01	5.179529414462840098e-01	6.298030263442320198e-01	5.573658494369440053e-01	3.825820200793897952e-01	3.825820200793897952e-01	3.825820200793897952e-01	6.196914881613250214e-01	6.006065693614840439e-01	5.696483606269090449e-01	3.825820200793897952e-01	6.206194133634159726e-01	6.011036142567890428e-01	3.825820200793897952e-01	3.825820200793897952e-01	3.825820200793897952e-01	5.683010656308480346e-01	6.254453732958940027e-01	5.707938730525690119e-01	3.825820200793897952e-01	3.825820200793897952e-01	3.825820200793897952e-01	3.825820200793897952e-01	3.825820200793897952e-01	6.177329641059360332e-01	5.917635090359439909e-01	6.297054878055919902e-01	6.014717454039619771e-01	6.084769640224280129e-01	5.767998339939149899e-01	5.991602024533360105e-01	3.825820200793897952e-01	6.259103291465569763e-01	6.552095505054400526e-01	3.825820200793897952e-01	6.410161860700249736e-01	5.795830046437250305e-01	3.825820200793897952e-01	3.825820200793897952e-01	3.825820200793897952e-01	6.062644541794039998e-01	5.558358394387400425e-01	6.235375395643899532e-01	6.317427541644119460e-01	6.162002382892549646e-01	3.825820200793897952e-01	3.825820200793897952e-01	6.520358083496500257e-01	6.061416785893090076e-01	5.714155844962199859e-01	3.825820200793897952e-01	3.825820200793897952e-01	6.001452233454820373e-01	6.319596717243549655e-01	5.952375391536059990e-01	6.091952683013249770e-01	3.825820200793897952e-01	6.735892368995359814e-01	3.825820200793897952e-01	3.825820200793897952e-01	5.342709133033870517e-01	3.825820200793897952e-01	3.825820200793897952e-01	6.225000787207080055e-01	3.825820200793897952e-01	3.825820200793897952e-01	5.442852726501570260e-01	5.668652927984400014e-01	5.966818370930510040e-01	6.022141627129500296e-01	3.825820200793897952e-01	3.825820200793897952e-01	6.600098174046059585e-01	3.825820200793897952e-01	3.825820200793897952e-01	3.825820200793897952e-01	3.825820200793897952e-01	3.825820200793897952e-01	3.825820200793897952e-01	6.059538022388269995e-01	6.564379660171060227e-01
6.905330336750610254e-01	3.825820200793897952e-01	6.615508430281099583e-01	3.825820200793897952e-01	3.825820200793897952e-01	3.825820200793897952e-01	7.120873098003710489e-01	1.000000000000000000e+00	7.517692852747409615e-01	3.825820200793897952e-01	3.825820200793897952e-01	3.825820200793897952e-01	6.159144918019180404e-01	3.825820200793897952e-01	3.825820200793897952e-01	3.825820200793897952e-01	3.825820200793897952e-01	5.414194731346050338e-01	5.760941733900889483e-01	6.566450832966299611e-01	5.671468306632210243e-01	6.140475245880050448e-01	7.194607458323439841e-01	3.825820200793897952e-01	3.825820200793897952e-01	3.825820200793897952e-01	5.929223612294599599e-01	3.825820200793897952e-01	5.909877217048560283e-01	6.334546285071339655e-01	3.825820200793897952e-01	3.825820200793897952e-01	5.817040415844659806e-01	3.825820200793897952e-01	3.825820200793897952e-01	5.685417601812879917e-01	3.825820200793897952e-01	3.825820200793897952e-01	3.825820200793897952e-01	3.825820200793897952e-01	3.825820200793897952e-01	6.643383616360970523e-01	6.326293454229120483e-01	3.825820200793897952e-01	5.402477741056790350e-01	3.825820200793897952e-01	3.825820200793897952e-01	6.038871134505640059e-01	3.825820200793897952e-01	3.825820200793897952e-01	3.825820200793897952e-01	5.673992882156000395e-01	3.825820200793897952e-01	3.825820200793897952e-01	3.825820200793897952e-01	3.825820200793897952e-01	6.136313356504949912e-01	5.720803735598589679e-01	5.791863727436009635e-01	3.825820200793897952e-01	3.825820200793897952e-01	5.723395804242269458e-01	3.825820200793897952e-01	3.825820200793897952e-01	5.575497052350409932e-01	6.187361507334979693e-01	3.825820200793897952e-01	3.825820200793897952e-01	3.825820200793897952e-01	3.825820200793897952e-01	5.738536084029109974e-01	6.305852299948120354e-01	5.899701633860180428e-01	6.222387436188140386e-01	5.587668345623599819e-01	5.911697121432729629e-01	3.825820200793897952e-01	3.825820200793897952e-01	5.962327681846020244e-01	5.847529311969159593e-01	6.602154584416209948e-01	6.033144096093620012e-01	5.800569433376929762e-01	3.825820200793897952e-01	5.918766419096830322e-01	3.825820200793897952e-01	6.127424848932190304e-01	5.888497150683039694e-01	7.016431154510039958e-01	5.837307128556930014e-01	3.825820200793897952e-01	3.825820200793897952e-01	3.825820200793897952e-01	3.825820200793897952e-01	3.825820200793897952e-01	5.596434881418500540e-01	5.899921800606050537e-01	5.771899139781100363e-01	3.825820200793897952e-01	6.016580505771109699e-01	3.825820200793897952e-01	5.648940668326200010e-01	3.825820200793897952e-01	3.825820200793897952e-01	3.825820200793897952e-01	3.825820200793897952e-01	5.875547492921999737e-01	3.825820200793897952e-01	3.825820200793897952e-01	3.825820200793897952e-01	3.825820200793897952e-01	6.434599819506650054e-01	3.825820200793897952e-01	3.825820200793897952e-01	3.825820200793897952e-01	6.716681564129439730e-01	3.825820200793897952e-01	3.825820200793897952e-01	3.825820200793897952e-01	3.825820200793897952e-01	3.825820200793897952e-01	6.566291145032699950e-01	6.617647922176800312e-01	3.825820200793897952e-01
3.825820200793897952e-01	6.668110813916700019e-01	6.631960964328620367e-01	5.710423646378729456e-01	3.825820200793897952e-01	6.078623185606569779e-01	3.825820200793897952e-01	7.517692852747409615e-01	1.000000000000000000e+00	6.946813989667539602e-01	3.825820200793897952e-01	6.533903113159650333e-01	6.107599308170029717e-01	5.371305521305239639e-01	6.620467572475170481e-01	3.825820200793897952e-01	3.825820200793897952e-01	5.502215527227579672e-01	3.825820200793897952e-01	3.825820200793897952e-01	3.825820200793897952e-01	3.825820200793897952e-01	3.825820200793897952e-01	3.825820200793897952e-01	7.172664767555819720e-01	3.825820200793897952e-01	6.069774703004899852e-01	3.825820200793897952e-01	3.825820200793897952e-01	6.439130423844290352e-01	3.825820200793897952e-01	3.825820200793897952e-01	5.963055663688839880e-01	3.825820200793897952e-01	3.825820200793897952e-01	3.825820200793897952e-01	3.825820200793897952e-01	6.330525418627319656e-01	3.825820200793897952e-01	5.823897586045170272e-01	3.825820200793897952e-01	3.825820200793897952e-01	3.825820200793897952e-01	5.857586798097239589e-01	3.825820200793897952e-01	3.825820200793897952e-01	3.825820200793897952e-01	3.825820200793897952e-01	6.322611380671050441e-01	3.825820200793897952e-01	3.825820200793897952e-01	3.825820200793897952e-01	3.825820200793897952e-01	3.825820200793897952e-01	3.825820200793897952e-01	3.825820200793897952e-01	3.825820200793897952e-01	3.825820200793897952e-01	3.825820200793897952e-01	3.825820200793897952e-01	6.214353354871180457e-01	5.749703661605829463e-01	3.825820200793897952e-01	3.825820200793897952e-01	5.642321777142810246e-01	6.198903046438829501e-01	3.825820200793897952e-01	6.172196501233000454e-01	3.825820200793897952e-01	5.925378555658720181e-01	3.825820200793897952e-01	3.825820200793897952e-01	5.942057193606850030e-01	6.264245648403490296e-01	5.773719198376580097e-01	5.886518161090950052e-01	6.745111310371549873e-01	3.825820200793897952e-01	3.825820200793897952e-01	5.870560003285519857e-01	3.825820200793897952e-01	3.825820200793897952e-01	5.859838355599570336e-01	3.825820200793897952e-01	3.825820200793897952e-01	5.879134482266630268e-01	3.825820200793897952e-01	3.825820200793897952e-01	3.825820200793897952e-01	3.825820200793897952e-01	6.384571935883830429e-01	5.705211180195840504e-01	3.825820200793897952e-01	5.330662180336650513e-01	5.285087861867580061e-01	5.585724774169680273e-01	5.950829420683170223e-01	3.825820200793897952e-01	3.825820200793897952e-01	3.825820200793897952e-01	3.825820200793897952e-01	5.613016939433179697e-01	5.526979649429909491e-01	5.626178135461149532e-01	3.825820200793897952e-01	5.539643340023370222e-01	5.789562871248059572e-01	3.825820200793897952e-01	3.825820200793897952e-01	5.885269142455800129e-01	3.825820200793897952e-01	6.560925927393309598e-01	6.292363202274989797e-01	3.825820200793897952e-01	6.484431206189109620e-01	3.825820200793897952e-01	3.825820200793897952e-01	6.595139595314000180e-01	3.825820200793897952e-01	6.851562015792730387e-01	3.825820200793897952e-01	6.480696001944300511e-01	3.825820200793897952e-01	3.825820200793897952e-01
7.031816301614499665e-01	3.825820200793897952e-01	3.825820200793897952e-01	3.825820200793897952e-01	3.825820200793897952e-01	3.825820200793897952e-01	3.825820200793897952e-01	3.825820200793897952e-01	6.946813989667539602e-01	1.000000000000000000e+00	6.697778697531230341e-01	3.825820200793897952e-01	6.091358149235139852e-01	3.825820200793897952e-01	6.396277695532189833e-01	6.319281214751879538e-01	5.692804676406559850e-01	3.825820200793897952e-01	3.825820200793897952e-01	6.608788199370130290e-01	3.825820200793897952e-01	6.309267849640379788e-01	3.825820200793897952e-01	6.423757321801200071e-01	3.825820200793897952e-01	6.918780948675760101e-01	3.825820200793897952e-01	3.825820200793897952e-01	6.203348864717810329e-01	3.825820200793897952e-01	3.825820200793897952e-01	5.787442776827980140e-01	5.810254723615829731e-01	3.825820200793897952e-01	3.825820200793897952e-01	3.825820200793897952e-01	6.255397968146160226e-01	3.825820200793897952e-01	6.088625595593929463e-01	3.825820200793897952e-01	6.299456256051060299e-01	5.902314304605980055e-01	6.251525010901070045e-01	3.825820200793897952e-01	5.427208416235349553e-01	6.128868773283669968e-01	5.736378844818560419e-01	5.967544174359590281e-01	3.825820200793897952e-01	3.825820200793897952e-01	6.579392880581500513e-01	3.825820200793897952e-01	3.825820200793897952e-01	3.825820200793897952e-01	3.825820200793897952e-01	3.825820200793897952e-01	6.154413622476799794e-01	3.825820200793897952e-01	5.662657016322090175e-01	5.840911881698820363e-01	6.062401668670369670e-01	5.948971886174130308e-01	3.825820200793897952e-01	3.825820200793897952e-01	3.825820200793897952e-01	3.825820200793897952e-01	6.070326795427429811e-01	3.825820200793897952e-01	5.633060950703320247e-01	5.834875874982800026e-01	3.825820200793897952e-01	6.162151269438199686e-01	5.900288356038839721e-01	3.825820200793897952e-01	3.825820200793897952e-01	5.921170474508670178e-01	3.825820200793897952e-01	3.825820200793897952e-01	3.825820200793897952e-01	5.845387595325359786e-01	6.456601569793549711e-01	6.019753939527759945e-01	5.912798231953909633e-01	3.825820200793897952e-01	6.215970415332360277e-01	5.747563761801319782e-01	3.825820200793897952e-01	5.703656917167929663e-01	3.825820200793897952e-01	5.923691150261980454e-01	3.825820200793897952e-01	5.621076784507830215e-01	5.305507958375610400e-01	3.825820200793897952e-01	5.355048050285230454e-01	5.496697325237179799e-01	5.836525511413640510e-01	3.825820200793897952e-01	3.825820200793897952e-01	3.825820200793897952e-01	5.742332067293689501e-01	3.825820200793897952e-01	3.825820200793897952e-01	3.825820200793897952e-01	3.825820200793897952e-01	3.825820200793897952e-01	3.825820200793897952e-01	3.825820200793897952e-01	3.825820200793897952e-01	3.825820200793897952e-01	3.825820200793897952e-01	6.574002215167199514e-01	3.825820200793897952e-01	6.142271503767720020e-01	3.825820200793897952e-01	3.825820200793897952e-01	3.825820200793897952e-01	6.682533508084560481e-01	6.902620668371709511e-01	6.708409880175709716e-01	3.825820200793897952e-01	3.825820200793897952e-01	3.825820200793897952e-01	3.825820200793897952e-01
3.825820200793897952e-01	6.614886628851750494e-01	6.405974287769210518e-01	5.627554692219109977e-01	3.825820200793897952e-01	6.380298626453250188e-01	6.633802376473759699e-01	3.825820200793897952e-01	3.825820200793897952e-01	6.697778697531230341e-01	1.000000000000000000e+00	6.946094801442129762e-01	6.424715796765529952e-01	5.893925153773319492e-01	6.072511832978659818e-01	6.030442124257889835e-01	5.862731401000680354e-01	5.322022321031899539e-01	3.825820200793897952e-01	3.825820200793897952e-01	3.825820200793897952e-01	3.825820200793897952e-01	3.825820200793897952e-01	3.825820200793897952e-01	3.825820200793897952e-01	6.911316208186579768e-01	5.843553893227589890e-01	6.327002841918220044e-01	5.835807222977880127e-01	3.825820200793897952e-01	6.053956620950240453e-01	3.825820200793897952e-01	5.428866564590170141e-01	3.825820200793897952e-01	5.636279886906889747e-01	5.801355147924079914e-01	5.981296591406689567e-01	3.825820200793897952e-01	3.825820200793897952e-01	5.650822460070650255e-01	3.825820200793897952e-01	3.825820200793897952e-01	6.397536678411339661e-01	6.301247108942860109e-01	5.432594665150209945e-01	6.000211556279629876e-01	3.825820200793897952e-01	6.255989058108509804e-01	3.825820200793897952e-01	6.157985824561279520e-01	6.872069526955389973e-01	3.825820200793897952e-01	3.825820200793897952e-01	3.825820200793897952e-01	6.360480995999580056e-01	5.911150354563170506e-01	3.825820200793897952e-01	3.825820200793897952e-01	3.825820200793897952e-01	3.825820200793897952e-01	3.825820200793897952e-01	3.825820200793897952e-01	6.557280287021189924e-01	6.033224385105140364e-01	5.807974920695939680e-01	3.825820200793897952e-01	3.825820200793897952e-01	3.825820200793897952e-01	6.028158249771750077e-01	6.150914202218630278e-01	3.825820200793897952e-01	3.825820200793897952e-01	3.825820200793897952e-01	3.825820200793897952e-01	5.901202887207239733e-01	3.825820200793897952e-01	6.551116153537199782e-01	5.608011301248480018e-01	5.992845438226950261e-01	5.871507420193089466e-01	6.810108393298629492e-01	3.825820200793897952e-01	6.036653995565770536e-01	5.984766792066450458e-01	3.825820200793897952e-01	5.737229698031740543e-01	3.825820200793897952e-01	3.825820200793897952e-01	3.825820200793897952e-01	6.168723041443739952e-01	3.825820200793897952e-01	5.746191255928460029e-01	3.825820200793897952e-01	5.220209690482939813e-01	3.825820200793897952e-01	5.821984523531239519e-01	3.825820200793897952e-01	3.825820200793897952e-01	6.137573630096020416e-01	3.825820200793897952e-01	3.825820200793897952e-01	6.016108091674130520e-01	6.029421038208290229e-01	5.587616748755089846e-01	3.825820200793897952e-01	5.931890014476780548e-01	3.825820200793897952e-01	6.019780578030780038e-01	5.706348813237720474e-01	5.516440855785790243e-01	3.825820200793897952e-01	3.825820200793897952e-01	5.951724011953150040e-01	6.198434231179680287e-01	3.825820200793897952e-01	6.571924174967279653e-01	3.825820200793897952e-01	3.825820200793897952e-01	6.730839449238139593e-01	3.825820200793897952e-01	6.068035213453639720e-01	3.825820200793897952e-01	3.825820200793897952e-01	3.825820200793897952e-01
3.825820200793897952e-01	3.825820200793897952e-01	6.341338838271589617e-01	5.558617071157869738e-01	3.825820200793897952e-01	3.825820200793897952e-01	3.825820200793897952e-01	3.825820200793897952e-01	6.533903113159650333e-01	3.825820200793897952e-01	6.946094801442129762e-01	1.000000000000000000e+00	6.752069770842269447e-01	3.825820200793897952e-01	6.101265024158809558e-01	3.825820200793897952e-01	5.839159561251440200e-01	5.110162890659359913e-01	5.702687788619830167e-01	6.978413651299000264e-01	3.825820200793897952e-01	5.860441205189580449e-01	6.635661480972570025e-01	3.825820200793897952e-01	6.409726067138790118e-01	6.936889628367639560e-01	5.387100646757749800e-01	6.247159789146740083e-01	5.701075748352210093e-01	3.825820200793897952e-01	5.970827306056739614e-01	3.825820200793897952e-01	5.195964637265400032e-01	3.825820200793897952e-01	3.825820200793897952e-01	3.825820200793897952e-01	5.796731948686559832e-01	5.577265032010739754e-01	5.755045893539699753e-01	3.825820200793897952e-01	5.976377851286589493e-01	3.825820200793897952e-01	3.825820200793897952e-01	3.825820200793897952e-01	3.825820200793897952e-01	3.825820200793897952e-01	3.825820200793897952e-01	3.825820200793897952e-01	3.825820200793897952e-01	6.061397135507909928e-01	3.825820200793897952e-01	6.167507892896919586e-01	3.825820200793897952e-01	3.825820200793897952e-01	3.825820200793897952e-01	6.269506871380799984e-01	3.825820200793897952e-01	3.825820200793897952e-01	5.635243371586200478e-01	3.825820200793897952e-01	6.406691264547870190e-01	3.825820200793897952e-01	3.825820200793897952e-01	3.825820200793897952e-01	5.415146434068770498e-01	6.554450768631600033e-01	5.560371793960839915e-01	3.825820200793897952e-01	3.825820200793897952e-01	6.386291617924769737e-01	3.825820200793897952e-01	3.825820200793897952e-01	5.625635155313150060e-01	3.825820200793897952e-01	3.825820200793897952e-01	6.337867492869440067e-01	3.825820200793897952e-01	3.825820200793897952e-01	6.356583591800050170e-01	3.825820200793897952e-01	7.233017763561969682e-01	3.825820200793897952e-01	3.825820200793897952e-01	3.825820200793897952e-01	3.825820200793897952e-01	6.406710650467980495e-01	3.825820200793897952e-01	6.298673785785520174e-01	3.825820200793897952e-01	6.093462811379020128e-01	3.825820200793897952e-01	6.219470462871230509e-01	3.825820200793897952e-01	5.366478640769509756e-01	6.172326893476890453e-01	3.825820200793897952e-01	3.825820200793897952e-01	3.825820200793897952e-01	6.313473003698230057e-01	3.825820200793897952e-01	6.721255211871559609e-01	3.825820200793897952e-01	3.825820200793897952e-01	5.262865800583289566e-01	3.825820200793897952e-01	6.129222656620609833e-01	6.573944352734709673e-01	5.723269139696149921e-01	3.825820200793897952e-01	5.397837795966610175e-01	3.825820200793897952e-01	6.017742869323069455e-01	6.053785949650739573e-01	6.315297472808389934e-01	3.825820200793897952e-01	6.665007187688529733e-01	3.825820200793897952e-01	6.647774978254600287e-01	3.825820200793897952e-01	6.377347091661119682e-01	3.825820200793897952e-01	3.825820200793897952e-01	3.825820200793897952e-01	6.970348733679849751e-01
