1.000000000000000000e+00	1.038425489648972661e-01	1.492537313432840129e-01	1.038425489648972661e-01	1.333333333333329984e-01	1.038425489648972661e-01	9.042553191489359488e-02	2.079207920792079944e-01	1.038425489648972661e-01	3.317307692307689959e-01	1.038425489648972661e-01	1.038425489648972661e-01	1.038425489648972661e-01	1.038425489648972661e-01	1.038425489648972661e-01	1.318681318681320103e-01	2.698412698412699928e-01	1.038425489648972661e-01	2.771739130434779930e-01	1.038425489648972661e-01	1.038425489648972661e-01	1.038425489648972661e-01	1.038425489648972661e-01	1.038425489648972661e-01	1.654135338345860129e-01	1.038425489648972661e-01	2.325581395348839953e-01	1.038425489648972661e-01	1.038425489648972661e-01	2.254545454545449912e-01	1.038425489648972661e-01	1.038425489648972661e-01	1.038425489648972661e-01	1.038425489648972661e-01	1.588785046728969919e-01	1.038425489648972661e-01	1.038425489648972661e-01	1.038425489648972661e-01	1.038425489648972661e-01	3.068181818181819898e-01	1.038425489648972661e-01	1.652173913043480102e-01	1.038425489648972661e-01	1.038425489648972661e-01	1.675675675675679932e-01	1.642857142857140074e-01	1.038425489648972661e-01	1.038425489648972661e-01	1.038425489648972661e-01	1.038425489648972661e-01	1.038425489648972661e-01	1.038425489648972661e-01	1.038425489648972661e-01	1.038425489648972661e-01	1.511111111111110017e-01	1.038425489648972661e-01	1.038425489648972661e-01	1.038425489648972661e-01	1.038425489648972661e-01	1.153846153846150024e-01	1.038425489648972661e-01	1.038425489648972661e-01	1.038425489648972661e-01	8.040201005025129910e-02	1.038425489648972661e-01	1.038425489648972661e-01	1.038425489648972661e-01	1.038425489648972661e-01	1.038425489648972661e-01	1.038425489648972661e-01	1.038425489648972661e-01	1.038425489648972661e-01	1.038425489648972661e-01	1.038425489648972661e-01	1.000000000000000056e-01	2.655737704918029740e-01	1.038425489648972661e-01	1.038425489648972661e-01	1.038425489648972661e-01	1.625766871165640060e-01	1.038425489648972661e-01	8.264462809917360805e-03	1.038425489648972661e-01	1.038425489648972661e-01	2.657657657657659933e-01	1.038425489648972661e-01	1.038425489648972661e-01	1.610738255033559996e-01	1.589403973509929957e-01	1.038425489648972661e-01	2.122641509433960127e-01	1.038425489648972661e-01	1.038425489648972661e-01	1.038425489648972661e-01	1.038425489648972661e-01	1.038425489648972661e-01	1.038425489648972661e-01	1.787439613526569937e-01	1.038425489648972661e-01	1.038425489648972661e-01	1.038425489648972661e-01	1.038425489648972661e-01	1.038425489648972661e-01	1.038425489648972661e-01	2.376237623762380013e-01	1.038425489648972661e-01	1.038425489648972661e-01	1.038425489648972661e-01	2.775330396475769734e-01	2.837837837837839938e-01	1.038425489648972661e-01	1.038425489648972661e-01	1.038425489648972661e-01	1.038425489648972661e-01	1.038425489648972661e-01	1.038425489648972661e-01	1.038425489648972661e-01	1.038425489648972661e-01	1.038425489648972661e-01	2.711111111111110250e-01	1.038425489648972661e-01	1.038425489648972661e-01	1.038425489648972661e-01	1.703056768558950107e-01
1.038425489648972661e-01	1.000000000000000000e+00	1.438596491228069929e-01	1.038425489648972661e-01	1.038425489648972661e-01	4.476190476190480272e-01	4.966442953020129836e-01	1.038425489648972661e-01	1.038425489648972661e-01	1.389961389961389959e-01	1.038425489648972661e-01	1.038425489648972661e-01	1.038425489648972661e-01	1.038425489648972661e-01	1.038425489648972661e-01	1.038425489648972661e-01	1.038425489648972661e-01	1.038425489648972661e-01	1.194690265486730019e-01	1.038425489648972661e-01	1.038425489648972661e-01	1.038425489648972661e-01	1.038425489648972661e-01	1.038425489648972661e-01	1.038425489648972661e-01	1.038425489648972661e-01	9.004739336492889601e-02	1.467181467181470078e-01	1.038425489648972661e-01	1.038425489648972661e-01	1.336405529953919868e-01	1.038425489648972661e-01	1.038425489648972661e-01	1.038425489648972661e-01	1.038425489648972661e-01	1.038425489648972661e-01	1.208333333333330012e-01	1.038425489648972661e-01	1.038425489648972661e-01	1.038425489648972661e-01	1.038425489648972661e-01	1.038425489648972661e-01	1.038425489648972661e-01	1.038425489648972661e-01	1.038425489648972661e-01	1.038425489648972661e-01	1.447368421052629972e-01	1.038425489648972661e-01	1.038425489648972661e-01	1.038425489648972661e-01	1.038425489648972661e-01	1.262798634812289933e-01	1.038425489648972661e-01	1.038425489648972661e-01	1.079999999999999988e-01	2.068965517241380114e-01	1.038425489648972661e-01	1.038425489648972661e-01	7.870370370370370627e-02	1.038425489648972661e-01	7.453416149068320395e-02	1.038425489648972661e-01	1.038425489648972661e-01	1.038425489648972661e-01	1.038425489648972661e-01	1.038425489648972661e-01	1.038425489648972661e-01	1.038425489648972661e-01	2.405063291139240000e-01	1.038425489648972661e-01	1.038425489648972661e-01	1.038425489648972661e-01	8.560311284046689950e-02	1.038425489648972661e-01	1.038425489648972661e-01	1.038425489648972661e-01	1.038425489648972661e-01	1.328671328671330032e-01	1.038425489648972661e-01	1.038425489648972661e-01	2.882352941176469785e-01	1.038425489648972661e-01	1.038425489648972661e-01	1.038425489648972661e-01	1.038425489648972661e-01	1.038425489648972661e-01	1.638655462184870071e-01	1.038425489648972661e-01	1.840490797546009971e-01	1.038425489648972661e-01	1.224489795918369955e-01	1.038425489648972661e-01	9.580419580419580194e-01	1.350210970464129911e-01	1.038425489648972661e-01	1.038425489648972661e-01	1.038425489648972661e-01	1.038425489648972661e-01	1.825396825396830014e-01	1.038425489648972661e-01	1.038425489648972661e-01	9.958506224066389356e-02	1.038425489648972661e-01	1.343283582089550010e-01	1.038425489648972661e-01	7.806691449814129324e-02	1.351351351351350039e-01	1.038425489648972661e-01	1.282051282051279995e-01	1.038425489648972661e-01	1.038425489648972661e-01	1.038425489648972661e-01	1.038425489648972661e-01	1.038425489648972661e-01	1.038425489648972661e-01	1.038425489648972661e-01	1.038425489648972661e-01	1.363636363636359927e-01	1.038425489648972661e-01	1.038425489648972661e-01	1.038425489648972661e-01	9.313725490196080037e-02	1.024590163934430004e-01	1.304347826086960094e-01
1.492537313432840129e-01	1.438596491228069929e-01	1.000000000000000000e+00	1.038425489648972661e-01	1.810344827586209959e-01	1.038425489648972661e-01	1.038425489648972661e-01	1.038425489648972661e-01	1.038425489648972661e-01	1.038425489648972661e-01	1.038425489648972661e-01	1.038425489648972661e-01	1.038425489648972661e-01	1.699346405228759904e-01	1.038425489648972661e-01	1.038425489648972661e-01	2.786885245901640218e-01	1.038425489648972661e-01	1.038425489648972661e-01	1.038425489648972661e-01	1.038425489648972661e-01	1.038425489648972661e-01	2.361623616236160073e-01	1.038425489648972661e-01	1.038425489648972661e-01	1.038425489648972661e-01	1.038425489648972661e-01	4.186991869918699760e-01	1.992481203007520074e-01	2.484662576687119984e-01	1.038425489648972661e-01	1.038425489648972661e-01	1.038425489648972661e-01	1.038425489648972661e-01	1.038425489648972661e-01	1.038425489648972661e-01	1.038425489648972661e-01	2.734693877551019892e-01	1.038425489648972661e-01	1.038425489648972661e-01	1.038425489648972661e-01	1.038425489648972661e-01	1.365187713310579976e-01	1.038425489648972661e-01	1.038425489648972661e-01	1.038425489648972661e-01	1.038425489648972661e-01	1.038425489648972661e-01	2.245614035087719895e-01	1.038425489648972661e-01	2.246153846153849942e-01	1.038425489648972661e-01	1.038425489648972661e-01	2.669322709163349794e-01	1.038425489648972661e-01	1.038425489648972661e-01	2.952029520295200160e-01	1.038425489648972661e-01	1.038425489648972661e-01	1.038425489648972661e-01	6.635071090047389708e-02	1.038425489648972661e-01	1.038425489648972661e-01	1.038425489648972661e-01	2.593750000000000222e-01	2.636363636363640017e-01	1.707317073170729893e-01	1.038425489648972661e-01	1.038425489648972661e-01	1.038425489648972661e-01	1.038425489648972661e-01	1.038425489648972661e-01	1.038425489648972661e-01	1.038425489648972661e-01	1.038425489648972661e-01	1.038425489648972661e-01	3.818897637795279909e-01	1.038425489648972661e-01	1.331269349845199956e-01	1.038425489648972661e-01	2.860892388451439783e-01	5.235602094240839749e-03	1.038425489648972661e-01	1.038425489648972661e-01	1.038425489648972661e-01	1.038425489648972661e-01	1.038425489648972661e-01	1.038425489648972661e-01	2.068965517241380114e-01	1.038425489648972661e-01	1.637010676156580025e-01	1.038425489648972661e-01	1.038425489648972661e-01	1.038425489648972661e-01	1.038425489648972661e-01	2.250922509225090073e-01	1.038425489648972661e-01	1.038425489648972661e-01	2.152777777777780122e-01	1.666666666666669905e-01	1.038425489648972661e-01	1.038425489648972661e-01	1.038425489648972661e-01	1.038425489648972661e-01	2.500000000000000000e-01	1.038425489648972661e-01	1.038425489648972661e-01	1.611842105263160130e-01	2.286689419795220057e-01	3.003663003663000208e-01	1.038425489648972661e-01	1.038425489648972661e-01	1.038425489648972661e-01	2.355072463768120017e-01	1.038425489648972661e-01	3.061224489795920101e-01	2.267080745341620018e-01	1.038425489648972661e-01	2.025723472668810032e-01	2.535211267605629870e-01	2.346938775510200026e-01	1.038425489648972661e-01	1.038425489648972661e-01	3.359683794466399864e-01
1.038425489648972661e-01	1.038425489648972661e-01	1.038425489648972661e-01	1.000000000000000000e+00	1.868131868131870099e-01	1.038425489648972661e-01	1.403508771929820043e-01	1.038425489648972661e-01	1.038425489648972661e-01	1.038425489648972661e-01	1.038425489648972661e-01	1.038425489648972661e-01	1.038425489648972661e-01	1.038425489648972661e-01	1.038425489648972661e-01	1.038425489648972661e-01	1.038425489648972661e-01	1.038425489648972661e-01	1.038425489648972661e-01	1.038425489648972661e-01	1.038425489648972661e-01	1.038425489648972661e-01	2.419354838709679989e-01	1.038425489648972661e-01	1.038425489648972661e-01	1.038425489648972661e-01	1.038425489648972661e-01	1.038425489648972661e-01	1.038425489648972661e-01	1.038425489648972661e-01	1.038425489648972661e-01	1.038425489648972661e-01	1.956521739130429871e-01	1.038425489648972661e-01	1.038425489648972661e-01	1.038425489648972661e-01	1.777777777777780066e-01	1.038425489648972661e-01	1.038425489648972661e-01	1.038425489648972661e-01	1.038425489648972661e-01	1.038425489648972661e-01	1.038425489648972661e-01	1.038425489648972661e-01	3.562653562653559924e-01	1.038425489648972661e-01	1.038425489648972661e-01	1.038425489648972661e-01	1.038425489648972661e-01	1.038425489648972661e-01	1.038425489648972661e-01	2.972972972972969807e-01	1.038425489648972661e-01	1.038425489648972661e-01	1.038425489648972661e-01	1.038425489648972661e-01	1.038425489648972661e-01	1.038425489648972661e-01	1.038425489648972661e-01	1.038425489648972661e-01	1.038425489648972661e-01	1.038425489648972661e-01	1.038425489648972661e-01	1.038425489648972661e-01	1.038425489648972661e-01	1.038425489648972661e-01	1.038425489648972661e-01	1.679389312977100090e-01	1.038425489648972661e-01	1.038425489648972661e-01	1.038425489648972661e-01	1.062499999999999972e-01	1.038425489648972661e-01	1.038425489648972661e-01	1.038425489648972661e-01	1.038425489648972661e-01	1.038425489648972661e-01	1.038425489648972661e-01	1.491712707182319964e-01	3.028720626631850044e-01	3.106796116504850214e-01	1.038425489648972661e-01	1.038425489648972661e-01	1.964809384164220019e-01	2.893890675241159727e-01	1.038425489648972661e-01	1.038425489648972661e-01	1.038425489648972661e-01	1.038425489648972661e-01	1.038425489648972661e-01	1.038425489648972661e-01	1.038425489648972661e-01	1.038425489648972661e-01	1.038425489648972661e-01	1.038425489648972661e-01	1.038425489648972661e-01	2.651515151515150270e-01	1.038425489648972661e-01	1.038425489648972661e-01	1.038425489648972661e-01	2.500000000000000000e-01	1.038425489648972661e-01	2.177914110429449990e-01	1.038425489648972661e-01	3.214285714285710083e-01	1.038425489648972661e-01	1.038425489648972661e-01	1.038425489648972661e-01	1.038425489648972661e-01	1.038425489648972661e-01	1.038425489648972661e-01	2.567164179104480248e-01	1.038425489648972661e-01	2.218749999999999889e-01	1.038425489648972661e-01	1.038425489648972661e-01	2.395543175487470089e-01	1.038425489648972661e-01	2.289855072463770069e-01	1.038425489648972661e-01	1.038425489648972661e-01	1.038425489648972661e-01	1.038425489648972661e-01	1.038425489648972661e-01
1.333333333333329984e-01	1.038425489648972661e-01	1.810344827586209959e-01	1.868131868131870099e-01	1.000000000000000000e+00	1.038425489648972661e-01	1.038425489648972661e-01	1.038425489648972661e-01	1.038425489648972661e-01	1.038425489648972661e-01	1.038425489648972661e-01	1.038425489648972661e-01	1.038425489648972661e-01	1.038425489648972661e-01	1.038425489648972661e-01	1.038425489648972661e-01	1.038425489648972661e-01	1.038425489648972661e-01	1.038425489648972661e-01	1.777777777777780066e-01	1.038425489648972661e-01	1.038425489648972661e-01	1.038425489648972661e-01	1.038425489648972661e-01	1.038425489648972661e-01	1.038425489648972661e-01	1.038425489648972661e-01	1.038425489648972661e-01	1.038425489648972661e-01	1.038425489648972661e-01	1.038425489648972661e-01	1.038425489648972661e-01	1.038425489648972661e-01	1.603375527426159908e-01	1.038425489648972661e-01	1.038425489648972661e-01	1.542553191489360043e-01	1.491712707182319964e-01	1.038425489648972661e-01	1.038425489648972661e-01	2.000000000000000111e-01	1.038425489648972661e-01	1.038425489648972661e-01	1.038425489648972661e-01	1.038425489648972661e-01	1.038425489648972661e-01	1.038425489648972661e-01	1.038425489648972661e-01	1.038425489648972661e-01	1.038425489648972661e-01	1.902834008097170071e-01	1.038425489648972661e-01	1.038425489648972661e-01	1.038425489648972661e-01	1.038425489648972661e-01	1.038425489648972661e-01	1.038425489648972661e-01	1.038425489648972661e-01	1.038425489648972661e-01	1.038425489648972661e-01	1.000000000000000056e-01	1.038425489648972661e-01	1.038425489648972661e-01	1.038425489648972661e-01	1.038425489648972661e-01	1.901140684410649873e-01	1.038425489648972661e-01	2.159999999999999976e-01	1.038425489648972661e-01	1.748251748251750115e-01	1.038425489648972661e-01	1.038425489648972661e-01	1.038425489648972661e-01	1.851851851851850084e-01	1.038425489648972661e-01	1.038425489648972661e-01	1.038425489648972661e-01	1.038425489648972661e-01	1.441048034934500066e-01	1.038425489648972661e-01	1.556886227544909962e-01	1.149425287356319915e-02	1.038425489648972661e-01	1.038425489648972661e-01	1.038425489648972661e-01	1.052631578947370028e-01	1.038425489648972661e-01	1.641791044776119979e-01	1.038425489648972661e-01	1.234567901234570053e-01	1.038425489648972661e-01	1.038425489648972661e-01	1.038425489648972661e-01	2.329545454545449978e-01	1.038425489648972661e-01	1.038425489648972661e-01	1.038425489648972661e-01	1.602209944751379900e-01	1.038425489648972661e-01	1.038425489648972661e-01	1.038425489648972661e-01	1.038425489648972661e-01	2.335025380710659959e-01	1.038425489648972661e-01	1.038425489648972661e-01	1.038425489648972661e-01	1.690821256038650133e-01	1.038425489648972661e-01	1.689497716894980128e-01	1.038425489648972661e-01	1.038425489648972661e-01	1.038425489648972661e-01	1.038425489648972661e-01	1.674876847290640014e-01	1.038425489648972661e-01	1.038425489648972661e-01	1.038425489648972661e-01	1.038425489648972661e-01	1.038425489648972661e-01	1.038425489648972661e-01	1.038425489648972661e-01	1.038425489648972661e-01	1.481481481481480011e-01	1.038425489648972661e-01
1.038425489648972661e-01	4.476190476190480272e-01	1.038425489648972661e-01	1.038425489648972661e-01	1.038425489648972661e-01	1.000000000000000000e+00	1.038425489648972661e-01	1.038425489648972661e-01	1.038425489648972661e-01	1.038425489648972661e-01	1.038425489648972661e-01	1.038425489648972661e-01	2.048611111111109939e-01	1.038425489648972661e-01	1.813471502590670026e-01	1.038425489648972661e-01	1.038425489648972661e-01	1.038425489648972661e-01	1.038425489648972661e-01	1.620553359683790107e-01	1.818181818181819898e-01	1.038425489648972661e-01	1.038425489648972661e-01	2.084805653710249951e-01	2.971014492753619729e-01	1.038425489648972661e-01	1.304347826086960094e-01	1.038425489648972661e-01	1.038425489648972661e-01	1.038425489648972661e-01	2.602739726027399891e-01	1.038425489648972661e-01	1.038425489648972661e-01	1.782178217821779875e-01	1.038425489648972661e-01	1.038425489648972661e-01	1.038425489648972661e-01	1.553784860557770042e-01	1.693811074918570025e-01	1.038425489648972661e-01	3.515625000000000000e-01	1.038425489648972661e-01	1.038425489648972661e-01	1.038425489648972661e-01	1.038425489648972661e-01	1.038425489648972661e-01	1.038425489648972661e-01	1.038425489648972661e-01	1.314878892733560012e-01	1.038425489648972661e-01	1.038425489648972661e-01	1.038425489648972661e-01	1.494252873563219897e-01	1.038425489648972661e-01	1.038425489648972661e-01	3.033175355450239974e-01	2.230483271375459930e-01	1.038425489648972661e-01	1.038425489648972661e-01	1.038425489648972661e-01	1.038425489648972661e-01	1.038425489648972661e-01	1.038425489648972661e-01	5.028571428571430024e-01	1.038425489648972661e-01	1.038425489648972661e-01	1.038425489648972661e-01	1.038425489648972661e-01	1.038425489648972661e-01	1.312217194570139966e-01	3.090909090909090273e-01	1.038425489648972661e-01	1.038425489648972661e-01	1.038425489648972661e-01	1.038425489648972661e-01	1.038425489648972661e-01	1.749999999999999889e-01	1.038425489648972661e-01	1.038425489648972661e-01	3.598726114649680174e-01	1.038425489648972661e-01	5.917159763313610196e-03	1.038425489648972661e-01	8.563535911602210282e-01	2.751937984496120038e-01	1.038425489648972661e-01	1.541353383458649862e-01	1.038425489648972661e-01	1.038425489648972661e-01	1.038425489648972661e-01	1.038425489648972661e-01	1.038425489648972661e-01	1.038425489648972661e-01	2.355371900826450093e-01	1.716738197424889922e-01	1.038425489648972661e-01	1.038425489648972661e-01	1.038425489648972661e-01	1.038425489648972661e-01	1.038425489648972661e-01	1.038425489648972661e-01	1.038425489648972661e-01	1.038425489648972661e-01	1.038425489648972661e-01	1.038425489648972661e-01	1.428571428571429880e-01	1.038425489648972661e-01	1.038425489648972661e-01	1.038425489648972661e-01	1.038425489648972661e-01	1.038425489648972661e-01	1.038425489648972661e-01	1.038425489648972661e-01	1.038425489648972661e-01	1.038425489648972661e-01	1.947194719471949942e-01	1.038425489648972661e-01	1.038425489648972661e-01	2.137931034482760118e-01	1.038425489648972661e-01	1.038425489648972661e-01	1.038425489648972661e-01	1.865079365079370111e-01	2.295719844357979877e-01
9.042553191489359488e-02	4.966442953020129836e-01	1.038425489648972661e-01	1.403508771929820043e-01	1.038425489648972661e-01	1.038425489648972661e-01	1.000000000000000000e+00	1.038425489648972661e-01	1.038425489648972661e-01	1.038425489648972661e-01	1.038425489648972661e-01	1.038425489648972661e-01	1.038425489648972661e-01	1.697247706422020108e-01	1.038425489648972661e-01	1.038425489648972661e-01	1.038425489648972661e-01	1.038425489648972661e-01	1.038425489648972661e-01	1.966292134831459926e-01	1.153846153846150024e-01	1.038425489648972661e-01	1.038425489648972661e-01	1.038425489648972661e-01	2.149122807017539993e-01	1.038425489648972661e-01	1.038425489648972661e-01	1.131221719457009972e-01	1.038425489648972661e-01	1.038425489648972661e-01	1.038425489648972661e-01	3.644067796610169774e-01	1.038425489648972661e-01	1.038425489648972661e-01	1.038425489648972661e-01	1.038425489648972661e-01	1.038425489648972661e-01	1.058201058201059946e-01	1.038425489648972661e-01	1.038425489648972661e-01	1.038425489648972661e-01	1.038425489648972661e-01	2.299465240641709873e-01	1.038425489648972661e-01	1.038425489648972661e-01	1.038425489648972661e-01	1.038425489648972661e-01	1.038425489648972661e-01	1.038425489648972661e-01	1.038425489648972661e-01	1.038425489648972661e-01	1.038425489648972661e-01	1.038425489648972661e-01	1.038425489648972661e-01	1.038425489648972661e-01	1.038425489648972661e-01	1.038425489648972661e-01	1.038425489648972661e-01	1.038425489648972661e-01	1.637426900584799949e-01	8.928571428571430157e-02	1.038425489648972661e-01	1.038425489648972661e-01	1.038425489648972661e-01	1.038425489648972661e-01	1.335740072202170059e-01	9.389671361502349711e-02	1.038425489648972661e-01	1.038425489648972661e-01	1.418918918918919969e-01	1.974248927038629864e-01	1.038425489648972661e-01	1.038425489648972661e-01	1.038425489648972661e-01	1.038425489648972661e-01	1.038425489648972661e-01	1.038425489648972661e-01	1.188524590163930056e-01	1.239316239316240048e-01	2.055749128919860114e-01	1.038425489648972661e-01	1.038425489648972661e-01	1.038425489648972661e-01	1.038425489648972661e-01	1.376146788990829928e-01	1.038425489648972661e-01	1.038425489648972661e-01	1.038425489648972661e-01	1.038425489648972661e-01	1.038425489648972661e-01	1.038425489648972661e-01	1.038425489648972661e-01	1.038425489648972661e-01	1.038425489648972661e-01	1.038425489648972661e-01	1.507537688442210089e-01	1.038425489648972661e-01	1.038425489648972661e-01	1.038425489648972661e-01	1.038425489648972661e-01	1.038425489648972661e-01	1.038425489648972661e-01	1.038425489648972661e-01	1.244444444444439968e-01	1.038425489648972661e-01	7.174887892376680121e-02	1.038425489648972661e-01	1.038425489648972661e-01	1.038425489648972661e-01	1.150442477876110065e-01	1.038425489648972661e-01	1.074380165289259975e-01	1.038425489648972661e-01	1.038425489648972661e-01	1.038425489648972661e-01	1.708333333333330040e-01	1.038425489648972661e-01	1.055555555555559993e-01	1.038425489648972661e-01	1.038425489648972661e-01	1.038425489648972661e-01	1.038425489648972661e-01	1.038425489648972661e-01	1.038425489648972661e-01
2.079207920792079944e-01	1.038425489648972661e-01	1.038425489648972661e-01	1.038425489648972661e-01	1.038425489648972661e-01	1.038425489648972661e-01	1.038425489648972661e-01	1.000000000000000000e+00	3.105263157894739834e-01	1.038425489648972661e-01	1.038425489648972661e-01	1.038425489648972661e-01	1.038425489648972661e-01	1.038425489648972661e-01	1.038425489648972661e-01	1.336898395721929922e-01	2.255639097744359944e-01	1.038425489648972661e-01	1.990049751243780085e-01	1.038425489648972661e-01	1.038425489648972661e-01	1.038425489648972661e-01	1.038425489648972661e-01	1.038425489648972661e-01	1.038425489648972661e-01	1.038425489648972661e-01	1.038425489648972661e-01	1.038425489648972661e-01	1.038425489648972661e-01	1.038425489648972661e-01	3.146067415730339767e-01	1.038425489648972661e-01	1.438596491228069929e-01	1.038425489648972661e-01	1.038425489648972661e-01	1.038425489648972661e-01	1.038425489648972661e-01	1.038425489648972661e-01	2.053231939163500108e-01	1.038425489648972661e-01	1.038425489648972661e-01	1.038425489648972661e-01	1.038425489648972661e-01	1.038425489648972661e-01	1.038425489648972661e-01	1.649122807017540104e-01	2.639593908629440100e-01	1.969696969696969890e-01	2.127659574468090120e-01	1.038425489648972661e-01	2.057761732851990100e-01	1.038425489648972661e-01	8.965517241379310220e-02	1.038425489648972661e-01	1.038425489648972661e-01	1.038425489648972661e-01	1.038425489648972661e-01	5.847953216374270069e-02	1.038425489648972661e-01	1.900000000000000022e-01	1.038425489648972661e-01	1.038425489648972661e-01	2.137096774193550097e-01	1.038425489648972661e-01	1.375838926174499932e-01	2.299651567944250019e-01	1.038425489648972661e-01	1.851851851851850084e-01	1.038425489648972661e-01	1.038425489648972661e-01	1.038425489648972661e-01	1.038425489648972661e-01	1.038425489648972661e-01	1.038425489648972661e-01	7.359307359307359908e-02	1.038425489648972661e-01	1.038425489648972661e-01	1.038425489648972661e-01	1.038425489648972661e-01	1.038425489648972661e-01	1.038425489648972661e-01	7.874015748031499423e-03	1.038425489648972661e-01	1.038425489648972661e-01	2.532751091703059898e-01	1.038425489648972661e-01	1.038425489648972661e-01	2.137931034482760118e-01	1.038425489648972661e-01	1.038425489648972661e-01	1.038425489648972661e-01	1.038425489648972661e-01	1.038425489648972661e-01	1.038425489648972661e-01	1.038425489648972661e-01	1.038425489648972661e-01	1.038425489648972661e-01	1.038425489648972661e-01	1.038425489648972661e-01	1.038425489648972661e-01	1.038425489648972661e-01	1.038425489648972661e-01	1.038425489648972661e-01	2.066115702479340011e-01	3.128205128205129859e-01	1.038425489648972661e-01	1.038425489648972661e-01	1.038425489648972661e-01	1.038425489648972661e-01	1.038425489648972661e-01	1.038425489648972661e-01	1.038425489648972661e-01	1.038425489648972661e-01	3.066037735849059809e-01	1.038425489648972661e-01	1.038425489648972661e-01	1.038425489648972661e-01	1.038425489648972661e-01	1.832061068702290074e-01	1.038425489648972661e-01	1.038425489648972661e-01	2.865853658536590132e-01	3.597883597883599904e-01	2.568807339449539762e-01
1.038425489648972661e-01	1.038425489648972661e-01	1.038425489648972661e-01	1.038425489648972661e-01	1.038425489648972661e-01	1.038425489648972661e-01	1.038425489648972661e-01	3.105263157894739834e-01	1.000000000000000000e+00	2.051282051282050101e-01	1.038425489648972661e-01	2.360515021459229923e-01	1.038425489648972661e-01	1.038425489648972661e-01	1.038425489648972661e-01	1.038425489648972661e-01	1.038425489648972661e-01	3.229166666666670182e-01	1.038425489648972661e-01	1.038425489648972661e-01	3.084745762711860184e-01	1.038425489648972661e-01	1.038425489648972661e-01	1.038425489648972661e-01	1.038425489648972661e-01	2.314049586776860123e-01	1.038425489648972661e-01	1.038425489648972661e-01	2.390243902439020129e-01	1.038425489648972661e-01	1.038425489648972661e-01	1.038425489648972661e-01	1.038425489648972661e-01	1.038425489648972661e-01	2.524752475247519778e-01	1.038425489648972661e-01	1.038425489648972661e-01	2.931937172774869982e-01	2.845528455284550007e-01	1.038425489648972661e-01	1.038425489648972661e-01	1.038425489648972661e-01	1.038425489648972661e-01	1.038425489648972661e-01	1.038425489648972661e-01	1.038425489648972661e-01	1.038425489648972661e-01	1.038425489648972661e-01	1.038425489648972661e-01	1.038425489648972661e-01	1.892857142857140018e-01	1.038425489648972661e-01	1.056338028169010040e-01	1.038425489648972661e-01	2.336448598130839993e-01	1.038425489648972661e-01	1.038425489648972661e-01	1.038425489648972661e-01	1.038425489648972661e-01	1.849999999999999978e-01	1.038425489648972661e-01	1.038425489648972661e-01	1.038425489648972661e-01	7.843137254901960675e-02	1.038425489648972661e-01	1.038425489648972661e-01	1.038425489648972661e-01	1.038425489648972661e-01	1.038425489648972661e-01	1.828571428571429958e-01	1.038425489648972661e-01	1.038425489648972661e-01	1.038425489648972661e-01	2.554347826086960094e-01	1.038425489648972661e-01	1.038425489648972661e-01	1.038425489648972661e-01	2.007722007722010094e-01	1.038425489648972661e-01	1.038425489648972661e-01	2.005649717514119967e-01	1.038425489648972661e-01	9.704641350210969908e-02	1.038425489648972661e-01	1.038425489648972661e-01	1.038425489648972661e-01	1.038425489648972661e-01	1.038425489648972661e-01	1.038425489648972661e-01	1.038425489648972661e-01	1.038425489648972661e-01	2.827225130890049787e-01	1.038425489648972661e-01	1.038425489648972661e-01	1.038425489648972661e-01	1.038425489648972661e-01	1.038425489648972661e-01	1.038425489648972661e-01	1.038425489648972661e-01	1.038425489648972661e-01	1.038425489648972661e-01	1.038425489648972661e-01	1.370967741935479878e-01	1.038425489648972661e-01	4.010989010989010062e-01	1.038425489648972661e-01	1.038425489648972661e-01	1.038425489648972661e-01	1.038425489648972661e-01	1.038425489648972661e-01	1.038425489648972661e-01	1.038425489648972661e-01	1.038425489648972661e-01	1.038425489648972661e-01	1.038425489648972661e-01	1.038425489648972661e-01	1.038425489648972661e-01	1.038425489648972661e-01	2.023346303501949994e-01	1.038425489648972661e-01	2.113821138211380013e-01	1.038425489648972661e-01	1.038425489648972661e-01	1.038425489648972661e-01
3.317307692307689959e-01	1.389961389961389959e-01	1.038425489648972661e-01	1.038425489648972661e-01	1.038425489648972661e-01	1.038425489648972661e-01	1.038425489648972661e-01	1.038425489648972661e-01	2.051282051282050101e-01	1.000000000000000000e+00	1.038425489648972661e-01	1.038425489648972661e-01	1.943462897526500033e-01	2.976190476190480050e-01	1.038425489648972661e-01	1.038425489648972661e-01	1.038425489648972661e-01	1.038425489648972661e-01	1.038425489648972661e-01	1.038425489648972661e-01	1.038425489648972661e-01	1.038425489648972661e-01	1.038425489648972661e-01	3.817427385892119829e-01	1.038425489648972661e-01	1.038425489648972661e-01	1.038425489648972661e-01	1.038425489648972661e-01	1.038425489648972661e-01	1.038425489648972661e-01	1.038425489648972661e-01	7.373271889400920265e-02	1.038425489648972661e-01	1.038425489648972661e-01	1.958333333333329984e-01	1.038425489648972661e-01	2.831858407079649864e-01	1.856540084388189904e-01	2.867647058823529771e-01	1.038425489648972661e-01	1.346801346801350108e-01	1.038425489648972661e-01	1.396226415094339868e-01	1.038425489648972661e-01	1.038425489648972661e-01	1.038425489648972661e-01	1.038425489648972661e-01	1.038425489648972661e-01	1.038425489648972661e-01	1.038425489648972661e-01	1.993464052287579891e-01	3.195488721804510268e-01	1.038425489648972661e-01	2.587719298245609867e-01	1.038425489648972661e-01	1.038425489648972661e-01	1.038425489648972661e-01	1.038425489648972661e-01	1.545454545454550133e-01	1.038425489648972661e-01	1.022727272727270015e-01	1.038425489648972661e-01	1.038425489648972661e-01	8.547008547008549950e-02	1.038425489648972661e-01	4.191176470588239833e-01	1.960784313725489891e-01	1.038425489648972661e-01	1.038425489648972661e-01	1.038425489648972661e-01	1.038425489648972661e-01	1.038425489648972661e-01	1.038425489648972661e-01	1.038425489648972661e-01	1.150793650793650036e-01	1.038425489648972661e-01	1.038425489648972661e-01	1.038425489648972661e-01	1.551724137931030090e-01	1.038425489648972661e-01	1.799485861182520130e-01	6.250000000000000347e-03	1.484375000000000000e-01	1.038425489648972661e-01	1.038425489648972661e-01	6.989247311827960496e-02	1.038425489648972661e-01	1.038425489648972661e-01	1.038425489648972661e-01	1.038425489648972661e-01	1.038425489648972661e-01	1.923076923076920131e-01	1.038425489648972661e-01	1.038425489648972661e-01	1.038425489648972661e-01	1.038425489648972661e-01	1.038425489648972661e-01	1.038425489648972661e-01	1.038425489648972661e-01	1.352313167259789894e-01	1.038425489648972661e-01	1.038425489648972661e-01	1.747211895910779911e-01	1.038425489648972661e-01	1.038425489648972661e-01	1.038425489648972661e-01	1.038425489648972661e-01	1.038425489648972661e-01	1.038425489648972661e-01	1.038425489648972661e-01	1.038425489648972661e-01	1.038425489648972661e-01	1.038425489648972661e-01	3.716814159292040065e-01	1.814814814814809940e-01	1.038425489648972661e-01	2.953736654804269834e-01	1.038425489648972661e-01	1.038425489648972661e-01	1.038425489648972661e-01	1.038425489648972661e-01	1.038425489648972661e-01	2.719298245614040210e-01	1.038425489648972661e-01
1.038425489648972661e-01	1.038425489648972661e-01	1.038425489648972661e-01	1.038425489648972661e-01	1.038425489648972661e-01	1.038425489648972661e-01	1.038425489648972661e-01	1.038425489648972661e-01	1.038425489648972661e-01	1.038425489648972661e-01	1.000000000000000000e+00	1.038425489648972661e-01	2.368421052631579926e-01	1.038425489648972661e-01	1.038425489648972661e-01	1.038425489648972661e-01	1.038425489648972661e-01	1.038425489648972661e-01	1.038425489648972661e-01	1.038425489648972661e-01	1.038425489648972661e-01	1.038425489648972661e-01	1.038425489648972661e-01	3.333333333333329818e-01	1.038425489648972661e-01	1.038425489648972661e-01	2.804232804232800191e-01	3.261802575107299873e-01	1.038425489648972661e-01	1.038425489648972661e-01	1.038425489648972661e-01	1.038425489648972661e-01	1.038425489648972661e-01	1.649484536082470032e-01	1.038425489648972661e-01	1.038425489648972661e-01	2.600896860986550152e-01	1.038425489648972661e-01	1.038425489648972661e-01	1.038425489648972661e-01	1.038425489648972661e-01	1.038425489648972661e-01	1.038425489648972661e-01	1.038425489648972661e-01	1.038425489648972661e-01	1.946308724832210013e-01	1.038425489648972661e-01	1.038425489648972661e-01	1.038425489648972661e-01	1.038425489648972661e-01	1.973244147157189876e-01	3.517786561264820144e-01	1.030303030303029999e-01	2.870370370370369795e-01	1.038425489648972661e-01	1.038425489648972661e-01	1.038425489648972661e-01	1.038425489648972661e-01	1.038425489648972661e-01	2.186046511627910138e-01	5.714285714285709944e-02	1.038425489648972661e-01	4.908256880733939953e-01	1.038425489648972661e-01	1.038425489648972661e-01	1.038425489648972661e-01	3.155555555555559777e-01	1.038425489648972661e-01	2.038369304556360007e-01	1.038425489648972661e-01	1.038425489648972661e-01	1.038425489648972661e-01	1.038425489648972661e-01	2.610837438423649903e-01	1.038425489648972661e-01	1.038425489648972661e-01	1.038425489648972661e-01	1.038425489648972661e-01	1.038425489648972661e-01	1.038425489648972661e-01	2.064343163538870096e-01	1.038425489648972661e-01	1.038425489648972661e-01	1.691176470588240111e-01	1.038425489648972661e-01	1.038425489648972661e-01	2.403433476394850055e-01	1.038425489648972661e-01	1.038425489648972661e-01	1.038425489648972661e-01	1.479999999999999927e-01	1.038425489648972661e-01	1.102661596958170037e-01	2.270742358078599865e-01	1.038425489648972661e-01	2.372881355932200120e-01	1.038425489648972661e-01	1.038425489648972661e-01	1.038425489648972661e-01	1.038425489648972661e-01	4.485981308411209900e-01	1.038425489648972661e-01	1.038425489648972661e-01	1.038425489648972661e-01	1.038425489648972661e-01	1.038425489648972661e-01	1.038425489648972661e-01	1.038425489648972661e-01	1.038425489648972661e-01	1.038425489648972661e-01	1.038425489648972661e-01	1.779359430604980086e-01	3.537117903930129814e-01	3.744292237442919946e-01	2.399999999999999911e-01	1.038425489648972661e-01	1.038425489648972661e-01	1.038425489648972661e-01	1.038425489648972661e-01	1.038425489648972661e-01	1.038425489648972661e-01	2.566844919786099855e-01	2.433628318584070138e-01	1.038425489648972661e-01
1.038425489648972661e-01	1.038425489648972661e-01	1.038425489648972661e-01	1.038425489648972661e-01	1.038425489648972661e-01	1.038425489648972661e-01	1.038425489648972661e-01	1.038425489648972661e-01	2.360515021459229923e-01	1.038425489648972661e-01	1.038425489648972661e-01	1.000000000000000000e+00	2.241992882562280076e-01	1.038425489648972661e-01	1.038425489648972661e-01	1.038425489648972661e-01	1.038425489648972661e-01	1.038425489648972661e-01	3.145539906103290151e-01	1.038425489648972661e-01	1.038425489648972661e-01	1.038425489648972661e-01	1.038425489648972661e-01	1.038425489648972661e-01	1.038425489648972661e-01	1.038425489648972661e-01	1.038425489648972661e-01	1.038425489648972661e-01	1.038425489648972661e-01	2.088607594936709999e-01	1.038425489648972661e-01	1.038425489648972661e-01	1.038425489648972661e-01	1.038425489648972661e-01	1.719999999999999862e-01	1.038425489648972661e-01	2.925764192139739817e-01	1.038425489648972661e-01	1.038425489648972661e-01	1.038425489648972661e-01	1.038425489648972661e-01	1.038425489648972661e-01	1.407407407407409994e-01	1.631944444444440034e-01	1.038425489648972661e-01	1.740506329113920003e-01	1.038425489648972661e-01	1.038425489648972661e-01	1.038425489648972661e-01	1.038425489648972661e-01	1.038425489648972661e-01	3.076923076923079869e-01	1.038425489648972661e-01	2.157676348547719891e-01	1.038425489648972661e-01	1.239669421487600010e-01	1.038425489648972661e-01	1.038425489648972661e-01	1.038425489648972661e-01	1.038425489648972661e-01	1.038425489648972661e-01	1.574468085106379978e-01	1.038425489648972661e-01	1.038425489648972661e-01	1.559633027522940030e-01	1.038425489648972661e-01	1.780303030303030110e-01	1.038425489648972661e-01	1.038425489648972661e-01	1.818181818181819898e-01	1.038425489648972661e-01	1.038425489648972661e-01	3.721973094170399898e-01	1.291666666666670127e-01	1.038425489648972661e-01	1.038425489648972661e-01	1.038425489648972661e-01	1.038425489648972661e-01	1.038425489648972661e-01	1.584699453551909887e-01	1.038425489648972661e-01	1.212121212121210038e-02	1.406844106463880084e-01	1.038425489648972661e-01	1.038425489648972661e-01	1.038425489648972661e-01	3.881278538812790169e-01	1.038425489648972661e-01	1.038425489648972661e-01	1.038425489648972661e-01	2.742616033755270188e-01	1.974789915966390086e-01	1.038425489648972661e-01	1.038425489648972661e-01	1.842105263157889916e-01	1.038425489648972661e-01	1.038425489648972661e-01	1.038425489648972661e-01	1.565836298932380133e-01	1.038425489648972661e-01	1.038425489648972661e-01	1.038425489648972661e-01	1.038425489648972661e-01	1.038425489648972661e-01	1.038425489648972661e-01	1.038425489648972661e-01	1.038425489648972661e-01	1.038425489648972661e-01	1.038425489648972661e-01	2.741312741312740275e-01	1.038425489648972661e-01	1.038425489648972661e-01	1.038425489648972661e-01	3.982300884955750075e-01	1.038425489648972661e-01	1.038425489648972661e-01	1.038425489648972661e-01	1.541666666666670071e-01	1.038425489648972661e-01	1.038425489648972661e-01	1.038425489648972661e-01	2.315270935960589971e-01	2.813852813852810164e-01	1.038425489648972661e-01
