1.000000000000000000e+00	1.213389121338910026e-01	1.119639549438721515e-01	1.666666666666669905e-01	1.119639549438721515e-01	1.119639549438721515e-01	1.119639549438721515e-01	1.119639549438721515e-01	1.119639549438721515e-01	1.119639549438721515e-01	1.119639549438721515e-01	1.119639549438721515e-01	1.119639549438721515e-01	4.726368159203980235e-01	1.119639549438721515e-01	1.119639549438721515e-01	1.119639549438721515e-01	1.119639549438721515e-01	1.119639549438721515e-01	1.119639549438721515e-01	1.119639549438721515e-01	1.119639549438721515e-01	1.119639549438721515e-01	1.119639549438721515e-01	1.119639549438721515e-01	1.119639549438721515e-01	1.119639549438721515e-01	1.119639549438721515e-01	1.119639549438721515e-01	1.119639549438721515e-01	1.119639549438721515e-01	1.119639549438721515e-01	2.934362934362930164e-01	1.119639549438721515e-01	1.119639549438721515e-01	1.119639549438721515e-01	1.119639549438721515e-01	1.119639549438721515e-01	1.119639549438721515e-01	1.119639549438721515e-01	2.015503875968990000e-01	1.119639549438721515e-01	1.119639549438721515e-01	1.119639549438721515e-01	1.119639549438721515e-01	1.119639549438721515e-01	1.119639549438721515e-01	1.119639549438721515e-01	2.372881355932200120e-01	1.119639549438721515e-01	1.758620689655170100e-01	3.067729083665339807e-01	1.119639549438721515e-01	1.119639549438721515e-01	1.119639549438721515e-01	1.119639549438721515e-01	1.119639549438721515e-01	1.119639549438721515e-01	1.119639549438721515e-01	1.119639549438721515e-01	1.702127659574469987e-01	2.343750000000000000e-01	1.119639549438721515e-01	1.119639549438721515e-01	1.119639549438721515e-01	2.620689655172410149e-01	1.119639549438721515e-01	1.119639549438721515e-01	1.119639549438721515e-01	1.119639549438721515e-01	1.119639549438721515e-01	1.119639549438721515e-01	1.119639549438721515e-01	1.119639549438721515e-01	1.119639549438721515e-01	1.119639549438721515e-01	1.119639549438721515e-01	1.119639549438721515e-01	1.870229007633590068e-01	1.119639549438721515e-01	1.119639549438721515e-01	8.000000000000000167e-03	1.119639549438721515e-01	1.119639549438721515e-01	1.119639549438721515e-01	1.119639549438721515e-01	1.119639549438721515e-01	1.749174917491750081e-01	1.119639549438721515e-01	1.119639549438721515e-01	1.119639549438721515e-01	1.119639549438721515e-01	1.119639549438721515e-01	1.119639549438721515e-01	1.119639549438721515e-01	1.119639549438721515e-01	1.119639549438721515e-01	1.972477064220179988e-01	1.119639549438721515e-01	1.119639549438721515e-01	1.119639549438721515e-01	1.119639549438721515e-01	1.119639549438721515e-01	1.119639549438721515e-01	1.119639549438721515e-01	2.077922077922080002e-01	1.119639549438721515e-01	1.119639549438721515e-01	3.017241379310339755e-01	1.119639549438721515e-01	1.119639549438721515e-01	1.119639549438721515e-01	1.119639549438721515e-01	1.119639549438721515e-01	1.119639549438721515e-01	1.119639549438721515e-01	2.895752895752899958e-01	1.119639549438721515e-01	1.793893129770990080e-01	1.119639549438721515e-01	1.119639549438721515e-01	1.119639549438721515e-01	1.119639549438721515e-01	1.119639549438721515e-01
1.213389121338910026e-01	1.000000000000000000e+00	1.119639549438721515e-01	1.119639549438721515e-01	1.119639549438721515e-01	1.119639549438721515e-01	1.119639549438721515e-01	1.119639549438721515e-01	1.119639549438721515e-01	1.119639549438721515e-01	1.119639549438721515e-01	1.119639549438721515e-01	1.119639549438721515e-01	1.119639549438721515e-01	1.351351351351350039e-01	1.119639549438721515e-01	1.521035598705499925e-01	1.400000000000000133e-01	1.119639549438721515e-01	1.119639549438721515e-01	1.119639549438721515e-01	1.119639549438721515e-01	1.119639549438721515e-01	2.086330935251800023e-01	1.119639549438721515e-01	1.119639549438721515e-01	1.119639549438721515e-01	1.119639549438721515e-01	1.769547325102880098e-01	1.442006269592480128e-01	1.119639549438721515e-01	1.119639549438721515e-01	1.333333333333329984e-01	1.119639549438721515e-01	1.119639549438721515e-01	1.119639549438721515e-01	1.119639549438721515e-01	1.440677966101689966e-01	1.119639549438721515e-01	1.119639549438721515e-01	2.388059701492540043e-01	1.119639549438721515e-01	2.291666666666669905e-01	4.067796610169490124e-01	3.028571428571429913e-01	1.119639549438721515e-01	1.119639549438721515e-01	1.119639549438721515e-01	1.119639549438721515e-01	1.119639549438721515e-01	1.119639549438721515e-01	1.119639549438721515e-01	2.534246575342469776e-01	1.119639549438721515e-01	1.119639549438721515e-01	1.119639549438721515e-01	1.119639549438721515e-01	1.119639549438721515e-01	1.119639549438721515e-01	2.476190476190479883e-01	1.119639549438721515e-01	1.119639549438721515e-01	1.119639549438721515e-01	4.464285714285710083e-01	1.119639549438721515e-01	1.119639549438721515e-01	1.119639549438721515e-01	1.119639549438721515e-01	2.652068126520680247e-01	1.119639549438721515e-01	1.119639549438721515e-01	5.113636363636360205e-01	1.132075471698110042e-01	1.119639549438721515e-01	1.119639549438721515e-01	1.119639549438721515e-01	1.119639549438721515e-01	1.119639549438721515e-01	1.119639549438721515e-01	1.119639549438721515e-01	1.119639549438721515e-01	1.369863013698630061e-02	1.119639549438721515e-01	1.119639549438721515e-01	1.119639549438721515e-01	2.550335570469799973e-01	2.166666666666670071e-01	1.119639549438721515e-01	1.119639549438721515e-01	1.486486486486489900e-01	1.119639549438721515e-01	1.119639549438721515e-01	1.119639549438721515e-01	1.119639549438721515e-01	1.119639549438721515e-01	1.119639549438721515e-01	1.119639549438721515e-01	1.119639549438721515e-01	1.119639549438721515e-01	1.119639549438721515e-01	1.119639549438721515e-01	1.119639549438721515e-01	1.119639549438721515e-01	1.119639549438721515e-01	1.119639549438721515e-01	1.119639549438721515e-01	1.119639549438721515e-01	2.239382239382239903e-01	1.119639549438721515e-01	1.119639549438721515e-01	1.119639549438721515e-01	1.119639549438721515e-01	1.647940074906369956e-01	1.119639549438721515e-01	1.521739130434779930e-01	1.119639549438721515e-01	1.119639549438721515e-01	1.119639549438721515e-01	1.119639549438721515e-01	1.474820143884890133e-01	1.119639549438721515e-01	1.119639549438721515e-01	1.119639549438721515e-01	1.673151750972760032e-01
1.119639549438721515e-01	1.119639549438721515e-01	1.000000000000000000e+00	1.119639549438721515e-01	1.119639549438721515e-01	2.214765100671139963e-01	1.119639549438721515e-01	1.119639549438721515e-01	2.442748091603050009e-01	1.119639549438721515e-01	1.119639549438721515e-01	1.119639549438721515e-01	2.818791946308720209e-01	1.119639549438721515e-01	1.797235023041469926e-01	1.119639549438721515e-01	1.119639549438721515e-01	1.119639549438721515e-01	2.440944881889759999e-01	1.119639549438721515e-01	1.119639549438721515e-01	1.119639549438721515e-01	1.119639549438721515e-01	1.119639549438721515e-01	1.119639549438721515e-01	1.119639549438721515e-01	1.862348178137649968e-01	1.119639549438721515e-01	1.119639549438721515e-01	1.119639549438721515e-01	2.716049382716049787e-01	1.119639549438721515e-01	2.065868263473049915e-01	1.119639549438721515e-01	1.119639549438721515e-01	1.119639549438721515e-01	2.086330935251800023e-01	1.119639549438721515e-01	1.119639549438721515e-01	1.119639549438721515e-01	1.119639549438721515e-01	1.119639549438721515e-01	1.119639549438721515e-01	1.775700934579440005e-01	1.119639549438721515e-01	1.119639549438721515e-01	1.119639549438721515e-01	1.119639549438721515e-01	2.500000000000000000e-01	1.119639549438721515e-01	2.356495468277949867e-01	1.119639549438721515e-01	1.119639549438721515e-01	1.119639549438721515e-01	1.119639549438721515e-01	1.904761904761899938e-01	1.119639549438721515e-01	1.119639549438721515e-01	1.119639549438721515e-01	2.173913043478259977e-01	1.119639549438721515e-01	1.119639549438721515e-01	1.119639549438721515e-01	1.119639549438721515e-01	1.119639549438721515e-01	1.119639549438721515e-01	1.119639549438721515e-01	1.119639549438721515e-01	2.719101123595509817e-01	1.119639549438721515e-01	2.783171521035600060e-01	1.119639549438721515e-01	1.119639549438721515e-01	1.119639549438721515e-01	1.119639549438721515e-01	1.119639549438721515e-01	1.119639549438721515e-01	2.604501607717040201e-01	1.119639549438721515e-01	1.119639549438721515e-01	2.917771883289119739e-01	5.181347150259070153e-03	1.533101045296169918e-01	1.119639549438721515e-01	2.978723404255320117e-01	1.119639549438721515e-01	1.119639549438721515e-01	1.119639549438721515e-01	1.119639549438721515e-01	1.119639549438721515e-01	1.119639549438721515e-01	2.192307692307690070e-01	1.119639549438721515e-01	1.119639549438721515e-01	1.119639549438721515e-01	1.119639549438721515e-01	1.119639549438721515e-01	1.119639549438721515e-01	2.666666666666669960e-01	1.119639549438721515e-01	1.119639549438721515e-01	1.119639549438721515e-01	1.119639549438721515e-01	1.119639549438721515e-01	1.119639549438721515e-01	1.119639549438721515e-01	1.119639549438721515e-01	1.119639549438721515e-01	1.119639549438721515e-01	1.119639549438721515e-01	1.119639549438721515e-01	1.119639549438721515e-01	1.119639549438721515e-01	2.629629629629630094e-01	1.119639549438721515e-01	1.119639549438721515e-01	1.119639549438721515e-01	1.119639549438721515e-01	2.320261437908499869e-01	1.119639549438721515e-01	1.119639549438721515e-01	1.119639549438721515e-01	2.648221343873520262e-01	3.515625000000000000e-01
1.666666666666669905e-01	1.119639549438721515e-01	1.119639549438721515e-01	1.000000000000000000e+00	2.028985507246379993e-01	1.119639549438721515e-01	1.119639549438721515e-01	2.450331125827809875e-01	1.119639549438721515e-01	1.119639549438721515e-01	2.993421052631580204e-01	1.119639549438721515e-01	1.119639549438721515e-01	1.119639549438721515e-01	1.119639549438721515e-01	2.014388489208630006e-01	2.914285714285709816e-01	1.119639549438721515e-01	1.119639549438721515e-01	1.119639549438721515e-01	1.119639549438721515e-01	1.119639549438721515e-01	1.119639549438721515e-01	1.119639549438721515e-01	1.119639549438721515e-01	2.727272727272729846e-01	1.119639549438721515e-01	1.119639549438721515e-01	1.119639549438721515e-01	1.119639549438721515e-01	2.465277777777780122e-01	1.119639549438721515e-01	2.410958904109589962e-01	1.119639549438721515e-01	1.119639549438721515e-01	2.314540059347179879e-01	2.176656151419560092e-01	1.119639549438721515e-01	1.119639549438721515e-01	2.388451443569550026e-01	1.119639549438721515e-01	1.899109792284869869e-01	1.119639549438721515e-01	1.119639549438721515e-01	3.562653562653559924e-01	1.119639549438721515e-01	1.119639549438721515e-01	1.119639549438721515e-01	1.119639549438721515e-01	2.960725075528700123e-01	2.506811989100820037e-01	1.119639549438721515e-01	7.722007722007720454e-02	1.119639549438721515e-01	1.119639549438721515e-01	1.904761904761899938e-01	1.119639549438721515e-01	1.119639549438721515e-01	1.119639549438721515e-01	2.135593220338979914e-01	1.119639549438721515e-01	1.119639549438721515e-01	2.702702702702700077e-01	1.119639549438721515e-01	2.845070422535210253e-01	1.119639549438721515e-01	1.119639549438721515e-01	1.119639549438721515e-01	2.914046121593290017e-01	1.119639549438721515e-01	1.119639549438721515e-01	1.277258566978189958e-01	1.119639549438721515e-01	1.119639549438721515e-01	1.119639549438721515e-01	1.119639549438721515e-01	1.119639549438721515e-01	1.119639549438721515e-01	1.119639549438721515e-01	1.119639549438721515e-01	3.194103194103189991e-01	1.119639549438721515e-01	1.119639549438721515e-01	2.287390029325510055e-01	1.119639549438721515e-01	1.119639549438721515e-01	2.124999999999999944e-01	1.119639549438721515e-01	1.119639549438721515e-01	1.119639549438721515e-01	1.119639549438721515e-01	1.119639549438721515e-01	1.119639549438721515e-01	1.119639549438721515e-01	1.119639549438721515e-01	1.119639549438721515e-01	1.119639549438721515e-01	1.119639549438721515e-01	1.119639549438721515e-01	1.119639549438721515e-01	1.119639549438721515e-01	3.464285714285709750e-01	1.119639549438721515e-01	1.119639549438721515e-01	3.333333333333329818e-01	1.119639549438721515e-01	2.477611940298510007e-01	1.119639549438721515e-01	1.119639549438721515e-01	1.119639549438721515e-01	2.992957746478869807e-01	1.119639549438721515e-01	1.119639549438721515e-01	1.119639549438721515e-01	1.119639549438721515e-01	1.119639549438721515e-01	1.119639549438721515e-01	1.119639549438721515e-01	2.558823529411760056e-01	2.351190476190480050e-01	1.119639549438721515e-01	1.119639549438721515e-01	1.119639549438721515e-01	1.119639549438721515e-01
1.119639549438721515e-01	1.119639549438721515e-01	1.119639549438721515e-01	2.028985507246379993e-01	1.000000000000000000e+00	1.119639549438721515e-01	1.119639549438721515e-01	1.119639549438721515e-01	1.472081218274109982e-01	1.119639549438721515e-01	1.666666666666669905e-01	1.119639549438721515e-01	1.119639549438721515e-01	1.119639549438721515e-01	1.119639549438721515e-01	9.784946236559139976e-01	1.119639549438721515e-01	1.666666666666669905e-01	1.119639549438721515e-01	1.794871794871789883e-01	1.119639549438721515e-01	2.065727699530519879e-01	1.119639549438721515e-01	1.119639549438721515e-01	1.924686192468620105e-01	1.119639549438721515e-01	1.119639549438721515e-01	1.119639549438721515e-01	1.119639549438721515e-01	1.119639549438721515e-01	3.397435897435899799e-01	1.119639549438721515e-01	1.119639549438721515e-01	1.877551020408159965e-01	1.119639549438721515e-01	1.119639549438721515e-01	1.625615763546799930e-01	1.119639549438721515e-01	1.119639549438721515e-01	1.119639549438721515e-01	1.982758620689659967e-01	1.119639549438721515e-01	1.119639549438721515e-01	1.119639549438721515e-01	1.652173913043480102e-01	1.119639549438721515e-01	1.119639549438721515e-01	1.119639549438721515e-01	1.119639549438721515e-01	1.119639549438721515e-01	1.119639549438721515e-01	1.119639549438721515e-01	1.119639549438721515e-01	1.119639549438721515e-01	1.119639549438721515e-01	1.119639549438721515e-01	1.119639549438721515e-01	1.119639549438721515e-01	1.294117647058820042e-01	1.119639549438721515e-01	1.119639549438721515e-01	1.119639549438721515e-01	1.234567901234570053e-01	1.119639549438721515e-01	1.119639549438721515e-01	1.886120996441280062e-01	1.502347417840380062e-01	1.119639549438721515e-01	1.767676767676769900e-01	1.836734693877550006e-01	1.119639549438721515e-01	1.119639549438721515e-01	1.261682242990649905e-01	1.904761904761899938e-01	1.119639549438721515e-01	1.119639549438721515e-01	1.119639549438721515e-01	1.119639549438721515e-01	1.119639549438721515e-01	1.119639549438721515e-01	1.119639549438721515e-01	1.119639549438721515e-01	1.119639549438721515e-01	2.932692307692310041e-01	1.119639549438721515e-01	1.119639549438721515e-01	1.119639549438721515e-01	1.119639549438721515e-01	1.119639549438721515e-01	1.119639549438721515e-01	1.119639549438721515e-01	1.119639549438721515e-01	2.410256410256410020e-01	1.119639549438721515e-01	2.048192771084340058e-01	1.119639549438721515e-01	1.119639549438721515e-01	1.119639549438721515e-01	1.119639549438721515e-01	2.524271844660189723e-01	1.119639549438721515e-01	1.522842639593909864e-01	1.119639549438721515e-01	1.119639549438721515e-01	1.649484536082470032e-01	1.278538812785390000e-01	1.119639549438721515e-01	1.119639549438721515e-01	1.440677966101689966e-01	1.119639549438721515e-01	1.967213114754099990e-01	1.119639549438721515e-01	1.119639549438721515e-01	1.119639549438721515e-01	1.528384279475979990e-01	1.119639549438721515e-01	1.119639549438721515e-01	1.119639549438721515e-01	1.119639549438721515e-01	1.119639549438721515e-01	2.177777777777779866e-01	1.119639549438721515e-01	1.119639549438721515e-01	1.119639549438721515e-01
1.119639549438721515e-01	1.119639549438721515e-01	2.214765100671139963e-01	1.119639549438721515e-01	1.119639549438721515e-01	1.000000000000000000e+00	1.119639549438721515e-01	2.419354838709679989e-01	1.119639549438721515e-01	1.119639549438721515e-01	1.978021978021979876e-01	1.119639549438721515e-01	2.013201320132010086e-01	1.119639549438721515e-01	1.119639549438721515e-01	1.119639549438721515e-01	1.815384615384620093e-01	1.119639549438721515e-01	1.119639549438721515e-01	1.954022988505750014e-01	2.294617563739380084e-01	1.119639549438721515e-01	1.119639549438721515e-01	1.119639549438721515e-01	2.482993197278909880e-01	1.119639549438721515e-01	1.119639549438721515e-01	1.119639549438721515e-01	1.119639549438721515e-01	1.119639549438721515e-01	1.119639549438721515e-01	1.119639549438721515e-01	1.737804878048780088e-01	1.119639549438721515e-01	1.119639549438721515e-01	2.175438596491230114e-01	1.119639549438721515e-01	1.119639549438721515e-01	2.175324675324679935e-01	1.119639549438721515e-01	1.119639549438721515e-01	3.817427385892119829e-01	1.119639549438721515e-01	1.119639549438721515e-01	1.119639549438721515e-01	1.119639549438721515e-01	2.079999999999999905e-01	3.405797101449279940e-01	1.593220338983049877e-01	1.119639549438721515e-01	1.119639549438721515e-01	1.886792452830189926e-01	1.119639549438721515e-01	1.119639549438721515e-01	1.119639549438721515e-01	2.818181818181820231e-01	1.119639549438721515e-01	2.052631578947370083e-01	1.119639549438721515e-01	1.119639549438721515e-01	1.119639549438721515e-01	1.119639549438721515e-01	1.119639549438721515e-01	1.119639549438721515e-01	1.119639549438721515e-01	1.818181818181819898e-01	1.119639549438721515e-01	1.119639549438721515e-01	2.863849765258220104e-01	1.119639549438721515e-01	1.119639549438721515e-01	1.119639549438721515e-01	1.413427561837460045e-01	1.119639549438721515e-01	1.119639549438721515e-01	1.119639549438721515e-01	2.000000000000000111e-01	1.119639549438721515e-01	1.119639549438721515e-01	3.680981595092019942e-01	1.119639549438721515e-01	1.119639549438721515e-01	1.119639549438721515e-01	8.473684210526319927e-01	1.119639549438721515e-01	1.119639549438721515e-01	1.119639549438721515e-01	2.608695652173910196e-01	1.119639549438721515e-01	1.119639549438721515e-01	1.119639549438721515e-01	1.119639549438721515e-01	4.727272727272729957e-01	1.119639549438721515e-01	1.119639549438721515e-01	2.089552238805970075e-01	1.119639549438721515e-01	1.119639549438721515e-01	1.119639549438721515e-01	1.119639549438721515e-01	1.119639549438721515e-01	1.119639549438721515e-01	2.258064516129029975e-01	1.119639549438721515e-01	1.119639549438721515e-01	1.708185053380779916e-01	1.119639549438721515e-01	1.119639549438721515e-01	2.013651877133109946e-01	1.119639549438721515e-01	2.489626556016600045e-01	1.119639549438721515e-01	1.119639549438721515e-01	2.666666666666669960e-01	2.055749128919860114e-01	1.968253968253969866e-01	1.119639549438721515e-01	1.910569105691060088e-01	2.508710801393729817e-01	1.119639549438721515e-01	1.119639549438721515e-01	1.119639549438721515e-01	1.119639549438721515e-01	1.119639549438721515e-01
1.119639549438721515e-01	1.119639549438721515e-01	1.119639549438721515e-01	1.119639549438721515e-01	1.119639549438721515e-01	1.119639549438721515e-01	1.000000000000000000e+00	1.119639549438721515e-01	1.159420289855069980e-01	1.392405063291139999e-01	1.119639549438721515e-01	1.551724137931030090e-01	1.119639549438721515e-01	2.117117117117119918e-01	1.119639549438721515e-01	1.119639549438721515e-01	1.119639549438721515e-01	1.119639549438721515e-01	1.450777202072540129e-01	1.119639549438721515e-01	1.119639549438721515e-01	1.541850220264320004e-01	1.119639549438721515e-01	1.119639549438721515e-01	1.119639549438721515e-01	1.554621848739499990e-01	1.119639549438721515e-01	1.119639549438721515e-01	1.119639549438721515e-01	1.119639549438721515e-01	1.119639549438721515e-01	1.119639549438721515e-01	1.119639549438721515e-01	1.119639549438721515e-01	1.600000000000000033e-01	1.489361702127660059e-01	1.531100478468900017e-01	1.119639549438721515e-01	1.119639549438721515e-01	1.119639549438721515e-01	1.940928270042190096e-01	1.797235023041469926e-01	1.119639549438721515e-01	1.119639549438721515e-01	1.119639549438721515e-01	1.119639549438721515e-01	1.479591836734689969e-01	1.119639549438721515e-01	1.119639549438721515e-01	1.119639549438721515e-01	2.123552123552119864e-01	1.119639549438721515e-01	1.119639549438721515e-01	1.119639549438721515e-01	1.578947368421050046e-01	1.119639549438721515e-01	1.119639549438721515e-01	1.119639549438721515e-01	1.119639549438721515e-01	1.119639549438721515e-01	1.119639549438721515e-01	1.119639549438721515e-01	1.119639549438721515e-01	1.119639549438721515e-01	1.119639549438721515e-01	1.375838926174499932e-01	1.119639549438721515e-01	1.119639549438721515e-01	1.745635910224440090e-01	1.623376623376620032e-01	1.119639549438721515e-01	1.119639549438721515e-01	1.119639549438721515e-01	1.119639549438721515e-01	1.119639549438721515e-01	1.604938271604940125e-01	1.119639549438721515e-01	1.119639549438721515e-01	1.269841269841270048e-01	1.119639549438721515e-01	1.119639549438721515e-01	1.119639549438721515e-01	2.291666666666669905e-01	1.119639549438721515e-01	1.782608695652170006e-01	2.432432432432430069e-01	1.119639549438721515e-01	2.415094339622639863e-01	1.119639549438721515e-01	1.119639549438721515e-01	1.401869158878500110e-01	1.269035532994919890e-01	4.969696969696970057e-01	1.119639549438721515e-01	1.119639549438721515e-01	1.990291262135920058e-01	1.119639549438721515e-01	1.584158415841580014e-01	1.119639549438721515e-01	3.150000000000000022e-01	1.025641025641030046e-01	1.119639549438721515e-01	1.119639549438721515e-01	1.119639549438721515e-01	1.119639549438721515e-01	1.004366812227070055e-01	1.119639549438721515e-01	1.119639549438721515e-01	1.119639549438721515e-01	1.119639549438721515e-01	1.119639549438721515e-01	1.119639549438721515e-01	1.696428571428570120e-01	1.119639549438721515e-01	1.119639549438721515e-01	1.119639549438721515e-01	1.119639549438721515e-01	1.134020618556700055e-01	1.119639549438721515e-01	1.119639549438721515e-01	1.119639549438721515e-01	1.119639549438721515e-01	1.119639549438721515e-01	1.119639549438721515e-01
1.119639549438721515e-01	1.119639549438721515e-01	1.119639549438721515e-01	2.450331125827809875e-01	1.119639549438721515e-01	2.419354838709679989e-01	1.119639549438721515e-01	1.000000000000000000e+00	1.119639549438721515e-01	2.560975609756099836e-01	1.119639549438721515e-01	1.119639549438721515e-01	1.119639549438721515e-01	1.119639549438721515e-01	1.119639549438721515e-01	1.632653061224489943e-01	2.357142857142859871e-01	2.790697674418600172e-01	1.981566820276499941e-01	2.568807339449539762e-01	1.119639549438721515e-01	2.438016528925620041e-01	1.119639549438721515e-01	1.119639549438721515e-01	1.119639549438721515e-01	1.119639549438721515e-01	1.732673267326730049e-01	2.987012987012990228e-01	1.119639549438721515e-01	1.119639549438721515e-01	1.119639549438721515e-01	1.119639549438721515e-01	1.119639549438721515e-01	2.316176470588240111e-01	1.834061135371179985e-01	1.119639549438721515e-01	1.119639549438721515e-01	1.119639549438721515e-01	1.119639549438721515e-01	1.119639549438721515e-01	1.794871794871789883e-01	1.752988047808770045e-01	1.119639549438721515e-01	1.119639549438721515e-01	1.119639549438721515e-01	1.119639549438721515e-01	2.815533980582520246e-01	1.119639549438721515e-01	1.119639549438721515e-01	1.119639549438721515e-01	1.119639549438721515e-01	1.119639549438721515e-01	1.119639549438721515e-01	1.119639549438721515e-01	2.378854625550660129e-01	1.119639549438721515e-01	1.119639549438721515e-01	1.119639549438721515e-01	1.119639549438721515e-01	1.119639549438721515e-01	1.419354838709679933e-01	1.913875598086119956e-01	2.431372549019610030e-01	1.119639549438721515e-01	1.119639549438721515e-01	1.119639549438721515e-01	1.119639549438721515e-01	1.119639549438721515e-01	1.888111888111889958e-01	1.119639549438721515e-01	1.119639549438721515e-01	1.119639549438721515e-01	1.119639549438721515e-01	1.119639549438721515e-01	1.119639549438721515e-01	2.652439024390240152e-01	1.119639549438721515e-01	1.872791519434630070e-01	1.119639549438721515e-01	1.119639549438721515e-01	2.175141242937849995e-01	7.299270072992699622e-03	1.119639549438721515e-01	2.470119521912350069e-01	1.119639549438721515e-01	1.119639549438721515e-01	2.103004291845489981e-01	1.119639549438721515e-01	1.119639549438721515e-01	1.119639549438721515e-01	1.119639549438721515e-01	1.119639549438721515e-01	1.119639549438721515e-01	1.119639549438721515e-01	2.079207920792079944e-01	2.274678111587979945e-01	1.119639549438721515e-01	1.119639549438721515e-01	1.119639549438721515e-01	1.119639549438721515e-01	2.638297872340429895e-01	1.119639549438721515e-01	1.119639549438721515e-01	2.298387096774190119e-01	2.980769230769230171e-01	1.119639549438721515e-01	2.479999999999999982e-01	1.119639549438721515e-01	1.119639549438721515e-01	2.887931034482760229e-01	2.583732057416269767e-01	2.607003891050579947e-01	1.119639549438721515e-01	3.317757009345789765e-01	1.119639549438721515e-01	1.119639549438721515e-01	1.119639549438721515e-01	2.686567164179100020e-01	1.119639549438721515e-01	1.119639549438721515e-01	1.119639549438721515e-01	3.040935672514620269e-01	1.119639549438721515e-01	2.500000000000000000e-01
1.119639549438721515e-01	1.119639549438721515e-01	2.442748091603050009e-01	1.119639549438721515e-01	1.472081218274109982e-01	1.119639549438721515e-01	1.159420289855069980e-01	1.119639549438721515e-01	1.000000000000000000e+00	1.119639549438721515e-01	2.844444444444440001e-01	1.119639549438721515e-01	2.301886792452829955e-01	2.727272727272729846e-01	1.119639549438721515e-01	1.119639549438721515e-01	1.119639549438721515e-01	1.119639549438721515e-01	1.119639549438721515e-01	1.119639549438721515e-01	1.119639549438721515e-01	1.119639549438721515e-01	2.024793388429750041e-01	1.119639549438721515e-01	1.119639549438721515e-01	1.119639549438721515e-01	1.119639549438721515e-01	1.119639549438721515e-01	1.119639549438721515e-01	1.119639549438721515e-01	3.177083333333329818e-01	1.119639549438721515e-01	1.965517241379310109e-01	1.119639549438721515e-01	1.119639549438721515e-01	1.119639549438721515e-01	1.119639549438721515e-01	3.197969543147209937e-01	2.813688212927760168e-01	1.119639549438721515e-01	1.119639549438721515e-01	1.119639549438721515e-01	1.119639549438721515e-01	1.119639549438721515e-01	1.119639549438721515e-01	1.119639549438721515e-01	2.571428571428570065e-01	1.119639549438721515e-01	1.119639549438721515e-01	1.119639549438721515e-01	2.006802721088440100e-01	1.119639549438721515e-01	1.119639549438721515e-01	2.361111111111109939e-01	2.164502164502160042e-01	1.119639549438721515e-01	1.119639549438721515e-01	1.119639549438721515e-01	1.979695431472079936e-01	1.119639549438721515e-01	1.119639549438721515e-01	1.119639549438721515e-01	1.119639549438721515e-01	9.389671361502349711e-02	1.119639549438721515e-01	1.119639549438721515e-01	2.142857142857139963e-01	1.119639549438721515e-01	1.805555555555559966e-01	1.119639549438721515e-01	1.894736842105259889e-01	1.119639549438721515e-01	1.119639549438721515e-01	1.119639549438721515e-01	1.119639549438721515e-01	1.119639549438721515e-01	1.119639549438721515e-01	1.119639549438721515e-01	1.119639549438721515e-01	2.477064220183489984e-01	1.119639549438721515e-01	1.119639549438721515e-01	1.119639549438721515e-01	1.119639549438721515e-01	1.119639549438721515e-01	1.119639549438721515e-01	1.119639549438721515e-01	1.119639549438721515e-01	1.119639549438721515e-01	1.119639549438721515e-01	1.119639549438721515e-01	1.119639549438721515e-01	1.119639549438721515e-01	1.991341991341989970e-01	3.048128342245989830e-01	1.119639549438721515e-01	1.119639549438721515e-01	1.119639549438721515e-01	2.448979591836729919e-01	1.119639549438721515e-01	1.119639549438721515e-01	1.119639549438721515e-01	1.119639549438721515e-01	1.119639549438721515e-01	1.119639549438721515e-01	1.119639549438721515e-01	2.682926829268290070e-01	1.899224806201549876e-01	1.119639549438721515e-01	2.887931034482760229e-01	1.119639549438721515e-01	1.119639549438721515e-01	1.119639549438721515e-01	3.768115942028990029e-01	1.119639549438721515e-01	1.119639549438721515e-01	1.119639549438721515e-01	2.200956937799040114e-01	1.119639549438721515e-01	1.119639549438721515e-01	1.119639549438721515e-01	1.119639549438721515e-01	1.119639549438721515e-01	1.119639549438721515e-01
1.119639549438721515e-01	1.119639549438721515e-01	1.119639549438721515e-01	1.119639549438721515e-01	1.119639549438721515e-01	1.119639549438721515e-01	1.392405063291139999e-01	2.560975609756099836e-01	1.119639549438721515e-01	1.000000000000000000e+00	1.119639549438721515e-01	1.119639549438721515e-01	1.119639549438721515e-01	1.119639549438721515e-01	1.119639549438721515e-01	1.119639549438721515e-01	1.119639549438721515e-01	1.119639549438721515e-01	1.119639549438721515e-01	1.119639549438721515e-01	1.119639549438721515e-01	1.119639549438721515e-01	1.119639549438721515e-01	1.119639549438721515e-01	1.119639549438721515e-01	1.119639549438721515e-01	1.119639549438721515e-01	1.119639549438721515e-01	1.119639549438721515e-01	1.119639549438721515e-01	2.217573221757319912e-01	1.119639549438721515e-01	2.100313479623819868e-01	1.119639549438721515e-01	1.119639549438721515e-01	1.119639549438721515e-01	1.119639549438721515e-01	1.960000000000000075e-01	1.119639549438721515e-01	1.119639549438721515e-01	1.119639549438721515e-01	1.119639549438721515e-01	1.119639549438721515e-01	1.119639549438721515e-01	1.119639549438721515e-01	2.067901234567899871e-01	2.677824267782429879e-01	2.284768211920530090e-01	1.119639549438721515e-01	1.119639549438721515e-01	1.119639549438721515e-01	3.392226148409889785e-01	1.119639549438721515e-01	1.119639549438721515e-01	1.119639549438721515e-01	1.119639549438721515e-01	2.794117647058820264e-01	6.976744186046510143e-02	1.458333333333330095e-01	1.781376518218620031e-01	1.119639549438721515e-01	1.119639549438721515e-01	1.119639549438721515e-01	1.119639549438721515e-01	1.896024464831800038e-01	1.119639549438721515e-01	1.119639549438721515e-01	1.119639549438721515e-01	2.477272727272729902e-01	1.119639549438721515e-01	1.119639549438721515e-01	1.119639549438721515e-01	1.119639549438721515e-01	1.890756302521010013e-01	1.119639549438721515e-01	2.824858757062149728e-01	1.119639549438721515e-01	1.119639549438721515e-01	1.119639549438721515e-01	1.119639549438721515e-01	1.119639549438721515e-01	1.119639549438721515e-01	1.119639549438721515e-01	1.119639549438721515e-01	2.690909090909089918e-01	6.930693069306929910e-02	1.119639549438721515e-01	1.119639549438721515e-01	2.526881720430109723e-01	1.119639549438721515e-01	1.119639549438721515e-01	1.119639549438721515e-01	1.565836298932380133e-01	1.119639549438721515e-01	1.119639549438721515e-01	2.500000000000000000e-01	2.342342342342340067e-01	2.734693877551019892e-01	1.119639549438721515e-01	1.481481481481480011e-01	1.119639549438721515e-01	1.119639549438721515e-01	1.746575342465750136e-01	1.119639549438721515e-01	1.119639549438721515e-01	1.119639549438721515e-01	3.873517786561260223e-01	1.495016611295680031e-01	1.119639549438721515e-01	1.119639549438721515e-01	1.119639549438721515e-01	1.119639549438721515e-01	1.119639549438721515e-01	1.119639549438721515e-01	1.119639549438721515e-01	1.119639549438721515e-01	1.119639549438721515e-01	1.119639549438721515e-01	1.119639549438721515e-01	1.119639549438721515e-01	2.060810810810810023e-01	1.119639549438721515e-01	1.119639549438721515e-01	1.119639549438721515e-01
1.119639549438721515e-01	1.119639549438721515e-01	1.119639549438721515e-01	2.993421052631580204e-01	1.666666666666669905e-01	1.978021978021979876e-01	1.119639549438721515e-01	1.119639549438721515e-01	2.844444444444440001e-01	1.119639549438721515e-01	1.000000000000000000e+00	1.119639549438721515e-01	1.119639549438721515e-01	1.119639549438721515e-01	1.119639549438721515e-01	1.650943396226420001e-01	3.468634686346859786e-01	1.119639549438721515e-01	1.119639549438721515e-01	1.119639549438721515e-01	1.119639549438721515e-01	1.119639549438721515e-01	3.362068965517239771e-01	1.119639549438721515e-01	1.119639549438721515e-01	1.119639549438721515e-01	1.119639549438721515e-01	1.119639549438721515e-01	1.119639549438721515e-01	1.119639549438721515e-01	1.119639549438721515e-01	8.920187793427229728e-02	1.119639549438721515e-01	1.119639549438721515e-01	2.663755458515280061e-01	1.119639549438721515e-01	1.119639549438721515e-01	1.119639549438721515e-01	1.119639549438721515e-01	3.414634146341459786e-01	1.119639549438721515e-01	1.119639549438721515e-01	1.119639549438721515e-01	1.119639549438721515e-01	2.334217506631300065e-01	2.244224422442240019e-01	1.119639549438721515e-01	2.625899280575539896e-01	1.119639549438721515e-01	1.119639549438721515e-01	1.119639549438721515e-01	1.119639549438721515e-01	9.714285714285710027e-02	1.119639549438721515e-01	1.119639549438721515e-01	1.484716157205240028e-01	1.119639549438721515e-01	1.119639549438721515e-01	1.751152073732719916e-01	2.262443438914029936e-01	1.119639549438721515e-01	1.119639549438721515e-01	5.000000000000000000e-01	1.119639549438721515e-01	1.119639549438721515e-01	1.119639549438721515e-01	1.119639549438721515e-01	1.119639549438721515e-01	1.119639549438721515e-01	1.119639549438721515e-01	1.119639549438721515e-01	1.000000000000000056e-01	1.119639549438721515e-01	2.955665024630539928e-01	1.119639549438721515e-01	4.612794612794610116e-01	1.119639549438721515e-01	3.099630996309959974e-01	1.119639549438721515e-01	2.200000000000000011e-01	1.119639549438721515e-01	1.119639549438721515e-01	1.119639549438721515e-01	1.119639549438721515e-01	3.708333333333330151e-01	1.119639549438721515e-01	2.647058823529410132e-01	1.119639549438721515e-01	1.119639549438721515e-01	6.941747572815529788e-01	1.119639549438721515e-01	2.017167381974249996e-01	1.466165413533830064e-01	1.119639549438721515e-01	2.829268292682929897e-01	1.119639549438721515e-01	1.119639549438721515e-01	2.586206896551719869e-01	1.119639549438721515e-01	1.342756183745580090e-01	1.119639549438721515e-01	1.119639549438721515e-01	1.660649819494580126e-01	2.806324110671939986e-01	1.119639549438721515e-01	2.653061224489799974e-01	1.119639549438721515e-01	1.119639549438721515e-01	1.119639549438721515e-01	3.140495867768600124e-01	1.119639549438721515e-01	1.119639549438721515e-01	1.119639549438721515e-01	1.119639549438721515e-01	1.119639549438721515e-01	1.119639549438721515e-01	3.468634686346859786e-01	1.965065502183409862e-01	1.971830985915490053e-01	2.567049808429119895e-01	1.119639549438721515e-01	2.941176470588239833e-01	2.922374429223740244e-01	3.493449781659390130e-01
1.119639549438721515e-01	1.119639549438721515e-01	1.119639549438721515e-01	1.119639549438721515e-01	1.119639549438721515e-01	1.119639549438721515e-01	1.551724137931030090e-01	1.119639549438721515e-01	1.119639549438721515e-01	1.119639549438721515e-01	1.119639549438721515e-01	1.000000000000000000e+00	1.119639549438721515e-01	1.119639549438721515e-01	1.119639549438721515e-01	1.119639549438721515e-01	2.895622895622900206e-01	1.119639549438721515e-01	3.318385650224219829e-01	3.946188340807170181e-01	1.119639549438721515e-01	1.119639549438721515e-01	1.119639549438721515e-01	1.119639549438721515e-01	1.119639549438721515e-01	1.119639549438721515e-01	1.119639549438721515e-01	1.119639549438721515e-01	1.119639549438721515e-01	1.119639549438721515e-01	1.119639549438721515e-01	8.225108225108229698e-02	2.549019607843139856e-01	1.119639549438721515e-01	1.846153846153849865e-01	1.119639549438721515e-01	1.119639549438721515e-01	1.832669322709160054e-01	3.599999999999999867e-01	2.476780185758510056e-01	1.119639549438721515e-01	1.119639549438721515e-01	1.119639549438721515e-01	1.119639549438721515e-01	2.352941176470589868e-01	1.119639549438721515e-01	1.119639549438721515e-01	1.119639549438721515e-01	1.119639549438721515e-01	1.119639549438721515e-01	1.119639549438721515e-01	3.228070175438599865e-01	1.119639549438721515e-01	1.119639549438721515e-01	1.119639549438721515e-01	1.330645161290320011e-01	1.119639549438721515e-01	6.046511627906980130e-02	1.119639549438721515e-01	1.119639549438721515e-01	1.505376344086019891e-01	1.119639549438721515e-01	1.119639549438721515e-01	8.433734939759039706e-02	1.119639549438721515e-01	1.119639549438721515e-01	1.119639549438721515e-01	1.119639549438721515e-01	1.119639549438721515e-01	1.971830985915490053e-01	1.119639549438721515e-01	1.119639549438721515e-01	1.119639549438721515e-01	1.119639549438721515e-01	1.119639549438721515e-01	1.119639549438721515e-01	1.119639549438721515e-01	2.558922558922560042e-01	1.119639549438721515e-01	1.119639549438721515e-01	1.119639549438721515e-01	1.119639549438721515e-01	1.555555555555560021e-01	1.119639549438721515e-01	1.119639549438721515e-01	6.467661691542289648e-02	1.119639549438721515e-01	3.149350649350650122e-01	2.287234042553190072e-01	1.119639549438721515e-01	2.355212355212359943e-01	2.163265306122449938e-01	1.119639549438721515e-01	1.119639549438721515e-01	1.119639549438721515e-01	1.119639549438721515e-01	2.142857142857139963e-01	1.832061068702290074e-01	1.119639549438721515e-01	1.119639549438721515e-01	2.416356877323420083e-01	2.320000000000000118e-01	1.119639549438721515e-01	3.902439024390240152e-01	1.119639549438721515e-01	1.119639549438721515e-01	1.119639549438721515e-01	1.944444444444440034e-01	1.119639549438721515e-01	2.727272727272729846e-01	1.119639549438721515e-01	1.119639549438721515e-01	1.119639549438721515e-01	1.119639549438721515e-01	1.119639549438721515e-01	1.119639549438721515e-01	1.119639549438721515e-01	1.821862348178140134e-01	1.973244147157189876e-01	1.119639549438721515e-01	1.119639549438721515e-01	2.745098039215689845e-01	1.119639549438721515e-01	1.119639549438721515e-01
