1.000000000000150102e+00	6.654796005486864896e-01	9.182978493550190136e-01	6.654796005486864896e-01	6.654796005486864896e-01	7.950816367389690331e-01	7.933691797818660518e-01	7.627265791359759683e-01	7.921684836817090014e-01	6.654796005486864896e-01	6.654796005486864896e-01	7.113825770629480516e-01	6.654796005486864896e-01	7.293698717857040048e-01	1.000000000000000021e-03	7.547608027569889799e-01	6.654796005486864896e-01	7.658117146642200446e-01	6.654796005486864896e-01	7.333781186773179472e-01	7.708276305114289961e-01	6.654796005486864896e-01	6.654796005486864896e-01	6.654796005486864896e-01	6.654796005486864896e-01	7.999926091443969600e-01	7.747892921059440496e-01	7.328921782905120086e-01	5.554307778606349943e-01	6.654796005486864896e-01	7.784842168861919598e-01	7.666392806525880177e-01	8.008917387239929964e-01	8.132979589205689974e-01	7.037693066013640530e-01	7.904441236260929537e-01	7.371316093620200460e-01	7.996806852163820256e-01	6.962944568149560531e-01	6.654796005486864896e-01	6.654796005486864896e-01	6.654796005486864896e-01	6.654796005486864896e-01	6.654796005486864896e-01	6.654796005486864896e-01	6.654796005486864896e-01	6.654796005486864896e-01	6.654796005486864896e-01	7.460755874010660538e-01	6.654796005486864896e-01	6.654796005486864896e-01	7.192995062379490268e-01	7.300297657317199596e-01	6.571397540738069809e-01	7.194574417710180025e-01	8.076209237931000207e-01	6.654796005486864896e-01	6.405664632266879766e-01	7.148950799731199623e-01	6.654796005486864896e-01	7.565596637937950231e-01	7.342699868547789555e-01	8.108134399905400080e-01	6.872551128817130373e-01	6.564726206198769898e-01	7.427267292577039992e-01	6.654796005486864896e-01	7.244013745199300303e-01	6.879521999120290499e-01	6.654796005486864896e-01	6.889760115390990425e-01	6.770611726751190051e-01	7.655009165359469847e-01	8.098372210880060429e-01	7.758518787014390128e-01	6.200505088368699624e-01	8.046173868523499584e-01	7.936662988326470547e-01	7.756380314871750281e-01	6.654796005486864896e-01	6.654796005486864896e-01	6.725084800934120199e-01	6.666205322273149880e-01	6.654796005486864896e-01	6.654796005486864896e-01	6.728131021789089949e-01	7.534008889170860090e-01	6.654796005486864896e-01	6.654796005486864896e-01	7.411337685872300129e-01	7.652956897007640036e-01	6.654796005486864896e-01	6.705797613984070260e-01	6.560161178793399994e-01	6.654796005486864896e-01	6.654796005486864896e-01	6.654796005486864896e-01	6.654796005486864896e-01	7.179683690069299518e-01	6.654796005486864896e-01	7.892315146712880480e-01	6.705348598717679742e-01	6.483967240307649815e-01	6.099926251554520507e-01	6.491100742456999972e-01	6.774367748903139530e-01	7.810514774412500305e-01	6.654796005486864896e-01	6.654796005486864896e-01	6.654796005486864896e-01	6.654796005486864896e-01	7.775863858710779786e-01	7.562471244380419844e-01	7.798637438007349765e-01	7.967290296518160231e-01	8.647729233678690397e-01	6.654796005486864896e-01	9.084193006170380169e-01	8.863143654298449858e-01	7.429846623362790226e-01	8.117270309997279831e-01	7.882519794287480286e-01	8.155507699420599943e-01	7.844651749141120511e-01
6.654796005486864896e-01	1.000000000000039968e+00	8.394663792201899621e-01	7.399396764504879709e-01	7.426002790712500357e-01	6.654796005486864896e-01	6.654796005486864896e-01	6.654796005486864896e-01	7.343467722960129729e-01	7.164388723263820369e-01	7.499100779699819919e-01	7.055758206698360402e-01	6.654796005486864896e-01	6.654796005486864896e-01	6.654796005486864896e-01	7.307996607734019712e-01	6.654796005486864896e-01	6.654796005486864896e-01	6.654796005486864896e-01	7.163189787159119915e-01	7.023512051990590255e-01	6.493504876826400318e-01	7.118731691044170029e-01	7.140592345998739710e-01	6.654796005486864896e-01	7.552449488899839469e-01	7.471817028383119785e-01	7.180684839159799937e-01	6.654796005486864896e-01	6.504826775841600073e-01	7.393766454845079883e-01	7.134116530012559743e-01	7.306373463658589751e-01	6.654796005486864896e-01	6.383219709518489493e-01	6.654796005486864896e-01	6.744995616564369856e-01	7.579301810109250193e-01	6.339347730392990155e-01	7.140475678343950472e-01	6.127073266586899880e-01	7.032342425550299758e-01	7.059348011157390301e-01	6.315495412873870507e-01	7.323118158445850456e-01	6.485848579016579851e-01	6.654796005486864896e-01	6.576416556991460105e-01	6.654796005486864896e-01	7.175413595946570355e-01	6.654796005486864896e-01	6.838037344524769967e-01	6.654796005486864896e-01	6.000060046246239454e-01	6.599687616274310109e-01	7.312040549925440391e-01	6.654796005486864896e-01	6.376657116855519725e-01	6.586062367169019938e-01	5.857316036449780050e-01	7.422640706227630059e-01	6.882998502184239920e-01	7.785018049543920293e-01	6.213404707105080194e-01	5.910067758567599805e-01	7.265307134361319585e-01	6.878935470062450541e-01	6.734525485162500269e-01	6.557558572286059650e-01	5.741233552321759470e-01	6.475614441691670553e-01	6.654796005486864896e-01	7.165743487844969950e-01	6.654796005486864896e-01	7.164089650239490181e-01	6.122869373920759584e-01	7.650539900394599524e-01	7.491039795731999629e-01	6.654796005486864896e-01	6.654796005486864896e-01	7.486694266260750519e-01	6.319306080162500061e-01	6.314905143610100025e-01	6.925299712713669509e-01	6.111442726820109916e-01	6.108308507336229765e-01	6.654796005486864896e-01	7.696571704781479673e-01	8.755085766309119721e-01	6.654796005486864896e-01	6.654796005486864896e-01	7.030298755855649562e-01	6.156675624168820304e-01	6.113830392146829551e-01	6.034554443362539766e-01	7.174238695472290317e-01	7.652859857826349588e-01	6.052058239134100459e-01	6.730669271114280150e-01	7.285125067615280114e-01	6.654796005486864896e-01	6.086647961573180554e-01	5.932231238083269798e-01	6.124735774816439937e-01	5.871106185834720215e-01	6.654796005486864896e-01	7.483546655394229807e-01	6.883359037779940293e-01	6.654796005486864896e-01	6.654796005486864896e-01	7.520472201941319490e-01	7.178793586019279749e-01	6.939766168951589931e-01	6.654796005486864896e-01	7.437584012318929627e-01	6.654796005486864896e-01	6.654796005486864896e-01	8.642542102209369581e-01	8.205860742297099719e-01	7.257599209402649798e-01	7.718749924385389649e-01	6.654796005486864896e-01	7.616632835359370413e-01	7.491340276767020079e-01
9.182978493550190136e-01	8.394663792201899621e-01	1.000000000000049960e+00	7.420275652438319547e-01	7.379198200808559927e-01	6.654796005486864896e-01	7.777268175721000487e-01	6.654796005486864896e-01	8.033860014851900155e-01	7.090302181253169689e-01	7.246107028628659963e-01	6.654796005486864896e-01	7.696195840149580025e-01	7.205681778586839892e-01	1.000000000000000021e-03	7.525423935036510414e-01	7.425689570706209830e-01	7.759783739059039620e-01	7.159765398942370407e-01	7.045331586061700513e-01	7.736648048767640340e-01	6.121642709395660464e-01	6.654796005486864896e-01	6.654796005486864896e-01	7.298847503089990196e-01	7.897952882332309743e-01	6.654796005486864896e-01	7.197870852485519499e-01	6.654796005486864896e-01	6.654796005486864896e-01	7.603400995070730417e-01	6.654796005486864896e-01	6.654796005486864896e-01	6.654796005486864896e-01	6.654796005486864896e-01	6.654796005486864896e-01	7.250432354197110518e-01	7.624614331010090007e-01	6.940686352281419946e-01	7.007196985600450123e-01	6.989208123948249529e-01	6.654796005486864896e-01	7.891969096164860309e-01	6.654796005486864896e-01	6.654796005486864896e-01	7.126013780771449646e-01	6.654796005486864896e-01	7.308083385458350456e-01	6.654796005486864896e-01	7.261346361087910317e-01	8.131012135627589954e-01	6.786669334333039760e-01	7.065226684755420150e-01	6.529865639970979796e-01	7.047688854336060515e-01	6.654796005486864896e-01	5.819335729859029804e-01	6.654796005486864896e-01	7.006223490606320325e-01	5.942541882111069818e-01	7.096889700257069666e-01	6.654796005486864896e-01	8.043030640209819504e-01	6.888321165618529474e-01	6.716936677466790462e-01	7.148375899648109488e-01	6.654796005486864896e-01	7.089004800781629756e-01	6.562704741189949731e-01	6.540359107377140546e-01	6.654796005486864896e-01	6.654796005486864896e-01	6.654796005486864896e-01	6.654796005486864896e-01	6.654796005486864896e-01	5.722338118653269579e-01	6.654796005486864896e-01	7.691798503210379723e-01	7.636247514574280304e-01	7.616332229625299988e-01	7.925134967070649461e-01	6.536578673169950449e-01	6.458154691067460318e-01	7.905860073677060118e-01	6.869233596240159612e-01	6.922675113209220132e-01	7.312472995808430021e-01	7.885581207871490417e-01	8.761937220453700492e-01	7.094664932407149793e-01	7.251557326898989686e-01	7.584921942167710540e-01	6.654796005486864896e-01	6.393983155449749489e-01	6.089904762552980078e-01	6.654796005486864896e-01	7.722889158607459947e-01	6.654796005486864896e-01	6.872777785192499822e-01	6.654796005486864896e-01	6.654796005486864896e-01	6.654796005486864896e-01	6.341998811587059581e-01	5.582967887208000191e-01	6.654796005486864896e-01	6.603224804900950096e-01	7.390193379697049814e-01	6.654796005486864896e-01	6.454635360246010478e-01	6.880640068747789773e-01	7.627071108704639446e-01	6.654796005486864896e-01	7.452158872521790212e-01	7.422658312001829684e-01	6.654796005486864896e-01	8.556589773292549994e-01	8.619502546686169664e-01	8.905152584734250532e-01	6.654796005486864896e-01	7.324936725015599448e-01	6.654796005486864896e-01	6.654796005486864896e-01	6.654796005486864896e-01	6.654796005486864896e-01
6.654796005486864896e-01	7.399396764504879709e-01	7.420275652438319547e-01	9.999999999999239497e-01	6.654796005486864896e-01	7.207807269754330504e-01	7.504874391728569849e-01	7.181022492762709764e-01	7.280273306376749964e-01	6.654796005486864896e-01	7.452757556154859797e-01	7.023644559834839596e-01	7.720951282191450549e-01	6.654796005486864896e-01	1.000000000000000021e-03	6.654796005486864896e-01	6.613465855219620160e-01	6.654796005486864896e-01	6.654796005486864896e-01	7.250100634356250184e-01	7.422231277022039997e-01	7.075569162643370325e-01	7.375225905197410059e-01	6.654796005486864896e-01	7.511611223686249783e-01	7.528998560963729991e-01	7.925564497384219864e-01	7.518317519579660324e-01	6.654796005486864896e-01	6.953049627810500288e-01	6.654796005486864896e-01	7.204129134166760151e-01	7.596743307134860013e-01	6.654796005486864896e-01	6.667331853500589878e-01	7.896155863862930335e-01	7.303305984710170007e-01	7.905838688382640367e-01	6.847949228437619773e-01	7.733207990050640079e-01	6.654796005486864896e-01	7.505775888840829912e-01	7.407888116861349737e-01	6.654796005486864896e-01	7.911701392792089838e-01	6.893631842537569776e-01	6.441243589140489556e-01	6.654796005486864896e-01	8.230855833391129694e-01	7.331484515314260486e-01	7.124877194650980350e-01	7.646056004653589699e-01	7.276199753555000482e-01	6.191762967883119861e-01	6.654796005486864896e-01	7.479021830595959930e-01	6.596569612534169957e-01	7.041737188322679808e-01	6.885512013212200522e-01	6.234903035232890467e-01	7.824143472063630478e-01	7.055489303918880406e-01	7.404060607356820478e-01	6.518871973470760084e-01	6.654796005486864896e-01	7.926283921056349602e-01	7.522413760557440376e-01	7.415565200541830437e-01	7.542767642931319516e-01	6.654796005486864896e-01	6.844664528831689854e-01	6.335367000939590154e-01	6.654796005486864896e-01	7.975405139110860464e-01	7.817047719941010442e-01	6.985675835494710162e-01	6.654796005486864896e-01	7.773240461859060035e-01	7.315448351457940479e-01	6.654796005486864896e-01	7.401606222941450319e-01	6.545151890186460264e-01	6.562866490136860520e-01	6.771917997590000127e-01	6.167817631787659849e-01	6.048363638703260214e-01	6.654796005486864896e-01	7.822626984905890479e-01	7.793225939581059913e-01	6.654796005486864896e-01	7.755053536015410476e-01	7.476937424995609982e-01	6.654796005486864896e-01	6.229679433040929970e-01	6.424302715044120093e-01	7.639870691846739614e-01	7.807049432923239829e-01	6.431115070991409999e-01	7.460007638268599806e-01	7.581466953940489972e-01	7.373804785520560179e-01	6.118582054683080473e-01	6.150504582390999841e-01	7.110510595361629882e-01	5.820784190023460258e-01	6.935235719379230224e-01	6.654796005486864896e-01	7.244020726531269494e-01	7.513587715322369576e-01	6.715693910340470030e-01	7.710432758936910380e-01	7.444225792022209909e-01	6.654796005486864896e-01	7.731793607557370107e-01	7.597460840064029775e-01	7.628258766230140431e-01	7.731113039308870061e-01	7.614816447992069914e-01	6.654796005486864896e-01	6.654796005486864896e-01	7.683349648557410427e-01	6.654796005486864896e-01	7.354607771269500160e-01	7.336185295196600009e-01
6.654796005486864896e-01	7.426002790712500357e-01	7.379198200808559927e-01	6.654796005486864896e-01	9.999999999999039657e-01	6.654796005486864896e-01	6.654796005486864896e-01	6.654796005486864896e-01	7.522234967789780402e-01	7.787956233666749606e-01	6.654796005486864896e-01	6.654796005486864896e-01	7.380916297904730472e-01	6.559974631533099787e-01	1.000000000000000021e-03	6.654796005486864896e-01	6.121424203546750320e-01	7.006784419187289670e-01	6.989681494501299719e-01	8.199987865471870530e-01	6.689993277181079945e-01	6.673807009663880185e-01	6.654796005486864896e-01	7.212981380228380424e-01	6.654796005486864896e-01	6.654796005486864896e-01	7.388648905585170068e-01	7.655147549015419717e-01	6.154847332107370450e-01	6.275755332062680214e-01	7.312083089281700143e-01	7.003239709578199523e-01	7.041659277311099752e-01	7.658178617623050410e-01	6.206239883430909599e-01	7.411318015075739618e-01	6.654796005486864896e-01	6.654796005486864896e-01	6.191525149188039645e-01	7.287791586509869690e-01	6.654796005486864896e-01	7.452762649171360554e-01	6.654796005486864896e-01	6.402959774789449554e-01	7.306759045206180359e-01	6.575068890292390389e-01	6.098724499645119534e-01	6.378370102375809925e-01	7.382274103956939504e-01	6.654796005486864896e-01	7.339253853697209617e-01	6.654796005486864896e-01	6.816846996436980444e-01	5.868052060696909988e-01	6.591719515230050064e-01	7.031442807714539667e-01	6.654796005486864896e-01	6.654796005486864896e-01	6.654796005486864896e-01	6.654796005486864896e-01	7.571346438040930105e-01	6.660971453180379864e-01	7.943925000827950500e-01	6.098233223499389677e-01	5.594590327854810363e-01	7.259756399514409875e-01	6.750627225994639824e-01	6.694610043303399483e-01	6.779902100034800316e-01	5.519522780957250019e-01	6.438412916223520410e-01	6.119315774226790072e-01	6.654796005486864896e-01	7.415484223468690184e-01	7.156806643940260004e-01	6.654796005486864896e-01	7.799358296349390152e-01	6.654796005486864896e-01	6.875296830905549550e-01	7.133306055216840358e-01	7.885925745213580029e-01	6.654796005486864896e-01	6.654796005486864896e-01	6.549440546313389788e-01	6.654796005486864896e-01	5.899591691575849506e-01	6.776756021284620068e-01	7.528571146729959862e-01	7.827090628468299505e-01	6.654796005486864896e-01	7.428635067072779652e-01	6.940364653489220492e-01	6.654796005486864896e-01	6.654796005486864896e-01	6.654796005486864896e-01	6.654796005486864896e-01	6.654796005486864896e-01	6.654796005486864896e-01	6.892182156245439950e-01	6.654796005486864896e-01	7.582056792790919930e-01	6.654796005486864896e-01	5.892101797761919446e-01	6.581718745187770114e-01	6.654796005486864896e-01	6.356231699675469748e-01	7.592901136412369967e-01	6.648121829305799757e-01	6.654796005486864896e-01	6.654796005486864896e-01	7.335607207475030034e-01	6.654796005486864896e-01	6.654796005486864896e-01	6.654796005486864896e-01	7.425815640443399479e-01	6.654796005486864896e-01	6.654796005486864896e-01	7.717295958857750549e-01	7.722545510687489623e-01	7.637392768507229590e-01	8.075192387356849855e-01	6.654796005486864896e-01	7.451001692218740535e-01	6.654796005486864896e-01
7.950816367389690331e-01	6.654796005486864896e-01	6.654796005486864896e-01	7.207807269754330504e-01	6.654796005486864896e-01	1.000000000000019984e+00	7.700094309093700184e-01	7.281915509258010122e-01	6.654796005486864896e-01	6.654796005486864896e-01	6.766704655714459449e-01	6.339365051944759744e-01	6.654796005486864896e-01	6.963415999299380488e-01	6.654796005486864896e-01	6.960520861310269813e-01	7.439523236337279855e-01	7.465139266551550357e-01	6.838991519563929478e-01	6.662366694044470350e-01	6.654796005486864896e-01	5.674497962059860123e-01	6.655303399375389617e-01	6.665167902864660432e-01	6.814268223194559493e-01	7.490180711199639907e-01	7.182252335284230460e-01	6.968951102886560278e-01	4.880306829109850031e-01	7.395638556995209889e-01	7.367426418887670359e-01	7.545413481595120153e-01	7.746726109776540525e-01	8.363772801170490379e-01	6.654796005486864896e-01	6.654796005486864896e-01	6.654796005486864896e-01	6.654796005486864896e-01	6.749189817343189679e-01	6.723379048668349789e-01	6.646370788291300347e-01	6.713833933247009833e-01	6.654796005486864896e-01	6.429483800089530465e-01	7.736267268067129610e-01	6.998519580382009941e-01	6.443392891840870051e-01	6.972890437403920227e-01	7.009933505380769869e-01	6.801131201349559507e-01	7.734111684088520455e-01	6.654796005486864896e-01	6.730415864004239967e-01	6.211511090478759600e-01	6.654796005486864896e-01	6.654796005486864896e-01	5.543831071294269552e-01	5.688749703668259938e-01	6.820587379142679652e-01	6.654796005486864896e-01	6.755861289485419752e-01	6.654796005486864896e-01	7.583169516835169821e-01	6.625258274743269782e-01	6.654796005486864896e-01	6.816338344072520039e-01	6.654796005486864896e-01	6.654796005486864896e-01	6.446495733906010273e-01	6.654796005486864896e-01	6.367081148964419679e-01	6.654796005486864896e-01	6.654796005486864896e-01	7.553339892665810185e-01	7.645229345833499668e-01	5.588041021513689977e-01	6.654796005486864896e-01	7.368644925909290100e-01	7.145999551964680174e-01	7.425332976704710486e-01	7.653842136885740111e-01	6.238726554098370514e-01	6.654796005486864896e-01	7.605229086632290247e-01	6.559671401785099887e-01	6.659469559282350515e-01	6.807257668206130319e-01	6.654796005486864896e-01	7.830743726092009860e-01	6.654796005486864896e-01	6.654796005486864896e-01	7.531575748915669832e-01	6.654796005486864896e-01	6.065664598337210389e-01	5.887434980733530221e-01	7.849142115277020215e-01	6.654796005486864896e-01	5.604041490586130214e-01	6.654796005486864896e-01	6.659242072752810104e-01	7.450060393206270337e-01	6.478637494271709540e-01	6.654796005486864896e-01	5.449830625114540084e-01	6.654796005486864896e-01	6.142278582920770447e-01	7.176723603838629506e-01	7.378569911669540238e-01	6.654796005486864896e-01	6.691247116282720286e-01	6.654796005486864896e-01	7.545178499874229949e-01	6.654796005486864896e-01	7.193704539818239763e-01	6.654796005486864896e-01	7.831067518994320187e-01	7.872942079035589735e-01	6.654796005486864896e-01	6.654796005486864896e-01	7.080464514288370426e-01	7.579447187693100219e-01	7.349550433067499888e-01	6.654796005486864896e-01	7.509041979563070290e-01
7.933691797818660518e-01	6.654796005486864896e-01	7.777268175721000487e-01	7.504874391728569849e-01	6.654796005486864896e-01	7.700094309093700184e-01	1.000000000000029976e+00	8.362504673261109689e-01	6.654796005486864896e-01	7.538623245139830509e-01	7.535142710660649445e-01	7.214428863491080257e-01	7.702351754491040259e-01	6.961572725293370123e-01	1.000000000000000021e-03	7.294996252225219857e-01	6.729808752033690222e-01	7.394434253706749782e-01	6.654796005486864896e-01	6.654796005486864896e-01	7.219760260247619632e-01	6.320216301520460433e-01	7.937411043021169732e-01	6.654796005486864896e-01	7.704026662431749939e-01	8.052508817397789898e-01	6.654796005486864896e-01	8.042793406830629488e-01	5.636151265192580473e-01	6.774017516528210159e-01	7.482468290878440120e-01	7.339368757910089691e-01	7.448597599731969776e-01	6.654796005486864896e-01	6.654796005486864896e-01	7.506605786146169912e-01	6.654796005486864896e-01	7.609445692183729459e-01	6.690217020381179491e-01	7.235968488200019699e-01	6.654796005486864896e-01	6.654796005486864896e-01	6.654796005486864896e-01	6.654796005486864896e-01	7.607533188939620272e-01	7.012473224356320367e-01	6.654796005486864896e-01	6.818205208775529602e-01	7.233421108701489910e-01	7.186595965101170158e-01	7.611821981565719542e-01	6.654796005486864896e-01	6.886790368707219612e-01	6.206520801724230152e-01	6.877076305356339958e-01	7.529279567903139903e-01	6.057400038680219589e-01	6.358485570389339481e-01	6.754047195501250433e-01	6.012615466993740387e-01	7.416930390117939531e-01	6.654796005486864896e-01	6.654796005486864896e-01	6.654796005486864896e-01	6.033502077657509899e-01	7.250653221309379948e-01	7.204358670913709739e-01	7.032369665441440265e-01	6.838509629484750274e-01	6.654796005486864896e-01	6.654796005486864896e-01	6.654796005486864896e-01	6.654796005486864896e-01	6.654796005486864896e-01	7.481819995220000408e-01	6.306762792498159520e-01	6.654796005486864896e-01	6.654796005486864896e-01	7.229642269288639733e-01	7.370558995758980103e-01	6.654796005486864896e-01	6.467013297833400509e-01	6.238651635577230348e-01	6.654796005486864896e-01	6.302925494615350122e-01	6.381384440192350294e-01	6.654796005486864896e-01	7.753074405019140247e-01	7.946506726070700077e-01	6.960273187437100439e-01	6.654796005486864896e-01	6.654796005486864896e-01	6.197083940421670434e-01	6.205781180580800527e-01	6.257884476757019643e-01	7.542876239779190417e-01	7.616746236366119804e-01	6.119911516468750090e-01	7.103770502904079853e-01	7.156552545557050005e-01	7.760867399720899895e-01	6.314537537623089447e-01	6.146162467141460528e-01	6.208248464085750484e-01	6.654796005486864896e-01	6.654796005486864896e-01	7.647044274046510548e-01	7.043632658886209708e-01	6.832211311054440239e-01	6.654796005486864896e-01	6.654796005486864896e-01	7.368504727826870049e-01	6.654796005486864896e-01	7.604635761669350513e-01	7.666307554644640199e-01	6.654796005486864896e-01	7.924616663518569970e-01	7.875866611092540159e-01	6.654796005486864896e-01	7.546305195904979835e-01	7.974195207997699653e-01	6.654796005486864896e-01	6.654796005486864896e-01	7.747828164068439882e-01
7.627265791359759683e-01	6.654796005486864896e-01	6.654796005486864896e-01	7.181022492762709764e-01	6.654796005486864896e-01	7.281915509258010122e-01	8.362504673261109689e-01	9.999999999999610312e-01	8.364333748233809818e-01	7.223516961568360317e-01	7.280586777077570071e-01	6.654796005486864896e-01	7.347488015170580145e-01	6.654796005486864896e-01	1.000000000000000021e-03	6.654796005486864896e-01	6.710550096394599651e-01	7.220902466997080049e-01	6.638371564913559952e-01	6.654796005486864896e-01	6.654796005486864896e-01	5.856731107058249508e-01	6.654796005486864896e-01	6.773190177492449671e-01	7.768407421811469593e-01	7.680043671504239722e-01	7.021526042592789452e-01	6.654796005486864896e-01	5.069164545522689691e-01	6.649234623119689713e-01	6.654796005486864896e-01	6.654796005486864896e-01	7.268540155337449571e-01	6.654796005486864896e-01	6.311304620627169459e-01	7.171679430200930128e-01	6.654796005486864896e-01	7.113808507638279544e-01	6.450402023052289602e-01	6.654628820900739816e-01	6.163469512458019661e-01	7.793352781286130293e-01	6.654796005486864896e-01	6.170874651757259910e-01	7.348515742953649621e-01	6.845169783181620504e-01	6.654796005486864896e-01	6.558162402678500147e-01	6.654796005486864896e-01	6.811047831457329726e-01	6.654796005486864896e-01	6.556748264538579951e-01	6.516321954883269596e-01	5.922517430328320120e-01	6.457982864741620421e-01	7.306394291178970324e-01	6.654796005486864896e-01	5.778154757582559808e-01	6.654796005486864896e-01	5.526746976493199792e-01	6.874334867684089856e-01	6.544765593069810095e-01	6.654796005486864896e-01	6.167277108466310276e-01	6.654796005486864896e-01	6.654796005486864896e-01	6.654796005486864896e-01	6.648212413694639666e-01	6.349016165233369868e-01	5.804616512051830046e-01	6.654796005486864896e-01	6.180837645070980102e-01	6.947563217447669803e-01	7.266365537940769892e-01	7.098063439837889455e-01	5.651234768294629562e-01	6.654796005486864896e-01	7.181925607455169613e-01	6.654796005486864896e-01	6.960216112244760334e-01	6.654796005486864896e-01	6.078461867685619469e-01	5.929100162747350522e-01	7.080206301270649538e-01	6.076845909198039797e-01	6.249490334659729696e-01	6.629051172913410506e-01	6.654796005486864896e-01	7.556002254438980437e-01	6.620524785216009844e-01	6.842139073449230446e-01	6.986217714662019684e-01	6.654796005486864896e-01	6.654796005486864896e-01	5.726791118897059940e-01	7.305645204307480434e-01	7.369895092126209635e-01	5.620368044888689463e-01	6.573479863955650204e-01	6.982355559546159496e-01	6.654796005486864896e-01	6.654796005486864896e-01	5.788515178891310287e-01	5.603331498394820143e-01	5.816380623500230218e-01	6.114073959034189709e-01	7.079145344597209677e-01	6.963524346856420078e-01	6.267350978767519676e-01	6.654796005486864896e-01	6.654796005486864896e-01	7.232358119402230168e-01	6.654796005486864896e-01	6.654796005486864896e-01	7.280204197791400045e-01	6.654796005486864896e-01	7.510896259153480026e-01	7.565995834167760226e-01	6.654796005486864896e-01	6.654796005486864896e-01	7.581153616513960358e-01	7.656456929880399720e-01	7.407356507540719948e-01	7.386738876253069463e-01
7.921684836817090014e-01	7.343467722960129729e-01	8.033860014851900155e-01	7.280273306376749964e-01	7.522234967789780402e-01	6.654796005486864896e-01	6.654796005486864896e-01	8.364333748233809818e-01	1.000000000000129896e+00	7.108882774124509751e-01	7.048803365377800390e-01	6.501090204039750020e-01	7.645032985873539966e-01	7.098210932437609699e-01	1.000000000000000021e-03	7.254598811919540369e-01	6.654796005486864896e-01	6.654796005486864896e-01	6.876611852217050513e-01	6.947504988152140015e-01	6.654796005486864896e-01	5.789967068882390100e-01	7.445086764961069692e-01	6.831730866161860316e-01	7.683907080378129528e-01	6.654796005486864896e-01	6.654796005486864896e-01	7.772589935956939478e-01	6.654796005486864896e-01	7.236652421793710044e-01	7.498205861629969604e-01	7.298333792496329853e-01	6.654796005486864896e-01	7.655365566777280195e-01	6.654796005486864896e-01	7.276882037169769557e-01	7.148993871894999685e-01	7.239221719967799951e-01	6.983551930615620185e-01	6.669834950492260495e-01	6.810654445172740212e-01	7.690106913168289759e-01	7.833577978310110046e-01	6.654796005486864896e-01	7.758808313372990151e-01	7.289815265979799896e-01	6.569590449619689965e-01	7.089934255402150498e-01	6.956848403131260516e-01	6.654796005486864896e-01	7.896005742047700338e-01	6.625692150622809473e-01	6.800572468414129990e-01	6.366199988393580478e-01	6.654796005486864896e-01	7.801229341602710088e-01	6.654796005486864896e-01	6.654796005486864896e-01	6.786210377428270046e-01	5.756705237755029847e-01	6.716016635903879761e-01	6.654796005486864896e-01	7.710946918492640467e-01	6.660701718879940003e-01	6.528532795823920321e-01	6.891934437485760512e-01	6.654796005486864896e-01	7.078167684367739909e-01	6.654796005486864896e-01	6.654796005486864896e-01	6.654796005486864896e-01	6.654796005486864896e-01	7.173587971496470095e-01	7.506623600996610302e-01	6.654796005486864896e-01	5.575829886606710195e-01	6.654796005486864896e-01	6.654796005486864896e-01	7.254512104086620061e-01	7.205679999413110437e-01	8.024948497423619598e-01	6.301407502291640483e-01	6.310819877954220170e-01	7.669085747385190333e-01	6.677309381198079929e-01	6.786223246607949733e-01	6.984694324064329995e-01	7.435645125991969806e-01	6.654796005486864896e-01	6.779291688728119603e-01	6.869663039520109704e-01	7.438269851748809947e-01	6.654796005486864896e-01	6.654796005486864896e-01	5.843618840406750170e-01	7.707573805715770554e-01	7.479120813936189771e-01	5.751503873744520101e-01	6.833514072053690214e-01	6.890793863315870516e-01	7.841773710931440045e-01	6.658924324962409713e-01	6.197546412296659479e-01	5.482881363808570496e-01	6.654796005486864896e-01	6.654796005486864896e-01	7.080079284777609505e-01	7.649892979041239549e-01	6.417209982789640055e-01	6.699239689589270297e-01	7.292336012541119628e-01	7.830259293146399902e-01	7.445071235372250351e-01	7.045201449106399672e-01	6.654796005486864896e-01	7.725783476136910410e-01	7.706827487833419754e-01	7.749731383045259658e-01	7.827299021139469959e-01	6.654796005486864896e-01	7.622439309102400085e-01	7.548602490801780140e-01	6.654796005486864896e-01	7.449681703761129592e-01
6.654796005486864896e-01	7.164388723263820369e-01	7.090302181253169689e-01	6.654796005486864896e-01	7.787956233666749606e-01	6.654796005486864896e-01	7.538623245139830509e-01	7.223516961568360317e-01	7.108882774124509751e-01	1.000000000000069944e+00	6.654796005486864896e-01	7.270166221830339781e-01	7.079819749992110056e-01	6.654796005486864896e-01	1.000000000000000021e-03	7.043916401098679891e-01	5.935043776495589896e-01	6.879773517517390191e-01	6.654796005486864896e-01	7.680309971966929883e-01	6.654796005486864896e-01	6.997076175305639856e-01	6.654796005486864896e-01	7.231776445234360251e-01	7.326180900699239551e-01	6.654796005486864896e-01	6.654796005486864896e-01	7.260325728302959858e-01	6.654796005486864896e-01	6.087873770162139930e-01	7.159419687089350059e-01	6.654796005486864896e-01	6.810782659484380108e-01	7.198969925955349680e-01	6.654796005486864896e-01	7.362097562601149781e-01	6.755196428390279895e-01	7.698490138334389554e-01	6.186590113751709863e-01	7.409775244237749581e-01	5.740301739899099642e-01	6.654796005486864896e-01	6.926423660475270472e-01	6.654796005486864896e-01	7.037129453056399919e-01	6.654796005486864896e-01	6.343573860052580393e-01	6.337607992335909657e-01	6.654796005486864896e-01	6.654796005486864896e-01	6.654796005486864896e-01	6.959351484901830087e-01	6.654796005486864896e-01	6.654796005486864896e-01	6.526674148398490249e-01	6.843867370445450016e-01	6.612011652045099996e-01	6.749784658864099729e-01	6.552619869362169558e-01	6.163013404078699908e-01	7.536944710542400339e-01	6.801647495726059756e-01	7.421003473539390383e-01	6.654796005486864896e-01	6.654796005486864896e-01	7.409795875711989721e-01	6.564343892714400441e-01	6.820502632958079792e-01	6.797149468553510543e-01	6.654796005486864896e-01	6.654796005486864896e-01	6.014815033530449551e-01	6.654796005486864896e-01	7.301664483160279495e-01	6.929619476188569882e-01	6.478095509339589775e-01	7.196262760003440118e-01	7.225775987655139732e-01	6.654796005486864896e-01	6.914615715326659640e-01	6.654796005486864896e-01	6.434287857663799626e-01	6.437844155519499845e-01	6.334688799048220353e-01	6.654796005486864896e-01	5.705583367008779661e-01	7.188435555183420034e-01	7.458790965276870244e-01	7.352949539274880042e-01	6.654796005486864896e-01	7.367891041019339893e-01	6.654796005486864896e-01	6.111570861763859774e-01	6.654796005486864896e-01	6.179715534719459891e-01	6.673536525906490491e-01	6.654796005486864896e-01	6.473151931520140234e-01	6.847417165567150077e-01	7.478666049448849940e-01	6.654796005486864896e-01	5.981289397962169518e-01	6.654796005486864896e-01	6.583721504119139922e-01	6.654796005486864896e-01	6.863988819866729818e-01	6.654796005486864896e-01	6.654796005486864896e-01	6.750690091295360462e-01	6.654796005486864896e-01	7.580627096974700274e-01	6.654796005486864896e-01	6.814370444109889569e-01	7.337169446590630084e-01	6.654796005486864896e-01	7.074979256930860050e-01	7.372206898163210509e-01	7.230203192690619618e-01	6.654796005486864896e-01	7.219754121090899979e-01	7.452023028677879912e-01	7.428973998835820547e-01	7.331383291121800205e-01	7.284072042017469828e-01
6.654796005486864896e-01	7.499100779699819919e-01	7.246107028628659963e-01	7.452757556154859797e-01	6.654796005486864896e-01	6.766704655714459449e-01	7.535142710660649445e-01	7.280586777077570071e-01	7.048803365377800390e-01	6.654796005486864896e-01	9.999999999999910072e-01	7.682858605721080147e-01	6.654796005486864896e-01	6.465669055885689964e-01	1.000000000000000021e-03	7.295471562334859827e-01	5.828530976896290072e-01	6.844377720991130509e-01	7.012390996199120430e-01	7.977395490202150441e-01	6.552311602607689967e-01	7.118951227461119968e-01	6.654796005486864896e-01	7.277431952725780251e-01	6.654796005486864896e-01	7.924189354733469637e-01	6.654796005486864896e-01	7.627088048656499586e-01	6.654796005486864896e-01	6.654796005486864896e-01	7.279217407547300400e-01	6.654796005486864896e-01	6.654796005486864896e-01	7.509409951788830195e-01	6.172868625902609985e-01	7.484180985393089625e-01	6.542759240784640218e-01	6.654796005486864896e-01	6.107187661142150503e-01	7.330674744790830477e-01	5.622765465117319783e-01	7.359518722188990170e-01	6.654796005486864896e-01	6.654796005486864896e-01	7.110375487605620215e-01	6.359853667902900520e-01	6.654796005486864896e-01	6.298967754705929734e-01	7.479753734948719757e-01	7.264601767577379965e-01	6.654796005486864896e-01	6.654796005486864896e-01	6.654796005486864896e-01	5.871194353172159985e-01	6.538163720910740162e-01	6.812770229102990127e-01	6.517422735729410110e-01	6.981262777406670450e-01	6.430643544561800429e-01	6.654796005486864896e-01	7.658353941595089642e-01	6.834262074586829883e-01	7.739481406082989734e-01	6.133152275031299450e-01	6.654796005486864896e-01	7.370598171851160396e-01	6.572151940677000148e-01	6.697261147257850267e-01	6.770975952294490119e-01	5.409198678625599666e-01	6.654796005486864896e-01	6.027624617942319851e-01	7.055858355971680318e-01	7.351992129365809703e-01	7.067103306922000172e-01	6.654796005486864896e-01	7.557315940743000171e-01	7.321434100538389833e-01	6.654796005486864896e-01	7.091204940035970017e-01	7.817087807777649555e-01	6.430960323665190215e-01	6.181247017224219542e-01	6.654796005486864896e-01	5.821932962536130463e-01	5.703418640438610021e-01	6.810402794121039882e-01	6.654796005486864896e-01	7.801405584136269500e-01	6.654796005486864896e-01	7.458268965652280480e-01	6.654796005486864896e-01	5.778529123028099956e-01	6.067173065772929474e-01	6.334382498017879781e-01	6.654796005486864896e-01	6.654796005486864896e-01	6.383706473911350265e-01	6.654796005486864896e-01	6.654796005486864896e-01	7.871220722774739942e-01	5.801133294386620065e-01	6.654796005486864896e-01	6.654796005486864896e-01	5.570264098747780279e-01	6.654796005486864896e-01	6.654796005486864896e-01	6.529278675973230195e-01	6.792123715860309829e-01	6.270850817723510051e-01	6.654796005486864896e-01	6.654796005486864896e-01	6.684253259591890206e-01	6.654796005486864896e-01	7.234619277093109480e-01	6.654796005486864896e-01	7.591731338294139819e-01	7.532911814917070403e-01	7.566395996126999979e-01	6.654796005486864896e-01	6.654796005486864896e-01	6.654796005486864896e-01	7.397077714002230353e-01	7.532184755286850386e-01
7.113825770629480516e-01	7.055758206698360402e-01	6.654796005486864896e-01	7.023644559834839596e-01	6.654796005486864896e-01	6.339365051944759744e-01	7.214428863491080257e-01	6.654796005486864896e-01	6.501090204039750020e-01	7.270166221830339781e-01	7.682858605721080147e-01	1.000000000000039968e+00	6.853257187023239494e-01	6.159396433506499902e-01	1.000000000000000021e-03	6.704343578961550199e-01	5.354432534055579840e-01	6.403516856582219807e-01	6.708573263868929937e-01	7.510850218762360475e-01	6.654796005486864896e-01	6.845490040702459922e-01	7.403305082298560214e-01	6.988797772738569725e-01	6.986946491951659954e-01	6.654796005486864896e-01	6.654796005486864896e-01	7.177800141177640425e-01	6.654796005486864896e-01	6.654796005486864896e-01	6.690490614020000448e-01	6.552992183903789680e-01	6.387224154796460329e-01	6.654796005486864896e-01	5.889400021681570063e-01	6.921531119641080032e-01	6.257792659814600533e-01	7.393283548759279622e-01	5.819913686450980395e-01	7.242619305995200429e-01	5.273356116653850068e-01	6.654796005486864896e-01	6.231447240691549982e-01	6.249262159257049642e-01	6.667767918606940514e-01	5.971961805865539930e-01	5.854372624871869712e-01	5.978497422048779653e-01	6.926321302562009619e-01	7.269012253417299618e-01	7.017160356098890439e-01	6.859328003036110344e-01	6.652592331034079542e-01	5.741670156866159891e-01	6.361909603079799469e-01	6.366310522635330038e-01	6.654796005486864896e-01	6.654796005486864896e-01	6.163826216074099751e-01	6.654796005486864896e-01	7.555412159266630123e-01	6.579013970966000047e-01	7.987210363839559735e-01	5.792209818141259570e-01	5.145014082624960183e-01	6.654796005486864896e-01	6.654796005486864896e-01	6.654796005486864896e-01	6.515837006272150456e-01	6.654796005486864896e-01	6.654796005486864896e-01	6.654796005486864896e-01	6.842010664294470024e-01	7.028257490690550391e-01	6.654796005486864896e-01	6.832528614272550538e-01	7.716681485585169531e-01	7.091589932841599886e-01	6.501192223609030263e-01	6.654796005486864896e-01	6.654796005486864896e-01	6.233940032297170530e-01	6.654796005486864896e-01	6.654796005486864896e-01	6.654796005486864896e-01	5.415040176473580047e-01	6.529520083895550275e-01	6.654796005486864896e-01	7.360462408348370511e-01	6.756823369780510236e-01	6.654796005486864896e-01	6.654796005486864896e-01	5.417598382245929489e-01	5.848247339413350510e-01	6.326686602792209735e-01	6.453208218907250382e-01	6.961537648971549697e-01	6.309149560873400508e-01	6.658853977372950483e-01	7.048160106095779920e-01	6.654796005486864896e-01	6.654796005486864896e-01	5.694912797833560081e-01	6.654796005486864896e-01	6.654796005486864896e-01	6.159678242189210451e-01	7.311750305174919973e-01	6.654796005486864896e-01	6.654796005486864896e-01	5.965704624859949901e-01	7.122508899071280375e-01	6.214047185217720370e-01	6.307487337226469482e-01	6.654796005486864896e-01	7.080188982612080073e-01	7.164375744104319876e-01	6.654796005486864896e-01	7.099679821122949486e-01	7.204807218924139667e-01	7.519237572835240080e-01	7.964037512746799941e-01	6.654796005486864896e-01	6.654796005486864896e-01	7.759550817573600545e-01
