9.999999999999990008e-01	6.069196667448555349e-01	7.895462857711329496e-01	6.085078976457329869e-01	6.069196667448555349e-01	6.355278446733769737e-01	6.423141624495839475e-01	6.905330336750610254e-01	6.840332244684690366e-01	6.069196667448555349e-01	6.069196667448555349e-01	6.544469317482169979e-01	6.460695627649689632e-01	5.766285798968320275e-01	6.565815042416049963e-01	6.644622778118020046e-01	5.890774964930149959e-01	6.069196667448555349e-01	6.324159895618669536e-01	6.069196667448555349e-01	5.993887725951589918e-01	6.697774028535430357e-01	6.770232910873620336e-01	6.069196667448555349e-01	6.584851213295209726e-01	6.739403912790610240e-01	6.069196667448555349e-01	6.775108280012209772e-01	6.432065423159609718e-01	6.602418511866300355e-01	6.571485817538550434e-01	6.199982003078450266e-01	6.320574413341130127e-01	7.048191506855480126e-01	6.341198256337160499e-01	6.069196667448555349e-01	6.683489911611769640e-01	6.069196667448555349e-01	6.069196667448555349e-01	6.069196667448555349e-01	6.069196667448555349e-01	5.878026602747019602e-01	6.069196667448555349e-01	6.069196667448555349e-01	5.926399054981430492e-01	6.216954336661649760e-01	6.069196667448555349e-01	6.341864882795690272e-01	6.645300601967519816e-01	6.069196667448555349e-01	6.069196667448555349e-01	6.092986149001190510e-01	6.069196667448555349e-01	6.069196667448555349e-01	6.354117942144930087e-01	6.023470276546110114e-01	6.069196667448555349e-01	6.136786149479289687e-01	6.069196667448555349e-01	6.215697737075179807e-01	6.069196667448555349e-01	6.322163633896750179e-01	6.069196667448555349e-01	6.069196667448555349e-01	6.069196667448555349e-01	6.069196667448555349e-01	6.386177519347460141e-01	6.069196667448555349e-01	6.082788222644309739e-01	6.069196667448555349e-01	6.069196667448555349e-01	6.069196667448555349e-01	6.341481054726330058e-01	6.069196667448555349e-01	5.837507511567879837e-01	6.183525598079689933e-01	6.069196667448555349e-01	5.722266477096999981e-01	6.112400682926989459e-01	6.069196667448555349e-01	6.406915966269249862e-01	6.380806358764520292e-01	6.319232977805849805e-01	6.069196667448555349e-01	6.069196667448555349e-01	6.069196667448555349e-01	6.396967476194900248e-01	6.165544955255559678e-01	8.012516906098130498e-01	6.283862647563149828e-01	6.611614207348860406e-01	5.768997516423509664e-01	5.623747321122100074e-01	5.721163496778369772e-01	6.069196667448555349e-01	6.069196667448555349e-01	6.067760505641770497e-01	6.021810689725659582e-01	6.069196667448555349e-01	6.069196667448555349e-01	5.751132383960809724e-01	6.069196667448555349e-01	5.948389494728419935e-01	6.069196667448555349e-01	6.069196667448555349e-01	6.069196667448555349e-01	6.069196667448555349e-01	6.119432905444669446e-01	6.329975272743200154e-01	6.065597559639439584e-01	6.686884516773790033e-01	6.069196667448555349e-01	6.069196667448555349e-01	6.069196667448555349e-01	6.069196667448555349e-01	7.869864924003789897e-01	7.670062866182949524e-01	6.069196667448555349e-01	6.069196667448555349e-01	6.867274611860000322e-01	5.925273208559049820e-01	6.069196667448555349e-01	7.158938574817830247e-01	6.069196667448555349e-01
6.069196667448555349e-01	1.000000000000000000e+00	7.651707510574350390e-01	6.069196667448555349e-01	6.547904425165500530e-01	6.069196667448555349e-01	6.069196667448555349e-01	6.069196667448555349e-01	6.668110813916700019e-01	6.069196667448555349e-01	6.614886628851750494e-01	6.069196667448555349e-01	6.309162633953160348e-01	5.889317396396870352e-01	6.324539883299959975e-01	6.344192510480489711e-01	5.906224337548620085e-01	5.619385483367850265e-01	6.069196667448555349e-01	6.069196667448555349e-01	6.069196667448555349e-01	6.460831748895420334e-01	6.678259552196420534e-01	6.501669030492780443e-01	6.325339928879779583e-01	6.582891101138880208e-01	6.118313987571060153e-01	6.069196667448555349e-01	6.069196667448555349e-01	6.069196667448555349e-01	6.267705958088369833e-01	6.069196667448555349e-01	6.069196667448555349e-01	6.069196667448555349e-01	6.069196667448555349e-01	6.090369612124429954e-01	6.069196667448555349e-01	6.069196667448555349e-01	6.376557680727870103e-01	6.069196667448555349e-01	6.688460163302789585e-01	6.069196667448555349e-01	6.069196667448555349e-01	6.069196667448555349e-01	6.069196667448555349e-01	6.111041132604999593e-01	6.017695821239600340e-01	6.239919623203999954e-01	6.069196667448555349e-01	6.069196667448555349e-01	6.548418451232950188e-01	6.069196667448555349e-01	6.069196667448555349e-01	6.069196667448555349e-01	6.069196667448555349e-01	5.981534794554910217e-01	6.341348887755150487e-01	5.909187769479450347e-01	6.069196667448555349e-01	6.069196667448555349e-01	6.325615174917750272e-01	6.069196667448555349e-01	6.069196667448555349e-01	6.227137089211709498e-01	5.710620745219939787e-01	6.069196667448555349e-01	6.069196667448555349e-01	6.141573444838950291e-01	5.860959782103190019e-01	6.159357304561230428e-01	6.115598523823230215e-01	6.069196667448555349e-01	6.069196667448555349e-01	6.069196667448555349e-01	5.809208787274350305e-01	6.069196667448555349e-01	6.069196667448555349e-01	6.069196667448555349e-01	6.049665271019220025e-01	6.069196667448555349e-01	6.392272692972710280e-01	6.203120388778220473e-01	6.062869356618639793e-01	6.764802940290649547e-01	6.190862709138800213e-01	6.195509563777550355e-01	6.069196667448555349e-01	6.116131833732320056e-01	6.069196667448555349e-01	6.069196667448555349e-01	6.467165562239209908e-01	5.849737765679650092e-01	6.069196667448555349e-01	6.069196667448555349e-01	5.570314933214179920e-01	5.736688313462779965e-01	6.069196667448555349e-01	6.069196667448555349e-01	5.911992976388590337e-01	6.069196667448555349e-01	5.987399383270799458e-01	6.057178839428749573e-01	5.963016067934420184e-01	6.069196667448555349e-01	6.069196667448555349e-01	5.981868702708730279e-01	6.011146303207850483e-01	6.069196667448555349e-01	6.069196667448555349e-01	5.900981476769360246e-01	6.453910977874389721e-01	6.069196667448555349e-01	6.069196667448555349e-01	6.413508930454310253e-01	6.342301514245409777e-01	7.584802055128030407e-01	6.069196667448555349e-01	7.710781023354179586e-01	6.069196667448555349e-01	6.069196667448555349e-01	5.886357203703159735e-01	6.738138131235610340e-01	6.714004717281050194e-01	6.069196667448555349e-01
7.895462857711329496e-01	7.651707510574350390e-01	1.000000000000000000e+00	5.797537473406939590e-01	6.069196667448555349e-01	6.555276766383349996e-01	6.338301515106260497e-01	6.615508430281099583e-01	6.069196667448555349e-01	6.069196667448555349e-01	6.069196667448555349e-01	6.069196667448555349e-01	6.069196667448555349e-01	6.069196667448555349e-01	6.222808045674610433e-01	6.069196667448555349e-01	5.987212172551249489e-01	5.719839490405820293e-01	6.205852608181420260e-01	6.201941550871830078e-01	5.916320764661819886e-01	6.331320254710050000e-01	6.490228494402190407e-01	6.512895305113950428e-01	6.069196667448555349e-01	6.407984458352380397e-01	6.298063540985260333e-01	6.069196667448555349e-01	6.069196667448555349e-01	6.335751749867419846e-01	6.267059589113860296e-01	6.069196667448555349e-01	6.069196667448555349e-01	6.069196667448555349e-01	6.069196667448555349e-01	6.069196667448555349e-01	6.069196667448555349e-01	6.384643222845659549e-01	6.421632158143699698e-01	6.069196667448555349e-01	6.426594792333319983e-01	5.881274149745829849e-01	6.069196667448555349e-01	6.069196667448555349e-01	6.069196667448555349e-01	6.069196667448555349e-01	6.069196667448555349e-01	6.069196667448555349e-01	6.069196667448555349e-01	6.069196667448555349e-01	6.069196667448555349e-01	6.069196667448555349e-01	5.747186439371170241e-01	5.823008413528230065e-01	6.123220298339600021e-01	6.120107776153650425e-01	6.069196667448555349e-01	5.940640379677130101e-01	6.069196667448555349e-01	6.069196667448555349e-01	6.069196667448555349e-01	6.069196667448555349e-01	6.069196667448555349e-01	5.937120605684399477e-01	6.069196667448555349e-01	6.443868124662199826e-01	6.069196667448555349e-01	6.069196667448555349e-01	6.006247942686629981e-01	6.083902856959589878e-01	6.069196667448555349e-01	6.315459116420220065e-01	6.177809584739909488e-01	6.553490503953339763e-01	5.853926183963480412e-01	6.069196667448555349e-01	6.759393095291820197e-01	6.069196667448555349e-01	6.069196667448555349e-01	6.069196667448555349e-01	6.092012312537510299e-01	6.106629267955400175e-01	6.051222371838890224e-01	6.453408226757350041e-01	5.961292874636929806e-01	6.102279479625160041e-01	6.438113468206999590e-01	6.199854871577129556e-01	7.559471187309529938e-01	6.069196667448555349e-01	6.069196667448555349e-01	5.759999519653350442e-01	6.069196667448555349e-01	6.069196667448555349e-01	6.069196667448555349e-01	6.069196667448555349e-01	6.152298748950260077e-01	5.819147381977629596e-01	5.948603177517299834e-01	6.180446967310320172e-01	6.069196667448555349e-01	6.069196667448555349e-01	6.069196667448555349e-01	5.740102916940750255e-01	6.069196667448555349e-01	5.957211650883690313e-01	6.172365641208880094e-01	6.069196667448555349e-01	6.136691241648859485e-01	6.069196667448555349e-01	6.069196667448555349e-01	6.584838108112179844e-01	6.069196667448555349e-01	6.583089990291159932e-01	6.634283438455049753e-01	7.371569717326239557e-01	6.069196667448555349e-01	6.069196667448555349e-01	7.341342060712550133e-01	6.069196667448555349e-01	6.069196667448555349e-01	6.695419816162100357e-01	6.698850979506190129e-01	6.683363633663109704e-01
6.085078976457329869e-01	6.069196667448555349e-01	5.797537473406939590e-01	9.999999999999980016e-01	6.069196667448555349e-01	6.069196667448555349e-01	6.069196667448555349e-01	5.582625743729500156e-01	5.710423646378729456e-01	6.069196667448555349e-01	6.069196667448555349e-01	6.069196667448555349e-01	6.271046215413730307e-01	6.069196667448555349e-01	6.069196667448555349e-01	6.107483063178820171e-01	6.069196667448555349e-01	6.069196667448555349e-01	6.503586808172200362e-01	5.642747912165819724e-01	6.385002646506180435e-01	6.264827512072800308e-01	5.828779153079000075e-01	6.069196667448555349e-01	6.069196667448555349e-01	6.069196667448555349e-01	5.810004523703330426e-01	6.069196667448555349e-01	6.312538778131859818e-01	6.326209156729190042e-01	6.069196667448555349e-01	5.538340015434629615e-01	5.881077304426409746e-01	6.312293360731670022e-01	6.069196667448555349e-01	6.069196667448555349e-01	6.317451661947980357e-01	5.728937247420829992e-01	6.635279295204770111e-01	6.069196667448555349e-01	5.780284477013819533e-01	6.069196667448555349e-01	5.861114991935859608e-01	5.950916896929829836e-01	6.069196667448555349e-01	6.069196667448555349e-01	6.069196667448555349e-01	5.656477450935539775e-01	6.502613720157469634e-01	6.069196667448555349e-01	6.069196667448555349e-01	6.104923156434439724e-01	6.069196667448555349e-01	5.535847639954030175e-01	6.069196667448555349e-01	6.069196667448555349e-01	6.045317708448240124e-01	5.718826615780030487e-01	5.793968038315320257e-01	5.523548081064679760e-01	6.069196667448555349e-01	5.386485050209669501e-01	5.412149639677009683e-01	5.852712199715980335e-01	6.069196667448555349e-01	6.256307405363550345e-01	6.069196667448555349e-01	6.069196667448555349e-01	6.386152858825849821e-01	6.069196667448555349e-01	5.753632337675480546e-01	6.069196667448555349e-01	6.069196667448555349e-01	6.020143594419999911e-01	6.069196667448555349e-01	6.283863324613160328e-01	6.069196667448555349e-01	6.069196667448555349e-01	6.069196667448555349e-01	5.758001368818329579e-01	5.731838104294579850e-01	5.149806414110179587e-01	6.069196667448555349e-01	6.069196667448555349e-01	6.069196667448555349e-01	6.069196667448555349e-01	6.069196667448555349e-01	6.069196667448555349e-01	5.997604166030300332e-01	5.806101704336780189e-01	6.069196667448555349e-01	6.035802636426710333e-01	6.069196667448555349e-01	5.799607341284059858e-01	5.167364827553290185e-01	5.816727443827669486e-01	6.041631072252400259e-01	5.641742121864159465e-01	6.069196667448555349e-01	5.935805424739289959e-01	5.353937746203260017e-01	6.069196667448555349e-01	5.546580989194720424e-01	6.097246668651919999e-01	5.504531650883649485e-01	6.069196667448555349e-01	5.695957138153739940e-01	5.650146460796889869e-01	6.340919983822049799e-01	6.069196667448555349e-01	6.002343857364289548e-01	6.426626496773949482e-01	6.217559917630419708e-01	6.069196667448555349e-01	5.898175173254720516e-01	6.069196667448555349e-01	6.082407516871249920e-01	6.069196667448555349e-01	6.131387835717470036e-01	5.998532950329059643e-01	6.069196667448555349e-01	5.800020538417209881e-01	6.069196667448555349e-01	6.069196667448555349e-01
6.069196667448555349e-01	6.547904425165500530e-01	6.069196667448555349e-01	6.069196667448555349e-01	9.999999999999980016e-01	6.069196667448555349e-01	6.069196667448555349e-01	6.959923819904769715e-01	6.069196667448555349e-01	6.069196667448555349e-01	6.795187484057350069e-01	6.069196667448555349e-01	6.432138616401630316e-01	6.069196667448555349e-01	6.105001896486079715e-01	6.069196667448555349e-01	6.069196667448555349e-01	5.374340904806439445e-01	6.069196667448555349e-01	7.185598478164190173e-01	6.069196667448555349e-01	6.069196667448555349e-01	6.069196667448555349e-01	6.069196667448555349e-01	6.069196667448555349e-01	6.069196667448555349e-01	5.392376332094890312e-01	6.349858754809080130e-01	5.704152994100789575e-01	6.054578127259100384e-01	5.896806002055390294e-01	5.735309851062460051e-01	6.069196667448555349e-01	6.069196667448555349e-01	5.882674914553850387e-01	6.069196667448555349e-01	5.870120203816560078e-01	6.069196667448555349e-01	5.874624846400939848e-01	6.069196667448555349e-01	6.069196667448555349e-01	6.726912052222759897e-01	6.069196667448555349e-01	6.317583278081110310e-01	6.069196667448555349e-01	6.069196667448555349e-01	6.069196667448555349e-01	6.069196667448555349e-01	6.097962638725069606e-01	5.722472161393300505e-01	6.069196667448555349e-01	6.069196667448555349e-01	5.824566793531780196e-01	6.069196667448555349e-01	6.347665500916359616e-01	6.069196667448555349e-01	6.069196667448555349e-01	5.562666850843279720e-01	6.069196667448555349e-01	6.069196667448555349e-01	6.150256705583639905e-01	6.069196667448555349e-01	6.069196667448555349e-01	6.069196667448555349e-01	5.463736103230439900e-01	6.348297540511179671e-01	5.656817737163299942e-01	6.069196667448555349e-01	5.899376624617049814e-01	6.397812962692029926e-01	6.069196667448555349e-01	6.069196667448555349e-01	5.867167223319480485e-01	6.069196667448555349e-01	5.834791541774569934e-01	6.465368431159099760e-01	6.649121474553749689e-01	5.873996639681170473e-01	6.069196667448555349e-01	5.745407317414600312e-01	6.069196667448555349e-01	6.069196667448555349e-01	6.069196667448555349e-01	6.349808912064099919e-01	5.852885395511080446e-01	6.069196667448555349e-01	6.069196667448555349e-01	6.069196667448555349e-01	6.929838021036910378e-01	5.930109643584240420e-01	6.470509813789090403e-01	6.069196667448555349e-01	5.744223978898149729e-01	5.539121815307149754e-01	6.069196667448555349e-01	6.069196667448555349e-01	6.294400176825459825e-01	6.069196667448555349e-01	6.069196667448555349e-01	6.069196667448555349e-01	6.766289621627109563e-01	6.069196667448555349e-01	6.069196667448555349e-01	6.069196667448555349e-01	6.409796514939599676e-01	6.069196667448555349e-01	6.123994283689110363e-01	5.670678767476490245e-01	6.069196667448555349e-01	5.548598730678160340e-01	5.744035573759610491e-01	6.069196667448555349e-01	6.069196667448555349e-01	6.069196667448555349e-01	6.064686576158799802e-01	6.069196667448555349e-01	6.069196667448555349e-01	6.666865835867790135e-01	6.069196667448555349e-01	6.069196667448555349e-01	6.069196667448555349e-01	6.677589918300349536e-01	6.172647836856499648e-01	6.658080254523149888e-01
6.355278446733769737e-01	6.069196667448555349e-01	6.555276766383349996e-01	6.069196667448555349e-01	6.069196667448555349e-01	9.999999999999980016e-01	6.369307263196349878e-01	5.964196037765300273e-01	6.078623185606569779e-01	6.069196667448555349e-01	6.380298626453250188e-01	6.069196667448555349e-01	6.069196667448555349e-01	6.149350471155790032e-01	5.860095452832190244e-01	5.860812616339790004e-01	6.069196667448555349e-01	5.200654838453739881e-01	5.612170608730859822e-01	6.275617628550279603e-01	6.129350907179940133e-01	5.707074913929669480e-01	6.069196667448555349e-01	6.069196667448555349e-01	6.069196667448555349e-01	6.069196667448555349e-01	6.069196667448555349e-01	5.799837059496999458e-01	6.069196667448555349e-01	6.069196667448555349e-01	6.069196667448555349e-01	5.621746275114229974e-01	6.069196667448555349e-01	6.552065471150909648e-01	6.069196667448555349e-01	6.069196667448555349e-01	6.069196667448555349e-01	6.069196667448555349e-01	5.830272495889770035e-01	6.069196667448555349e-01	6.069196667448555349e-01	6.396690618799489858e-01	6.069196667448555349e-01	6.069196667448555349e-01	5.236297816609070122e-01	5.776585096024280386e-01	6.069196667448555349e-01	6.069196667448555349e-01	6.308132669354959976e-01	6.069196667448555349e-01	6.173664243797170048e-01	6.069196667448555349e-01	6.069196667448555349e-01	5.844020592635680300e-01	6.069196667448555349e-01	6.069196667448555349e-01	6.226085741640120519e-01	5.343283872239229515e-01	6.069196667448555349e-01	6.069196667448555349e-01	6.300579457793860083e-01	5.666954211184900281e-01	6.069196667448555349e-01	6.069196667448555349e-01	6.069196667448555349e-01	6.069196667448555349e-01	6.069196667448555349e-01	6.069196667448555349e-01	5.867351550441299857e-01	6.069196667448555349e-01	6.069196667448555349e-01	5.966496996616420523e-01	5.643156298017729666e-01	6.069196667448555349e-01	6.000286355188919618e-01	6.298515731987860411e-01	6.069196667448555349e-01	6.259004606140560201e-01	6.069196667448555349e-01	6.069196667448555349e-01	6.380211295153189743e-01	5.476662044473520341e-01	6.069196667448555349e-01	5.817661472143950130e-01	6.069196667448555349e-01	6.069196667448555349e-01	6.532887324237139914e-01	6.069196667448555349e-01	6.069196667448555349e-01	6.269483957563449783e-01	6.653494048881900547e-01	6.278009139768819802e-01	5.970115555382869976e-01	6.069196667448555349e-01	6.069196667448555349e-01	6.273731996863289861e-01	6.637779876948319835e-01	6.069196667448555349e-01	6.457275405145620484e-01	6.069196667448555349e-01	6.069196667448555349e-01	6.299645006766090294e-01	6.006273013432209540e-01	6.069196667448555349e-01	6.069196667448555349e-01	6.069196667448555349e-01	6.069196667448555349e-01	6.069196667448555349e-01	5.329947526446100481e-01	5.280664544115080128e-01	6.069196667448555349e-01	6.057930591335030091e-01	6.036752671286109706e-01	6.069196667448555349e-01	6.069196667448555349e-01	6.334369440780339700e-01	6.074408208448079938e-01	6.557323979709489548e-01	6.069196667448555349e-01	6.069196667448555349e-01	6.606667648269299864e-01	6.314315662860240375e-01	5.845637956701049687e-01	6.100544551317580444e-01
6.423141624495839475e-01	6.069196667448555349e-01	6.338301515106260497e-01	6.069196667448555349e-01	6.069196667448555349e-01	6.369307263196349878e-01	9.999999999999990008e-01	6.069196667448555349e-01	6.907389186381499568e-01	6.069196667448555349e-01	6.069196667448555349e-01	7.083089120821139950e-01	6.380891554574390501e-01	6.069196667448555349e-01	6.069196667448555349e-01	5.960766699550640313e-01	5.940593882076430354e-01	6.069196667448555349e-01	5.497897105072550028e-01	6.069196667448555349e-01	5.859139881209990408e-01	5.799992985890309871e-01	6.069196667448555349e-01	5.823149667747280489e-01	6.069196667448555349e-01	7.147788507659720292e-01	5.349664585700439901e-01	6.380834195135759446e-01	6.069196667448555349e-01	5.751167486155559505e-01	5.884682169641539673e-01	6.069196667448555349e-01	5.176911170036559984e-01	6.026569102483190221e-01	6.069196667448555349e-01	6.069196667448555349e-01	6.069196667448555349e-01	6.069196667448555349e-01	5.826836760381119973e-01	6.069196667448555349e-01	5.996332919726069521e-01	7.126259211565949547e-01	6.574206668104829454e-01	6.069196667448555349e-01	5.179529414462840098e-01	6.069196667448555349e-01	5.573658494369440053e-01	6.069196667448555349e-01	5.985057739949120048e-01	5.806282276202450188e-01	6.196914881613250214e-01	6.069196667448555349e-01	6.069196667448555349e-01	6.021505049574360502e-01	6.206194133634159726e-01	6.069196667448555349e-01	6.287991688550129687e-01	5.503017533883409751e-01	5.677903239054240547e-01	5.683010656308480346e-01	6.069196667448555349e-01	6.069196667448555349e-01	6.716882558664950542e-01	6.113504758165519970e-01	5.333531610185080485e-01	6.069196667448555349e-01	6.069196667448555349e-01	6.177329641059360332e-01	5.917635090359439909e-01	6.069196667448555349e-01	6.069196667448555349e-01	6.069196667448555349e-01	5.767998339939149899e-01	5.991602024533360105e-01	6.069196667448555349e-01	6.259103291465569763e-01	6.552095505054400526e-01	6.008036351320880097e-01	6.069196667448555349e-01	5.795830046437250305e-01	6.069196667448555349e-01	6.069196667448555349e-01	6.069196667448555349e-01	6.069196667448555349e-01	6.069196667448555349e-01	6.235375395643899532e-01	6.069196667448555349e-01	6.162002382892549646e-01	6.528001517035020296e-01	6.000763693580269953e-01	6.069196667448555349e-01	6.069196667448555349e-01	6.069196667448555349e-01	6.069196667448555349e-01	6.069196667448555349e-01	6.069196667448555349e-01	6.319596717243549655e-01	6.069196667448555349e-01	6.069196667448555349e-01	6.581848489607939889e-01	6.069196667448555349e-01	6.220131763028680094e-01	5.987647773507990268e-01	6.069196667448555349e-01	6.069196667448555349e-01	6.069196667448555349e-01	6.225000787207080055e-01	5.745303867684450339e-01	5.553120798922329682e-01	5.442852726501570260e-01	5.668652927984400014e-01	6.069196667448555349e-01	6.069196667448555349e-01	6.069196667448555349e-01	6.069196667448555349e-01	6.600098174046059585e-01	6.023430303535990404e-01	6.069196667448555349e-01	6.450763313404780375e-01	6.216944437018110392e-01	6.069196667448555349e-01	6.069196667448555349e-01	6.069196667448555349e-01	6.564379660171060227e-01
6.905330336750610254e-01	6.069196667448555349e-01	6.615508430281099583e-01	5.582625743729500156e-01	6.959923819904769715e-01	5.964196037765300273e-01	6.069196667448555349e-01	1.000000000000000000e+00	6.069196667448555349e-01	6.069196667448555349e-01	6.069196667448555349e-01	6.720180253145470184e-01	6.159144918019180404e-01	6.069196667448555349e-01	6.069196667448555349e-01	6.389428456585080074e-01	5.657413820351629985e-01	5.414194731346050338e-01	6.069196667448555349e-01	6.069196667448555349e-01	6.069196667448555349e-01	6.069196667448555349e-01	6.069196667448555349e-01	6.069196667448555349e-01	7.160260927629700234e-01	6.069196667448555349e-01	6.069196667448555349e-01	6.069196667448555349e-01	5.909877217048560283e-01	6.334546285071339655e-01	6.069196667448555349e-01	5.637385132391899978e-01	6.069196667448555349e-01	6.253809246923079934e-01	5.984193117365189662e-01	5.685417601812879917e-01	6.069196667448555349e-01	6.203365742062829646e-01	6.005541325265359998e-01	6.069196667448555349e-01	6.378881938227669579e-01	6.069196667448555349e-01	6.069196667448555349e-01	6.069196667448555349e-01	5.402477741056790350e-01	6.392691420030099936e-01	5.752249136807350283e-01	6.038871134505640059e-01	6.069196667448555349e-01	5.932828733592110382e-01	6.396356974586070443e-01	6.069196667448555349e-01	6.069196667448555349e-01	5.748008579517239758e-01	6.069196667448555349e-01	5.804435374338320353e-01	6.069196667448555349e-01	6.069196667448555349e-01	6.069196667448555349e-01	5.854251108577329665e-01	6.069196667448555349e-01	5.723395804242269458e-01	6.069196667448555349e-01	5.902264380794469689e-01	5.575497052350409932e-01	6.187361507334979693e-01	6.069196667448555349e-01	6.080236101313679642e-01	6.069196667448555349e-01	6.069196667448555349e-01	5.738536084029109974e-01	6.305852299948120354e-01	6.069196667448555349e-01	6.222387436188140386e-01	5.587668345623599819e-01	6.069196667448555349e-01	6.069196667448555349e-01	5.662031832979700363e-01	5.962327681846020244e-01	5.847529311969159593e-01	6.069196667448555349e-01	6.069196667448555349e-01	6.069196667448555349e-01	6.689026735013019476e-01	6.069196667448555349e-01	6.030648630601029847e-01	6.127424848932190304e-01	5.888497150683039694e-01	6.069196667448555349e-01	5.837307128556930014e-01	6.309425958825789493e-01	5.743343890589539535e-01	6.069196667448555349e-01	6.069196667448555349e-01	6.069196667448555349e-01	5.596434881418500540e-01	6.069196667448555349e-01	5.771899139781100363e-01	6.069196667448555349e-01	6.016580505771109699e-01	6.069196667448555349e-01	6.069196667448555349e-01	6.069196667448555349e-01	5.479690022183989484e-01	6.069196667448555349e-01	5.602460747263510177e-01	5.875547492921999737e-01	5.829664498325429767e-01	6.069196667448555349e-01	5.818872846639889795e-01	6.069196667448555349e-01	6.434599819506650054e-01	6.088365891652219863e-01	5.964393869524250436e-01	6.312827101753210046e-01	6.069196667448555349e-01	6.069196667448555349e-01	6.069196667448555349e-01	6.722054441918270395e-01	6.664637637912199652e-01	6.069196667448555349e-01	6.566291145032699950e-01	6.069196667448555349e-01	6.787739895826929715e-01
6.840332244684690366e-01	6.668110813916700019e-01	6.069196667448555349e-01	5.710423646378729456e-01	6.069196667448555349e-01	6.078623185606569779e-01	6.907389186381499568e-01	6.069196667448555349e-01	1.000000000000000000e+00	6.946813989667539602e-01	6.069196667448555349e-01	6.069196667448555349e-01	6.069196667448555349e-01	5.371305521305239639e-01	6.069196667448555349e-01	6.348421091307500097e-01	6.069196667448555349e-01	5.502215527227579672e-01	5.883853097585209913e-01	6.069196667448555349e-01	6.069196667448555349e-01	6.069196667448555349e-01	6.069196667448555349e-01	6.413726384247000478e-01	6.069196667448555349e-01	6.069196667448555349e-01	6.069774703004899852e-01	6.069196667448555349e-01	5.977247267720979806e-01	6.069196667448555349e-01	6.069196667448555349e-01	6.069196667448555349e-01	5.963055663688839880e-01	6.069196667448555349e-01	6.084483128378059824e-01	6.069196667448555349e-01	6.069196667448555349e-01	6.330525418627319656e-01	6.069196667448555349e-01	6.069196667448555349e-01	6.069196667448555349e-01	6.605306227259419849e-01	6.500012310543979988e-01	6.069196667448555349e-01	5.469013164873960386e-01	6.448412282250599592e-01	5.847190596801939977e-01	6.069196667448555349e-01	6.322611380671050441e-01	6.069196667448555349e-01	6.307919222407779580e-01	5.805095717088449847e-01	6.069196667448555349e-01	6.069196667448555349e-01	6.069196667448555349e-01	5.842178482058320022e-01	6.069196667448555349e-01	6.069196667448555349e-01	6.069196667448555349e-01	5.867576227425880253e-01	6.214353354871180457e-01	5.749703661605829463e-01	6.069196667448555349e-01	6.069196667448555349e-01	6.069196667448555349e-01	6.198903046438829501e-01	6.288073465482759694e-01	6.069196667448555349e-01	6.069196667448555349e-01	5.925378555658720181e-01	5.754384952432629596e-01	6.095122247139520555e-01	6.069196667448555349e-01	6.264245648403490296e-01	6.069196667448555349e-01	6.069196667448555349e-01	6.745111310371549873e-01	5.771111093550389537e-01	6.069196667448555349e-01	6.069196667448555349e-01	6.069196667448555349e-01	5.999875082344590105e-01	6.069196667448555349e-01	6.069196667448555349e-01	5.814477853215309633e-01	5.879134482266630268e-01	6.243626173473060259e-01	6.069196667448555349e-01	6.937752640135850246e-01	5.976908649335570534e-01	6.384571935883830429e-01	5.705211180195840504e-01	5.335503152814049521e-01	5.330662180336650513e-01	5.285087861867580061e-01	6.069196667448555349e-01	5.950829420683170223e-01	6.069196667448555349e-01	5.712041744454310344e-01	5.981625904204479482e-01	6.069196667448555349e-01	6.069196667448555349e-01	5.526979649429909491e-01	6.069196667448555349e-01	6.069196667448555349e-01	6.069196667448555349e-01	5.789562871248059572e-01	5.992730423953599450e-01	6.069196667448555349e-01	5.885269142455800129e-01	6.393248648129179479e-01	6.560925927393309598e-01	6.292363202274989797e-01	6.084383189762340161e-01	6.484431206189109620e-01	6.646226568075970231e-01	6.379486353020280553e-01	6.069196667448555349e-01	6.675040236793680082e-01	6.851562015792730387e-01	6.069196667448555349e-01	6.069196667448555349e-01	6.636003250552140464e-01	6.069196667448555349e-01
6.069196667448555349e-01	6.069196667448555349e-01	6.069196667448555349e-01	6.069196667448555349e-01	6.069196667448555349e-01	6.069196667448555349e-01	6.069196667448555349e-01	6.069196667448555349e-01	6.946813989667539602e-01	1.000000000000000000e+00	6.697778697531230341e-01	6.069196667448555349e-01	6.091358149235139852e-01	6.069196667448555349e-01	6.396277695532189833e-01	6.319281214751879538e-01	6.069196667448555349e-01	5.418203000555460447e-01	6.069196667448555349e-01	6.608788199370130290e-01	5.660472045133919661e-01	6.309267849640379788e-01	6.069196667448555349e-01	6.069196667448555349e-01	6.744664437708659532e-01	6.918780948675760101e-01	6.069196667448555349e-01	6.953449770007069652e-01	6.069196667448555349e-01	6.395227038373919592e-01	6.622968160384520298e-01	5.787442776827980140e-01	5.810254723615829731e-01	6.430901607090110383e-01	6.069196667448555349e-01	5.965145176598209975e-01	6.255397968146160226e-01	6.449620685932599962e-01	6.088625595593929463e-01	6.069196667448555349e-01	6.069196667448555349e-01	5.902314304605980055e-01	6.069196667448555349e-01	6.069196667448555349e-01	6.069196667448555349e-01	6.128868773283669968e-01	5.736378844818560419e-01	5.967544174359590281e-01	6.069196667448555349e-01	6.069196667448555349e-01	6.579392880581500513e-01	6.069196667448555349e-01	5.610355559033890493e-01	5.727421587782569601e-01	6.069196667448555349e-01	5.761016551496870308e-01	6.069196667448555349e-01	6.069196667448555349e-01	5.662657016322090175e-01	5.840911881698820363e-01	6.062401668670369670e-01	5.948971886174130308e-01	6.548161245132669839e-01	5.898110571062400442e-01	6.069196667448555349e-01	6.069196667448555349e-01	6.069196667448555349e-01	6.067436021870860063e-01	6.069196667448555349e-01	6.069196667448555349e-01	5.701147244354229926e-01	6.162151269438199686e-01	6.069196667448555349e-01	6.097912331180780354e-01	5.581683257378130536e-01	5.921170474508670178e-01	6.069196667448555349e-01	5.478139890034600112e-01	6.069196667448555349e-01	6.069196667448555349e-01	6.069196667448555349e-01	6.019753939527759945e-01	6.069196667448555349e-01	6.445828552326210437e-01	6.215970415332360277e-01	6.069196667448555349e-01	6.069196667448555349e-01	5.703656917167929663e-01	6.069196667448555349e-01	6.069196667448555349e-01	6.238084765069310533e-01	6.069196667448555349e-01	5.305507958375610400e-01	5.366847037291460065e-01	5.355048050285230454e-01	5.496697325237179799e-01	6.069196667448555349e-01	5.783342633529759969e-01	5.692590824187350185e-01	6.069196667448555349e-01	6.069196667448555349e-01	6.069196667448555349e-01	6.069196667448555349e-01	6.069196667448555349e-01	6.069196667448555349e-01	5.569771549112390030e-01	6.069196667448555349e-01	6.069196667448555349e-01	5.834809687718109927e-01	6.069196667448555349e-01	6.069196667448555349e-01	6.069196667448555349e-01	6.069196667448555349e-01	6.142271503767720020e-01	6.245500319976909909e-01	6.785083325450419478e-01	6.481529432030429527e-01	6.069196667448555349e-01	6.069196667448555349e-01	6.069196667448555349e-01	6.069196667448555349e-01	6.069196667448555349e-01	6.069196667448555349e-01	6.069196667448555349e-01
6.069196667448555349e-01	6.614886628851750494e-01	6.069196667448555349e-01	6.069196667448555349e-01	6.795187484057350069e-01	6.380298626453250188e-01	6.069196667448555349e-01	6.069196667448555349e-01	6.069196667448555349e-01	6.697778697531230341e-01	1.000000000000000000e+00	6.946094801442129762e-01	6.069196667448555349e-01	5.893925153773319492e-01	6.072511832978659818e-01	6.030442124257889835e-01	6.069196667448555349e-01	5.322022321031899539e-01	5.814631812067529992e-01	6.069196667448555349e-01	6.069196667448555349e-01	6.069196667448555349e-01	6.069196667448555349e-01	6.055234115018840457e-01	6.367618610038410232e-01	6.069196667448555349e-01	6.069196667448555349e-01	6.327002841918220044e-01	5.835807222977880127e-01	6.069196667448555349e-01	6.069196667448555349e-01	6.069196667448555349e-01	5.428866564590170141e-01	6.069196667448555349e-01	6.069196667448555349e-01	6.069196667448555349e-01	6.069196667448555349e-01	5.968168101129870395e-01	6.055650366532610018e-01	6.069196667448555349e-01	6.069196667448555349e-01	6.069196667448555349e-01	6.069196667448555349e-01	6.301247108942860109e-01	5.432594665150209945e-01	6.069196667448555349e-01	5.784466214879260271e-01	6.255989058108509804e-01	6.433105470902029666e-01	6.157985824561279520e-01	6.872069526955389973e-01	6.078482194147439843e-01	6.069196667448555349e-01	6.069196667448555349e-01	6.360480995999580056e-01	5.911150354563170506e-01	6.069196667448555349e-01	6.069196667448555349e-01	5.765629277674619857e-01	6.069196667448555349e-01	6.084625851969059918e-01	6.069196667448555349e-01	6.069196667448555349e-01	6.069196667448555349e-01	6.069196667448555349e-01	6.483349912649359892e-01	6.069196667448555349e-01	6.069196667448555349e-01	6.069196667448555349e-01	6.069196667448555349e-01	6.069196667448555349e-01	6.220517907518220424e-01	6.108688214685880080e-01	6.069196667448555349e-01	6.069196667448555349e-01	6.069196667448555349e-01	6.551116153537199782e-01	5.608011301248480018e-01	6.069196667448555349e-01	6.069196667448555349e-01	6.810108393298629492e-01	6.196747335069699991e-01	6.069196667448555349e-01	6.069196667448555349e-01	6.069196667448555349e-01	5.737229698031740543e-01	6.160446729593620496e-01	6.069196667448555349e-01	6.799187613339530145e-01	6.168723041443739952e-01	6.069196667448555349e-01	6.069196667448555349e-01	5.716701366350049884e-01	6.069196667448555349e-01	6.069196667448555349e-01	5.821984523531239519e-01	6.069196667448555349e-01	6.066684330129540337e-01	6.069196667448555349e-01	6.484085742624450255e-01	6.069196667448555349e-01	6.016108091674130520e-01	6.029421038208290229e-01	5.587616748755089846e-01	6.023558943595289650e-01	5.931890014476780548e-01	5.962315829053500549e-01	6.019780578030780038e-01	6.069196667448555349e-01	5.516440855785790243e-01	5.696700524156460554e-01	6.069196667448555349e-01	6.069196667448555349e-01	6.198434231179680287e-01	6.069196667448555349e-01	6.571924174967279653e-01	6.133017829025360079e-01	6.069196667448555349e-01	6.730839449238139593e-01	6.107939800058469482e-01	6.068035213453639720e-01	6.069196667448555349e-01	6.294836764756459591e-01	6.512963234029289783e-01
6.544469317482169979e-01	6.069196667448555349e-01	6.069196667448555349e-01	6.069196667448555349e-01	6.069196667448555349e-01	6.069196667448555349e-01	7.083089120821139950e-01	6.720180253145470184e-01	6.069196667448555349e-01	6.069196667448555349e-01	6.946094801442129762e-01	1.000000000000000000e+00	6.069196667448555349e-01	6.069196667448555349e-01	6.069196667448555349e-01	6.069196667448555349e-01	5.839159561251440200e-01	6.069196667448555349e-01	5.702687788619830167e-01	6.069196667448555349e-01	6.057569863784779685e-01	6.069196667448555349e-01	6.635661480972570025e-01	5.778273570725209751e-01	6.409726067138790118e-01	6.069196667448555349e-01	6.069196667448555349e-01	6.069196667448555349e-01	5.701075748352210093e-01	6.069196667448555349e-01	6.069196667448555349e-01	6.069196667448555349e-01	5.195964637265400032e-01	6.069196667448555349e-01	5.776534541191370442e-01	5.376425974311940248e-01	5.796731948686559832e-01	6.069196667448555349e-01	5.755045893539699753e-01	5.519840888855039873e-01	5.976377851286589493e-01	6.645987493088210130e-01	6.069196667448555349e-01	6.069196667448555349e-01	5.042566245979399620e-01	6.028953515794109874e-01	6.069196667448555349e-01	6.343497458526280441e-01	6.036112403936509940e-01	6.069196667448555349e-01	6.953929544049960443e-01	6.069196667448555349e-01	6.069196667448555349e-01	6.069196667448555349e-01	6.299133797582689986e-01	6.069196667448555349e-01	6.069196667448555349e-01	6.069196667448555349e-01	6.069196667448555349e-01	6.069196667448555349e-01	6.406691264547870190e-01	6.069196667448555349e-01	6.870513425048679901e-01	6.205089207135809914e-01	5.415146434068770498e-01	6.554450768631600033e-01	6.069196667448555349e-01	6.247468146223269514e-01	6.069196667448555349e-01	6.386291617924769737e-01	6.069196667448555349e-01	6.069196667448555349e-01	5.625635155313150060e-01	5.904054885014600185e-01	5.964728758292270339e-01	6.337867492869440067e-01	7.086306321461339763e-01	6.069196667448555349e-01	6.356583591800050170e-01	6.069196667448555349e-01	6.069196667448555349e-01	5.905126659757710117e-01	6.069196667448555349e-01	6.188656306798030471e-01	5.692600911096780125e-01	6.406710650467980495e-01	6.069196667448555349e-01	6.069196667448555349e-01	6.069196667448555349e-01	6.069196667448555349e-01	6.735521203339179808e-01	6.219470462871230509e-01	5.753494927029280115e-01	5.366478640769509756e-01	6.172326893476890453e-01	6.246771429055839597e-01	6.069196667448555349e-01	6.124498561464889468e-01	6.069196667448555349e-01	6.964283680358640538e-01	6.721255211871559609e-01	6.069196667448555349e-01	6.069196667448555349e-01	5.262865800583289566e-01	6.069196667448555349e-01	6.069196667448555349e-01	6.069196667448555349e-01	5.723269139696149921e-01	6.069196667448555349e-01	5.397837795966610175e-01	5.733632790309769467e-01	6.017742869323069455e-01	6.053785949650739573e-01	6.069196667448555349e-01	6.270952567524580301e-01	6.665007187688529733e-01	6.069196667448555349e-01	6.647774978254600287e-01	6.747210370370859689e-01	6.377347091661119682e-01	6.069196667448555349e-01	6.069196667448555349e-01	6.069196667448555349e-01	6.069196667448555349e-01
