1.000000000000000000e+00	8.623440605333945186e-01	8.623440605333945186e-01	8.623440605333945186e-01	8.623440605333945186e-01	8.623440605333945186e-01	8.623440605333945186e-01	8.623440605333945186e-01	8.623440605333945186e-01	8.623440605333945186e-01	9.098105195694750069e-01	9.122186889543779653e-01	9.218844709949489680e-01	8.943886264699429933e-01	8.616477378611060445e-01	9.420596159430429939e-01	8.623440605333945186e-01	8.623440605333945186e-01	9.304423675962240070e-01	8.903498549922840288e-01	8.623440605333945186e-01	8.623440605333945186e-01	8.623440605333945186e-01	9.307052826896150544e-01	8.742015152218840512e-01	8.623440605333945186e-01	8.623440605333945186e-01	7.698526883322179826e-01	9.104670100935410293e-01	8.623440605333945186e-01	8.623440605333945186e-01	9.330011361918300050e-01	9.359436733513709639e-01	8.623440605333945186e-01	9.274610782978810475e-01	8.891056139253620261e-01	8.623440605333945186e-01	9.161766831990959536e-01	5.349576003711810079e-01	8.623440605333945186e-01	9.257866557596959867e-01	8.623440605333945186e-01	8.955878611535580403e-01	8.623440605333945186e-01	8.346063240089639512e-01	8.623440605333945186e-01	8.623440605333945186e-01	8.897833418099410085e-01	9.010187786432349855e-01	9.026837482675960089e-01	8.623440605333945186e-01	8.955597860550960077e-01	8.623440605333945186e-01	9.203203209600450130e-01	8.623440605333945186e-01	8.623440605333945186e-01	8.623440605333945186e-01	9.253767861293149544e-01	9.282126593303130502e-01	8.939347384216049797e-01	9.051258071874780375e-01	8.132089336022449988e-01	8.623440605333945186e-01	8.623440605333945186e-01	8.257357220416300381e-01	5.265632596481170102e-01	9.078151198441329894e-01	8.623440605333945186e-01	9.118857870071229721e-01	8.623440605333945186e-01	9.250697529233780081e-01	8.623440605333945186e-01	9.278336632297029540e-01	9.215554727588489703e-01	8.623440605333945186e-01	9.038189304019760284e-01	8.623440605333945186e-01	9.147167479536699730e-01	8.623440605333945186e-01	8.623440605333945186e-01	8.633093987923340373e-01	6.954261692265220063e-01	8.623440605333945186e-01	8.623440605333945186e-01	8.964070584662110486e-01	8.623440605333945186e-01	8.623440605333945186e-01	9.002511643301690514e-01	8.623440605333945186e-01	4.070383212234159886e-01	8.623440605333945186e-01	9.177307055368230104e-01	9.001323599740429504e-01	8.623440605333945186e-01	7.714911276079280400e-01	8.969337470204390428e-01	8.623440605333945186e-01	8.991756042410560257e-01	2.329807262604099982e-01	9.160194827953299646e-01	8.623440605333945186e-01	8.971846634769590212e-01	8.623440605333945186e-01	8.623440605333945186e-01	8.623440605333945186e-01	9.152043694346010394e-01	8.623440605333945186e-01	9.010178721834890547e-01	8.623440605333945186e-01	8.623440605333945186e-01	8.623440605333945186e-01	8.689215415151430033e-01	8.951587194700180161e-01	8.623440605333945186e-01	8.623440605333945186e-01	8.623440605333945186e-01	8.623440605333945186e-01	9.240221327007089869e-01	8.623440605333945186e-01	8.623440605333945186e-01	9.183901527043389912e-01	8.623440605333945186e-01	8.623440605333945186e-01	8.623440605333945186e-01
8.623440605333945186e-01	1.000000000000000000e+00	9.062455978341980023e-01	9.072999999888520239e-01	7.803670272541689545e-01	8.623440605333945186e-01	8.623440605333945186e-01	8.623440605333945186e-01	8.127824421197520355e-01	8.623440605333945186e-01	9.048823454158489987e-01	8.623440605333945186e-01	8.623440605333945186e-01	8.891602733017029969e-01	8.586404779106779905e-01	8.623440605333945186e-01	8.623440605333945186e-01	9.044284822896540010e-01	8.623440605333945186e-01	8.849111953087660520e-01	8.623440605333945186e-01	8.623440605333945186e-01	8.890338095406730146e-01	9.273524350044769493e-01	8.623440605333945186e-01	8.810561880218470421e-01	8.623440605333945186e-01	7.660630866511619619e-01	8.623440605333945186e-01	8.623440605333945186e-01	8.851266791848499960e-01	9.286906053453239940e-01	9.324012656387870024e-01	7.879864023879280532e-01	9.238201906481650072e-01	8.623440605333945186e-01	8.623440605333945186e-01	8.623440605333945186e-01	8.623440605333945186e-01	8.623440605333945186e-01	8.623440605333945186e-01	8.623440605333945186e-01	8.623440605333945186e-01	6.801316936360890519e-01	8.623440605333945186e-01	9.129955454708460483e-01	8.330385549459330408e-01	8.872969214586839959e-01	8.623440605333945186e-01	8.623440605333945186e-01	8.623440605333945186e-01	8.623440605333945186e-01	9.121707170977130241e-01	8.623440605333945186e-01	6.849734784659089470e-01	9.140027924397799985e-01	8.956029281023609734e-01	8.623440605333945186e-01	8.623440605333945186e-01	8.623440605333945186e-01	8.623440605333945186e-01	8.095137847972999623e-01	8.925988085173750530e-01	8.553362742357160098e-01	8.623440605333945186e-01	5.264164876048810227e-01	9.040650528417070175e-01	8.623440605333945186e-01	8.623440605333945186e-01	6.273780162311169972e-01	9.213272988507159589e-01	8.623440605333945186e-01	8.623440605333945186e-01	9.168360289683350484e-01	8.623440605333945186e-01	8.623440605333945186e-01	8.623440605333945186e-01	9.102037041605719470e-01	8.876683135393670376e-01	8.623440605333945186e-01	8.623440605333945186e-01	8.623440605333945186e-01	8.130892369792289687e-01	6.737277952059720354e-01	8.623440605333945186e-01	8.623440605333945186e-01	9.036451270224400423e-01	8.981271742382329615e-01	8.623440605333945186e-01	8.623440605333945186e-01	9.040870154045870244e-01	8.623440605333945186e-01	8.967945129077860011e-01	8.623440605333945186e-01	8.623440605333945186e-01	8.623440605333945186e-01	8.937283342236069794e-01	8.623440605333945186e-01	8.623440605333945186e-01	9.120281899554739669e-01	7.915713083367500458e-01	8.930352530414620293e-01	8.623440605333945186e-01	8.594484164180690167e-01	9.140528003322530015e-01	9.099431906508429480e-01	9.101091399313200325e-01	8.623440605333945186e-01	9.335913209409369973e-01	8.986506899013230187e-01	8.623440605333945186e-01	8.651382644230569685e-01	8.623440605333945186e-01	8.623440605333945186e-01	9.218617677593740067e-01	8.623440605333945186e-01	8.623440605333945186e-01	9.205040570527790456e-01	9.219278256970689922e-01	8.623440605333945186e-01	9.123381497113890459e-01	8.623440605333945186e-01	8.894839116370399923e-01	8.623440605333945186e-01
8.623440605333945186e-01	9.062455978341980023e-01	1.000000000000000000e+00	8.922080318773439878e-01	8.623440605333945186e-01	8.623440605333945186e-01	8.623440605333945186e-01	8.405692488725480249e-01	8.008368624160300264e-01	8.623440605333945186e-01	8.909169576643920507e-01	8.623440605333945186e-01	9.019068451717859869e-01	8.739432897017850310e-01	8.436516137851359787e-01	8.623440605333945186e-01	8.623440605333945186e-01	8.623440605333945186e-01	9.113461794799839755e-01	8.623440605333945186e-01	8.623440605333945186e-01	9.098583132297080045e-01	8.623440605333945186e-01	9.127814306927399812e-01	8.623440605333945186e-01	8.654774161210510020e-01	5.999883087037449769e-01	7.558553455245919928e-01	8.623440605333945186e-01	8.623440605333945186e-01	8.623440605333945186e-01	9.129405891881009483e-01	8.623440605333945186e-01	7.771379497713919449e-01	9.084140622117450325e-01	8.623440605333945186e-01	8.623440605333945186e-01	8.623440605333945186e-01	5.260054308125500233e-01	8.623440605333945186e-01	8.623440605333945186e-01	8.666623856589109609e-01	8.781001261822140025e-01	8.623440605333945186e-01	8.190758945702030225e-01	8.623440605333945186e-01	8.623440605333945186e-01	8.623440605333945186e-01	8.822205335152250028e-01	8.623440605333945186e-01	8.623440605333945186e-01	8.623440605333945186e-01	8.623440605333945186e-01	9.019273156987359652e-01	6.740943018772439510e-01	8.623440605333945186e-01	8.623440605333945186e-01	8.623440605333945186e-01	8.623440605333945186e-01	8.623440605333945186e-01	8.891766994528399470e-01	7.986157078231449491e-01	8.781554830168529779e-01	8.424402244245500215e-01	8.623440605333945186e-01	5.184507918561139794e-01	8.897728105426579992e-01	4.408868491499520204e-01	8.924900342423019994e-01	6.181199205846269473e-01	8.623440605333945186e-01	7.196694171262849604e-01	9.078475490529099856e-01	8.623440605333945186e-01	8.623440605333945186e-01	8.836777452753109552e-01	8.777543907501119680e-01	8.945550387080219989e-01	8.760409210818860259e-01	8.923600473815660461e-01	8.623440605333945186e-01	6.842701896354610458e-01	8.623440605333945186e-01	6.630982869091549547e-01	8.623440605333945186e-01	6.719301396795249737e-01	8.891912300538330483e-01	8.817628985208040282e-01	1.000000000000000021e-03	8.623440605333945186e-01	8.884396643530949600e-01	8.977902731557849680e-01	8.823355381534080388e-01	8.741896910695500234e-01	8.623440605333945186e-01	8.796104410585959821e-01	8.794259495628620193e-01	8.623440605333945186e-01	8.623440605333945186e-01	8.969307139944330265e-01	7.775802962541410457e-01	8.770224772721819662e-01	8.623440605333945186e-01	8.474046753236920138e-01	8.623440605333945186e-01	8.946464493698099707e-01	8.937398229874730093e-01	8.623440605333945186e-01	9.162819963004400492e-01	8.623440605333945186e-01	8.623440605333945186e-01	8.493316862717229521e-01	8.623440605333945186e-01	8.623440605333945186e-01	8.623440605333945186e-01	9.043879523531409559e-01	8.623440605333945186e-01	9.061582818943040296e-01	9.069847569199579462e-01	8.870429110248669868e-01	8.974339868832099665e-01	9.027707706287819711e-01	8.623440605333945186e-01	8.692364608766459666e-01
8.623440605333945186e-01	9.072999999888520239e-01	8.922080318773439878e-01	1.000000000000000000e+00	7.720447120532429874e-01	8.623440605333945186e-01	8.653885600067620087e-01	8.431448147046499697e-01	8.623440605333945186e-01	8.623440605333945186e-01	8.623440605333945186e-01	8.623440605333945186e-01	9.032199891562520122e-01	8.623440605333945186e-01	8.473410130708759480e-01	9.220768478816450120e-01	9.093516717146069572e-01	8.623440605333945186e-01	8.623440605333945186e-01	8.725026620528010257e-01	8.623440605333945186e-01	9.094344358134149875e-01	8.623440605333945186e-01	8.623440605333945186e-01	8.593319764395940252e-01	8.623440605333945186e-01	8.623440605333945186e-01	8.623440605333945186e-01	8.914017710520709681e-01	8.623440605333945186e-01	8.732089738392220246e-01	9.136199413220169596e-01	9.171233425826400554e-01	7.810222941533859764e-01	8.623440605333945186e-01	8.718858514687299888e-01	8.623440605333945186e-01	8.986949005671990287e-01	5.297710708394020029e-01	8.925201490746860200e-01	8.623440605333945186e-01	8.692244576840200132e-01	8.790002016482050262e-01	6.719555533949109760e-01	8.623440605333945186e-01	8.623440605333945186e-01	8.623440605333945186e-01	8.623440605333945186e-01	8.847055651319829517e-01	8.873503772303460435e-01	8.696145162084709668e-01	8.792188103964769796e-01	8.965247030026569641e-01	9.022159583721209852e-01	6.742670886285180298e-01	9.002542793588970138e-01	8.815951065385749796e-01	8.623440605333945186e-01	8.623440605333945186e-01	8.763842159531010090e-01	8.875204980558409895e-01	7.991937804300710546e-01	8.623440605333945186e-01	8.623440605333945186e-01	8.623440605333945186e-01	8.623440605333945186e-01	8.623440605333945186e-01	8.623440605333945186e-01	8.623440605333945186e-01	6.203293855035959536e-01	8.623440605333945186e-01	7.177888614013080426e-01	9.092640474213330437e-01	8.623440605333945186e-01	8.623440605333945186e-01	8.623440605333945186e-01	8.801630193997459495e-01	8.956423869705669727e-01	8.750124978465080305e-01	8.927075356495199898e-01	8.623440605333945186e-01	6.858197766960769659e-01	8.623440605333945186e-01	8.623440605333945186e-01	8.623440605333945186e-01	6.727309417712700190e-01	8.623440605333945186e-01	8.623440605333945186e-01	1.000000000000000021e-03	4.038613900118009914e-01	8.885802656544620204e-01	8.623440605333945186e-01	8.623440605333945186e-01	8.623440605333945186e-01	8.623440605333945186e-01	8.813209485463150417e-01	8.623440605333945186e-01	8.803714824610490153e-01	8.623440605333945186e-01	8.989590624565779731e-01	8.623440605333945186e-01	8.623440605333945186e-01	8.718783622243549969e-01	8.623440605333945186e-01	8.623440605333945186e-01	8.623440605333945186e-01	8.623440605333945186e-01	8.854209727136700403e-01	8.623440605333945186e-01	8.853047369573739944e-01	8.623440605333945186e-01	8.623440605333945186e-01	8.775479457301359476e-01	9.129404026101950453e-01	8.623440605333945186e-01	9.048060750958779597e-01	8.623440605333945186e-01	9.063412002501649578e-01	8.623440605333945186e-01	8.905962633228120540e-01	9.004419253271199741e-01	8.623440605333945186e-01	8.750741862359709966e-01	8.710493987499270396e-01
8.623440605333945186e-01	7.803670272541689545e-01	8.623440605333945186e-01	7.720447120532429874e-01	9.999999999999970024e-01	7.664884229159999451e-01	8.623440605333945186e-01	7.330656862008190222e-01	6.974995803376640158e-01	7.083487094393550176e-01	7.702594361556700520e-01	7.705556243250040183e-01	8.623440605333945186e-01	7.601146694906999457e-01	7.346760186495979728e-01	8.623440605333945186e-01	7.853156036800590378e-01	8.623440605333945186e-01	7.870893479010450111e-01	7.531039758079389745e-01	7.545855116797179907e-01	7.840437925316610102e-01	8.623440605333945186e-01	7.862636744017860169e-01	8.623440605333945186e-01	7.535292971520269889e-01	8.623440605333945186e-01	8.623440605333945186e-01	8.623440605333945186e-01	7.473072720980260542e-01	8.623440605333945186e-01	8.623440605333945186e-01	8.623440605333945186e-01	6.791281436124839699e-01	7.839738880352720152e-01	7.540345010543300086e-01	8.623440605333945186e-01	8.623440605333945186e-01	4.682770065904500179e-01	8.623440605333945186e-01	7.822962744292619730e-01	8.623440605333945186e-01	8.623440605333945186e-01	5.876694712185199787e-01	8.623440605333945186e-01	7.753078393911480015e-01	8.623440605333945186e-01	8.623440605333945186e-01	7.634805915829400158e-01	8.623440605333945186e-01	7.505159306656099538e-01	8.623440605333945186e-01	8.623440605333945186e-01	8.623440605333945186e-01	8.623440605333945186e-01	8.623440605333945186e-01	8.623440605333945186e-01	8.623440605333945186e-01	7.841328790831589846e-01	8.623440605333945186e-01	8.623440605333945186e-01	6.975058303144120453e-01	8.623440605333945186e-01	7.299217648631820543e-01	8.623440605333945186e-01	8.623440605333945186e-01	7.710530678914999658e-01	8.623440605333945186e-01	8.623440605333945186e-01	5.485001301027140341e-01	8.623440605333945186e-01	8.623440605333945186e-01	7.828914932372309510e-01	8.623440605333945186e-01	7.571043068291349876e-01	8.623440605333945186e-01	7.570794528560089720e-01	7.719624463395849956e-01	7.552948007951389986e-01	8.623440605333945186e-01	8.623440605333945186e-01	6.033344146853579781e-01	6.955953742222470426e-01	8.623440605333945186e-01	8.623440605333945186e-01	5.973660067086310477e-01	8.623440605333945186e-01	8.623440605333945186e-01	8.623440605333945186e-01	8.623440605333945186e-01	8.623440605333945186e-01	8.623440605333945186e-01	7.645170609995599609e-01	8.623440605333945186e-01	6.628495537248549896e-01	8.623440605333945186e-01	7.591829344720679718e-01	8.623440605333945186e-01	2.188024065499959980e-01	8.623440605333945186e-01	6.762385804102669651e-01	8.623440605333945186e-01	7.564171582080430056e-01	7.303774679519510205e-01	7.758281603650180047e-01	7.729991749303649629e-01	8.623440605333945186e-01	8.623440605333945186e-01	7.898008108475940148e-01	7.651643664010939760e-01	8.623440605333945186e-01	8.623440605333945186e-01	8.623440605333945186e-01	8.623440605333945186e-01	7.830784355454379897e-01	8.623440605333945186e-01	7.838652475962429866e-01	8.623440605333945186e-01	7.812561077300670398e-01	8.623440605333945186e-01	7.760495656038639556e-01	7.806537471235389658e-01	7.593668583568650154e-01	7.507020579295450302e-01
8.623440605333945186e-01	8.623440605333945186e-01	8.623440605333945186e-01	8.623440605333945186e-01	7.664884229159999451e-01	1.000000000000000000e+00	8.623440605333945186e-01	8.623440605333945186e-01	8.623440605333945186e-01	8.623440605333945186e-01	8.886670708085939729e-01	8.898074876937289712e-01	8.623440605333945186e-01	8.749011990419429674e-01	8.447713438787050055e-01	8.623440605333945186e-01	9.068170027076599693e-01	8.623440605333945186e-01	9.091904924875390259e-01	8.623440605333945186e-01	8.623440605333945186e-01	9.084440063666070486e-01	8.726053571608189952e-01	9.097555410502869977e-01	8.581098515434180118e-01	8.651254890325440483e-01	6.016432741614180513e-01	7.568614236866619827e-01	8.623440605333945186e-01	8.623440605333945186e-01	8.704066070267989508e-01	8.623440605333945186e-01	9.147325993713899539e-01	7.759486881683710369e-01	9.058517401095830257e-01	8.623440605333945186e-01	8.623440605333945186e-01	8.623440605333945186e-01	5.232150722565389600e-01	8.902229972995250318e-01	8.623440605333945186e-01	8.645256310735800476e-01	8.751713326961180206e-01	8.623440605333945186e-01	8.160545140908910255e-01	8.623440605333945186e-01	8.159818150287070360e-01	8.623440605333945186e-01	8.809292731701979795e-01	8.815258163675919745e-01	8.663490748721409673e-01	8.768835966167960461e-01	8.623440605333945186e-01	8.623440605333945186e-01	8.623440605333945186e-01	8.623440605333945186e-01	8.623440605333945186e-01	9.043138008290180219e-01	8.623440605333945186e-01	8.731493787444920551e-01	8.847719563202830484e-01	7.956615464694679618e-01	8.623440605333945186e-01	8.376515112336070379e-01	8.623440605333945186e-01	5.194390684323280105e-01	8.623440605333945186e-01	8.623440605333945186e-01	8.623440605333945186e-01	6.170797839325640188e-01	9.062681569100879964e-01	7.145278950633729975e-01	8.623440605333945186e-01	8.990891140971509765e-01	8.734827417247089665e-01	8.822230071945279528e-01	8.623440605333945186e-01	8.623440605333945186e-01	8.721093403006090483e-01	8.908644625260789818e-01	8.435460608828619922e-01	6.796223504619750555e-01	8.623440605333945186e-01	6.609881486352799929e-01	8.623440605333945186e-01	6.749346017597369629e-01	8.623440605333945186e-01	8.811790282318300305e-01	8.623440605333945186e-01	4.041607294259310090e-01	8.873393715546510352e-01	8.623440605333945186e-01	8.623440605333945186e-01	8.623440605333945186e-01	7.549577486636169787e-01	8.623440605333945186e-01	8.765529139827420435e-01	8.782939022575230181e-01	2.303576287779499909e-01	8.939762638453390142e-01	8.623440605333945186e-01	8.623440605333945186e-01	8.623440605333945186e-01	8.436198040954530075e-01	8.623440605333945186e-01	8.943793790344890526e-01	8.623440605333945186e-01	8.623440605333945186e-01	8.623440605333945186e-01	8.826039168034669480e-01	8.623440605333945186e-01	8.623440605333945186e-01	8.623440605333945186e-01	8.623440605333945186e-01	8.623440605333945186e-01	9.038816676949420481e-01	8.623440605333945186e-01	9.034367223528809721e-01	8.623440605333945186e-01	8.853320697481470436e-01	8.969322727213849822e-01	9.007937944281799725e-01	8.724846602309459520e-01	8.623440605333945186e-01
8.623440605333945186e-01	8.623440605333945186e-01	8.623440605333945186e-01	8.653885600067620087e-01	8.623440605333945186e-01	8.623440605333945186e-01	1.000000000000000000e+00	8.160724253716760135e-01	8.623440605333945186e-01	8.623440605333945186e-01	8.623440605333945186e-01	8.638303811337380012e-01	8.752230314592159832e-01	8.623440605333945186e-01	8.185188443307940265e-01	8.623440605333945186e-01	8.623440605333945186e-01	8.620701907236799633e-01	8.837756058037690154e-01	8.623440605333945186e-01	8.451974817063030443e-01	8.623440605333945186e-01	8.484077393118789612e-01	8.623440605333945186e-01	8.623440605333945186e-01	8.623440605333945186e-01	8.623440605333945186e-01	8.623440605333945186e-01	8.623440605333945186e-01	8.383188448271570170e-01	8.623440605333945186e-01	8.623440605333945186e-01	8.623440605333945186e-01	8.623440605333945186e-01	8.804833486938099529e-01	8.623440605333945186e-01	8.541025344173259759e-01	8.623440605333945186e-01	8.623440605333945186e-01	8.623440605333945186e-01	8.623440605333945186e-01	8.421954985807400540e-01	8.499245749399729766e-01	8.623440605333945186e-01	8.623440605333945186e-01	8.700369971391910262e-01	7.965101962797990209e-01	8.450858355107340181e-01	8.554343133894769524e-01	8.623440605333945186e-01	8.623440605333945186e-01	8.506722485714169890e-01	8.679473785353639670e-01	8.623440605333945186e-01	8.623440605333945186e-01	8.623440605333945186e-01	8.623440605333945186e-01	8.623440605333945186e-01	8.808480196694700171e-01	8.623440605333945186e-01	8.623440605333945186e-01	7.770031734058040485e-01	8.623440605333945186e-01	8.152710061259029750e-01	7.857647049543869944e-01	5.056372860861879648e-01	8.614687515871519707e-01	4.327210854757410075e-01	8.623440605333945186e-01	8.623440605333945186e-01	8.623440605333945186e-01	6.976538905597440277e-01	8.802349914994660462e-01	8.623440605333945186e-01	8.623440605333945186e-01	8.570370892696479448e-01	8.623440605333945186e-01	8.678969800702589499e-01	8.463049914220369674e-01	8.623440605333945186e-01	8.623440605333945186e-01	8.623440605333945186e-01	8.623440605333945186e-01	6.472682582543100027e-01	8.511578368290459995e-01	8.623440605333945186e-01	8.623440605333945186e-01	8.558417260005569682e-01	1.000000000000000021e-03	8.623440605333945186e-01	8.618264712208499878e-01	8.709262466033129702e-01	8.623440605333945186e-01	8.623440605333945186e-01	8.623440605333945186e-01	8.535811868078539977e-01	8.533433537184169637e-01	8.623440605333945186e-01	2.301360008293009962e-01	8.623440605333945186e-01	8.623440605333945186e-01	8.623440605333945186e-01	8.623440605333945186e-01	8.623440605333945186e-01	8.623440605333945186e-01	8.675787712363770554e-01	8.669101691027010226e-01	8.549240587101030187e-01	8.883497457232260031e-01	8.575751923550239963e-01	8.437163768635369543e-01	8.623440605333945186e-01	8.510766068562030107e-01	8.837356417197409497e-01	8.623440605333945186e-01	8.623440605333945186e-01	8.623440605333945186e-01	8.761986386436110275e-01	8.623440605333945186e-01	8.623440605333945186e-01	8.682227451348969449e-01	8.623440605333945186e-01	8.623440605333945186e-01	8.623440605333945186e-01
8.623440605333945186e-01	8.623440605333945186e-01	8.405692488725480249e-01	8.431448147046499697e-01	7.330656862008190222e-01	8.623440605333945186e-01	8.160724253716760135e-01	1.000000000000000000e+00	7.583101946245409675e-01	7.695866097052810328e-01	8.623440605333945186e-01	8.623440605333945186e-01	8.514292012144349941e-01	8.279637261376270319e-01	8.029243203967729725e-01	8.681262196780910045e-01	8.576645565491830547e-01	8.394905158452330429e-01	8.590848288043210212e-01	8.623440605333945186e-01	8.623440605333945186e-01	8.575230660415330552e-01	8.258899787586879704e-01	8.623440605333945186e-01	8.091452619188550521e-01	8.192722682923869737e-01	5.723360022749770515e-01	8.623440605333945186e-01	8.623440605333945186e-01	8.623440605333945186e-01	8.217365124150569633e-01	8.623440605333945186e-01	8.638065155410149520e-01	8.623440605333945186e-01	8.571810464626200554e-01	8.230880599712300238e-01	8.343856998955310189e-01	8.463929388151429922e-01	5.058482281424240279e-01	8.623440605333945186e-01	8.545222191938499634e-01	8.194038023259629933e-01	8.623440605333945186e-01	6.349473765101909528e-01	7.748284269181220374e-01	8.623440605333945186e-01	7.759910540782799515e-01	8.235997875879450536e-01	8.623440605333945186e-01	8.342130137948090551e-01	8.208880669759840432e-01	8.280423330104610402e-01	8.623440605333945186e-01	8.505586882950839644e-01	8.623440605333945186e-01	8.499891518093279918e-01	8.300279525369469447e-01	8.554015000957509995e-01	8.588922747988220197e-01	8.623440605333945186e-01	8.353083245903879517e-01	8.623440605333945186e-01	8.623440605333945186e-01	7.927186403784930446e-01	7.654274414529299575e-01	8.623440605333945186e-01	8.411441032319939559e-01	8.623440605333945186e-01	8.623440605333945186e-01	8.623440605333945186e-01	8.556084577120699475e-01	8.623440605333945186e-01	8.623440605333945186e-01	8.503150270002779454e-01	8.259037045346260264e-01	8.623440605333945186e-01	8.294821525117860306e-01	8.623440605333945186e-01	8.236674781080299823e-01	8.623440605333945186e-01	8.011927158854910136e-01	8.623440605333945186e-01	8.623440605333945186e-01	6.345609002528099785e-01	8.286379782315419495e-01	8.623440605333945186e-01	8.406714989761610024e-01	8.321389712782529813e-01	1.000000000000000021e-03	3.953992334944250175e-01	8.623440605333945186e-01	8.483481147940780120e-01	8.623440605333945186e-01	8.237324066209910089e-01	7.171135112172799531e-01	8.623440605333945186e-01	8.292740855923630416e-01	8.623440605333945186e-01	8.623440605333945186e-01	8.486479194767020395e-01	8.623440605333945186e-01	8.298277810277370214e-01	8.623440605333945186e-01	8.623440605333945186e-01	8.484424402340879912e-01	8.458131838000819691e-01	8.442298711935609656e-01	8.623440605333945186e-01	8.649908207771519475e-01	8.623440605333945186e-01	8.623440605333945186e-01	8.028435597124670142e-01	8.284081478368300333e-01	8.623440605333945186e-01	8.623440605333945186e-01	8.623440605333945186e-01	8.623440605333945186e-01	8.623440605333945186e-01	8.623440605333945186e-01	8.623440605333945186e-01	8.623440605333945186e-01	8.523364722223859546e-01	8.249230015499759983e-01	8.623440605333945186e-01
8.623440605333945186e-01	8.127824421197520355e-01	8.008368624160300264e-01	8.623440605333945186e-01	6.974995803376640158e-01	8.623440605333945186e-01	8.623440605333945186e-01	7.583101946245409675e-01	9.999999999999990008e-01	7.362144511814969761e-01	8.002806185088719992e-01	8.623440605333945186e-01	8.623440605333945186e-01	7.902719852796770139e-01	8.623440605333945186e-01	8.623440605333945186e-01	8.623440605333945186e-01	7.970081818064650436e-01	8.158886531933490227e-01	8.623440605333945186e-01	7.819247064199059682e-01	8.623440605333945186e-01	7.855245356255520228e-01	8.623440605333945186e-01	7.716738415314210453e-01	8.623440605333945186e-01	8.623440605333945186e-01	6.902125876820199846e-01	8.003274454910610514e-01	7.761297026165639990e-01	7.851179320552129637e-01	8.171474808864740424e-01	8.211865838850830324e-01	7.036776376707980507e-01	8.623440605333945186e-01	8.623440605333945186e-01	7.938466645932770183e-01	8.058564520155500066e-01	4.819413526220769906e-01	8.623440605333945186e-01	8.139887414974540381e-01	7.822972718609639831e-01	7.879059511258159620e-01	6.099005349753650052e-01	8.623440605333945186e-01	8.070127903802010172e-01	7.396964174514499835e-01	7.829881144607230281e-01	8.623440605333945186e-01	7.973690157614360396e-01	8.623440605333945186e-01	8.623440605333945186e-01	8.623440605333945186e-01	8.623440605333945186e-01	6.128853598647719947e-01	8.062999675153530443e-01	8.623440605333945186e-01	8.114195796890150136e-01	8.150156131502129808e-01	8.623440605333945186e-01	8.623440605333945186e-01	8.623440605333945186e-01	7.878982833973819933e-01	8.623440605333945186e-01	7.313491599683590305e-01	8.623440605333945186e-01	8.623440605333945186e-01	8.623440605333945186e-01	8.017429087464109649e-01	5.668460356964060143e-01	8.623440605333945186e-01	6.509478452809569493e-01	8.623440605333945186e-01	8.062390465491450220e-01	8.623440605333945186e-01	8.623440605333945186e-01	8.623440605333945186e-01	8.060746543603910519e-01	7.854472447255650414e-01	7.988213124566440060e-01	8.623440605333945186e-01	8.623440605333945186e-01	8.623440605333945186e-01	6.055315999296000395e-01	8.623440605333945186e-01	6.123831853037019490e-01	7.974629687484430240e-01	7.920074772326299861e-01	8.623440605333945186e-01	3.851285696917979839e-01	8.623440605333945186e-01	8.043782859880930225e-01	7.913252436613730234e-01	7.839229473712869822e-01	6.841209957588120227e-01	7.883857238957020508e-01	8.623440605333945186e-01	7.894789821743459779e-01	2.212176537614000127e-01	8.056779950496090192e-01	7.012606149528469723e-01	7.855556605372969736e-01	7.843008934426459744e-01	8.623440605333945186e-01	8.057086545993440430e-01	8.028206234472660130e-01	7.998976390861179953e-01	8.623440605333945186e-01	8.623440605333945186e-01	8.623440605333945186e-01	8.623440605333945186e-01	7.680343415709689481e-01	7.857052240387809583e-01	8.623440605333945186e-01	8.116233167788450276e-01	8.623440605333945186e-01	8.623440605333945186e-01	8.623440605333945186e-01	8.128594356629940121e-01	8.623440605333945186e-01	8.052655270610300509e-01	8.623440605333945186e-01	8.623440605333945186e-01	7.800102751125399525e-01
8.623440605333945186e-01	8.623440605333945186e-01	8.623440605333945186e-01	8.623440605333945186e-01	7.083487094393550176e-01	8.623440605333945186e-01	8.623440605333945186e-01	7.695866097052810328e-01	7.362144511814969761e-01	9.999999999999990008e-01	8.113975018138299689e-01	8.120088197748289716e-01	8.210509370222760506e-01	8.623440605333945186e-01	7.743223767500909682e-01	8.623440605333945186e-01	8.623440605333945186e-01	8.090378632848309604e-01	8.623440605333945186e-01	8.623440605333945186e-01	8.623440605333945186e-01	8.255735729257369648e-01	7.964616788415610493e-01	8.623440605333945186e-01	7.805681692522420390e-01	7.914522073612789699e-01	8.623440605333945186e-01	6.975364479638199722e-01	8.623440605333945186e-01	7.870410753557589567e-01	8.623440605333945186e-01	8.623440605333945186e-01	8.335312207950910102e-01	7.139489410823189885e-01	8.243435332422710538e-01	8.623440605333945186e-01	8.050140946667549979e-01	8.173355855315560525e-01	4.903199505131169977e-01	8.117882175055980420e-01	8.623440605333945186e-01	8.623440605333945186e-01	8.623440605333945186e-01	6.158638596127350429e-01	8.623440605333945186e-01	8.160939835456479940e-01	8.623440605333945186e-01	7.934869649429999727e-01	8.623440605333945186e-01	8.073373281549940383e-01	7.925092554557330304e-01	8.003768388480639873e-01	8.155966063746560302e-01	8.190210080819440019e-01	8.623440605333945186e-01	8.623440605333945186e-01	8.623440605333945186e-01	8.233310492756710230e-01	8.257245796508240199e-01	7.967298076014639463e-01	8.623440605333945186e-01	8.623440605333945186e-01	8.623440605333945186e-01	7.681431296650069740e-01	7.379268380999439714e-01	8.623440605333945186e-01	8.093056802996340116e-01	4.163668416417269924e-01	8.122062773650969847e-01	5.739809909265649601e-01	8.623440605333945186e-01	8.623440605333945186e-01	8.623440605333945186e-01	8.201998032765820401e-01	8.623440605333945186e-01	8.623440605333945186e-01	8.008867323364109447e-01	8.623440605333945186e-01	8.623440605333945186e-01	8.100462547231870314e-01	8.623440605333945186e-01	6.253908420489510123e-01	7.303403214879099492e-01	6.124675936045680391e-01	7.991587288715360504e-01	6.234752360055629827e-01	8.076169429459969518e-01	8.623440605333945186e-01	8.623440605333945186e-01	8.623440605333945186e-01	8.101474711258620509e-01	8.159769863936959799e-01	8.070837110065739450e-01	8.623440605333945186e-01	6.914031545166290371e-01	8.623440605333945186e-01	8.623440605333945186e-01	8.623440605333945186e-01	2.222958208045660022e-01	8.161494149306800505e-01	7.140473893811190020e-01	7.973070254227999643e-01	7.958861745673579957e-01	8.623440605333945186e-01	8.623440605333945186e-01	8.623440605333945186e-01	8.623440605333945186e-01	8.623440605333945186e-01	8.337245484286970321e-01	8.623440605333945186e-01	7.917824222866970407e-01	8.623440605333945186e-01	7.988864991513080493e-01	8.623440605333945186e-01	8.247730996143239901e-01	8.239674427606269447e-01	8.254341756451030188e-01	8.216364337326369505e-01	8.623440605333945186e-01	8.063462118538909928e-01	8.623440605333945186e-01	8.623440605333945186e-01	7.962354307125949493e-01	8.623440605333945186e-01
9.098105195694750069e-01	9.048823454158489987e-01	8.909169576643920507e-01	8.623440605333945186e-01	7.702594361556700520e-01	8.886670708085939729e-01	8.623440605333945186e-01	8.623440605333945186e-01	8.002806185088719992e-01	8.113975018138299689e-01	1.000000000000000000e+00	8.925142983282220444e-01	8.623440605333945186e-01	8.623440605333945186e-01	8.623440605333945186e-01	8.623440605333945186e-01	9.085853460969199880e-01	8.623440605333945186e-01	9.116227208007370297e-01	8.623440605333945186e-01	8.720185033768860228e-01	9.092756947748269480e-01	8.623440605333945186e-01	8.623440605333945186e-01	8.559323206715819810e-01	8.623440605333945186e-01	6.006623276948499512e-01	7.571275725445669735e-01	8.899075022542439761e-01	8.623440605333945186e-01	8.704862303990149597e-01	8.623440605333945186e-01	9.170322602404129553e-01	8.623440605333945186e-01	8.623440605333945186e-01	8.697569845753270190e-01	8.623440605333945186e-01	8.623440605333945186e-01	8.623440605333945186e-01	8.623440605333945186e-01	8.623440605333945186e-01	8.657479133131390503e-01	8.623440605333945186e-01	6.649179047363670270e-01	8.623440605333945186e-01	9.007506559237440369e-01	8.623440605333945186e-01	8.623440605333945186e-01	8.825077444640190283e-01	8.861156835623159589e-01	8.688460925602109475e-01	8.773158359694379627e-01	8.955393291615779683e-01	8.623440605333945186e-01	6.717620351830240200e-01	8.623440605333945186e-01	8.623440605333945186e-01	8.623440605333945186e-01	8.623440605333945186e-01	8.750899585723800334e-01	8.853527686280150411e-01	7.972602158937750483e-01	8.623440605333945186e-01	8.402113179613509564e-01	8.623440605333945186e-01	8.623440605333945186e-01	8.898927616587910538e-01	4.401172363559470169e-01	8.926305226611379595e-01	6.184966654777710460e-01	9.070760628208930365e-01	7.176602010530079845e-01	8.623440605333945186e-01	8.623440605333945186e-01	8.623440605333945186e-01	8.835323322682060443e-01	8.778006223387200269e-01	8.623440605333945186e-01	8.746162446562669723e-01	8.623440605333945186e-01	8.463701459221270040e-01	6.828352489597560027e-01	8.623440605333945186e-01	8.623440605333945186e-01	8.623440605333945186e-01	6.694586709256280521e-01	8.878837372574539533e-01	8.623440605333945186e-01	8.623440605333945186e-01	8.623440605333945186e-01	8.879367694850509585e-01	8.973337180785150302e-01	8.623440605333945186e-01	8.623440605333945186e-01	7.583121780293039516e-01	8.781559687486579779e-01	8.780512763280350352e-01	8.623440605333945186e-01	2.311166429087370133e-01	8.623440605333945186e-01	8.623440605333945186e-01	8.778304047115490505e-01	8.733681350810800215e-01	8.623440605333945186e-01	8.984089965741060002e-01	8.950532328510030222e-01	8.623440605333945186e-01	8.831725042131679526e-01	8.623440605333945186e-01	8.853221043289020153e-01	8.623440605333945186e-01	8.623440605333945186e-01	8.753524782651820324e-01	9.107823770934440066e-01	9.061582957350210465e-01	8.623440605333945186e-01	9.056385234220719616e-01	9.060428580044640468e-01	8.623440605333945186e-01	8.623440605333945186e-01	8.965049218748369908e-01	8.623440605333945186e-01	8.733719058037510141e-01	8.684737519751739576e-01
9.122186889543779653e-01	8.623440605333945186e-01	8.623440605333945186e-01	8.623440605333945186e-01	7.705556243250040183e-01	8.898074876937289712e-01	8.638303811337380012e-01	8.623440605333945186e-01	8.623440605333945186e-01	8.120088197748289716e-01	8.925142983282220444e-01	1.000000000000000000e+00	9.047472747550659999e-01	8.763895370291779896e-01	8.623440605333945186e-01	9.230376739942519615e-01	8.623440605333945186e-01	8.917159277187940436e-01	9.142659599699110018e-01	8.623440605333945186e-01	8.623440605333945186e-01	8.623440605333945186e-01	8.785172465107420336e-01	9.149816105780049780e-01	8.623440605333945186e-01	8.693214609901900314e-01	6.023491138026979552e-01	8.623440605333945186e-01	8.623440605333945186e-01	8.623440605333945186e-01	8.740465729833259978e-01	9.151030431566720136e-01	9.184987377160389599e-01	8.623440605333945186e-01	9.100534187452610224e-01	8.623440605333945186e-01	8.855357321067169885e-01	9.005010212585690121e-01	8.623440605333945186e-01	8.922006606410010088e-01	9.094938699851849995e-01	8.623440605333945186e-01	8.798996123994510254e-01	8.623440605333945186e-01	8.187456064108590281e-01	8.623440605333945186e-01	8.221907676769889539e-01	8.729171233574379851e-01	8.623440605333945186e-01	8.866082659970040414e-01	8.623440605333945186e-01	8.623440605333945186e-01	8.975187589856510328e-01	8.623440605333945186e-01	8.623440605333945186e-01	9.019904486435219582e-01	8.832384626696320185e-01	9.091162358996860426e-01	8.623440605333945186e-01	8.766720154383069730e-01	8.623440605333945186e-01	8.005146420349590342e-01	8.623440605333945186e-01	8.623440605333945186e-01	8.118246033048149846e-01	5.188525106321709712e-01	8.623440605333945186e-01	8.623440605333945186e-01	8.623440605333945186e-01	6.214339697928470407e-01	9.084911557936089510e-01	8.623440605333945186e-01	8.623440605333945186e-01	8.623440605333945186e-01	8.623440605333945186e-01	8.623440605333945186e-01	8.623440605333945186e-01	8.623440605333945186e-01	8.781997332296630487e-01	8.623440605333945186e-01	8.477010871065639996e-01	8.623440605333945186e-01	8.028460429252820552e-01	6.642702417393240300e-01	8.623440605333945186e-01	8.623440605333945186e-01	8.623440605333945186e-01	8.623440605333945186e-01	1.000000000000000021e-03	4.069143771270640197e-01	8.623440605333945186e-01	8.988562519504269543e-01	8.839992027927170426e-01	8.746676716494510284e-01	7.588523470410389882e-01	8.817186164001540316e-01	8.809233317578939459e-01	8.836120897477860447e-01	8.623440605333945186e-01	8.623440605333945186e-01	8.623440605333945186e-01	8.796662306032440037e-01	8.743892414916729638e-01	8.476583886870630025e-01	8.623440605333945186e-01	8.623440605333945186e-01	8.981100721615199456e-01	8.623440605333945186e-01	9.188493852840089460e-01	8.623440605333945186e-01	8.711103727686669851e-01	8.623440605333945186e-01	8.623440605333945186e-01	8.623440605333945186e-01	9.077118273940399940e-01	9.063360519096480550e-01	9.077964031222039987e-01	9.071339699987409633e-01	9.086327227446570065e-01	8.915834102662389959e-01	8.996065128600200245e-01	8.623440605333945186e-01	8.779081859160839940e-01	8.725117650726480489e-01
