1.000000000000309974e+00	4.867272886017469657e-01	4.867272886017469657e-01	5.732260642836739528e-01	5.829629340663730064e-01	6.252907828326029760e-01	6.225362558302960370e-01	5.742980196426890060e-01	4.867272886017469657e-01	5.379343573391529576e-01	4.867272886017469657e-01	4.979262836135640025e-01	4.867272886017469657e-01	5.240473824562790206e-01	1.000000000000000021e-03	4.867272886017469657e-01	4.867272886017469657e-01	5.790646251394739874e-01	5.425134718145090407e-01	4.867272886017469657e-01	5.868573644593350069e-01	4.148682414634700111e-01	5.329092573866479610e-01	4.867272886017469657e-01	4.867272886017469657e-01	4.867272886017469657e-01	4.867272886017469657e-01	4.867272886017469657e-01	2.999864645799830143e-01	4.867272886017469657e-01	4.867272886017469657e-01	5.803466625985099769e-01	6.346828400330399855e-01	6.549774271519219759e-01	4.870760429436319927e-01	6.178456240072009997e-01	4.867272886017469657e-01	6.327192562103459705e-01	4.765420334453759899e-01	4.867272886017469657e-01	4.492293906001499915e-01	5.105264852812230192e-01	4.867272886017469657e-01	4.867272886017469657e-01	6.303536327788860083e-01	4.805589073738890105e-01	4.644293788043349913e-01	4.867272886017469657e-01	5.489197063136269650e-01	5.615686217226849575e-01	4.867272886017469657e-01	4.867272886017469657e-01	4.867272886017469657e-01	4.232862175179509800e-01	5.095680629047329990e-01	4.867272886017469657e-01	3.801228417976810214e-01	4.017157644521889837e-01	5.029734505787469834e-01	4.867272886017469657e-01	4.867272886017469657e-01	5.312817754149019578e-01	6.508869799991170435e-01	4.867272886017469657e-01	4.224067791875290023e-01	5.438864644184959740e-01	5.485337562268609579e-01	5.167638370140860138e-01	4.867272886017469657e-01	3.983420754283840126e-01	4.663425732620259945e-01	4.499787206978749787e-01	4.867272886017469657e-01	6.492833463094389579e-01	5.947164865252819732e-01	3.758127799714229833e-01	6.407430698037870354e-01	6.230137326543060405e-01	5.943808885434129774e-01	5.922296249584180217e-01	6.207284393040539694e-01	4.438049927754330048e-01	4.358852755283439961e-01	5.749682970337669508e-01	4.867272886017469657e-01	4.442167167194649990e-01	5.600121430961489954e-01	6.580588559183759845e-01	8.159918135484800494e-01	4.867272886017469657e-01	4.867272886017469657e-01	5.850850081631440158e-01	4.412026906377909952e-01	4.218055407736089890e-01	4.867272886017469657e-01	6.065041186471740176e-01	6.211606932944579995e-01	3.907974417470059803e-01	4.867272886017469657e-01	5.471961330846899507e-01	6.159064010493120467e-01	4.411422010155630069e-01	4.867272886017469657e-01	3.634364036278119880e-01	4.127633564849860215e-01	4.867272886017469657e-01	6.029062306387490411e-01	4.867272886017469657e-01	4.582199338024779967e-01	4.725964635815440018e-01	6.177678758814829640e-01	5.974420910387210348e-01	5.643527259090620474e-01	6.010304139527530287e-01	6.279465248821579637e-01	4.867272886017469657e-01	8.055387664313180540e-01	8.214605469040130448e-01	7.810524881533670305e-01	4.867272886017469657e-01	6.523895682890870074e-01	4.867272886017469657e-01	6.586977308974040213e-01	4.867272886017469657e-01
4.867272886017469657e-01	1.000000000000069944e+00	4.867272886017469657e-01	5.397156846144549602e-01	5.436968779978870181e-01	5.260585428857840196e-01	4.867272886017469657e-01	5.128659589980260058e-01	4.867272886017469657e-01	5.051999875606200119e-01	5.547119743603009523e-01	4.867272886017469657e-01	5.305176235167660126e-01	4.336253089658119730e-01	4.867272886017469657e-01	5.261530397943250392e-01	4.867272886017469657e-01	4.925884383021699731e-01	4.821048969849829890e-01	4.867272886017469657e-01	4.850685112619860240e-01	4.867272886017469657e-01	4.867272886017469657e-01	5.017700507821619693e-01	4.931601345607219966e-01	5.628224264704190238e-01	4.867272886017469657e-01	5.075557567148260008e-01	4.867272886017469657e-01	4.145525442243169767e-01	5.388751121432500124e-01	4.867272886017469657e-01	5.259137811837210075e-01	5.727465244121809906e-01	3.988388807843120110e-01	4.867272886017469657e-01	4.867272886017469657e-01	5.669274985945750300e-01	4.867272886017469657e-01	4.867272886017469657e-01	3.667559940607120206e-01	4.863180825407980024e-01	4.867272886017469657e-01	3.902224064054000130e-01	5.283846987874559753e-01	4.867272886017469657e-01	4.867272886017469657e-01	4.867272886017469657e-01	5.230251446934639503e-01	5.067931314130630360e-01	5.666356728604839965e-01	4.592022299656040030e-01	4.766384953547270209e-01	3.513574234860740164e-01	4.867272886017469657e-01	5.267493769049059749e-01	3.590722746092629980e-01	4.867272886017469657e-01	4.867272886017469657e-01	3.344547729655290014e-01	4.867272886017469657e-01	4.654059277291690000e-01	5.988831513211739788e-01	3.774154409412029954e-01	3.406515648086990145e-01	4.867272886017469657e-01	4.648435637771439755e-01	4.450816209124079936e-01	4.214629597441679754e-01	3.210233445814970055e-01	4.107494712653109725e-01	4.867272886017469657e-01	5.053956188537630512e-01	4.867272886017469657e-01	5.051568059116160470e-01	3.662409232428309735e-01	5.778920556764439720e-01	4.867272886017469657e-01	4.867272886017469657e-01	4.867272886017469657e-01	4.867272886017469657e-01	3.907046765071710004e-01	4.867272886017469657e-01	4.712815014458450191e-01	4.867272886017469657e-01	3.644597544282329737e-01	4.867272886017469657e-01	5.850341674173830109e-01	4.867272886017469657e-01	4.997262353134859780e-01	4.867272886017469657e-01	4.860287400030789962e-01	3.703934312686740227e-01	4.867272886017469657e-01	3.555059641741110110e-01	5.066232308189480005e-01	5.782509370521869974e-01	3.576206243146040076e-01	4.867272886017469657e-01	4.867272886017469657e-01	5.332019892159070018e-01	3.618183317013369815e-01	3.432724951058560015e-01	4.867272886017469657e-01	3.360690953499830269e-01	4.156307432596180185e-01	4.867272886017469657e-01	4.654558462361479965e-01	4.867272886017469657e-01	4.867272886017469657e-01	4.867272886017469657e-01	5.072820692401880383e-01	4.732995249581349873e-01	5.477642229158810050e-01	4.867272886017469657e-01	6.577949906816450421e-01	7.120763039185680210e-01	7.417652712442199814e-01	6.670520405136870501e-01	5.187502111396490312e-01	4.867272886017469657e-01	5.716563076295420043e-01	5.726598740345000271e-01	4.867272886017469657e-01
4.867272886017469657e-01	4.867272886017469657e-01	1.000000000000089928e+00	4.867272886017469657e-01	4.867272886017469657e-01	4.867272886017469657e-01	4.867272886017469657e-01	4.867272886017469657e-01	4.867272886017469657e-01	4.945607041019660088e-01	5.170696485772280360e-01	4.459315228647369733e-01	5.849756679987500041e-01	4.867272886017469657e-01	4.867272886017469657e-01	4.867272886017469657e-01	4.867272886017469657e-01	5.949150455351249756e-01	5.045326600757680247e-01	4.881591460414470007e-01	4.867272886017469657e-01	3.660906992185650188e-01	5.029087328804290324e-01	4.886097928514629984e-01	5.248051488829830191e-01	6.168076084800799830e-01	5.543218069723240271e-01	4.867272886017469657e-01	2.458283214450339982e-01	4.867272886017469657e-01	5.706246795997339527e-01	5.919707007148240496e-01	4.867272886017469657e-01	6.116857608043100303e-01	4.813249231420430041e-01	4.867272886017469657e-01	4.867272886017469657e-01	5.738893035152059507e-01	4.867272886017469657e-01	4.867272886017469657e-01	4.802298248380060253e-01	4.867272886017469657e-01	4.867272886017469657e-01	4.367899907630530265e-01	4.867272886017469657e-01	4.867272886017469657e-01	4.563132725974999859e-01	5.261658327823169889e-01	4.867272886017469657e-01	5.192987801929650482e-01	6.546530327153390338e-01	4.867272886017469657e-01	4.909859475987680133e-01	4.867272886017469657e-01	4.867272886017469657e-01	6.681145296642050369e-01	3.300292249005870038e-01	3.429118403506830060e-01	4.867272886017469657e-01	3.444952776582069776e-01	4.955020198744510274e-01	4.867272886017469657e-01	4.867272886017469657e-01	4.661431635197270107e-01	4.427046611310869739e-01	4.867272886017469657e-01	5.389029145923069919e-01	4.943754243852639951e-01	4.221404874308259947e-01	4.192025747672519786e-01	4.236856040374110122e-01	4.483658415216160154e-01	5.529089187825619867e-01	4.867272886017469657e-01	5.781414558460660214e-01	3.188636802838890061e-01	4.867272886017469657e-01	5.842914905939570192e-01	5.756836366265180027e-01	4.867272886017469657e-01	6.211622007731399941e-01	4.187065768997160209e-01	4.084849959400930208e-01	4.867272886017469657e-01	4.635021352289209751e-01	4.709158511514440204e-01	5.268131676900019711e-01	6.148308460672059494e-01	7.628997181990500032e-01	4.951840118769409993e-01	4.867272886017469657e-01	4.867272886017469657e-01	4.335760419204319760e-01	4.867272886017469657e-01	3.622148585474260218e-01	6.243659568839919904e-01	5.891376469595269727e-01	3.465501305897319972e-01	4.639919422038210062e-01	5.063370535544620132e-01	4.867272886017469657e-01	4.867272886017469657e-01	4.867272886017469657e-01	3.031645763795480231e-01	4.293094615989910268e-01	4.867272886017469657e-01	4.867272886017469657e-01	5.728134865118910124e-01	4.080293252836619811e-01	4.867272886017469657e-01	5.742680047234339780e-01	5.944103581397790492e-01	5.476253373919920397e-01	5.431956042172749743e-01	6.002235209296139518e-01	4.867272886017469657e-01	7.377219379712059988e-01	7.886515207817329509e-01	7.557055367840910254e-01	4.867272886017469657e-01	6.152116125608849684e-01	4.867272886017469657e-01	6.404773590259259519e-01	4.867272886017469657e-01
5.732260642836739528e-01	5.397156846144549602e-01	4.867272886017469657e-01	9.999999999998450129e-01	5.466958632510979799e-01	5.114890128868889718e-01	5.555868137822249642e-01	4.867272886017469657e-01	5.220741479136620233e-01	5.194098743124140327e-01	5.477154248591250552e-01	4.850872500681360222e-01	4.867272886017469657e-01	4.867272886017469657e-01	1.000000000000000021e-03	4.867272886017469657e-01	4.288533659270710174e-01	4.867272886017469657e-01	4.867272886017469657e-01	5.176533384178070296e-01	4.867272886017469657e-01	4.867272886017469657e-01	5.361118537582749699e-01	4.867272886017469657e-01	4.867272886017469657e-01	5.592498298437520443e-01	6.212311376792619688e-01	5.576265002894520428e-01	4.000537837171390110e-01	4.751564095843249791e-01	6.233194536203660041e-01	5.109547044087150436e-01	5.696020599255400274e-01	6.533216826420019663e-01	4.360361175957819801e-01	6.165202769741100486e-01	4.867272886017469657e-01	4.867272886017469657e-01	4.605662025534930093e-01	5.907505885170729609e-01	3.435290395703510247e-01	5.557234756821379795e-01	5.409846619244880195e-01	4.275422339143549744e-01	6.190081722065440273e-01	4.668793340889780263e-01	4.062977843937159994e-01	4.326524133854779963e-01	4.867272886017469657e-01	5.296214936818940400e-01	4.995114710579710016e-01	4.867272886017469657e-01	5.214761800545230086e-01	3.747286341328859849e-01	4.867272886017469657e-01	5.516750280139900431e-01	4.266129142466250079e-01	4.867272886017469657e-01	4.657539967589979790e-01	3.800941677602949764e-01	6.050623288101339980e-01	4.896013652993539966e-01	4.867272886017469657e-01	4.163874337281989746e-01	3.538016840042699784e-01	6.213466094089049596e-01	4.867272886017469657e-01	4.867272886017469657e-01	5.613460493564059739e-01	3.148873149673310223e-01	4.601139663255299772e-01	3.927406623488829962e-01	4.867272886017469657e-01	6.292568258079149768e-01	6.039392695367820085e-01	4.867272886017469657e-01	4.867272886017469657e-01	4.867272886017469657e-01	4.867272886017469657e-01	5.679020105375499616e-01	5.400457270395510045e-01	4.867272886017469657e-01	4.221617917910879814e-01	4.867272886017469657e-01	3.717672810518860005e-01	3.571737397769499944e-01	4.867272886017469657e-01	6.048222215790519662e-01	6.001767544823269906e-01	5.740078332879080536e-01	5.941727211730479796e-01	5.513602498203680202e-01	4.867272886017469657e-01	4.867272886017469657e-01	4.041127456404430274e-01	5.762430704003359550e-01	4.867272886017469657e-01	4.049906805823649814e-01	5.488069894450440245e-01	4.867272886017469657e-01	5.359003519004460481e-01	4.867272886017469657e-01	3.696336392893500022e-01	4.974512661420760207e-01	3.301974494787520142e-01	4.726670675454400228e-01	4.867272886017469657e-01	5.167648567756639721e-01	4.867272886017469657e-01	4.867272886017469657e-01	5.871935866487979494e-01	4.867272886017469657e-01	5.416050649003369966e-01	4.867272886017469657e-01	5.697122277337800522e-01	4.867272886017469657e-01	4.867272886017469657e-01	5.723802752753639478e-01	4.867272886017469657e-01	4.890804943896490120e-01	5.829780910968800356e-01	5.227486502010459946e-01	4.867272886017469657e-01	5.303170570768289682e-01
5.829629340663730064e-01	5.436968779978870181e-01	4.867272886017469657e-01	5.466958632510979799e-01	9.999999999998030464e-01	4.940940848551440001e-01	6.337085378434470506e-01	4.867272886017469657e-01	4.867272886017469657e-01	5.993460592447860114e-01	6.141998288188880162e-01	5.513993687010579903e-01	4.867272886017469657e-01	4.217809808244170067e-01	1.000000000000000021e-03	4.867272886017469657e-01	4.867272886017469657e-01	4.867272886017469657e-01	4.867272886017469657e-01	6.660748687356370379e-01	4.867272886017469657e-01	4.369036561860979995e-01	5.680235550076450091e-01	5.122411194865359452e-01	5.808619131158310189e-01	6.601523095251500273e-01	5.381116733274460273e-01	5.786049386885410151e-01	4.867272886017469657e-01	4.867272886017469657e-01	5.267556517782420178e-01	4.822060283658070046e-01	4.876382778007170016e-01	5.790741426701560002e-01	4.867272886017469657e-01	5.414976702016539578e-01	4.867272886017469657e-01	5.564285922083429536e-01	3.746991636603659859e-01	4.867272886017469657e-01	4.867272886017469657e-01	4.867272886017469657e-01	4.867272886017469657e-01	4.013685080325680166e-01	5.259706125658889508e-01	4.237705866806940058e-01	3.632898079618789855e-01	3.982186709064450270e-01	5.371614514332010426e-01	4.967247223807290113e-01	5.307713564532999806e-01	4.867272886017469657e-01	4.562931717899900153e-01	3.357112260824710037e-01	4.867272886017469657e-01	4.861907038882080090e-01	4.867272886017469657e-01	4.867272886017469657e-01	4.060255302661530119e-01	4.867272886017469657e-01	4.867272886017469657e-01	4.867272886017469657e-01	4.867272886017469657e-01	4.867272886017469657e-01	3.044582695295829922e-01	4.867272886017469657e-01	4.472633275905250061e-01	4.396968080566739934e-01	4.512439130579640190e-01	4.867272886017469657e-01	4.059322639047249770e-01	4.867272886017469657e-01	5.001356175472789767e-01	5.421211426717440496e-01	5.041058322073279641e-01	4.867272886017469657e-01	6.011441756235219591e-01	5.483066605213440248e-01	4.643402352823269852e-01	4.867272886017469657e-01	4.867272886017469657e-01	3.936416102075649959e-01	4.867272886017469657e-01	4.867272886017469657e-01	4.867272886017469657e-01	3.394162999973620032e-01	4.508152666011450149e-01	4.867272886017469657e-01	6.055290950756060386e-01	4.832516748004559992e-01	4.867272886017469657e-01	4.733831066332500059e-01	4.867272886017469657e-01	3.517769553420049822e-01	4.867272886017469657e-01	4.967986186280379801e-01	5.632002028369520463e-01	4.867272886017469657e-01	4.867272886017469657e-01	5.157896118399849517e-01	5.673495323252050193e-01	3.370054331199029973e-01	3.385345513741719881e-01	4.246486381503140062e-01	3.051756131235159875e-01	4.867272886017469657e-01	5.690123302582159592e-01	4.334675577380789901e-01	4.501854209326189848e-01	4.867272886017469657e-01	4.867272886017469657e-01	4.867272886017469657e-01	4.867272886017469657e-01	5.632004749906750485e-01	5.436688214818270470e-01	5.774844772523619607e-01	5.996946162973320060e-01	5.882643140857279906e-01	5.890839700061050177e-01	4.867272886017469657e-01	6.454837071448089603e-01	6.051579066568639753e-01	5.474512311173119761e-01	5.937142484104309670e-01
6.252907828326029760e-01	5.260585428857840196e-01	4.867272886017469657e-01	5.114890128868889718e-01	4.940940848551440001e-01	1.000000000000039968e+00	4.867272886017469657e-01	5.223153104889539655e-01	6.042596165642869499e-01	4.198693809200609861e-01	4.494471863058350225e-01	3.932483226984179736e-01	5.633072283718989492e-01	4.766081011532969924e-01	1.000000000000000021e-03	4.762024422200120122e-01	5.457257470597379756e-01	4.867272886017469657e-01	4.593334437921670066e-01	4.353714853003500251e-01	4.867272886017469657e-01	3.134291043668360199e-01	4.344268920829850167e-01	4.357463891142530077e-01	4.559397976199550118e-01	5.533617586477479477e-01	5.077826498263869892e-01	4.867272886017469657e-01	2.301765920353009975e-01	4.867272886017469657e-01	4.867272886017469657e-01	4.867272886017469657e-01	4.867272886017469657e-01	4.867272886017469657e-01	4.867272886017469657e-01	5.370894792788799554e-01	4.867272886017469657e-01	4.867272886017469657e-01	4.470683439096380107e-01	4.867272886017469657e-01	4.332338132846009771e-01	4.422860304936530040e-01	5.566890690542960485e-01	4.047803635622099772e-01	5.912292193702649579e-01	4.815407835972569939e-01	4.867272886017469657e-01	4.779368694054970113e-01	4.831502431011889809e-01	4.867272886017469657e-01	5.908919528210569982e-01	4.449055501851280070e-01	4.445256617442889802e-01	3.771799576846889823e-01	4.644473612905820059e-01	6.060400523790889782e-01	2.988289818311279933e-01	3.150430841539310078e-01	4.568059724256099963e-01	3.176858318546280091e-01	4.479736929642250121e-01	4.867272886017469657e-01	5.675200352416429617e-01	4.304206054162559858e-01	4.867272886017469657e-01	4.562234591059949884e-01	5.510424718850269743e-01	4.867272886017469657e-01	4.069764317462850056e-01	3.803526605967270102e-01	4.867272886017469657e-01	4.210402739528860128e-01	4.867272886017469657e-01	4.867272886017469657e-01	5.770709787119560064e-01	3.037289200224759789e-01	5.871581468877019594e-01	5.351327812373259940e-01	5.025483792709110054e-01	4.867272886017469657e-01	5.784029231817979788e-01	3.805715997444290011e-01	3.718362310786659797e-01	5.709056383602519880e-01	4.217410605599899998e-01	4.349839167748960067e-01	4.867272886017469657e-01	5.534541158690540197e-01	6.061079228732280111e-01	4.316261771116650103e-01	4.795947188974840070e-01	5.596418784265979607e-01	4.187073828707220113e-01	4.867272886017469657e-01	3.379857431569159854e-01	6.090274210539380340e-01	4.867272886017469657e-01	3.055123557926319733e-01	4.445538823309669874e-01	4.867272886017469657e-01	4.867272886017469657e-01	4.111422022846050184e-01	3.602385757550140011e-01	2.885460600221200211e-01	3.776273742552839763e-01	3.686220776415760070e-01	5.069826040548089940e-01	4.867272886017469657e-01	4.025108469341779904e-01	4.867272886017469657e-01	4.994107295532930202e-01	5.617134935369030302e-01	5.221837426112470038e-01	5.094419164159089686e-01	5.586493467186010031e-01	4.867272886017469657e-01	6.128147017959669762e-01	4.867272886017469657e-01	6.130359685750800258e-01	4.931566671923839906e-01	5.669497648619069574e-01	5.322972170817119597e-01	5.703349565308080127e-01	4.867272886017469657e-01
6.225362558302960370e-01	4.867272886017469657e-01	4.867272886017469657e-01	5.555868137822249642e-01	6.337085378434470506e-01	4.867272886017469657e-01	1.000000000000049960e+00	6.933861538950629733e-01	7.066780844866290545e-01	5.607146797777320391e-01	5.601847259003059909e-01	4.867272886017469657e-01	4.867272886017469657e-01	4.763498061268959805e-01	1.000000000000000021e-03	5.242382927566510142e-01	4.867272886017469657e-01	5.389747755906030280e-01	4.887348683901849844e-01	5.760614641816840242e-01	5.132273503897120115e-01	3.908199173146960081e-01	6.231339761964039825e-01	4.991175318300060115e-01	5.861950723879220115e-01	6.417764591422270293e-01	5.389367096514100508e-01	6.401919801891069461e-01	3.091074773899000205e-01	4.867272886017469657e-01	4.867272886017469657e-01	5.307883718613749524e-01	5.470896082975219565e-01	6.244950026231560480e-01	4.284930062508550130e-01	5.558492986555310100e-01	4.731989420913739752e-01	5.715539568445290319e-01	4.391062134400510186e-01	4.867272886017469657e-01	3.890932445831309927e-01	6.318686906622430488e-01	5.358340787570500252e-01	4.867272886017469657e-01	5.712598558429800022e-01	4.835087385664549875e-01	4.038036241619180067e-01	4.564793465081100066e-01	5.152177588665559638e-01	4.867272886017469657e-01	5.719194858650440416e-01	4.825904730038890200e-01	4.659310734968459822e-01	4.867272886017469657e-01	4.645863529454259955e-01	5.592925705278479764e-01	3.582672531648070091e-01	4.867272886017469657e-01	4.477274194154839959e-01	3.528645436330309915e-01	5.423376471186529546e-01	4.656921377956970143e-01	6.319280658667989492e-01	4.052115063873110157e-01	3.553790307538789994e-01	4.867272886017469657e-01	5.109880399622449554e-01	4.863219397566639901e-01	4.592671740554170046e-01	3.492016578967219731e-01	4.867272886017469657e-01	4.124732862728670013e-01	5.336138366938909527e-01	5.643546092895329602e-01	4.867272886017469657e-01	3.891183735732069993e-01	6.317984675026739882e-01	4.867272886017469657e-01	4.867272886017469657e-01	5.354174488659090292e-01	6.680289273866379940e-01	4.096331292369240207e-01	4.867272886017469657e-01	4.867272886017469657e-01	3.886337443372350209e-01	3.986041125254319861e-01	4.811579545308299899e-01	4.867272886017469657e-01	6.245969810755900298e-01	4.761677470302310144e-01	4.867272886017469657e-01	4.867272886017469657e-01	4.867272886017469657e-01	3.764678649954780187e-01	4.867272886017469657e-01	5.613625982027400374e-01	5.726773323089749956e-01	3.658787415487779748e-01	4.964862219334980065e-01	5.040691847751159749e-01	4.867272886017469657e-01	4.867272886017469657e-01	3.690995071042220133e-01	3.767744057556869919e-01	3.544461947994019813e-01	4.867272886017469657e-01	5.773515217238940345e-01	4.867272886017469657e-01	4.584014763220630173e-01	4.234172660179699732e-01	5.564877854378269539e-01	5.351119334984449916e-01	4.867272886017469657e-01	4.867272886017469657e-01	4.867272886017469657e-01	6.190287006146000248e-01	6.210790215332100406e-01	6.132809104043760451e-01	4.867272886017469657e-01	4.867272886017469657e-01	6.290613699906290046e-01	6.088574441391899628e-01	5.896349040108049833e-01	4.867272886017469657e-01
5.742980196426890060e-01	5.128659589980260058e-01	4.867272886017469657e-01	4.867272886017469657e-01	4.867272886017469657e-01	5.223153104889539655e-01	6.933861538950629733e-01	9.999999999999209521e-01	6.936967295000909806e-01	4.867272886017469657e-01	5.221201776558059837e-01	4.593709486081379856e-01	5.319914057766269577e-01	4.369648553967280247e-01	4.867272886017469657e-01	4.867272886017469657e-01	4.418431870621810087e-01	4.867272886017469657e-01	4.321668265495610117e-01	5.099223907412290258e-01	4.950270183602170082e-01	3.343863870360039847e-01	5.980554820015220319e-01	4.503296800495459884e-01	5.962696051890400417e-01	5.824645787783360174e-01	4.847877009786250024e-01	6.307779631859169456e-01	2.487853114970960122e-01	4.336161368285469941e-01	5.141921879480230162e-01	4.867272886017469657e-01	5.203527562950710506e-01	5.347091154126210055e-01	3.896923803496150085e-01	5.062532402016950428e-01	4.867272886017469657e-01	4.979238094716230134e-01	4.074815523224730174e-01	4.343367338169670244e-01	3.712308326145249970e-01	6.001967565533270488e-01	5.371027109897099638e-01	4.867272886017469657e-01	5.321437840095579741e-01	4.867272886017469657e-01	4.867272886017469657e-01	4.215424292361599767e-01	4.661452790605800089e-01	4.554986979349500142e-01	5.753104084713680511e-01	4.213563280272690226e-01	4.160539867388080015e-01	3.421225289017100213e-01	4.084627424258360229e-01	5.259168508996500124e-01	2.963501288876549955e-01	3.252648026895260114e-01	3.975054303673110079e-01	2.969464148995760167e-01	4.642072147168950225e-01	4.197810905862259800e-01	5.935932354374090503e-01	3.717005725129610139e-01	4.867272886017469657e-01	4.491661816276659724e-01	4.867272886017469657e-01	4.334796514988890070e-01	3.944751742466149902e-01	4.867272886017469657e-01	3.678702438627159954e-01	4.867272886017469657e-01	4.743890175226950223e-01	5.200340337784430389e-01	4.867272886017469657e-01	3.108037075181009912e-01	5.898979383432170209e-01	5.077353521000510517e-01	4.716940263300309910e-01	4.761597518824580155e-01	6.497529216780979500e-01	3.608226275018129869e-01	3.429016080678979894e-01	4.867272886017469657e-01	3.606262385399450210e-01	3.819172892515450002e-01	4.309253119492389983e-01	5.217591078526719883e-01	5.633646825120149915e-01	4.297911624418729870e-01	4.597664171249570275e-01	4.798091933958820166e-01	4.867272886017469657e-01	3.305652619690330196e-01	4.867272886017469657e-01	5.258064506309489961e-01	5.353187018603530190e-01	4.867272886017469657e-01	4.867272886017469657e-01	4.792662210986249893e-01	5.993476586830700503e-01	4.867272886017469657e-01	3.264601120321309891e-01	4.867272886017469657e-01	3.296861540207399743e-01	4.867272886017469657e-01	4.867272886017469657e-01	4.766232859516609799e-01	4.867272886017469657e-01	4.867272886017469657e-01	5.095076813491710155e-01	5.150627381202019794e-01	4.734042561779209790e-01	4.859226907167469856e-01	5.220640003534740003e-01	5.699534098955949535e-01	5.565000212962200044e-01	5.648914281313619501e-01	4.867272886017469657e-01	5.182459420339949885e-01	5.672111577252949566e-01	4.867272886017469657e-01	5.409051716335649962e-01	5.378268760086150069e-01
4.867272886017469657e-01	4.867272886017469657e-01	4.867272886017469657e-01	5.220741479136620233e-01	4.867272886017469657e-01	6.042596165642869499e-01	7.066780844866290545e-01	6.936967295000909806e-01	1.000000000000270006e+00	4.867272886017469657e-01	4.886518334662440233e-01	4.140650900708249815e-01	5.770406305009400105e-01	4.956909260489180125e-01	1.000000000000000021e-03	5.183111779735920521e-01	5.421316273573719702e-01	5.828819371286210194e-01	4.645221083747220203e-01	4.743808763112289939e-01	4.867272886017469657e-01	4.867272886017469657e-01	5.465617292855290410e-01	4.583354739432090041e-01	5.830646989322929574e-01	6.016046680143110059e-01	4.867272886017469657e-01	5.969271386300259996e-01	2.257292734999319928e-01	5.156891430579589874e-01	5.545764361436069656e-01	5.247295189709679786e-01	5.850636309116440392e-01	5.786386809520950303e-01	4.867272886017469657e-01	5.215763098714120138e-01	4.867272886017469657e-01	4.867272886017469657e-01	4.794343827742910125e-01	4.363713768342700194e-01	4.554448304657470192e-01	5.840284068351470070e-01	4.867272886017469657e-01	4.078687324728709762e-01	5.947619303678339797e-01	4.867272886017469657e-01	4.230479081228509797e-01	4.945081567728030203e-01	4.756881215420660225e-01	4.809504703178820173e-01	6.164962765773139841e-01	4.304783243012130223e-01	4.540653897672909944e-01	3.966644255337279934e-01	4.582437567140020263e-01	6.014395045049719668e-01	4.867272886017469657e-01	3.083041609726229759e-01	4.867272886017469657e-01	3.227972438130949917e-01	4.867272886017469657e-01	4.867272886017469657e-01	4.867272886017469657e-01	4.867272886017469657e-01	4.867272886017469657e-01	4.666439737256959930e-01	5.353963063701130398e-01	4.928291565002679842e-01	4.218773945271129810e-01	4.867272886017469657e-01	4.021055019122040108e-01	4.867272886017469657e-01	5.065291431432920044e-01	5.558519997729309825e-01	4.867272886017469657e-01	3.023714429543880033e-01	5.956821230540250145e-01	4.867272886017469657e-01	5.182984932772529696e-01	5.111799577457509791e-01	6.372868878409040372e-01	3.884421157025489957e-01	4.867272886017469657e-01	4.867272886017469657e-01	4.867272886017469657e-01	4.521057857614360076e-01	4.795949855370659765e-01	5.451434049589880537e-01	4.867272886017469657e-01	4.511607295350920088e-01	4.635614702052969771e-01	5.455375024065509670e-01	4.135394833453219787e-01	3.793520273960029887e-01	4.867272886017469657e-01	5.867478559677790084e-01	5.516899783491200360e-01	4.867272886017469657e-01	4.585804710041320176e-01	4.664858570428579987e-01	6.078573242593450221e-01	4.349109969850900037e-01	4.867272886017469657e-01	2.921405571734809747e-01	4.867272886017469657e-01	4.867272886017469657e-01	4.931017285886359902e-01	5.777920017406330544e-01	4.031997132569020148e-01	4.403196536804749872e-01	4.867272886017469657e-01	4.867272886017469657e-01	4.867272886017469657e-01	4.881406829798020097e-01	4.867272886017469657e-01	5.895898314720640077e-01	5.866315283253450419e-01	5.933380673181659626e-01	6.055621069693349900e-01	5.205192644716919448e-01	5.735541403568390484e-01	5.622355631930999742e-01	5.842857797958550536e-01	5.472526637428359875e-01
5.379343573391529576e-01	5.051999875606200119e-01	4.945607041019660088e-01	5.194098743124140327e-01	5.993460592447860114e-01	4.198693809200609861e-01	5.607146797777320391e-01	4.867272886017469657e-01	4.867272886017469657e-01	1.000000000000140110e+00	6.040971342295770041e-01	4.867272886017469657e-01	4.930647174090420082e-01	4.240739390852670265e-01	1.000000000000000021e-03	4.879583871502369830e-01	4.867272886017469657e-01	4.649595293823299835e-01	4.918661604867219928e-01	5.825059342450560340e-01	4.362934041744159774e-01	4.813374470294040086e-01	4.867272886017469657e-01	4.867272886017469657e-01	4.867272886017469657e-01	6.443423188243999622e-01	5.266454534248460329e-01	5.191493339588130196e-01	3.716648404875850242e-01	3.619675520814920056e-01	5.044827783965110113e-01	4.114882690910440233e-01	4.867272886017469657e-01	5.102057276974469868e-01	3.891073957811509998e-01	5.341596184836110428e-01	4.478834262556660173e-01	4.867272886017469657e-01	3.740878821084739903e-01	4.867272886017469657e-01	3.209166677122790023e-01	5.107829121385869531e-01	4.714381304376180082e-01	3.895439817201780119e-01	4.869961742677210159e-01	4.867272886017469657e-01	4.867272886017469657e-01	4.867272886017469657e-01	5.190186463369940162e-01	4.867272886017469657e-01	5.167208330604899924e-01	4.760386424548829765e-01	5.036762814144010170e-01	3.580648243287130050e-01	4.174085150248070253e-01	4.600042481289279839e-01	4.867272886017469657e-01	4.471490285538889942e-01	4.208132699176549973e-01	3.711745832926829913e-01	5.604590703798909557e-01	4.542123756658230094e-01	5.429476628727269993e-01	3.858176477942690252e-01	3.373928481790089973e-01	5.412699738224510115e-01	4.223564096554079939e-01	4.867272886017469657e-01	4.535975333627609851e-01	4.867272886017469657e-01	4.402103918984690001e-01	3.531289136482049784e-01	4.564895724651080178e-01	5.252199717115659805e-01	4.718836323961819734e-01	4.867272886017469657e-01	4.867272886017469657e-01	5.141033662334409948e-01	5.012061901641640116e-01	4.697939506873000104e-01	5.190093947489570203e-01	4.867272886017469657e-01	4.058588410072320185e-01	4.867272886017469657e-01	3.537313158717089734e-01	3.169549249110539813e-01	5.086781691863989652e-01	4.867272886017469657e-01	4.867272886017469657e-01	5.301093046957340293e-01	4.867272886017469657e-01	4.433336168948650013e-01	3.648584381689189970e-01	3.842093501047709747e-01	4.867272886017469657e-01	4.368673992339450196e-01	5.314531690741409742e-01	4.104297033869669931e-01	4.604929329065809984e-01	4.867272886017469657e-01	4.867272886017469657e-01	4.867272886017469657e-01	4.867272886017469657e-01	4.249132660299830277e-01	3.268742902330850075e-01	4.627777926836689759e-01	5.526635223626790161e-01	4.473480435881360129e-01	4.472718562262860131e-01	4.074980613587370071e-01	4.867272886017469657e-01	4.795045939763680209e-01	4.559538024790319999e-01	5.304627387830990193e-01	4.867272886017469657e-01	4.923746952207200267e-01	5.356625931246510319e-01	5.147485482233450371e-01	5.314317695001230524e-01	4.867272886017469657e-01	4.867272886017469657e-01	5.441424040476799950e-01	5.296065209121000317e-01	4.867272886017469657e-01
4.867272886017469657e-01	5.547119743603009523e-01	5.170696485772280360e-01	5.477154248591250552e-01	6.141998288188880162e-01	4.494471863058350225e-01	5.601847259003059909e-01	5.221201776558059837e-01	4.886518334662440233e-01	6.040971342295770041e-01	9.999999999999820144e-01	4.867272886017469657e-01	5.106641236286260099e-01	4.094588005888519788e-01	4.867272886017469657e-01	4.867272886017469657e-01	3.310979081190699724e-01	4.600744895180799987e-01	4.834971294734949909e-01	6.295784205414169943e-01	4.207727342129810033e-01	4.986611452359199781e-01	5.710946470531660379e-01	5.216570209230220190e-01	5.467153452262150104e-01	6.210104497506769849e-01	5.453029081553230073e-01	4.867272886017469657e-01	4.022795187117029769e-01	3.532504882657749867e-01	5.219191160006509955e-01	4.585099000125090196e-01	4.605076159041279760e-01	5.562745536037140281e-01	4.867272886017469657e-01	5.524545372543899768e-01	4.195176313003249891e-01	5.700483967661880147e-01	3.643228302386820050e-01	5.295017209916019763e-01	3.076061413844750070e-01	5.337765631204770544e-01	4.591871773760130004e-01	3.970701303819509920e-01	4.974319120412870054e-01	3.958551704578309738e-01	3.692262936791509964e-01	4.867272886017469657e-01	5.517855789447949633e-01	4.867272886017469657e-01	4.867272886017469657e-01	4.851658834622309957e-01	4.921509737234119886e-01	3.360794293169980240e-01	4.189145006425369910e-01	4.557345889742420164e-01	4.161979109084680273e-01	4.867272886017469657e-01	4.049298817277809936e-01	3.576477943575530061e-01	5.791012884597029897e-01	4.867272886017469657e-01	4.867272886017469657e-01	3.675014634703370198e-01	3.064392138780919761e-01	5.354232760897770227e-01	4.233857240139800027e-01	4.867272886017469657e-01	4.500282878528309993e-01	4.867272886017469657e-01	4.159318362268800140e-01	4.867272886017469657e-01	4.867272886017469657e-01	4.867272886017469657e-01	4.867272886017469657e-01	4.867272886017469657e-01	5.635652571638609665e-01	5.281359241037769658e-01	4.867272886017469657e-01	4.946896486054270237e-01	6.039456113227410494e-01	4.049707268695900142e-01	4.867272886017469657e-01	3.990390433629389944e-01	4.867272886017469657e-01	4.867272886017469657e-01	4.867272886017469657e-01	4.867272886017469657e-01	4.867272886017469657e-01	4.999063658529609988e-01	4.867272886017469657e-01	4.867272886017469657e-01	3.253079551618350274e-01	3.594518324353109806e-01	3.926157046455330257e-01	4.867272886017469657e-01	4.867272886017469657e-01	3.989011597128049869e-01	4.867272886017469657e-01	5.793384990084290420e-01	6.125403799279179884e-01	3.279189274818130051e-01	3.379616057071210267e-01	4.521266587109620261e-01	3.017537422996139918e-01	4.867272886017469657e-01	5.491350813544300102e-01	4.177496579680540223e-01	4.529110594562790193e-01	3.845949771668180084e-01	4.867272886017469657e-01	4.500862427084399986e-01	4.383050999396280178e-01	4.867272886017469657e-01	5.153925220313160249e-01	5.517985226670839571e-01	5.688328415676819905e-01	5.598451796117549506e-01	5.649526059526229771e-01	5.469174938942029662e-01	5.994896886393129565e-01	6.015389971119560197e-01	4.867272886017469657e-01	5.597345426040120087e-01
4.979262836135640025e-01	4.867272886017469657e-01	4.459315228647369733e-01	4.850872500681360222e-01	5.513993687010579903e-01	3.932483226984179736e-01	4.867272886017469657e-01	4.593709486081379856e-01	4.140650900708249815e-01	4.867272886017469657e-01	4.867272886017469657e-01	1.000000000000089928e+00	4.867272886017469657e-01	3.707286767413520145e-01	1.000000000000000021e-03	4.410068239695220105e-01	2.782985162710159832e-01	4.867272886017469657e-01	4.867272886017469657e-01	4.867272886017469657e-01	4.867272886017469657e-01	4.602276011104409759e-01	5.402995678716350225e-01	4.801720936088080260e-01	4.799116859455719863e-01	5.354111111484249896e-01	4.899520017086940182e-01	4.867272886017469657e-01	4.148469533560880107e-01	3.059328906798789993e-01	4.867272886017469657e-01	4.208622302845480001e-01	3.993513762591759941e-01	5.018989844833170455e-01	4.867272886017469657e-01	4.867272886017469657e-01	3.829569074075460100e-01	4.867272886017469657e-01	4.867272886017469657e-01	5.165601722361039538e-01	4.867272886017469657e-01	4.840322128637800092e-01	3.796629162799889934e-01	3.818887375151360231e-01	4.360945137025210028e-01	4.867272886017469657e-01	3.341107220705760161e-01	3.487768026975560098e-01	4.714238651345459830e-01	5.204219624884249829e-01	4.867272886017469657e-01	4.621345856698260146e-01	4.340646124502600123e-01	3.210733347084009925e-01	4.867272886017469657e-01	3.966785278694350270e-01	4.001508003050530116e-01	4.716511413396560215e-01	4.867272886017469657e-01	3.522363633947209749e-01	5.632745982092689507e-01	4.867272886017469657e-01	6.311655067191790369e-01	3.268869150193680073e-01	4.867272886017469657e-01	4.723369087854589754e-01	3.715371989452370127e-01	3.861322141266809727e-01	4.867272886017469657e-01	2.525451693909500084e-01	4.867272886017469657e-01	3.301099184399849951e-01	4.597487492485070049e-01	4.867272886017469657e-01	4.385441962242129788e-01	4.584450693510719876e-01	5.881684094679140440e-01	4.867272886017469657e-01	4.140783951286799991e-01	4.867272886017469657e-01	4.867272886017469657e-01	4.867272886017469657e-01	3.214316661451310231e-01	3.449685389614239872e-01	4.867272886017469657e-01	2.847869506745410173e-01	4.177812849764779846e-01	5.133672264572870514e-01	5.339167199059009494e-01	4.481043289384110118e-01	5.023508419157249882e-01	3.968914723135690270e-01	4.867272886017469657e-01	4.867272886017469657e-01	3.916396068035750133e-01	4.078446181634540202e-01	4.763448916328250071e-01	4.867272886017469657e-01	4.349015891344409912e-01	4.867272886017469657e-01	4.894514809997400073e-01	2.935903096464430040e-01	3.157423552922030141e-01	4.428251805522059881e-01	2.673927222814699856e-01	4.867272886017469657e-01	5.267065646531710055e-01	3.412249075456300074e-01	4.283169632526370174e-01	4.867272886017469657e-01	4.991715518919410122e-01	4.867272886017469657e-01	3.892099141960659869e-01	5.313338369088630442e-01	4.931173725692860055e-01	5.051981135258929445e-01	4.867272886017469657e-01	4.959009869934449810e-01	5.110531856681369556e-01	5.577662371020869481e-01	6.274216912984019734e-01	6.474733467571850420e-01	5.583520447667890130e-01	5.948784813966829788e-01
