1.000000000000000000e+00	1.038425489648972661e-01	1.492537313432840129e-01	1.038425489648972661e-01	1.038425489648972661e-01	1.038425489648972661e-01	1.038425489648972661e-01	2.079207920792079944e-01	1.038425489648972661e-01	1.038425489648972661e-01	1.038425489648972661e-01	1.038425489648972661e-01	1.038425489648972661e-01	1.038425489648972661e-01	1.038425489648972661e-01	1.318681318681320103e-01	2.698412698412699928e-01	1.038425489648972661e-01	1.038425489648972661e-01	1.038425489648972661e-01	1.038425489648972661e-01	1.038425489648972661e-01	2.990196078431370252e-01	1.038425489648972661e-01	1.038425489648972661e-01	1.038425489648972661e-01	2.325581395348839953e-01	1.038425489648972661e-01	1.038425489648972661e-01	1.038425489648972661e-01	1.038425489648972661e-01	1.038425489648972661e-01	1.038425489648972661e-01	1.318681318681320103e-01	1.038425489648972661e-01	1.038425489648972661e-01	2.871794871794869919e-01	1.038425489648972661e-01	1.038425489648972661e-01	3.068181818181819898e-01	1.038425489648972661e-01	1.652173913043480102e-01	9.583333333333329818e-02	1.038425489648972661e-01	1.675675675675679932e-01	1.038425489648972661e-01	2.089552238805970075e-01	1.969111969111969895e-01	2.077922077922080002e-01	1.038425489648972661e-01	1.038425489648972661e-01	1.038425489648972661e-01	1.038425489648972661e-01	1.038425489648972661e-01	1.511111111111110017e-01	1.038425489648972661e-01	2.378854625550660129e-01	1.038425489648972661e-01	1.038425489648972661e-01	1.038425489648972661e-01	1.151079136690650040e-01	1.038425489648972661e-01	1.038425489648972661e-01	8.040201005025129910e-02	1.562500000000000000e-01	1.038425489648972661e-01	1.038425489648972661e-01	1.038425489648972661e-01	1.038425489648972661e-01	1.038425489648972661e-01	1.038425489648972661e-01	1.038425489648972661e-01	3.523316062176169994e-01	1.038425489648972661e-01	1.038425489648972661e-01	2.655737704918029740e-01	1.038425489648972661e-01	1.038425489648972661e-01	1.038425489648972661e-01	1.625766871165640060e-01	1.038425489648972661e-01	1.038425489648972661e-01	1.038425489648972661e-01	1.038425489648972661e-01	2.657657657657659933e-01	1.038425489648972661e-01	1.038425489648972661e-01	1.038425489648972661e-01	1.589403973509929957e-01	2.530612244897960106e-01	2.122641509433960127e-01	2.000000000000000111e-01	8.713692946058089472e-02	1.038425489648972661e-01	1.038425489648972661e-01	1.038425489648972661e-01	1.038425489648972661e-01	1.038425489648972661e-01	1.914893617021279915e-01	1.038425489648972661e-01	1.038425489648972661e-01	1.038425489648972661e-01	1.038425489648972661e-01	1.038425489648972661e-01	2.376237623762380013e-01	1.038425489648972661e-01	3.142857142857140018e-01	1.038425489648972661e-01	2.775330396475769734e-01	2.837837837837839938e-01	1.038425489648972661e-01	1.712062256809339933e-01	1.038425489648972661e-01	1.038425489648972661e-01	1.715481171548119965e-01	1.038425489648972661e-01	1.038425489648972661e-01	1.038425489648972661e-01	1.038425489648972661e-01	2.711111111111110250e-01	1.038425489648972661e-01	2.974683544303799998e-01	2.125603864734300075e-01	1.703056768558950107e-01
1.038425489648972661e-01	1.000000000000000000e+00	1.038425489648972661e-01	1.038425489648972661e-01	2.685714285714290162e-01	1.038425489648972661e-01	4.966442953020129836e-01	1.038425489648972661e-01	1.038425489648972661e-01	1.038425489648972661e-01	1.038425489648972661e-01	1.038425489648972661e-01	1.038425489648972661e-01	1.038425489648972661e-01	1.038425489648972661e-01	1.038425489648972661e-01	1.038425489648972661e-01	1.038425489648972661e-01	1.038425489648972661e-01	1.038425489648972661e-01	1.038425489648972661e-01	1.038425489648972661e-01	1.038425489648972661e-01	1.038425489648972661e-01	1.038425489648972661e-01	1.038425489648972661e-01	9.004739336492889601e-02	1.467181467181470078e-01	1.038425489648972661e-01	1.163522012578619980e-01	1.038425489648972661e-01	3.947368421052629972e-01	1.038425489648972661e-01	1.038425489648972661e-01	1.038425489648972661e-01	1.038425489648972661e-01	1.208333333333330012e-01	1.038425489648972661e-01	1.038425489648972661e-01	1.343749999999999944e-01	1.038425489648972661e-01	1.038425489648972661e-01	1.038425489648972661e-01	4.128440366972480069e-01	2.676056338028169890e-01	1.038425489648972661e-01	1.038425489648972661e-01	1.038425489648972661e-01	8.791208791208790507e-02	1.038425489648972661e-01	1.038425489648972661e-01	1.262798634812289933e-01	1.038425489648972661e-01	1.038425489648972661e-01	1.079999999999999988e-01	1.038425489648972661e-01	1.038425489648972661e-01	1.038425489648972661e-01	7.870370370370370627e-02	1.038425489648972661e-01	7.453416149068320395e-02	1.038425489648972661e-01	1.038425489648972661e-01	1.038425489648972661e-01	1.661129568106310128e-01	1.624203821656050040e-01	1.038425489648972661e-01	1.038425489648972661e-01	1.038425489648972661e-01	1.038425489648972661e-01	1.038425489648972661e-01	1.038425489648972661e-01	1.038425489648972661e-01	1.038425489648972661e-01	1.038425489648972661e-01	1.038425489648972661e-01	1.033210332103319945e-01	1.328671328671330032e-01	1.038425489648972661e-01	1.038425489648972661e-01	1.038425489648972661e-01	7.194244604316549739e-03	1.038425489648972661e-01	1.038425489648972661e-01	1.038425489648972661e-01	2.624113475177299870e-01	1.038425489648972661e-01	1.038425489648972661e-01	1.840490797546009971e-01	1.092150170648460011e-01	1.224489795918369955e-01	1.038425489648972661e-01	9.580419580419580194e-01	1.038425489648972661e-01	1.146788990825689941e-01	1.038425489648972661e-01	1.776649746192890122e-01	1.038425489648972661e-01	1.825396825396830014e-01	1.038425489648972661e-01	1.037037037037040060e-01	9.958506224066389356e-02	1.038425489648972661e-01	1.343283582089550010e-01	1.038425489648972661e-01	7.806691449814129324e-02	1.351351351351350039e-01	1.038425489648972661e-01	1.282051282051279995e-01	1.305970149253730117e-01	1.038425489648972661e-01	1.038425489648972661e-01	1.038425489648972661e-01	1.653225806451610047e-01	1.038425489648972661e-01	1.038425489648972661e-01	1.038425489648972661e-01	1.363636363636359927e-01	1.038425489648972661e-01	1.038425489648972661e-01	1.038425489648972661e-01	9.313725490196080037e-02	1.038425489648972661e-01	1.038425489648972661e-01
1.492537313432840129e-01	1.038425489648972661e-01	1.000000000000000000e+00	1.038425489648972661e-01	1.810344827586209959e-01	1.038425489648972661e-01	1.178861788617889955e-01	1.038425489648972661e-01	2.723577235772359773e-01	1.038425489648972661e-01	2.803030303030299986e-01	1.038425489648972661e-01	1.038425489648972661e-01	1.038425489648972661e-01	1.038425489648972661e-01	1.038425489648972661e-01	2.786885245901640218e-01	1.038425489648972661e-01	1.038425489648972661e-01	1.879699248120300092e-01	1.038425489648972661e-01	1.038425489648972661e-01	1.038425489648972661e-01	1.038425489648972661e-01	1.038425489648972661e-01	1.038425489648972661e-01	1.038425489648972661e-01	4.186991869918699760e-01	1.038425489648972661e-01	2.484662576687119984e-01	2.627118644067800157e-01	1.038425489648972661e-01	1.038425489648972661e-01	1.038425489648972661e-01	3.032786885245900010e-01	1.038425489648972661e-01	1.038425489648972661e-01	1.038425489648972661e-01	1.038425489648972661e-01	1.038425489648972661e-01	1.038425489648972661e-01	1.038425489648972661e-01	1.038425489648972661e-01	1.575562700964630025e-01	3.280423280423280241e-01	2.222222222222219878e-01	2.672064777327939900e-01	1.038425489648972661e-01	1.038425489648972661e-01	1.038425489648972661e-01	1.038425489648972661e-01	1.038425489648972661e-01	1.038425489648972661e-01	1.038425489648972661e-01	2.322097378277150070e-01	1.038425489648972661e-01	2.952029520295200160e-01	1.038425489648972661e-01	1.038425489648972661e-01	2.079999999999999905e-01	6.635071090047389708e-02	1.927710843373489913e-01	1.038425489648972661e-01	1.046511627906979991e-01	1.038425489648972661e-01	2.636363636363640017e-01	1.038425489648972661e-01	1.038425489648972661e-01	2.374429223744289885e-01	2.534562211981569724e-01	1.038425489648972661e-01	1.038425489648972661e-01	1.038425489648972661e-01	1.038425489648972661e-01	1.038425489648972661e-01	2.808988764044940134e-01	3.818897637795279909e-01	1.038425489648972661e-01	1.331269349845199956e-01	3.090379008746360068e-01	2.860892388451439783e-01	5.235602094240839749e-03	1.038425489648972661e-01	2.053872053872050074e-01	1.038425489648972661e-01	1.038425489648972661e-01	1.038425489648972661e-01	1.038425489648972661e-01	1.038425489648972661e-01	1.038425489648972661e-01	1.038425489648972661e-01	1.038425489648972661e-01	1.487889273356400033e-01	1.038425489648972661e-01	1.038425489648972661e-01	1.038425489648972661e-01	1.038425489648972661e-01	1.038425489648972661e-01	2.152777777777780122e-01	1.666666666666669905e-01	1.038425489648972661e-01	4.026548672566370168e-01	1.038425489648972661e-01	1.038425489648972661e-01	2.500000000000000000e-01	1.038425489648972661e-01	1.038425489648972661e-01	1.038425489648972661e-01	1.038425489648972661e-01	1.038425489648972661e-01	1.038425489648972661e-01	1.038425489648972661e-01	1.038425489648972661e-01	1.038425489648972661e-01	1.038425489648972661e-01	3.061224489795920101e-01	1.038425489648972661e-01	1.038425489648972661e-01	2.025723472668810032e-01	2.535211267605629870e-01	2.346938775510200026e-01	1.038425489648972661e-01	1.038425489648972661e-01	3.359683794466399864e-01
1.038425489648972661e-01	1.038425489648972661e-01	1.038425489648972661e-01	1.000000000000000000e+00	1.868131868131870099e-01	1.038425489648972661e-01	1.403508771929820043e-01	1.038425489648972661e-01	1.038425489648972661e-01	1.038425489648972661e-01	2.396166134185299945e-01	1.038425489648972661e-01	1.038425489648972661e-01	1.860465116279070019e-01	1.038425489648972661e-01	1.854545454545450112e-01	1.038425489648972661e-01	1.789137380191689886e-01	1.038425489648972661e-01	1.038425489648972661e-01	1.038425489648972661e-01	1.038425489648972661e-01	2.419354838709679989e-01	2.583586626139819931e-01	2.391930835734870087e-01	2.629969418960240168e-01	1.608391608391609995e-01	1.038425489648972661e-01	1.038425489648972661e-01	1.038425489648972661e-01	1.038425489648972661e-01	1.038425489648972661e-01	1.038425489648972661e-01	1.038425489648972661e-01	2.957746478873239937e-01	1.038425489648972661e-01	1.038425489648972661e-01	1.038425489648972661e-01	1.038425489648972661e-01	1.038425489648972661e-01	1.741573033707869977e-01	1.479289940828399930e-01	1.038425489648972661e-01	1.953352769679299883e-01	3.562653562653559924e-01	1.038425489648972661e-01	2.964285714285709861e-01	1.038425489648972661e-01	1.038425489648972661e-01	1.038425489648972661e-01	2.549019607843139856e-01	2.972972972972969807e-01	1.038425489648972661e-01	1.038425489648972661e-01	1.038425489648972661e-01	1.038425489648972661e-01	2.893890675241159727e-01	9.259259259259260133e-02	1.038425489648972661e-01	1.038425489648972661e-01	7.843137254901960675e-02	1.038425489648972661e-01	1.038425489648972661e-01	1.038425489648972661e-01	1.038425489648972661e-01	2.553763440860220002e-01	1.038425489648972661e-01	1.038425489648972661e-01	1.038425489648972661e-01	1.038425489648972661e-01	1.038425489648972661e-01	1.062499999999999972e-01	1.038425489648972661e-01	1.038425489648972661e-01	1.038425489648972661e-01	1.038425489648972661e-01	1.038425489648972661e-01	2.492668621700880049e-01	1.491712707182319964e-01	3.028720626631850044e-01	1.038425489648972661e-01	8.333333333333329748e-03	1.538461538461539935e-01	1.038425489648972661e-01	1.038425489648972661e-01	1.038425489648972661e-01	1.770186335403730049e-01	1.038425489648972661e-01	1.943319838056679905e-01	2.200000000000000011e-01	1.038425489648972661e-01	1.842105263157889916e-01	1.753846153846150002e-01	1.038425489648972661e-01	1.038425489648972661e-01	2.402597402597400067e-01	2.651515151515150270e-01	1.038425489648972661e-01	1.038425489648972661e-01	2.012012012012009965e-01	1.038425489648972661e-01	3.297101449275359752e-01	2.177914110429449990e-01	1.038425489648972661e-01	3.214285714285710083e-01	2.211838006230530118e-01	1.038425489648972661e-01	1.038425489648972661e-01	1.038425489648972661e-01	1.038425489648972661e-01	2.650176678445230194e-01	2.567164179104480248e-01	1.038425489648972661e-01	1.038425489648972661e-01	1.038425489648972661e-01	1.038425489648972661e-01	2.395543175487470089e-01	1.038425489648972661e-01	2.289855072463770069e-01	1.038425489648972661e-01	1.038425489648972661e-01	1.038425489648972661e-01	1.038425489648972661e-01	1.038425489648972661e-01
1.038425489648972661e-01	2.685714285714290162e-01	1.810344827586209959e-01	1.868131868131870099e-01	1.000000000000000000e+00	2.537313432835819893e-01	1.038425489648972661e-01	1.038425489648972661e-01	1.038425489648972661e-01	1.038425489648972661e-01	1.641791044776119979e-01	1.581395348837210113e-01	2.045454545454550022e-01	1.545454545454550133e-01	1.038425489648972661e-01	1.038425489648972661e-01	1.485943775100400099e-01	1.038425489648972661e-01	1.038425489648972661e-01	1.777777777777780066e-01	1.802721088435370045e-01	1.038425489648972661e-01	1.038425489648972661e-01	1.038425489648972661e-01	1.845493562231760032e-01	1.038425489648972661e-01	1.038425489648972661e-01	1.038425489648972661e-01	1.559139784946239893e-01	1.038425489648972661e-01	1.038425489648972661e-01	1.038425489648972661e-01	1.038425489648972661e-01	1.603375527426159908e-01	2.891566265060239727e-01	1.038425489648972661e-01	1.038425489648972661e-01	1.491712707182319964e-01	1.038425489648972661e-01	1.038425489648972661e-01	2.000000000000000111e-01	2.187500000000000000e-01	1.038425489648972661e-01	1.038425489648972661e-01	1.038425489648972661e-01	1.038425489648972661e-01	1.038425489648972661e-01	2.105263157894740056e-01	1.038425489648972661e-01	1.038425489648972661e-01	1.902834008097170071e-01	1.038425489648972661e-01	1.038425489648972661e-01	1.038425489648972661e-01	1.038425489648972661e-01	1.556886227544909962e-01	1.038425489648972661e-01	1.038425489648972661e-01	1.038425489648972661e-01	2.298136645962730040e-01	1.000000000000000056e-01	1.038425489648972661e-01	1.038425489648972661e-01	1.038425489648972661e-01	1.038425489648972661e-01	1.901140684410649873e-01	1.038425489648972661e-01	2.159999999999999976e-01	1.038425489648972661e-01	1.748251748251750115e-01	1.038425489648972661e-01	1.363636363636359927e-01	1.073170731707319969e-01	1.851851851851850084e-01	1.243243243243239982e-01	1.038425489648972661e-01	1.038425489648972661e-01	1.038425489648972661e-01	1.441048034934500066e-01	1.038425489648972661e-01	1.556886227544909962e-01	1.149425287356319915e-02	1.945945945945949940e-01	1.038425489648972661e-01	1.038425489648972661e-01	1.052631578947370028e-01	1.038425489648972661e-01	1.641791044776119979e-01	1.038425489648972661e-01	1.038425489648972661e-01	1.038425489648972661e-01	1.038425489648972661e-01	1.038425489648972661e-01	2.329545454545449978e-01	1.038425489648972661e-01	1.038425489648972661e-01	1.038425489648972661e-01	1.602209944751379900e-01	1.038425489648972661e-01	2.424242424242419869e-01	1.038425489648972661e-01	1.451612903225809881e-01	2.335025380710659959e-01	1.038425489648972661e-01	1.038425489648972661e-01	1.038425489648972661e-01	1.038425489648972661e-01	1.038425489648972661e-01	1.689497716894980128e-01	1.038425489648972661e-01	1.038425489648972661e-01	1.038425489648972661e-01	1.038425489648972661e-01	1.038425489648972661e-01	1.038425489648972661e-01	1.038425489648972661e-01	1.038425489648972661e-01	1.038425489648972661e-01	1.038425489648972661e-01	1.038425489648972661e-01	1.038425489648972661e-01	1.400000000000000133e-01	1.481481481481480011e-01	1.038425489648972661e-01
1.038425489648972661e-01	1.038425489648972661e-01	1.038425489648972661e-01	1.038425489648972661e-01	2.537313432835819893e-01	1.000000000000000000e+00	1.038425489648972661e-01	1.038425489648972661e-01	1.038425489648972661e-01	1.038425489648972661e-01	1.038425489648972661e-01	1.038425489648972661e-01	2.048611111111109939e-01	1.626297577854670107e-01	1.813471502590670026e-01	2.636815920398010160e-01	1.536050156739809935e-01	1.038425489648972661e-01	1.038425489648972661e-01	1.620553359683790107e-01	1.818181818181819898e-01	1.038425489648972661e-01	1.592592592592589895e-01	2.084805653710249951e-01	2.971014492753619729e-01	1.799307958477510128e-01	1.038425489648972661e-01	1.038425489648972661e-01	1.038425489648972661e-01	1.038425489648972661e-01	1.038425489648972661e-01	1.038425489648972661e-01	1.572327044025159937e-01	1.038425489648972661e-01	1.038425489648972661e-01	1.749999999999999889e-01	1.038425489648972661e-01	1.553784860557770042e-01	1.038425489648972661e-01	1.038425489648972661e-01	3.515625000000000000e-01	1.038425489648972661e-01	1.038425489648972661e-01	1.038425489648972661e-01	1.038425489648972661e-01	1.038425489648972661e-01	1.038425489648972661e-01	3.113553113553110263e-01	1.314878892733560012e-01	1.038425489648972661e-01	1.038425489648972661e-01	1.038425489648972661e-01	1.494252873563219897e-01	2.925764192139739817e-01	1.038425489648972661e-01	3.033175355450239974e-01	2.230483271375459930e-01	1.038425489648972661e-01	1.050420168067229959e-01	1.038425489648972661e-01	7.978723404255319562e-02	1.038425489648972661e-01	1.510067114093960050e-01	1.038425489648972661e-01	1.615853658536590132e-01	1.038425489648972661e-01	1.459854014598540028e-01	1.038425489648972661e-01	1.038425489648972661e-01	1.312217194570139966e-01	3.090909090909090273e-01	4.461538461538460121e-01	1.038425489648972661e-01	1.038425489648972661e-01	3.242009132420090034e-01	1.038425489648972661e-01	1.038425489648972661e-01	1.038425489648972661e-01	1.038425489648972661e-01	3.598726114649680174e-01	1.038425489648972661e-01	5.917159763313610196e-03	1.038425489648972661e-01	1.038425489648972661e-01	1.038425489648972661e-01	1.038425489648972661e-01	1.541353383458649862e-01	2.468354430379749997e-01	1.494845360824740010e-01	1.677631578947370028e-01	1.296296296296300110e-01	1.038425489648972661e-01	1.038425489648972661e-01	1.038425489648972661e-01	1.716738197424889922e-01	1.654135338345860129e-01	2.780487804878050140e-01	1.038425489648972661e-01	1.038425489648972661e-01	1.038425489648972661e-01	1.038425489648972661e-01	1.038425489648972661e-01	1.038425489648972661e-01	1.038425489648972661e-01	1.038425489648972661e-01	1.428571428571429880e-01	1.038425489648972661e-01	1.038425489648972661e-01	1.943462897526500033e-01	1.038425489648972661e-01	1.916666666666670127e-01	1.038425489648972661e-01	1.038425489648972661e-01	1.038425489648972661e-01	1.798561151079139941e-01	1.947194719471949942e-01	1.038425489648972661e-01	1.038425489648972661e-01	2.137931034482760118e-01	1.038425489648972661e-01	1.038425489648972661e-01	1.038425489648972661e-01	1.038425489648972661e-01	2.295719844357979877e-01
1.038425489648972661e-01	4.966442953020129836e-01	1.178861788617889955e-01	1.403508771929820043e-01	1.038425489648972661e-01	1.038425489648972661e-01	1.000000000000000000e+00	1.038425489648972661e-01	1.038425489648972661e-01	1.038425489648972661e-01	1.038425489648972661e-01	1.038425489648972661e-01	1.038425489648972661e-01	1.038425489648972661e-01	1.136363636363639934e-01	1.038425489648972661e-01	8.712121212121209934e-02	8.000000000000000167e-02	1.284916201117320134e-01	1.966292134831459926e-01	1.153846153846150024e-01	9.954751131221720173e-02	1.038425489648972661e-01	1.038425489648972661e-01	1.038425489648972661e-01	1.038425489648972661e-01	1.038425489648972661e-01	1.038425489648972661e-01	1.038425489648972661e-01	1.038425489648972661e-01	1.079545454545449978e-01	1.038425489648972661e-01	1.038425489648972661e-01	1.038425489648972661e-01	1.038425489648972661e-01	1.038425489648972661e-01	1.038425489648972661e-01	1.058201058201059946e-01	1.038425489648972661e-01	1.038425489648972661e-01	1.038425489648972661e-01	1.633663366336630118e-01	1.038425489648972661e-01	1.038425489648972661e-01	1.038425489648972661e-01	1.038425489648972661e-01	1.038425489648972661e-01	1.038425489648972661e-01	1.038425489648972661e-01	8.606557377049180169e-02	1.038425489648972661e-01	1.038425489648972661e-01	1.038425489648972661e-01	1.038425489648972661e-01	1.038425489648972661e-01	1.038425489648972661e-01	1.588785046728969919e-01	1.038425489648972661e-01	6.432748538011699713e-02	1.637426900584799949e-01	8.928571428571430157e-02	9.604519774011299749e-02	7.818930041152259702e-02	1.038425489648972661e-01	1.450381679389310119e-01	1.335740072202170059e-01	9.389671361502349711e-02	1.038425489648972661e-01	1.038425489648972661e-01	1.418918918918919969e-01	1.974248927038629864e-01	3.489932885906040227e-01	1.038425489648972661e-01	1.038425489648972661e-01	1.038425489648972661e-01	1.038425489648972661e-01	1.038425489648972661e-01	1.038425489648972661e-01	1.239316239316240048e-01	1.038425489648972661e-01	2.285714285714290084e-01	1.136363636363640038e-02	1.038425489648972661e-01	3.350785340314140215e-01	1.376146788990829928e-01	1.038425489648972661e-01	1.038425489648972661e-01	1.038425489648972661e-01	1.038425489648972661e-01	1.038425489648972661e-01	1.546391752577319922e-01	1.038425489648972661e-01	4.774193548387100083e-01	1.038425489648972661e-01	1.038425489648972661e-01	1.507537688442210089e-01	1.038425489648972661e-01	1.038425489648972661e-01	1.038425489648972661e-01	1.038425489648972661e-01	6.465517241379309388e-02	1.038425489648972661e-01	1.038425489648972661e-01	1.038425489648972661e-01	1.038425489648972661e-01	7.174887892376680121e-02	1.038425489648972661e-01	1.038425489648972661e-01	1.038425489648972661e-01	1.038425489648972661e-01	1.038425489648972661e-01	1.074380165289259975e-01	1.038425489648972661e-01	1.038425489648972661e-01	1.076233183856499936e-01	1.708333333333330040e-01	1.038425489648972661e-01	1.055555555555559993e-01	1.038425489648972661e-01	1.038425489648972661e-01	1.038425489648972661e-01	1.038425489648972661e-01	1.065989847715740069e-01	9.302325581395350096e-02
2.079207920792079944e-01	1.038425489648972661e-01	1.038425489648972661e-01	1.038425489648972661e-01	1.038425489648972661e-01	1.038425489648972661e-01	1.038425489648972661e-01	1.000000000000000000e+00	1.038425489648972661e-01	1.038425489648972661e-01	1.038425489648972661e-01	1.038425489648972661e-01	1.038425489648972661e-01	1.038425489648972661e-01	1.038425489648972661e-01	1.038425489648972661e-01	2.255639097744359944e-01	2.623762376237619987e-01	1.038425489648972661e-01	1.038425489648972661e-01	2.208201892744479922e-01	2.477876106194689954e-01	1.038425489648972661e-01	2.295081967213110086e-01	1.038425489648972661e-01	1.038425489648972661e-01	1.038425489648972661e-01	2.954545454545450256e-01	1.643835616438359959e-01	1.038425489648972661e-01	3.146067415730339767e-01	1.038425489648972661e-01	1.438596491228069929e-01	1.038425489648972661e-01	1.038425489648972661e-01	1.038425489648972661e-01	1.038425489648972661e-01	1.038425489648972661e-01	2.053231939163500108e-01	1.038425489648972661e-01	1.038425489648972661e-01	1.275720164609049911e-01	1.038425489648972661e-01	1.038425489648972661e-01	1.038425489648972661e-01	1.649122807017540104e-01	2.639593908629440100e-01	1.038425489648972661e-01	2.127659574468090120e-01	1.038425489648972661e-01	2.057761732851990100e-01	1.038425489648972661e-01	8.965517241379310220e-02	1.038425489648972661e-01	1.038425489648972661e-01	1.038425489648972661e-01	2.424242424242419869e-01	5.847953216374270069e-02	1.038425489648972661e-01	1.900000000000000022e-01	7.333333333333330595e-02	1.887755102040820088e-01	2.137096774193550097e-01	1.038425489648972661e-01	1.375838926174499932e-01	2.299651567944250019e-01	1.038425489648972661e-01	1.038425489648972661e-01	1.038425489648972661e-01	1.038425489648972661e-01	1.038425489648972661e-01	1.038425489648972661e-01	1.038425489648972661e-01	1.038425489648972661e-01	1.038425489648972661e-01	2.484076433121019944e-01	2.869955156950669828e-01	1.038425489648972661e-01	1.038425489648972661e-01	1.737804878048780088e-01	1.038425489648972661e-01	7.874015748031499423e-03	1.038425489648972661e-01	1.713147410358570044e-01	2.532751091703059898e-01	1.038425489648972661e-01	1.674008810572689965e-01	2.137931034482760118e-01	1.038425489648972661e-01	1.038425489648972661e-01	1.038425489648972661e-01	1.038425489648972661e-01	1.038425489648972661e-01	2.415458937198070033e-01	1.038425489648972661e-01	1.038425489648972661e-01	1.038425489648972661e-01	2.135922330097090038e-01	2.016806722689080122e-01	1.038425489648972661e-01	2.434782608695650052e-01	1.038425489648972661e-01	1.038425489648972661e-01	2.066115702479340011e-01	3.128205128205129859e-01	1.931330472103000018e-01	2.589285714285710083e-01	1.700404858299600086e-01	1.038425489648972661e-01	1.038425489648972661e-01	1.038425489648972661e-01	2.329317269076310037e-01	2.118644067796610075e-01	1.038425489648972661e-01	2.222222222222219878e-01	1.764705882352939903e-01	1.038425489648972661e-01	1.038425489648972661e-01	1.832061068702290074e-01	2.372881355932200120e-01	1.038425489648972661e-01	2.865853658536590132e-01	1.038425489648972661e-01	2.568807339449539762e-01
1.038425489648972661e-01	1.038425489648972661e-01	2.723577235772359773e-01	1.038425489648972661e-01	1.038425489648972661e-01	1.038425489648972661e-01	1.038425489648972661e-01	1.038425489648972661e-01	1.000000000000000000e+00	2.051282051282050101e-01	1.038425489648972661e-01	2.360515021459229923e-01	1.038425489648972661e-01	1.038425489648972661e-01	1.490683229813659916e-01	1.038425489648972661e-01	1.038425489648972661e-01	3.229166666666670182e-01	1.038425489648972661e-01	1.038425489648972661e-01	3.084745762711860184e-01	1.038425489648972661e-01	1.038425489648972661e-01	1.038425489648972661e-01	2.450592885375489915e-01	2.314049586776860123e-01	1.038425489648972661e-01	1.038425489648972661e-01	2.390243902439020129e-01	1.038425489648972661e-01	1.038425489648972661e-01	1.038425489648972661e-01	1.038425489648972661e-01	1.038425489648972661e-01	2.524752475247519778e-01	1.038425489648972661e-01	1.038425489648972661e-01	2.931937172774869982e-01	1.038425489648972661e-01	1.038425489648972661e-01	1.038425489648972661e-01	1.716738197424889922e-01	1.038425489648972661e-01	1.038425489648972661e-01	1.038425489648972661e-01	1.038425489648972661e-01	2.783505154639179802e-01	1.038425489648972661e-01	2.401746724890830020e-01	1.038425489648972661e-01	1.892857142857140018e-01	1.038425489648972661e-01	1.038425489648972661e-01	1.038425489648972661e-01	2.336448598130839993e-01	1.038425489648972661e-01	3.364485981308409923e-01	1.038425489648972661e-01	1.038425489648972661e-01	1.849999999999999978e-01	1.038425489648972661e-01	1.958762886597940067e-01	1.038425489648972661e-01	7.843137254901960675e-02	1.038425489648972661e-01	2.222222222222219878e-01	1.038425489648972661e-01	1.038425489648972661e-01	1.038425489648972661e-01	1.828571428571429958e-01	1.038425489648972661e-01	1.038425489648972661e-01	2.201834862385320113e-01	2.554347826086960094e-01	1.038425489648972661e-01	1.038425489648972661e-01	2.711111111111110250e-01	2.007722007722010094e-01	1.038425489648972661e-01	2.151898734177219996e-01	2.005649717514119967e-01	1.600000000000000033e-02	1.038425489648972661e-01	1.038425489648972661e-01	1.038425489648972661e-01	1.038425489648972661e-01	1.038425489648972661e-01	1.038425489648972661e-01	2.000000000000000111e-01	1.038425489648972661e-01	1.038425489648972661e-01	2.827225130890049787e-01	9.426229508196720674e-02	2.248803827751200135e-01	1.038425489648972661e-01	1.038425489648972661e-01	1.038425489648972661e-01	1.038425489648972661e-01	1.038425489648972661e-01	1.038425489648972661e-01	1.038425489648972661e-01	1.038425489648972661e-01	1.370967741935479878e-01	1.038425489648972661e-01	1.038425489648972661e-01	2.477477477477479928e-01	1.038425489648972661e-01	1.038425489648972661e-01	1.038425489648972661e-01	1.038425489648972661e-01	3.278688524590159803e-01	2.592592592592590228e-01	1.038425489648972661e-01	1.038425489648972661e-01	2.076271186440679928e-01	1.038425489648972661e-01	2.359550561797749968e-01	2.473684210526319871e-01	2.023346303501949994e-01	1.038425489648972661e-01	2.113821138211380013e-01	1.038425489648972661e-01	1.038425489648972661e-01	2.877358490566039873e-01
1.038425489648972661e-01	1.038425489648972661e-01	1.038425489648972661e-01	1.038425489648972661e-01	1.038425489648972661e-01	1.038425489648972661e-01	1.038425489648972661e-01	1.038425489648972661e-01	2.051282051282050101e-01	1.000000000000000000e+00	1.038425489648972661e-01	1.038425489648972661e-01	1.038425489648972661e-01	1.038425489648972661e-01	1.038425489648972661e-01	1.038425489648972661e-01	1.038425489648972661e-01	1.038425489648972661e-01	2.863849765258220104e-01	3.636363636363639795e-01	1.038425489648972661e-01	1.038425489648972661e-01	4.205607476635510045e-01	3.817427385892119829e-01	1.911262798634809912e-01	2.296296296296299888e-01	2.184466019417480032e-01	2.771084337349399851e-01	1.038425489648972661e-01	1.038425489648972661e-01	1.038425489648972661e-01	7.373271889400920265e-02	1.038425489648972661e-01	1.038425489648972661e-01	1.038425489648972661e-01	1.038425489648972661e-01	2.831858407079649864e-01	1.038425489648972661e-01	2.867647058823529771e-01	1.038425489648972661e-01	1.346801346801350108e-01	1.038425489648972661e-01	1.396226415094339868e-01	1.038425489648972661e-01	1.038425489648972661e-01	1.038425489648972661e-01	1.038425489648972661e-01	1.038425489648972661e-01	1.038425489648972661e-01	2.669172932330829973e-01	1.993464052287579891e-01	1.038425489648972661e-01	1.038425489648972661e-01	2.587719298245609867e-01	1.038425489648972661e-01	1.038425489648972661e-01	1.038425489648972661e-01	1.038425489648972661e-01	1.545454545454550133e-01	1.038425489648972661e-01	1.038425489648972661e-01	1.038425489648972661e-01	2.603773584905659799e-01	1.038425489648972661e-01	1.038425489648972661e-01	4.191176470588239833e-01	1.960784313725489891e-01	1.138613861386140041e-01	1.038425489648972661e-01	2.110552763819099897e-01	1.038425489648972661e-01	1.038425489648972661e-01	1.038425489648972661e-01	1.038425489648972661e-01	1.038425489648972661e-01	1.038425489648972661e-01	2.213740458015270030e-01	1.038425489648972661e-01	1.038425489648972661e-01	1.038425489648972661e-01	1.038425489648972661e-01	6.250000000000000347e-03	1.484375000000000000e-01	1.038425489648972661e-01	1.038425489648972661e-01	1.038425489648972661e-01	1.038425489648972661e-01	2.540716612377850181e-01	1.038425489648972661e-01	2.814814814814809996e-01	1.038425489648972661e-01	1.923076923076920131e-01	1.038425489648972661e-01	1.934156378600820070e-01	2.054794520547950087e-01	1.038425489648972661e-01	2.163461538461539935e-01	1.038425489648972661e-01	1.814814814814809940e-01	1.038425489648972661e-01	1.038425489648972661e-01	1.038425489648972661e-01	1.747211895910779911e-01	1.038425489648972661e-01	1.038425489648972661e-01	1.038425489648972661e-01	3.695652173913039906e-01	1.378091872791520067e-01	1.038425489648972661e-01	1.038425489648972661e-01	1.038425489648972661e-01	1.764705882352939903e-01	1.038425489648972661e-01	3.716814159292040065e-01	1.814814814814809940e-01	1.038425489648972661e-01	2.953736654804269834e-01	1.991150442477880034e-01	1.357615894039740090e-01	1.038425489648972661e-01	2.342007434944239908e-01	2.512820512820509999e-01	2.719298245614040210e-01	2.086614173228349967e-01
1.038425489648972661e-01	1.038425489648972661e-01	2.803030303030299986e-01	2.396166134185299945e-01	1.641791044776119979e-01	1.038425489648972661e-01	1.038425489648972661e-01	1.038425489648972661e-01	1.038425489648972661e-01	1.038425489648972661e-01	1.000000000000000000e+00	1.038425489648972661e-01	1.038425489648972661e-01	1.038425489648972661e-01	1.038425489648972661e-01	1.038425489648972661e-01	1.038425489648972661e-01	1.038425489648972661e-01	1.038425489648972661e-01	1.038425489648972661e-01	1.038425489648972661e-01	1.038425489648972661e-01	1.038425489648972661e-01	1.038425489648972661e-01	1.038425489648972661e-01	2.188679245283020047e-01	2.804232804232800191e-01	3.261802575107299873e-01	1.038425489648972661e-01	1.038425489648972661e-01	1.038425489648972661e-01	1.038425489648972661e-01	1.038425489648972661e-01	1.649484536082470032e-01	1.038425489648972661e-01	1.038425489648972661e-01	2.600896860986550152e-01	2.142857142857139963e-01	3.320312500000000000e-01	1.038425489648972661e-01	1.038425489648972661e-01	1.038425489648972661e-01	1.056603773584910005e-01	1.510791366906469868e-01	1.038425489648972661e-01	1.946308724832210013e-01	1.038425489648972661e-01	1.038425489648972661e-01	4.784688995215309881e-01	1.038425489648972661e-01	1.973244147157189876e-01	1.038425489648972661e-01	1.030303030303029999e-01	1.038425489648972661e-01	1.038425489648972661e-01	1.038425489648972661e-01	1.038425489648972661e-01	5.670103092783509990e-02	1.290322580645159867e-01	1.038425489648972661e-01	5.714285714285709944e-02	1.038425489648972661e-01	4.908256880733939953e-01	1.038425489648972661e-01	1.038425489648972661e-01	2.823129251700680076e-01	1.038425489648972661e-01	1.191709844559590004e-01	2.038369304556360007e-01	1.836734693877550006e-01	1.038425489648972661e-01	1.038425489648972661e-01	1.038425489648972661e-01	2.610837438423649903e-01	1.038425489648972661e-01	1.038425489648972661e-01	1.038425489648972661e-01	1.038425489648972661e-01	1.038425489648972661e-01	2.029411764705879861e-01	1.038425489648972661e-01	1.038425489648972661e-01	1.038425489648972661e-01	1.691176470588240111e-01	1.038425489648972661e-01	1.038425489648972661e-01	1.038425489648972661e-01	1.038425489648972661e-01	1.038425489648972661e-01	1.038425489648972661e-01	1.479999999999999927e-01	1.038425489648972661e-01	1.102661596958170037e-01	2.270742358078599865e-01	2.814070351758790056e-01	1.038425489648972661e-01	1.038425489648972661e-01	1.038425489648972661e-01	1.038425489648972661e-01	1.038425489648972661e-01	4.485981308411209900e-01	1.038425489648972661e-01	1.038425489648972661e-01	1.038425489648972661e-01	1.038425489648972661e-01	1.038425489648972661e-01	1.038425489648972661e-01	1.038425489648972661e-01	1.038425489648972661e-01	1.038425489648972661e-01	1.038425489648972661e-01	1.038425489648972661e-01	3.537117903930129814e-01	3.744292237442919946e-01	2.399999999999999911e-01	1.038425489648972661e-01	1.038425489648972661e-01	1.038425489648972661e-01	1.038425489648972661e-01	1.038425489648972661e-01	1.038425489648972661e-01	2.566844919786099855e-01	2.433628318584070138e-01	3.545454545454549966e-01
1.038425489648972661e-01	1.038425489648972661e-01	1.038425489648972661e-01	1.038425489648972661e-01	1.581395348837210113e-01	1.038425489648972661e-01	1.038425489648972661e-01	1.038425489648972661e-01	2.360515021459229923e-01	1.038425489648972661e-01	1.038425489648972661e-01	1.000000000000000000e+00	2.241992882562280076e-01	1.038425489648972661e-01	1.038425489648972661e-01	1.038425489648972661e-01	3.129496402877700034e-01	3.424657534246580148e-01	1.038425489648972661e-01	1.038425489648972661e-01	2.831325301204820066e-01	1.038425489648972661e-01	1.038425489648972661e-01	4.612068965517239771e-01	1.993243243243240093e-01	2.335766423357659993e-01	1.038425489648972661e-01	1.038425489648972661e-01	1.038425489648972661e-01	2.088607594936709999e-01	1.038425489648972661e-01	1.038425489648972661e-01	1.038425489648972661e-01	1.038425489648972661e-01	1.719999999999999862e-01	1.038425489648972661e-01	2.925764192139739817e-01	1.038425489648972661e-01	1.038425489648972661e-01	2.500000000000000000e-01	1.038425489648972661e-01	1.038425489648972661e-01	1.407407407407409994e-01	1.631944444444440034e-01	1.038425489648972661e-01	1.740506329113920003e-01	1.038425489648972661e-01	1.038425489648972661e-01	1.038425489648972661e-01	1.038425489648972661e-01	1.038425489648972661e-01	3.076923076923079869e-01	1.038425489648972661e-01	2.157676348547719891e-01	1.038425489648972661e-01	1.239669421487600010e-01	2.684824902723739748e-01	1.038425489648972661e-01	1.038425489648972661e-01	1.038425489648972661e-01	1.111111111111109939e-01	1.574468085106379978e-01	1.038425489648972661e-01	1.038425489648972661e-01	1.559633027522940030e-01	3.066666666666669760e-01	1.780303030303030110e-01	1.038425489648972661e-01	1.038425489648972661e-01	1.038425489648972661e-01	1.038425489648972661e-01	1.038425489648972661e-01	1.038425489648972661e-01	1.291666666666670127e-01	1.038425489648972661e-01	1.038425489648972661e-01	1.038425489648972661e-01	1.038425489648972661e-01	1.718213058419240102e-01	1.584699453551909887e-01	1.038425489648972661e-01	1.212121212121210038e-02	1.406844106463880084e-01	1.038425489648972661e-01	2.635658914728680191e-01	6.770833333333330095e-02	3.881278538812790169e-01	1.038425489648972661e-01	1.038425489648972661e-01	1.038425489648972661e-01	2.742616033755270188e-01	1.038425489648972661e-01	1.038425489648972661e-01	1.038425489648972661e-01	1.842105263157889916e-01	1.038425489648972661e-01	1.038425489648972661e-01	1.747967479674799873e-01	1.565836298932380133e-01	1.038425489648972661e-01	1.038425489648972661e-01	1.038425489648972661e-01	1.038425489648972661e-01	1.038425489648972661e-01	2.770562770562770005e-01	1.038425489648972661e-01	1.038425489648972661e-01	1.038425489648972661e-01	1.038425489648972661e-01	1.038425489648972661e-01	1.038425489648972661e-01	1.038425489648972661e-01	3.052208835341370108e-01	3.982300884955750075e-01	1.038425489648972661e-01	1.038425489648972661e-01	1.038425489648972661e-01	1.038425489648972661e-01	1.038425489648972661e-01	1.038425489648972661e-01	1.038425489648972661e-01	1.038425489648972661e-01	2.813852813852810164e-01	1.038425489648972661e-01
