1.000000000000000000e+00	2.733649170190315392e-01	2.292768959435630138e-01	2.733649170190315392e-01	2.283737024221449974e-01	2.733649170190315392e-01	1.862745098039219893e-01	2.733649170190315392e-01	2.733649170190315392e-01	2.733649170190315392e-01	2.733649170190315392e-01	3.333333333333329818e-01	2.733649170190315392e-01	4.184873949579829833e-01	1.160092807424590033e-01	2.318104906937389909e-01	2.733649170190315392e-01	2.733649170190315392e-01	2.733649170190315392e-01	2.677304964539010124e-01	3.366708385481850252e-01	2.733649170190315392e-01	2.733649170190315392e-01	2.733649170190315392e-01	2.733649170190315392e-01	2.988047808764939806e-01	1.919431279620849862e-01	3.256814921090390169e-01	2.563636363636360160e-01	2.733649170190315392e-01	2.733649170190315392e-01	2.733649170190315392e-01	2.733649170190315392e-01	2.733649170190315392e-01	2.733649170190315392e-01	3.047445255474450221e-01	2.437619961612280117e-01	2.393887945670629958e-01	2.733649170190315392e-01	2.733649170190315392e-01	3.125000000000000000e-01	2.733649170190315392e-01	1.773195876288659878e-01	1.980769230769230116e-01	3.371691599539700102e-01	2.998352553542010246e-01	2.733649170190315392e-01	2.733649170190315392e-01	2.733649170190315392e-01	3.126801152737749834e-01	2.733649170190315392e-01	2.733649170190315392e-01	2.733649170190315392e-01	2.483974358974359864e-01	2.336283185840709875e-01	1.801242236024840071e-01	2.733649170190315392e-01	1.605206073752709905e-01	2.020833333333330040e-01	2.140522875816990023e-01	1.024999999999999939e-01	2.155339805825239874e-01	2.733649170190315392e-01	2.944523470839259804e-01	2.457044673539519886e-01	2.733649170190315392e-01	2.733649170190315392e-01	2.733649170190315392e-01	3.505859375000000000e-01	2.733649170190315392e-01	2.560606060606059886e-01	3.416666666666670071e-01	3.095238095238099785e-01	2.183486238532109935e-01	2.733649170190315392e-01	3.389639639639639990e-01	2.733649170190315392e-01	2.733649170190315392e-01	1.853932584269659956e-01	2.733649170190315392e-01	2.733649170190315392e-01	1.108033240997229919e-02	1.793248945147679907e-01	2.733649170190315392e-01	2.891566265060239727e-01	1.197339246119730055e-01	5.020325203252029578e-01	2.733649170190315392e-01	2.733649170190315392e-01	2.848920863309349905e-01	2.286689419795220057e-01	2.733649170190315392e-01	2.733649170190315392e-01	2.733649170190315392e-01	1.385681293302540029e-01	4.295081967213110197e-01	2.733649170190315392e-01	2.733649170190315392e-01	1.954022988505750014e-01	2.733649170190315392e-01	2.671353251318099864e-01	2.234432234432230102e-01	2.733649170190315392e-01	2.733649170190315392e-01	2.639138240574510075e-01	2.298025134649910040e-01	2.794759825327510216e-01	2.750000000000000222e-01	2.733649170190315392e-01	2.787682333873580109e-01	2.733649170190315392e-01	2.657450076804919736e-01	2.733649170190315392e-01	4.839797639123100126e-01	2.545787545787550066e-01	2.733649170190315392e-01	2.733649170190315392e-01	2.343173431734320022e-01	2.733649170190315392e-01	2.733649170190315392e-01	2.733649170190315392e-01	2.364425162689799964e-01	2.733649170190315392e-01	2.089843750000000000e-01
2.733649170190315392e-01	1.000000000000000000e+00	2.733649170190315392e-01	2.733649170190315392e-01	3.315217391304349781e-01	2.733649170190315392e-01	2.733649170190315392e-01	3.593582887700529915e-01	2.733649170190315392e-01	2.733649170190315392e-01	2.733649170190315392e-01	4.507936507936510240e-01	3.778501628664500123e-01	2.733649170190315392e-01	1.178451178451180026e-01	3.466955579631639806e-01	4.681528662420380016e-01	2.999999999999999889e-01	2.733649170190315392e-01	2.733649170190315392e-01	2.733649170190315392e-01	2.733649170190315392e-01	4.059511158342190007e-01	4.227902023429179756e-01	2.733649170190315392e-01	5.503634475597090070e-01	1.451068616422949986e-01	5.211416490486260322e-01	3.108695652173910084e-01	2.733649170190315392e-01	3.423913043478259977e-01	2.733649170190315392e-01	2.733649170190315392e-01	2.733649170190315392e-01	3.463626492942449842e-01	3.254310344827590074e-01	2.733649170190315392e-01	3.430420711974109804e-01	5.414480587618050178e-01	2.733649170190315392e-01	2.733649170190315392e-01	2.733649170190315392e-01	2.120535714285710083e-01	2.733649170190315392e-01	2.733649170190315392e-01	2.733649170190315392e-01	3.081967213114750193e-01	2.733649170190315392e-01	2.733649170190315392e-01	2.733649170190315392e-01	4.133476856835309743e-01	4.536842105263160230e-01	7.885714285714290339e-02	3.989189189189190077e-01	3.304061470911089926e-01	2.733649170190315392e-01	2.733649170190315392e-01	1.864406779661020030e-01	2.733649170190315392e-01	3.354564755838639889e-01	2.733649170190315392e-01	2.733649170190315392e-01	3.626609442060089727e-01	2.733649170190315392e-01	2.733649170190315392e-01	2.733649170190315392e-01	3.867822318526539793e-01	1.511111111111110017e-01	8.535156250000000000e-01	2.733649170190315392e-01	4.358974358974360142e-01	7.994011976047900037e-01	2.733649170190315392e-01	2.913472070098580002e-01	2.733649170190315392e-01	2.733649170190315392e-01	3.700107874865160018e-01	2.733649170190315392e-01	2.491838955386289911e-01	2.733649170190315392e-01	7.174796747967480126e-01	2.733649170190315392e-01	2.000000000000000111e-01	2.733649170190315392e-01	2.733649170190315392e-01	2.733649170190315392e-01	3.750000000000000000e-01	2.733649170190315392e-01	2.733649170190315392e-01	2.733649170190315392e-01	3.322545846817689941e-01	2.589771490750820138e-01	9.458874458874459989e-01	2.733649170190315392e-01	2.733649170190315392e-01	4.600000000000000200e-01	2.733649170190315392e-01	3.193548387096770136e-01	2.733649170190315392e-01	2.733649170190315392e-01	3.347732181425490117e-01	2.775377969762419794e-01	2.733649170190315392e-01	4.191489361702129823e-01	2.733649170190315392e-01	3.029315960912050132e-01	2.733649170190315392e-01	3.243534482758619886e-01	4.358430540827150090e-01	2.733649170190315392e-01	2.263736263736260135e-01	2.733649170190315392e-01	2.733649170190315392e-01	2.733649170190315392e-01	2.733649170190315392e-01	2.733649170190315392e-01	2.733649170190315392e-01	2.733649170190315392e-01	2.733649170190315392e-01	3.379978471474699986e-01	3.899033297529539976e-01	2.733649170190315392e-01	2.733649170190315392e-01	2.434210526315790102e-01
2.292768959435630138e-01	2.733649170190315392e-01	1.000000000000000000e+00	2.733649170190315392e-01	2.733649170190315392e-01	3.130128956623680070e-01	2.733649170190315392e-01	2.962962962962960023e-01	2.733649170190315392e-01	2.676518883415440198e-01	2.733649170190315392e-01	2.733649170190315392e-01	2.733649170190315392e-01	2.981072555205049879e-01	2.733649170190315392e-01	2.557726465364120183e-01	2.990797546012269881e-01	2.716763005780349904e-01	2.239089184060719939e-01	2.733649170190315392e-01	3.286802030456850154e-01	2.733649170190315392e-01	3.094841930116469797e-01	2.733649170190315392e-01	2.733649170190315392e-01	2.733649170190315392e-01	2.733649170190315392e-01	3.144104803493449896e-01	2.430426716141000087e-01	3.012618296529970263e-01	2.733649170190315392e-01	2.733649170190315392e-01	2.733649170190315392e-01	2.617328519855600111e-01	3.061224489795920101e-01	2.664233576642339729e-01	2.733649170190315392e-01	2.867513611615239988e-01	2.733649170190315392e-01	2.733649170190315392e-01	2.868318122555409966e-01	2.955182072829130036e-01	2.733649170190315392e-01	2.285714285714290084e-01	2.733649170190315392e-01	2.569558101473000122e-01	2.733649170190315392e-01	2.605752961082909991e-01	2.733649170190315392e-01	3.283582089552239958e-01	2.864238410596030016e-01	2.733649170190315392e-01	1.208791208791210048e-01	3.091537132987909886e-01	2.778827977315689868e-01	2.733649170190315392e-01	2.733649170190315392e-01	2.733649170190315392e-01	1.880341880341880045e-01	2.733649170190315392e-01	2.733649170190315392e-01	2.733649170190315392e-01	2.590051457975989790e-01	2.733649170190315392e-01	2.733649170190315392e-01	2.733649170190315392e-01	2.399999999999999911e-01	2.733649170190315392e-01	3.300781250000000000e-01	2.214111922141120126e-01	3.159609120521170156e-01	3.267015706806279951e-01	2.733649170190315392e-01	2.733649170190315392e-01	2.733649170190315392e-01	2.733649170190315392e-01	2.733649170190315392e-01	2.588996763754050079e-01	2.733649170190315392e-01	2.733649170190315392e-01	2.733649170190315392e-01	8.797653958944280650e-03	2.733649170190315392e-01	3.153374233128830029e-01	3.087774294670849740e-01	2.733649170190315392e-01	2.867383512544799951e-01	2.733649170190315392e-01	1.861575178997610103e-01	2.937685459940649890e-01	2.135416666666669905e-01	2.733649170190315392e-01	2.733649170190315392e-01	2.733649170190315392e-01	2.733649170190315392e-01	2.701492537313430198e-01	2.664974619289339763e-01	2.733649170190315392e-01	2.733649170190315392e-01	2.733649170190315392e-01	2.733649170190315392e-01	2.837301587301589989e-01	2.671614100185529805e-01	2.733649170190315392e-01	2.733649170190315392e-01	2.457786116322699943e-01	2.825112107623319879e-01	2.733649170190315392e-01	2.733649170190315392e-01	2.733649170190315392e-01	2.733649170190315392e-01	2.930756843800320088e-01	2.733649170190315392e-01	2.733649170190315392e-01	2.733649170190315392e-01	2.854914196567859830e-01	2.861952861952860028e-01	2.461538461538460010e-01	2.733649170190315392e-01	2.733649170190315392e-01	2.733649170190315392e-01	2.733649170190315392e-01	2.733649170190315392e-01	2.860215053763440207e-01
2.733649170190315392e-01	2.733649170190315392e-01	2.733649170190315392e-01	1.000000000000000000e+00	2.733649170190315392e-01	2.733649170190315392e-01	2.733649170190315392e-01	3.541076487252119986e-01	2.733649170190315392e-01	2.733649170190315392e-01	3.968462549277270157e-01	3.968253968253970254e-01	3.140495867768600124e-01	2.733649170190315392e-01	1.542372881355930092e-01	2.733649170190315392e-01	2.733649170190315392e-01	2.805232558139529875e-01	2.733649170190315392e-01	2.733649170190315392e-01	4.574712643678159885e-01	3.881163084702909938e-01	3.584905660377359915e-01	3.723118279569890277e-01	3.498659517426270238e-01	4.489544895448949746e-01	2.733649170190315392e-01	4.318471337579620206e-01	2.875722543352600136e-01	2.733649170190315392e-01	2.733649170190315392e-01	2.733649170190315392e-01	2.733649170190315392e-01	2.733649170190315392e-01	3.523391812865500072e-01	3.127690100430419728e-01	2.488954344624449977e-01	3.117066290550070118e-01	2.733649170190315392e-01	2.733649170190315392e-01	2.733649170190315392e-01	2.733649170190315392e-01	2.122641509433960127e-01	2.603369065849919783e-01	4.820457018498370272e-01	2.733649170190315392e-01	2.733649170190315392e-01	2.733649170190315392e-01	3.506493506493509882e-01	2.733649170190315392e-01	3.578231292517010109e-01	2.733649170190315392e-01	9.965034965034960668e-02	2.733649170190315392e-01	2.943722943722940077e-01	2.733649170190315392e-01	2.733649170190315392e-01	1.538461538461539935e-01	2.733649170190315392e-01	2.733649170190315392e-01	9.948542024013720675e-02	2.733649170190315392e-01	3.337988826815639909e-01	2.733649170190315392e-01	3.252148997134670094e-01	2.733649170190315392e-01	2.733649170190315392e-01	2.733649170190315392e-01	2.733649170190315392e-01	1.970198675496689922e-01	3.775100401606429901e-01	5.230296827021490014e-01	2.733649170190315392e-01	3.170731707317069881e-01	3.394109396914449794e-01	5.081433224755700362e-01	3.642857142857139907e-01	3.591836734693880095e-01	2.359050445103859917e-01	2.733649170190315392e-01	4.769065520945219849e-01	2.733649170190315392e-01	2.733649170190315392e-01	4.577226606538900011e-01	3.858267716535430103e-01	1.298076923076920131e-01	3.281471004243279865e-01	2.733649170190315392e-01	1.732026143790849904e-01	3.941326530612240253e-01	2.707182320441989809e-01	2.733649170190315392e-01	2.733649170190315392e-01	3.662952646239550081e-01	2.733649170190315392e-01	3.725992317541609866e-01	2.203389830508470093e-01	3.392070484581499734e-01	2.733649170190315392e-01	2.733649170190315392e-01	3.119658119658120232e-01	2.916666666666670182e-01	2.733649170190315392e-01	2.733649170190315392e-01	2.733649170190315392e-01	2.882096069869000132e-01	3.692893401015229782e-01	2.733649170190315392e-01	2.733649170190315392e-01	2.733649170190315392e-01	2.733649170190315392e-01	3.837837837837840271e-01	2.733649170190315392e-01	3.846153846153850253e-01	2.733649170190315392e-01	2.733649170190315392e-01	2.733649170190315392e-01	2.733649170190315392e-01	2.733649170190315392e-01	2.733649170190315392e-01	2.733649170190315392e-01	2.733649170190315392e-01	3.819163292847500002e-01	2.678018575851390248e-01
2.283737024221449974e-01	3.315217391304349781e-01	2.733649170190315392e-01	2.733649170190315392e-01	1.000000000000000000e+00	2.733649170190315392e-01	2.085020242914980004e-01	2.466666666666670060e-01	2.665505226480839873e-01	2.323390894819470087e-01	2.733649170190315392e-01	2.733649170190315392e-01	2.558922558922560042e-01	2.733649170190315392e-01	2.733649170190315392e-01	9.512195121951220189e-01	2.835820895522390139e-01	2.733649170190315392e-01	2.733649170190315392e-01	2.295652173913040051e-01	2.733649170190315392e-01	3.011695906432749759e-01	2.841091492776889882e-01	2.783018867924529904e-01	2.523510971786829815e-01	2.733649170190315392e-01	1.250000000000000000e-01	2.733649170190315392e-01	2.733649170190315392e-01	2.733649170190315392e-01	2.759856630824369939e-01	2.733649170190315392e-01	2.733649170190315392e-01	2.318339100346019921e-01	2.733649170190315392e-01	2.733649170190315392e-01	2.733649170190315392e-01	2.600349040139620094e-01	3.066298342541439736e-01	2.733649170190315392e-01	3.054830287206269923e-01	2.733649170190315392e-01	2.733649170190315392e-01	2.974683544303799998e-01	2.733649170190315392e-01	2.637540453074430080e-01	2.733649170190315392e-01	2.733649170190315392e-01	2.999999999999999889e-01	2.733649170190315392e-01	2.660256410256410242e-01	2.786885245901640218e-01	1.286863270777479917e-01	2.733649170190315392e-01	2.436823104693139896e-01	1.856540084388189904e-01	2.779503105590059864e-01	2.733649170190315392e-01	2.733649170190315392e-01	2.585616438356159730e-01	8.521303258145360160e-02	2.733649170190315392e-01	2.733649170190315392e-01	2.733649170190315392e-01	2.733649170190315392e-01	2.789017341040460063e-01	2.409836065573769948e-01	2.733649170190315392e-01	3.427734375000000000e-01	1.599099099099099974e-01	2.733649170190315392e-01	2.733649170190315392e-01	2.085470085470089996e-01	2.733649170190315392e-01	2.733649170190315392e-01	2.733649170190315392e-01	2.704081632653059786e-01	2.456692913385830068e-01	2.733649170190315392e-01	2.788161993769470159e-01	3.337142857142860186e-01	2.733649170190315392e-01	2.733649170190315392e-01	2.733649170190315392e-01	3.006134969325149897e-01	2.733649170190315392e-01	2.327150084317030077e-01	3.196721311475410054e-01	1.888111888111889958e-01	2.900874635568509996e-01	2.733649170190315392e-01	2.122370936902490124e-01	3.364779874213840172e-01	2.630718954248369990e-01	2.733649170190315392e-01	2.733649170190315392e-01	2.427184466019420006e-01	2.733649170190315392e-01	2.102161100196459909e-01	3.178893178893180127e-01	2.733649170190315392e-01	2.733649170190315392e-01	2.733649170190315392e-01	2.733649170190315392e-01	2.733649170190315392e-01	2.242314647377940118e-01	2.733649170190315392e-01	2.733649170190315392e-01	2.733649170190315392e-01	2.699186991869920171e-01	2.102040816326530004e-01	2.870662460567819929e-01	2.733649170190315392e-01	2.733649170190315392e-01	2.733649170190315392e-01	2.733649170190315392e-01	2.733649170190315392e-01	2.733649170190315392e-01	2.733649170190315392e-01	2.733649170190315392e-01	2.733649170190315392e-01	1.708333333333330040e-01	2.733649170190315392e-01	2.733649170190315392e-01
2.733649170190315392e-01	2.733649170190315392e-01	3.130128956623680070e-01	2.733649170190315392e-01	2.733649170190315392e-01	1.000000000000000000e+00	2.817955112219450164e-01	3.536165327210100129e-01	2.733649170190315392e-01	2.733649170190315392e-01	2.733649170190315392e-01	2.733649170190315392e-01	3.436073059360730264e-01	2.733649170190315392e-01	1.257783312577830104e-01	3.414918414918409750e-01	2.733649170190315392e-01	2.733649170190315392e-01	2.841981132075470096e-01	3.232558139534880137e-01	2.733649170190315392e-01	2.733649170190315392e-01	2.733649170190315392e-01	2.733649170190315392e-01	4.089347079037800037e-01	2.733649170190315392e-01	1.432098765432099907e-01	4.933481152993349772e-01	3.075117370892019864e-01	4.404086265607259909e-01	3.275261324041809918e-01	2.733649170190315392e-01	2.733649170190315392e-01	2.733649170190315392e-01	3.585798816568049885e-01	2.733649170190315392e-01	2.482517482517480056e-01	3.375870069605569901e-01	2.733649170190315392e-01	2.733649170190315392e-01	5.639344262295079568e-01	2.733649170190315392e-01	2.107186358099880086e-01	2.725060827250609941e-01	6.323377960865089742e-01	3.851428571428570091e-01	2.733649170190315392e-01	3.745664739884390082e-01	4.159192825112110192e-01	2.733649170190315392e-01	2.733649170190315392e-01	4.532130777903040086e-01	2.733649170190315392e-01	3.784403669724770158e-01	2.733649170190315392e-01	2.733649170190315392e-01	2.733649170190315392e-01	1.754601226993859897e-01	2.733649170190315392e-01	2.733649170190315392e-01	7.462686567164179829e-02	2.733649170190315392e-01	3.401592718998859843e-01	2.733649170190315392e-01	2.733649170190315392e-01	2.733649170190315392e-01	2.733649170190315392e-01	1.597051597051599992e-01	2.733649170190315392e-01	2.733649170190315392e-01	4.507531865585169828e-01	7.230614300100709491e-01	2.733649170190315392e-01	2.955899880810490266e-01	2.733649170190315392e-01	6.516393442622949728e-01	3.571428571428569843e-01	2.733649170190315392e-01	2.601431980906919739e-01	2.733649170190315392e-01	6.440329218107000431e-01	7.672634271099740104e-03	2.078720787207870013e-01	8.287092882991560217e-01	2.733649170190315392e-01	1.400491400491399863e-01	3.371691599539700102e-01	2.733649170190315392e-01	1.531862745098039880e-01	2.733649170190315392e-01	2.733649170190315392e-01	2.733649170190315392e-01	2.733649170190315392e-01	3.967517401392109955e-01	1.393034825870649862e-01	4.485458612975389836e-01	1.743462017434619926e-01	2.733649170190315392e-01	2.538922155688619897e-01	2.733649170190315392e-01	3.286875725900120226e-01	2.775175644028100019e-01	3.227699530516430215e-01	3.955056179775279790e-01	3.212192262602580062e-01	3.096926713947990017e-01	2.733649170190315392e-01	3.129330254041570170e-01	2.733649170190315392e-01	2.733649170190315392e-01	2.733649170190315392e-01	2.733649170190315392e-01	4.764512595837899767e-01	2.733649170190315392e-01	3.035294117647059919e-01	2.733649170190315392e-01	2.733649170190315392e-01	2.733649170190315392e-01	3.665893271461719838e-01	3.337195828505210016e-01	3.831990794016110202e-01	2.080291970802919943e-01	3.809523809523809867e-01	2.733649170190315392e-01
1.862745098039219893e-01	2.733649170190315392e-01	2.733649170190315392e-01	2.733649170190315392e-01	2.085020242914980004e-01	2.817955112219450164e-01	1.000000000000000000e+00	2.733649170190315392e-01	2.733649170190315392e-01	1.826086956521739968e-01	2.175324675324679935e-01	2.140522875816990023e-01	1.958955223880599894e-01	2.733649170190315392e-01	1.393188854489159911e-01	2.082514734774069953e-01	2.296416938110749928e-01	2.733649170190315392e-01	1.841541755888649878e-01	2.733649170190315392e-01	2.733649170190315392e-01	2.733649170190315392e-01	2.257495590828919874e-01	2.733649170190315392e-01	2.326820603907640006e-01	2.733649170190315392e-01	2.733649170190315392e-01	2.733649170190315392e-01	1.942148760330580093e-01	2.733649170190315392e-01	2.733649170190315392e-01	2.733649170190315392e-01	2.003610108303250092e-01	2.733649170190315392e-01	2.733649170190315392e-01	1.920792079207920000e-01	2.733649170190315392e-01	2.733649170190315392e-01	2.241630276564769986e-01	2.083333333333330095e-01	2.260273972602739878e-01	2.733649170190315392e-01	2.733649170190315392e-01	3.043478260869569851e-01	2.562874251497009870e-01	1.922398589065260066e-01	1.978947368421050124e-01	2.733649170190315392e-01	2.016528925619829882e-01	2.733649170190315392e-01	2.409420289855070119e-01	2.733649170190315392e-01	2.733649170190315392e-01	2.733649170190315392e-01	1.894093686354380024e-01	2.284946236559139976e-01	2.733649170190315392e-01	2.733649170190315392e-01	2.733649170190315392e-01	2.733649170190315392e-01	6.493506493506490118e-02	2.733649170190315392e-01	1.977611940298510118e-01	2.733649170190315392e-01	2.733649170190315392e-01	2.074303405572759940e-01	2.733649170190315392e-01	2.733649170190315392e-01	2.402343750000000000e-01	2.023460410557179900e-01	2.733649170190315392e-01	2.566844919786099855e-01	2.733649170190315392e-01	2.733649170190315392e-01	3.209876543209880251e-01	2.367816091954020041e-01	2.022471910112360050e-01	2.035087719298249997e-01	1.738148984198649993e-01	2.409012131715770055e-01	2.733649170190315392e-01	2.733649170190315392e-01	1.861702127659569939e-01	2.733649170190315392e-01	2.220394736842110084e-01	1.597633136094669948e-01	1.923809523809519861e-01	2.733649170190315392e-01	2.733649170190315392e-01	2.149532710280369907e-01	2.733649170190315392e-01	1.499999999999999944e-01	2.733649170190315392e-01	2.733649170190315392e-01	2.733649170190315392e-01	2.733649170190315392e-01	1.695402298850569867e-01	2.733649170190315392e-01	1.883720930232559987e-01	3.035460992907800248e-01	1.875000000000000000e-01	2.733649170190315392e-01	1.939393939393939947e-01	2.733649170190315392e-01	1.819999999999999951e-01	2.733649170190315392e-01	2.006269592476490060e-01	2.733649170190315392e-01	2.140468227424749958e-01	2.136445242369839903e-01	1.619047619047619957e-01	1.889632107023410112e-01	2.733649170190315392e-01	2.116903633491309944e-01	1.991614255765200014e-01	2.406779661016950067e-01	1.914893617021279915e-01	1.440329218106999876e-01	2.113207547169810019e-01	2.733649170190315392e-01	2.733649170190315392e-01	2.733649170190315392e-01	2.112436115843270013e-01	1.712962962962960023e-01
2.733649170190315392e-01	3.593582887700529915e-01	2.962962962962960023e-01	3.541076487252119986e-01	2.466666666666670060e-01	3.536165327210100129e-01	2.733649170190315392e-01	1.000000000000000000e+00	2.733649170190315392e-01	3.468395461912480160e-01	3.589743589743589758e-01	3.127753303964759812e-01	2.753623188405799893e-01	2.745664739884389749e-01	2.733649170190315392e-01	2.557377049180329931e-01	3.073593073593069991e-01	2.504347826086960049e-01	2.733649170190315392e-01	2.676767676767680126e-01	3.894472361809049876e-01	3.072625698324020216e-01	3.095975232198139859e-01	2.733649170190315392e-01	2.733649170190315392e-01	3.439153439153440073e-01	1.461864406779659897e-01	2.733649170190315392e-01	2.733649170190315392e-01	3.174366616989570122e-01	2.733649170190315392e-01	8.388520971302429463e-02	2.733649170190315392e-01	2.612312811980029847e-01	2.549342105263159852e-01	2.733649170190315392e-01	2.774674115456239876e-01	2.733649170190315392e-01	3.052631578947370139e-01	2.733649170190315392e-01	3.479381443298970034e-01	3.279352226720649854e-01	1.802325581395350096e-01	2.733649170190315392e-01	3.777267508610789859e-01	2.742681047765789804e-01	2.743362831858410233e-01	2.733649170190315392e-01	2.733649170190315392e-01	3.635057471264370177e-01	2.733649170190315392e-01	3.313696612665680274e-01	9.112149532710279998e-02	3.220064724919090016e-01	2.733649170190315392e-01	1.921568627450979949e-01	2.733649170190315392e-01	1.346534653465349951e-01	2.733649170190315392e-01	2.803278688524589723e-01	2.733649170190315392e-01	2.733649170190315392e-01	2.873376623376620032e-01	2.733649170190315392e-01	2.733649170190315392e-01	2.733649170190315392e-01	2.733649170190315392e-01	2.733649170190315392e-01	3.876953125000000000e-01	2.733649170190315392e-01	2.998500749625189754e-01	3.670103092783499887e-01	2.529118136439270081e-01	2.733649170190315392e-01	2.733649170190315392e-01	3.817567567567570208e-01	2.733649170190315392e-01	2.586466165413530138e-01	2.090090090090090114e-01	3.156297420333840087e-01	2.733649170190315392e-01	2.733649170190315392e-01	2.733649170190315392e-01	3.512544802867380023e-01	3.323397913561850214e-01	1.336116910229639965e-01	2.733649170190315392e-01	2.733649170190315392e-01	1.829787234042550004e-01	2.733649170190315392e-01	2.528925619834709870e-01	2.733649170190315392e-01	3.674948240165630264e-01	3.083067092651760044e-01	2.733649170190315392e-01	3.112391930835740061e-01	2.733649170190315392e-01	2.733649170190315392e-01	2.733649170190315392e-01	3.275434243176180149e-01	2.733649170190315392e-01	3.550863723608450040e-01	2.733649170190315392e-01	3.124042879019909846e-01	2.733649170190315392e-01	2.595818815331010221e-01	2.733649170190315392e-01	2.491694352159470049e-01	3.128742514970059840e-01	2.733649170190315392e-01	2.733649170190315392e-01	2.942942942942939899e-01	3.246217331499309799e-01	2.733649170190315392e-01	2.358974358974360030e-01	3.139880952380950108e-01	3.022151898734179998e-01	2.338568935427569884e-01	2.728731942215090189e-01	2.766666666666670049e-01	2.947702060221870091e-01	2.208835341365459892e-01	2.733649170190315392e-01	2.419659735349720120e-01
2.733649170190315392e-01	2.733649170190315392e-01	2.733649170190315392e-01	2.733649170190315392e-01	2.665505226480839873e-01	2.733649170190315392e-01	2.733649170190315392e-01	2.733649170190315392e-01	1.000000000000000000e+00	3.085621970920839896e-01	2.941176470588239833e-01	3.049327354260090162e-01	2.733649170190315392e-01	2.733649170190315392e-01	1.369863013698630061e-01	2.733649170190315392e-01	2.733649170190315392e-01	2.733649170190315392e-01	2.532110091743119962e-01	2.598967297762480033e-01	2.733649170190315392e-01	2.733649170190315392e-01	3.012618296529970263e-01	2.733649170190315392e-01	2.733649170190315392e-01	2.733649170190315392e-01	1.659192825112109915e-01	3.197755960729309899e-01	2.421052631578949899e-01	3.135464231354639919e-01	3.067375886524820183e-01	2.733649170190315392e-01	2.733649170190315392e-01	2.733649170190315392e-01	2.926829268292679975e-01	3.094812164579610059e-01	2.733649170190315392e-01	2.733649170190315392e-01	2.733649170190315392e-01	3.274780426599749883e-01	3.242894056847550055e-01	3.191780821917810096e-01	2.733649170190315392e-01	2.098298676748580061e-01	3.567318757192169953e-01	2.733649170190315392e-01	2.825688073394500011e-01	3.093645484949830160e-01	2.867867867867869847e-01	2.733649170190315392e-01	2.977707006369429976e-01	3.139880952380950108e-01	9.852216748768470589e-02	3.049180327868850071e-01	2.733649170190315392e-01	2.103092783505149943e-01	2.986217457886680138e-01	1.476091476091480059e-01	2.733649170190315392e-01	2.733649170190315392e-01	2.733649170190315392e-01	2.733649170190315392e-01	2.781456953642379992e-01	2.733649170190315392e-01	2.733649170190315392e-01	2.999999999999999889e-01	2.733649170190315392e-01	2.733649170190315392e-01	3.671875000000000000e-01	2.733649170190315392e-01	2.733649170190315392e-01	3.565488565488569850e-01	2.733649170190315392e-01	2.733649170190315392e-01	2.253968253968250124e-01	2.733649170190315392e-01	2.733649170190315392e-01	2.733649170190315392e-01	2.733649170190315392e-01	2.733649170190315392e-01	3.514739229024940181e-01	2.733649170190315392e-01	1.950207468879670003e-01	3.487241798298910123e-01	3.267477203647419781e-01	2.733649170190315392e-01	3.170731707317069881e-01	2.733649170190315392e-01	2.733649170190315392e-01	2.733649170190315392e-01	2.733649170190315392e-01	2.733649170190315392e-01	2.733649170190315392e-01	2.733649170190315392e-01	2.733649170190315392e-01	3.408748114630469894e-01	2.733649170190315392e-01	2.733649170190315392e-01	2.718253968253970254e-01	3.363057324840760254e-01	2.733649170190315392e-01	2.733649170190315392e-01	2.733649170190315392e-01	2.733649170190315392e-01	3.061594202898549888e-01	2.880733944954130266e-01	2.733649170190315392e-01	2.453151618398639877e-01	2.733649170190315392e-01	2.937399678972710260e-01	2.638036809815950123e-01	2.733649170190315392e-01	2.733649170190315392e-01	3.408071748878919727e-01	2.833638025594150123e-01	2.733649170190315392e-01	2.733649170190315392e-01	2.495446265938069952e-01	2.655737704918029740e-01	2.867012089810019870e-01	2.943089430894310077e-01	1.882591093117410019e-01	2.733649170190315392e-01	2.733649170190315392e-01
2.733649170190315392e-01	2.733649170190315392e-01	2.676518883415440198e-01	2.733649170190315392e-01	2.323390894819470087e-01	2.733649170190315392e-01	1.826086956521739968e-01	3.468395461912480160e-01	3.085621970920839896e-01	1.000000000000000000e+00	2.733649170190315392e-01	2.733649170190315392e-01	2.733649170190315392e-01	3.280346820809250108e-01	1.323828920570259970e-01	2.733649170190315392e-01	3.991097922848659829e-01	3.239929947460600257e-01	2.733649170190315392e-01	3.166666666666669849e-01	2.733649170190315392e-01	2.733649170190315392e-01	2.733649170190315392e-01	3.413173652694609927e-01	2.733649170190315392e-01	3.431122448979589956e-01	1.676767676767680071e-01	3.610354223433239751e-01	2.733649170190315392e-01	2.733649170190315392e-01	2.733649170190315392e-01	2.733649170190315392e-01	2.733649170190315392e-01	2.864077669902910239e-01	2.733649170190315392e-01	2.733649170190315392e-01	2.733649170190315392e-01	2.777777777777780122e-01	2.733649170190315392e-01	3.811881188118810271e-01	2.733649170190315392e-01	2.733649170190315392e-01	2.733649170190315392e-01	2.733649170190315392e-01	4.137142857142859786e-01	2.733649170190315392e-01	3.165217391304350203e-01	3.181818181818180102e-01	3.052781740370900110e-01	2.733649170190315392e-01	3.127819548872179944e-01	3.677325581395349818e-01	2.733649170190315392e-01	2.733649170190315392e-01	2.733649170190315392e-01	1.748633879781419931e-01	2.733649170190315392e-01	2.733649170190315392e-01	2.733649170190315392e-01	2.623456790123460114e-01	2.733649170190315392e-01	2.733649170190315392e-01	3.195548489666140135e-01	2.733649170190315392e-01	2.618296529968450193e-01	2.733649170190315392e-01	2.942989214175649737e-01	1.461538461538459954e-01	4.238281250000000000e-01	2.733649170190315392e-01	2.733649170190315392e-01	4.080578512396689783e-01	2.733649170190315392e-01	2.337228714524209883e-01	2.733649170190315392e-01	4.202247191011240224e-01	3.153724247226620259e-01	2.733649170190315392e-01	2.733649170190315392e-01	2.988505747126439793e-01	2.733649170190315392e-01	2.733649170190315392e-01	2.076190476190480083e-01	3.613053613053610058e-01	3.551673944687039897e-01	1.218568665377180033e-01	2.733649170190315392e-01	3.860252004581899987e-01	2.733649170190315392e-01	3.672316384180789872e-01	2.733649170190315392e-01	2.152542372881360022e-01	2.733649170190315392e-01	2.776119402985069984e-01	1.687242798353910112e-01	2.733649170190315392e-01	1.782178217821779875e-01	2.734627831715210067e-01	2.306338028169009902e-01	3.401937046004839815e-01	2.733649170190315392e-01	2.733649170190315392e-01	2.733649170190315392e-01	2.733649170190315392e-01	3.270868824531519836e-01	2.520593080724879975e-01	3.746397694524499777e-01	2.787682333873580109e-01	3.265602322206099806e-01	3.231240428790200236e-01	1.985815602836880078e-01	2.733649170190315392e-01	2.733649170190315392e-01	3.721264367816090046e-01	2.666666666666669960e-01	2.733649170190315392e-01	3.437500000000000000e-01	2.733649170190315392e-01	2.733649170190315392e-01	2.930756843800320088e-01	2.733649170190315392e-01	2.733649170190315392e-01	3.580060422960730238e-01	2.370766488413549866e-01
2.733649170190315392e-01	2.733649170190315392e-01	2.733649170190315392e-01	3.968462549277270157e-01	2.733649170190315392e-01	2.733649170190315392e-01	2.175324675324679935e-01	3.589743589743589758e-01	2.941176470588239833e-01	2.733649170190315392e-01	1.000000000000000000e+00	3.637602179836509908e-01	2.824536376604849797e-01	3.364864864864859917e-01	2.733649170190315392e-01	2.838235294117649743e-01	2.733649170190315392e-01	3.301127214170689883e-01	3.449419568822549853e-01	2.733649170190315392e-01	2.733649170190315392e-01	3.851261620185920109e-01	2.733649170190315392e-01	2.733649170190315392e-01	3.408450704225349792e-01	4.125786163522009997e-01	2.733649170190315392e-01	4.010484927916119768e-01	2.733649170190315392e-01	2.733649170190315392e-01	2.733649170190315392e-01	2.733649170190315392e-01	3.166904422253919993e-01	2.733649170190315392e-01	2.733649170190315392e-01	3.543307086614170265e-01	2.790322580645159811e-01	2.733649170190315392e-01	2.733649170190315392e-01	4.323671497584539725e-01	3.858173076923079869e-01	2.733649170190315392e-01	1.680261011419250106e-01	2.733649170190315392e-01	2.733649170190315392e-01	3.400286944045909920e-01	2.921874999999999889e-01	3.222060957910010126e-01	2.733649170190315392e-01	4.308943089430889994e-01	3.263009845288329935e-01	2.733649170190315392e-01	8.301886792452829733e-02	2.733649170190315392e-01	3.156249999999999889e-01	2.016806722689080122e-01	2.733649170190315392e-01	1.544991511035649911e-01	1.953642384105959973e-01	3.058823529411759945e-01	8.719851576994429310e-02	2.536585365853660234e-01	4.240506329113920003e-01	2.733649170190315392e-01	2.733649170190315392e-01	3.766578249336869910e-01	2.733649170190315392e-01	2.733649170190315392e-01	2.733649170190315392e-01	2.733649170190315392e-01	2.733649170190315392e-01	4.773195876288660044e-01	3.395638629283490029e-01	2.733649170190315392e-01	3.353115727002969892e-01	2.733649170190315392e-01	3.412816691505219935e-01	2.733649170190315392e-01	2.329635499207609872e-01	3.546592489568849982e-01	4.473684210526320260e-01	5.917159763313610196e-03	2.733649170190315392e-01	2.733649170190315392e-01	2.733649170190315392e-01	1.403508771929820043e-01	2.942898975109810022e-01	4.222222222222219989e-01	1.797153024911030128e-01	5.355029585798819491e-01	2.627737226277370164e-01	2.733649170190315392e-01	4.661190965092399940e-01	2.733649170190315392e-01	1.706422018348620062e-01	2.733649170190315392e-01	1.917562724014340025e-01	2.733649170190315392e-01	2.303999999999999937e-01	3.995243757431630183e-01	2.733649170190315392e-01	3.595317725752509852e-01	2.733649170190315392e-01	2.733649170190315392e-01	2.733649170190315392e-01	2.733649170190315392e-01	4.046639231824419869e-01	2.733649170190315392e-01	2.733649170190315392e-01	2.733649170190315392e-01	2.371475953565509998e-01	2.733649170190315392e-01	3.986928104575159781e-01	2.733649170190315392e-01	2.808641975308640015e-01	2.733649170190315392e-01	3.818722139673110250e-01	2.733649170190315392e-01	3.005780346820809967e-01	2.733649170190315392e-01	3.294964028776979914e-01	2.733649170190315392e-01	3.803418803418799898e-01	2.949152542372879826e-01
3.333333333333329818e-01	4.507936507936510240e-01	2.733649170190315392e-01	3.968253968253970254e-01	2.733649170190315392e-01	2.733649170190315392e-01	2.140522875816990023e-01	3.127753303964759812e-01	3.049327354260090162e-01	2.733649170190315392e-01	3.637602179836509908e-01	1.000000000000000000e+00	3.175775480059079836e-01	2.733649170190315392e-01	2.733649170190315392e-01	2.810650887573959977e-01	3.594594594594590076e-01	2.733649170190315392e-01	2.863999999999999879e-01	2.733649170190315392e-01	2.733649170190315392e-01	2.733649170190315392e-01	4.098360655737710023e-01	3.938953488372090028e-01	2.733649170190315392e-01	2.733649170190315392e-01	2.733649170190315392e-01	2.733649170190315392e-01	2.714723926380370189e-01	2.733649170190315392e-01	2.733649170190315392e-01	2.733649170190315392e-01	2.733649170190315392e-01	2.733649170190315392e-01	2.733649170190315392e-01	4.556313993174059829e-01	2.733649170190315392e-01	2.733649170190315392e-01	4.368421052631579760e-01	2.733649170190315392e-01	3.992673992673990147e-01	3.601003764115430217e-01	1.738410596026490063e-01	2.733649170190315392e-01	4.590347923681259990e-01	3.318965517241380114e-01	2.913385826771650033e-01	3.101449275362320179e-01	3.434065934065930192e-01	3.949468085106380144e-01	3.183098591549299861e-01	3.886583679114800072e-01	2.733649170190315392e-01	2.733649170190315392e-01	2.733649170190315392e-01	2.733649170190315392e-01	3.647887323943659887e-01	2.733649170190315392e-01	2.118644067796610075e-01	2.694524495677230180e-01	2.733649170190315392e-01	2.402597402597400067e-01	2.733649170190315392e-01	2.733649170190315392e-01	2.733649170190315392e-01	2.733649170190315392e-01	2.733649170190315392e-01	1.561403508771929960e-01	2.733649170190315392e-01	1.952983725135619963e-01	2.733649170190315392e-01	4.701030927835049833e-01	2.733649170190315392e-01	2.733649170190315392e-01	2.733649170190315392e-01	4.943693693693689828e-01	2.998544395924310213e-01	3.599419448476049999e-01	2.733649170190315392e-01	2.733649170190315392e-01	4.556541019955649974e-01	8.016032064128259318e-03	2.733649170190315392e-01	2.733649170190315392e-01	3.710344827586209981e-01	2.733649170190315392e-01	2.733649170190315392e-01	2.733649170190315392e-01	2.733649170190315392e-01	2.733649170190315392e-01	2.960725075528700123e-01	2.560386473429949739e-01	2.733649170190315392e-01	3.035460992907800248e-01	2.733649170190315392e-01	4.066852367688020276e-01	2.733649170190315392e-01	3.016845329249620011e-01	2.231139646869980120e-01	3.912009512485140061e-01	3.215384615384619948e-01	2.733649170190315392e-01	2.733649170190315392e-01	2.733649170190315392e-01	2.733649170190315392e-01	2.759689922480619839e-01	2.733649170190315392e-01	3.007633587786259777e-01	2.733649170190315392e-01	3.592375366568920092e-01	2.733649170190315392e-01	2.733649170190315392e-01	2.733649170190315392e-01	2.733649170190315392e-01	2.661538461538460187e-01	4.184704184704179930e-01	2.733649170190315392e-01	2.550544323483669995e-01	3.093841642228740141e-01	2.733649170190315392e-01	3.328488372093019732e-01	2.442882249560630048e-01	2.733649170190315392e-01	2.733649170190315392e-01
