1.000000000000000000e+00	5.941366248514022841e-01	4.466228561321879953e-01	6.358514371471749582e-01	7.745754771185000553e-01	5.988566395776889761e-01	5.941366248514022841e-01	5.941366248514022841e-01	5.941366248514022841e-01	5.562142219463079851e-01	8.252020191593339993e-01	5.941366248514022841e-01	7.522240680925850187e-01	5.941366248514022841e-01	5.941366248514022841e-01	6.835844094958669626e-01	5.941366248514022841e-01	5.941366248514022841e-01	8.348143065883190106e-01	7.973838528247449986e-01	5.941366248514022841e-01	5.941366248514022841e-01	5.941366248514022841e-01	5.881049553647460515e-01	7.519875455151190380e-01	8.612904201302870044e-01	5.941366248514022841e-01	6.745641397236880055e-01	8.528821087511829768e-01	6.677002277271969488e-01	5.941366248514022841e-01	5.941366248514022841e-01	5.941366248514022841e-01	5.941366248514022841e-01	5.941366248514022841e-01	8.192268215087950001e-01	7.856578723222830130e-01	5.941366248514022841e-01	8.914538688036719449e-01	7.558686898224680206e-01	5.941366248514022841e-01	5.941366248514022841e-01	7.594582778831669989e-01	5.941366248514022841e-01	8.232298476698940437e-01	5.941366248514022841e-01	4.347264803069920136e-01	5.941366248514022841e-01	7.275919137448040308e-01	5.941366248514022841e-01	5.941366248514022841e-01	5.941366248514022841e-01	5.941366248514022841e-01	8.527888217639190138e-01	5.941366248514022841e-01	5.245839402652530126e-01	8.522700991017889693e-01	8.812195393890349671e-01	8.311980677721160227e-01	8.516934636769769584e-01	8.852107354046969689e-01	3.737965777929549982e-01	8.386469246015370027e-01	5.941366248514022841e-01	6.709857781238039998e-01	3.712752025224460017e-01	5.941366248514022841e-01	5.323223913688589493e-01	7.977764459201049929e-01	8.096002695745919686e-01	5.941366248514022841e-01	5.941366248514022841e-01	5.941366248514022841e-01	7.752959877558950330e-01	2.334118753600269991e-01	5.941366248514022841e-01	5.941366248514022841e-01	8.133727349651590499e-01	5.322459728374000498e-01	8.683378777273069726e-01	8.034688433295590348e-01	5.941366248514022841e-01	7.884019525723530153e-01	5.941366248514022841e-01	8.617262600739310496e-01	5.941366248514022841e-01	5.941366248514022841e-01	7.800063363912459469e-01	5.941366248514022841e-01	5.941366248514022841e-01	4.231180522071300021e-01	4.217059032418269959e-01	8.222848802286579772e-01	8.100985600679969645e-01	5.941366248514022841e-01	8.515711972369339744e-01	6.754547812468859602e-01	8.915209103036200178e-01	5.941366248514022841e-01	7.980873858667949516e-01	8.879503667234920350e-01	5.941366248514022841e-01	5.941366248514022841e-01	5.941366248514022841e-01	8.884118446640469902e-01	8.632003241284590400e-01	3.675551451303240014e-01	5.941366248514022841e-01	5.601600156323790491e-01	5.941366248514022841e-01	8.381769145798929621e-01	5.941366248514022841e-01	5.941366248514022841e-01	4.731058427322770155e-01	5.941366248514022841e-01	5.941366248514022841e-01	8.188068789173430506e-01	5.941366248514022841e-01	8.644404863915670090e-01	8.343749651804710510e-01	5.941366248514022841e-01	8.189468358572520312e-01	5.941366248514022841e-01	5.941366248514022841e-01
5.941366248514022841e-01	1.000000000000000000e+00	6.759444420592229941e-01	5.941366248514022841e-01	5.941366248514022841e-01	5.941366248514022841e-01	5.941366248514022841e-01	5.534376893417449761e-01	4.976936210989639786e-01	5.941366248514022841e-01	5.941366248514022841e-01	5.766546510418140148e-01	5.941366248514022841e-01	3.635839114073580181e-01	3.342925422302759908e-01	5.941366248514022841e-01	5.941366248514022841e-01	4.239113838493139830e-01	5.941366248514022841e-01	3.488691599622750217e-01	4.594568833841010114e-01	3.088353935681940055e-01	5.763945167583010010e-01	5.941366248514022841e-01	4.322460020547759796e-01	3.501905917503729815e-01	5.941366248514022841e-01	4.656771400607179756e-01	5.941366248514022841e-01	5.941366248514022841e-01	5.941366248514022841e-01	2.883169123019019842e-01	3.173431376637820267e-01	5.292705730994220481e-01	5.941366248514022841e-01	2.476769272392000121e-01	5.941366248514022841e-01	5.941366248514022841e-01	5.941366248514022841e-01	4.997188143162680229e-01	5.941366248514022841e-01	4.906631514912719871e-01	4.353778404741430186e-01	3.241914155907210104e-01	5.941366248514022841e-01	5.941366248514022841e-01	5.817667095721099635e-01	5.941366248514022841e-01	4.840793598156640232e-01	5.941366248514022841e-01	5.941366248514022841e-01	3.407835920115789841e-01	5.941366248514022841e-01	5.941366248514022841e-01	5.941366248514022841e-01	5.585577294392880532e-01	3.336076243691940002e-01	5.941366248514022841e-01	5.941366248514022841e-01	3.157849168002829776e-01	3.062890880451670239e-01	5.941366248514022841e-01	5.941366248514022841e-01	5.941366248514022841e-01	5.202232510795109510e-01	5.941366248514022841e-01	3.854406624781560042e-01	5.941366248514022841e-01	3.818631232733770142e-01	5.941366248514022841e-01	5.941366248514022841e-01	3.429876695554249788e-01	2.806851882033529755e-01	5.941366248514022841e-01	5.941366248514022841e-01	5.941366248514022841e-01	3.153555930610419944e-01	3.271727262190339824e-01	5.941366248514022841e-01	5.941366248514022841e-01	3.421749723172700097e-01	2.982815466032859852e-01	5.941366248514022841e-01	5.941366248514022841e-01	5.941366248514022841e-01	5.941366248514022841e-01	2.948490644679149786e-01	3.212790012295460018e-01	5.941366248514022841e-01	6.412076626083870190e-01	5.941366248514022841e-01	5.941366248514022841e-01	4.375501150652519877e-01	3.430181539091219922e-01	2.966546306399610033e-01	2.658551609473410182e-01	5.941366248514022841e-01	5.941366248514022841e-01	3.076910488320350190e-01	3.629431781848589944e-01	4.286968467141339945e-01	5.941366248514022841e-01	5.941366248514022841e-01	5.941366248514022841e-01	3.319082700973819966e-01	4.417369356329030050e-01	6.404935278285459610e-01	3.167145982752139766e-01	5.638600402737039552e-01	2.770116929179560206e-01	5.941366248514022841e-01	4.325386523657719917e-01	5.772265705489529886e-01	5.941366248514022841e-01	5.941366248514022841e-01	5.941366248514022841e-01	5.941366248514022841e-01	5.941366248514022841e-01	4.304442239962210093e-01	2.948752703171820255e-01	5.941366248514022841e-01	5.941366248514022841e-01	2.456650939847569992e-01	3.062555865964179946e-01
4.466228561321879953e-01	6.759444420592229941e-01	1.000000000000000000e+00	5.941366248514022841e-01	6.215011536916410506e-01	5.941366248514022841e-01	5.963195912922829578e-01	5.941366248514022841e-01	5.941366248514022841e-01	6.814054368916030446e-01	5.720761811143250108e-01	5.941366248514022841e-01	5.032569474541349619e-01	5.941366248514022841e-01	3.620089428868120129e-01	5.654040893198409856e-01	5.941366248514022841e-01	5.941366248514022841e-01	4.165255107294290049e-01	5.941366248514022841e-01	5.471812048446960119e-01	3.670378721640569775e-01	6.718027995096079730e-01	5.941366248514022841e-01	5.504077873931280118e-01	3.979939954353050036e-01	4.227826366650260237e-01	5.941366248514022841e-01	5.941366248514022841e-01	5.143141183227559754e-01	5.941366248514022841e-01	5.941366248514022841e-01	3.113368781725370238e-01	5.941366248514022841e-01	5.941366248514022841e-01	5.941366248514022841e-01	5.941366248514022841e-01	5.174813104526280183e-01	5.941366248514022841e-01	5.941366248514022841e-01	3.386422925436949893e-01	6.337076321156419612e-01	5.941366248514022841e-01	5.941366248514022841e-01	5.941366248514022841e-01	7.102674282833100206e-01	5.941366248514022841e-01	5.941366248514022841e-01	5.941366248514022841e-01	5.941366248514022841e-01	3.569976601125660065e-01	4.167932702032969838e-01	5.941366248514022841e-01	5.941366248514022841e-01	5.941366248514022841e-01	5.941366248514022841e-01	3.272666822296509959e-01	5.941366248514022841e-01	5.941366248514022841e-01	5.941366248514022841e-01	5.941366248514022841e-01	7.109524213583400254e-01	5.941366248514022841e-01	5.941366248514022841e-01	5.941366248514022841e-01	6.295105364560570349e-01	5.941366248514022841e-01	6.759952762424179529e-01	5.941366248514022841e-01	3.050206909216339746e-01	5.941366248514022841e-01	3.394767689677359868e-01	5.941366248514022841e-01	5.941366248514022841e-01	5.941366248514022841e-01	5.941366248514022841e-01	3.249125284958059856e-01	4.305854989632529883e-01	5.941366248514022841e-01	3.882492981536049825e-01	5.941366248514022841e-01	3.366709244458970240e-01	3.241936319431930058e-01	5.941366248514022841e-01	5.941366248514022841e-01	3.436871459629329828e-01	5.941366248514022841e-01	3.084408209646269938e-01	5.941366248514022841e-01	5.941366248514022841e-01	6.206264937948400284e-01	6.883678817442769882e-01	4.908678146496109895e-01	3.338951187830340173e-01	5.941366248514022841e-01	5.941366248514022841e-01	5.268590093183349587e-01	3.393932288752299908e-01	3.665889882545840250e-01	4.402987663918500050e-01	5.941366248514022841e-01	5.941366248514022841e-01	3.441385707617909961e-01	6.468787179141679555e-01	3.978715738315730110e-01	5.941366248514022841e-01	5.941366248514022841e-01	3.761601644764510088e-01	5.404187849347009687e-01	5.941366248514022841e-01	3.052543321251720010e-01	5.941366248514022841e-01	5.132498352086489746e-01	5.941366248514022841e-01	5.941366248514022841e-01	5.941366248514022841e-01	3.698160541695399983e-01	5.941366248514022841e-01	5.941366248514022841e-01	3.284411660595660254e-01	6.187370278484980446e-01	5.941366248514022841e-01	5.941366248514022841e-01	3.606330529174480160e-01
6.358514371471749582e-01	5.941366248514022841e-01	5.941366248514022841e-01	1.000000000000000000e+00	6.762772442847250209e-01	5.941366248514022841e-01	5.941366248514022841e-01	5.941366248514022841e-01	6.888386475320319446e-01	6.256405716754519508e-01	5.941366248514022841e-01	4.291924380864819977e-01	7.048882893249499570e-01	2.073743809098350099e-01	5.941366248514022841e-01	5.941366248514022841e-01	5.941366248514022841e-01	5.941366248514022841e-01	5.941366248514022841e-01	5.847333341888769631e-01	5.941366248514022841e-01	6.092048516964170268e-01	5.941366248514022841e-01	5.941366248514022841e-01	5.941366248514022841e-01	6.197657758517269855e-01	5.941366248514022841e-01	5.934605065591750384e-01	6.040251021467689663e-01	6.656173906399790452e-01	5.941366248514022841e-01	5.941366248514022841e-01	5.599379456632870289e-01	6.253668900096339689e-01	5.941366248514022841e-01	5.941366248514022841e-01	6.360949167888410027e-01	5.941366248514022841e-01	6.080938514951550466e-01	5.941366248514022841e-01	5.941366248514022841e-01	5.941366248514022841e-01	5.941366248514022841e-01	5.715289006869560540e-01	5.941366248514022841e-01	4.270966931562290014e-01	5.099516337379309538e-01	5.901227286212320511e-01	5.941366248514022841e-01	5.801105512528430541e-01	6.237827484750040341e-01	5.941366248514022841e-01	5.870203951387079622e-01	5.941366248514022841e-01	5.525303712580400539e-01	5.941366248514022841e-01	5.941366248514022841e-01	5.941366248514022841e-01	5.941366248514022841e-01	6.156147211004290298e-01	5.941366248514022841e-01	5.941366248514022841e-01	5.941366248514022841e-01	5.941366248514022841e-01	6.508578050252730174e-01	5.941366248514022841e-01	5.619627997131020347e-01	5.887808039036299679e-01	6.122318621781609460e-01	5.315150931073350238e-01	6.174566597867400253e-01	5.941366248514022841e-01	5.941366248514022841e-01	5.750327014082200483e-01	3.080341169035599735e-01	4.487622564496849820e-01	5.941366248514022841e-01	5.849172503137619605e-01	5.941366248514022841e-01	6.160652134936960289e-01	5.941366248514022841e-01	6.127636569106380549e-01	5.663015743650680056e-01	4.541262049947979995e-01	5.941366248514022841e-01	6.191686398805360536e-01	5.941366248514022841e-01	5.407033432684339447e-01	1.000000000000000021e-03	5.941366248514022841e-01	5.941366248514022841e-01	5.941366248514022841e-01	6.384606400443210150e-01	5.941366248514022841e-01	5.941366248514022841e-01	5.941366248514022841e-01	6.139335529927729684e-01	6.126966337255209671e-01	6.113953257002010533e-01	5.941366248514022841e-01	5.941366248514022841e-01	4.284770930878740169e-01	5.941366248514022841e-01	5.941366248514022841e-01	6.434384213864300373e-01	5.941366248514022841e-01	5.941366248514022841e-01	5.941366248514022841e-01	5.941366248514022841e-01	5.330871804023310512e-01	5.488859287026279787e-01	5.941366248514022841e-01	5.683455551166100017e-01	4.542938869477720076e-01	4.723495974691109822e-01	6.290975198037239702e-01	5.941366248514022841e-01	6.233521815779620168e-01	5.941366248514022841e-01	6.221856051926349940e-01	5.291620329785350352e-01	5.941366248514022841e-01	5.491336480053660152e-01	6.017170385365759877e-01
7.745754771185000553e-01	5.941366248514022841e-01	6.215011536916410506e-01	6.762772442847250209e-01	1.000000000000000000e+00	6.664460997147559906e-01	7.581665545520800409e-01	5.941366248514022841e-01	5.941366248514022841e-01	5.941366248514022841e-01	8.297956717116830028e-01	4.832989654974639837e-01	5.941366248514022841e-01	5.941366248514022841e-01	6.842530248191099895e-01	7.940546023210469651e-01	5.941366248514022841e-01	3.403063220775390252e-01	7.051823090880620093e-01	5.941366248514022841e-01	4.740804004421479978e-01	7.199373673339040103e-01	5.941366248514022841e-01	5.941366248514022841e-01	7.844824651346270494e-01	7.613245168731499479e-01	5.941366248514022841e-01	5.941366248514022841e-01	5.941366248514022841e-01	7.286820805784880450e-01	6.036824561182150273e-01	6.898518844666090555e-01	6.398457999322769707e-01	5.941366248514022841e-01	5.941366248514022841e-01	6.285687382060519690e-01	5.941366248514022841e-01	7.596088625676770123e-01	6.971674897312130081e-01	5.941366248514022841e-01	6.847958784733340076e-01	5.698200737695270357e-01	7.798410452272820370e-01	5.941366248514022841e-01	5.941366248514022841e-01	5.407292196364960057e-01	6.146769028422489622e-01	6.932416970653499932e-01	7.875669551399220314e-01	5.941366248514022841e-01	7.077130440028519542e-01	6.855875309704120291e-01	5.941366248514022841e-01	5.941366248514022841e-01	5.941366248514022841e-01	5.941366248514022841e-01	6.681934031806030516e-01	5.941366248514022841e-01	5.941366248514022841e-01	5.941366248514022841e-01	5.941366248514022841e-01	5.941366248514022841e-01	5.941366248514022841e-01	5.941366248514022841e-01	5.941366248514022841e-01	5.941366248514022841e-01	6.638450538164759607e-01	6.584437618731320274e-01	7.251982927455260519e-01	5.941366248514022841e-01	5.941366248514022841e-01	6.983743837152319722e-01	5.941366248514022841e-01	6.514587796658249941e-01	3.769968737042039830e-01	5.941366248514022841e-01	5.941366248514022841e-01	5.941366248514022841e-01	6.559143043489750191e-01	5.941366248514022841e-01	7.213710584982110374e-01	7.009381880481030391e-01	5.941366248514022841e-01	5.941366248514022841e-01	5.941366248514022841e-01	7.059444388229819678e-01	5.941366248514022841e-01	6.003036030021520197e-01	5.941366248514022841e-01	6.447638496896770377e-01	5.941366248514022841e-01	5.941366248514022841e-01	5.941366248514022841e-01	6.490448936901209720e-01	7.135380099205530513e-01	5.941366248514022841e-01	5.941366248514022841e-01	5.941366248514022841e-01	7.212921559956769757e-01	5.941366248514022841e-01	5.941366248514022841e-01	5.941366248514022841e-01	5.941366248514022841e-01	6.927916032016420145e-01	5.941366248514022841e-01	5.941366248514022841e-01	4.957884753261270205e-01	5.941366248514022841e-01	6.316530977141440184e-01	5.941366248514022841e-01	6.596196947943380184e-01	5.941366248514022841e-01	5.941366248514022841e-01	5.941366248514022841e-01	5.571542517153299512e-01	5.941366248514022841e-01	5.941366248514022841e-01	8.172465814633259606e-01	5.941366248514022841e-01	5.941366248514022841e-01	5.876427682836540267e-01	5.941366248514022841e-01	5.941366248514022841e-01	5.941366248514022841e-01
5.988566395776889761e-01	5.941366248514022841e-01	5.941366248514022841e-01	5.941366248514022841e-01	6.664460997147559906e-01	1.000000000000000000e+00	5.941366248514022841e-01	5.649751923437319467e-01	5.941366248514022841e-01	6.266765136018089821e-01	6.683487374964719452e-01	5.941366248514022841e-01	5.941366248514022841e-01	5.941366248514022841e-01	5.941366248514022841e-01	6.417075919604710021e-01	5.941366248514022841e-01	5.941366248514022841e-01	5.941366248514022841e-01	5.422321697491769843e-01	5.941366248514022841e-01	5.941366248514022841e-01	5.647859629701420525e-01	6.365952119830580180e-01	5.941366248514022841e-01	5.708806608625730528e-01	5.941366248514022841e-01	6.165792612599839684e-01	5.170216037037560497e-01	5.941366248514022841e-01	5.941366248514022841e-01	5.941366248514022841e-01	5.124749651413379459e-01	5.941366248514022841e-01	5.941366248514022841e-01	4.546232204870390148e-01	5.941366248514022841e-01	5.941366248514022841e-01	5.941366248514022841e-01	6.381595359756150332e-01	5.208566974734309962e-01	5.941366248514022841e-01	5.857896398042440333e-01	5.051458952222499521e-01	5.941366248514022841e-01	5.941366248514022841e-01	5.586684797489720467e-01	5.941366248514022841e-01	7.110253318283830115e-01	5.941366248514022841e-01	5.512249384007019692e-01	5.735446940822319650e-01	5.941366248514022841e-01	5.941366248514022841e-01	5.941366248514022841e-01	5.941366248514022841e-01	5.941366248514022841e-01	5.941366248514022841e-01	5.941366248514022841e-01	5.941366248514022841e-01	5.941366248514022841e-01	5.531123958665720153e-01	4.830809448331280231e-01	2.710025212224220215e-01	6.186566627770629934e-01	5.103910968536370385e-01	5.317695143655869483e-01	5.941366248514022841e-01	5.941366248514022841e-01	5.941366248514022841e-01	5.941366248514022841e-01	5.304369732332819831e-01	5.102480553998309798e-01	5.281500646105730112e-01	3.776185272946390170e-01	5.363589781015399849e-01	5.082149337775769826e-01	5.483308431124640503e-01	5.941366248514022841e-01	5.541684050107289483e-01	5.941366248514022841e-01	5.941366248514022841e-01	5.941366248514022841e-01	5.358385401660390457e-01	5.291041540157519485e-01	5.365460193003389611e-01	5.941366248514022841e-01	5.019718320865850236e-01	1.000000000000000021e-03	5.941366248514022841e-01	4.919428568336399743e-01	5.397689281075319645e-01	6.195497240509120207e-01	5.941366248514022841e-01	5.338056241739730368e-01	5.941366248514022841e-01	5.926293607427089993e-01	5.941366248514022841e-01	5.941366248514022841e-01	5.731644776853089818e-01	5.941366248514022841e-01	4.898018187996420192e-01	5.254381827132410532e-01	5.941366248514022841e-01	5.759887840681220395e-01	5.771910555917300067e-01	5.941366248514022841e-01	4.932258997931859845e-01	5.941366248514022841e-01	4.680805843624070151e-01	4.779366625492090237e-01	5.941366248514022841e-01	5.447662381497979656e-01	5.177113170839490186e-01	5.941366248514022841e-01	5.941366248514022841e-01	5.233373792160279647e-01	5.941366248514022841e-01	5.941366248514022841e-01	5.941366248514022841e-01	5.941366248514022841e-01	5.093210035990960449e-01	4.644022581390129800e-01	5.941366248514022841e-01
5.941366248514022841e-01	5.941366248514022841e-01	5.963195912922829578e-01	5.941366248514022841e-01	7.581665545520800409e-01	5.941366248514022841e-01	1.000000000000000000e+00	5.941366248514022841e-01	5.941366248514022841e-01	6.752654792890639968e-01	6.807302963462570355e-01	5.941366248514022841e-01	6.399157929779949461e-01	2.455609872230599955e-01	5.704086120404090465e-01	5.941366248514022841e-01	6.392773901626399580e-01	3.443692140133440271e-01	5.941366248514022841e-01	5.941366248514022841e-01	5.941366248514022841e-01	5.941366248514022841e-01	5.941366248514022841e-01	6.191728728610510490e-01	5.941366248514022841e-01	5.941366248514022841e-01	6.146138722019830469e-01	5.993194518949790384e-01	5.382176096106070506e-01	6.019556779879380315e-01	5.603476951000320172e-01	5.532258486136889530e-01	5.627817155089750445e-01	5.999671697533519588e-01	6.399070434285779596e-01	5.941366248514022841e-01	5.941366248514022841e-01	6.345096262037630552e-01	5.625201480096290174e-01	6.843091621318859730e-01	5.941366248514022841e-01	5.966335842806860246e-01	6.267707751552630269e-01	5.941366248514022841e-01	5.941366248514022841e-01	5.941366248514022841e-01	5.800867560757689834e-01	5.941366248514022841e-01	6.360427347324330016e-01	5.839263868126669532e-01	5.533960713691410405e-01	5.941366248514022841e-01	6.330624387954769672e-01	5.633591327806279914e-01	5.772068397473859580e-01	5.941366248514022841e-01	5.941366248514022841e-01	5.941366248514022841e-01	5.516245406518249794e-01	5.941366248514022841e-01	5.435794772743069991e-01	5.941366248514022841e-01	5.941366248514022841e-01	5.941366248514022841e-01	6.312818316525500295e-01	6.032698877351450051e-01	5.807216282796670015e-01	5.941366248514022841e-01	5.941366248514022841e-01	5.918236545813250205e-01	5.941366248514022841e-01	5.941366248514022841e-01	5.495317342068839483e-01	6.267750601081959472e-01	3.615093610269339841e-01	5.941366248514022841e-01	5.941366248514022841e-01	5.941366248514022841e-01	5.941366248514022841e-01	5.941366248514022841e-01	5.941366248514022841e-01	5.571199717455119771e-01	5.941366248514022841e-01	5.941366248514022841e-01	6.003856885062920368e-01	5.941366248514022841e-01	5.514850239472900428e-01	5.941366248514022841e-01	5.941366248514022841e-01	5.941366248514022841e-01	5.941366248514022841e-01	5.941366248514022841e-01	5.941366248514022841e-01	6.017952031078079855e-01	5.941366248514022841e-01	5.941366248514022841e-01	5.941366248514022841e-01	5.695902801293739603e-01	5.786133597122240513e-01	5.993850117436180236e-01	5.941366248514022841e-01	5.941366248514022841e-01	6.397758145422950404e-01	5.941366248514022841e-01	6.087219208110089541e-01	6.645761381287309533e-01	5.941366248514022841e-01	5.941366248514022841e-01	5.941366248514022841e-01	5.300454720697980182e-01	5.941366248514022841e-01	5.799559000474819870e-01	5.941366248514022841e-01	5.654698049893860379e-01	5.703033321099549857e-01	5.941366248514022841e-01	6.275768614603780549e-01	6.961911015199310215e-01	5.941366248514022841e-01	5.383537698759900403e-01	5.909948011881259733e-01	5.941366248514022841e-01	5.941366248514022841e-01	5.941366248514022841e-01
5.941366248514022841e-01	5.534376893417449761e-01	5.941366248514022841e-01	5.941366248514022841e-01	5.941366248514022841e-01	5.649751923437319467e-01	5.941366248514022841e-01	1.000000000000000000e+00	5.941366248514022841e-01	5.941366248514022841e-01	5.941366248514022841e-01	4.559304757264620034e-01	6.869340322520329778e-01	2.213411677306159897e-01	6.253497888811410110e-01	5.941366248514022841e-01	6.503729781966509638e-01	3.438305031654450006e-01	6.450592498883650494e-01	6.362384395194790043e-01	4.945021469319509921e-01	6.333524779629829959e-01	5.681085882736709447e-01	6.368389764302929690e-01	5.941366248514022841e-01	6.408088757450569606e-01	6.387706200750530305e-01	5.941366248514022841e-01	5.938217082652490486e-01	6.511604488489529663e-01	6.132875279922209710e-01	6.072505144892239581e-01	5.941366248514022841e-01	5.941366248514022841e-01	6.797025755476010511e-01	5.418504844441689450e-01	6.896774073459509546e-01	6.654444935519030491e-01	5.941366248514022841e-01	5.941366248514022841e-01	5.941366248514022841e-01	6.109691323145759467e-01	5.941366248514022841e-01	5.941366248514022841e-01	5.941366248514022841e-01	4.586252476782169962e-01	5.941366248514022841e-01	5.941366248514022841e-01	6.694553960316530494e-01	5.772936603194009919e-01	5.941366248514022841e-01	5.941366248514022841e-01	6.595746012261110014e-01	5.941366248514022841e-01	6.413742624357070543e-01	5.837866824331809923e-01	5.941366248514022841e-01	6.293039942466740477e-01	5.941366248514022841e-01	6.483486245096800049e-01	5.941366248514022841e-01	4.991622604784790029e-01	5.941366248514022841e-01	2.349327501357549863e-01	5.941366248514022841e-01	5.736309638125739463e-01	5.941366248514022841e-01	6.289341089150970454e-01	7.244896679045219612e-01	6.503818708484350175e-01	6.190035762107359840e-01	6.754363104272920193e-01	5.975234483910629724e-01	7.030354172419890357e-01	3.077478496438110223e-01	5.184622032652249635e-01	6.359209932475899940e-01	5.941366248514022841e-01	5.941366248514022841e-01	5.941366248514022841e-01	6.607525537445859687e-01	5.941366248514022841e-01	5.941366248514022841e-01	5.941366248514022841e-01	6.720186958472940120e-01	6.085846052594060529e-01	6.085762841003780066e-01	5.902558786011919967e-01	5.941366248514022841e-01	6.971436591002260208e-01	5.416060506443409750e-01	5.131410724221080466e-01	6.616023438205690388e-01	6.369434754796949871e-01	5.941366248514022841e-01	5.560963545754029624e-01	5.941366248514022841e-01	6.131911021017519836e-01	6.317481078205430256e-01	5.941366248514022841e-01	5.941366248514022841e-01	5.941366248514022841e-01	6.697941614413910338e-01	5.941366248514022841e-01	5.941366248514022841e-01	5.941366248514022841e-01	5.633437273009459512e-01	4.923297749501139853e-01	5.941366248514022841e-01	6.237230481844050489e-01	5.941366248514022841e-01	5.941366248514022841e-01	5.941366248514022841e-01	5.816116168528340236e-01	5.160116858517439509e-01	5.941366248514022841e-01	6.806604924114919575e-01	6.866476209526669594e-01	5.941366248514022841e-01	5.941366248514022841e-01	5.941366248514022841e-01	5.941366248514022841e-01	5.941366248514022841e-01	5.941366248514022841e-01
5.941366248514022841e-01	4.976936210989639786e-01	5.941366248514022841e-01	6.888386475320319446e-01	5.941366248514022841e-01	5.941366248514022841e-01	5.941366248514022841e-01	5.941366248514022841e-01	1.000000000000000000e+00	5.941366248514022841e-01	5.941366248514022841e-01	5.941366248514022841e-01	7.692402767730710522e-01	2.312169648730159899e-01	7.165296767051699822e-01	5.941366248514022841e-01	7.418769762307629856e-01	5.941366248514022841e-01	7.551507456816639596e-01	5.941366248514022841e-01	5.272697846389180487e-01	5.941366248514022841e-01	5.941366248514022841e-01	7.293549148720489539e-01	5.941366248514022841e-01	5.941366248514022841e-01	5.941366248514022841e-01	7.463077497562590201e-01	6.860845373676770498e-01	7.467160339242909783e-01	5.941366248514022841e-01	7.055632710516229755e-01	5.941366248514022841e-01	7.364547764256480500e-01	7.098062802992589626e-01	5.941366248514022841e-01	5.941366248514022841e-01	5.941366248514022841e-01	7.195092915572399717e-01	7.730624695449890282e-01	6.857891033559520011e-01	6.292179549945500217e-01	5.941366248514022841e-01	6.819273830779140066e-01	5.941366248514022841e-01	4.948065017204130167e-01	6.335603489145630318e-01	6.949594733101349675e-01	5.941366248514022841e-01	6.243715286264690523e-01	5.941366248514022841e-01	5.941366248514022841e-01	5.941366248514022841e-01	5.941366248514022841e-01	6.537654261924390475e-01	6.887680121448980231e-01	6.833274237559829878e-01	5.941366248514022841e-01	6.525999299322859937e-01	7.479882484752039540e-01	6.725794314673839702e-01	5.333605855455609834e-01	6.655536864869769920e-01	5.941366248514022841e-01	7.794732648240210171e-01	5.036011182959110322e-01	7.057321174503790040e-01	5.941366248514022841e-01	5.941366248514022841e-01	6.434252248602260194e-01	6.945652428341350104e-01	5.941366248514022841e-01	5.941366248514022841e-01	6.778741966700649879e-01	5.941366248514022841e-01	5.941366248514022841e-01	6.930758389994889912e-01	7.315221644326790340e-01	5.941366248514022841e-01	7.120565997929589885e-01	5.941366248514022841e-01	7.124266637352080211e-01	5.941366248514022841e-01	5.523264297690789748e-01	6.906729905522870361e-01	7.154968219059699708e-01	5.941366248514022841e-01	5.941366248514022841e-01	5.941366248514022841e-01	5.941366248514022841e-01	5.941366248514022841e-01	5.941366248514022841e-01	7.823722315991810117e-01	5.941366248514022841e-01	7.185114376730260544e-01	5.941366248514022841e-01	7.263096999368450213e-01	7.171765808294769950e-01	5.941366248514022841e-01	7.725341435520109989e-01	7.834641301976169592e-01	5.941366248514022841e-01	5.941366248514022841e-01	6.793123557135569701e-01	7.523886494130319624e-01	5.941366248514022841e-01	5.941366248514022841e-01	5.941366248514022841e-01	5.941366248514022841e-01	6.331446752137970257e-01	6.490981424663510024e-01	6.976871999811720126e-01	6.401433232591270395e-01	5.941366248514022841e-01	5.941366248514022841e-01	6.945082641636179943e-01	7.005118310021219985e-01	5.941366248514022841e-01	7.871847678237160473e-01	5.941366248514022841e-01	5.941366248514022841e-01	5.941366248514022841e-01	5.941366248514022841e-01	5.941366248514022841e-01
5.562142219463079851e-01	5.941366248514022841e-01	6.814054368916030446e-01	6.256405716754519508e-01	5.941366248514022841e-01	6.266765136018089821e-01	6.752654792890639968e-01	5.941366248514022841e-01	5.941366248514022841e-01	1.000000000000000000e+00	5.941366248514022841e-01	5.837906735229959621e-01	6.134510674189760371e-01	5.941366248514022841e-01	5.058474314361689483e-01	5.941366248514022841e-01	6.778139533373489511e-01	4.582616847546540084e-01	5.941366248514022841e-01	5.941366248514022841e-01	5.941366248514022841e-01	5.008098171270269905e-01	6.975727351157889888e-01	5.941366248514022841e-01	5.941366248514022841e-01	5.453028031000100029e-01	5.496444524994760217e-01	5.941366248514022841e-01	5.941366248514022841e-01	6.285171735598209519e-01	5.941366248514022841e-01	5.941366248514022841e-01	4.629979047727900143e-01	6.288868136856280433e-01	5.336815597046530302e-01	5.941366248514022841e-01	5.941366248514022841e-01	6.350216984550239863e-01	4.799897377437539747e-01	5.941366248514022841e-01	5.097843187669950371e-01	6.617968642234319798e-01	5.601791637182179651e-01	4.855509763837669857e-01	5.941366248514022841e-01	5.646894417899880336e-01	7.291056445775649930e-01	5.941366248514022841e-01	5.941366248514022841e-01	7.067798673624650085e-01	5.941366248514022841e-01	5.379968823783559673e-01	6.943658379363150113e-01	5.941366248514022841e-01	4.734585240597989908e-01	6.691899969761040401e-01	5.081697682269520344e-01	5.108099852455330048e-01	5.941366248514022841e-01	5.231549425800939845e-01	5.941366248514022841e-01	5.941366248514022841e-01	4.685191962768029961e-01	5.941366248514022841e-01	7.207351527262120250e-01	5.941366248514022841e-01	5.941366248514022841e-01	5.941366248514022841e-01	5.941366248514022841e-01	5.941366248514022841e-01	5.941366248514022841e-01	5.941366248514022841e-01	4.541603574092010209e-01	5.941366248514022841e-01	3.896373068037299880e-01	6.548345070063029683e-01	5.941366248514022841e-01	5.941366248514022841e-01	5.941366248514022841e-01	5.941366248514022841e-01	5.650563100537999706e-01	4.837948330112070150e-01	5.941366248514022841e-01	5.941366248514022841e-01	5.074060365885649793e-01	5.941366248514022841e-01	5.941366248514022841e-01	5.941366248514022841e-01	1.000000000000000021e-03	5.941366248514022841e-01	6.313249909104919899e-01	6.474317550432220347e-01	5.941366248514022841e-01	4.884842670764479866e-01	5.941366248514022841e-01	5.941366248514022841e-01	5.941366248514022841e-01	5.941366248514022841e-01	5.004436042519160299e-01	5.941366248514022841e-01	5.941366248514022841e-01	5.806541401303709771e-01	5.941366248514022841e-01	6.426471086794529608e-01	5.110160647557200342e-01	5.515415805200080124e-01	5.847413293395089529e-01	5.941366248514022841e-01	5.941366248514022841e-01	5.941366248514022841e-01	4.318531572346370195e-01	6.416900439831779712e-01	5.941366248514022841e-01	5.941366248514022841e-01	6.547315487729039596e-01	5.941366248514022841e-01	5.371222223537650553e-01	5.941366248514022841e-01	6.089008936250780435e-01	5.941366248514022841e-01	5.941366248514022841e-01	5.941366248514022841e-01	5.941366248514022841e-01	4.913109845895459737e-01
8.252020191593339993e-01	5.941366248514022841e-01	5.720761811143250108e-01	5.941366248514022841e-01	8.297956717116830028e-01	6.683487374964719452e-01	6.807302963462570355e-01	5.941366248514022841e-01	5.941366248514022841e-01	5.941366248514022841e-01	1.000000000000000000e+00	5.941366248514022841e-01	8.044416822318090077e-01	2.046757395132849933e-01	5.941366248514022841e-01	7.347650263062129872e-01	7.129041353590740426e-01	5.941366248514022841e-01	7.917075030849319850e-01	7.575344641651190480e-01	4.676711574148180173e-01	8.190644181739490381e-01	5.941366248514022841e-01	5.941366248514022841e-01	5.941366248514022841e-01	5.941366248514022841e-01	5.941366248514022841e-01	7.315621741226250307e-01	5.941366248514022841e-01	5.941366248514022841e-01	6.721519430923980076e-01	5.941366248514022841e-01	7.232623654639429578e-01	7.205233087301989858e-01	7.609290533589579963e-01	5.941366248514022841e-01	5.941366248514022841e-01	7.614754715938000240e-01	5.941366248514022841e-01	5.941366248514022841e-01	5.941366248514022841e-01	5.941366248514022841e-01	5.941366248514022841e-01	5.941366248514022841e-01	7.619701880937469474e-01	4.512974037490540269e-01	5.941366248514022841e-01	5.941366248514022841e-01	5.941366248514022841e-01	6.209108354024940324e-01	5.941366248514022841e-01	5.941366248514022841e-01	7.382442998418470292e-01	5.941366248514022841e-01	5.941366248514022841e-01	5.941366248514022841e-01	7.514941727109180070e-01	8.211837890759999814e-01	5.941366248514022841e-01	5.941366248514022841e-01	5.941366248514022841e-01	5.941366248514022841e-01	7.283633241955219662e-01	2.358984044185709894e-01	5.941366248514022841e-01	5.941366248514022841e-01	5.941366248514022841e-01	6.484417127664019453e-01	5.941366248514022841e-01	5.941366248514022841e-01	5.941366248514022841e-01	5.941366248514022841e-01	7.711569130973600084e-01	7.108552190281649530e-01	5.941366248514022841e-01	5.101294660644110079e-01	5.941366248514022841e-01	5.941366248514022841e-01	5.941366248514022841e-01	5.941366248514022841e-01	8.081790599785210194e-01	8.024916946360639569e-01	5.941366248514022841e-01	5.941366248514022841e-01	5.941366248514022841e-01	5.941366248514022841e-01	7.836516188359370361e-01	5.941366248514022841e-01	5.941366248514022841e-01	6.218666675937329913e-01	5.179662130010870280e-01	5.402119274852339448e-01	8.426641876504959994e-01	7.271493441369359934e-01	8.093678389128280415e-01	5.941366248514022841e-01	7.245887346089969760e-01	7.930346849535480080e-01	5.941366248514022841e-01	5.941366248514022841e-01	5.941366248514022841e-01	4.371225645817209959e-01	7.535777895023040296e-01	6.448520146871690173e-01	5.941366248514022841e-01	5.941366248514022841e-01	5.941366248514022841e-01	5.911483546117149990e-01	5.941366248514022841e-01	6.791637594733219707e-01	7.317572527001769966e-01	5.941366248514022841e-01	6.214416717653240552e-01	5.941366248514022841e-01	5.941366248514022841e-01	5.941366248514022841e-01	7.390371090407640287e-01	8.319428102788719581e-01	8.201402395846979498e-01	7.822652646606199633e-01	5.941366248514022841e-01	7.460475851270079728e-01	7.105782652912390196e-01	7.894590879253200466e-01
5.941366248514022841e-01	5.766546510418140148e-01	5.941366248514022841e-01	4.291924380864819977e-01	4.832989654974639837e-01	5.941366248514022841e-01	5.941366248514022841e-01	4.559304757264620034e-01	5.941366248514022841e-01	5.837906735229959621e-01	5.941366248514022841e-01	1.000000000000000000e+00	4.659191577855960054e-01	4.914352782448490053e-01	5.941366248514022841e-01	4.164343978204170238e-01	5.941366248514022841e-01	5.941366248514022841e-01	3.228775762131489979e-01	5.941366248514022841e-01	5.868518656260109934e-01	2.737846648298349894e-01	5.941366248514022841e-01	5.941366248514022841e-01	4.264139921157010238e-01	5.941366248514022841e-01	5.941366248514022841e-01	5.941366248514022841e-01	5.941366248514022841e-01	5.941366248514022841e-01	4.501080444600549790e-01	5.941366248514022841e-01	5.941366248514022841e-01	5.575086016032230196e-01	2.821087819336060010e-01	1.955508533944050054e-01	3.821765261336910191e-01	4.023658285271429769e-01	2.658842429737239832e-01	5.941366248514022841e-01	2.519274909045010058e-01	5.941366248514022841e-01	5.941366248514022841e-01	5.941366248514022841e-01	5.941366248514022841e-01	5.941366248514022841e-01	5.941366248514022841e-01	2.573183541337160096e-01	5.941366248514022841e-01	7.198094099655959477e-01	2.920943952647510056e-01	5.941366248514022841e-01	4.536762540594280191e-01	5.941366248514022841e-01	5.941366248514022841e-01	6.521895991356819744e-01	2.487476765933850087e-01	2.814326388838779835e-01	2.218517060152520037e-01	2.989511583770799730e-01	5.941366248514022841e-01	6.973009563194929594e-01	5.941366248514022841e-01	5.941366248514022841e-01	5.553023519531630203e-01	6.985701639560180087e-01	5.941366248514022841e-01	5.941366248514022841e-01	5.941366248514022841e-01	2.329925760423459946e-01	2.758324792499720068e-01	2.594043378309749959e-01	5.941366248514022841e-01	2.960002806936870012e-01	5.843656754077249937e-01	6.588039781024289665e-01	2.560916311626559860e-01	3.233635614054760077e-01	5.941366248514022841e-01	2.857951575408370082e-01	3.236112529684280203e-01	2.562667688785180142e-01	5.941366248514022841e-01	8.532495254711099930e-01	5.941366248514022841e-01	5.941366248514022841e-01	2.648248072783089824e-01	2.457692448830159915e-01	5.941366248514022841e-01	5.801819426406989999e-01	6.282680040628719764e-01	5.941366248514022841e-01	3.741187060063950187e-01	2.560758746403650199e-01	5.941366248514022841e-01	2.293748969335620003e-01	5.941366248514022841e-01	5.941366248514022841e-01	5.941366248514022841e-01	5.941366248514022841e-01	5.941366248514022841e-01	7.873247022144980178e-01	5.941366248514022841e-01	5.892841712836589529e-01	5.941366248514022841e-01	5.941366248514022841e-01	6.477726612192410416e-01	5.941366248514022841e-01	5.426252528275500309e-01	5.941366248514022841e-01	2.135085191880989886e-01	5.941366248514022841e-01	5.941366248514022841e-01	5.941366248514022841e-01	8.234549999323460545e-01	5.941366248514022841e-01	2.927621261313340106e-01	3.867816089318220074e-01	3.900744097162749946e-01	5.941366248514022841e-01	5.939841177083560186e-01	5.941366248514022841e-01	2.302877915621709959e-01	5.941366248514022841e-01
