1.000000000000309974e+00	7.442193542337409706e-01	4.867272886017469657e-01	4.867272886017469657e-01	5.829629340663730064e-01	6.252907828326029760e-01	4.867272886017469657e-01	4.867272886017469657e-01	4.867272886017469657e-01	4.867272886017469657e-01	4.867272886017469657e-01	4.867272886017469657e-01	6.074419298801050360e-01	5.240473824562790206e-01	1.000000000000000021e-03	4.867272886017469657e-01	4.908515817141009818e-01	5.790646251394739874e-01	4.867272886017469657e-01	5.299612684289539688e-01	5.868573644593350069e-01	4.867272886017469657e-01	5.329092573866479610e-01	5.321753751121479636e-01	4.867272886017469657e-01	4.867272886017469657e-01	5.930498875183140006e-01	5.292424888875210121e-01	2.999864645799830143e-01	4.996427256102179970e-01	4.867272886017469657e-01	5.803466625985099769e-01	6.346828400330399855e-01	6.549774271519219759e-01	4.867272886017469657e-01	6.178456240072009997e-01	4.867272886017469657e-01	6.327192562103459705e-01	4.867272886017469657e-01	5.472515834071239871e-01	4.492293906001499915e-01	4.867272886017469657e-01	4.867272886017469657e-01	4.867272886017469657e-01	4.867272886017469657e-01	4.805589073738890105e-01	4.867272886017469657e-01	4.867272886017469657e-01	5.489197063136269650e-01	5.615686217226849575e-01	4.867272886017469657e-01	4.867272886017469657e-01	4.867272886017469657e-01	4.232862175179509800e-01	5.095680629047329990e-01	6.456501501225130335e-01	4.867272886017469657e-01	4.867272886017469657e-01	5.029734505787469834e-01	4.867272886017469657e-01	5.648304013307380300e-01	5.312817754149019578e-01	4.867272886017469657e-01	4.867272886017469657e-01	4.867272886017469657e-01	4.867272886017469657e-01	5.485337562268609579e-01	4.867272886017469657e-01	4.649247237331239901e-01	3.983420754283840126e-01	4.663425732620259945e-01	4.867272886017469657e-01	5.785835217916750484e-01	6.492833463094389579e-01	4.867272886017469657e-01	3.758127799714229833e-01	4.867272886017469657e-01	4.867272886017469657e-01	5.943808885434129774e-01	4.867272886017469657e-01	4.867272886017469657e-01	4.867272886017469657e-01	4.867272886017469657e-01	5.749682970337669508e-01	4.529682109506210086e-01	4.867272886017469657e-01	4.867272886017469657e-01	6.580588559183759845e-01	8.159918135484800494e-01	4.867272886017469657e-01	5.782659508264019754e-01	4.867272886017469657e-01	4.867272886017469657e-01	4.867272886017469657e-01	4.867272886017469657e-01	6.065041186471740176e-01	4.867272886017469657e-01	4.867272886017469657e-01	5.074108687811590412e-01	4.867272886017469657e-01	6.159064010493120467e-01	4.867272886017469657e-01	4.118350683428009806e-01	3.634364036278119880e-01	4.127633564849860215e-01	4.504900087934859965e-01	6.029062306387490411e-01	4.867272886017469657e-01	4.867272886017469657e-01	4.725964635815440018e-01	4.867272886017469657e-01	4.867272886017469657e-01	5.643527259090620474e-01	6.010304139527530287e-01	6.279465248821579637e-01	4.867272886017469657e-01	8.055387664313180540e-01	8.214605469040130448e-01	4.867272886017469657e-01	4.867272886017469657e-01	4.867272886017469657e-01	6.143421904375500064e-01	6.586977308974040213e-01	4.867272886017469657e-01
7.442193542337409706e-01	1.000000000000069944e+00	4.867272886017469657e-01	4.867272886017469657e-01	4.867272886017469657e-01	5.260585428857840196e-01	4.867272886017469657e-01	4.867272886017469657e-01	5.313955431472310309e-01	5.051999875606200119e-01	4.867272886017469657e-01	4.867272886017469657e-01	5.305176235167660126e-01	4.336253089658119730e-01	1.000000000000000021e-03	5.261530397943250392e-01	4.867272886017469657e-01	4.925884383021699731e-01	4.867272886017469657e-01	4.867272886017469657e-01	4.850685112619860240e-01	4.867272886017469657e-01	4.986296578681779779e-01	4.867272886017469657e-01	4.867272886017469657e-01	5.628224264704190238e-01	5.505873792307930392e-01	4.867272886017469657e-01	3.159633708302390098e-01	4.867272886017469657e-01	4.867272886017469657e-01	5.008387157708380499e-01	4.867272886017469657e-01	5.727465244121809906e-01	3.988388807843120110e-01	4.867272886017469657e-01	4.464996515535959998e-01	4.867272886017469657e-01	3.932461225368230062e-01	5.017532641128840121e-01	4.867272886017469657e-01	4.863180825407980024e-01	4.901498051407189860e-01	4.867272886017469657e-01	5.283846987874559753e-01	4.120797845832939732e-01	4.867272886017469657e-01	4.867272886017469657e-01	5.230251446934639503e-01	5.067931314130630360e-01	5.666356728604839965e-01	4.592022299656040030e-01	4.766384953547270209e-01	3.513574234860740164e-01	4.270259116114529796e-01	4.867272886017469657e-01	3.590722746092629980e-01	4.867272886017469657e-01	4.252226750772110098e-01	4.867272886017469657e-01	4.867272886017469657e-01	4.867272886017469657e-01	4.867272886017469657e-01	4.867272886017469657e-01	4.867272886017469657e-01	4.867272886017469657e-01	4.867272886017469657e-01	4.450816209124079936e-01	4.867272886017469657e-01	3.210233445814970055e-01	4.867272886017469657e-01	4.867272886017469657e-01	5.053956188537630512e-01	4.867272886017469657e-01	4.867272886017469657e-01	4.867272886017469657e-01	5.778920556764439720e-01	5.534917235620669951e-01	4.982636116785399971e-01	4.867272886017469657e-01	5.528344789549130001e-01	4.867272886017469657e-01	3.901477304180709926e-01	4.712815014458450191e-01	3.648427749274399945e-01	4.867272886017469657e-01	4.867272886017469657e-01	4.867272886017469657e-01	4.867272886017469657e-01	4.997262353134859780e-01	5.507081110025060511e-01	4.860287400030789962e-01	4.867272886017469657e-01	3.651347001442329931e-01	3.555059641741110110e-01	4.867272886017469657e-01	4.867272886017469657e-01	4.867272886017469657e-01	4.867272886017469657e-01	4.867272886017469657e-01	4.867272886017469657e-01	4.867272886017469657e-01	3.432724951058560015e-01	4.867272886017469657e-01	3.360690953499830269e-01	4.867272886017469657e-01	5.523586644303409843e-01	4.867272886017469657e-01	4.867272886017469657e-01	4.867272886017469657e-01	5.579537795430630220e-01	4.867272886017469657e-01	4.867272886017469657e-01	5.477642229158810050e-01	5.454345108925430230e-01	4.867272886017469657e-01	4.867272886017469657e-01	4.867272886017469657e-01	6.670520405136870501e-01	5.187502111396490312e-01	4.867272886017469657e-01	4.867272886017469657e-01	4.867272886017469657e-01	5.535371849306389702e-01
4.867272886017469657e-01	4.867272886017469657e-01	1.000000000000089928e+00	4.867272886017469657e-01	4.867272886017469657e-01	6.365580432650189691e-01	4.867272886017469657e-01	4.867272886017469657e-01	4.867272886017469657e-01	4.867272886017469657e-01	5.170696485772280360e-01	4.459315228647369733e-01	5.849756679987500041e-01	5.111802161886159768e-01	4.867272886017469657e-01	4.867272886017469657e-01	4.867272886017469657e-01	4.867272886017469657e-01	5.045326600757680247e-01	4.867272886017469657e-01	4.867272886017469657e-01	4.867272886017469657e-01	5.029087328804290324e-01	4.867272886017469657e-01	4.867272886017469657e-01	4.867272886017469657e-01	5.543218069723240271e-01	5.100462447509610531e-01	4.867272886017469657e-01	5.060482004358599628e-01	4.867272886017469657e-01	4.867272886017469657e-01	6.367746156637440480e-01	6.116857608043100303e-01	4.867272886017469657e-01	5.866583220808250232e-01	5.177018364512050441e-01	4.867272886017469657e-01	4.867272886017469657e-01	4.827641203702179862e-01	4.867272886017469657e-01	4.867272886017469657e-01	4.867272886017469657e-01	4.867272886017469657e-01	4.867272886017469657e-01	4.996746462026310232e-01	4.867272886017469657e-01	5.261658327823169889e-01	4.867272886017469657e-01	4.867272886017469657e-01	4.867272886017469657e-01	4.521666405049080129e-01	4.909859475987680133e-01	4.867272886017469657e-01	4.867272886017469657e-01	6.681145296642050369e-01	3.300292249005870038e-01	3.429118403506830060e-01	4.867272886017469657e-01	3.444952776582069776e-01	4.955020198744510274e-01	4.867272886017469657e-01	6.402306465329340446e-01	4.661431635197270107e-01	4.867272886017469657e-01	5.028906326970860041e-01	4.867272886017469657e-01	4.943754243852639951e-01	4.867272886017469657e-01	4.192025747672519786e-01	4.867272886017469657e-01	4.483658415216160154e-01	4.867272886017469657e-01	6.126217402294980019e-01	4.867272886017469657e-01	3.188636802838890061e-01	6.358846895275569455e-01	5.842914905939570192e-01	5.756836366265180027e-01	5.726135965970700070e-01	4.867272886017469657e-01	4.867272886017469657e-01	4.867272886017469657e-01	4.867272886017469657e-01	4.635021352289209751e-01	4.709158511514440204e-01	5.268131676900019711e-01	4.867272886017469657e-01	4.867272886017469657e-01	4.951840118769409993e-01	5.178663267794449965e-01	4.867272886017469657e-01	4.867272886017469657e-01	4.002171680578989754e-01	4.867272886017469657e-01	4.867272886017469657e-01	4.867272886017469657e-01	3.465501305897319972e-01	4.867272886017469657e-01	4.867272886017469657e-01	6.048424081710930267e-01	4.867272886017469657e-01	4.867272886017469657e-01	3.031645763795480231e-01	4.293094615989910268e-01	4.867272886017469657e-01	5.383420204827420452e-01	5.728134865118910124e-01	4.080293252836619811e-01	4.650794547875179985e-01	4.867272886017469657e-01	5.944103581397790492e-01	4.867272886017469657e-01	5.431956042172749743e-01	4.867272886017469657e-01	7.267386281813580373e-01	4.867272886017469657e-01	4.867272886017469657e-01	4.867272886017469657e-01	5.286534108548349709e-01	6.152116125608849684e-01	6.016581081952749877e-01	4.867272886017469657e-01	5.883384065545109731e-01
4.867272886017469657e-01	4.867272886017469657e-01	4.867272886017469657e-01	9.999999999998450129e-01	5.466958632510979799e-01	5.114890128868889718e-01	5.555868137822249642e-01	4.867272886017469657e-01	5.220741479136620233e-01	4.867272886017469657e-01	4.867272886017469657e-01	4.867272886017469657e-01	5.888349881962869903e-01	4.867272886017469657e-01	1.000000000000000021e-03	4.867272886017469657e-01	4.867272886017469657e-01	4.867272886017469657e-01	4.867272886017469657e-01	5.176533384178070296e-01	5.431316168225299723e-01	4.867272886017469657e-01	5.361118537582749699e-01	4.867272886017469657e-01	5.566084955974770487e-01	5.592498298437520443e-01	4.867272886017469657e-01	4.867272886017469657e-01	4.000537837171390110e-01	4.867272886017469657e-01	4.867272886017469657e-01	4.867272886017469657e-01	5.696020599255400274e-01	6.533216826420019663e-01	4.867272886017469657e-01	4.867272886017469657e-01	5.254617732624959903e-01	4.867272886017469657e-01	4.605662025534930093e-01	4.867272886017469657e-01	4.867272886017469657e-01	5.557234756821379795e-01	5.409846619244880195e-01	4.275422339143549744e-01	4.867272886017469657e-01	4.668793340889780263e-01	4.867272886017469657e-01	4.326524133854779963e-01	4.867272886017469657e-01	5.296214936818940400e-01	4.867272886017469657e-01	5.771987510681959588e-01	5.214761800545230086e-01	4.867272886017469657e-01	4.867272886017469657e-01	5.516750280139900431e-01	4.266129142466250079e-01	4.867272886017469657e-01	4.867272886017469657e-01	3.800941677602949764e-01	6.050623288101339980e-01	4.896013652993539966e-01	4.867272886017469657e-01	4.867272886017469657e-01	4.867272886017469657e-01	4.867272886017469657e-01	4.867272886017469657e-01	5.421332645153540408e-01	5.613460493564059739e-01	4.867272886017469657e-01	4.867272886017469657e-01	4.867272886017469657e-01	5.529067299804739655e-01	6.292568258079149768e-01	6.039392695367820085e-01	4.797329927686079798e-01	5.340810451775369616e-01	5.970294411868439788e-01	5.272521743114150228e-01	5.679020105375499616e-01	5.400457270395510045e-01	4.198318259706890210e-01	4.867272886017469657e-01	4.867272886017469657e-01	4.867272886017469657e-01	3.571737397769499944e-01	5.172497930143450384e-01	6.048222215790519662e-01	4.867272886017469657e-01	4.867272886017469657e-01	4.867272886017469657e-01	4.867272886017469657e-01	4.867272886017469657e-01	3.794424069279350165e-01	4.041127456404430274e-01	5.762430704003359550e-01	4.867272886017469657e-01	4.867272886017469657e-01	5.488069894450440245e-01	4.867272886017469657e-01	4.867272886017469657e-01	4.867272886017469657e-01	3.696336392893500022e-01	4.867272886017469657e-01	3.301974494787520142e-01	4.867272886017469657e-01	5.891403323271809933e-01	5.167648567756639721e-01	4.867272886017469657e-01	4.867272886017469657e-01	5.871935866487979494e-01	5.464323156802569637e-01	4.867272886017469657e-01	5.905293722685840407e-01	5.697122277337800522e-01	4.867272886017469657e-01	4.867272886017469657e-01	5.723802752753639478e-01	4.867272886017469657e-01	4.867272886017469657e-01	4.867272886017469657e-01	5.227486502010459946e-01	4.867272886017469657e-01	4.867272886017469657e-01
5.829629340663730064e-01	4.867272886017469657e-01	4.867272886017469657e-01	5.466958632510979799e-01	9.999999999998030464e-01	4.867272886017469657e-01	4.867272886017469657e-01	5.659940643448010400e-01	4.867272886017469657e-01	4.867272886017469657e-01	6.141998288188880162e-01	4.867272886017469657e-01	4.867272886017469657e-01	4.217809808244170067e-01	4.867272886017469657e-01	4.867272886017469657e-01	4.867272886017469657e-01	4.827059209817279872e-01	4.802964265032779734e-01	4.867272886017469657e-01	4.867272886017469657e-01	4.867272886017469657e-01	4.867272886017469657e-01	5.122411194865359452e-01	4.867272886017469657e-01	6.601523095251500273e-01	4.867272886017469657e-01	4.867272886017469657e-01	4.867272886017469657e-01	4.867272886017469657e-01	5.267556517782420178e-01	4.867272886017469657e-01	4.867272886017469657e-01	4.867272886017469657e-01	3.765248455922379778e-01	5.414976702016539578e-01	4.252153910854040153e-01	5.564285922083429536e-01	3.746991636603659859e-01	4.867272886017469657e-01	4.867272886017469657e-01	5.477161912679640032e-01	4.867272886017469657e-01	4.867272886017469657e-01	4.867272886017469657e-01	4.867272886017469657e-01	3.632898079618789855e-01	3.982186709064450270e-01	5.371614514332010426e-01	4.967247223807290113e-01	4.867272886017469657e-01	4.867272886017469657e-01	4.562931717899900153e-01	3.357112260824710037e-01	4.259708975848460200e-01	4.861907038882080090e-01	3.820419220298160168e-01	4.867272886017469657e-01	4.060255302661530119e-01	4.867272886017469657e-01	4.867272886017469657e-01	4.867272886017469657e-01	4.867272886017469657e-01	4.867272886017469657e-01	3.044582695295829922e-01	5.190659795090639683e-01	4.472633275905250061e-01	4.396968080566739934e-01	4.512439130579640190e-01	2.961521820713060027e-01	4.059322639047249770e-01	4.867272886017469657e-01	4.867272886017469657e-01	4.867272886017469657e-01	5.041058322073279641e-01	4.867272886017469657e-01	4.867272886017469657e-01	4.867272886017469657e-01	4.643402352823269852e-01	5.007222177221910542e-01	4.867272886017469657e-01	3.936416102075649959e-01	4.867272886017469657e-01	4.203952990537260237e-01	4.867272886017469657e-01	3.394162999973620032e-01	4.508152666011450149e-01	5.591848240597550035e-01	6.055290950756060386e-01	4.867272886017469657e-01	4.867272886017469657e-01	4.867272886017469657e-01	3.296148452570720200e-01	4.867272886017469657e-01	3.871596752388100082e-01	4.867272886017469657e-01	5.632002028369520463e-01	3.784895560965290118e-01	4.867272886017469657e-01	4.867272886017469657e-01	4.867272886017469657e-01	3.370054331199029973e-01	3.385345513741719881e-01	4.246486381503140062e-01	4.867272886017469657e-01	3.953936918754529795e-01	4.867272886017469657e-01	4.334675577380789901e-01	4.867272886017469657e-01	4.867272886017469657e-01	4.867272886017469657e-01	4.698473409381139776e-01	4.541528457127430030e-01	4.867272886017469657e-01	4.867272886017469657e-01	4.867272886017469657e-01	4.867272886017469657e-01	4.867272886017469657e-01	5.890839700061050177e-01	5.758604385899469547e-01	4.867272886017469657e-01	6.051579066568639753e-01	5.474512311173119761e-01	5.937142484104309670e-01
6.252907828326029760e-01	5.260585428857840196e-01	6.365580432650189691e-01	5.114890128868889718e-01	4.867272886017469657e-01	1.000000000000039968e+00	5.855825695886179849e-01	4.867272886017469657e-01	4.867272886017469657e-01	4.198693809200609861e-01	4.494471863058350225e-01	4.867272886017469657e-01	5.633072283718989492e-01	4.867272886017469657e-01	4.867272886017469657e-01	4.762024422200120122e-01	4.867272886017469657e-01	4.867272886017469657e-01	4.867272886017469657e-01	4.353714853003500251e-01	4.867272886017469657e-01	4.867272886017469657e-01	4.867272886017469657e-01	4.867272886017469657e-01	4.559397976199550118e-01	5.533617586477479477e-01	5.077826498263869892e-01	4.867272886017469657e-01	2.301765920353009975e-01	4.867272886017469657e-01	4.867272886017469657e-01	4.867272886017469657e-01	4.867272886017469657e-01	6.936014735302330481e-01	4.867272886017469657e-01	5.370894792788799554e-01	4.867272886017469657e-01	5.269009892448229815e-01	4.867272886017469657e-01	4.435745304394059785e-01	4.867272886017469657e-01	4.867272886017469657e-01	4.867272886017469657e-01	4.047803635622099772e-01	5.912292193702649579e-01	4.815407835972569939e-01	4.867272886017469657e-01	4.867272886017469657e-01	4.867272886017469657e-01	4.867272886017469657e-01	4.867272886017469657e-01	4.449055501851280070e-01	4.867272886017469657e-01	3.771799576846889823e-01	4.867272886017469657e-01	6.060400523790889782e-01	4.867272886017469657e-01	3.150430841539310078e-01	4.867272886017469657e-01	4.867272886017469657e-01	4.479736929642250121e-01	4.867272886017469657e-01	5.675200352416429617e-01	4.304206054162559858e-01	3.931779303144449789e-01	4.867272886017469657e-01	5.510424718850269743e-01	4.697518312564569753e-01	4.867272886017469657e-01	4.867272886017469657e-01	3.967768541340909727e-01	4.867272886017469657e-01	4.867272886017469657e-01	4.867272886017469657e-01	5.770709787119560064e-01	4.867272886017469657e-01	4.867272886017469657e-01	4.867272886017469657e-01	4.867272886017469657e-01	5.435964666666860401e-01	5.784029231817979788e-01	3.805715997444290011e-01	3.718362310786659797e-01	4.867272886017469657e-01	4.867272886017469657e-01	4.867272886017469657e-01	4.549798360052759727e-01	4.867272886017469657e-01	6.061079228732280111e-01	4.867272886017469657e-01	4.795947188974840070e-01	5.596418784265979607e-01	4.867272886017469657e-01	3.592688619742769873e-01	3.379857431569159854e-01	4.867272886017469657e-01	4.867272886017469657e-01	4.867272886017469657e-01	4.867272886017469657e-01	4.867272886017469657e-01	5.473096266594950077e-01	4.111422022846050184e-01	4.867272886017469657e-01	2.885460600221200211e-01	3.776273742552839763e-01	4.867272886017469657e-01	4.867272886017469657e-01	4.867272886017469657e-01	4.025108469341779904e-01	4.867272886017469657e-01	4.994107295532930202e-01	5.617134935369030302e-01	5.221837426112470038e-01	5.094419164159089686e-01	5.586493467186010031e-01	6.061592410203999748e-01	6.128147017959669762e-01	6.172274275328939463e-01	6.130359685750800258e-01	4.931566671923839906e-01	4.867272886017469657e-01	5.322972170817119597e-01	4.867272886017469657e-01	5.562187407074390411e-01
4.867272886017469657e-01	4.867272886017469657e-01	4.867272886017469657e-01	5.555868137822249642e-01	4.867272886017469657e-01	5.855825695886179849e-01	1.000000000000049960e+00	4.867272886017469657e-01	7.066780844866290545e-01	4.867272886017469657e-01	5.601847259003059909e-01	4.867272886017469657e-01	4.867272886017469657e-01	4.763498061268959805e-01	1.000000000000000021e-03	4.867272886017469657e-01	4.867272886017469657e-01	5.389747755906030280e-01	4.867272886017469657e-01	5.760614641816840242e-01	4.867272886017469657e-01	3.908199173146960081e-01	4.867272886017469657e-01	4.991175318300060115e-01	5.861950723879220115e-01	6.417764591422270293e-01	4.867272886017469657e-01	6.401919801891069461e-01	4.867272886017469657e-01	4.867272886017469657e-01	4.867272886017469657e-01	4.867272886017469657e-01	5.470896082975219565e-01	6.244950026231560480e-01	4.867272886017469657e-01	5.558492986555310100e-01	4.731989420913739752e-01	4.867272886017469657e-01	4.867272886017469657e-01	5.155893523743789730e-01	4.867272886017469657e-01	6.318686906622430488e-01	5.358340787570500252e-01	4.867272886017469657e-01	5.712598558429800022e-01	4.835087385664549875e-01	4.038036241619180067e-01	4.564793465081100066e-01	4.867272886017469657e-01	5.084116559131219848e-01	5.719194858650440416e-01	4.867272886017469657e-01	4.659310734968459822e-01	3.765597437648570134e-01	4.645863529454259955e-01	4.867272886017469657e-01	4.867272886017469657e-01	3.956808274230559919e-01	4.477274194154839959e-01	3.528645436330309915e-01	5.423376471186529546e-01	4.867272886017469657e-01	6.319280658667989492e-01	4.052115063873110157e-01	4.867272886017469657e-01	5.177341289067709518e-01	4.867272886017469657e-01	4.863219397566639901e-01	4.867272886017469657e-01	3.492016578967219731e-01	4.236757404736800070e-01	4.124732862728670013e-01	4.867272886017469657e-01	5.643546092895329602e-01	5.520977396242330304e-01	4.867272886017469657e-01	4.867272886017469657e-01	5.711096169241040021e-01	5.146667812682049759e-01	5.354174488659090292e-01	4.867272886017469657e-01	4.096331292369240207e-01	3.805622419354309782e-01	4.867272886017469657e-01	4.867272886017469657e-01	4.867272886017469657e-01	4.867272886017469657e-01	4.867272886017469657e-01	4.867272886017469657e-01	4.761677470302310144e-01	5.264930407845209714e-01	5.315058672251959937e-01	3.753883186845560216e-01	4.867272886017469657e-01	4.867272886017469657e-01	5.613625982027400374e-01	5.726773323089749956e-01	3.658787415487779748e-01	4.964862219334980065e-01	5.040691847751159749e-01	4.867272886017469657e-01	3.901012276426120140e-01	4.867272886017469657e-01	3.767744057556869919e-01	4.867272886017469657e-01	4.867272886017469657e-01	5.773515217238940345e-01	4.867272886017469657e-01	4.867272886017469657e-01	4.867272886017469657e-01	5.564877854378269539e-01	5.351119334984449916e-01	4.867272886017469657e-01	4.867272886017469657e-01	4.867272886017469657e-01	4.867272886017469657e-01	6.210790215332100406e-01	4.867272886017469657e-01	6.304952239977209549e-01	4.867272886017469657e-01	6.290613699906290046e-01	6.088574441391899628e-01	5.896349040108049833e-01	4.867272886017469657e-01
4.867272886017469657e-01	4.867272886017469657e-01	4.867272886017469657e-01	4.867272886017469657e-01	5.659940643448010400e-01	4.867272886017469657e-01	4.867272886017469657e-01	9.999999999999209521e-01	4.867272886017469657e-01	4.867272886017469657e-01	4.867272886017469657e-01	4.593709486081379856e-01	5.319914057766269577e-01	4.369648553967280247e-01	4.867272886017469657e-01	4.867272886017469657e-01	4.418431870621810087e-01	5.133936208171500093e-01	4.867272886017469657e-01	5.099223907412290258e-01	4.867272886017469657e-01	4.867272886017469657e-01	4.867272886017469657e-01	4.503296800495459884e-01	4.867272886017469657e-01	5.824645787783360174e-01	4.867272886017469657e-01	6.307779631859169456e-01	2.487853114970960122e-01	4.336161368285469941e-01	4.867272886017469657e-01	4.867272886017469657e-01	4.867272886017469657e-01	5.347091154126210055e-01	3.896923803496150085e-01	5.062532402016950428e-01	4.867272886017469657e-01	4.867272886017469657e-01	4.074815523224730174e-01	4.867272886017469657e-01	4.867272886017469657e-01	6.001967565533270488e-01	5.371027109897099638e-01	4.867272886017469657e-01	4.867272886017469657e-01	4.867272886017469657e-01	4.867272886017469657e-01	4.867272886017469657e-01	4.661452790605800089e-01	4.554986979349500142e-01	5.753104084713680511e-01	4.213563280272690226e-01	4.867272886017469657e-01	4.867272886017469657e-01	4.867272886017469657e-01	4.867272886017469657e-01	4.867272886017469657e-01	3.252648026895260114e-01	4.867272886017469657e-01	2.969464148995760167e-01	4.867272886017469657e-01	4.197810905862259800e-01	5.935932354374090503e-01	4.867272886017469657e-01	3.390592308691460222e-01	4.867272886017469657e-01	4.867272886017469657e-01	4.867272886017469657e-01	3.944751742466149902e-01	4.867272886017469657e-01	3.678702438627159954e-01	4.867272886017469657e-01	4.867272886017469657e-01	5.200340337784430389e-01	4.867272886017469657e-01	4.867272886017469657e-01	5.898979383432170209e-01	5.077353521000510517e-01	4.867272886017469657e-01	4.761597518824580155e-01	4.867272886017469657e-01	4.867272886017469657e-01	3.429016080678979894e-01	4.931198424020479809e-01	3.606262385399450210e-01	3.819172892515450002e-01	4.309253119492389983e-01	5.217591078526719883e-01	5.633646825120149915e-01	4.297911624418729870e-01	4.867272886017469657e-01	4.867272886017469657e-01	3.404305277692299958e-01	4.867272886017469657e-01	3.193719667375989890e-01	5.258064506309489961e-01	5.353187018603530190e-01	3.073376443576130157e-01	4.867272886017469657e-01	4.867272886017469657e-01	4.867272886017469657e-01	4.867272886017469657e-01	4.867272886017469657e-01	4.867272886017469657e-01	4.867272886017469657e-01	3.651644862904540045e-01	4.929685498974399893e-01	4.867272886017469657e-01	4.867272886017469657e-01	3.846700810615110155e-01	4.867272886017469657e-01	4.867272886017469657e-01	4.867272886017469657e-01	4.867272886017469657e-01	4.867272886017469657e-01	5.699534098955949535e-01	4.867272886017469657e-01	4.867272886017469657e-01	5.726746753467319984e-01	5.182459420339949885e-01	5.672111577252949566e-01	4.867272886017469657e-01	4.867272886017469657e-01	4.867272886017469657e-01
4.867272886017469657e-01	5.313955431472310309e-01	4.867272886017469657e-01	5.220741479136620233e-01	4.867272886017469657e-01	4.867272886017469657e-01	7.066780844866290545e-01	4.867272886017469657e-01	1.000000000000270006e+00	4.867272886017469657e-01	4.867272886017469657e-01	4.867272886017469657e-01	4.867272886017469657e-01	4.956909260489180125e-01	4.867272886017469657e-01	5.183111779735920521e-01	5.421316273573719702e-01	5.828819371286210194e-01	4.645221083747220203e-01	4.743808763112289939e-01	4.867272886017469657e-01	4.867272886017469657e-01	4.867272886017469657e-01	4.583354739432090041e-01	4.867272886017469657e-01	4.867272886017469657e-01	4.929453149024790037e-01	4.867272886017469657e-01	2.257292734999319928e-01	4.867272886017469657e-01	5.545764361436069656e-01	4.867272886017469657e-01	5.850636309116440392e-01	5.786386809520950303e-01	4.867272886017469657e-01	5.215763098714120138e-01	4.867272886017469657e-01	5.160641098689709994e-01	4.794343827742910125e-01	4.867272886017469657e-01	4.867272886017469657e-01	5.840284068351470070e-01	4.867272886017469657e-01	4.078687324728709762e-01	5.947619303678339797e-01	5.234762105826900047e-01	4.867272886017469657e-01	4.867272886017469657e-01	4.756881215420660225e-01	4.867272886017469657e-01	6.164962765773139841e-01	4.867272886017469657e-01	4.540653897672909944e-01	4.867272886017469657e-01	4.867272886017469657e-01	4.867272886017469657e-01	3.060192105070840274e-01	4.867272886017469657e-01	4.867272886017469657e-01	3.227972438130949917e-01	4.867272886017469657e-01	4.582311745465439956e-01	5.872737660701520257e-01	4.867272886017469657e-01	4.867272886017469657e-01	4.666439737256959930e-01	5.353963063701130398e-01	4.928291565002679842e-01	4.218773945271129810e-01	4.063103268429730242e-01	4.021055019122040108e-01	4.867272886017469657e-01	4.867272886017469657e-01	4.867272886017469657e-01	4.867272886017469657e-01	4.867272886017469657e-01	5.956821230540250145e-01	4.867272886017469657e-01	4.867272886017469657e-01	5.111799577457509791e-01	4.867272886017469657e-01	4.867272886017469657e-01	3.896310968101939776e-01	4.867272886017469657e-01	4.867272886017469657e-01	4.867272886017469657e-01	4.867272886017469657e-01	5.451434049589880537e-01	5.815415905955350073e-01	4.511607295350920088e-01	4.867272886017469657e-01	4.867272886017469657e-01	4.135394833453219787e-01	4.867272886017469657e-01	3.328552686229109825e-01	5.867478559677790084e-01	4.867272886017469657e-01	4.867272886017469657e-01	4.585804710041320176e-01	4.664858570428579987e-01	4.867272886017469657e-01	4.349109969850900037e-01	4.867272886017469657e-01	2.921405571734809747e-01	4.066417400627330148e-01	3.933184287918449762e-01	4.867272886017469657e-01	5.777920017406330544e-01	4.031997132569020148e-01	4.403196536804749872e-01	5.238469216514010096e-01	6.060311489321239531e-01	4.867272886017469657e-01	4.867272886017469657e-01	5.451943527327689498e-01	4.867272886017469657e-01	4.867272886017469657e-01	5.933380673181659626e-01	4.867272886017469657e-01	5.205192644716919448e-01	4.867272886017469657e-01	5.622355631930999742e-01	5.842857797958550536e-01	4.867272886017469657e-01
4.867272886017469657e-01	5.051999875606200119e-01	4.867272886017469657e-01	4.867272886017469657e-01	4.867272886017469657e-01	4.198693809200609861e-01	4.867272886017469657e-01	4.867272886017469657e-01	4.867272886017469657e-01	1.000000000000140110e+00	6.040971342295770041e-01	5.205911458056420305e-01	4.930647174090420082e-01	4.240739390852670265e-01	1.000000000000000021e-03	4.867272886017469657e-01	4.867272886017469657e-01	4.867272886017469657e-01	4.918661604867219928e-01	4.867272886017469657e-01	4.362934041744159774e-01	4.813374470294040086e-01	4.867272886017469657e-01	5.149779199346179448e-01	5.288372909820380219e-01	4.867272886017469657e-01	4.867272886017469657e-01	5.191493339588130196e-01	4.867272886017469657e-01	4.867272886017469657e-01	4.867272886017469657e-01	4.114882690910440233e-01	4.867272886017469657e-01	4.867272886017469657e-01	3.891073957811509998e-01	4.867272886017469657e-01	4.867272886017469657e-01	4.867272886017469657e-01	4.867272886017469657e-01	4.867272886017469657e-01	4.867272886017469657e-01	4.867272886017469657e-01	4.867272886017469657e-01	4.867272886017469657e-01	4.869961742677210159e-01	3.858304457908119933e-01	3.937831068607309803e-01	4.867272886017469657e-01	4.867272886017469657e-01	4.867272886017469657e-01	5.167208330604899924e-01	4.867272886017469657e-01	5.036762814144010170e-01	4.867272886017469657e-01	4.867272886017469657e-01	4.867272886017469657e-01	4.867272886017469657e-01	4.867272886017469657e-01	4.867272886017469657e-01	4.867272886017469657e-01	4.867272886017469657e-01	4.867272886017469657e-01	4.867272886017469657e-01	4.867272886017469657e-01	4.867272886017469657e-01	5.412699738224510115e-01	4.867272886017469657e-01	4.867272886017469657e-01	4.867272886017469657e-01	4.867272886017469657e-01	4.867272886017469657e-01	4.867272886017469657e-01	4.564895724651080178e-01	4.867272886017469657e-01	4.718836323961819734e-01	4.110717777725549915e-01	4.867272886017469657e-01	5.141033662334409948e-01	5.012061901641640116e-01	4.697939506873000104e-01	4.867272886017469657e-01	4.867272886017469657e-01	4.058588410072320185e-01	4.867272886017469657e-01	3.537313158717089734e-01	4.867272886017469657e-01	4.867272886017469657e-01	5.486237308242789545e-01	4.867272886017469657e-01	4.867272886017469657e-01	5.350206819174150308e-01	4.433336168948650013e-01	3.648584381689189970e-01	3.842093501047709747e-01	3.732372087323210241e-01	4.368673992339450196e-01	4.867272886017469657e-01	4.867272886017469657e-01	4.604929329065809984e-01	4.867272886017469657e-01	5.394740833871699559e-01	4.867272886017469657e-01	4.867272886017469657e-01	4.249132660299830277e-01	4.867272886017469657e-01	4.867272886017469657e-01	5.526635223626790161e-01	4.473480435881360129e-01	4.472718562262860131e-01	4.074980613587370071e-01	4.867272886017469657e-01	4.867272886017469657e-01	4.867272886017469657e-01	4.867272886017469657e-01	4.947301772809640230e-01	4.923746952207200267e-01	5.356625931246510319e-01	5.147485482233450371e-01	5.314317695001230524e-01	4.867272886017469657e-01	5.476048972206829513e-01	4.867272886017469657e-01	5.296065209121000317e-01	5.226320905459910238e-01
4.867272886017469657e-01	4.867272886017469657e-01	5.170696485772280360e-01	4.867272886017469657e-01	6.141998288188880162e-01	4.494471863058350225e-01	5.601847259003059909e-01	4.867272886017469657e-01	4.867272886017469657e-01	6.040971342295770041e-01	9.999999999999820144e-01	5.829018035298210165e-01	5.106641236286260099e-01	4.867272886017469657e-01	1.000000000000000021e-03	5.243082355266760475e-01	4.867272886017469657e-01	4.867272886017469657e-01	4.867272886017469657e-01	4.867272886017469657e-01	4.867272886017469657e-01	4.867272886017469657e-01	5.710946470531660379e-01	4.867272886017469657e-01	5.467153452262150104e-01	6.210104497506769849e-01	4.867272886017469657e-01	4.867272886017469657e-01	4.022795187117029769e-01	3.532504882657749867e-01	4.867272886017469657e-01	4.585099000125090196e-01	4.605076159041279760e-01	5.562745536037140281e-01	4.867272886017469657e-01	4.867272886017469657e-01	4.195176313003249891e-01	4.867272886017469657e-01	3.643228302386820050e-01	5.295017209916019763e-01	3.076061413844750070e-01	5.337765631204770544e-01	4.591871773760130004e-01	4.867272886017469657e-01	4.974319120412870054e-01	4.867272886017469657e-01	3.692262936791509964e-01	3.881342276445909900e-01	4.867272886017469657e-01	5.197756003835279914e-01	5.305557654833279457e-01	4.851658834622309957e-01	4.921509737234119886e-01	3.360794293169980240e-01	4.867272886017469657e-01	4.557345889742420164e-01	4.867272886017469657e-01	4.867272886017469657e-01	4.867272886017469657e-01	4.867272886017469657e-01	5.791012884597029897e-01	4.867272886017469657e-01	4.867272886017469657e-01	4.867272886017469657e-01	3.064392138780919761e-01	5.354232760897770227e-01	4.867272886017469657e-01	4.400534169337290136e-01	4.867272886017469657e-01	2.841582492501389945e-01	4.159318362268800140e-01	3.546705343913180153e-01	4.896538052523840001e-01	4.867272886017469657e-01	4.867272886017469657e-01	4.867272886017469657e-01	4.867272886017469657e-01	5.281359241037769658e-01	4.596349313706259987e-01	4.867272886017469657e-01	4.867272886017469657e-01	4.049707268695900142e-01	4.867272886017469657e-01	4.867272886017469657e-01	4.867272886017469657e-01	3.167087399797759995e-01	4.867272886017469657e-01	4.867272886017469657e-01	4.867272886017469657e-01	4.999063658529609988e-01	5.485451154094710402e-01	4.867272886017469657e-01	3.253079551618350274e-01	3.594518324353109806e-01	3.926157046455330257e-01	4.867272886017469657e-01	5.462810232605800342e-01	3.989011597128049869e-01	4.867272886017469657e-01	4.867272886017469657e-01	6.125403799279179884e-01	4.867272886017469657e-01	4.867272886017469657e-01	4.867272886017469657e-01	4.867272886017469657e-01	4.867272886017469657e-01	4.867272886017469657e-01	4.867272886017469657e-01	4.529110594562790193e-01	3.845949771668180084e-01	4.867272886017469657e-01	4.500862427084399986e-01	4.867272886017469657e-01	5.460410617667730282e-01	4.867272886017469657e-01	4.867272886017469657e-01	5.688328415676819905e-01	5.598451796117549506e-01	4.867272886017469657e-01	4.867272886017469657e-01	5.994896886393129565e-01	4.867272886017469657e-01	5.393693826814399683e-01	5.597345426040120087e-01
4.867272886017469657e-01	4.867272886017469657e-01	4.459315228647369733e-01	4.867272886017469657e-01	4.867272886017469657e-01	4.867272886017469657e-01	4.867272886017469657e-01	4.593709486081379856e-01	4.867272886017469657e-01	5.205911458056420305e-01	5.829018035298210165e-01	1.000000000000089928e+00	4.867272886017469657e-01	4.867272886017469657e-01	4.867272886017469657e-01	4.410068239695220105e-01	4.867272886017469657e-01	4.867272886017469657e-01	4.415767097823600218e-01	5.564930364263569462e-01	4.867272886017469657e-01	4.867272886017469657e-01	5.402995678716350225e-01	4.867272886017469657e-01	4.799116859455719863e-01	5.354111111484249896e-01	4.867272886017469657e-01	4.867272886017469657e-01	4.867272886017469657e-01	4.867272886017469657e-01	4.391429832988730242e-01	4.208622302845480001e-01	3.993513762591759941e-01	4.867272886017469657e-01	4.867272886017469657e-01	4.707565192882759986e-01	3.829569074075460100e-01	5.388030482857479875e-01	3.300963436857859978e-01	4.867272886017469657e-01	4.867272886017469657e-01	4.867272886017469657e-01	4.867272886017469657e-01	4.867272886017469657e-01	4.360945137025210028e-01	4.867272886017469657e-01	4.867272886017469657e-01	4.867272886017469657e-01	4.714238651345459830e-01	5.204219624884249829e-01	4.841707105139609890e-01	4.621345856698260146e-01	4.867272886017469657e-01	4.867272886017469657e-01	4.867272886017469657e-01	3.966785278694350270e-01	4.001508003050530116e-01	4.867272886017469657e-01	4.867272886017469657e-01	4.867272886017469657e-01	4.867272886017469657e-01	4.867272886017469657e-01	4.867272886017469657e-01	4.867272886017469657e-01	4.867272886017469657e-01	4.867272886017469657e-01	3.715371989452370127e-01	3.861322141266809727e-01	4.159905890783510141e-01	2.525451693909500084e-01	3.884126587143619802e-01	4.867272886017469657e-01	4.597487492485070049e-01	4.867272886017469657e-01	4.385441962242129788e-01	4.867272886017469657e-01	4.867272886017469657e-01	4.947446438373029887e-01	4.867272886017469657e-01	4.867272886017469657e-01	4.867272886017469657e-01	4.867272886017469657e-01	3.214316661451310231e-01	3.449685389614239872e-01	4.867272886017469657e-01	2.847869506745410173e-01	4.177812849764779846e-01	4.867272886017469657e-01	5.339167199059009494e-01	4.481043289384110118e-01	4.867272886017469657e-01	4.867272886017469657e-01	2.850625058813640034e-01	3.333953275688020246e-01	4.867272886017469657e-01	4.078446181634540202e-01	4.763448916328250071e-01	3.894199649266890106e-01	4.349015891344409912e-01	4.867272886017469657e-01	4.894514809997400073e-01	4.867272886017469657e-01	4.867272886017469657e-01	4.867272886017469657e-01	4.867272886017469657e-01	4.867272886017469657e-01	5.267065646531710055e-01	4.867272886017469657e-01	4.867272886017469657e-01	4.867272886017469657e-01	4.991715518919410122e-01	3.774953542601969803e-01	4.867272886017469657e-01	4.867272886017469657e-01	4.931173725692860055e-01	5.051981135258929445e-01	4.867272886017469657e-01	4.867272886017469657e-01	5.110531856681369556e-01	5.577662371020869481e-01	4.867272886017469657e-01	4.867272886017469657e-01	4.867272886017469657e-01	5.948784813966829788e-01
