9.999999999999990008e-01	6.118853664883635579e-01	7.895462857711329496e-01	6.118853664883635579e-01	6.607424284922910340e-01	6.355278446733769737e-01	6.118853664883635579e-01	6.905330336750610254e-01	6.118853664883635579e-01	7.031816301614499665e-01	6.118853664883635579e-01	6.544469317482169979e-01	6.118853664883635579e-01	5.766285798968320275e-01	6.565815042416049963e-01	6.644622778118020046e-01	5.890774964930149959e-01	5.758061610650110351e-01	6.324159895618669536e-01	6.118853664883635579e-01	5.993887725951589918e-01	6.118853664883635579e-01	6.118853664883635579e-01	6.118853664883635579e-01	6.118853664883635579e-01	6.118853664883635579e-01	6.524644691851370082e-01	6.118853664883635579e-01	6.432065423159609718e-01	6.602418511866300355e-01	6.571485817538550434e-01	6.118853664883635579e-01	6.320574413341130127e-01	6.118853664883635579e-01	6.341198256337160499e-01	6.118853664883635579e-01	6.683489911611769640e-01	6.620620263914670511e-01	6.644782342023130006e-01	6.118853664883635579e-01	6.118853664883635579e-01	6.118853664883635579e-01	6.450037402238140150e-01	6.118853664883635579e-01	5.926399054981430492e-01	6.216954336661649760e-01	6.118853664883635579e-01	6.341864882795690272e-01	6.118853664883635579e-01	6.118853664883635579e-01	6.936272752603089842e-01	6.092986149001190510e-01	5.895616297075989554e-01	5.953389770916920343e-01	6.354117942144930087e-01	6.023470276546110114e-01	6.418452372755939495e-01	6.136786149479289687e-01	6.118853664883635579e-01	6.215697737075179807e-01	6.318004651604629540e-01	6.118853664883635579e-01	6.118853664883635579e-01	6.118853664883635579e-01	5.885612687698480450e-01	6.118853664883635579e-01	6.118853664883635579e-01	6.118853664883635579e-01	6.118853664883635579e-01	6.202001595751770457e-01	6.118853664883635579e-01	6.628880818916650375e-01	6.341481054726330058e-01	6.118853664883635579e-01	5.837507511567879837e-01	6.118853664883635579e-01	6.118853664883635579e-01	5.722266477096999981e-01	6.112400682926989459e-01	6.252806305596190217e-01	6.118853664883635579e-01	6.118853664883635579e-01	6.319232977805849805e-01	6.118853664883635579e-01	6.118853664883635579e-01	6.072527784137869977e-01	6.118853664883635579e-01	6.165544955255559678e-01	8.012516906098130498e-01	6.283862647563149828e-01	6.611614207348860406e-01	5.768997516423509664e-01	5.623747321122100074e-01	6.118853664883635579e-01	6.118853664883635579e-01	6.118853664883635579e-01	6.118853664883635579e-01	6.021810689725659582e-01	5.930230037943430288e-01	6.164361288471470468e-01	6.118853664883635579e-01	5.951654332784700463e-01	5.948389494728419935e-01	6.118853664883635579e-01	6.118853664883635579e-01	5.955194292372270048e-01	6.118853664883635579e-01	6.118853664883635579e-01	6.118853664883635579e-01	6.118853664883635579e-01	6.118853664883635579e-01	6.827846220362979723e-01	6.309416088222450369e-01	6.118853664883635579e-01	6.118853664883635579e-01	7.869864924003789897e-01	7.670062866182949524e-01	7.716146555834809684e-01	6.118853664883635579e-01	6.118853664883635579e-01	6.118853664883635579e-01	6.787980909878550406e-01	7.158938574817830247e-01	7.016429651949860347e-01
6.118853664883635579e-01	1.000000000000000000e+00	6.118853664883635579e-01	5.989637868989720060e-01	6.118853664883635579e-01	6.453817402049619734e-01	6.362710493288780134e-01	6.118853664883635579e-01	6.668110813916700019e-01	6.724818550616019630e-01	6.118853664883635579e-01	6.118853664883635579e-01	6.309162633953160348e-01	5.889317396396870352e-01	6.324539883299959975e-01	6.344192510480489711e-01	5.906224337548620085e-01	5.619385483367850265e-01	6.118853664883635579e-01	6.501938417438539730e-01	5.984668120526429602e-01	6.118853664883635579e-01	6.118853664883635579e-01	6.118853664883635579e-01	6.118853664883635579e-01	6.118853664883635579e-01	6.118853664883635579e-01	6.559152555304990084e-01	6.118853664883635579e-01	6.465755411914589912e-01	6.267705958088369833e-01	6.118853664883635579e-01	5.933827224531129652e-01	6.118853664883635579e-01	6.118853664883635579e-01	6.118853664883635579e-01	6.436399014687179676e-01	6.118853664883635579e-01	6.118853664883635579e-01	5.806135647978519776e-01	6.118853664883635579e-01	6.118853664883635579e-01	6.118853664883635579e-01	6.118853664883635579e-01	5.629490920018059841e-01	6.111041132604999593e-01	6.118853664883635579e-01	6.239919623203999954e-01	6.118853664883635579e-01	6.338029408932890352e-01	6.118853664883635579e-01	6.099190335051389855e-01	6.118853664883635579e-01	6.118853664883635579e-01	6.242838970171470381e-01	5.981534794554910217e-01	6.118853664883635579e-01	5.909187769479450347e-01	6.118853664883635579e-01	6.118853664883635579e-01	6.118853664883635579e-01	6.158318544064730338e-01	6.575488315131600148e-01	6.118853664883635579e-01	6.118853664883635579e-01	6.365900511729020161e-01	6.080139647542629477e-01	6.118853664883635579e-01	5.860959782103190019e-01	6.159357304561230428e-01	6.118853664883635579e-01	6.479048900015730306e-01	6.192430705623109821e-01	6.315112048958649860e-01	5.809208787274350305e-01	6.069021231364110092e-01	6.118853664883635579e-01	6.118853664883635579e-01	6.049665271019220025e-01	6.118853664883635579e-01	6.392272692972710280e-01	6.118853664883635579e-01	6.062869356618639793e-01	6.764802940290649547e-01	6.190862709138800213e-01	6.195509563777550355e-01	6.118853664883635579e-01	6.116131833732320056e-01	7.765262468257180251e-01	6.118853664883635579e-01	6.118853664883635579e-01	6.118853664883635579e-01	6.118853664883635579e-01	5.754838665137570475e-01	6.118853664883635579e-01	5.736688313462779965e-01	6.251781986308639905e-01	6.118853664883635579e-01	6.118853664883635579e-01	6.118853664883635579e-01	6.118853664883635579e-01	6.057178839428749573e-01	5.963016067934420184e-01	5.680673489466450121e-01	6.118853664883635579e-01	5.981868702708730279e-01	6.118853664883635579e-01	5.887449772090960209e-01	5.941555919178740375e-01	5.900981476769360246e-01	6.118853664883635579e-01	6.613633900472339899e-01	6.118853664883635579e-01	6.413508930454310253e-01	6.118853664883635579e-01	6.118853664883635579e-01	7.164387184138270026e-01	7.710781023354179586e-01	6.118853664883635579e-01	6.522578172424829956e-01	5.886357203703159735e-01	6.118853664883635579e-01	6.118853664883635579e-01	6.736450431769229752e-01
7.895462857711329496e-01	6.118853664883635579e-01	1.000000000000000000e+00	5.797537473406939590e-01	6.118853664883635579e-01	6.118853664883635579e-01	6.338301515106260497e-01	6.615508430281099583e-01	6.631960964328620367e-01	6.118853664883635579e-01	6.405974287769210518e-01	6.118853664883635579e-01	6.429353701689409784e-01	5.688457648849150061e-01	6.222808045674610433e-01	6.118853664883635579e-01	5.987212172551249489e-01	6.118853664883635579e-01	6.205852608181420260e-01	6.118853664883635579e-01	6.118853664883635579e-01	6.118853664883635579e-01	6.490228494402190407e-01	6.118853664883635579e-01	6.476310213444870234e-01	6.407984458352380397e-01	6.298063540985260333e-01	6.118853664883635579e-01	6.118853664883635579e-01	6.335751749867419846e-01	6.267059589113860296e-01	6.118853664883635579e-01	6.118853664883635579e-01	6.118853664883635579e-01	6.225634304718420386e-01	6.193572131201989794e-01	6.118853664883635579e-01	6.384643222845659549e-01	6.118853664883635579e-01	6.271869293235580178e-01	6.426594792333319983e-01	5.881274149745829849e-01	6.353918412046539732e-01	6.125601966972430423e-01	5.860305750365339961e-01	6.065578594086840081e-01	6.121890852607250189e-01	6.118853664883635579e-01	6.636815909515380030e-01	6.544502676886509995e-01	6.118853664883635579e-01	6.171215883541809610e-01	6.118853664883635579e-01	6.118853664883635579e-01	6.123220298339600021e-01	6.118853664883635579e-01	6.118853664883635579e-01	6.118853664883635579e-01	6.063886929098070144e-01	6.118441696762170201e-01	6.118853664883635579e-01	6.118853664883635579e-01	6.641919094252020095e-01	6.118853664883635579e-01	5.856653528590880509e-01	6.118853664883635579e-01	6.118853664883635579e-01	6.118853664883635579e-01	6.006247942686629981e-01	6.118853664883635579e-01	5.954611812100699675e-01	6.315459116420220065e-01	6.118853664883635579e-01	6.118853664883635579e-01	6.118853664883635579e-01	5.979218519045450542e-01	6.759393095291820197e-01	5.850249910297049549e-01	6.118853664883635579e-01	6.118853664883635579e-01	6.092012312537510299e-01	6.118853664883635579e-01	6.051222371838890224e-01	6.453408226757350041e-01	5.961292874636929806e-01	6.118853664883635579e-01	6.438113468206999590e-01	6.118853664883635579e-01	7.559471187309529938e-01	6.118853664883635579e-01	6.592258260850869522e-01	6.118853664883635579e-01	6.118853664883635579e-01	6.118853664883635579e-01	5.349259465906890387e-01	5.772933078563480258e-01	6.118853664883635579e-01	6.118853664883635579e-01	6.118853664883635579e-01	6.118853664883635579e-01	6.118853664883635579e-01	6.118853664883635579e-01	6.118853664883635579e-01	6.118853664883635579e-01	5.839092393267559800e-01	6.118853664883635579e-01	6.118853664883635579e-01	6.118853664883635579e-01	6.136691241648859485e-01	5.814092163222970289e-01	6.471492142296250139e-01	6.584838108112179844e-01	6.118853664883635579e-01	6.118853664883635579e-01	6.118853664883635579e-01	6.118853664883635579e-01	7.260557713846820249e-01	6.118853664883635579e-01	7.341342060712550133e-01	6.118853664883635579e-01	6.118853664883635579e-01	6.118853664883635579e-01	6.698850979506190129e-01	6.118853664883635579e-01
6.118853664883635579e-01	5.989637868989720060e-01	5.797537473406939590e-01	9.999999999999980016e-01	5.638978745282430260e-01	5.520655684949540287e-01	5.502305638078229810e-01	6.118853664883635579e-01	5.710423646378729456e-01	5.761942062522870112e-01	6.118853664883635579e-01	6.118853664883635579e-01	6.118853664883635579e-01	6.118853664883635579e-01	6.327096254781140461e-01	6.118853664883635579e-01	6.070033043284079888e-01	6.118853664883635579e-01	6.503586808172200362e-01	5.642747912165819724e-01	6.385002646506180435e-01	6.264827512072800308e-01	5.828779153079000075e-01	6.118853664883635579e-01	6.118853664883635579e-01	6.118853664883635579e-01	5.810004523703330426e-01	5.861624048058049485e-01	6.118853664883635579e-01	6.326209156729190042e-01	6.213223100453899583e-01	5.538340015434629615e-01	6.118853664883635579e-01	6.312293360731670022e-01	6.118853664883635579e-01	6.106481807758410429e-01	6.118853664883635579e-01	5.728937247420829992e-01	6.118853664883635579e-01	6.118853664883635579e-01	5.780284477013819533e-01	5.420485424589940315e-01	6.118853664883635579e-01	5.950916896929829836e-01	5.919461372346319639e-01	5.837882837730530294e-01	5.581939462348930459e-01	6.118853664883635579e-01	6.118853664883635579e-01	5.870122209266179780e-01	5.441034163131249768e-01	6.104923156434439724e-01	6.118853664883635579e-01	6.118853664883635579e-01	5.641467794111030276e-01	6.118853664883635579e-01	6.045317708448240124e-01	6.118853664883635579e-01	5.793968038315320257e-01	5.523548081064679760e-01	5.885179218231390008e-01	6.118853664883635579e-01	6.118853664883635579e-01	6.118853664883635579e-01	5.446201463196389536e-01	6.118853664883635579e-01	6.118853664883635579e-01	6.214247506334650284e-01	6.118853664883635579e-01	6.118853664883635579e-01	5.753632337675480546e-01	6.118853664883635579e-01	5.586720247189730371e-01	6.118853664883635579e-01	6.118853664883635579e-01	6.283863324613160328e-01	6.118853664883635579e-01	6.019476576591109573e-01	5.831949008276440249e-01	5.758001368818329579e-01	6.118853664883635579e-01	5.149806414110179587e-01	6.118853664883635579e-01	6.118853664883635579e-01	6.118853664883635579e-01	6.118853664883635579e-01	6.118853664883635579e-01	5.812197195096310276e-01	6.118853664883635579e-01	6.118853664883635579e-01	6.139939636441960058e-01	6.118853664883635579e-01	6.118853664883635579e-01	5.799607341284059858e-01	5.167364827553290185e-01	5.816727443827669486e-01	6.118853664883635579e-01	6.118853664883635579e-01	6.118853664883635579e-01	6.118853664883635579e-01	5.353937746203260017e-01	5.609374842040779630e-01	6.118853664883635579e-01	6.118853664883635579e-01	6.118853664883635579e-01	5.657657943309659654e-01	5.695957138153739940e-01	6.118853664883635579e-01	6.340919983822049799e-01	6.118853664883635579e-01	6.002343857364289548e-01	6.426626496773949482e-01	6.118853664883635579e-01	6.118853664883635579e-01	5.898175173254720516e-01	6.118853664883635579e-01	6.082407516871249920e-01	5.963525882947450230e-01	6.131387835717470036e-01	6.118853664883635579e-01	6.118853664883635579e-01	6.118853664883635579e-01	5.774620822554099586e-01	5.956495938706439786e-01
6.607424284922910340e-01	6.118853664883635579e-01	6.118853664883635579e-01	5.638978745282430260e-01	9.999999999999980016e-01	6.118853664883635579e-01	7.428006747392289499e-01	6.959923819904769715e-01	6.118853664883635579e-01	6.118853664883635579e-01	6.118853664883635579e-01	6.118853664883635579e-01	6.118853664883635579e-01	6.001520826156120370e-01	6.105001896486079715e-01	6.118221838916969579e-01	6.118853664883635579e-01	5.374340904806439445e-01	6.118853664883635579e-01	6.118853664883635579e-01	6.118853664883635579e-01	5.970012497972190246e-01	6.118853664883635579e-01	5.814542029238839449e-01	6.721265939363809672e-01	7.236161194253110107e-01	6.118853664883635579e-01	6.118853664883635579e-01	5.704152994100789575e-01	6.054578127259100384e-01	5.896806002055390294e-01	5.735309851062460051e-01	6.118853664883635579e-01	6.118853664883635579e-01	5.882674914553850387e-01	5.406807707999979895e-01	6.118853664883635579e-01	6.118853664883635579e-01	6.118853664883635579e-01	5.470456658795349592e-01	6.118853664883635579e-01	6.118853664883635579e-01	6.688339973285729601e-01	6.317583278081110310e-01	6.118853664883635579e-01	6.340928819219610046e-01	5.637902319906670234e-01	6.118853664883635579e-01	6.097962638725069606e-01	6.118853664883635579e-01	6.118853664883635579e-01	5.977155346007200221e-01	5.824566793531780196e-01	6.091912331502959965e-01	6.118853664883635579e-01	6.118853664883635579e-01	6.118853664883635579e-01	5.562666850843279720e-01	6.118853664883635579e-01	5.764114136519490339e-01	6.150256705583639905e-01	6.118853664883635579e-01	6.572029975185019746e-01	6.185629690614230514e-01	6.118853664883635579e-01	6.118853664883635579e-01	5.656817737163299942e-01	6.118853664883635579e-01	6.118853664883635579e-01	6.118853664883635579e-01	6.220580730866009933e-01	6.369260726780869852e-01	5.867167223319480485e-01	6.118853664883635579e-01	5.834791541774569934e-01	6.465368431159099760e-01	6.118853664883635579e-01	5.873996639681170473e-01	6.299138851037170417e-01	5.745407317414600312e-01	6.118853664883635579e-01	6.001925464834230173e-01	6.118853664883635579e-01	6.349808912064099919e-01	6.118853664883635579e-01	6.118853664883635579e-01	6.118853664883635579e-01	6.118853664883635579e-01	6.118853664883635579e-01	5.930109643584240420e-01	6.118853664883635579e-01	6.042122850545189605e-01	6.118853664883635579e-01	6.118853664883635579e-01	6.118853664883635579e-01	6.118853664883635579e-01	6.118853664883635579e-01	6.118853664883635579e-01	6.118853664883635579e-01	6.615481556849890366e-01	6.766289621627109563e-01	6.317174724325580470e-01	6.111391968010919662e-01	6.118853664883635579e-01	6.409796514939599676e-01	5.978822477285929970e-01	6.118853664883635579e-01	5.670678767476490245e-01	6.118853664883635579e-01	6.118853664883635579e-01	6.118853664883635579e-01	6.076111183449439679e-01	6.118853664883635579e-01	6.063816967777120315e-01	6.064686576158799802e-01	6.118853664883635579e-01	6.118853664883635579e-01	6.118853664883635579e-01	6.660916866233660416e-01	6.118853664883635579e-01	6.118853664883635579e-01	6.677589918300349536e-01	6.172647836856499648e-01	6.658080254523149888e-01
6.355278446733769737e-01	6.453817402049619734e-01	6.118853664883635579e-01	5.520655684949540287e-01	6.118853664883635579e-01	9.999999999999980016e-01	6.369307263196349878e-01	6.118853664883635579e-01	6.078623185606569779e-01	5.935092115941520419e-01	6.118853664883635579e-01	6.809653181404380362e-01	6.118853664883635579e-01	6.118853664883635579e-01	5.860095452832190244e-01	6.118853664883635579e-01	6.176849720157010504e-01	6.118853664883635579e-01	6.118853664883635579e-01	6.118853664883635579e-01	6.129350907179940133e-01	5.707074913929669480e-01	6.118853664883635579e-01	5.816129263207260314e-01	5.915642139707160130e-01	6.118853664883635579e-01	6.118853664883635579e-01	6.118853664883635579e-01	6.118853664883635579e-01	5.904982485779850521e-01	6.118853664883635579e-01	5.621746275114229974e-01	6.118853664883635579e-01	6.552065471150909648e-01	5.813074259077519734e-01	5.586161261581820137e-01	6.118853664883635579e-01	6.118853664883635579e-01	6.118853664883635579e-01	6.118853664883635579e-01	6.118853664883635579e-01	6.118853664883635579e-01	6.395627866962659835e-01	6.118853664883635579e-01	6.118853664883635579e-01	5.776585096024280386e-01	6.118853664883635579e-01	5.989616880640340479e-01	6.308132669354959976e-01	6.118853664883635579e-01	6.118853664883635579e-01	6.719050639491279675e-01	5.777781468483650373e-01	6.118853664883635579e-01	6.193694136929369654e-01	6.118853664883635579e-01	6.118853664883635579e-01	6.118853664883635579e-01	6.118853664883635579e-01	5.602013283498089580e-01	6.300579457793860083e-01	5.666954211184900281e-01	5.827528282547059790e-01	6.118853664883635579e-01	5.346566783585290361e-01	6.504958945507069989e-01	5.473538052165209944e-01	6.234116602554670150e-01	5.867351550441299857e-01	6.219842321798260132e-01	6.135803739828730174e-01	6.118853664883635579e-01	6.118853664883635579e-01	6.118853664883635579e-01	6.118853664883635579e-01	6.118853664883635579e-01	6.118853664883635579e-01	6.259004606140560201e-01	6.118853664883635579e-01	5.666924091214650128e-01	6.118853664883635579e-01	6.118853664883635579e-01	6.118853664883635579e-01	6.118853664883635579e-01	5.368457538236329762e-01	6.118853664883635579e-01	6.532887324237139914e-01	6.680345267597019854e-01	6.118853664883635579e-01	6.269483957563449783e-01	6.118853664883635579e-01	6.118853664883635579e-01	6.118853664883635579e-01	5.207014515538339605e-01	5.938288523065780034e-01	6.118853664883635579e-01	6.118853664883635579e-01	6.118853664883635579e-01	6.118853664883635579e-01	6.843053206851940073e-01	6.428988155526289550e-01	6.299645006766090294e-01	6.006273013432209540e-01	6.118853664883635579e-01	6.337100899941769949e-01	6.118853664883635579e-01	6.118853664883635579e-01	6.118853664883635579e-01	6.118853664883635579e-01	6.118853664883635579e-01	6.118853664883635579e-01	6.118853664883635579e-01	6.118853664883635579e-01	6.118853664883635579e-01	6.118853664883635579e-01	6.334369440780339700e-01	6.074408208448079938e-01	6.557323979709489548e-01	6.118853664883635579e-01	6.118853664883635579e-01	6.606667648269299864e-01	6.118853664883635579e-01	6.118853664883635579e-01	6.118853664883635579e-01
6.118853664883635579e-01	6.362710493288780134e-01	6.338301515106260497e-01	5.502305638078229810e-01	7.428006747392289499e-01	6.369307263196349878e-01	9.999999999999990008e-01	6.118853664883635579e-01	6.118853664883635579e-01	6.465267613337200014e-01	6.118853664883635579e-01	7.083089120821139950e-01	6.118853664883635579e-01	6.118853664883635579e-01	6.118853664883635579e-01	6.118853664883635579e-01	6.118853664883635579e-01	6.118853664883635579e-01	6.118853664883635579e-01	7.039107333011780376e-01	6.118853664883635579e-01	5.799992985890309871e-01	6.118853664883635579e-01	6.118853664883635579e-01	6.118853664883635579e-01	7.147788507659720292e-01	6.118853664883635579e-01	6.380834195135759446e-01	6.118853664883635579e-01	6.118853664883635579e-01	5.884682169641539673e-01	5.534105444232120252e-01	6.118853664883635579e-01	6.026569102483190221e-01	5.795897783554629923e-01	5.258593856209829998e-01	5.698449547220629796e-01	5.615539569952390231e-01	6.118853664883635579e-01	6.118853664883635579e-01	6.118853664883635579e-01	7.126259211565949547e-01	6.574206668104829454e-01	6.118853664883635579e-01	6.118853664883635579e-01	6.298030263442320198e-01	5.573658494369440053e-01	6.259397172838030432e-01	6.118853664883635579e-01	6.118853664883635579e-01	6.118853664883635579e-01	6.118853664883635579e-01	5.696483606269090449e-01	6.118853664883635579e-01	6.118853664883635579e-01	6.118853664883635579e-01	6.287991688550129687e-01	6.118853664883635579e-01	6.118853664883635579e-01	6.118853664883635579e-01	6.254453732958940027e-01	6.118853664883635579e-01	6.118853664883635579e-01	6.118853664883635579e-01	6.118853664883635579e-01	6.414044313194720015e-01	5.639999203815959650e-01	6.177329641059360332e-01	6.118853664883635579e-01	6.297054878055919902e-01	6.118853664883635579e-01	6.084769640224280129e-01	6.118853664883635579e-01	5.991602024533360105e-01	6.118853664883635579e-01	6.118853664883635579e-01	6.118853664883635579e-01	6.118853664883635579e-01	6.410161860700249736e-01	6.118853664883635579e-01	7.098364957935979769e-01	6.118853664883635579e-01	6.118853664883635579e-01	6.062644541794039998e-01	5.558358394387400425e-01	6.235375395643899532e-01	6.118853664883635579e-01	6.118853664883635579e-01	6.118853664883635579e-01	6.118853664883635579e-01	6.118853664883635579e-01	6.061416785893090076e-01	6.118853664883635579e-01	6.118853664883635579e-01	5.821883988391319820e-01	6.118853664883635579e-01	6.118853664883635579e-01	5.952375391536059990e-01	6.118853664883635579e-01	6.118853664883635579e-01	6.118853664883635579e-01	6.220131763028680094e-01	6.118853664883635579e-01	6.118853664883635579e-01	6.183590397328080357e-01	5.949691308400130163e-01	6.118853664883635579e-01	6.118853664883635579e-01	5.553120798922329682e-01	5.442852726501570260e-01	5.668652927984400014e-01	5.966818370930510040e-01	6.118853664883635579e-01	6.118853664883635579e-01	6.122968850947480002e-01	6.600098174046059585e-01	6.023430303535990404e-01	6.118853664883635579e-01	6.118853664883635579e-01	6.118853664883635579e-01	6.118853664883635579e-01	6.118853664883635579e-01	6.118853664883635579e-01	6.118853664883635579e-01
6.905330336750610254e-01	6.118853664883635579e-01	6.615508430281099583e-01	6.118853664883635579e-01	6.959923819904769715e-01	6.118853664883635579e-01	6.118853664883635579e-01	1.000000000000000000e+00	7.517692852747409615e-01	7.081228364956330124e-01	6.118853664883635579e-01	6.118853664883635579e-01	6.159144918019180404e-01	6.118853664883635579e-01	6.118853664883635579e-01	6.118853664883635579e-01	6.118853664883635579e-01	5.414194731346050338e-01	6.118853664883635579e-01	6.566450832966299611e-01	5.671468306632210243e-01	6.140475245880050448e-01	6.118853664883635579e-01	6.118853664883635579e-01	7.160260927629700234e-01	6.586732409179100189e-01	6.118853664883635579e-01	6.118853664883635579e-01	5.909877217048560283e-01	6.118853664883635579e-01	6.118853664883635579e-01	5.637385132391899978e-01	5.817040415844659806e-01	6.118853664883635579e-01	5.984193117365189662e-01	6.118853664883635579e-01	6.118853664883635579e-01	6.203365742062829646e-01	6.118853664883635579e-01	5.634396419487229801e-01	6.118853664883635579e-01	6.118853664883635579e-01	6.118853664883635579e-01	6.118853664883635579e-01	6.118853664883635579e-01	6.118853664883635579e-01	6.118853664883635579e-01	6.038871134505640059e-01	6.127281964482309551e-01	6.118853664883635579e-01	6.118853664883635579e-01	6.118853664883635579e-01	5.465823685776840524e-01	6.118853664883635579e-01	6.107833513059880426e-01	5.804435374338320353e-01	6.118853664883635579e-01	5.720803735598589679e-01	5.791863727436009635e-01	5.854251108577329665e-01	6.118853664883635579e-01	6.118853664883635579e-01	6.118853664883635579e-01	5.902264380794469689e-01	5.575497052350409932e-01	6.187361507334979693e-01	6.290223683014990463e-01	6.080236101313679642e-01	6.118853664883635579e-01	6.118853664883635579e-01	5.738536084029109974e-01	6.118853664883635579e-01	5.899701633860180428e-01	6.118853664883635579e-01	6.118853664883635579e-01	6.118853664883635579e-01	6.118853664883635579e-01	5.662031832979700363e-01	5.962327681846020244e-01	6.118853664883635579e-01	6.602154584416209948e-01	6.033144096093620012e-01	5.800569433376929762e-01	6.689026735013019476e-01	6.118853664883635579e-01	6.118853664883635579e-01	6.127424848932190304e-01	5.888497150683039694e-01	7.016431154510039958e-01	5.837307128556930014e-01	6.118853664883635579e-01	6.118853664883635579e-01	6.118853664883635579e-01	6.118853664883635579e-01	6.118853664883635579e-01	6.118853664883635579e-01	5.899921800606050537e-01	6.118853664883635579e-01	6.118853664883635579e-01	6.118853664883635579e-01	6.093935112064470250e-01	5.648940668326200010e-01	6.118853664883635579e-01	6.118853664883635579e-01	5.810254815411639573e-01	6.118853664883635579e-01	5.875547492921999737e-01	5.829664498325429767e-01	5.937294044626110212e-01	5.818872846639889795e-01	6.118853664883635579e-01	6.118853664883635579e-01	6.118853664883635579e-01	5.964393869524250436e-01	6.118853664883635579e-01	6.716681564129439730e-01	6.384779671824359903e-01	6.620327244124110111e-01	6.118853664883635579e-01	6.664637637912199652e-01	6.118853664883635579e-01	6.566291145032699950e-01	6.617647922176800312e-01	6.118853664883635579e-01
6.118853664883635579e-01	6.668110813916700019e-01	6.631960964328620367e-01	5.710423646378729456e-01	6.118853664883635579e-01	6.078623185606569779e-01	6.118853664883635579e-01	7.517692852747409615e-01	1.000000000000000000e+00	6.946813989667539602e-01	6.118853664883635579e-01	6.118853664883635579e-01	6.118853664883635579e-01	5.371305521305239639e-01	6.620467572475170481e-01	6.118853664883635579e-01	6.118853664883635579e-01	6.118853664883635579e-01	5.883853097585209913e-01	6.118853664883635579e-01	5.777022692305180396e-01	6.140991017420680542e-01	6.118853664883635579e-01	6.118853664883635579e-01	7.172664767555819720e-01	6.118853664883635579e-01	6.118853664883635579e-01	6.118853664883635579e-01	5.977247267720979806e-01	6.439130423844290352e-01	6.118853664883635579e-01	5.645829367482959604e-01	5.963055663688839880e-01	6.118853664883635579e-01	6.084483128378059824e-01	5.805240033567929947e-01	6.285634129371240331e-01	6.330525418627319656e-01	6.118853664883635579e-01	5.823897586045170272e-01	6.118853664883635579e-01	6.605306227259419849e-01	6.500012310543979988e-01	6.118853664883635579e-01	5.469013164873960386e-01	6.118853664883635579e-01	6.118853664883635579e-01	5.961502549837760512e-01	6.322611380671050441e-01	6.055461880935369967e-01	6.307919222407779580e-01	5.805095717088449847e-01	6.118853664883635579e-01	6.118853664883635579e-01	6.040894581956309795e-01	5.842178482058320022e-01	6.118853664883635579e-01	6.118853664883635579e-01	5.832949317244340293e-01	6.118853664883635579e-01	6.214353354871180457e-01	5.749703661605829463e-01	6.118853664883635579e-01	5.951044763723849496e-01	5.642321777142810246e-01	6.198903046438829501e-01	6.118853664883635579e-01	6.172196501233000454e-01	5.818521566683030333e-01	5.925378555658720181e-01	5.754384952432629596e-01	6.095122247139520555e-01	6.118853664883635579e-01	6.118853664883635579e-01	5.773719198376580097e-01	6.118853664883635579e-01	6.745111310371549873e-01	5.771111093550389537e-01	6.118853664883635579e-01	6.118853664883635579e-01	6.118853664883635579e-01	6.118853664883635579e-01	5.859838355599570336e-01	6.118853664883635579e-01	6.118853664883635579e-01	5.879134482266630268e-01	6.243626173473060259e-01	6.118853664883635579e-01	6.118853664883635579e-01	5.976908649335570534e-01	6.118853664883635579e-01	5.705211180195840504e-01	6.118853664883635579e-01	5.330662180336650513e-01	5.285087861867580061e-01	5.585724774169680273e-01	5.950829420683170223e-01	5.695780054985459806e-01	6.118853664883635579e-01	6.118853664883635579e-01	5.826769248522749578e-01	6.118853664883635579e-01	5.526979649429909491e-01	5.626178135461149532e-01	5.714879112694729590e-01	5.539643340023370222e-01	6.118853664883635579e-01	5.992730423953599450e-01	5.961143125353539629e-01	6.118853664883635579e-01	6.118853664883635579e-01	6.560925927393309598e-01	6.118853664883635579e-01	6.084383189762340161e-01	6.118853664883635579e-01	6.646226568075970231e-01	6.379486353020280553e-01	6.118853664883635579e-01	6.118853664883635579e-01	6.851562015792730387e-01	6.118853664883635579e-01	6.480696001944300511e-01	6.636003250552140464e-01	6.118853664883635579e-01
7.031816301614499665e-01	6.724818550616019630e-01	6.118853664883635579e-01	5.761942062522870112e-01	6.118853664883635579e-01	5.935092115941520419e-01	6.465267613337200014e-01	7.081228364956330124e-01	6.946813989667539602e-01	1.000000000000000000e+00	6.697778697531230341e-01	6.530486697073110136e-01	6.118853664883635579e-01	6.118853664883635579e-01	6.118853664883635579e-01	6.118853664883635579e-01	5.692804676406559850e-01	6.118853664883635579e-01	6.067154196747409634e-01	6.608788199370130290e-01	6.118853664883635579e-01	6.309267849640379788e-01	6.936196909248589781e-01	6.423757321801200071e-01	6.744664437708659532e-01	6.118853664883635579e-01	6.224386708150539960e-01	6.118853664883635579e-01	6.203348864717810329e-01	6.118853664883635579e-01	6.118853664883635579e-01	6.118853664883635579e-01	6.118853664883635579e-01	6.118853664883635579e-01	5.906856131151819733e-01	6.118853664883635579e-01	6.255397968146160226e-01	6.449620685932599962e-01	6.118853664883635579e-01	6.118853664883635579e-01	6.118853664883635579e-01	5.902314304605980055e-01	6.251525010901070045e-01	5.914665042397260208e-01	6.118853664883635579e-01	6.128868773283669968e-01	5.736378844818560419e-01	5.967544174359590281e-01	6.284692825224570401e-01	6.118853664883635579e-01	6.118853664883635579e-01	6.118853664883635579e-01	5.610355559033890493e-01	5.727421587782569601e-01	6.023295146188959448e-01	5.761016551496870308e-01	6.154413622476799794e-01	5.860847216177610397e-01	5.662657016322090175e-01	6.118853664883635579e-01	6.118853664883635579e-01	6.118853664883635579e-01	6.118853664883635579e-01	6.118853664883635579e-01	6.118853664883635579e-01	6.216365085062960372e-01	6.070326795427429811e-01	6.118853664883635579e-01	5.633060950703320247e-01	6.118853664883635579e-01	5.701147244354229926e-01	6.162151269438199686e-01	5.900288356038839721e-01	6.097912331180780354e-01	6.118853664883635579e-01	5.921170474508670178e-01	6.118853664883635579e-01	6.118853664883635579e-01	5.849663977008620064e-01	6.118853664883635579e-01	6.456601569793549711e-01	6.019753939527759945e-01	6.118853664883635579e-01	6.118853664883635579e-01	6.215970415332360277e-01	6.118853664883635579e-01	6.089930240032780384e-01	6.118853664883635579e-01	6.982755371512809894e-01	5.923691150261980454e-01	6.238084765069310533e-01	5.621076784507830215e-01	5.305507958375610400e-01	6.118853664883635579e-01	6.118853664883635579e-01	5.496697325237179799e-01	5.836525511413640510e-01	6.118853664883635579e-01	5.692590824187350185e-01	5.925173516409839580e-01	5.742332067293689501e-01	5.540553368704079773e-01	6.118853664883635579e-01	5.420973313003100147e-01	5.747731621079299469e-01	6.118853664883635579e-01	6.118853664883635579e-01	6.118853664883635579e-01	5.834809687718109927e-01	6.118853664883635579e-01	6.118853664883635579e-01	6.118853664883635579e-01	6.118853664883635579e-01	6.142271503767720020e-01	6.245500319976909909e-01	6.785083325450419478e-01	6.118853664883635579e-01	6.118853664883635579e-01	6.118853664883635579e-01	6.118853664883635579e-01	6.118853664883635579e-01	6.118853664883635579e-01	6.118853664883635579e-01	6.118853664883635579e-01
6.118853664883635579e-01	6.118853664883635579e-01	6.405974287769210518e-01	6.118853664883635579e-01	6.118853664883635579e-01	6.118853664883635579e-01	6.118853664883635579e-01	6.118853664883635579e-01	6.118853664883635579e-01	6.697778697531230341e-01	1.000000000000000000e+00	6.946094801442129762e-01	6.424715796765529952e-01	5.893925153773319492e-01	6.072511832978659818e-01	6.030442124257889835e-01	5.862731401000680354e-01	6.118853664883635579e-01	6.118853664883635579e-01	6.118853664883635579e-01	6.118853664883635579e-01	5.971451623874100001e-01	6.342721547177370134e-01	6.118853664883635579e-01	6.118853664883635579e-01	6.911316208186579768e-01	5.843553893227589890e-01	6.118853664883635579e-01	5.835807222977880127e-01	6.090245512939129746e-01	6.053956620950240453e-01	5.926925936950859786e-01	6.118853664883635579e-01	6.451337446298690548e-01	5.636279886906889747e-01	5.801355147924079914e-01	5.981296591406689567e-01	6.118853664883635579e-01	6.055650366532610018e-01	5.650822460070650255e-01	6.118853664883635579e-01	6.118853664883635579e-01	6.397536678411339661e-01	6.301247108942860109e-01	5.432594665150209945e-01	6.118853664883635579e-01	6.118853664883635579e-01	6.118853664883635579e-01	6.118853664883635579e-01	6.118853664883635579e-01	6.118853664883635579e-01	6.078482194147439843e-01	5.893568427145320365e-01	5.914915596006330434e-01	6.118853664883635579e-01	5.911150354563170506e-01	6.381178329838389507e-01	5.794362863113079465e-01	5.765629277674619857e-01	5.812990467750399626e-01	6.118853664883635579e-01	6.118853664883635579e-01	6.118853664883635579e-01	6.033224385105140364e-01	6.118853664883635579e-01	6.483349912649359892e-01	5.751974363125079703e-01	6.493223533705480000e-01	6.118853664883635579e-01	6.150914202218630278e-01	6.025337003988670004e-01	6.118853664883635579e-01	6.108688214685880080e-01	6.118853664883635579e-01	6.118853664883635579e-01	6.118853664883635579e-01	6.551116153537199782e-01	6.118853664883635579e-01	6.118853664883635579e-01	5.871507420193089466e-01	6.810108393298629492e-01	6.118853664883635579e-01	6.036653995565770536e-01	6.118853664883635579e-01	5.908574202346980053e-01	5.737229698031740543e-01	6.160446729593620496e-01	6.118853664883635579e-01	6.799187613339530145e-01	6.168723041443739952e-01	6.398665848539409895e-01	5.746191255928460029e-01	6.118853664883635579e-01	6.118853664883635579e-01	5.517329321923439833e-01	6.118853664883635579e-01	6.118853664883635579e-01	6.118853664883635579e-01	6.137573630096020416e-01	6.484085742624450255e-01	6.114026874851119508e-01	6.016108091674130520e-01	6.029421038208290229e-01	6.118853664883635579e-01	6.118853664883635579e-01	5.931890014476780548e-01	6.118853664883635579e-01	6.118853664883635579e-01	6.118853664883635579e-01	5.516440855785790243e-01	5.696700524156460554e-01	6.284685250229800069e-01	6.118853664883635579e-01	6.118853664883635579e-01	6.118853664883635579e-01	6.571924174967279653e-01	6.133017829025360079e-01	6.118853664883635579e-01	6.118853664883635579e-01	6.118853664883635579e-01	6.118853664883635579e-01	6.559863365264020363e-01	6.294836764756459591e-01	6.512963234029289783e-01
6.544469317482169979e-01	6.118853664883635579e-01	6.118853664883635579e-01	6.118853664883635579e-01	6.118853664883635579e-01	6.809653181404380362e-01	7.083089120821139950e-01	6.118853664883635579e-01	6.118853664883635579e-01	6.530486697073110136e-01	6.946094801442129762e-01	1.000000000000000000e+00	6.118853664883635579e-01	6.118853664883635579e-01	6.118853664883635579e-01	5.841305085771060224e-01	6.118853664883635579e-01	6.118853664883635579e-01	5.702687788619830167e-01	6.118853664883635579e-01	6.118853664883635579e-01	6.118853664883635579e-01	6.635661480972570025e-01	5.778273570725209751e-01	6.118853664883635579e-01	6.936889628367639560e-01	6.118853664883635579e-01	6.118853664883635579e-01	5.701075748352210093e-01	6.118853664883635579e-01	6.118853664883635579e-01	5.659788828231659963e-01	6.118853664883635579e-01	6.152622180717229883e-01	6.118853664883635579e-01	6.118853664883635579e-01	5.796731948686559832e-01	5.577265032010739754e-01	6.118853664883635579e-01	6.118853664883635579e-01	5.976377851286589493e-01	6.645987493088210130e-01	6.449100125468240075e-01	6.118853664883635579e-01	5.042566245979399620e-01	6.028953515794109874e-01	6.118853664883635579e-01	6.118853664883635579e-01	6.118853664883635579e-01	6.118853664883635579e-01	6.953929544049960443e-01	6.167507892896919586e-01	5.830044634141640092e-01	6.118853664883635579e-01	6.118853664883635579e-01	6.269506871380799984e-01	6.417782024800759988e-01	5.445659202678350130e-01	5.635243371586200478e-01	6.118853664883635579e-01	6.118853664883635579e-01	6.118853664883635579e-01	6.118853664883635579e-01	6.118853664883635579e-01	6.118853664883635579e-01	6.554450768631600033e-01	5.560371793960839915e-01	6.118853664883635579e-01	5.912724042208450381e-01	6.386291617924769737e-01	6.289188986906549816e-01	6.118853664883635579e-01	5.625635155313150060e-01	5.904054885014600185e-01	6.118853664883635579e-01	6.118853664883635579e-01	6.118853664883635579e-01	6.118853664883635579e-01	6.356583591800050170e-01	6.118853664883635579e-01	7.233017763561969682e-01	6.118853664883635579e-01	5.573626821971909839e-01	6.118853664883635579e-01	5.692600911096780125e-01	6.406710650467980495e-01	6.118853664883635579e-01	6.118853664883635579e-01	6.877723384255930439e-01	6.118853664883635579e-01	6.735521203339179808e-01	6.219470462871230509e-01	5.753494927029280115e-01	6.118853664883635579e-01	6.118853664883635579e-01	6.246771429055839597e-01	6.118853664883635579e-01	6.124498561464889468e-01	6.118853664883635579e-01	6.118853664883635579e-01	6.721255211871559609e-01	6.118853664883635579e-01	6.118853664883635579e-01	6.118853664883635579e-01	6.118853664883635579e-01	6.118853664883635579e-01	6.573944352734709673e-01	5.723269139696149921e-01	5.455368054545589596e-01	6.118853664883635579e-01	5.733632790309769467e-01	6.118853664883635579e-01	6.053785949650739573e-01	6.118853664883635579e-01	6.270952567524580301e-01	6.118853664883635579e-01	6.118853664883635579e-01	6.118853664883635579e-01	6.118853664883635579e-01	6.118853664883635579e-01	6.891221223961609965e-01	6.118853664883635579e-01	6.663569507185259644e-01	6.970348733679849751e-01
