1.000000000000000000e+00	6.643605897172359942e-01	5.992234307865389464e-01	3.878459190935449885e-01	3.878459190935449885e-01	3.878459190935449885e-01	5.057393252035979891e-01	3.878459190935449885e-01	3.878459190935449885e-01	3.619680741360890019e-01	6.032975224382870483e-01	3.878459190935449885e-01	3.878459190935449885e-01	5.505991105505300132e-01	4.510668796258510138e-01	3.878459190935449885e-01	3.878459190935449885e-01	3.878459190935449885e-01	6.801402798078030054e-01	5.374357703196930292e-01	3.878459190935449885e-01	6.685572443779449481e-01	3.878459190935449885e-01	3.878459190935449885e-01	3.878459190935449885e-01	5.215599804397339501e-01	3.878459190935449885e-01	3.878459190935449885e-01	6.056286129959369546e-01	3.878459190935449885e-01	3.878459190935449885e-01	3.878459190935449885e-01	3.878459190935449885e-01	2.889108266924019786e-01	6.685696156873960350e-01	3.878459190935449885e-01	5.741367884187830173e-01	3.878459190935449885e-01	3.527452965672660257e-02	5.990248071115830131e-01	3.878459190935449885e-01	5.181218723220040179e-01	3.878459190935449885e-01	1.293155857649510021e-01	3.803665032237170118e-01	6.358042405432180466e-01	3.884020665298720254e-01	3.878459190935449885e-01	5.727759604950199979e-01	3.878459190935449885e-01	5.240746886757650103e-01	3.878459190935449885e-01	3.878459190935449885e-01	3.878459190935449885e-01	3.878459190935449885e-01	3.878459190935449885e-01	5.693510540973779621e-01	3.878459190935449885e-01	6.714713701484620323e-01	5.491068383182859947e-01	3.878459190935449885e-01	3.878459190935449885e-01	5.529238076357080311e-01	4.436634224891700118e-01	3.592454993321930190e-01	3.241434055253390040e-02	5.962569225583700394e-01	3.878459190935449885e-01	3.878459190935449885e-01	3.878459190935449885e-01	3.878459190935449885e-01	3.878459190935449885e-01	3.878459190935449885e-01	3.878459190935449885e-01	3.878459190935449885e-01	5.823574936563939985e-01	3.878459190935449885e-01	3.878459190935449885e-01	5.444424514409279547e-01	6.034094062551970117e-01	4.557371592680349859e-01	3.878459190935449885e-01	3.878459190935449885e-01	1.220478529219490016e-01	3.878459190935449885e-01	3.878459190935449885e-01	3.878459190935449885e-01	5.701718525537979865e-01	1.000000000000000082e-05	3.878459190935449885e-01	3.878459190935449885e-01	6.319131505668910131e-01	5.697696739736130001e-01	3.878459190935449885e-01	3.878459190935449885e-01	5.590280448171000005e-01	5.609650571915789641e-01	5.665392471888489601e-01	4.143625103891659771e-04	6.256389567866400547e-01	2.890616871320499937e-01	3.878459190935449885e-01	3.878459190935449885e-01	3.878459190935449885e-01	6.358304586525169722e-01	3.878459190935449885e-01	3.878459190935449885e-01	3.878459190935449885e-01	3.878459190935449885e-01	3.878459190935449885e-01	3.878459190935449885e-01	3.878459190935449885e-01	3.878459190935449885e-01	3.878459190935449885e-01	3.878459190935449885e-01	3.878459190935449885e-01	6.644593120852040347e-01	3.878459190935449885e-01	6.611412368435529707e-01	3.878459190935449885e-01	6.343446232613819680e-01	6.471513019447510118e-01	5.451014788829130486e-01	5.355373356462389545e-01
6.643605897172359942e-01	1.000000000000000000e+00	5.907660574717139568e-01	3.878459190935449885e-01	3.878459190935449885e-01	3.878459190935449885e-01	4.953441670989079948e-01	3.878459190935449885e-01	3.878459190935449885e-01	3.878459190935449885e-01	3.878459190935449885e-01	5.961038597997200261e-01	6.329264976908840490e-01	5.336078031327510240e-01	4.427135915553970236e-01	7.031595794967390178e-01	3.878459190935449885e-01	3.878459190935449885e-01	6.647180232023269797e-01	5.201151864034689876e-01	5.335464771537089534e-01	6.599275478859359945e-01	5.332021610346570073e-01	6.681510030368780217e-01	3.878459190935449885e-01	3.878459190935449885e-01	3.878459190935449885e-01	2.405587135174150071e-01	3.878459190935449885e-01	4.916383792546940024e-01	3.878459190935449885e-01	3.878459190935449885e-01	3.878459190935449885e-01	3.878459190935449885e-01	3.878459190935449885e-01	3.878459190935449885e-01	5.598630937432119703e-01	3.878459190935449885e-01	3.878459190935449885e-01	3.878459190935449885e-01	6.472829675517639547e-01	5.066252933424050253e-01	5.467368940947030520e-01	3.878459190935449885e-01	3.759784642986410130e-01	6.146755516192019542e-01	3.878459190935449885e-01	3.878459190935449885e-01	5.589772997749840044e-01	5.690376931884459921e-01	3.878459190935449885e-01	3.878459190935449885e-01	6.117123769316690218e-01	3.878459190935449885e-01	3.878459190935449885e-01	3.878459190935449885e-01	5.546076516146329904e-01	3.878459190935449885e-01	3.878459190935449885e-01	5.351436626648949924e-01	5.757630984835220289e-01	3.230885297705500259e-01	3.878459190935449885e-01	3.878459190935449885e-01	3.504597223241689985e-01	3.236606403384360148e-02	5.832058640623210000e-01	1.353996388558650031e-02	5.991460331079759838e-01	3.878459190935449885e-01	3.878459190935449885e-01	3.878459190935449885e-01	3.878459190935449885e-01	3.878459190935449885e-01	5.375090642001140173e-01	5.654549520079630298e-01	3.878459190935449885e-01	3.878459190935449885e-01	5.288381734363899467e-01	3.878459190935449885e-01	4.540936251178420147e-01	3.878459190935449885e-01	3.878459190935449885e-01	3.878459190935449885e-01	5.502090508515620204e-01	3.878459190935449885e-01	3.878459190935449885e-01	3.878459190935449885e-01	3.878459190935449885e-01	3.878459190935449885e-01	5.832816166008939485e-01	3.878459190935449885e-01	3.878459190935449885e-01	5.318383707751289657e-01	2.449221602673730125e-01	5.474910401514789804e-01	5.484293205564539919e-01	3.878459190935449885e-01	4.083987640704909885e-04	3.878459190935449885e-01	3.878459190935449885e-01	3.878459190935449885e-01	3.878459190935449885e-01	4.449453488856929817e-01	3.878459190935449885e-01	3.878459190935449885e-01	3.878459190935449885e-01	3.878459190935449885e-01	6.925379149829890002e-01	3.878459190935449885e-01	5.187171393568660305e-01	3.878459190935449885e-01	5.383701913289550278e-01	3.878459190935449885e-01	6.472707023390179559e-01	6.409653713929710506e-01	3.878459190935449885e-01	3.878459190935449885e-01	6.475187195579950039e-01	5.787284268414349953e-01	6.123129328997379828e-01	3.878459190935449885e-01	5.346470402857640414e-01	3.878459190935449885e-01
5.992234307865389464e-01	5.907660574717139568e-01	1.000000000000000000e+00	5.434598662609390063e-01	2.447920214073329992e-01	5.327946220145040046e-01	3.878459190935449885e-01	3.951233502583220147e-01	3.049993530143370046e-01	3.276568812950579890e-01	3.878459190935449885e-01	5.482582283240530208e-01	3.878459190935449885e-01	4.865646877912179757e-01	3.878459190935449885e-01	3.878459190935449885e-01	5.994913000648349755e-01	5.345653606902970312e-01	6.087618639628590289e-01	4.819188372848000057e-01	3.878459190935449885e-01	3.878459190935449885e-01	3.878459190935449885e-01	3.878459190935449885e-01	4.365714814893240092e-01	4.618896385448190145e-01	3.878459190935449885e-01	2.239098702255170048e-01	3.878459190935449885e-01	4.539489449504020002e-01	4.776337585095259963e-01	3.878459190935449885e-01	6.252707128220520438e-01	2.597460154993819770e-01	5.983631866153690249e-01	4.836088991539960191e-01	3.878459190935449885e-01	5.588195299238359892e-01	3.878459190935449885e-01	3.878459190935449885e-01	3.878459190935449885e-01	4.652808198223820080e-01	3.878459190935449885e-01	1.159048723642400053e-01	3.878459190935449885e-01	3.878459190935449885e-01	3.878459190935449885e-01	3.878459190935449885e-01	3.878459190935449885e-01	3.878459190935449885e-01	3.878459190935449885e-01	4.947066453837459798e-01	3.878459190935449885e-01	5.758706306121580409e-01	3.878459190935449885e-01	5.705494299397150249e-01	3.878459190935449885e-01	5.890429224764119898e-01	3.878459190935449885e-01	4.905098017533410237e-01	5.336605096616729993e-01	3.005037789438629869e-01	4.992349123451900184e-01	3.998483011965450196e-01	3.204091133452259821e-01	3.878459190935449885e-01	5.355761148352550238e-01	1.254288344722000008e-02	5.443788788589970506e-01	7.637861172065789350e-02	3.878459190935449885e-01	1.722514017081669957e-01	3.878459190935449885e-01	3.878459190935449885e-01	3.878459190935449885e-01	5.162508499658270411e-01	3.878459190935449885e-01	3.878459190935449885e-01	3.878459190935449885e-01	5.439551101087759521e-01	3.878459190935449885e-01	1.315362755340739875e-01	3.878459190935449885e-01	3.878459190935449885e-01	3.878459190935449885e-01	3.878459190935449885e-01	3.878459190935449885e-01	3.878459190935449885e-01	3.878459190935449885e-01	7.976358343059899297e-03	5.312997493758599976e-01	5.618881646407449804e-01	3.878459190935449885e-01	4.872985856163740137e-01	3.878459190935449885e-01	5.036732147247310332e-01	3.878459190935449885e-01	3.878459190935449885e-01	3.841020138329210177e-04	5.590179379811169857e-01	2.605374584868300203e-01	4.958007802633049854e-01	4.800546174423370172e-01	4.126085535176179930e-01	5.645310370137369693e-01	3.878459190935449885e-01	3.878459190935449885e-01	5.155087381359669818e-01	6.265981591782140425e-01	5.163611451561690435e-01	3.878459190935449885e-01	4.176499054660839927e-01	4.878464129365470137e-01	6.067944722792689705e-01	5.975655887359979657e-01	3.878459190935449885e-01	5.889980657520179630e-01	3.878459190935449885e-01	3.878459190935449885e-01	5.268491688264650419e-01	3.878459190935449885e-01	5.787557711916090364e-01	3.878459190935449885e-01	3.878459190935449885e-01
3.878459190935449885e-01	3.878459190935449885e-01	5.434598662609390063e-01	1.000000000000000000e+00	3.878459190935449885e-01	3.878459190935449885e-01	4.616361595700499976e-01	4.016395308064850123e-01	3.041585483142790203e-01	3.245995934777570202e-01	3.878459190935449885e-01	5.501515214365110262e-01	3.878459190935449885e-01	3.878459190935449885e-01	3.878459190935449885e-01	6.480785131697910373e-01	6.016725636904419749e-01	3.878459190935449885e-01	3.878459190935449885e-01	4.822917913158760173e-01	3.878459190935449885e-01	3.878459190935449885e-01	4.919055878358760125e-01	3.878459190935449885e-01	3.878459190935449885e-01	3.878459190935449885e-01	6.689924664020970024e-02	2.319228093921580081e-01	3.878459190935449885e-01	3.878459190935449885e-01	4.843828810855509981e-01	3.878459190935449885e-01	6.296804275433149911e-01	2.667630840232099732e-01	6.104911633008399674e-01	3.878459190935449885e-01	3.878459190935449885e-01	3.878459190935449885e-01	3.878459190935449885e-01	5.444770941783689810e-01	5.931217626045730551e-01	3.878459190935449885e-01	5.018078103224750119e-01	3.878459190935449885e-01	3.434550619217719980e-01	5.671388442647919970e-01	3.461996298896499735e-01	3.878459190935449885e-01	3.878459190935449885e-01	5.278262603704979572e-01	3.878459190935449885e-01	3.878459190935449885e-01	3.878459190935449885e-01	5.768566490312370121e-01	3.878459190935449885e-01	3.878459190935449885e-01	3.878459190935449885e-01	5.907388291666579860e-01	6.049235896349850483e-01	4.938746875617119891e-01	5.283675171269459625e-01	3.878459190935449885e-01	5.000883037192700442e-01	3.940780272124220218e-01	3.235594269266349743e-01	3.031497811283600033e-02	5.397439904774129493e-01	1.269011898966860077e-02	3.878459190935449885e-01	7.784966778389200426e-02	5.916243522099909891e-01	3.878459190935449885e-01	6.013626569909480413e-01	3.878459190935449885e-01	4.966666363370900172e-01	3.878459190935449885e-01	5.053672182673739632e-01	5.547383064853279588e-01	4.897558096326379840e-01	3.878459190935449885e-01	4.187414860421049823e-01	1.331367194629320128e-01	3.047501214398730118e-01	1.173945093681140056e-01	3.878459190935449885e-01	3.878459190935449885e-01	5.404377200614729482e-01	3.878459190935449885e-01	3.878459190935449885e-01	3.878459190935449885e-01	5.317494457895379778e-01	5.627193127215870394e-01	3.878459190935449885e-01	4.873808471788430019e-01	3.878459190935449885e-01	3.878459190935449885e-01	3.878459190935449885e-01	3.878459190935449885e-01	3.878459190935449885e-01	5.658101776597419530e-01	3.878459190935449885e-01	5.028757206269329760e-01	3.878459190935449885e-01	4.099955810431309966e-01	3.878459190935449885e-01	5.607092991363209489e-01	5.589741946844130061e-01	3.878459190935449885e-01	6.377488009663619950e-01	3.878459190935449885e-01	3.878459190935449885e-01	3.878459190935449885e-01	4.973910752266350044e-01	3.878459190935449885e-01	3.878459190935449885e-01	3.878459190935449885e-01	5.907284746584290369e-01	5.910993358230349770e-01	5.981531006387019733e-01	3.878459190935449885e-01	5.708181027770820037e-01	5.864253722147899639e-01	3.878459190935449885e-01	3.878459190935449885e-01
3.878459190935449885e-01	3.878459190935449885e-01	2.447920214073329992e-01	3.878459190935449885e-01	9.999999999999840128e-01	3.878459190935449885e-01	3.878459190935449885e-01	3.878459190935449885e-01	1.457165052532979899e-01	3.878459190935449885e-01	3.878459190935449885e-01	3.878459190935449885e-01	2.634361783213470254e-01	2.307389734255219926e-01	3.878459190935449885e-01	2.888899512550289761e-01	2.746974567967520042e-01	2.468901862172780126e-01	2.780309713505800251e-01	3.878459190935449885e-01	3.878459190935449885e-01	3.878459190935449885e-01	3.878459190935449885e-01	3.878459190935449885e-01	2.064952193672029979e-01	3.878459190935449885e-01	3.518952469484790124e-02	1.149510012631970030e-01	3.878459190935449885e-01	2.106999043028049967e-01	2.241292381533150080e-01	3.878459190935449885e-01	2.818528002637459839e-01	3.878459190935449885e-01	3.878459190935449885e-01	3.878459190935449885e-01	3.878459190935449885e-01	2.511098407408369759e-01	1.731193195994040063e-02	2.496665160151629870e-01	2.690977979004849918e-01	3.878459190935449885e-01	2.234314139779060016e-01	3.878459190935449885e-01	3.878459190935449885e-01	3.878459190935449885e-01	3.878459190935449885e-01	2.241670381946229973e-01	2.362546006454759873e-01	3.878459190935449885e-01	3.878459190935449885e-01	2.310420959327300072e-01	3.878459190935449885e-01	3.878459190935449885e-01	3.878459190935449885e-01	2.604335924288639914e-01	3.878459190935449885e-01	2.679225845825239927e-01	2.724927964355660093e-01	2.231091331634690034e-01	3.878459190935449885e-01	3.878459190935449885e-01	2.293402099182819953e-01	1.857837384886059928e-01	3.878459190935449885e-01	3.878459190935449885e-01	2.490558683598980139e-01	3.878459190935449885e-01	2.554516894743639743e-01	3.878459190935449885e-01	3.878459190935449885e-01	3.878459190935449885e-01	2.701942829397639967e-01	2.606303210523149838e-01	3.878459190935449885e-01	2.385565096737080060e-01	3.878459190935449885e-01	2.506303565198870209e-01	3.878459190935449885e-01	2.488381342021820097e-01	1.926862858071780038e-01	6.710506434788610086e-02	3.878459190935449885e-01	5.738257710158960190e-02	2.251046682929080112e-01	6.363137574283650455e-02	2.435301421722360082e-01	3.878459190935449885e-01	3.878459190935449885e-01	5.600481295622779764e-03	2.413044927223559899e-01	3.878459190935449885e-01	3.878459190935449885e-01	2.251252245942209906e-01	1.109676236832070062e-01	2.292030940912909986e-01	2.292308169013050068e-01	3.878459190935449885e-01	2.962052850325989917e-04	3.878459190935449885e-01	1.234896199609659961e-01	2.238622077733490034e-01	3.878459190935449885e-01	3.878459190935449885e-01	2.574140042441089848e-01	2.524351986017630001e-01	3.878459190935449885e-01	2.379500879790990009e-01	3.878459190935449885e-01	3.878459190935449885e-01	2.194677988944450098e-01	3.878459190935449885e-01	2.232997725698959990e-01	2.779193691781750020e-01	3.878459190935449885e-01	3.878459190935449885e-01	2.719959187667880252e-01	3.878459190935449885e-01	3.878459190935449885e-01	3.878459190935449885e-01	2.578070045783539821e-01	2.660907595926810254e-01	2.295278893661099884e-01	2.158680485168089913e-01
3.878459190935449885e-01	3.878459190935449885e-01	5.327946220145040046e-01	3.878459190935449885e-01	3.878459190935449885e-01	1.000000000000000000e+00	4.477105830121569929e-01	3.976237140312809948e-01	2.980050320412580001e-01	3.878459190935449885e-01	5.320272361309990039e-01	3.878459190935449885e-01	5.725944988206159714e-01	4.894228398422699744e-01	4.057994609789660201e-01	3.878459190935449885e-01	5.927602988453100075e-01	3.878459190935449885e-01	3.878459190935449885e-01	3.878459190935449885e-01	4.752475535586430100e-01	3.878459190935449885e-01	4.825953712068060120e-01	3.878459190935449885e-01	3.878459190935449885e-01	3.878459190935449885e-01	3.878459190935449885e-01	2.255079249363400040e-01	5.289293570712280124e-01	4.533543593560729890e-01	3.878459190935449885e-01	3.878459190935449885e-01	3.878459190935449885e-01	3.878459190935449885e-01	3.878459190935449885e-01	3.878459190935449885e-01	5.054740070019470011e-01	3.878459190935449885e-01	3.132750161852609905e-02	3.878459190935449885e-01	5.840162467234250032e-01	4.591803673147010212e-01	3.878459190935449885e-01	3.878459190935449885e-01	3.372928405671020147e-01	5.561314444148669489e-01	3.878459190935449885e-01	4.756832661544009855e-01	3.878459190935449885e-01	5.095648621483229723e-01	3.878459190935449885e-01	4.953811586740130002e-01	3.878459190935449885e-01	3.878459190935449885e-01	3.878459190935449885e-01	5.602733173339670136e-01	3.878459190935449885e-01	5.840643051794409679e-01	3.878459190935449885e-01	4.842061610704960217e-01	3.878459190935449885e-01	2.946082278401470078e-01	3.878459190935449885e-01	3.878459190935449885e-01	3.131084442040850124e-01	3.013752910430279874e-02	5.331346874046090090e-01	3.878459190935449885e-01	3.878459190935449885e-01	3.878459190935449885e-01	3.878459190935449885e-01	1.657732824065830113e-01	3.878459190935449885e-01	3.878459190935449885e-01	4.851953711389709878e-01	5.117232606401530548e-01	4.999209125159149725e-01	5.461636832296540289e-01	3.878459190935449885e-01	3.878459190935449885e-01	3.878459190935449885e-01	3.878459190935449885e-01	3.878459190935449885e-01	3.878459190935449885e-01	4.957849439625219845e-01	3.878459190935449885e-01	3.878459190935449885e-01	3.878459190935449885e-01	3.878459190935449885e-01	7.878510450880839636e-03	3.878459190935449885e-01	5.605434849199459890e-01	3.878459190935449885e-01	3.878459190935449885e-01	3.878459190935449885e-01	3.878459190935449885e-01	3.878459190935449885e-01	4.996557821900630136e-01	3.900224744325100023e-04	3.878459190935449885e-01	3.878459190935449885e-01	4.996216494460650193e-01	3.878459190935449885e-01	3.878459190935449885e-01	3.878459190935449885e-01	3.878459190935449885e-01	5.415218932618990344e-01	3.878459190935449885e-01	3.878459190935449885e-01	3.878459190935449885e-01	3.878459190935449885e-01	3.878459190935449885e-01	3.878459190935449885e-01	3.878459190935449885e-01	5.823317564569320259e-01	5.825736502906430081e-01	3.878459190935449885e-01	3.878459190935449885e-01	5.849415109851540118e-01	3.878459190935449885e-01	5.590231320484739808e-01	5.720117088875710243e-01	4.822385916211739953e-01	4.688410042758269780e-01
5.057393252035979891e-01	4.953441670989079948e-01	3.878459190935449885e-01	4.616361595700499976e-01	3.878459190935449885e-01	4.477105830121569929e-01	1.000000000000000000e+00	3.373324231703799803e-01	2.646782015387900144e-01	3.878459190935449885e-01	4.534276830640909806e-01	3.878459190935449885e-01	4.903861613210199755e-01	4.139343648381220153e-01	3.427744278116610088e-01	5.398823484657599980e-01	3.878459190935449885e-01	4.522505240061079901e-01	3.878459190935449885e-01	3.878459190935449885e-01	4.068951001176959736e-01	5.078367979432329982e-01	3.878459190935449885e-01	5.164636429682200047e-01	3.878459190935449885e-01	4.001856764871890015e-01	3.878459190935449885e-01	3.878459190935449885e-01	3.878459190935449885e-01	3.878459190935449885e-01	3.878459190935449885e-01	5.163634445668889850e-01	3.878459190935449885e-01	2.228952186168320082e-01	3.878459190935449885e-01	3.878459190935449885e-01	3.878459190935449885e-01	4.697123419697449842e-01	2.823600367117979834e-02	4.575521065506399920e-01	4.978231413790459858e-01	3.878459190935449885e-01	4.192110248707809905e-01	9.958068521553549435e-02	3.878459190935449885e-01	4.750494464743529877e-01	2.962921452243469922e-01	4.066078153733849732e-01	4.339467637532880007e-01	4.370542404053859853e-01	3.878459190935449885e-01	3.878459190935449885e-01	4.689810984990450127e-01	3.878459190935449885e-01	3.878459190935449885e-01	4.805794848111020201e-01	3.878459190935449885e-01	4.962685065386109873e-01	3.878459190935449885e-01	4.154427343694340191e-01	4.445061808416689852e-01	3.878459190935449885e-01	4.254627867535449859e-01	3.878459190935449885e-01	3.878459190935449885e-01	2.609622117738399916e-02	3.878459190935449885e-01	3.878459190935449885e-01	3.878459190935449885e-01	3.878459190935449885e-01	3.878459190935449885e-01	1.458889449874880007e-01	5.055881989675180543e-01	4.848053257269629990e-01	3.878459190935449885e-01	4.383115212529329896e-01	4.262832155326800043e-01	4.688355212549220052e-01	4.097538598318660186e-01	4.565630885790339932e-01	3.878459190935449885e-01	3.878459190935449885e-01	2.597212089957660064e-01	3.878459190935449885e-01	4.224734927209670143e-01	3.878459190935449885e-01	3.878459190935449885e-01	3.878459190935449885e-01	1.000000000000000082e-05	3.878459190935449885e-01	3.878459190935449885e-01	4.776511538691560199e-01	4.349283423190890008e-01	3.878459190935449885e-01	3.878459190935449885e-01	4.289443520608530180e-01	3.878459190935449885e-01	4.264019873600770061e-01	3.880204352693129854e-04	3.878459190935449885e-01	2.239299272283920006e-01	4.193843003238489908e-01	3.878459190935449885e-01	3.878459190935449885e-01	3.878459190935449885e-01	3.878459190935449885e-01	4.659924860865979901e-01	3.878459190935449885e-01	5.310123175376030291e-01	3.878459190935449885e-01	4.030973599153500064e-01	3.556262882130650227e-01	4.222579741783630269e-01	3.878459190935449885e-01	3.878459190935449885e-01	3.878459190935449885e-01	4.991739934176859794e-01	4.933158105047090181e-01	4.992589145418109831e-01	3.878459190935449885e-01	4.697771509673859813e-01	4.888745915453370228e-01	4.115448963839329899e-01	4.016825384042639890e-01
3.878459190935449885e-01	3.878459190935449885e-01	3.951233502583220147e-01	4.016395308064850123e-01	3.878459190935449885e-01	3.976237140312809948e-01	3.373324231703799803e-01	1.000000000000009992e+00	3.878459190935449885e-01	2.465338033383150107e-01	3.878459190935449885e-01	3.878459190935449885e-01	4.231941224402380186e-01	3.878459190935449885e-01	3.092740172915720009e-01	3.878459190935449885e-01	3.878459190935449885e-01	3.878459190935449885e-01	4.439398867971069973e-01	3.578723573323089879e-01	3.878459190935449885e-01	4.396419849410370118e-01	3.878459190935449885e-01	4.498419925091329818e-01	3.223029303985570082e-01	3.878459190935449885e-01	3.878459190935449885e-01	3.878459190935449885e-01	3.878459190935449885e-01	3.878459190935449885e-01	3.878459190935449885e-01	4.483657868749070241e-01	4.571419735142729923e-01	3.878459190935449885e-01	4.387052926985650081e-01	3.531296633805799945e-01	3.878459190935449885e-01	3.878459190935449885e-01	2.615448037570640080e-02	3.945724309480769798e-01	3.878459190935449885e-01	3.878459190935449885e-01	3.612070148185480001e-01	3.878459190935449885e-01	2.556455097036450241e-01	4.159091634675570193e-01	3.878459190935449885e-01	3.543050550363360252e-01	3.752283423628929859e-01	3.878459190935449885e-01	3.481125291166859981e-01	3.646434680312939935e-01	3.878459190935449885e-01	4.208859385986409851e-01	9.279208413981590575e-02	3.878459190935449885e-01	3.878459190935449885e-01	3.878459190935449885e-01	3.878459190935449885e-01	3.878459190935449885e-01	3.878459190935449885e-01	3.878459190935449885e-01	3.655535657419730078e-01	3.878459190935449885e-01	2.394934495365219906e-01	2.405185159693369948e-02	3.965702270693319820e-01	1.031045657845760036e-02	3.878459190935449885e-01	5.893527947333190159e-02	3.878459190935449885e-01	3.878459190935449885e-01	3.878459190935449885e-01	3.878459190935449885e-01	3.878459190935449885e-01	3.878459190935449885e-01	3.878459190935449885e-01	3.878459190935449885e-01	3.544607718792819884e-01	3.999510536059939780e-01	3.878459190935449885e-01	3.878459190935449885e-01	2.283666899145710139e-01	8.788703758989220571e-02	3.660480644394609739e-01	9.027354757285810383e-02	3.953803938672729723e-01	3.878459190935449885e-01	3.878459190935449885e-01	3.878459190935449885e-01	3.927893373429159896e-01	4.150705151585920016e-01	3.745039968745350056e-01	3.878459190935449885e-01	3.878459190935449885e-01	3.878459190935449885e-01	3.675529285899620247e-01	3.732432988505399729e-01	3.878459190935449885e-01	4.158553690066160158e-01	1.984805423720739925e-01	3.878459190935449885e-01	3.523754463577840057e-01	3.027023530378459837e-01	3.878459190935449885e-01	4.084823726731319771e-01	3.878459190935449885e-01	3.801343005430850019e-01	3.878459190935449885e-01	3.878459190935449885e-01	3.878459190935449885e-01	3.878459190935449885e-01	3.878459190935449885e-01	3.878459190935449885e-01	4.310997027432539874e-01	3.878459190935449885e-01	4.319923322351140182e-01	4.351891988691550250e-01	4.354128257278420122e-01	3.878459190935449885e-01	3.878459190935449885e-01	4.256107121704080232e-01	3.878459190935449885e-01	3.524574187715969753e-01
3.878459190935449885e-01	3.878459190935449885e-01	3.049993530143370046e-01	3.041585483142790203e-01	1.457165052532979899e-01	2.980050320412580001e-01	2.646782015387900144e-01	3.878459190935449885e-01	9.999999999999940048e-01	3.878459190935449885e-01	3.038684284848999773e-01	3.878459190935449885e-01	3.221770709969680180e-01	2.840947341116860092e-01	3.878459190935449885e-01	3.878459190935449885e-01	3.878459190935449885e-01	2.972839008324720256e-01	3.369264796164370135e-01	3.878459190935449885e-01	3.878459190935449885e-01	3.878459190935449885e-01	3.878459190935449885e-01	3.878459190935449885e-01	3.878459190935449885e-01	2.631999063496630042e-01	4.133463256471429925e-02	3.878459190935449885e-01	3.039635029130010047e-01	3.878459190935449885e-01	2.743279808087519811e-01	3.397151415843859823e-01	3.487898850208079882e-01	3.878459190935449885e-01	3.878459190935449885e-01	2.710099702540750277e-01	3.878459190935449885e-01	3.878459190935449885e-01	2.018972970928619923e-02	3.878459190935449885e-01	3.327528969249339830e-01	2.690996322931150098e-01	3.878459190935449885e-01	7.110312897939780052e-02	2.003841590567070063e-01	3.177874619333149742e-01	3.878459190935449885e-01	2.703726163202460064e-01	2.919982055766360274e-01	3.878459190935449885e-01	3.878459190935449885e-01	2.753936034844770009e-01	3.878459190935449885e-01	3.878459190935449885e-01	7.298347288596969407e-02	3.162895945727060010e-01	3.878459190935449885e-01	3.271760945571700052e-01	3.878459190935449885e-01	3.878459190935449885e-01	3.878459190935449885e-01	1.751968664923760077e-01	2.795621368446630228e-01	2.238381249943600104e-01	1.877344382686330082e-01	1.982369656791420007e-02	3.878459190935449885e-01	3.878459190935449885e-01	3.878459190935449885e-01	3.878459190935449885e-01	3.878459190935449885e-01	1.007223695782499956e-01	3.339978877271190250e-01	3.161618469646410023e-01	2.748979220271760004e-01	2.925675692519160154e-01	3.878459190935449885e-01	3.878459190935449885e-01	2.749437367101810192e-01	3.878459190935449885e-01	2.345517406753500067e-01	7.781803745004059469e-02	1.709312927625659950e-01	3.878459190935449885e-01	3.878459190935449885e-01	3.878459190935449885e-01	2.981919810536939885e-01	3.878459190935449885e-01	3.878459190935449885e-01	6.087567073453360039e-03	2.999427774571640226e-01	3.878459190935449885e-01	2.861249794848300110e-01	3.878459190935449885e-01	1.313830143493890101e-01	2.804880766818519944e-01	2.806484533248739810e-01	2.825738943229400002e-01	3.141110491892850254e-04	3.149873264170470200e-01	3.878459190935449885e-01	2.751467005909389862e-01	3.878459190935449885e-01	2.341842784421259982e-01	3.150514181938580127e-01	3.878459190935449885e-01	3.878459190935449885e-01	2.860864466687240149e-01	3.506468515165500066e-01	3.878459190935449885e-01	2.699513175048169900e-01	3.878459190935449885e-01	2.754268964506910167e-01	3.878459190935449885e-01	3.878459190935449885e-01	3.878459190935449885e-01	3.312453950648839851e-01	3.878459190935449885e-01	3.878459190935449885e-01	2.958291571142609988e-01	3.141261191543149867e-01	3.260436358324910189e-01	2.739965069325679958e-01	3.878459190935449885e-01
3.619680741360890019e-01	3.878459190935449885e-01	3.276568812950579890e-01	3.245995934777570202e-01	3.878459190935449885e-01	3.878459190935449885e-01	3.878459190935449885e-01	2.465338033383150107e-01	3.878459190935449885e-01	9.999999999999970024e-01	3.271285022544430099e-01	3.284483749003799802e-01	3.878459190935449885e-01	2.990655171628450182e-01	2.547540969856920134e-01	3.841467979592140258e-01	3.627904299086699980e-01	3.220742756179120203e-01	3.878459190935449885e-01	2.896930398973799892e-01	3.878459190935449885e-01	3.878459190935449885e-01	3.878459190935449885e-01	3.878459190935449885e-01	3.878459190935449885e-01	3.878459190935449885e-01	4.451954625533319915e-02	1.457576892891679909e-01	3.285555220076969984e-01	3.878459190935449885e-01	2.897446084729130011e-01	3.668375011119739959e-01	3.878459190935449885e-01	3.878459190935449885e-01	3.560190397649469762e-01	3.878459190935449885e-01	3.878459190935449885e-01	3.878459190935449885e-01	3.878459190935449885e-01	3.279715828801449962e-01	3.592374128101589736e-01	2.840212249081069951e-01	3.027725670526210111e-01	7.489993100122270542e-02	2.110098514947360004e-01	3.878459190935449885e-01	2.134883501720100107e-01	2.903288373474139927e-01	3.878459190935449885e-01	3.878459190935449885e-01	2.884213294823240181e-01	3.878459190935449885e-01	3.362821799069959927e-01	3.439002587741989969e-01	3.878459190935449885e-01	3.400164905879399790e-01	3.878459190935449885e-01	3.878459190935449885e-01	3.592195823185039827e-01	3.878459190935449885e-01	3.182803238819820191e-01	3.878459190935449885e-01	3.019238904238619736e-01	3.878459190935449885e-01	3.878459190935449885e-01	2.069528608448599830e-02	3.226447115061459869e-01	3.878459190935449885e-01	3.288756216447660252e-01	3.878459190935449885e-01	3.878459190935449885e-01	1.076304847582549989e-01	3.878459190935449885e-01	3.465548847888860196e-01	3.878459190935449885e-01	3.878459190935449885e-01	3.878459190935449885e-01	3.878459190935449885e-01	2.994920236000209735e-01	3.878459190935449885e-01	3.878459190935449885e-01	8.130652681482390676e-02	3.878459190935449885e-01	7.271788739417940628e-02	3.015978349881239806e-01	3.878459190935449885e-01	3.878459190935449885e-01	3.878459190935449885e-01	1.000000000000000082e-05	3.878459190935449885e-01	3.878459190935449885e-01	3.878459190935449885e-01	3.179368035648990065e-01	2.951152319783360012e-01	3.878459190935449885e-01	3.878459190935449885e-01	3.006599655589959896e-01	3.065127778913239731e-01	3.878459190935449885e-01	3.878459190935449885e-01	1.651781299549459903e-01	2.978803528853249949e-01	2.950531828350569929e-01	2.498101426101740075e-01	3.878459190935449885e-01	3.878459190935449885e-01	3.878459190935449885e-01	3.878459190935449885e-01	3.878459190935449885e-01	3.878459190935449885e-01	2.870098933728220114e-01	3.878459190935449885e-01	3.010489539275360005e-01	3.878459190935449885e-01	3.878459190935449885e-01	3.551514872405099887e-01	3.878459190935449885e-01	3.498126496504839755e-01	3.878459190935449885e-01	3.163865941877260224e-01	3.878459190935449885e-01	3.878459190935449885e-01	3.878459190935449885e-01	3.878459190935449885e-01
6.032975224382870483e-01	3.878459190935449885e-01	3.878459190935449885e-01	3.878459190935449885e-01	3.878459190935449885e-01	5.320272361309990039e-01	4.534276830640909806e-01	3.878459190935449885e-01	3.038684284848999773e-01	3.271285022544430099e-01	1.000000000000000000e+00	3.878459190935449885e-01	3.878459190935449885e-01	3.878459190935449885e-01	3.878459190935449885e-01	3.878459190935449885e-01	5.989666411150910141e-01	5.374768508459270011e-01	3.878459190935449885e-01	3.878459190935449885e-01	4.808626468148199939e-01	6.014038434852679860e-01	4.885659901324410082e-01	6.107216271838440402e-01	4.352991601401359767e-01	3.878459190935449885e-01	6.553130872763759940e-02	3.878459190935449885e-01	5.360097204140059635e-01	4.495090352418399937e-01	4.763623396310729952e-01	3.878459190935449885e-01	3.878459190935449885e-01	3.878459190935449885e-01	5.977405800127000290e-01	4.742325934919630059e-01	5.171235627398510504e-01	5.612716356196170153e-01	3.198751977645099970e-02	3.878459190935449885e-01	5.881375555712620162e-01	4.626619798711040232e-01	3.878459190935449885e-01	1.128315124128559943e-01	3.878459190935449885e-01	5.718652659397189808e-01	3.878459190935449885e-01	3.878459190935449885e-01	3.878459190935449885e-01	5.239114485289819712e-01	4.715832334840729945e-01	3.878459190935449885e-01	3.878459190935449885e-01	3.878459190935449885e-01	3.878459190935449885e-01	5.678441497362329837e-01	3.878459190935449885e-01	3.878459190935449885e-01	3.878459190935449885e-01	4.899876555752160079e-01	3.878459190935449885e-01	3.878459190935449885e-01	4.976919102497380232e-01	3.878459190935449885e-01	3.159012995761359965e-01	2.950445909228140151e-02	3.878459190935449885e-01	1.242626584720720080e-02	5.448371853739020221e-01	7.662783620931179485e-02	3.878459190935449885e-01	3.878459190935449885e-01	3.878459190935449885e-01	5.689828295009380366e-01	4.947028898810160169e-01	3.878459190935449885e-01	4.981572590554240176e-01	5.523285694204630447e-01	3.878459190935449885e-01	5.406169484741979447e-01	4.099225470883369749e-01	3.878459190935449885e-01	3.005541723126780029e-01	3.878459190935449885e-01	3.878459190935449885e-01	1.170127731145070016e-01	3.878459190935449885e-01	5.098185680471170045e-01	1.000000000000000082e-05	3.878459190935449885e-01	3.878459190935449885e-01	3.878459190935449885e-01	5.132584379459590451e-01	4.898653069346090017e-01	3.878459190935449885e-01	3.878459190935449885e-01	4.989182574745609777e-01	3.878459190935449885e-01	3.969426336575600255e-04	3.878459190935449885e-01	2.592852307953780189e-01	4.982476304411559975e-01	4.848551061052039923e-01	4.071513805052829893e-01	5.639616026305950269e-01	5.527901194846149835e-01	5.511371575851049531e-01	5.146747094894800201e-01	3.878459190935449885e-01	5.214077527297990011e-01	4.745313288206550184e-01	4.165625157001470180e-01	3.878459190935449885e-01	3.878459190935449885e-01	5.904618482091830156e-01	5.832946942382869482e-01	5.886533062635419533e-01	3.878459190935449885e-01	3.878459190935449885e-01	3.878459190935449885e-01	5.576005607171340417e-01	3.878459190935449885e-01	4.848662982248009845e-01	4.705037389305850026e-01
3.878459190935449885e-01	5.961038597997200261e-01	5.482582283240530208e-01	5.501515214365110262e-01	3.878459190935449885e-01	3.878459190935449885e-01	3.878459190935449885e-01	3.878459190935449885e-01	3.878459190935449885e-01	3.284483749003799802e-01	3.878459190935449885e-01	1.000000000000000000e+00	5.855626989251939696e-01	3.878459190935449885e-01	3.878459190935449885e-01	3.878459190935449885e-01	6.048999983223639632e-01	5.418591776290969664e-01	3.878459190935449885e-01	3.878459190935449885e-01	4.922799513220679768e-01	3.878459190935449885e-01	3.878459190935449885e-01	6.218583400087349666e-01	4.474679837055700049e-01	3.878459190935449885e-01	3.878459190935449885e-01	2.254486832537689889e-01	5.453323835263740316e-01	4.616914855986209987e-01	3.878459190935449885e-01	6.222997159136339773e-01	3.878459190935449885e-01	2.610512247967239907e-01	3.878459190935449885e-01	3.878459190935449885e-01	3.878459190935449885e-01	3.878459190935449885e-01	3.878459190935449885e-01	5.434358611934250183e-01	6.021757621322869625e-01	3.878459190935449885e-01	3.878459190935449885e-01	3.878459190935449885e-01	3.432824476694389948e-01	3.878459190935449885e-01	3.510763180484670065e-01	4.835179438297669829e-01	5.224471925967439923e-01	3.878459190935449885e-01	3.878459190935449885e-01	3.878459190935449885e-01	5.609802372925479785e-01	3.878459190935449885e-01	3.878459190935449885e-01	3.878459190935449885e-01	5.148802499404999677e-01	6.008401761867759872e-01	3.878459190935449885e-01	4.947424307811750244e-01	3.878459190935449885e-01	3.043438160821920202e-01	3.878459190935449885e-01	3.964441032127030140e-01	3.878459190935449885e-01	3.878459190935449885e-01	3.878459190935449885e-01	1.298704947488530000e-02	5.514428097540989837e-01	7.859368506320610348e-02	5.986347357264839575e-01	1.726352038223840091e-01	6.076254521514660167e-01	3.878459190935449885e-01	4.961176772824690273e-01	3.878459190935449885e-01	5.083345097831599713e-01	5.620743946909759758e-01	3.878459190935449885e-01	5.472995753028060406e-01	3.878459190935449885e-01	1.301936697486089922e-01	3.091128478720580053e-01	3.878459190935449885e-01	5.030268234539240213e-01	1.208096766614149969e-01	5.378717682568320280e-01	3.878459190935449885e-01	3.878459190935449885e-01	3.878459190935449885e-01	3.878459190935449885e-01	5.654642944822340089e-01	3.878459190935449885e-01	3.878459190935449885e-01	2.286976404494910076e-01	3.878459190935449885e-01	3.878459190935449885e-01	3.878459190935449885e-01	3.878459190935449885e-01	3.878459190935449885e-01	2.664315303286119985e-01	5.038440353092720203e-01	3.878459190935449885e-01	3.878459190935449885e-01	3.878459190935449885e-01	3.878459190935449885e-01	5.629590854162269675e-01	3.878459190935449885e-01	6.360423654455630293e-01	5.244614472906700131e-01	3.878459190935449885e-01	4.229240756591660100e-01	4.970384571796520046e-01	3.878459190935449885e-01	3.878459190935449885e-01	3.878459190935449885e-01	5.961911998585129879e-01	5.938688936885220260e-01	5.991336422774169446e-01	3.878459190935449885e-01	5.679923355520809514e-01	5.840088608278389826e-01	4.984837119438850217e-01	4.823186947358150123e-01
