1.000000000000000000e+00	2.772451099466674007e-01	2.772451099466674007e-01	2.772451099466674007e-01	2.772451099466674007e-01	2.772451099466674007e-01	2.772451099466674007e-01	2.772451099466674007e-01	2.772451099466674007e-01	2.772451099466674007e-01	2.919161676646709891e-01	2.772451099466674007e-01	2.772451099466674007e-01	2.772451099466674007e-01	2.772451099466674007e-01	2.772451099466674007e-01	2.772451099466674007e-01	3.674698795180719735e-01	2.772451099466674007e-01	2.772451099466674007e-01	3.366708385481850252e-01	3.503759398496240074e-01	2.866242038216559873e-01	2.949526813880130049e-01	2.772451099466674007e-01	2.772451099466674007e-01	2.772451099466674007e-01	2.772451099466674007e-01	2.563636363636360160e-01	2.772451099466674007e-01	2.772451099466674007e-01	9.951456310679610007e-02	2.772451099466674007e-01	2.772451099466674007e-01	2.772451099466674007e-01	3.047445255474450221e-01	2.772451099466674007e-01	2.772451099466674007e-01	2.772451099466674007e-01	2.772451099466674007e-01	3.125000000000000000e-01	2.772451099466674007e-01	1.773195876288659878e-01	2.772451099466674007e-01	2.772451099466674007e-01	2.772451099466674007e-01	2.244165170556549904e-01	2.516339869281050134e-01	2.772451099466674007e-01	2.772451099466674007e-01	2.772451099466674007e-01	2.772451099466674007e-01	2.772451099466674007e-01	2.483974358974359864e-01	2.336283185840709875e-01	2.772451099466674007e-01	2.772451099466674007e-01	1.605206073752709905e-01	2.772451099466674007e-01	2.140522875816990023e-01	2.772451099466674007e-01	2.772451099466674007e-01	2.772451099466674007e-01	2.772451099466674007e-01	2.772451099466674007e-01	2.772451099466674007e-01	2.750000000000000222e-01	2.772451099466674007e-01	2.772451099466674007e-01	1.674107142857139963e-01	2.560606060606059886e-01	2.772451099466674007e-01	3.095238095238099785e-01	2.772451099466674007e-01	2.772451099466674007e-01	3.389639639639639990e-01	2.500000000000000000e-01	2.772451099466674007e-01	2.772451099466674007e-01	2.753846153846150058e-01	2.772451099466674007e-01	2.772451099466674007e-01	2.772451099466674007e-01	2.772451099466674007e-01	2.772451099466674007e-01	2.772451099466674007e-01	2.772451099466674007e-01	2.772451099466674007e-01	2.772451099466674007e-01	2.772451099466674007e-01	2.772451099466674007e-01	2.772451099466674007e-01	2.772451099466674007e-01	2.772451099466674007e-01	2.772451099466674007e-01	2.772451099466674007e-01	2.772451099466674007e-01	2.404181184668990057e-01	2.772451099466674007e-01	2.772451099466674007e-01	2.671353251318099864e-01	2.772451099466674007e-01	2.772451099466674007e-01	2.772451099466674007e-01	2.772451099466674007e-01	2.772451099466674007e-01	2.794759825327510216e-01	2.772451099466674007e-01	3.233438485804420170e-01	2.772451099466674007e-01	2.772451099466674007e-01	2.772451099466674007e-01	2.772451099466674007e-01	4.839797639123100126e-01	2.772451099466674007e-01	2.772451099466674007e-01	2.772451099466674007e-01	2.772451099466674007e-01	2.772451099466674007e-01	2.772451099466674007e-01	2.772451099466674007e-01	2.772451099466674007e-01	2.772451099466674007e-01	2.772451099466674007e-01
2.772451099466674007e-01	1.000000000000000000e+00	3.318681318681320214e-01	2.772451099466674007e-01	2.772451099466674007e-01	6.967213114754100545e-01	2.772451099466674007e-01	2.772451099466674007e-01	3.484358144552319736e-01	3.989304812834220115e-01	2.772451099466674007e-01	2.772451099466674007e-01	2.772451099466674007e-01	2.772451099466674007e-01	2.772451099466674007e-01	2.772451099466674007e-01	2.772451099466674007e-01	2.772451099466674007e-01	2.772451099466674007e-01	3.326110509209099786e-01	6.153061224489799752e-01	2.772451099466674007e-01	2.772451099466674007e-01	4.227902023429179756e-01	2.772451099466674007e-01	5.503634475597090070e-01	1.451068616422949986e-01	2.772451099466674007e-01	2.772451099466674007e-01	2.772451099466674007e-01	2.772451099466674007e-01	2.772451099466674007e-01	2.772451099466674007e-01	2.772451099466674007e-01	2.772451099466674007e-01	2.772451099466674007e-01	2.772451099466674007e-01	2.772451099466674007e-01	2.772451099466674007e-01	2.772451099466674007e-01	2.772451099466674007e-01	2.772451099466674007e-01	2.120535714285710083e-01	2.772451099466674007e-01	7.008113590263690407e-01	3.916755602988259977e-01	2.772451099466674007e-01	2.772451099466674007e-01	2.772451099466674007e-01	2.772451099466674007e-01	2.772451099466674007e-01	2.772451099466674007e-01	7.885714285714290339e-02	2.772451099466674007e-01	2.772451099466674007e-01	2.772451099466674007e-01	4.288747346072189770e-01	1.864406779661020030e-01	2.772451099466674007e-01	2.772451099466674007e-01	7.657657657657659933e-02	2.772451099466674007e-01	3.626609442060089727e-01	2.772451099466674007e-01	2.772451099466674007e-01	2.772451099466674007e-01	2.772451099466674007e-01	2.772451099466674007e-01	2.772451099466674007e-01	2.772451099466674007e-01	2.772451099466674007e-01	2.772451099466674007e-01	2.772451099466674007e-01	2.772451099466674007e-01	2.772451099466674007e-01	2.772451099466674007e-01	2.772451099466674007e-01	2.772451099466674007e-01	2.772451099466674007e-01	2.772451099466674007e-01	7.174796747967480126e-01	6.864988558352399725e-03	2.000000000000000111e-01	2.772451099466674007e-01	2.772451099466674007e-01	2.772451099466674007e-01	3.750000000000000000e-01	6.802443991853359684e-01	2.772451099466674007e-01	2.772451099466674007e-01	2.772451099466674007e-01	2.772451099466674007e-01	9.458874458874459989e-01	3.980582524271840117e-01	1.313131313131309930e-01	2.772451099466674007e-01	2.772451099466674007e-01	2.772451099466674007e-01	2.772451099466674007e-01	2.772451099466674007e-01	3.347732181425490117e-01	2.775377969762419794e-01	3.192640692640689726e-01	2.772451099466674007e-01	3.192640692640689726e-01	2.772451099466674007e-01	2.772451099466674007e-01	2.772451099466674007e-01	2.772451099466674007e-01	2.772451099466674007e-01	2.772451099466674007e-01	4.336188436830840098e-01	2.772451099466674007e-01	2.772451099466674007e-01	2.772451099466674007e-01	2.772451099466674007e-01	2.772451099466674007e-01	2.772451099466674007e-01	3.685344827586209959e-01	2.772451099466674007e-01	2.772451099466674007e-01	2.772451099466674007e-01	2.772451099466674007e-01	2.772451099466674007e-01
2.772451099466674007e-01	3.318681318681320214e-01	1.000000000000000000e+00	2.772451099466674007e-01	2.772451099466674007e-01	3.130128956623680070e-01	2.772451099466674007e-01	2.962962962962960023e-01	2.772451099466674007e-01	2.676518883415440198e-01	2.772451099466674007e-01	2.670713201820940075e-01	2.772451099466674007e-01	2.772451099466674007e-01	1.528822055137840086e-01	2.557726465364120183e-01	2.772451099466674007e-01	2.772451099466674007e-01	2.772451099466674007e-01	2.772451099466674007e-01	2.772451099466674007e-01	2.802919708029200097e-01	3.094841930116469797e-01	2.987012987012990228e-01	2.596153846153850253e-01	2.772451099466674007e-01	2.772451099466674007e-01	2.772451099466674007e-01	2.430426716141000087e-01	2.772451099466674007e-01	2.772451099466674007e-01	2.772451099466674007e-01	2.772451099466674007e-01	2.772451099466674007e-01	2.772451099466674007e-01	2.772451099466674007e-01	2.127659574468090120e-01	2.772451099466674007e-01	2.772451099466674007e-01	2.772451099466674007e-01	2.868318122555409966e-01	2.772451099466674007e-01	2.772451099466674007e-01	2.772451099466674007e-01	2.772451099466674007e-01	2.569558101473000122e-01	2.772451099466674007e-01	2.605752961082909991e-01	2.619414483821260187e-01	2.772451099466674007e-01	2.772451099466674007e-01	2.772451099466674007e-01	1.208791208791210048e-01	3.091537132987909886e-01	2.778827977315689868e-01	2.772451099466674007e-01	2.772451099466674007e-01	1.371681415929200121e-01	1.880341880341880045e-01	2.772451099466674007e-01	2.772451099466674007e-01	2.772451099466674007e-01	2.772451099466674007e-01	2.772988505747129850e-01	2.772451099466674007e-01	3.093093093093089996e-01	2.772451099466674007e-01	1.682242990654209958e-01	3.300781250000000000e-01	2.772451099466674007e-01	3.159609120521170156e-01	2.772451099466674007e-01	2.772451099466674007e-01	3.069105691056909779e-01	2.772451099466674007e-01	2.772451099466674007e-01	2.772451099466674007e-01	2.588996763754050079e-01	2.772451099466674007e-01	3.011272141706919925e-01	2.772451099466674007e-01	2.772451099466674007e-01	2.772451099466674007e-01	3.153374233128830029e-01	2.772451099466674007e-01	2.772451099466674007e-01	2.867383512544799951e-01	2.772451099466674007e-01	2.772451099466674007e-01	2.772451099466674007e-01	2.772451099466674007e-01	2.772451099466674007e-01	2.772451099466674007e-01	2.772451099466674007e-01	2.772451099466674007e-01	2.772451099466674007e-01	2.772451099466674007e-01	2.772451099466674007e-01	2.772451099466674007e-01	2.846251588310039771e-01	2.772451099466674007e-01	2.772451099466674007e-01	2.671614100185529805e-01	2.772451099466674007e-01	2.772451099466674007e-01	2.772451099466674007e-01	2.772451099466674007e-01	2.772451099466674007e-01	2.772451099466674007e-01	2.772451099466674007e-01	2.772451099466674007e-01	2.930756843800320088e-01	2.772451099466674007e-01	3.074581430745810251e-01	2.772451099466674007e-01	2.772451099466674007e-01	2.772451099466674007e-01	2.772451099466674007e-01	2.590051457975989790e-01	2.807971014492749995e-01	2.772451099466674007e-01	2.119205298013250027e-01	2.772451099466674007e-01	2.772451099466674007e-01
2.772451099466674007e-01	2.772451099466674007e-01	2.772451099466674007e-01	1.000000000000000000e+00	2.772451099466674007e-01	2.772451099466674007e-01	2.772451099466674007e-01	2.772451099466674007e-01	2.772451099466674007e-01	2.772451099466674007e-01	3.968462549277270157e-01	2.772451099466674007e-01	2.772451099466674007e-01	2.772451099466674007e-01	2.772451099466674007e-01	2.979020979020979842e-01	2.772451099466674007e-01	2.772451099466674007e-01	2.848664688427299807e-01	2.772451099466674007e-01	2.772451099466674007e-01	2.772451099466674007e-01	2.772451099466674007e-01	2.772451099466674007e-01	2.772451099466674007e-01	2.772451099466674007e-01	2.772451099466674007e-01	2.772451099466674007e-01	2.875722543352600136e-01	2.772451099466674007e-01	2.772451099466674007e-01	1.067796610169489957e-01	2.772451099466674007e-01	3.161659513590839854e-01	2.772451099466674007e-01	2.772451099466674007e-01	2.488954344624449977e-01	2.772451099466674007e-01	2.772451099466674007e-01	2.772451099466674007e-01	4.245283018867920255e-01	3.924665856622109872e-01	2.772451099466674007e-01	2.772451099466674007e-01	4.820457018498370272e-01	2.772451099466674007e-01	2.772451099466674007e-01	3.287482806052269835e-01	2.772451099466674007e-01	2.772451099466674007e-01	2.772451099466674007e-01	2.772451099466674007e-01	2.772451099466674007e-01	2.772451099466674007e-01	2.772451099466674007e-01	2.772451099466674007e-01	3.838926174496640198e-01	1.538461538461539935e-01	2.216981132075470096e-01	2.772451099466674007e-01	2.772451099466674007e-01	2.772451099466674007e-01	2.772451099466674007e-01	2.772451099466674007e-01	2.772451099466674007e-01	2.772451099466674007e-01	2.772451099466674007e-01	2.772451099466674007e-01	2.772451099466674007e-01	2.772451099466674007e-01	2.772451099466674007e-01	2.772451099466674007e-01	2.772451099466674007e-01	2.772451099466674007e-01	2.772451099466674007e-01	5.081433224755700362e-01	2.772451099466674007e-01	2.772451099466674007e-01	2.772451099466674007e-01	3.756684491978610207e-01	2.772451099466674007e-01	8.928571428571429811e-03	2.772451099466674007e-01	2.772451099466674007e-01	2.772451099466674007e-01	2.772451099466674007e-01	2.772451099466674007e-01	2.772451099466674007e-01	2.772451099466674007e-01	3.941326530612240253e-01	2.772451099466674007e-01	2.772451099466674007e-01	5.257201646090530200e-01	2.772451099466674007e-01	2.772451099466674007e-01	2.772451099466674007e-01	2.203389830508470093e-01	3.392070484581499734e-01	2.261904761904759975e-01	4.226327944572749740e-01	2.772451099466674007e-01	2.772451099466674007e-01	2.772451099466674007e-01	2.772451099466674007e-01	2.772451099466674007e-01	2.772451099466674007e-01	3.692893401015229782e-01	2.772451099466674007e-01	3.423772609819120127e-01	2.772451099466674007e-01	2.772451099466674007e-01	2.772451099466674007e-01	4.062500000000000000e-01	2.772451099466674007e-01	2.772451099466674007e-01	2.772451099466674007e-01	2.772451099466674007e-01	2.772451099466674007e-01	2.772451099466674007e-01	2.772451099466674007e-01	2.772451099466674007e-01	2.145110410094639986e-01	2.772451099466674007e-01	2.772451099466674007e-01
2.772451099466674007e-01	2.772451099466674007e-01	2.772451099466674007e-01	2.772451099466674007e-01	1.000000000000000000e+00	3.266978922716630152e-01	2.772451099466674007e-01	2.466666666666670060e-01	2.665505226480839873e-01	2.772451099466674007e-01	2.772451099466674007e-01	2.772451099466674007e-01	2.772451099466674007e-01	2.881355932203389925e-01	2.772451099466674007e-01	2.772451099466674007e-01	2.835820895522390139e-01	2.772451099466674007e-01	2.230483271375459930e-01	2.772451099466674007e-01	2.772451099466674007e-01	3.011695906432749759e-01	2.772451099466674007e-01	2.783018867924529904e-01	2.523510971786829815e-01	3.055181695827730026e-01	1.250000000000000000e-01	3.123209169054440015e-01	2.306306306306309950e-01	2.677760968229950245e-01	2.772451099466674007e-01	2.772451099466674007e-01	2.772451099466674007e-01	2.772451099466674007e-01	3.228782287822880015e-01	2.772451099466674007e-01	1.895910780669139983e-01	2.772451099466674007e-01	2.772451099466674007e-01	2.772451099466674007e-01	2.772451099466674007e-01	2.772451099466674007e-01	2.772451099466674007e-01	2.772451099466674007e-01	3.264367816091949814e-01	2.772451099466674007e-01	2.772451099466674007e-01	2.696817420435509982e-01	2.772451099466674007e-01	2.863247863247859737e-01	2.772451099466674007e-01	2.772451099466674007e-01	1.286863270777479917e-01	2.772451099466674007e-01	2.436823104693139896e-01	1.856540084388189904e-01	2.772451099466674007e-01	2.772451099466674007e-01	2.772451099466674007e-01	2.585616438356159730e-01	2.772451099466674007e-01	2.772451099466674007e-01	2.429284525790350036e-01	2.772451099466674007e-01	2.772451099466674007e-01	2.789017341040460063e-01	2.772451099466674007e-01	2.772451099466674007e-01	2.772451099466674007e-01	2.772451099466674007e-01	2.772451099466674007e-01	2.772451099466674007e-01	2.085470085470089996e-01	2.772451099466674007e-01	2.772451099466674007e-01	2.772451099466674007e-01	2.704081632653059786e-01	2.772451099466674007e-01	2.772451099466674007e-01	2.788161993769470159e-01	3.337142857142860186e-01	1.133144475920679940e-02	2.772451099466674007e-01	3.312883435582820169e-01	2.772451099466674007e-01	2.772451099466674007e-01	2.327150084317030077e-01	2.772451099466674007e-01	2.772451099466674007e-01	2.900874635568509996e-01	2.772451099466674007e-01	2.122370936902490124e-01	2.772451099466674007e-01	2.772451099466674007e-01	2.772451099466674007e-01	2.772451099466674007e-01	2.772451099466674007e-01	2.772451099466674007e-01	2.772451099466674007e-01	3.178893178893180127e-01	2.772451099466674007e-01	2.772451099466674007e-01	2.772451099466674007e-01	2.612752721617420115e-01	2.772451099466674007e-01	2.772451099466674007e-01	2.496413199426109897e-01	2.772451099466674007e-01	2.772451099466674007e-01	2.772451099466674007e-01	2.772451099466674007e-01	2.772451099466674007e-01	2.772451099466674007e-01	2.729927007299269848e-01	2.772451099466674007e-01	2.772451099466674007e-01	2.552504038772209771e-01	2.332089552238809926e-01	2.772451099466674007e-01	2.500000000000000000e-01	3.045685279187819727e-01	2.772451099466674007e-01	2.772451099466674007e-01	2.772451099466674007e-01
2.772451099466674007e-01	6.967213114754100545e-01	3.130128956623680070e-01	2.772451099466674007e-01	3.266978922716630152e-01	1.000000000000000000e+00	2.772451099466674007e-01	3.536165327210100129e-01	2.772451099466674007e-01	3.709131905298759802e-01	2.772451099466674007e-01	2.772451099466674007e-01	2.772451099466674007e-01	2.772451099466674007e-01	2.772451099466674007e-01	2.772451099466674007e-01	2.772451099466674007e-01	2.772451099466674007e-01	2.772451099466674007e-01	2.772451099466674007e-01	2.772451099466674007e-01	2.772451099466674007e-01	2.772451099466674007e-01	4.088335220838050232e-01	4.089347079037800037e-01	5.178764897074760176e-01	2.772451099466674007e-01	2.772451099466674007e-01	3.075117370892019864e-01	2.772451099466674007e-01	2.772451099466674007e-01	2.772451099466674007e-01	3.772935779816509738e-01	2.772451099466674007e-01	2.772451099466674007e-01	3.186558516801850094e-01	2.772451099466674007e-01	3.375870069605569901e-01	2.772451099466674007e-01	2.772451099466674007e-01	2.772451099466674007e-01	2.772451099466674007e-01	2.772451099466674007e-01	2.772451099466674007e-01	2.772451099466674007e-01	2.772451099466674007e-01	2.772451099466674007e-01	2.772451099466674007e-01	2.772451099466674007e-01	2.772451099466674007e-01	2.772451099466674007e-01	4.532130777903040086e-01	2.772451099466674007e-01	2.772451099466674007e-01	3.008130081300809944e-01	2.199017199017199997e-01	2.772451099466674007e-01	2.772451099466674007e-01	2.772451099466674007e-01	3.417721518987340001e-01	7.462686567164179829e-02	2.772451099466674007e-01	2.772451099466674007e-01	5.481997677119629930e-01	2.772451099466674007e-01	4.509371554575519747e-01	3.515358361774740259e-01	1.597051597051599992e-01	7.636718750000000000e-01	2.772451099466674007e-01	4.507531865585169828e-01	7.230614300100709491e-01	3.095512082853860147e-01	2.772451099466674007e-01	2.772451099466674007e-01	6.516393442622949728e-01	2.772451099466674007e-01	2.772451099466674007e-01	2.772451099466674007e-01	2.772451099466674007e-01	2.772451099466674007e-01	7.672634271099740104e-03	2.078720787207870013e-01	2.772451099466674007e-01	2.772451099466674007e-01	2.772451099466674007e-01	2.772451099466674007e-01	6.331236897274630238e-01	2.772451099466674007e-01	4.525386313465780130e-01	2.772451099466674007e-01	2.772451099466674007e-01	2.772451099466674007e-01	3.967517401392109955e-01	2.772451099466674007e-01	2.772451099466674007e-01	1.743462017434619926e-01	2.772451099466674007e-01	2.538922155688619897e-01	2.772451099466674007e-01	2.772451099466674007e-01	2.772451099466674007e-01	2.772451099466674007e-01	3.955056179775279790e-01	2.772451099466674007e-01	2.772451099466674007e-01	2.772451099466674007e-01	2.772451099466674007e-01	2.772451099466674007e-01	2.772451099466674007e-01	2.772451099466674007e-01	2.772451099466674007e-01	2.772451099466674007e-01	4.240437158469950174e-01	2.772451099466674007e-01	4.360135900339749959e-01	2.772451099466674007e-01	2.862190812720850075e-01	2.772451099466674007e-01	3.337195828505210016e-01	2.772451099466674007e-01	2.080291970802919943e-01	3.809523809523809867e-01	2.772451099466674007e-01
2.772451099466674007e-01	2.772451099466674007e-01	2.772451099466674007e-01	2.772451099466674007e-01	2.772451099466674007e-01	2.772451099466674007e-01	1.000000000000000000e+00	2.018691588785050117e-01	2.772451099466674007e-01	2.772451099466674007e-01	2.175324675324679935e-01	2.140522875816990023e-01	2.772451099466674007e-01	2.772451099466674007e-01	2.772451099466674007e-01	2.772451099466674007e-01	2.772451099466674007e-01	2.772451099466674007e-01	2.772451099466674007e-01	2.772451099466674007e-01	2.772451099466674007e-01	2.772451099466674007e-01	2.772451099466674007e-01	2.772451099466674007e-01	2.326820603907640006e-01	2.772451099466674007e-01	2.772451099466674007e-01	2.177177177177180012e-01	2.772451099466674007e-01	2.772451099466674007e-01	2.772451099466674007e-01	2.772451099466674007e-01	2.772451099466674007e-01	2.772451099466674007e-01	2.142857142857139963e-01	1.920792079207920000e-01	2.772451099466674007e-01	2.772451099466674007e-01	2.241630276564769986e-01	2.772451099466674007e-01	2.260273972602739878e-01	2.772451099466674007e-01	2.772451099466674007e-01	3.043478260869569851e-01	2.772451099466674007e-01	1.922398589065260066e-01	1.978947368421050124e-01	2.772451099466674007e-01	2.016528925619829882e-01	2.772451099466674007e-01	2.772451099466674007e-01	2.772451099466674007e-01	2.772451099466674007e-01	2.772451099466674007e-01	2.772451099466674007e-01	2.772451099466674007e-01	2.772451099466674007e-01	2.772451099466674007e-01	2.772451099466674007e-01	2.772451099466674007e-01	2.772451099466674007e-01	2.772451099466674007e-01	2.772451099466674007e-01	2.772451099466674007e-01	2.772451099466674007e-01	2.074303405572759940e-01	2.772451099466674007e-01	2.772451099466674007e-01	2.772451099466674007e-01	2.023460410557179900e-01	2.323580034423410046e-01	2.566844919786099855e-01	2.772451099466674007e-01	2.772451099466674007e-01	3.209876543209880251e-01	2.772451099466674007e-01	2.772451099466674007e-01	2.772451099466674007e-01	1.738148984198649993e-01	2.772451099466674007e-01	2.772451099466674007e-01	8.000000000000000167e-03	2.772451099466674007e-01	2.772451099466674007e-01	2.772451099466674007e-01	2.772451099466674007e-01	1.923809523809519861e-01	2.772451099466674007e-01	2.772451099466674007e-01	2.149532710280369907e-01	2.772451099466674007e-01	2.772451099466674007e-01	2.513368983957219860e-01	2.772451099466674007e-01	1.275964391691389865e-01	2.772451099466674007e-01	1.695402298850569867e-01	2.772451099466674007e-01	2.772451099466674007e-01	2.772451099466674007e-01	1.875000000000000000e-01	2.772451099466674007e-01	2.772451099466674007e-01	2.772451099466674007e-01	1.819999999999999951e-01	2.772451099466674007e-01	2.772451099466674007e-01	2.772451099466674007e-01	2.772451099466674007e-01	2.772451099466674007e-01	2.772451099466674007e-01	1.889632107023410112e-01	2.772451099466674007e-01	2.772451099466674007e-01	2.772451099466674007e-01	2.772451099466674007e-01	2.772451099466674007e-01	1.440329218106999876e-01	2.772451099466674007e-01	2.772451099466674007e-01	2.772451099466674007e-01	2.772451099466674007e-01	2.112436115843270013e-01	1.712962962962960023e-01
2.772451099466674007e-01	2.772451099466674007e-01	2.962962962962960023e-01	2.772451099466674007e-01	2.466666666666670060e-01	3.536165327210100129e-01	2.018691588785050117e-01	1.000000000000000000e+00	2.772451099466674007e-01	2.772451099466674007e-01	2.772451099466674007e-01	2.772451099466674007e-01	2.772451099466674007e-01	2.772451099466674007e-01	2.772451099466674007e-01	2.772451099466674007e-01	3.073593073593069991e-01	2.772451099466674007e-01	2.772451099466674007e-01	2.676767676767680126e-01	2.772451099466674007e-01	2.772451099466674007e-01	2.772451099466674007e-01	2.772451099466674007e-01	3.370253164556960002e-01	2.772451099466674007e-01	2.772451099466674007e-01	3.723252496433669956e-01	2.772451099466674007e-01	3.174366616989570122e-01	2.772451099466674007e-01	2.772451099466674007e-01	2.772451099466674007e-01	2.612312811980029847e-01	2.549342105263159852e-01	2.772451099466674007e-01	2.772451099466674007e-01	2.652388797364089723e-01	2.772451099466674007e-01	3.521303258145360160e-01	3.479381443298970034e-01	3.279352226720649854e-01	2.772451099466674007e-01	2.772451099466674007e-01	3.777267508610789859e-01	2.742681047765789804e-01	2.743362831858410233e-01	2.772451099466674007e-01	2.836257309941520033e-01	2.772451099466674007e-01	3.001555209953339909e-01	3.313696612665680274e-01	9.112149532710279998e-02	2.772451099466674007e-01	2.940140845070419728e-01	2.772451099466674007e-01	2.772451099466674007e-01	2.772451099466674007e-01	2.772451099466674007e-01	2.772451099466674007e-01	7.882882882882880082e-02	2.772451099466674007e-01	2.873376623376620032e-01	2.772451099466674007e-01	2.772451099466674007e-01	2.772451099466674007e-01	2.772451099466674007e-01	2.772451099466674007e-01	2.772451099466674007e-01	2.772451099466674007e-01	2.998500749625189754e-01	2.772451099466674007e-01	2.772451099466674007e-01	2.772451099466674007e-01	2.772451099466674007e-01	3.817567567567570208e-01	2.772451099466674007e-01	2.772451099466674007e-01	2.772451099466674007e-01	2.772451099466674007e-01	2.772451099466674007e-01	2.772451099466674007e-01	2.772451099466674007e-01	2.772451099466674007e-01	2.772451099466674007e-01	2.772451099466674007e-01	2.772451099466674007e-01	2.772451099466674007e-01	2.772451099466674007e-01	2.772451099466674007e-01	2.772451099466674007e-01	2.772451099466674007e-01	2.772451099466674007e-01	2.772451099466674007e-01	2.772451099466674007e-01	3.112391930835740061e-01	2.772451099466674007e-01	2.772451099466674007e-01	2.772451099466674007e-01	2.772451099466674007e-01	2.772451099466674007e-01	2.772451099466674007e-01	2.772451099466674007e-01	3.124042879019909846e-01	3.226381461675579820e-01	2.772451099466674007e-01	2.772451099466674007e-01	2.772451099466674007e-01	3.128742514970059840e-01	2.772451099466674007e-01	2.772451099466674007e-01	2.942942942942939899e-01	2.772451099466674007e-01	2.772451099466674007e-01	2.358974358974360030e-01	2.772451099466674007e-01	2.772451099466674007e-01	2.772451099466674007e-01	2.772451099466674007e-01	2.772451099466674007e-01	2.772451099466674007e-01	2.772451099466674007e-01	2.772451099466674007e-01	2.772451099466674007e-01
2.772451099466674007e-01	3.484358144552319736e-01	2.772451099466674007e-01	2.772451099466674007e-01	2.665505226480839873e-01	2.772451099466674007e-01	2.772451099466674007e-01	2.772451099466674007e-01	1.000000000000000000e+00	2.772451099466674007e-01	2.772451099466674007e-01	2.772451099466674007e-01	2.772451099466674007e-01	2.908545727136430115e-01	2.772451099466674007e-01	2.735042735042739759e-01	2.772451099466674007e-01	2.772451099466674007e-01	2.772451099466674007e-01	2.598967297762480033e-01	2.772451099466674007e-01	3.455882352941179736e-01	2.772451099466674007e-01	2.772451099466674007e-01	2.772451099466674007e-01	3.284379172229640043e-01	2.772451099466674007e-01	3.197755960729309899e-01	2.421052631578949899e-01	3.135464231354639919e-01	2.772451099466674007e-01	2.772451099466674007e-01	2.772451099466674007e-01	2.772451099466674007e-01	2.772451099466674007e-01	3.094812164579610059e-01	2.429906542056070040e-01	2.772451099466674007e-01	3.448753462603880160e-01	2.772451099466674007e-01	2.772451099466674007e-01	2.772451099466674007e-01	2.772451099466674007e-01	2.772451099466674007e-01	2.772451099466674007e-01	2.772451099466674007e-01	2.772451099466674007e-01	2.772451099466674007e-01	2.772451099466674007e-01	2.772451099466674007e-01	2.772451099466674007e-01	2.772451099466674007e-01	2.772451099466674007e-01	2.772451099466674007e-01	2.772808586762069982e-01	2.772451099466674007e-01	2.772451099466674007e-01	2.772451099466674007e-01	2.772451099466674007e-01	2.666666666666669960e-01	9.307875894988069942e-02	2.772451099466674007e-01	2.772451099466674007e-01	2.772451099466674007e-01	2.772451099466674007e-01	2.772451099466674007e-01	2.772451099466674007e-01	2.772451099466674007e-01	2.772451099466674007e-01	2.772451099466674007e-01	2.772451099466674007e-01	2.772451099466674007e-01	2.772451099466674007e-01	2.634508348794060151e-01	2.772451099466674007e-01	2.772451099466674007e-01	2.866666666666670138e-01	2.730109204368170173e-01	2.772451099466674007e-01	2.772451099466674007e-01	3.514739229024940181e-01	2.772451099466674007e-01	1.950207468879670003e-01	2.772451099466674007e-01	3.267477203647419781e-01	2.772451099466674007e-01	2.772451099466674007e-01	2.772451099466674007e-01	2.772451099466674007e-01	2.772451099466674007e-01	2.772451099466674007e-01	2.772451099466674007e-01	2.772451099466674007e-01	2.772451099466674007e-01	2.772451099466674007e-01	2.772451099466674007e-01	2.013422818791950064e-01	2.722513089005240139e-01	2.772451099466674007e-01	2.772451099466674007e-01	2.924693520140109748e-01	2.772451099466674007e-01	2.772451099466674007e-01	2.772451099466674007e-01	2.772451099466674007e-01	2.772451099466674007e-01	3.234859675036930171e-01	2.772451099466674007e-01	3.630573248407639730e-01	2.772451099466674007e-01	2.638036809815950123e-01	2.772451099466674007e-01	2.772451099466674007e-01	3.408071748878919727e-01	2.833638025594150123e-01	3.060606060606059775e-01	2.772451099466674007e-01	2.772451099466674007e-01	2.772451099466674007e-01	2.772451099466674007e-01	2.772451099466674007e-01	2.772451099466674007e-01	2.772451099466674007e-01	2.848484848484850174e-01
2.772451099466674007e-01	3.989304812834220115e-01	2.676518883415440198e-01	2.772451099466674007e-01	2.772451099466674007e-01	3.709131905298759802e-01	2.772451099466674007e-01	2.772451099466674007e-01	2.772451099466674007e-01	1.000000000000000000e+00	2.772451099466674007e-01	3.731563421828910099e-01	2.753846153846150058e-01	3.280346820809250108e-01	2.772451099466674007e-01	2.334869431643629978e-01	3.991097922848659829e-01	2.772451099466674007e-01	2.772451099466674007e-01	3.166666666666669849e-01	2.772451099466674007e-01	2.772451099466674007e-01	3.358547655068079840e-01	2.772451099466674007e-01	2.772451099466674007e-01	3.431122448979589956e-01	2.772451099466674007e-01	2.772451099466674007e-01	2.772451099466674007e-01	2.772451099466674007e-01	2.772451099466674007e-01	2.772451099466674007e-01	2.772451099466674007e-01	2.864077669902910239e-01	2.772451099466674007e-01	2.772451099466674007e-01	2.772451099466674007e-01	2.772451099466674007e-01	3.629139072847680225e-01	3.811881188118810271e-01	3.796178343949039857e-01	2.772451099466674007e-01	2.772451099466674007e-01	2.772451099466674007e-01	4.137142857142859786e-01	2.772451099466674007e-01	3.165217391304350203e-01	2.772451099466674007e-01	2.772451099466674007e-01	2.772451099466674007e-01	2.772451099466674007e-01	3.677325581395349818e-01	9.327548806941429738e-02	2.772451099466674007e-01	2.772451099466674007e-01	1.748633879781419931e-01	3.226277372262770227e-01	1.296296296296300110e-01	2.209737827715360092e-01	2.772451099466674007e-01	8.631578947368420685e-02	2.149046793760830132e-01	3.195548489666140135e-01	2.772451099466674007e-01	2.618296529968450193e-01	2.772451099466674007e-01	2.772451099466674007e-01	1.461538461538459954e-01	2.772451099466674007e-01	2.772451099466674007e-01	2.772451099466674007e-01	2.772451099466674007e-01	2.772451099466674007e-01	2.337228714524209883e-01	2.772451099466674007e-01	4.202247191011240224e-01	3.153724247226620259e-01	2.772451099466674007e-01	2.772451099466674007e-01	2.772451099466674007e-01	2.772451099466674007e-01	9.174311926605510301e-03	2.772451099466674007e-01	2.772451099466674007e-01	2.772451099466674007e-01	1.218568665377180033e-01	3.214285714285710083e-01	2.772451099466674007e-01	2.772451099466674007e-01	2.772451099466674007e-01	2.772451099466674007e-01	2.772451099466674007e-01	4.043433298862459946e-01	2.772451099466674007e-01	1.687242798353910112e-01	2.772451099466674007e-01	2.772451099466674007e-01	2.772451099466674007e-01	2.772451099466674007e-01	2.772451099466674007e-01	2.772451099466674007e-01	2.772451099466674007e-01	2.772451099466674007e-01	2.772451099466674007e-01	2.772451099466674007e-01	2.772451099466674007e-01	2.772451099466674007e-01	2.772451099466674007e-01	2.772451099466674007e-01	2.772451099466674007e-01	2.772451099466674007e-01	2.772451099466674007e-01	3.568521031207599892e-01	2.772451099466674007e-01	2.772451099466674007e-01	2.772451099466674007e-01	2.772451099466674007e-01	2.772451099466674007e-01	2.808641975308640015e-01	2.930756843800320088e-01	2.772451099466674007e-01	2.772451099466674007e-01	3.580060422960730238e-01	2.772451099466674007e-01
2.919161676646709891e-01	2.772451099466674007e-01	2.772451099466674007e-01	3.968462549277270157e-01	2.772451099466674007e-01	2.772451099466674007e-01	2.175324675324679935e-01	2.772451099466674007e-01	2.772451099466674007e-01	2.772451099466674007e-01	1.000000000000000000e+00	3.637602179836509908e-01	2.772451099466674007e-01	2.772451099466674007e-01	2.772451099466674007e-01	2.772451099466674007e-01	2.772451099466674007e-01	3.301127214170689883e-01	2.772451099466674007e-01	3.354037267080750007e-01	4.389086595492289744e-01	3.851261620185920109e-01	3.791606367583210124e-01	2.772451099466674007e-01	2.772451099466674007e-01	4.125786163522009997e-01	2.772451099466674007e-01	2.772451099466674007e-01	2.772451099466674007e-01	2.772451099466674007e-01	2.772451099466674007e-01	2.772451099466674007e-01	2.772451099466674007e-01	2.772451099466674007e-01	2.772451099466674007e-01	2.772451099466674007e-01	2.772451099466674007e-01	2.772451099466674007e-01	3.964421855146120222e-01	2.772451099466674007e-01	2.772451099466674007e-01	2.772451099466674007e-01	2.772451099466674007e-01	2.772451099466674007e-01	2.772451099466674007e-01	2.772451099466674007e-01	2.772451099466674007e-01	2.772451099466674007e-01	2.772451099466674007e-01	2.772451099466674007e-01	3.263009845288329935e-01	3.717774762550880019e-01	2.772451099466674007e-01	2.772451099466674007e-01	2.772451099466674007e-01	2.772451099466674007e-01	2.772451099466674007e-01	1.544991511035649911e-01	1.953642384105959973e-01	2.772451099466674007e-01	2.772451099466674007e-01	2.772451099466674007e-01	2.772451099466674007e-01	3.577863577863579780e-01	2.772451099466674007e-01	2.772451099466674007e-01	2.772451099466674007e-01	2.772451099466674007e-01	4.921875000000000000e-01	1.949910554561720133e-01	2.772451099466674007e-01	2.772451099466674007e-01	2.772451099466674007e-01	2.772451099466674007e-01	2.772451099466674007e-01	2.772451099466674007e-01	2.772451099466674007e-01	2.772451099466674007e-01	2.329635499207609872e-01	2.772451099466674007e-01	2.772451099466674007e-01	5.917159763313610196e-03	2.772451099466674007e-01	2.772451099466674007e-01	2.772451099466674007e-01	1.403508771929820043e-01	2.772451099466674007e-01	2.772451099466674007e-01	2.772451099466674007e-01	2.772451099466674007e-01	2.772451099466674007e-01	2.772451099466674007e-01	2.772451099466674007e-01	2.772451099466674007e-01	2.772451099466674007e-01	2.772451099466674007e-01	2.772451099466674007e-01	3.103975535168200239e-01	2.772451099466674007e-01	2.772451099466674007e-01	2.772451099466674007e-01	2.772451099466674007e-01	2.540620384047270197e-01	3.388888888888890172e-01	3.433544303797469999e-01	2.772451099466674007e-01	2.772451099466674007e-01	2.936746987951809884e-01	2.772451099466674007e-01	2.772451099466674007e-01	2.371475953565509998e-01	2.772451099466674007e-01	2.772451099466674007e-01	2.772451099466674007e-01	2.772451099466674007e-01	2.772451099466674007e-01	2.772451099466674007e-01	2.772451099466674007e-01	2.772451099466674007e-01	2.772451099466674007e-01	3.294964028776979914e-01	2.057335581787519962e-01	2.772451099466674007e-01	2.772451099466674007e-01
2.772451099466674007e-01	2.772451099466674007e-01	2.670713201820940075e-01	2.772451099466674007e-01	2.772451099466674007e-01	2.772451099466674007e-01	2.140522875816990023e-01	2.772451099466674007e-01	2.772451099466674007e-01	3.731563421828910099e-01	3.637602179836509908e-01	1.000000000000000000e+00	2.772451099466674007e-01	2.772451099466674007e-01	1.275045537340619983e-01	2.772451099466674007e-01	2.772451099466674007e-01	3.360522022838500211e-01	2.863999999999999879e-01	2.772451099466674007e-01	2.772451099466674007e-01	2.772451099466674007e-01	4.098360655737710023e-01	2.772451099466674007e-01	2.772451099466674007e-01	2.772451099466674007e-01	2.772451099466674007e-01	2.772451099466674007e-01	2.714723926380370189e-01	2.772451099466674007e-01	3.079268292682930119e-01	2.772451099466674007e-01	2.772451099466674007e-01	2.863568215892050017e-01	2.772451099466674007e-01	2.772451099466674007e-01	2.697899838449109855e-01	2.878338278931750205e-01	2.772451099466674007e-01	2.772451099466674007e-01	2.772451099466674007e-01	2.772451099466674007e-01	1.738410596026490063e-01	2.772451099466674007e-01	2.772451099466674007e-01	3.318965517241380114e-01	2.772451099466674007e-01	3.101449275362320179e-01	2.772451099466674007e-01	2.772451099466674007e-01	2.772451099466674007e-01	3.886583679114800072e-01	2.772451099466674007e-01	2.772451099466674007e-01	2.537537537537539745e-01	2.772451099466674007e-01	2.772451099466674007e-01	2.772451099466674007e-01	2.772451099466674007e-01	2.772451099466674007e-01	1.091954022988509965e-01	2.772451099466674007e-01	2.772451099466674007e-01	3.522580645161290103e-01	2.772451099466674007e-01	3.876177658142659910e-01	3.049132947976879726e-01	1.561403508771929960e-01	2.772451099466674007e-01	1.952983725135619963e-01	2.772451099466674007e-01	2.772451099466674007e-01	3.691813804173350033e-01	2.772451099466674007e-01	2.772451099466674007e-01	4.943693693693689828e-01	2.772451099466674007e-01	3.599419448476049999e-01	2.772451099466674007e-01	2.772451099466674007e-01	2.772451099466674007e-01	8.016032064128259318e-03	2.772451099466674007e-01	2.772451099466674007e-01	2.772451099466674007e-01	2.772451099466674007e-01	2.772451099466674007e-01	2.772451099466674007e-01	2.772451099466674007e-01	3.477124183006540248e-01	2.960725075528700123e-01	2.772451099466674007e-01	2.772451099466674007e-01	2.772451099466674007e-01	2.772451099466674007e-01	2.772451099466674007e-01	1.771019677996419905e-01	3.016845329249620011e-01	2.231139646869980120e-01	3.912009512485140061e-01	2.772451099466674007e-01	2.772451099466674007e-01	2.854961832061069793e-01	4.032258064516129892e-01	2.772451099466674007e-01	2.772451099466674007e-01	2.772451099466674007e-01	3.007633587786259777e-01	2.772451099466674007e-01	3.592375366568920092e-01	2.772451099466674007e-01	2.772451099466674007e-01	2.772451099466674007e-01	2.772451099466674007e-01	2.661538461538460187e-01	2.772451099466674007e-01	3.261494252873560207e-01	2.772451099466674007e-01	2.772451099466674007e-01	3.061840120663649745e-01	2.772451099466674007e-01	2.442882249560630048e-01	2.772451099466674007e-01	2.772451099466674007e-01
