1.000000000000000000e+00	1.699467344513421740e-01	1.699467344513421740e-01	6.837606837606839683e-02	1.699467344513421740e-01	1.699467344513421740e-01	1.699467344513421740e-01	1.499999999999999944e-01	1.699467344513421740e-01	1.699467344513421740e-01	1.267605633802819931e-01	1.699467344513421740e-01	1.699467344513421740e-01	2.560975609756099836e-01	1.699467344513421740e-01	1.043478260869570018e-01	1.699467344513421740e-01	1.764705882352939903e-01	2.105263157894740056e-01	1.699467344513421740e-01	1.699467344513421740e-01	1.666666666666669905e-01	1.699467344513421740e-01	1.699467344513421740e-01	1.699467344513421740e-01	1.313131313131309930e-01	1.699467344513421740e-01	1.699467344513421740e-01	1.818181818181819898e-01	1.699467344513421740e-01	1.699467344513421740e-01	1.224489795918369955e-01	1.699467344513421740e-01	1.699467344513421740e-01	1.699467344513421740e-01	1.940298507462689948e-01	1.699467344513421740e-01	1.699467344513421740e-01	1.699467344513421740e-01	2.307692307692310041e-01	1.699467344513421740e-01	1.699467344513421740e-01	1.699467344513421740e-01	1.129032258064519983e-01	8.421052631578949954e-02	1.699467344513421740e-01	1.000000000000000056e-01	1.400000000000000133e-01	1.699467344513421740e-01	1.234567901234570053e-01	1.699467344513421740e-01	1.699467344513421740e-01	1.699467344513421740e-01	1.699467344513421740e-01	1.699467344513421740e-01	1.699467344513421740e-01	1.699467344513421740e-01	1.699467344513421740e-01	1.699467344513421740e-01	1.699467344513421740e-01	1.699467344513421740e-01	1.699467344513421740e-01	1.699467344513421740e-01	1.699467344513421740e-01	1.666666666666669905e-01	1.699467344513421740e-01	1.699467344513421740e-01	1.699467344513421740e-01	1.699467344513421740e-01	1.699467344513421740e-01	1.699467344513421740e-01	1.092436974789919996e-01	1.699467344513421740e-01	1.125000000000000028e-01	1.699467344513421740e-01	1.376146788990829928e-01	1.699467344513421740e-01	1.699467344513421740e-01	1.699467344513421740e-01	1.699467344513421740e-01	8.205128205128210672e-02	1.699467344513421740e-01	1.699467344513421740e-01	1.699467344513421740e-01	9.649122807017540548e-02	1.699467344513421740e-01	3.243243243243240093e-01	1.699467344513421740e-01	8.433734939759039706e-02	1.250000000000000000e-01	1.699467344513421740e-01	1.408450704225349959e-01	1.699467344513421740e-01	5.940594059405940319e-02	1.212121212121209934e-01	1.699467344513421740e-01	1.699467344513421740e-01	1.699467344513421740e-01	1.699467344513421740e-01	1.699467344513421740e-01	5.454545454545450117e-02	1.699467344513421740e-01	1.699467344513421740e-01	1.699467344513421740e-01	7.575757575757580131e-02	1.699467344513421740e-01	1.699467344513421740e-01	2.500000000000000000e-01	1.951219512195120076e-01	1.699467344513421740e-01	6.896551724137929551e-02	1.699467344513421740e-01	1.382978723404260091e-01	3.333333333333329818e-01	1.699467344513421740e-01	1.451612903225809881e-01	1.699467344513421740e-01	1.699467344513421740e-01	2.295081967213110086e-01	1.699467344513421740e-01	1.699467344513421740e-01	1.224489795918369955e-01	9.195402298850570422e-02	1.269841269841270048e-01
1.699467344513421740e-01	1.000000000000000000e+00	1.699467344513421740e-01	2.126696832579189900e-01	2.955665024630539928e-01	4.419642857142859760e-01	1.699467344513421740e-01	5.999999999999999778e-02	1.699467344513421740e-01	1.699467344513421740e-01	1.699467344513421740e-01	1.699467344513421740e-01	1.699467344513421740e-01	1.699467344513421740e-01	1.554404145077719901e-01	1.699467344513421740e-01	1.699467344513421740e-01	1.699467344513421740e-01	8.717948717948720283e-02	1.699467344513421740e-01	1.699467344513421740e-01	1.699467344513421740e-01	1.699467344513421740e-01	1.699467344513421740e-01	1.699467344513421740e-01	1.699467344513421740e-01	2.702702702702700077e-02	1.940298507462689948e-01	1.699467344513421740e-01	1.699467344513421740e-01	8.040201005025129910e-02	3.901098901098900007e-01	4.000000000000000083e-02	1.699467344513421740e-01	1.699467344513421740e-01	1.699467344513421740e-01	1.223404255319150008e-01	1.699467344513421740e-01	5.829596412556049823e-02	1.699467344513421740e-01	1.699467344513421740e-01	1.699467344513421740e-01	1.699467344513421740e-01	1.699467344513421740e-01	1.699467344513421740e-01	1.699467344513421740e-01	1.699467344513421740e-01	3.045685279187819727e-01	1.699467344513421740e-01	1.699467344513421740e-01	1.407035175879400024e-01	1.699467344513421740e-01	1.699467344513421740e-01	2.990196078431370252e-01	7.614213197969539604e-02	1.458333333333330095e-01	1.699467344513421740e-01	1.699467344513421740e-01	1.699467344513421740e-01	1.809523809523810034e-01	1.699467344513421740e-01	1.699467344513421740e-01	5.612244897959180190e-02	1.699467344513421740e-01	6.417112299465239922e-02	2.113402061855670089e-01	1.182795698924729993e-01	1.699467344513421740e-01	4.008620689655170155e-01	1.134020618556700055e-01	1.699467344513421740e-01	1.699467344513421740e-01	3.061224489795920031e-02	1.699467344513421740e-01	4.188481675392670134e-01	1.699467344513421740e-01	3.208556149732619961e-02	4.615384615384619804e-02	1.699467344513421740e-01	1.989247311827959941e-01	1.699467344513421740e-01	5.714285714285709944e-03	1.555555555555560021e-01	1.699467344513421740e-01	2.946859903381640056e-01	1.699467344513421740e-01	1.699467344513421740e-01	1.953125000000000000e-01	1.887755102040820088e-01	1.699467344513421740e-01	1.549295774647889978e-01	1.699467344513421740e-01	1.699467344513421740e-01	1.699467344513421740e-01	1.699467344513421740e-01	1.699467344513421740e-01	1.699467344513421740e-01	1.699467344513421740e-01	1.699467344513421740e-01	1.699467344513421740e-01	4.687500000000000000e-02	1.699467344513421740e-01	1.699467344513421740e-01	1.699467344513421740e-01	1.699467344513421740e-01	1.699467344513421740e-01	1.538461538461539935e-01	1.063829787234040064e-01	1.699467344513421740e-01	1.699467344513421740e-01	1.699467344513421740e-01	1.699467344513421740e-01	1.699467344513421740e-01	1.699467344513421740e-01	7.352941176470589868e-02	1.699467344513421740e-01	1.699467344513421740e-01	1.699467344513421740e-01	1.699467344513421740e-01	1.699467344513421740e-01	1.745283018867919977e-01	1.699467344513421740e-01	1.699467344513421740e-01	9.183673469387759747e-02
1.699467344513421740e-01	1.699467344513421740e-01	1.000000000000000000e+00	1.699467344513421740e-01	1.699467344513421740e-01	1.699467344513421740e-01	1.212121212121209934e-01	1.699467344513421740e-01	1.699467344513421740e-01	2.549019607843139856e-01	1.699467344513421740e-01	1.699467344513421740e-01	1.699467344513421740e-01	1.699467344513421740e-01	1.699467344513421740e-01	1.654676258992809901e-01	1.699467344513421740e-01	1.699467344513421740e-01	1.699467344513421740e-01	1.699467344513421740e-01	1.699467344513421740e-01	1.699467344513421740e-01	3.125000000000000000e-01	2.357723577235769918e-01	1.699467344513421740e-01	1.699467344513421740e-01	1.699467344513421740e-01	1.699467344513421740e-01	1.111111111111109939e-01	1.699467344513421740e-01	1.630434782608700117e-01	9.022556390977440333e-02	5.263157894736839731e-02	1.699467344513421740e-01	2.018348623853210011e-01	1.699467344513421740e-01	1.699467344513421740e-01	1.699467344513421740e-01	1.743119266055050132e-01	2.596153846153850253e-01	1.699467344513421740e-01	1.699467344513421740e-01	1.699467344513421740e-01	1.699467344513421740e-01	1.699467344513421740e-01	1.699467344513421740e-01	1.699467344513421740e-01	1.699467344513421740e-01	1.566265060240960016e-01	1.699467344513421740e-01	1.699467344513421740e-01	1.699467344513421740e-01	2.095238095238100007e-01	1.699467344513421740e-01	2.235294117647060042e-01	1.199999999999999956e-01	1.699467344513421740e-01	1.699467344513421740e-01	1.699467344513421740e-01	2.844036697247709911e-01	1.699467344513421740e-01	1.699467344513421740e-01	1.699467344513421740e-01	1.699467344513421740e-01	1.699467344513421740e-01	1.699467344513421740e-01	1.699467344513421740e-01	1.699467344513421740e-01	1.361256544502620069e-01	2.413793103448280131e-01	1.699467344513421740e-01	8.441558441558440207e-02	1.699467344513421740e-01	3.333333333333329818e-01	1.699467344513421740e-01	1.699467344513421740e-01	7.594936708860759722e-02	1.699467344513421740e-01	1.699467344513421740e-01	1.699467344513421740e-01	1.699467344513421740e-01	1.699467344513421740e-01	1.699467344513421740e-01	1.699467344513421740e-01	1.699467344513421740e-01	1.699467344513421740e-01	1.699467344513421740e-01	2.147239263803679965e-01	1.467889908256879983e-01	1.699467344513421740e-01	1.699467344513421740e-01	1.699467344513421740e-01	1.699467344513421740e-01	1.699467344513421740e-01	1.699467344513421740e-01	1.699467344513421740e-01	1.699467344513421740e-01	1.749999999999999889e-01	1.699467344513421740e-01	1.699467344513421740e-01	1.699467344513421740e-01	2.235294117647060042e-01	1.547619047619049892e-01	1.699467344513421740e-01	1.699467344513421740e-01	1.699467344513421740e-01	1.699467344513421740e-01	1.699467344513421740e-01	1.699467344513421740e-01	1.699467344513421740e-01	1.686746987951809884e-01	1.699467344513421740e-01	1.699467344513421740e-01	1.699467344513421740e-01	1.699467344513421740e-01	2.470588235294119972e-01	1.699467344513421740e-01	1.699467344513421740e-01	1.699467344513421740e-01	1.699467344513421740e-01	1.699467344513421740e-01	1.699467344513421740e-01	1.699467344513421740e-01	1.699467344513421740e-01
6.837606837606839683e-02	2.126696832579189900e-01	1.699467344513421740e-01	1.000000000000000000e+00	1.699467344513421740e-01	1.699467344513421740e-01	1.733333333333330062e-01	1.379310344827590074e-01	1.487603305785120122e-01	1.699467344513421740e-01	2.327586206896549992e-01	1.699467344513421740e-01	1.699467344513421740e-01	1.699467344513421740e-01	1.699467344513421740e-01	1.699467344513421740e-01	1.699467344513421740e-01	1.699467344513421740e-01	1.699467344513421740e-01	1.749999999999999889e-01	1.699467344513421740e-01	2.031250000000000000e-01	4.227642276422760026e-01	3.333333333333329818e-01	1.699467344513421740e-01	3.358778625954200181e-01	1.699467344513421740e-01	1.699467344513421740e-01	1.699467344513421740e-01	1.699467344513421740e-01	1.699467344513421740e-01	1.699467344513421740e-01	1.699467344513421740e-01	1.699467344513421740e-01	1.699467344513421740e-01	1.699467344513421740e-01	1.699467344513421740e-01	2.086330935251800023e-01	1.699467344513421740e-01	1.699467344513421740e-01	1.317365269461079902e-01	1.699467344513421740e-01	8.333333333333330095e-02	1.699467344513421740e-01	1.699467344513421740e-01	1.699467344513421740e-01	1.699467344513421740e-01	1.699467344513421740e-01	1.699467344513421740e-01	1.699467344513421740e-01	1.699467344513421740e-01	1.699467344513421740e-01	1.699467344513421740e-01	1.699467344513421740e-01	1.699467344513421740e-01	1.699467344513421740e-01	1.699467344513421740e-01	1.699467344513421740e-01	1.699467344513421740e-01	1.699467344513421740e-01	3.921568627450980338e-02	1.441441441441440041e-01	9.482758620689650531e-02	1.699467344513421740e-01	1.442307692307689959e-01	1.699467344513421740e-01	1.699467344513421740e-01	1.699467344513421740e-01	2.068965517241380114e-01	1.699467344513421740e-01	1.699467344513421740e-01	1.699467344513421740e-01	1.699467344513421740e-01	1.699467344513421740e-01	9.770114942528740354e-02	1.699467344513421740e-01	1.699467344513421740e-01	1.699467344513421740e-01	1.699467344513421740e-01	1.699467344513421740e-01	1.699467344513421740e-01	1.699467344513421740e-01	1.699467344513421740e-01	1.266968325791859862e-01	1.699467344513421740e-01	1.699467344513421740e-01	1.699467344513421740e-01	1.699467344513421740e-01	1.699467344513421740e-01	1.699467344513421740e-01	1.216216216216220031e-01	1.699467344513421740e-01	1.699467344513421740e-01	1.699467344513421740e-01	2.568807339449539762e-01	1.699467344513421740e-01	3.488372093023259790e-01	1.699467344513421740e-01	1.699467344513421740e-01	1.699467344513421740e-01	1.699467344513421740e-01	1.699467344513421740e-01	1.699467344513421740e-01	1.699467344513421740e-01	1.699467344513421740e-01	1.721311475409839920e-01	1.699467344513421740e-01	1.699467344513421740e-01	1.699467344513421740e-01	1.699467344513421740e-01	1.699467344513421740e-01	2.467532467532470020e-01	2.592592592592590228e-01	2.230769230769230060e-01	1.699467344513421740e-01	1.699467344513421740e-01	1.699467344513421740e-01	1.240310077519379967e-01	1.699467344513421740e-01	1.699467344513421740e-01	1.699467344513421740e-01	9.259259259259260133e-02	1.699467344513421740e-01	1.754385964912280049e-01
1.699467344513421740e-01	2.955665024630539928e-01	1.699467344513421740e-01	1.699467344513421740e-01	1.000000000000000000e+00	1.699467344513421740e-01	1.699467344513421740e-01	1.140350877192980034e-01	1.074380165289259975e-01	1.699467344513421740e-01	1.699467344513421740e-01	2.089552238805970075e-01	1.699467344513421740e-01	1.699467344513421740e-01	1.699467344513421740e-01	1.699467344513421740e-01	1.699467344513421740e-01	9.259259259259260133e-02	1.699467344513421740e-01	2.035398230088500127e-01	1.699467344513421740e-01	1.699467344513421740e-01	1.699467344513421740e-01	4.227642276422760026e-01	1.699467344513421740e-01	1.699467344513421740e-01	1.699467344513421740e-01	1.699467344513421740e-01	1.699467344513421740e-01	1.699467344513421740e-01	2.380952380952379988e-01	1.699467344513421740e-01	7.894736842105259944e-02	1.699467344513421740e-01	6.210526315789469676e-01	1.596638655462180034e-01	1.699467344513421740e-01	1.699467344513421740e-01	1.102941176470590007e-01	1.699467344513421740e-01	1.699467344513421740e-01	1.699467344513421740e-01	1.160714285714290056e-01	2.980132450331129945e-01	1.699467344513421740e-01	1.699467344513421740e-01	1.699467344513421740e-01	2.554744525547449907e-01	1.699467344513421740e-01	1.287878787878790066e-01	1.932773109243700049e-01	1.699467344513421740e-01	1.699467344513421740e-01	3.333333333333329818e-01	1.699467344513421740e-01	1.699467344513421740e-01	1.699467344513421740e-01	1.219512195121949943e-01	1.699467344513421740e-01	1.699467344513421740e-01	1.699467344513421740e-01	1.401869158878500110e-01	9.909909909909909997e-02	1.318681318681320103e-01	1.699467344513421740e-01	3.888888888888890061e-01	1.699467344513421740e-01	1.699467344513421740e-01	1.699467344513421740e-01	1.699467344513421740e-01	2.642857142857140129e-01	1.699467344513421740e-01	1.699467344513421740e-01	1.699467344513421740e-01	1.699467344513421740e-01	1.699467344513421740e-01	4.854368932038830020e-02	1.699467344513421740e-01	1.621621621621620046e-01	1.699467344513421740e-01	1.699467344513421740e-01	1.111111111111109939e-02	1.699467344513421740e-01	2.385786802030460119e-01	3.071428571428569954e-01	1.699467344513421740e-01	1.699467344513421740e-01	1.881720430107529929e-01	2.231404958677689898e-01	1.699467344513421740e-01	1.699467344513421740e-01	1.699467344513421740e-01	1.699467344513421740e-01	1.699467344513421740e-01	1.699467344513421740e-01	1.699467344513421740e-01	1.699467344513421740e-01	1.699467344513421740e-01	1.699467344513421740e-01	1.699467344513421740e-01	1.699467344513421740e-01	1.441441441441440041e-01	1.699467344513421740e-01	1.785714285714289917e-01	1.699467344513421740e-01	1.699467344513421740e-01	1.699467344513421740e-01	1.699467344513421740e-01	1.641791044776119979e-01	1.699467344513421740e-01	1.699467344513421740e-01	1.699467344513421740e-01	1.699467344513421740e-01	1.699467344513421740e-01	1.166666666666670016e-01	1.944444444444440034e-01	1.176470588235289938e-01	1.699467344513421740e-01	1.367521367521369879e-01	1.699467344513421740e-01	1.699467344513421740e-01	6.603773584905660299e-02	1.250000000000000000e-01	1.517857142857139963e-01
1.699467344513421740e-01	4.419642857142859760e-01	1.699467344513421740e-01	1.699467344513421740e-01	1.699467344513421740e-01	1.000000000000000000e+00	3.832335329341319818e-01	1.699467344513421740e-01	1.699467344513421740e-01	1.699467344513421740e-01	1.699467344513421740e-01	1.699467344513421740e-01	1.202185792349730054e-01	1.699467344513421740e-01	1.511627906976739932e-01	2.250000000000000056e-01	1.699467344513421740e-01	1.699467344513421740e-01	1.699467344513421740e-01	1.878787878787880061e-01	1.699467344513421740e-01	1.699467344513421740e-01	1.699467344513421740e-01	1.699467344513421740e-01	1.699467344513421740e-01	1.499999999999999944e-01	1.699467344513421740e-01	1.025641025641030046e-01	1.699467344513421740e-01	1.699467344513421740e-01	1.699467344513421740e-01	1.699467344513421740e-01	1.699467344513421740e-01	1.699467344513421740e-01	1.699467344513421740e-01	1.000000000000000056e-01	1.699467344513421740e-01	1.206030150753770042e-01	7.653061224489800252e-02	1.699467344513421740e-01	1.699467344513421740e-01	1.699467344513421740e-01	1.699467344513421740e-01	3.544973544973539781e-01	1.699467344513421740e-01	1.699467344513421740e-01	1.699467344513421740e-01	3.181818181818180102e-01	4.678362573099410088e-02	8.854166666666669905e-02	1.699467344513421740e-01	1.699467344513421740e-01	1.797752808988760109e-01	2.500000000000000000e-01	1.699467344513421740e-01	1.818181818181819898e-01	1.451612903225809881e-01	2.147239263803679965e-01	1.699467344513421740e-01	1.699467344513421740e-01	1.699467344513421740e-01	1.699467344513421740e-01	1.699467344513421740e-01	4.777777777777780233e-01	1.699467344513421740e-01	1.666666666666669905e-01	1.582278481012659999e-01	1.699467344513421740e-01	1.699467344513421740e-01	1.699467344513421740e-01	1.699467344513421740e-01	1.699467344513421740e-01	3.508771929824559821e-02	1.311475409836070083e-01	1.699467344513421740e-01	1.699467344513421740e-01	1.699467344513421740e-01	1.699467344513421740e-01	2.115384615384620082e-01	2.452830188679250012e-01	4.557522123893810173e-01	1.699467344513421740e-01	1.699467344513421740e-01	1.699467344513421740e-01	1.699467344513421740e-01	2.243589743589740060e-01	1.699467344513421740e-01	1.699467344513421740e-01	1.699467344513421740e-01	1.699467344513421740e-01	1.699467344513421740e-01	1.371428571428570109e-01	1.699467344513421740e-01	1.699467344513421740e-01	1.699467344513421740e-01	1.699467344513421740e-01	1.699467344513421740e-01	1.699467344513421740e-01	1.699467344513421740e-01	1.699467344513421740e-01	4.142011834319529739e-02	1.197604790419160015e-01	1.042944785276069958e-01	1.699467344513421740e-01	1.699467344513421740e-01	1.699467344513421740e-01	1.699467344513421740e-01	1.699467344513421740e-01	1.699467344513421740e-01	1.111111111111109939e-01	1.699467344513421740e-01	1.382488479262669878e-01	1.306532663316579967e-01	1.699467344513421740e-01	1.699467344513421740e-01	1.183431952662720027e-01	1.699467344513421740e-01	1.699467344513421740e-01	1.699467344513421740e-01	1.699467344513421740e-01	1.699467344513421740e-01	1.699467344513421740e-01	1.699467344513421740e-01	1.699467344513421740e-01
1.699467344513421740e-01	1.699467344513421740e-01	1.212121212121209934e-01	1.733333333333330062e-01	1.699467344513421740e-01	3.832335329341319818e-01	1.000000000000000000e+00	1.009174311926610001e-01	7.627118644067799880e-02	1.699467344513421740e-01	1.101694915254240043e-01	1.699467344513421740e-01	1.699467344513421740e-01	1.699467344513421740e-01	1.699467344513421740e-01	2.275862068965520124e-01	1.699467344513421740e-01	1.699467344513421740e-01	1.699467344513421740e-01	1.699467344513421740e-01	1.699467344513421740e-01	1.699467344513421740e-01	1.985294117647060097e-01	2.086330935251800023e-01	1.699467344513421740e-01	2.164179104477610138e-01	1.699467344513421740e-01	1.699467344513421740e-01	1.699467344513421740e-01	1.699467344513421740e-01	9.821428571428569843e-02	1.699467344513421740e-01	6.422018348623849404e-02	1.699467344513421740e-01	1.699467344513421740e-01	1.293103448275859935e-01	1.699467344513421740e-01	1.699467344513421740e-01	1.699467344513421740e-01	1.699467344513421740e-01	3.208955223880600172e-01	2.039473684210529880e-01	1.699467344513421740e-01	3.795620437956199744e-01	1.699467344513421740e-01	8.620689655172410204e-02	1.666666666666669905e-01	1.699467344513421740e-01	1.699467344513421740e-01	1.093750000000000000e-01	2.385321100917429937e-01	1.699467344513421740e-01	1.699467344513421740e-01	2.269503546099289892e-01	1.699467344513421740e-01	1.699467344513421740e-01	2.066115702479340011e-01	2.129629629629629928e-01	4.237288135593220151e-02	1.699467344513421740e-01	1.699467344513421740e-01	1.699467344513421740e-01	1.699467344513421740e-01	1.699467344513421740e-01	1.699467344513421740e-01	1.699467344513421740e-01	1.699467344513421740e-01	1.682242990654209958e-01	1.699467344513421740e-01	1.699467344513421740e-01	1.699467344513421740e-01	3.357664233576639901e-01	1.699467344513421740e-01	1.699467344513421740e-01	1.699467344513421740e-01	1.699467344513421740e-01	1.699467344513421740e-01	1.699467344513421740e-01	1.699467344513421740e-01	1.699467344513421740e-01	1.699467344513421740e-01	1.204819277108429981e-02	1.699467344513421740e-01	1.699467344513421740e-01	1.699467344513421740e-01	1.699467344513421740e-01	1.699467344513421740e-01	1.699467344513421740e-01	1.699467344513421740e-01	1.699467344513421740e-01	1.699467344513421740e-01	1.699467344513421740e-01	3.384615384615379807e-01	1.285714285714290028e-01	2.500000000000000000e-01	1.699467344513421740e-01	1.699467344513421740e-01	1.699467344513421740e-01	1.699467344513421740e-01	1.699467344513421740e-01	1.699467344513421740e-01	1.538461538461539935e-01	2.021276595744679883e-01	1.699467344513421740e-01	5.172413793103450286e-02	1.699467344513421740e-01	1.297709923664120135e-01	1.699467344513421740e-01	1.699467344513421740e-01	1.699467344513421740e-01	1.699467344513421740e-01	1.699467344513421740e-01	1.699467344513421740e-01	2.049180327868850016e-01	1.699467344513421740e-01	1.699467344513421740e-01	1.699467344513421740e-01	1.699467344513421740e-01	2.000000000000000111e-01	1.699467344513421740e-01	1.699467344513421740e-01	1.699467344513421740e-01	1.699467344513421740e-01	1.401869158878500110e-01
1.499999999999999944e-01	5.999999999999999778e-02	1.699467344513421740e-01	1.379310344827590074e-01	1.140350877192980034e-01	1.699467344513421740e-01	1.009174311926610001e-01	1.000000000000000000e+00	1.699467344513421740e-01	1.699467344513421740e-01	1.699467344513421740e-01	1.699467344513421740e-01	1.699467344513421740e-01	1.699467344513421740e-01	1.699467344513421740e-01	1.699467344513421740e-01	1.699467344513421740e-01	1.699467344513421740e-01	1.699467344513421740e-01	1.699467344513421740e-01	1.699467344513421740e-01	1.666666666666669905e-01	1.226415094339620010e-01	1.699467344513421740e-01	1.699467344513421740e-01	1.699467344513421740e-01	1.020408163265310031e-01	1.699467344513421740e-01	1.250000000000000000e-01	1.699467344513421740e-01	1.699467344513421740e-01	1.699467344513421740e-01	1.699467344513421740e-01	1.699467344513421740e-01	1.699467344513421740e-01	1.699467344513421740e-01	1.538461538461539935e-01	1.699467344513421740e-01	1.699467344513421740e-01	1.699467344513421740e-01	1.176470588235289938e-01	1.699467344513421740e-01	1.044776119402990033e-01	1.699467344513421740e-01	1.699467344513421740e-01	1.699467344513421740e-01	1.699467344513421740e-01	1.699467344513421740e-01	1.699467344513421740e-01	1.699467344513421740e-01	1.699467344513421740e-01	1.699467344513421740e-01	1.699467344513421740e-01	1.699467344513421740e-01	1.699467344513421740e-01	1.699467344513421740e-01	1.086956521739129988e-01	8.749999999999999445e-02	1.699467344513421740e-01	1.699467344513421740e-01	2.040816326530610000e-02	1.451612903225809881e-01	1.699467344513421740e-01	6.896551724137929551e-02	1.699467344513421740e-01	1.785714285714289917e-01	1.612903225806449903e-01	1.699467344513421740e-01	1.699467344513421740e-01	1.699467344513421740e-01	1.699467344513421740e-01	1.699467344513421740e-01	1.699467344513421740e-01	1.699467344513421740e-01	8.870967741935480155e-02	1.699467344513421740e-01	1.699467344513421740e-01	1.525423728813559976e-01	1.304347826086960094e-01	1.699467344513421740e-01	1.699467344513421740e-01	1.699467344513421740e-01	9.090909090909089774e-02	1.699467344513421740e-01	1.379310344827590074e-01	1.594202898550720060e-01	1.170212765957450024e-01	1.699467344513421740e-01	1.411764705882349868e-01	1.699467344513421740e-01	1.699467344513421740e-01	1.699467344513421740e-01	1.699467344513421740e-01	1.699467344513421740e-01	1.699467344513421740e-01	1.075268817204299981e-01	1.699467344513421740e-01	1.699467344513421740e-01	1.699467344513421740e-01	1.699467344513421740e-01	1.699467344513421740e-01	1.699467344513421740e-01	7.812500000000000000e-02	1.699467344513421740e-01	1.699467344513421740e-01	1.153846153846150024e-01	1.699467344513421740e-01	1.699467344513421740e-01	1.931818181818180102e-01	2.343750000000000000e-01	1.699467344513421740e-01	1.239669421487600010e-01	1.699467344513421740e-01	1.699467344513421740e-01	1.699467344513421740e-01	1.699467344513421740e-01	1.699467344513421740e-01	1.699467344513421740e-01	1.699467344513421740e-01	1.699467344513421740e-01	1.188118811881190007e-01	1.071428571428569981e-01	3.076923076923079869e-01	1.818181818181819898e-01
1.699467344513421740e-01	1.699467344513421740e-01	1.699467344513421740e-01	1.487603305785120122e-01	1.074380165289259975e-01	1.699467344513421740e-01	7.627118644067799880e-02	1.699467344513421740e-01	1.000000000000000000e+00	1.505376344086019891e-01	1.699467344513421740e-01	1.699467344513421740e-01	1.477272727272730124e-01	1.037735849056599935e-01	1.699467344513421740e-01	1.699467344513421740e-01	1.699467344513421740e-01	3.454545454545450145e-01	1.699467344513421740e-01	1.699467344513421740e-01	1.428571428571429880e-01	1.699467344513421740e-01	1.699467344513421740e-01	1.196581196581199963e-01	1.699467344513421740e-01	1.699467344513421740e-01	1.699467344513421740e-01	1.699467344513421740e-01	1.699467344513421740e-01	1.699467344513421740e-01	1.699467344513421740e-01	1.699467344513421740e-01	1.699467344513421740e-01	1.699467344513421740e-01	1.699467344513421740e-01	1.699467344513421740e-01	7.894736842105259944e-02	1.699467344513421740e-01	1.699467344513421740e-01	1.578947368421050046e-01	1.699467344513421740e-01	4.285714285714289917e-02	1.699467344513421740e-01	8.571428571428570120e-02	5.263157894736839731e-02	1.699467344513421740e-01	2.277227722772280083e-01	1.699467344513421740e-01	1.363636363636359927e-01	1.699467344513421740e-01	1.699467344513421740e-01	1.699467344513421740e-01	1.699467344513421740e-01	1.239669421487600010e-01	2.769230769230769940e-01	1.699467344513421740e-01	1.354166666666669905e-01	1.699467344513421740e-01	1.699467344513421740e-01	1.699467344513421740e-01	1.699467344513421740e-01	1.699467344513421740e-01	1.699467344513421740e-01	1.699467344513421740e-01	1.699467344513421740e-01	1.521739130434779930e-01	1.699467344513421740e-01	1.699467344513421740e-01	1.699467344513421740e-01	1.699467344513421740e-01	1.699467344513421740e-01	1.699467344513421740e-01	1.699467344513421740e-01	1.195652173913040045e-01	5.185185185185189893e-02	1.699467344513421740e-01	2.075471698113209862e-01	7.142857142857139685e-02	1.038961038961040001e-01	1.699467344513421740e-01	1.699467344513421740e-01	1.699467344513421740e-01	1.699467344513421740e-01	7.526881720430110556e-02	1.699467344513421740e-01	1.699467344513421740e-01	1.699467344513421740e-01	1.699467344513421740e-01	1.063829787234040064e-01	4.000000000000000222e-01	9.345794392523359972e-02	1.699467344513421740e-01	1.699467344513421740e-01	1.699467344513421740e-01	1.699467344513421740e-01	1.699467344513421740e-01	1.699467344513421740e-01	2.807017543859650077e-01	1.699467344513421740e-01	1.699467344513421740e-01	1.699467344513421740e-01	1.699467344513421740e-01	8.571428571428570120e-02	1.862745098039219893e-01	1.699467344513421740e-01	1.699467344513421740e-01	1.699467344513421740e-01	1.699467344513421740e-01	1.699467344513421740e-01	1.699467344513421740e-01	1.699467344513421740e-01	1.699467344513421740e-01	1.523809523809520061e-01	1.578947368421050046e-01	1.250000000000000000e-01	1.699467344513421740e-01	1.699467344513421740e-01	1.699467344513421740e-01	1.699467344513421740e-01	1.699467344513421740e-01	1.699467344513421740e-01	1.699467344513421740e-01	1.699467344513421740e-01	1.699467344513421740e-01
1.699467344513421740e-01	1.699467344513421740e-01	2.549019607843139856e-01	1.699467344513421740e-01	1.699467344513421740e-01	1.699467344513421740e-01	1.699467344513421740e-01	1.699467344513421740e-01	1.505376344086019891e-01	1.000000000000000000e+00	1.699467344513421740e-01	1.699467344513421740e-01	2.688172043010749745e-01	2.884615384615379918e-01	1.699467344513421740e-01	1.699467344513421740e-01	3.333333333333329818e-01	1.699467344513421740e-01	1.699467344513421740e-01	1.699467344513421740e-01	3.431372549019610085e-01	3.707865168539329903e-01	3.364485981308409923e-01	1.699467344513421740e-01	1.699467344513421740e-01	3.619047619047620068e-01	9.859154929577459980e-02	3.195876288659790232e-01	1.699467344513421740e-01	3.118279569892469794e-01	1.444444444444439868e-01	1.699467344513421740e-01	1.699467344513421740e-01	1.699467344513421740e-01	1.699467344513421740e-01	1.699467344513421740e-01	1.699467344513421740e-01	1.623931623931620105e-01	1.376146788990829928e-01	1.699467344513421740e-01	1.699467344513421740e-01	1.088435374149659962e-01	1.011235955056180025e-01	1.699467344513421740e-01	1.699467344513421740e-01	1.699467344513421740e-01	1.699467344513421740e-01	1.699467344513421740e-01	1.699467344513421740e-01	1.699467344513421740e-01	1.699467344513421740e-01	2.258064516129029975e-01	1.714285714285710138e-01	1.699467344513421740e-01	2.195121951219509981e-01	1.699467344513421740e-01	1.699467344513421740e-01	1.699467344513421740e-01	1.699467344513421740e-01	2.952380952380950219e-01	5.714285714285709944e-02	1.176470588235289938e-01	1.699467344513421740e-01	1.699467344513421740e-01	1.699467344513421740e-01	1.699467344513421740e-01	1.699467344513421740e-01	1.699467344513421740e-01	1.699467344513421740e-01	1.699467344513421740e-01	1.699467344513421740e-01	1.013513513513509962e-01	1.699467344513421740e-01	1.699467344513421740e-01	1.699467344513421740e-01	1.699467344513421740e-01	8.000000000000000167e-02	1.699467344513421740e-01	1.699467344513421740e-01	1.212121212121209934e-01	1.699467344513421740e-01	1.587301587301589989e-02	1.699467344513421740e-01	1.699467344513421740e-01	2.479999999999999982e-01	1.699467344513421740e-01	1.699467344513421740e-01	2.356687898089170063e-01	2.474226804123710044e-01	1.699467344513421740e-01	1.166666666666670016e-01	1.699467344513421740e-01	1.699467344513421740e-01	1.699467344513421740e-01	2.352941176470589868e-01	1.699467344513421740e-01	3.027522935779820012e-01	1.699467344513421740e-01	1.699467344513421740e-01	1.699467344513421740e-01	1.125000000000000028e-01	2.195121951219509981e-01	1.699467344513421740e-01	1.699467344513421740e-01	1.590909090909090051e-01	1.699467344513421740e-01	2.673267326732670091e-01	1.699467344513421740e-01	1.699467344513421740e-01	1.704545454545449978e-01	1.699467344513421740e-01	1.699467344513421740e-01	1.699467344513421740e-01	1.699467344513421740e-01	1.758241758241760044e-01	1.699467344513421740e-01	1.699467344513421740e-01	1.300000000000000044e-01	2.470588235294119972e-01	1.699467344513421740e-01	1.699467344513421740e-01	1.699467344513421740e-01	1.699467344513421740e-01	1.699467344513421740e-01
1.267605633802819931e-01	1.699467344513421740e-01	1.699467344513421740e-01	2.327586206896549992e-01	1.699467344513421740e-01	1.699467344513421740e-01	1.101694915254240043e-01	1.699467344513421740e-01	1.699467344513421740e-01	1.699467344513421740e-01	1.000000000000000000e+00	1.699467344513421740e-01	1.699467344513421740e-01	3.152173913043480047e-01	1.699467344513421740e-01	1.699467344513421740e-01	4.305555555555560243e-01	1.641791044776119979e-01	1.699467344513421740e-01	1.699467344513421740e-01	1.699467344513421740e-01	1.699467344513421740e-01	2.621359223300970265e-01	1.699467344513421740e-01	1.699467344513421740e-01	1.699467344513421740e-01	1.699467344513421740e-01	1.699467344513421740e-01	1.216216216216220031e-01	1.699467344513421740e-01	2.676056338028169890e-01	1.699467344513421740e-01	1.699467344513421740e-01	1.699467344513421740e-01	1.752577319587630134e-01	1.699467344513421740e-01	1.699467344513421740e-01	1.388888888888890061e-01	1.699467344513421740e-01	1.699467344513421740e-01	1.699467344513421740e-01	1.699467344513421740e-01	1.699467344513421740e-01	1.699467344513421740e-01	1.199999999999999956e-01	1.699467344513421740e-01	1.636363636363639962e-01	1.699467344513421740e-01	1.699467344513421740e-01	1.699467344513421740e-01	1.699467344513421740e-01	1.699467344513421740e-01	1.699467344513421740e-01	1.764705882352939903e-01	1.699467344513421740e-01	1.699467344513421740e-01	2.555555555555559799e-01	1.699467344513421740e-01	1.699467344513421740e-01	1.699467344513421740e-01	1.699467344513421740e-01	1.081081081081080031e-01	1.699467344513421740e-01	1.699467344513421740e-01	1.699467344513421740e-01	1.699467344513421740e-01	1.699467344513421740e-01	1.699467344513421740e-01	1.699467344513421740e-01	1.699467344513421740e-01	2.685185185185189893e-01	1.699467344513421740e-01	2.419354838709679989e-01	1.699467344513421740e-01	1.699467344513421740e-01	1.699467344513421740e-01	1.333333333333329984e-01	1.969696969696969890e-01	1.699467344513421740e-01	1.699467344513421740e-01	1.225490196078429933e-01	2.000000000000000042e-02	7.792207792207790640e-02	1.699467344513421740e-01	2.222222222222219878e-01	1.699467344513421740e-01	1.699467344513421740e-01	1.699467344513421740e-01	1.699467344513421740e-01	1.699467344513421740e-01	1.699467344513421740e-01	1.699467344513421740e-01	1.699467344513421740e-01	1.699467344513421740e-01	1.699467344513421740e-01	1.699467344513421740e-01	1.699467344513421740e-01	1.699467344513421740e-01	1.590909090909090051e-01	1.699467344513421740e-01	1.699467344513421740e-01	2.608695652173910196e-01	1.940298507462689948e-01	1.699467344513421740e-01	1.699467344513421740e-01	1.699467344513421740e-01	1.699467344513421740e-01	1.857142857142859982e-01	2.888888888888889728e-01	1.699467344513421740e-01	1.764705882352939903e-01	1.699467344513421740e-01	1.699467344513421740e-01	3.255813953488370105e-01	1.699467344513421740e-01	1.699467344513421740e-01	2.727272727272729846e-01	1.699467344513421740e-01	1.699467344513421740e-01	1.699467344513421740e-01	1.699467344513421740e-01	1.699467344513421740e-01	1.699467344513421740e-01	1.699467344513421740e-01
1.699467344513421740e-01	1.699467344513421740e-01	1.699467344513421740e-01	1.699467344513421740e-01	2.089552238805970075e-01	1.699467344513421740e-01	1.699467344513421740e-01	1.699467344513421740e-01	1.699467344513421740e-01	1.699467344513421740e-01	1.699467344513421740e-01	1.000000000000000000e+00	3.870967741935479878e-01	3.942307692307689959e-01	1.509433962264150053e-01	1.699467344513421740e-01	1.699467344513421740e-01	1.699467344513421740e-01	1.699467344513421740e-01	1.699467344513421740e-01	1.699467344513421740e-01	1.699467344513421740e-01	1.699467344513421740e-01	3.826086956521739801e-01	2.032520325203250044e-01	1.699467344513421740e-01	1.699467344513421740e-01	1.699467344513421740e-01	1.699467344513421740e-01	3.039215686274510109e-01	1.699467344513421740e-01	1.699467344513421740e-01	1.699467344513421740e-01	1.699467344513421740e-01	1.699467344513421740e-01	1.699467344513421740e-01	2.359550561797749968e-01	1.136363636363639934e-01	1.699467344513421740e-01	2.105263157894740056e-01	1.699467344513421740e-01	1.699467344513421740e-01	1.354166666666669905e-01	1.699467344513421740e-01	1.699467344513421740e-01	1.699467344513421740e-01	1.699467344513421740e-01	1.699467344513421740e-01	1.699467344513421740e-01	1.699467344513421740e-01	2.233009708737860033e-01	1.904761904761899938e-01	1.699467344513421740e-01	1.699467344513421740e-01	1.699467344513421740e-01	1.018518518518519989e-01	2.685185185185189893e-01	1.699467344513421740e-01	1.699467344513421740e-01	2.148760330578509958e-01	1.699467344513421740e-01	1.699467344513421740e-01	1.699467344513421740e-01	7.344632768361579467e-02	1.699467344513421740e-01	1.699467344513421740e-01	1.699467344513421740e-01	9.433962264150939914e-02	1.727748691099479927e-01	1.274509803921569928e-01	1.925925925925930093e-01	9.433962264150939914e-02	1.699467344513421740e-01	1.699467344513421740e-01	1.699467344513421740e-01	1.699467344513421740e-01	1.699467344513421740e-01	1.699467344513421740e-01	1.699467344513421740e-01	1.699467344513421740e-01	1.699467344513421740e-01	1.699467344513421740e-01	1.699467344513421740e-01	9.090909090909089774e-02	1.699467344513421740e-01	1.699467344513421740e-01	1.699467344513421740e-01	1.699467344513421740e-01	1.699467344513421740e-01	1.699467344513421740e-01	1.699467344513421740e-01	1.699467344513421740e-01	1.699467344513421740e-01	1.699467344513421740e-01	1.699467344513421740e-01	1.699467344513421740e-01	1.699467344513421740e-01	1.348314606741569943e-01	1.699467344513421740e-01	1.699467344513421740e-01	1.699467344513421740e-01	1.326530612244899987e-01	1.699467344513421740e-01	1.699467344513421740e-01	1.699467344513421740e-01	1.699467344513421740e-01	2.192982456140349923e-01	1.699467344513421740e-01	2.173913043478259977e-01	1.699467344513421740e-01	1.063829787234040064e-01	1.699467344513421740e-01	2.735042735042739759e-01	1.699467344513421740e-01	1.699467344513421740e-01	2.696629213483149878e-01	1.699467344513421740e-01	1.171171171171170033e-01	1.699467344513421740e-01	1.699467344513421740e-01	1.699467344513421740e-01	1.699467344513421740e-01	1.610169491525419994e-01	1.188118811881190007e-01
