1.000000000000000000e+00	4.530192127305855410e-01	4.530192127305855410e-01	6.048456605862500002e-01	4.530192127305855410e-01	5.944042223933539981e-01	4.530192127305855410e-01	4.416292324044169826e-01	4.530192127305855410e-01	3.619680741360890019e-01	6.032975224382870483e-01	6.118843959045180414e-01	4.530192127305855410e-01	5.505991105505300132e-01	4.530192127305855410e-01	4.530192127305855410e-01	6.702367357443700380e-01	6.017209112605680366e-01	4.530192127305855410e-01	4.530192127305855410e-01	4.530192127305855410e-01	4.530192127305855410e-01	5.451158505458949532e-01	6.811684388066550078e-01	4.530192127305855410e-01	5.215599804397339501e-01	7.155761600875619466e-02	4.530192127305855410e-01	4.530192127305855410e-01	5.073014069414389926e-01	4.530192127305855410e-01	6.902004391431769692e-01	4.530192127305855410e-01	2.889108266924019786e-01	6.685696156873960350e-01	4.530192127305855410e-01	5.741367884187830173e-01	4.530192127305855410e-01	3.527452965672660257e-02	5.990248071115830131e-01	6.621415372937889954e-01	5.181218723220040179e-01	4.530192127305855410e-01	4.530192127305855410e-01	3.803665032237170118e-01	4.530192127305855410e-01	3.884020665298720254e-01	4.530192127305855410e-01	5.727759604950199979e-01	4.530192127305855410e-01	4.530192127305855410e-01	5.544648297556189487e-01	4.530192127305855410e-01	4.530192127305855410e-01	4.530192127305855410e-01	4.530192127305855410e-01	4.530192127305855410e-01	4.530192127305855410e-01	4.530192127305855410e-01	4.530192127305855410e-01	5.868737304911829655e-01	4.530192127305855410e-01	4.530192127305855410e-01	4.530192127305855410e-01	4.530192127305855410e-01	3.241434055253390040e-02	5.962569225583700394e-01	4.530192127305855410e-01	6.106914757990650200e-01	4.530192127305855410e-01	4.530192127305855410e-01	1.867513992084360031e-01	4.530192127305855410e-01	4.530192127305855410e-01	5.498624735247600315e-01	5.823574936563939985e-01	4.530192127305855410e-01	6.208965160106000303e-01	5.444424514409279547e-01	4.530192127305855410e-01	4.557371592680349859e-01	4.530192127305855410e-01	4.530192127305855410e-01	4.530192127305855410e-01	5.572752061726800044e-01	4.530192127305855410e-01	5.991819466147090267e-01	5.701718525537979865e-01	1.000000000000000082e-05	8.183096169243550544e-03	5.968999202852199870e-01	6.319131505668910131e-01	5.697696739736130001e-01	4.530192127305855410e-01	2.498133133540060002e-01	4.530192127305855410e-01	4.530192127305855410e-01	4.530192127305855410e-01	4.530192127305855410e-01	4.530192127305855410e-01	2.890616871320499937e-01	5.598646787183809703e-01	4.530192127305855410e-01	4.527476610155489745e-01	6.358304586525169722e-01	6.226682055216220535e-01	4.530192127305855410e-01	5.727728796662759914e-01	7.042602379812900049e-01	5.837818192487580493e-01	5.318439052486519936e-01	4.530192127305855410e-01	5.531385282390699487e-01	4.530192127305855410e-01	4.530192127305855410e-01	4.530192127305855410e-01	6.644593120852040347e-01	4.530192127305855410e-01	6.611412368435529707e-01	4.530192127305855410e-01	4.530192127305855410e-01	6.471513019447510118e-01	4.530192127305855410e-01	5.355373356462389545e-01
4.530192127305855410e-01	1.000000000000000000e+00	5.907660574717139568e-01	5.944502568123890551e-01	2.655686621914140066e-01	4.530192127305855410e-01	4.953441670989079948e-01	4.530192127305855410e-01	3.301248752797409924e-01	3.552910749506000276e-01	4.530192127305855410e-01	5.961038597997200261e-01	4.530192127305855410e-01	4.530192127305855410e-01	4.530192127305855410e-01	4.530192127305855410e-01	6.560615448173340303e-01	5.844604221597640148e-01	4.530192127305855410e-01	4.530192127305855410e-01	4.530192127305855410e-01	6.599275478859359945e-01	5.332021610346570073e-01	6.681510030368780217e-01	4.530192127305855410e-01	5.081151393409210071e-01	4.530192127305855410e-01	4.530192127305855410e-01	4.530192127305855410e-01	4.530192127305855410e-01	4.530192127305855410e-01	4.530192127305855410e-01	6.878311785811880297e-01	4.530192127305855410e-01	6.546565590584559891e-01	5.238988054946730477e-01	5.598630937432119703e-01	4.530192127305855410e-01	3.427507006668450290e-02	4.530192127305855410e-01	4.530192127305855410e-01	4.530192127305855410e-01	5.467368940947030520e-01	4.530192127305855410e-01	3.759784642986410130e-01	6.146755516192019542e-01	3.765619918578960168e-01	5.276562784841070108e-01	5.589772997749840044e-01	4.530192127305855410e-01	4.530192127305855410e-01	5.464317483834130185e-01	6.117123769316690218e-01	6.226429057658260380e-01	1.322606961065639908e-01	4.530192127305855410e-01	4.530192127305855410e-01	6.453088767151310412e-01	6.633488043395240341e-01	5.351436626648949924e-01	4.530192127305855410e-01	3.230885297705500259e-01	5.447336989190899592e-01	4.336809299432560216e-01	3.504597223241689985e-01	3.236606403384360148e-02	5.832058640623210000e-01	1.353996388558650031e-02	5.991460331079759838e-01	8.269736994876940306e-02	4.530192127305855410e-01	1.804798863358169914e-01	4.530192127305855410e-01	6.286264726621060284e-01	4.530192127305855410e-01	5.654549520079630298e-01	5.498701821673479539e-01	6.046927788044109686e-01	4.530192127305855410e-01	4.530192127305855410e-01	4.530192127305855410e-01	1.406000833395630034e-01	4.530192127305855410e-01	4.530192127305855410e-01	4.530192127305855410e-01	1.281650654603979922e-01	4.530192127305855410e-01	4.530192127305855410e-01	1.000000000000000082e-05	8.468694707642410516e-03	4.530192127305855410e-01	6.230980988583819657e-01	5.585642334227769457e-01	5.318383707751289657e-01	2.449221602673730125e-01	5.474910401514789804e-01	4.530192127305855410e-01	4.530192127305855410e-01	4.083987640704909885e-04	6.112015305870930337e-01	2.866009856295870240e-01	5.461592655921809758e-01	5.282367082802960079e-01	4.449453488856929817e-01	6.184907665817059863e-01	6.037680266695519826e-01	4.530192127305855410e-01	4.530192127305855410e-01	4.530192127305855410e-01	5.647732419215399924e-01	4.530192127305855410e-01	4.530192127305855410e-01	5.383701913289550278e-01	6.706134805885359818e-01	4.530192127305855410e-01	6.409653713929710506e-01	4.530192127305855410e-01	4.530192127305855410e-01	6.475187195579950039e-01	4.530192127305855410e-01	6.123129328997379828e-01	4.530192127305855410e-01	5.346470402857640414e-01	4.530192127305855410e-01
4.530192127305855410e-01	5.907660574717139568e-01	1.000000000000000000e+00	5.434598662609390063e-01	4.530192127305855410e-01	5.327946220145040046e-01	4.530192127305855410e-01	3.951233502583220147e-01	4.530192127305855410e-01	3.276568812950579890e-01	5.392684973750380140e-01	5.482582283240530208e-01	4.530192127305855410e-01	4.865646877912179757e-01	4.029319591344859841e-01	6.410930848207599952e-01	5.994913000648349755e-01	5.345653606902970312e-01	4.530192127305855410e-01	4.819188372848000057e-01	4.530192127305855410e-01	6.034669833367699576e-01	4.989067598536640058e-01	6.139052308202399555e-01	4.530192127305855410e-01	4.618896385448190145e-01	6.513911507251879396e-02	2.239098702255170048e-01	5.372405124804230381e-01	4.530192127305855410e-01	4.776337585095259963e-01	6.144777604660669468e-01	6.252707128220520438e-01	4.530192127305855410e-01	4.530192127305855410e-01	4.530192127305855410e-01	5.137035721518129483e-01	4.530192127305855410e-01	3.223116951641209760e-02	5.379822036612790237e-01	4.530192127305855410e-01	4.652808198223820080e-01	4.530192127305855410e-01	1.159048723642400053e-01	4.530192127305855410e-01	4.530192127305855410e-01	3.544447508331359797e-01	4.530192127305855410e-01	5.117155893824509860e-01	4.530192127305855410e-01	4.530192127305855410e-01	4.947066453837459798e-01	4.530192127305855410e-01	4.530192127305855410e-01	4.530192127305855410e-01	5.705494299397150249e-01	4.530192127305855410e-01	5.890429224764119898e-01	6.020829338430340183e-01	4.905098017533410237e-01	5.336605096616729993e-01	4.530192127305855410e-01	4.530192127305855410e-01	3.998483011965450196e-01	3.204091133452259821e-01	4.530192127305855410e-01	5.355761148352550238e-01	4.530192127305855410e-01	5.443788788589970506e-01	7.637861172065789350e-02	4.530192127305855410e-01	1.722514017081669957e-01	5.963708098159550275e-01	5.734163839891069925e-01	4.530192127305855410e-01	5.162508499658270411e-01	4.980170007037040270e-01	5.511470583101559795e-01	4.928412389878770172e-01	4.530192127305855410e-01	4.116771620286679978e-01	4.530192127305855410e-01	4.530192127305855410e-01	4.530192127305855410e-01	5.053980967515999678e-01	4.530192127305855410e-01	4.530192127305855410e-01	4.530192127305855410e-01	4.530192127305855410e-01	7.976358343059899297e-03	4.530192127305855410e-01	5.618881646407449804e-01	4.530192127305855410e-01	4.530192127305855410e-01	4.530192127305855410e-01	5.036732147247310332e-01	5.031086601689349624e-01	5.015960724115949843e-01	4.530192127305855410e-01	5.590179379811169857e-01	4.530192127305855410e-01	4.958007802633049854e-01	4.800546174423370172e-01	4.126085535176179930e-01	5.645310370137369693e-01	4.530192127305855410e-01	5.484670143301599854e-01	4.530192127305855410e-01	4.530192127305855410e-01	4.530192127305855410e-01	4.689085988566299990e-01	4.176499054660839927e-01	4.878464129365470137e-01	6.067944722792689705e-01	4.530192127305855410e-01	4.530192127305855410e-01	5.889980657520179630e-01	4.530192127305855410e-01	5.933468103484650369e-01	5.268491688264650419e-01	4.530192127305855410e-01	5.787557711916090364e-01	4.530192127305855410e-01	4.530192127305855410e-01
6.048456605862500002e-01	5.944502568123890551e-01	5.434598662609390063e-01	1.000000000000000000e+00	4.530192127305855410e-01	5.386298497648199790e-01	4.530192127305855410e-01	4.016395308064850123e-01	4.530192127305855410e-01	3.245995934777570202e-01	5.380397037776269986e-01	4.530192127305855410e-01	5.802971671128800413e-01	4.941211397350679935e-01	4.530192127305855410e-01	6.480785131697910373e-01	4.530192127305855410e-01	4.530192127305855410e-01	4.530192127305855410e-01	4.822917913158760173e-01	4.898355562159770193e-01	6.019654002363850065e-01	4.530192127305855410e-01	4.530192127305855410e-01	4.530192127305855410e-01	4.530192127305855410e-01	6.689924664020970024e-02	4.530192127305855410e-01	5.408393125509489696e-01	4.530192127305855410e-01	4.843828810855509981e-01	4.530192127305855410e-01	4.530192127305855410e-01	2.667630840232099732e-01	4.530192127305855410e-01	4.804716850261350203e-01	5.170618156469070081e-01	5.649218100778700125e-01	3.348417169115160130e-02	5.444770941783689810e-01	5.931217626045730551e-01	4.726822562019600271e-01	4.530192127305855410e-01	1.193650975377919948e-01	4.530192127305855410e-01	4.530192127305855410e-01	4.530192127305855410e-01	4.530192127305855410e-01	4.530192127305855410e-01	5.278262603704979572e-01	4.738174231099960276e-01	5.024754155937819489e-01	5.576663433789149638e-01	5.768566490312370121e-01	4.530192127305855410e-01	5.701824007074759448e-01	4.530192127305855410e-01	4.530192127305855410e-01	6.049235896349850483e-01	4.938746875617119891e-01	4.530192127305855410e-01	3.016685665008960182e-01	4.530192127305855410e-01	4.530192127305855410e-01	4.530192127305855410e-01	3.031497811283600033e-02	5.397439904774129493e-01	4.530192127305855410e-01	5.502727195606570421e-01	7.784966778389200426e-02	5.916243522099909891e-01	1.698585330874700094e-01	4.530192127305855410e-01	5.787679332721059611e-01	4.966666363370900172e-01	4.530192127305855410e-01	5.053672182673739632e-01	5.547383064853279588e-01	4.530192127305855410e-01	4.530192127305855410e-01	4.187414860421049823e-01	1.331367194629320128e-01	4.530192127305855410e-01	4.530192127305855410e-01	4.530192127305855410e-01	4.530192127305855410e-01	5.404377200614729482e-01	4.530192127305855410e-01	1.000000000000000082e-05	7.847362898518820198e-03	5.317494457895379778e-01	5.627193127215870394e-01	4.530192127305855410e-01	4.530192127305855410e-01	4.530192127305855410e-01	5.089320309453629898e-01	5.004230354782810419e-01	4.530192127305855410e-01	4.080215767672549978e-04	4.530192127305855410e-01	2.645560095806550049e-01	5.028757206269329760e-01	4.530192127305855410e-01	4.530192127305855410e-01	4.530192127305855410e-01	5.607092991363209489e-01	4.530192127305855410e-01	4.530192127305855410e-01	6.377488009663619950e-01	5.213530686635410305e-01	4.530192127305855410e-01	4.530192127305855410e-01	4.530192127305855410e-01	4.530192127305855410e-01	4.530192127305855410e-01	5.857661951460010341e-01	4.530192127305855410e-01	5.910993358230349770e-01	5.981531006387019733e-01	4.530192127305855410e-01	5.708181027770820037e-01	5.864253722147899639e-01	4.899404405198810042e-01	4.780123756624289899e-01
4.530192127305855410e-01	2.655686621914140066e-01	4.530192127305855410e-01	4.530192127305855410e-01	9.999999999999840128e-01	4.530192127305855410e-01	4.530192127305855410e-01	1.901022875138259904e-01	1.457165052532979899e-01	1.582512426071200073e-01	2.476883626698150043e-01	4.530192127305855410e-01	4.530192127305855410e-01	4.530192127305855410e-01	4.530192127305855410e-01	2.888899512550289761e-01	4.530192127305855410e-01	2.468901862172780126e-01	4.530192127305855410e-01	2.195865509570630036e-01	4.530192127305855410e-01	4.530192127305855410e-01	4.530192127305855410e-01	4.530192127305855410e-01	4.530192127305855410e-01	2.202504011141999951e-01	4.530192127305855410e-01	1.149510012631970030e-01	2.477856733174889914e-01	4.530192127305855410e-01	4.530192127305855410e-01	4.530192127305855410e-01	2.818528002637459839e-01	4.530192127305855410e-01	4.530192127305855410e-01	2.210410526322159896e-01	2.374698772323559914e-01	2.511098407408369759e-01	4.530192127305855410e-01	2.496665160151629870e-01	2.690977979004849918e-01	4.530192127305855410e-01	4.530192127305855410e-01	5.830043268590429789e-02	1.638275522815879903e-01	4.530192127305855410e-01	1.668858340829240117e-01	4.530192127305855410e-01	4.530192127305855410e-01	4.530192127305855410e-01	4.530192127305855410e-01	4.530192127305855410e-01	4.530192127305855410e-01	2.609845437678059987e-01	6.275001020804570062e-02	4.530192127305855410e-01	2.355159332048570031e-01	2.679225845825239927e-01	4.530192127305855410e-01	4.530192127305855410e-01	4.530192127305855410e-01	4.530192127305855410e-01	2.293402099182819953e-01	1.857837384886059928e-01	4.530192127305855410e-01	1.705433404210249942e-02	2.490558683598980139e-01	7.480762790290649937e-03	4.530192127305855410e-01	4.530192127305855410e-01	4.530192127305855410e-01	4.530192127305855410e-01	4.530192127305855410e-01	4.530192127305855410e-01	4.530192127305855410e-01	4.530192127305855410e-01	4.530192127305855410e-01	2.506303565198870209e-01	2.230235024970010083e-01	2.488381342021820097e-01	1.926862858071780038e-01	4.530192127305855410e-01	4.530192127305855410e-01	4.530192127305855410e-01	2.251046682929080112e-01	4.530192127305855410e-01	2.435301421722360082e-01	4.530192127305855410e-01	1.000000000000000082e-05	5.600481295622779764e-03	4.530192127305855410e-01	4.530192127305855410e-01	4.530192127305855410e-01	2.251252245942209906e-01	4.530192127305855410e-01	2.292030940912909986e-01	2.292308169013050068e-01	4.530192127305855410e-01	4.530192127305855410e-01	2.560422668547320257e-01	4.530192127305855410e-01	4.530192127305855410e-01	4.530192127305855410e-01	1.864047099774270022e-01	4.530192127305855410e-01	2.524351986017630001e-01	2.552198181662230225e-01	2.379500879790990009e-01	2.831903047791369810e-01	2.390536913507499972e-01	2.194677988944450098e-01	4.530192127305855410e-01	2.232997725698959990e-01	2.779193691781750020e-01	4.530192127305855410e-01	4.530192127305855410e-01	4.530192127305855410e-01	2.664011361511670062e-01	2.671903355502989741e-01	2.386559489755369912e-01	4.530192127305855410e-01	2.660907595926810254e-01	2.295278893661099884e-01	2.158680485168089913e-01
5.944042223933539981e-01	4.530192127305855410e-01	5.327946220145040046e-01	5.386298497648199790e-01	4.530192127305855410e-01	1.000000000000000000e+00	4.477105830121569929e-01	4.530192127305855410e-01	2.980050320412580001e-01	4.530192127305855410e-01	5.320272361309990039e-01	4.530192127305855410e-01	5.725944988206159714e-01	4.530192127305855410e-01	4.057994609789660201e-01	4.530192127305855410e-01	4.530192127305855410e-01	5.294733585428129663e-01	4.530192127305855410e-01	4.763125226050650141e-01	4.752475535586430100e-01	5.984686479429129902e-01	4.530192127305855410e-01	6.031026341971159610e-01	4.530192127305855410e-01	4.608863625098300054e-01	6.610552334626469684e-02	2.255079249363400040e-01	4.530192127305855410e-01	4.533543593560729890e-01	4.761294239152220054e-01	4.530192127305855410e-01	4.530192127305855410e-01	2.576278839336429982e-01	4.530192127305855410e-01	4.530192127305855410e-01	4.530192127305855410e-01	4.530192127305855410e-01	3.132750161852609905e-02	4.530192127305855410e-01	4.530192127305855410e-01	4.591803673147010212e-01	4.530192127305855410e-01	1.160761061029590008e-01	3.372928405671020147e-01	5.561314444148669489e-01	4.530192127305855410e-01	4.756832661544009855e-01	4.530192127305855410e-01	5.095648621483229723e-01	4.643822157354630109e-01	4.953811586740130002e-01	5.466097952897680523e-01	4.530192127305855410e-01	1.199867166368159960e-01	5.602733173339670136e-01	5.049272702997820161e-01	5.840643051794409679e-01	5.962016168279400397e-01	4.530192127305855410e-01	5.196777839245390052e-01	4.530192127305855410e-01	4.530192127305855410e-01	3.878455748616160270e-01	3.131084442040850124e-01	3.013752910430279874e-02	4.530192127305855410e-01	1.243710310825470004e-02	4.530192127305855410e-01	4.530192127305855410e-01	5.908446866014850363e-01	4.530192127305855410e-01	4.530192127305855410e-01	4.530192127305855410e-01	4.530192127305855410e-01	4.530192127305855410e-01	4.530192127305855410e-01	4.530192127305855410e-01	4.530192127305855410e-01	4.530192127305855410e-01	4.530192127305855410e-01	4.530192127305855410e-01	4.530192127305855410e-01	4.530192127305855410e-01	4.530192127305855410e-01	4.530192127305855410e-01	5.275271435304800249e-01	4.530192127305855410e-01	4.530192127305855410e-01	7.878510450880839636e-03	4.530192127305855410e-01	5.605434849199459890e-01	5.034753294201439466e-01	4.530192127305855410e-01	2.224919097112640076e-01	4.941057819670249818e-01	4.530192127305855410e-01	4.996557821900630136e-01	3.900224744325100023e-04	4.530192127305855410e-01	2.563489745597740121e-01	4.996216494460650193e-01	4.765506992938470243e-01	4.028507394190170010e-01	4.530192127305855410e-01	5.505686743923889903e-01	4.530192127305855410e-01	5.151005707783939958e-01	4.530192127305855410e-01	5.129056357139949451e-01	4.530192127305855410e-01	4.530192127305855410e-01	4.530192127305855410e-01	6.067691646605289923e-01	4.530192127305855410e-01	4.530192127305855410e-01	4.530192127305855410e-01	5.810420326309220229e-01	5.849415109851540118e-01	4.530192127305855410e-01	4.530192127305855410e-01	4.530192127305855410e-01	4.530192127305855410e-01	4.530192127305855410e-01
4.530192127305855410e-01	4.953441670989079948e-01	4.530192127305855410e-01	4.530192127305855410e-01	4.530192127305855410e-01	4.477105830121569929e-01	1.000000000000000000e+00	3.373324231703799803e-01	4.530192127305855410e-01	4.530192127305855410e-01	4.534276830640909806e-01	4.530192127305855410e-01	4.530192127305855410e-01	4.530192127305855410e-01	4.530192127305855410e-01	4.530192127305855410e-01	4.530192127305855410e-01	4.522505240061079901e-01	5.165565869554350487e-01	4.015331510254970260e-01	4.530192127305855410e-01	5.078367979432329982e-01	4.530192127305855410e-01	4.530192127305855410e-01	3.708009395946290088e-01	4.530192127305855410e-01	4.530192127305855410e-01	1.945847810806499989e-01	4.614661160802009943e-01	4.530192127305855410e-01	4.530192127305855410e-01	4.530192127305855410e-01	5.312010255769139544e-01	2.228952186168320082e-01	5.063513498157610204e-01	4.103107283078000211e-01	4.530192127305855410e-01	4.530192127305855410e-01	4.530192127305855410e-01	4.575521065506399920e-01	4.978231413790459858e-01	3.992276739150940057e-01	4.530192127305855410e-01	4.530192127305855410e-01	4.530192127305855410e-01	4.530192127305855410e-01	2.962921452243469922e-01	4.530192127305855410e-01	4.339467637532880007e-01	4.530192127305855410e-01	3.974826599194190013e-01	4.530192127305855410e-01	4.689810984990450127e-01	4.530192127305855410e-01	1.042086328829699982e-01	4.530192127305855410e-01	4.370239719339890083e-01	4.962685065386109873e-01	5.074736059288359469e-01	4.154427343694340191e-01	4.445061808416689852e-01	2.595052635136320118e-01	4.254627867535449859e-01	3.355650374616450105e-01	2.755383938785649911e-01	2.609622117738399916e-02	4.530192127305855410e-01	4.530192127305855410e-01	4.530192127305855410e-01	4.530192127305855410e-01	4.530192127305855410e-01	1.458889449874880007e-01	4.530192127305855410e-01	4.530192127305855410e-01	4.530192127305855410e-01	4.383115212529329896e-01	4.262832155326800043e-01	4.530192127305855410e-01	4.530192127305855410e-01	4.565630885790339932e-01	3.521068284132159998e-01	4.530192127305855410e-01	4.530192127305855410e-01	4.530192127305855410e-01	4.530192127305855410e-01	1.014089381267599954e-01	4.530192127305855410e-01	4.530192127305855410e-01	4.530192127305855410e-01	4.530192127305855410e-01	4.515673537546330274e-01	4.776511538691560199e-01	4.530192127305855410e-01	4.530192127305855410e-01	1.911558222121700068e-01	4.530192127305855410e-01	4.530192127305855410e-01	4.530192127305855410e-01	3.880204352693129854e-04	4.771766362262849781e-01	4.530192127305855410e-01	4.530192127305855410e-01	4.530192127305855410e-01	4.530192127305855410e-01	4.530192127305855410e-01	4.530192127305855410e-01	4.659924860865979901e-01	4.530192127305855410e-01	5.310123175376030291e-01	4.530192127305855410e-01	4.030973599153500064e-01	4.530192127305855410e-01	4.222579741783630269e-01	5.164317129270480367e-01	4.530192127305855410e-01	4.960644099510829741e-01	4.991739934176859794e-01	4.933158105047090181e-01	4.992589145418109831e-01	4.530192127305855410e-01	4.697771509673859813e-01	4.888745915453370228e-01	4.115448963839329899e-01	4.530192127305855410e-01
4.416292324044169826e-01	4.530192127305855410e-01	3.951233502583220147e-01	4.016395308064850123e-01	1.901022875138259904e-01	4.530192127305855410e-01	3.373324231703799803e-01	1.000000000000009992e+00	2.278254314737180042e-01	2.465338033383150107e-01	4.530192127305855410e-01	4.530192127305855410e-01	4.231941224402380186e-01	3.644584321881950140e-01	4.530192127305855410e-01	4.530192127305855410e-01	4.400299614491929856e-01	3.924198213810510261e-01	4.439398867971069973e-01	3.578723573323089879e-01	3.538221111725199930e-01	4.396419849410370118e-01	4.530192127305855410e-01	4.530192127305855410e-01	3.223029303985570082e-01	4.530192127305855410e-01	4.530192127305855410e-01	4.530192127305855410e-01	4.530192127305855410e-01	4.530192127305855410e-01	4.530192127305855410e-01	4.530192127305855410e-01	4.571419735142729923e-01	1.978550471824750134e-01	4.387052926985650081e-01	4.530192127305855410e-01	3.798292325694789806e-01	4.099815720052419898e-01	4.530192127305855410e-01	3.945724309480769798e-01	4.314787236587450114e-01	3.447604857095549757e-01	3.612070148185480001e-01	4.530192127305855410e-01	4.530192127305855410e-01	4.159091634675570193e-01	2.577030976378579807e-01	3.543050550363360252e-01	3.752283423628929859e-01	4.530192127305855410e-01	4.530192127305855410e-01	4.530192127305855410e-01	4.530192127305855410e-01	4.208859385986409851e-01	4.530192127305855410e-01	4.530192127305855410e-01	4.530192127305855410e-01	4.338577755468729924e-01	4.434081482166760124e-01	3.603579969829510121e-01	3.820801487746199876e-01	2.208426345602690077e-01	3.655535657419730078e-01	2.888289789205509828e-01	4.530192127305855410e-01	4.530192127305855410e-01	4.530192127305855410e-01	4.530192127305855410e-01	4.080826426646400051e-01	4.530192127305855410e-01	4.344192838584829963e-01	4.530192127305855410e-01	4.530192127305855410e-01	4.202417020713939966e-01	4.530192127305855410e-01	4.530192127305855410e-01	3.680462508195049831e-01	4.040000803048829914e-01	4.530192127305855410e-01	3.999510536059939780e-01	4.530192127305855410e-01	9.773818627089600475e-02	2.283666899145710139e-01	4.530192127305855410e-01	3.660480644394609739e-01	9.027354757285810383e-02	4.530192127305855410e-01	4.530192127305855410e-01	1.000000000000000082e-05	7.007363420687770170e-03	4.530192127305855410e-01	4.150705151585920016e-01	3.745039968745350056e-01	4.530192127305855410e-01	1.690058243372029867e-01	3.710337338872199964e-01	3.675529285899620247e-01	4.530192127305855410e-01	4.530192127305855410e-01	4.158553690066160158e-01	4.530192127305855410e-01	3.688669183334130075e-01	3.523754463577840057e-01	4.530192127305855410e-01	4.153173182589650070e-01	4.084823726731319771e-01	4.044107465894040132e-01	4.530192127305855410e-01	4.530192127305855410e-01	3.828976782639170184e-01	4.530192127305855410e-01	4.530192127305855410e-01	4.530192127305855410e-01	4.470463529277349801e-01	4.530192127305855410e-01	4.282654530703650098e-01	4.319923322351140182e-01	4.351891988691550250e-01	4.530192127305855410e-01	4.530192127305855410e-01	4.122763291057650048e-01	4.530192127305855410e-01	3.573591088720530218e-01	4.530192127305855410e-01
4.530192127305855410e-01	3.301248752797409924e-01	4.530192127305855410e-01	4.530192127305855410e-01	1.457165052532979899e-01	2.980050320412580001e-01	4.530192127305855410e-01	2.278254314737180042e-01	9.999999999999940048e-01	4.530192127305855410e-01	3.038684284848999773e-01	4.530192127305855410e-01	3.221770709969680180e-01	2.840947341116860092e-01	4.530192127305855410e-01	4.530192127305855410e-01	3.341923491027919968e-01	4.530192127305855410e-01	4.530192127305855410e-01	4.530192127305855410e-01	2.684151481172339926e-01	4.530192127305855410e-01	4.530192127305855410e-01	4.530192127305855410e-01	2.501297952429979987e-01	4.530192127305855410e-01	4.133463256471429925e-02	1.377599536120809876e-01	3.039635029130010047e-01	2.579493701278540163e-01	4.530192127305855410e-01	4.530192127305855410e-01	4.530192127305855410e-01	4.530192127305855410e-01	4.530192127305855410e-01	2.710099702540750277e-01	2.910331853634099963e-01	3.153605277497389947e-01	4.530192127305855410e-01	3.029557603218079875e-01	3.327528969249339830e-01	2.690996322931150098e-01	2.795766831650819961e-01	7.110312897939780052e-02	4.530192127305855410e-01	3.177874619333149742e-01	4.530192127305855410e-01	4.530192127305855410e-01	4.530192127305855410e-01	2.980041990906969751e-01	4.530192127305855410e-01	2.753936034844770009e-01	4.530192127305855410e-01	4.530192127305855410e-01	7.298347288596969407e-02	3.162895945727060010e-01	4.530192127305855410e-01	3.271760945571700052e-01	3.350033987456950135e-01	4.530192127305855410e-01	2.907135615358180103e-01	1.751968664923760077e-01	2.795621368446630228e-01	2.238381249943600104e-01	1.877344382686330082e-01	1.982369656791420007e-02	2.976252314321329862e-01	9.039214145360720265e-03	4.530192127305855410e-01	4.807317758123959978e-02	3.281705155943719920e-01	1.007223695782499956e-01	4.530192127305855410e-01	3.161618469646410023e-01	2.748979220271760004e-01	4.530192127305855410e-01	4.530192127305855410e-01	4.530192127305855410e-01	2.749437367101810192e-01	3.009176423460330208e-01	4.530192127305855410e-01	4.530192127305855410e-01	1.709312927625659950e-01	4.530192127305855410e-01	2.816621236083020063e-01	4.530192127305855410e-01	4.530192127305855410e-01	2.874463256798009958e-01	4.530192127305855410e-01	6.087567073453360039e-03	2.999427774571640226e-01	4.530192127305855410e-01	2.861249794848300110e-01	2.721029803388200219e-01	4.530192127305855410e-01	2.804880766818519944e-01	2.806484533248739810e-01	4.530192127305855410e-01	3.141110491892850254e-04	4.530192127305855410e-01	1.499669191140269864e-01	4.530192127305855410e-01	4.530192127305855410e-01	4.530192127305855410e-01	3.150514181938580127e-01	3.090605251205320037e-01	3.030917592614160161e-01	2.860864466687240149e-01	4.530192127305855410e-01	4.530192127305855410e-01	4.530192127305855410e-01	2.438868203264979995e-01	4.530192127305855410e-01	4.530192127305855410e-01	3.276155473296620269e-01	4.530192127305855410e-01	4.530192127305855410e-01	4.530192127305855410e-01	4.530192127305855410e-01	4.530192127305855410e-01	4.530192127305855410e-01	3.260436358324910189e-01	2.739965069325679958e-01	4.530192127305855410e-01
3.619680741360890019e-01	3.552910749506000276e-01	3.276568812950579890e-01	3.245995934777570202e-01	1.582512426071200073e-01	4.530192127305855410e-01	4.530192127305855410e-01	2.465338033383150107e-01	4.530192127305855410e-01	9.999999999999970024e-01	3.271285022544430099e-01	4.530192127305855410e-01	4.530192127305855410e-01	4.530192127305855410e-01	4.530192127305855410e-01	3.841467979592140258e-01	4.530192127305855410e-01	4.530192127305855410e-01	4.530192127305855410e-01	4.530192127305855410e-01	4.530192127305855410e-01	3.588684930783910265e-01	2.961956650201880148e-01	3.678628050287849893e-01	2.659348408216439807e-01	2.863705073577180182e-01	4.530192127305855410e-01	1.457576892891679909e-01	3.285555220076969984e-01	2.779398163496870078e-01	4.530192127305855410e-01	3.668375011119739959e-01	4.530192127305855410e-01	4.530192127305855410e-01	3.560190397649469762e-01	4.530192127305855410e-01	4.530192127305855410e-01	4.530192127305855410e-01	2.213864311337130145e-02	3.279715828801449962e-01	4.530192127305855410e-01	2.840212249081069951e-01	4.530192127305855410e-01	7.489993100122270542e-02	2.110098514947360004e-01	3.373800701452420170e-01	2.134883501720100107e-01	4.530192127305855410e-01	3.087428121305569872e-01	3.184713266562820277e-01	2.884213294823240181e-01	3.040638141459359733e-01	3.362821799069959927e-01	3.439002587741989969e-01	4.530192127305855410e-01	3.400164905879399790e-01	4.530192127305855410e-01	3.536873917518469912e-01	3.592195823185039827e-01	4.530192127305855410e-01	4.530192127305855410e-01	4.530192127305855410e-01	4.530192127305855410e-01	4.530192127305855410e-01	1.969400279702110124e-01	2.069528608448599830e-02	3.226447115061459869e-01	9.237014599838489631e-03	4.530192127305855410e-01	4.530192127305855410e-01	4.530192127305855410e-01	1.076304847582549989e-01	4.530192127305855410e-01	4.530192127305855410e-01	2.997070747211230124e-01	3.200438385912480199e-01	4.530192127305855410e-01	3.349549980172250030e-01	2.994920236000209735e-01	3.242263725268429986e-01	4.530192127305855410e-01	4.530192127305855410e-01	4.530192127305855410e-01	4.530192127305855410e-01	4.530192127305855410e-01	7.998383582094789612e-02	4.530192127305855410e-01	4.530192127305855410e-01	4.530192127305855410e-01	4.530192127305855410e-01	4.530192127305855410e-01	4.530192127305855410e-01	3.179368035648990065e-01	4.530192127305855410e-01	4.530192127305855410e-01	4.530192127305855410e-01	4.530192127305855410e-01	3.065127778913239731e-01	3.223832138999769745e-04	3.375026073954019989e-01	1.651781299549459903e-01	2.978803528853249949e-01	4.530192127305855410e-01	2.498101426101740075e-01	3.454078465250070007e-01	3.318869756155289896e-01	3.324268004701920187e-01	4.530192127305855410e-01	3.782228695829439880e-01	4.530192127305855410e-01	4.530192127305855410e-01	2.530978235857370140e-01	4.530192127305855410e-01	3.665151357143799915e-01	3.570120555386619987e-01	4.530192127305855410e-01	4.530192127305855410e-01	3.498126496504839755e-01	4.530192127305855410e-01	3.163865941877260224e-01	3.388831063171720004e-01	4.530192127305855410e-01	2.957460925120479756e-01	2.903131427908490214e-01
6.032975224382870483e-01	4.530192127305855410e-01	5.392684973750380140e-01	5.380397037776269986e-01	2.476883626698150043e-01	5.320272361309990039e-01	4.534276830640909806e-01	4.530192127305855410e-01	3.038684284848999773e-01	3.271285022544430099e-01	1.000000000000000000e+00	5.444580116586099638e-01	5.788897998690829549e-01	4.941063839132660007e-01	4.530192127305855410e-01	4.530192127305855410e-01	5.989666411150910141e-01	5.374768508459270011e-01	6.097501428974080318e-01	4.852295775180550108e-01	4.530192127305855410e-01	6.014038434852679860e-01	4.885659901324410082e-01	6.107216271838440402e-01	4.352991601401359767e-01	4.699048036455930055e-01	6.553130872763759940e-02	4.530192127305855410e-01	5.360097204140059635e-01	4.530192127305855410e-01	4.763623396310729952e-01	6.122819851253640255e-01	6.293461540444319491e-01	4.530192127305855410e-01	4.530192127305855410e-01	4.530192127305855410e-01	5.171235627398510504e-01	5.612716356196170153e-01	4.530192127305855410e-01	5.399932689371129690e-01	4.530192127305855410e-01	4.530192127305855410e-01	4.911681225004699836e-01	1.128315124128559943e-01	4.530192127305855410e-01	5.718652659397189808e-01	3.460901137098519875e-01	4.530192127305855410e-01	4.530192127305855410e-01	4.530192127305855410e-01	4.715832334840729945e-01	4.530192127305855410e-01	5.543971176078990037e-01	5.718928973347290334e-01	4.530192127305855410e-01	4.530192127305855410e-01	5.067688109908889960e-01	5.857742550467609499e-01	4.530192127305855410e-01	4.899876555752160079e-01	4.530192127305855410e-01	2.977868630977730247e-01	4.530192127305855410e-01	4.530192127305855410e-01	4.530192127305855410e-01	2.950445909228140151e-02	5.359622529275129832e-01	4.530192127305855410e-01	4.530192127305855410e-01	7.662783620931179485e-02	4.530192127305855410e-01	4.530192127305855410e-01	4.530192127305855410e-01	4.530192127305855410e-01	4.530192127305855410e-01	4.530192127305855410e-01	4.981572590554240176e-01	5.523285694204630447e-01	4.885711877660700031e-01	4.530192127305855410e-01	4.099225470883369749e-01	4.530192127305855410e-01	3.005541723126780029e-01	4.530192127305855410e-01	4.530192127305855410e-01	1.170127731145070016e-01	4.530192127305855410e-01	4.530192127305855410e-01	1.000000000000000082e-05	4.530192127305855410e-01	4.530192127305855410e-01	4.530192127305855410e-01	4.530192127305855410e-01	4.530192127305855410e-01	4.530192127305855410e-01	4.992363887302420089e-01	4.989182574745609777e-01	4.530192127305855410e-01	3.969426336575600255e-04	5.589294487439440129e-01	4.530192127305855410e-01	4.982476304411559975e-01	4.530192127305855410e-01	4.071513805052829893e-01	5.639616026305950269e-01	5.527901194846149835e-01	5.511371575851049531e-01	5.146747094894800201e-01	4.530192127305855410e-01	4.530192127305855410e-01	4.530192127305855410e-01	4.165625157001470180e-01	4.907740610229350264e-01	4.530192127305855410e-01	5.904618482091830156e-01	5.832946942382869482e-01	4.530192127305855410e-01	5.900597942352400205e-01	5.905511075286750122e-01	5.266395274143950145e-01	5.576005607171340417e-01	5.807330403715980083e-01	4.848662982248009845e-01	4.705037389305850026e-01
6.118843959045180414e-01	5.961038597997200261e-01	5.482582283240530208e-01	4.530192127305855410e-01	4.530192127305855410e-01	4.530192127305855410e-01	4.530192127305855410e-01	4.530192127305855410e-01	4.530192127305855410e-01	4.530192127305855410e-01	5.444580116586099638e-01	1.000000000000000000e+00	4.530192127305855410e-01	4.938907198850799873e-01	4.530192127305855410e-01	6.516972572348279646e-01	4.530192127305855410e-01	4.530192127305855410e-01	6.192623023409129512e-01	4.845383138182209892e-01	4.922799513220679768e-01	4.530192127305855410e-01	4.530192127305855410e-01	6.218583400087349666e-01	4.530192127305855410e-01	4.530192127305855410e-01	6.652122437199020633e-02	4.530192127305855410e-01	4.530192127305855410e-01	4.530192127305855410e-01	4.868722039562189963e-01	4.530192127305855410e-01	6.347457194771930489e-01	2.610512247967239907e-01	6.041591660184140178e-01	4.872641186946090053e-01	4.530192127305855410e-01	4.530192127305855410e-01	3.213170844840460005e-02	4.530192127305855410e-01	6.021757621322869625e-01	4.692229382876330068e-01	4.530192127305855410e-01	4.530192127305855410e-01	3.432824476694389948e-01	5.795514679769829813e-01	3.510763180484670065e-01	4.530192127305855410e-01	4.530192127305855410e-01	5.254704269500239944e-01	4.776848526576519816e-01	5.014531602748040218e-01	5.609802372925479785e-01	5.816051114544390499e-01	4.530192127305855410e-01	5.760861788851070475e-01	5.148802499404999677e-01	6.008401761867759872e-01	4.530192127305855410e-01	4.947424307811750244e-01	5.347870426775379604e-01	4.530192127305855410e-01	4.530192127305855410e-01	4.530192127305855410e-01	4.530192127305855410e-01	4.530192127305855410e-01	5.407558437259259998e-01	4.530192127305855410e-01	4.530192127305855410e-01	4.530192127305855410e-01	4.530192127305855410e-01	1.726352038223840091e-01	4.530192127305855410e-01	4.530192127305855410e-01	4.961176772824690273e-01	5.299423570082429924e-01	5.083345097831599713e-01	4.530192127305855410e-01	4.530192127305855410e-01	4.530192127305855410e-01	4.530192127305855410e-01	4.530192127305855410e-01	4.530192127305855410e-01	1.122451566456710015e-01	4.530192127305855410e-01	4.530192127305855410e-01	5.378717682568320280e-01	5.223070235782799609e-01	4.530192127305855410e-01	8.169782742563439989e-03	5.413335745266779631e-01	4.530192127305855410e-01	5.172557036637469574e-01	4.887248000641939982e-01	2.286976404494910076e-01	4.530192127305855410e-01	5.077056267231260245e-01	5.160458106817209512e-01	4.530192127305855410e-01	5.692877835116529894e-01	4.530192127305855410e-01	4.530192127305855410e-01	4.878935988344150210e-01	4.530192127305855410e-01	5.723960913076929780e-01	4.530192127305855410e-01	4.530192127305855410e-01	4.530192127305855410e-01	6.360423654455630293e-01	5.244614472906700131e-01	4.530192127305855410e-01	4.229240756591660100e-01	4.530192127305855410e-01	6.193796472315089563e-01	4.530192127305855410e-01	5.910813843663389466e-01	5.961911998585129879e-01	4.530192127305855410e-01	5.991336422774169446e-01	4.530192127305855410e-01	4.530192127305855410e-01	5.840088608278389826e-01	4.984837119438850217e-01	4.530192127305855410e-01
