1.000000000000000000e+00	4.228086507674799766e-01	4.466228561321879953e-01	6.358514371471749582e-01	6.081354263548295336e-01	5.988566395776889761e-01	6.406906020857040529e-01	6.081354263548295336e-01	6.081354263548295336e-01	5.562142219463079851e-01	8.252020191593339993e-01	3.285938886505569978e-01	7.522240680925850187e-01	6.081354263548295336e-01	8.224029418133289582e-01	6.081354263548295336e-01	6.964529250310409481e-01	2.169812510792299975e-01	6.081354263548295336e-01	7.973838528247449986e-01	3.467315710315240218e-01	6.081354263548295336e-01	5.040936915901780280e-01	6.081354263548295336e-01	7.519875455151190380e-01	6.081354263548295336e-01	8.690980719815749600e-01	6.745641397236880055e-01	8.528821087511829768e-01	6.677002277271969488e-01	6.081354263548295336e-01	8.763292280852029714e-01	8.432347098425080345e-01	6.559905398210710281e-01	6.081354263548295336e-01	6.081354263548295336e-01	7.856578723222830130e-01	6.081354263548295336e-01	6.081354263548295336e-01	6.081354263548295336e-01	6.081354263548295336e-01	4.579798086320909789e-01	6.081354263548295336e-01	6.081354263548295336e-01	8.232298476698940437e-01	3.336646472196839741e-01	6.081354263548295336e-01	6.081354263548295336e-01	6.081354263548295336e-01	6.081354263548295336e-01	8.506111428949679754e-01	6.081354263548295336e-01	6.081354263548295336e-01	6.081354263548295336e-01	6.081354263548295336e-01	5.245839402652530126e-01	8.522700991017889693e-01	6.081354263548295336e-01	8.311980677721160227e-01	6.081354263548295336e-01	8.852107354046969689e-01	3.737965777929549982e-01	6.081354263548295336e-01	1.561467115133770012e-01	6.709857781238039998e-01	6.081354263548295336e-01	6.081354263548295336e-01	6.081354263548295336e-01	7.977764459201049929e-01	8.096002695745919686e-01	8.572019402631000373e-01	8.622094754561540064e-01	8.304937348738460345e-01	7.752959877558950330e-01	2.334118753600269991e-01	6.081354263548295336e-01	6.081354263548295336e-01	8.133727349651590499e-01	6.081354263548295336e-01	8.683378777273069726e-01	8.034688433295590348e-01	8.902540697555849647e-01	6.081354263548295336e-01	6.081354263548295336e-01	6.081354263548295336e-01	8.746832363850010061e-01	8.829502640384430112e-01	6.081354263548295336e-01	6.081354263548295336e-01	5.425251008528529928e-01	4.231180522071300021e-01	4.217059032418269959e-01	6.081354263548295336e-01	8.100985600679969645e-01	8.587387116854029445e-01	6.081354263548295336e-01	6.081354263548295336e-01	8.915209103036200178e-01	8.992767039247310246e-01	6.081354263548295336e-01	6.081354263548295336e-01	6.081354263548295336e-01	6.081354263548295336e-01	6.081354263548295336e-01	6.081354263548295336e-01	6.081354263548295336e-01	6.081354263548295336e-01	6.081354263548295336e-01	6.081354263548295336e-01	7.828858765426149890e-01	8.381769145798929621e-01	6.388972749224609560e-01	6.081354263548295336e-01	6.081354263548295336e-01	6.081354263548295336e-01	8.751438021744010198e-01	6.081354263548295336e-01	6.081354263548295336e-01	6.081354263548295336e-01	8.343749651804710510e-01	4.370598126385479842e-01	6.081354263548295336e-01	8.193108358687339887e-01	8.431078937610519963e-01
4.228086507674799766e-01	1.000000000000000000e+00	6.759444420592229941e-01	4.138601880222440021e-01	6.081354263548295336e-01	6.081354263548295336e-01	5.621510831966569643e-01	5.534376893417449761e-01	4.976936210989639786e-01	6.229261705202769894e-01	5.068859686741240544e-01	6.081354263548295336e-01	4.539430676878870030e-01	3.635839114073580181e-01	3.342925422302759908e-01	4.432585845697279980e-01	5.097285593100150392e-01	6.081354263548295336e-01	3.328399067467049943e-01	6.081354263548295336e-01	4.594568833841010114e-01	6.081354263548295336e-01	6.081354263548295336e-01	6.081354263548295336e-01	4.322460020547759796e-01	3.501905917503729815e-01	6.081354263548295336e-01	6.081354263548295336e-01	6.081354263548295336e-01	4.478121905601680219e-01	6.081354263548295336e-01	6.081354263548295336e-01	3.173431376637820267e-01	6.081354263548295336e-01	3.728344052594759761e-01	2.476769272392000121e-01	6.081354263548295336e-01	4.263265453000180116e-01	6.081354263548295336e-01	6.081354263548295336e-01	3.585630828043980256e-01	6.081354263548295336e-01	6.081354263548295336e-01	3.241914155907210104e-01	6.081354263548295336e-01	6.081354263548295336e-01	6.081354263548295336e-01	3.296964912698959749e-01	6.081354263548295336e-01	6.081354263548295336e-01	3.221962210414299754e-01	6.081354263548295336e-01	6.081354263548295336e-01	3.172433551388070261e-01	3.053983608769360036e-01	6.081354263548295336e-01	3.336076243691940002e-01	3.113794503717939866e-01	3.099267807421359766e-01	3.157849168002829776e-01	3.062890880451670239e-01	5.468558501265390337e-01	6.081354263548295336e-01	6.081354263548295336e-01	5.202232510795109510e-01	6.081354263548295336e-01	6.081354263548295336e-01	5.683572117733920459e-01	3.818631232733770142e-01	6.081354263548295336e-01	6.081354263548295336e-01	6.081354263548295336e-01	2.806851882033529755e-01	6.081354263548295336e-01	4.280320711706330217e-01	6.081354263548295336e-01	3.153555930610419944e-01	3.271727262190339824e-01	5.053565993560820147e-01	3.322101978301880143e-01	3.421749723172700097e-01	6.081354263548295336e-01	6.081354263548295336e-01	6.308029619843209534e-01	6.081354263548295336e-01	6.081354263548295336e-01	6.081354263548295336e-01	3.212790012295460018e-01	6.081354263548295336e-01	6.081354263548295336e-01	4.962462654892759728e-01	6.081354263548295336e-01	6.081354263548295336e-01	6.081354263548295336e-01	6.081354263548295336e-01	2.658551609473410182e-01	6.081354263548295336e-01	6.081354263548295336e-01	6.081354263548295336e-01	3.629431781848589944e-01	4.286968467141339945e-01	5.900783519695760315e-01	6.081354263548295336e-01	6.081354263548295336e-01	6.081354263548295336e-01	6.081354263548295336e-01	6.404935278285459610e-01	6.081354263548295336e-01	5.638600402737039552e-01	6.081354263548295336e-01	6.081354263548295336e-01	4.325386523657719917e-01	6.081354263548295336e-01	6.081354263548295336e-01	6.081354263548295336e-01	4.070666630891640048e-01	6.081354263548295336e-01	6.081354263548295336e-01	6.081354263548295336e-01	6.081354263548295336e-01	6.662729873657999846e-01	3.339042496461619991e-01	6.081354263548295336e-01	3.062555865964179946e-01
4.466228561321879953e-01	6.759444420592229941e-01	1.000000000000000000e+00	6.081354263548295336e-01	6.215011536916410506e-01	6.081354263548295336e-01	5.963195912922829578e-01	6.081354263548295336e-01	6.081354263548295336e-01	6.814054368916030446e-01	6.081354263548295336e-01	6.081354263548295336e-01	5.032569474541349619e-01	6.081354263548295336e-01	6.081354263548295336e-01	6.081354263548295336e-01	5.507239601134480411e-01	5.297629009476999551e-01	4.165255107294290049e-01	3.456995973686780022e-01	5.471812048446960119e-01	6.081354263548295336e-01	6.718027995096079730e-01	6.081354263548295336e-01	5.504077873931280118e-01	6.081354263548295336e-01	4.227826366650260237e-01	5.357762680727740090e-01	3.235758568468249941e-01	5.143141183227559754e-01	6.081354263548295336e-01	3.319037319255739860e-01	3.113368781725370238e-01	6.025650490035669993e-01	6.081354263548295336e-01	6.081354263548295336e-01	6.081354263548295336e-01	5.174813104526280183e-01	3.388530357196180010e-01	6.081354263548295336e-01	6.081354263548295336e-01	6.337076321156419612e-01	6.081354263548295336e-01	3.181077305777860187e-01	3.359650553829949815e-01	6.081354263548295336e-01	7.595205851662040208e-01	6.081354263548295336e-01	6.081354263548295336e-01	7.284629205836899990e-01	3.569976601125660065e-01	4.167932702032969838e-01	5.546725166138190000e-01	3.477999121548029926e-01	6.081354263548295336e-01	7.215042260436099752e-01	6.081354263548295336e-01	6.081354263548295336e-01	3.022784326338039951e-01	6.081354263548295336e-01	3.179968374779689744e-01	6.081354263548295336e-01	6.081354263548295336e-01	6.081354263548295336e-01	6.081354263548295336e-01	6.295105364560570349e-01	5.609916450745150440e-01	6.759952762424179529e-01	3.714935548894809925e-01	3.050206909216339746e-01	3.370762606691720120e-01	3.394767689677359868e-01	6.081354263548295336e-01	4.004941586985880098e-01	5.199565802449439555e-01	6.081354263548295336e-01	6.081354263548295336e-01	6.081354263548295336e-01	6.771747771676910332e-01	3.882492981536049825e-01	6.081354263548295336e-01	3.366709244458970240e-01	6.081354263548295336e-01	7.777060783911720065e-01	3.315408791515290221e-01	6.081354263548295336e-01	3.607119568857780068e-01	3.084408209646269938e-01	6.081354263548295336e-01	6.081354263548295336e-01	6.206264937948400284e-01	6.081354263548295336e-01	6.081354263548295336e-01	3.338951187830340173e-01	3.565025567053149991e-01	3.049268675911759874e-01	6.081354263548295336e-01	6.081354263548295336e-01	3.665889882545840250e-01	6.081354263548295336e-01	6.081354263548295336e-01	6.932843526972729542e-01	3.441385707617909961e-01	6.081354263548295336e-01	3.978715738315730110e-01	6.081354263548295336e-01	5.881411418616260267e-01	3.761601644764510088e-01	5.404187849347009687e-01	2.852934595601520074e-01	3.052543321251720010e-01	4.591554375259659926e-01	6.081354263548295336e-01	5.487883729955269629e-01	6.946174773886309994e-01	6.081354263548295336e-01	6.081354263548295336e-01	6.081354263548295336e-01	6.081354263548295336e-01	3.284411660595660254e-01	6.187370278484980446e-01	6.081354263548295336e-01	3.014508865166889984e-01	6.081354263548295336e-01
6.358514371471749582e-01	4.138601880222440021e-01	6.081354263548295336e-01	1.000000000000000000e+00	6.081354263548295336e-01	6.081354263548295336e-01	5.727101168444159729e-01	6.131785259294599832e-01	6.888386475320319446e-01	6.256405716754519508e-01	6.704263711470750398e-01	6.081354263548295336e-01	6.081354263548295336e-01	6.081354263548295336e-01	6.081354263548295336e-01	6.081354263548295336e-01	6.081354263548295336e-01	3.307801790269899733e-01	6.081354263548295336e-01	5.847333341888769631e-01	6.081354263548295336e-01	6.081354263548295336e-01	5.543881867946309772e-01	6.100509028456040372e-01	6.081354263548295336e-01	6.081354263548295336e-01	6.081354263548295336e-01	5.934605065591750384e-01	6.040251021467689663e-01	6.081354263548295336e-01	6.323098229726209496e-01	6.081354263548295336e-01	5.599379456632870289e-01	6.253668900096339689e-01	6.316617344060649897e-01	5.625278394358810274e-01	6.360949167888410027e-01	6.081354263548295336e-01	6.080938514951550466e-01	6.361297072048179846e-01	5.978748606546050448e-01	5.003854455558499614e-01	6.215351459199960349e-01	6.081354263548295336e-01	5.867676190144049952e-01	4.270966931562290014e-01	6.081354263548295336e-01	6.081354263548295336e-01	6.081354263548295336e-01	6.081354263548295336e-01	6.081354263548295336e-01	6.031420487968229827e-01	6.081354263548295336e-01	5.830248843619989518e-01	6.081354263548295336e-01	6.081354263548295336e-01	6.081354263548295336e-01	6.073418540808459554e-01	6.081354263548295336e-01	6.081354263548295336e-01	5.751073996162999746e-01	6.081354263548295336e-01	5.774554971428259575e-01	6.081354263548295336e-01	6.508578050252730174e-01	6.081354263548295336e-01	6.081354263548295336e-01	5.887808039036299679e-01	6.122318621781609460e-01	5.315150931073350238e-01	6.081354263548295336e-01	6.081354263548295336e-01	5.679454882104809643e-01	5.750327014082200483e-01	6.081354263548295336e-01	4.487622564496849820e-01	5.859218121050510097e-01	5.849172503137619605e-01	5.033429681070720196e-01	6.160652134936960289e-01	6.153622527101429984e-01	6.081354263548295336e-01	5.663015743650680056e-01	4.541262049947979995e-01	5.824950048379670120e-01	6.081354263548295336e-01	5.979607020158910213e-01	6.081354263548295336e-01	1.000000000000000021e-03	5.251078065391260319e-01	5.350478562374759717e-01	5.188912631833639821e-01	6.384606400443210150e-01	5.659803278063899601e-01	5.931116889157900252e-01	5.912008952046560184e-01	6.081354263548295336e-01	6.126966337255209671e-01	6.081354263548295336e-01	6.430910031257299764e-01	6.905030263874429863e-01	4.284770930878740169e-01	5.787993078883699738e-01	6.081354263548295336e-01	6.434384213864300373e-01	6.081354263548295336e-01	4.184549364609450040e-01	4.996607398511460074e-01	6.081354263548295336e-01	6.081354263548295336e-01	5.488859287026279787e-01	6.081354263548295336e-01	5.683455551166100017e-01	4.542938869477720076e-01	4.723495974691109822e-01	6.081354263548295336e-01	5.879642512627959450e-01	6.081354263548295336e-01	6.081354263548295336e-01	6.081354263548295336e-01	6.081354263548295336e-01	6.081354263548295336e-01	6.081354263548295336e-01	6.081354263548295336e-01
6.081354263548295336e-01	6.081354263548295336e-01	6.215011536916410506e-01	6.081354263548295336e-01	1.000000000000000000e+00	6.081354263548295336e-01	6.081354263548295336e-01	6.081354263548295336e-01	6.081354263548295336e-01	6.081354263548295336e-01	6.081354263548295336e-01	6.081354263548295336e-01	6.081354263548295336e-01	6.081354263548295336e-01	6.842530248191099895e-01	7.940546023210469651e-01	6.081354263548295336e-01	6.081354263548295336e-01	6.081354263548295336e-01	6.490448936901209720e-01	4.740804004421479978e-01	7.199373673339040103e-01	6.525285495143740011e-01	6.081354263548295336e-01	6.081354263548295336e-01	6.081354263548295336e-01	6.081354263548295336e-01	6.939482228119370211e-01	6.081354263548295336e-01	7.286820805784880450e-01	6.081354263548295336e-01	6.898518844666090555e-01	6.081354263548295336e-01	6.826177109495600304e-01	6.081354263548295336e-01	6.285687382060519690e-01	6.081354263548295336e-01	7.596088625676770123e-01	6.971674897312130081e-01	7.907446580926309476e-01	6.081354263548295336e-01	5.698200737695270357e-01	7.798410452272820370e-01	6.081354263548295336e-01	6.562910835564149670e-01	5.407292196364960057e-01	6.146769028422489622e-01	6.932416970653499932e-01	6.081354263548295336e-01	6.258758625471839698e-01	7.077130440028519542e-01	6.081354263548295336e-01	6.081354263548295336e-01	6.785650604408419717e-01	6.081354263548295336e-01	6.421464473865430289e-01	6.081354263548295336e-01	7.086862113225990134e-01	6.081354263548295336e-01	7.154185619187719558e-01	6.081354263548295336e-01	6.081354263548295336e-01	6.518196307763980402e-01	2.438995989371300077e-01	6.081354263548295336e-01	6.081354263548295336e-01	6.638450538164759607e-01	6.584437618731320274e-01	6.081354263548295336e-01	6.081354263548295336e-01	6.081354263548295336e-01	6.081354263548295336e-01	6.081354263548295336e-01	6.514587796658249941e-01	6.081354263548295336e-01	5.757289501634009765e-01	6.763928389335690516e-01	6.081354263548295336e-01	6.559143043489750191e-01	6.081354263548295336e-01	7.213710584982110374e-01	7.009381880481030391e-01	6.081354263548295336e-01	6.081354263548295336e-01	6.667787838563650205e-01	7.059444388229819678e-01	6.081354263548295336e-01	6.003036030021520197e-01	1.000000000000000021e-03	6.447638496896770377e-01	6.081354263548295336e-01	5.555111900310959472e-01	7.713889176926349567e-01	6.081354263548295336e-01	7.135380099205530513e-01	6.689429958853400082e-01	7.069296728486700321e-01	6.081354263548295336e-01	6.081354263548295336e-01	7.389158601727869868e-01	6.081354263548295336e-01	5.010084370303069523e-01	7.044498975116739725e-01	6.927916032016420145e-01	6.081354263548295336e-01	7.115991550255990061e-01	6.081354263548295336e-01	5.270463408076060396e-01	6.316530977141440184e-01	6.068686977345469913e-01	6.081354263548295336e-01	6.081354263548295336e-01	6.081354263548295336e-01	6.081354263548295336e-01	6.081354263548295336e-01	7.054089325526330390e-01	6.081354263548295336e-01	6.081354263548295336e-01	6.081354263548295336e-01	6.903708609540050167e-01	5.876427682836540267e-01	6.592184703934730328e-01	6.081354263548295336e-01	7.226544345516340284e-01
5.988566395776889761e-01	6.081354263548295336e-01	6.081354263548295336e-01	6.081354263548295336e-01	6.081354263548295336e-01	1.000000000000000000e+00	5.503174856744039722e-01	6.081354263548295336e-01	6.081354263548295336e-01	6.266765136018089821e-01	6.081354263548295336e-01	6.081354263548295336e-01	6.337206293359090026e-01	2.758155081346400084e-01	6.081354263548295336e-01	6.417075919604710021e-01	6.081354263548295336e-01	6.081354263548295336e-01	6.081354263548295336e-01	6.081354263548295336e-01	6.081354263548295336e-01	5.471587603750469597e-01	5.647859629701420525e-01	6.365952119830580180e-01	6.022767561364410493e-01	5.708806608625730528e-01	5.909584391144550031e-01	6.165792612599839684e-01	6.081354263548295336e-01	6.081354263548295336e-01	6.081354263548295336e-01	6.081354263548295336e-01	5.124749651413379459e-01	6.625664585452759603e-01	5.555301792050010290e-01	6.081354263548295336e-01	6.081354263548295336e-01	6.081354263548295336e-01	6.081354263548295336e-01	6.381595359756150332e-01	5.208566974734309962e-01	6.081354263548295336e-01	6.081354263548295336e-01	6.081354263548295336e-01	6.081354263548295336e-01	4.805544817067730068e-01	5.586684797489720467e-01	6.081354263548295336e-01	7.110253318283830115e-01	6.081354263548295336e-01	5.512249384007019692e-01	6.081354263548295336e-01	6.081354263548295336e-01	6.081354263548295336e-01	6.081354263548295336e-01	6.081354263548295336e-01	6.081354263548295336e-01	5.540093070781499929e-01	6.081354263548295336e-01	6.081354263548295336e-01	6.081354263548295336e-01	5.531123958665720153e-01	4.830809448331280231e-01	2.710025212224220215e-01	6.186566627770629934e-01	6.081354263548295336e-01	6.081354263548295336e-01	6.438916663260799700e-01	5.325480720071840146e-01	6.081354263548295336e-01	6.081354263548295336e-01	5.304369732332819831e-01	6.081354263548295336e-01	5.281500646105730112e-01	6.081354263548295336e-01	6.081354263548295336e-01	6.081354263548295336e-01	5.483308431124640503e-01	5.668244733492560083e-01	5.541684050107289483e-01	6.081354263548295336e-01	6.081354263548295336e-01	6.081354263548295336e-01	6.081354263548295336e-01	6.081354263548295336e-01	6.081354263548295336e-01	6.081354263548295336e-01	6.081354263548295336e-01	6.081354263548295336e-01	6.081354263548295336e-01	4.919428568336399743e-01	6.081354263548295336e-01	6.195497240509120207e-01	5.115019028372500554e-01	6.081354263548295336e-01	5.041591746407489971e-01	6.081354263548295336e-01	5.356407597083330252e-01	5.479186431906779564e-01	6.081354263548295336e-01	6.081354263548295336e-01	4.898018187996420192e-01	5.254381827132410532e-01	6.081354263548295336e-01	5.759887840681220395e-01	6.081354263548295336e-01	6.081354263548295336e-01	6.081354263548295336e-01	5.486720792364759847e-01	6.081354263548295336e-01	4.779366625492090237e-01	6.034348812427029474e-01	6.081354263548295336e-01	5.177113170839490186e-01	6.081354263548295336e-01	5.549949333653450001e-01	6.081354263548295336e-01	6.081354263548295336e-01	6.100717563637559904e-01	6.081354263548295336e-01	5.688703414263980296e-01	6.081354263548295336e-01	4.644022581390129800e-01	5.488784238018109551e-01
6.406906020857040529e-01	5.621510831966569643e-01	5.963195912922829578e-01	5.727101168444159729e-01	6.081354263548295336e-01	5.503174856744039722e-01	1.000000000000000000e+00	6.081354263548295336e-01	6.081354263548295336e-01	6.081354263548295336e-01	6.807302963462570355e-01	4.839668524793520055e-01	6.081354263548295336e-01	2.455609872230599955e-01	5.704086120404090465e-01	6.709444944538850431e-01	6.392773901626399580e-01	6.081354263548295336e-01	5.792545394969069728e-01	5.550176992750579519e-01	4.792355938424899819e-01	6.081354263548295336e-01	6.081354263548295336e-01	6.191728728610510490e-01	7.092242055162649716e-01	6.081354263548295336e-01	6.081354263548295336e-01	6.081354263548295336e-01	6.081354263548295336e-01	6.081354263548295336e-01	5.603476951000320172e-01	6.081354263548295336e-01	6.081354263548295336e-01	6.081354263548295336e-01	6.081354263548295336e-01	4.689646313290020130e-01	6.081354263548295336e-01	6.345096262037630552e-01	5.625201480096290174e-01	6.081354263548295336e-01	6.175030954151820017e-01	5.966335842806860246e-01	6.081354263548295336e-01	6.081354263548295336e-01	6.081354263548295336e-01	6.081354263548295336e-01	5.800867560757689834e-01	6.065783458179739851e-01	6.081354263548295336e-01	5.839263868126669532e-01	6.081354263548295336e-01	5.749304985298829829e-01	6.330624387954769672e-01	6.081354263548295336e-01	5.772068397473859580e-01	5.716422229084709983e-01	6.081354263548295336e-01	6.081354263548295336e-01	6.081354263548295336e-01	6.081354263548295336e-01	5.435794772743069991e-01	6.081354263548295336e-01	6.081354263548295336e-01	6.081354263548295336e-01	6.081354263548295336e-01	6.081354263548295336e-01	5.807216282796670015e-01	6.081354263548295336e-01	6.081354263548295336e-01	5.918236545813250205e-01	6.081354263548295336e-01	6.081354263548295336e-01	5.495317342068839483e-01	6.081354263548295336e-01	6.081354263548295336e-01	5.432265530514930330e-01	6.081354263548295336e-01	6.081354263548295336e-01	6.126547479575950028e-01	5.812816853483869783e-01	6.081354263548295336e-01	5.571199717455119771e-01	6.127008224598099462e-01	6.081354263548295336e-01	6.003856885062920368e-01	5.633899450038609702e-01	6.081354263548295336e-01	6.081354263548295336e-01	6.081354263548295336e-01	6.081354263548295336e-01	5.836709526968300032e-01	6.081354263548295336e-01	6.348871309896290116e-01	6.081354263548295336e-01	6.081354263548295336e-01	5.028545661489319807e-01	6.081354263548295336e-01	5.695902801293739603e-01	5.786133597122240513e-01	6.081354263548295336e-01	6.081354263548295336e-01	6.081354263548295336e-01	6.081354263548295336e-01	6.081354263548295336e-01	6.087219208110089541e-01	6.645761381287309533e-01	6.081354263548295336e-01	4.534684963137439739e-01	6.081354263548295336e-01	5.300454720697980182e-01	6.081354263548295336e-01	6.081354263548295336e-01	7.085844745547820178e-01	5.654698049893860379e-01	5.703033321099549857e-01	6.081354263548295336e-01	6.081354263548295336e-01	6.961911015199310215e-01	6.081354263548295336e-01	5.383537698759900403e-01	6.081354263548295336e-01	5.881089759766710001e-01	5.031537420754690348e-01	5.536306862954679664e-01
6.081354263548295336e-01	5.534376893417449761e-01	6.081354263548295336e-01	6.131785259294599832e-01	6.081354263548295336e-01	6.081354263548295336e-01	6.081354263548295336e-01	1.000000000000000000e+00	6.081354263548295336e-01	7.146462040263269477e-01	7.179320405117299853e-01	6.081354263548295336e-01	6.081354263548295336e-01	6.081354263548295336e-01	6.081354263548295336e-01	6.081354263548295336e-01	6.503729781966509638e-01	3.438305031654450006e-01	6.450592498883650494e-01	6.362384395194790043e-01	4.945021469319509921e-01	6.333524779629829959e-01	6.081354263548295336e-01	6.368389764302929690e-01	7.499493409919619769e-01	6.081354263548295336e-01	6.387706200750530305e-01	6.676500173235320190e-01	5.938217082652490486e-01	6.081354263548295336e-01	6.132875279922209710e-01	6.081354263548295336e-01	6.081354263548295336e-01	6.081354263548295336e-01	6.797025755476010511e-01	6.081354263548295336e-01	6.896774073459509546e-01	6.654444935519030491e-01	6.081354263548295336e-01	6.761385567823799958e-01	6.676682752152559575e-01	6.081354263548295336e-01	6.585518060565860310e-01	6.081354263548295336e-01	5.905989790383819882e-01	6.081354263548295336e-01	6.081354263548295336e-01	6.081354263548295336e-01	6.081354263548295336e-01	5.772936603194009919e-01	6.081354263548295336e-01	6.048350142575590338e-01	6.081354263548295336e-01	6.007387840950330071e-01	6.413742624357070543e-01	5.837866824331809923e-01	6.081354263548295336e-01	6.081354263548295336e-01	6.154001163670209662e-01	6.081354263548295336e-01	6.081354263548295336e-01	6.081354263548295336e-01	6.275382486062119902e-01	6.081354263548295336e-01	6.739234208022250039e-01	5.736309638125739463e-01	6.572654319077180229e-01	6.081354263548295336e-01	7.244896679045219612e-01	6.081354263548295336e-01	6.081354263548295336e-01	6.754363104272920193e-01	6.081354263548295336e-01	7.030354172419890357e-01	6.081354263548295336e-01	5.184622032652249635e-01	6.081354263548295336e-01	6.081354263548295336e-01	6.081354263548295336e-01	6.251702552634710308e-01	6.607525537445859687e-01	6.081354263548295336e-01	6.639993772755029555e-01	6.081354263548295336e-01	6.720186958472940120e-01	6.081354263548295336e-01	6.085762841003780066e-01	6.081354263548295336e-01	1.000000000000000021e-03	6.081354263548295336e-01	5.416060506443409750e-01	5.131410724221080466e-01	6.616023438205690388e-01	6.081354263548295336e-01	6.081354263548295336e-01	5.560963545754029624e-01	6.285859273615459486e-01	6.131911021017519836e-01	6.081354263548295336e-01	6.460787573126159922e-01	7.005453553037479519e-01	4.563920226928069868e-01	6.081354263548295336e-01	6.372265798550179605e-01	6.414795056811980478e-01	7.073647719324089866e-01	6.081354263548295336e-01	4.923297749501139853e-01	6.081354263548295336e-01	6.081354263548295336e-01	6.081354263548295336e-01	6.409753719587959475e-01	7.109572818237339664e-01	6.081354263548295336e-01	6.081354263548295336e-01	6.876811413972999665e-01	6.081354263548295336e-01	6.081354263548295336e-01	7.014511181503939596e-01	6.081354263548295336e-01	5.698824066667319554e-01	6.459904245932930333e-01	5.449524855634869658e-01	6.035792875784079525e-01
6.081354263548295336e-01	4.976936210989639786e-01	6.081354263548295336e-01	6.888386475320319446e-01	6.081354263548295336e-01	6.081354263548295336e-01	6.081354263548295336e-01	6.081354263548295336e-01	1.000000000000000000e+00	7.128164125054460287e-01	6.081354263548295336e-01	6.081354263548295336e-01	6.081354263548295336e-01	2.312169648730159899e-01	6.081354263548295336e-01	6.081354263548295336e-01	7.418769762307629856e-01	3.643851732656390174e-01	7.551507456816639596e-01	6.825383810197880319e-01	5.272697846389180487e-01	7.332896756301250374e-01	6.318949697315739966e-01	7.293549148720489539e-01	7.891838806385319538e-01	7.359917207904670411e-01	6.081354263548295336e-01	6.081354263548295336e-01	6.081354263548295336e-01	6.081354263548295336e-01	6.833507821032429597e-01	7.055632710516229755e-01	6.081354263548295336e-01	6.081354263548295336e-01	6.081354263548295336e-01	6.081354263548295336e-01	6.081354263548295336e-01	6.081354263548295336e-01	7.195092915572399717e-01	6.081354263548295336e-01	6.081354263548295336e-01	6.081354263548295336e-01	7.603310451720139973e-01	6.819273830779140066e-01	6.892908855766040066e-01	4.948065017204130167e-01	6.081354263548295336e-01	6.081354263548295336e-01	7.853302989578769822e-01	6.081354263548295336e-01	7.266076874068020386e-01	7.033334724887729816e-01	6.081354263548295336e-01	6.926447937141599898e-01	6.537654261924390475e-01	6.887680121448980231e-01	6.081354263548295336e-01	6.081354263548295336e-01	6.525999299322859937e-01	6.081354263548295336e-01	6.725794314673839702e-01	5.333605855455609834e-01	6.655536864869769920e-01	2.637443484233010227e-01	7.794732648240210171e-01	5.036011182959110322e-01	6.081354263548295336e-01	6.081354263548295336e-01	6.081354263548295336e-01	6.081354263548295336e-01	6.081354263548295336e-01	6.081354263548295336e-01	6.943088756239820247e-01	6.081354263548295336e-01	3.582029186121519770e-01	6.081354263548295336e-01	6.930758389994889912e-01	6.081354263548295336e-01	6.711647033823600061e-01	6.081354263548295336e-01	6.081354263548295336e-01	7.124266637352080211e-01	6.519934451846469692e-01	5.523264297690789748e-01	6.906729905522870361e-01	6.081354263548295336e-01	6.081354263548295336e-01	6.081354263548295336e-01	6.081354263548295336e-01	6.489384092420970029e-01	6.081354263548295336e-01	5.835552459027140149e-01	7.823722315991810117e-01	6.551166059554900389e-01	6.081354263548295336e-01	6.714262953586049854e-01	7.263096999368450213e-01	6.081354263548295336e-01	6.081354263548295336e-01	7.725341435520109989e-01	6.081354263548295336e-01	4.843640539544880053e-01	6.081354263548295336e-01	6.793123557135569701e-01	6.081354263548295336e-01	7.108503592605239785e-01	6.081354263548295336e-01	5.458958741839969875e-01	6.464366283619750186e-01	6.081354263548295336e-01	6.490981424663510024e-01	6.081354263548295336e-01	6.081354263548295336e-01	6.081354263548295336e-01	6.081354263548295336e-01	6.945082641636179943e-01	7.005118310021219985e-01	7.608458240612839818e-01	6.081354263548295336e-01	6.081354263548295336e-01	5.467138018786810161e-01	6.081354263548295336e-01	6.081354263548295336e-01	7.145973486819310327e-01
5.562142219463079851e-01	6.229261705202769894e-01	6.814054368916030446e-01	6.256405716754519508e-01	6.081354263548295336e-01	6.266765136018089821e-01	6.081354263548295336e-01	7.146462040263269477e-01	7.128164125054460287e-01	1.000000000000000000e+00	6.081354263548295336e-01	5.837906735229959621e-01	6.134510674189760371e-01	6.081354263548295336e-01	5.058474314361689483e-01	6.295449667475859767e-01	6.081354263548295336e-01	6.081354263548295336e-01	5.416208616746309712e-01	5.303136916891929564e-01	6.081354263548295336e-01	5.008098171270269905e-01	6.081354263548295336e-01	6.989427754672049575e-01	6.890929949104289687e-01	6.081354263548295336e-01	5.496444524994760217e-01	6.484904786157339451e-01	4.654161566644179904e-01	6.081354263548295336e-01	6.370784787974680397e-01	4.712271601151880041e-01	4.629979047727900143e-01	6.288868136856280433e-01	5.336815597046530302e-01	6.081354263548295336e-01	5.943009438929549582e-01	6.350216984550239863e-01	6.081354263548295336e-01	6.559008519500859613e-01	5.097843187669950371e-01	6.617968642234319798e-01	5.601791637182179651e-01	6.081354263548295336e-01	4.791176612194030238e-01	6.081354263548295336e-01	6.081354263548295336e-01	6.081354263548295336e-01	6.081354263548295336e-01	7.067798673624650085e-01	4.816135219033729764e-01	5.379968823783559673e-01	6.081354263548295336e-01	4.836724717748980273e-01	6.081354263548295336e-01	6.691899969761040401e-01	6.081354263548295336e-01	5.108099852455330048e-01	6.081354263548295336e-01	5.231549425800939845e-01	4.685512278351799953e-01	6.081354263548295336e-01	4.685191962768029961e-01	6.081354263548295336e-01	6.081354263548295336e-01	6.737207301400910398e-01	6.081354263548295336e-01	6.904747030932919527e-01	6.081354263548295336e-01	4.762178256023690270e-01	4.694843058859269891e-01	6.081354263548295336e-01	6.081354263548295336e-01	6.081354263548295336e-01	3.896373068037299880e-01	6.081354263548295336e-01	6.081354263548295336e-01	5.087920161382279982e-01	6.637179908407609963e-01	5.168731703620059736e-01	5.650563100537999706e-01	4.837948330112070150e-01	4.745505879772259905e-01	6.717568730680320011e-01	6.081354263548295336e-01	4.839304586456910084e-01	6.081354263548295336e-01	6.081354263548295336e-01	1.000000000000000021e-03	6.081354263548295336e-01	6.313249909104919899e-01	6.474317550432220347e-01	5.704047124371699473e-01	6.081354263548295336e-01	4.747323024475609832e-01	6.081354263548295336e-01	6.286675822696640159e-01	6.081354263548295336e-01	5.004436042519160299e-01	5.525077073744150136e-01	6.081354263548295336e-01	6.081354263548295336e-01	4.909080863021190178e-01	6.081354263548295336e-01	6.081354263548295336e-01	5.515415805200080124e-01	6.081354263548295336e-01	4.566292148362099956e-01	6.081354263548295336e-01	6.081354263548295336e-01	6.081354263548295336e-01	6.416900439831779712e-01	6.081354263548295336e-01	6.081354263548295336e-01	6.081354263548295336e-01	5.409806545234140396e-01	6.081354263548295336e-01	5.522056110762399994e-01	6.081354263548295336e-01	4.813468978772780238e-01	6.081354263548295336e-01	4.884274982262110099e-01	4.098086885684150138e-01	4.913109845895459737e-01
8.252020191593339993e-01	5.068859686741240544e-01	6.081354263548295336e-01	6.704263711470750398e-01	6.081354263548295336e-01	6.081354263548295336e-01	6.807302963462570355e-01	7.179320405117299853e-01	6.081354263548295336e-01	6.081354263548295336e-01	1.000000000000000000e+00	6.081354263548295336e-01	6.081354263548295336e-01	2.046757395132849933e-01	6.081354263548295336e-01	7.347650263062129872e-01	7.129041353590740426e-01	2.797331067330969812e-01	6.081354263548295336e-01	7.575344641651190480e-01	4.676711574148180173e-01	8.190644181739490381e-01	6.081354263548295336e-01	6.962482182533630271e-01	6.081354263548295336e-01	8.067272532617899561e-01	8.027111750413949975e-01	6.081354263548295336e-01	7.380172183979819556e-01	6.081354263548295336e-01	6.081354263548295336e-01	6.081354263548295336e-01	6.081354263548295336e-01	6.081354263548295336e-01	7.609290533589579963e-01	6.081354263548295336e-01	7.816451447521289841e-01	6.081354263548295336e-01	7.899989886663100203e-01	7.975474097966830378e-01	6.081354263548295336e-01	5.556289333734829583e-01	6.081354263548295336e-01	7.532532923049849449e-01	6.081354263548295336e-01	4.512974037490540269e-01	6.081354263548295336e-01	6.081354263548295336e-01	6.081354263548295336e-01	6.209108354024940324e-01	7.764523223850550160e-01	6.081354263548295336e-01	6.081354263548295336e-01	6.081354263548295336e-01	6.081354263548295336e-01	6.731866560140929989e-01	6.081354263548295336e-01	8.211837890759999814e-01	6.081354263548295336e-01	6.081354263548295336e-01	7.542168908058599630e-01	4.953954522458000054e-01	6.081354263548295336e-01	6.081354263548295336e-01	7.557808470824990410e-01	4.471605693963520145e-01	6.081354263548295336e-01	6.081354263548295336e-01	7.495187922226750343e-01	7.056693983574130469e-01	7.849438307254239522e-01	7.777858346646260301e-01	6.081354263548295336e-01	7.108552190281649530e-01	3.199988409677609891e-01	6.081354263548295336e-01	6.081354263548295336e-01	7.710251233925580205e-01	6.081354263548295336e-01	6.081354263548295336e-01	6.081354263548295336e-01	6.081354263548295336e-01	7.386279738307159892e-01	6.081354263548295336e-01	6.081354263548295336e-01	8.068982430904340086e-01	7.836516188359370361e-01	6.081354263548295336e-01	1.000000000000000021e-03	6.081354263548295336e-01	6.081354263548295336e-01	6.081354263548295336e-01	8.426641876504959994e-01	6.081354263548295336e-01	8.093678389128280415e-01	6.081354263548295336e-01	6.081354263548295336e-01	6.081354263548295336e-01	8.197310369252680529e-01	8.271789152835710146e-01	6.081354263548295336e-01	6.081354263548295336e-01	6.081354263548295336e-01	6.081354263548295336e-01	6.081354263548295336e-01	7.662485164745229671e-01	6.081354263548295336e-01	5.911483546117149990e-01	6.153664596680840093e-01	6.791637594733219707e-01	6.081354263548295336e-01	6.081354263548295336e-01	6.081354263548295336e-01	6.081354263548295336e-01	6.081354263548295336e-01	7.680211707775329577e-01	7.390371090407640287e-01	8.319428102788719581e-01	6.081354263548295336e-01	6.081354263548295336e-01	5.254561438942340068e-01	6.081354263548295336e-01	6.081354263548295336e-01	6.081354263548295336e-01
3.285938886505569978e-01	6.081354263548295336e-01	6.081354263548295336e-01	6.081354263548295336e-01	6.081354263548295336e-01	6.081354263548295336e-01	4.839668524793520055e-01	6.081354263548295336e-01	6.081354263548295336e-01	5.837906735229959621e-01	6.081354263548295336e-01	1.000000000000000000e+00	6.081354263548295336e-01	6.081354263548295336e-01	6.081354263548295336e-01	6.081354263548295336e-01	4.448523775340330055e-01	5.405850670686610515e-01	3.228775762131489979e-01	2.794903367989099996e-01	5.868518656260109934e-01	6.081354263548295336e-01	6.069724285263230490e-01	6.137614928833760031e-01	6.081354263548295336e-01	6.081354263548295336e-01	3.223416323537769967e-01	4.491336353000690007e-01	2.386054602714040018e-01	6.081354263548295336e-01	4.501080444600549790e-01	2.414359960461290033e-01	6.081354263548295336e-01	5.575086016032230196e-01	6.081354263548295336e-01	1.955508533944050054e-01	3.821765261336910191e-01	6.081354263548295336e-01	6.081354263548295336e-01	6.081354263548295336e-01	2.519274909045010058e-01	6.081354263548295336e-01	3.474766891014779979e-01	2.438445800412779862e-01	2.598391912742830101e-01	6.429371436126589678e-01	7.222494311867360128e-01	2.573183541337160096e-01	4.614558122561550069e-01	7.198094099655959477e-01	6.081354263548295336e-01	3.269781888533769831e-01	6.081354263548295336e-01	2.522256268543109914e-01	2.344978931611899908e-01	6.521895991356819744e-01	6.081354263548295336e-01	6.081354263548295336e-01	6.081354263548295336e-01	6.081354263548295336e-01	2.286625069108519925e-01	6.081354263548295336e-01	2.314716012445220128e-01	6.081354263548295336e-01	6.081354263548295336e-01	6.985701639560180087e-01	6.081354263548295336e-01	6.081354263548295336e-01	6.081354263548295336e-01	6.081354263548295336e-01	2.758324792499720068e-01	6.081354263548295336e-01	6.081354263548295336e-01	6.081354263548295336e-01	6.081354263548295336e-01	6.588039781024289665e-01	6.081354263548295336e-01	6.081354263548295336e-01	6.081354263548295336e-01	2.857951575408370082e-01	6.081354263548295336e-01	2.562667688785180142e-01	2.512395079037160195e-01	8.532495254711099930e-01	2.556927645943239957e-01	6.081354263548295336e-01	2.648248072783089824e-01	2.457692448830159915e-01	1.000000000000000021e-03	6.081354263548295336e-01	6.081354263548295336e-01	6.919254037653429501e-01	3.741187060063950187e-01	6.081354263548295336e-01	2.737060631380879849e-01	6.081354263548295336e-01	6.081354263548295336e-01	6.081354263548295336e-01	2.737191618527869963e-01	3.709884927614189865e-01	6.081354263548295336e-01	7.873247022144980178e-01	6.081354263548295336e-01	6.081354263548295336e-01	6.081354263548295336e-01	3.057953130903169892e-01	6.081354263548295336e-01	3.272062788401899902e-01	6.081354263548295336e-01	2.100770050500880004e-01	2.135085191880989886e-01	3.937773318313150250e-01	4.954936787976150225e-01	5.096449315597489926e-01	8.234549999323460545e-01	2.822997824804590050e-01	2.927621261313340106e-01	6.081354263548295336e-01	3.900744097162749946e-01	2.583283326496930155e-01	6.081354263548295336e-01	6.081354263548295336e-01	2.302877915621709959e-01	2.778291240915909954e-01
