9.999999999999990008e-01	1.855163445569475156e-01	7.895462857711329496e-01	6.085078976457329869e-01	1.855163445569475156e-01	1.855163445569475156e-01	6.423141624495839475e-01	1.855163445569475156e-01	1.855163445569475156e-01	1.855163445569475156e-01	6.616749071993129894e-01	6.544469317482169979e-01	1.855163445569475156e-01	5.766285798968320275e-01	1.855163445569475156e-01	1.855163445569475156e-01	1.855163445569475156e-01	1.855163445569475156e-01	1.855163445569475156e-01	1.855163445569475156e-01	5.993887725951589918e-01	1.855163445569475156e-01	6.770232910873620336e-01	6.759898896996689999e-01	6.584851213295209726e-01	6.739403912790610240e-01	1.855163445569475156e-01	1.855163445569475156e-01	1.855163445569475156e-01	1.855163445569475156e-01	6.571485817538550434e-01	6.199982003078450266e-01	1.855163445569475156e-01	1.855163445569475156e-01	1.855163445569475156e-01	1.855163445569475156e-01	1.855163445569475156e-01	1.855163445569475156e-01	1.855163445569475156e-01	1.855163445569475156e-01	1.855163445569475156e-01	1.855163445569475156e-01	6.450037402238140150e-01	6.314437813538860134e-01	5.926399054981430492e-01	1.855163445569475156e-01	1.855163445569475156e-01	1.855163445569475156e-01	6.645300601967519816e-01	6.587672098128719567e-01	1.855163445569475156e-01	1.855163445569475156e-01	5.895616297075989554e-01	1.855163445569475156e-01	6.354117942144930087e-01	6.023470276546110114e-01	1.855163445569475156e-01	6.136786149479289687e-01	1.855163445569475156e-01	1.855163445569475156e-01	6.318004651604629540e-01	1.855163445569475156e-01	1.855163445569475156e-01	6.174480720645549869e-01	5.885612687698480450e-01	1.855163445569475156e-01	1.855163445569475156e-01	1.855163445569475156e-01	1.855163445569475156e-01	1.855163445569475156e-01	6.260707118577080177e-01	1.855163445569475156e-01	1.855163445569475156e-01	1.855163445569475156e-01	1.855163445569475156e-01	1.855163445569475156e-01	7.210305527065750120e-01	1.855163445569475156e-01	1.855163445569475156e-01	6.252806305596190217e-01	6.406915966269249862e-01	6.380806358764520292e-01	1.855163445569475156e-01	1.855163445569475156e-01	1.855163445569475156e-01	1.855163445569475156e-01	1.855163445569475156e-01	6.165544955255559678e-01	8.012516906098130498e-01	1.855163445569475156e-01	6.611614207348860406e-01	1.855163445569475156e-01	1.855163445569475156e-01	5.721163496778369772e-01	5.495734403372890542e-01	5.656594720455669911e-01	1.855163445569475156e-01	6.021810689725659582e-01	1.855163445569475156e-01	1.855163445569475156e-01	1.855163445569475156e-01	1.855163445569475156e-01	5.948389494728419935e-01	5.792601916103869986e-01	5.987780029525600067e-01	1.855163445569475156e-01	1.855163445569475156e-01	6.119432905444669446e-01	6.329975272743200154e-01	1.855163445569475156e-01	1.855163445569475156e-01	1.855163445569475156e-01	1.855163445569475156e-01	6.553585601593380217e-01	1.855163445569475156e-01	1.855163445569475156e-01	7.670062866182949524e-01	7.716146555834809684e-01	1.855163445569475156e-01	1.855163445569475156e-01	5.925273208559049820e-01	6.787980909878550406e-01	1.855163445569475156e-01	1.855163445569475156e-01
1.855163445569475156e-01	1.000000000000000000e+00	1.855163445569475156e-01	5.989637868989720060e-01	6.547904425165500530e-01	1.855163445569475156e-01	1.855163445569475156e-01	6.653409028551660054e-01	6.668110813916700019e-01	1.855163445569475156e-01	6.614886628851750494e-01	6.549919059801000421e-01	1.855163445569475156e-01	1.855163445569475156e-01	6.324539883299959975e-01	6.344192510480489711e-01	1.855163445569475156e-01	1.855163445569475156e-01	1.855163445569475156e-01	1.855163445569475156e-01	5.984668120526429602e-01	6.460831748895420334e-01	1.855163445569475156e-01	1.855163445569475156e-01	1.855163445569475156e-01	1.855163445569475156e-01	1.855163445569475156e-01	1.855163445569475156e-01	1.855163445569475156e-01	6.465755411914589912e-01	1.855163445569475156e-01	5.970056174338479460e-01	1.855163445569475156e-01	1.855163445569475156e-01	1.855163445569475156e-01	6.090369612124429954e-01	1.855163445569475156e-01	1.855163445569475156e-01	1.855163445569475156e-01	1.855163445569475156e-01	6.688460163302789585e-01	5.969292298656639906e-01	1.855163445569475156e-01	1.855163445569475156e-01	1.855163445569475156e-01	1.855163445569475156e-01	1.855163445569475156e-01	6.239919623203999954e-01	1.855163445569475156e-01	6.338029408932890352e-01	1.855163445569475156e-01	1.855163445569475156e-01	1.855163445569475156e-01	1.855163445569475156e-01	1.855163445569475156e-01	5.981534794554910217e-01	1.855163445569475156e-01	1.855163445569475156e-01	1.855163445569475156e-01	6.051743429979039579e-01	1.855163445569475156e-01	1.855163445569475156e-01	1.855163445569475156e-01	1.855163445569475156e-01	1.855163445569475156e-01	1.855163445569475156e-01	1.855163445569475156e-01	6.141573444838950291e-01	1.855163445569475156e-01	1.855163445569475156e-01	1.855163445569475156e-01	6.479048900015730306e-01	6.192430705623109821e-01	1.855163445569475156e-01	5.809208787274350305e-01	1.855163445569475156e-01	1.855163445569475156e-01	1.855163445569475156e-01	1.855163445569475156e-01	1.855163445569475156e-01	6.392272692972710280e-01	6.203120388778220473e-01	1.855163445569475156e-01	1.855163445569475156e-01	1.855163445569475156e-01	1.855163445569475156e-01	1.855163445569475156e-01	6.116131833732320056e-01	1.855163445569475156e-01	6.046437763105829699e-01	1.855163445569475156e-01	5.849737765679650092e-01	5.849662273816750302e-01	1.855163445569475156e-01	1.855163445569475156e-01	1.855163445569475156e-01	1.855163445569475156e-01	1.855163445569475156e-01	1.855163445569475156e-01	6.295921034605650446e-01	1.855163445569475156e-01	1.855163445569475156e-01	1.855163445569475156e-01	1.855163445569475156e-01	1.855163445569475156e-01	5.981868702708730279e-01	1.855163445569475156e-01	1.855163445569475156e-01	5.941555919178740375e-01	5.900981476769360246e-01	1.855163445569475156e-01	1.855163445569475156e-01	1.855163445569475156e-01	1.855163445569475156e-01	1.855163445569475156e-01	1.855163445569475156e-01	1.855163445569475156e-01	1.855163445569475156e-01	7.444463138317749529e-01	1.855163445569475156e-01	5.886357203703159735e-01	6.738138131235610340e-01	6.714004717281050194e-01	6.736450431769229752e-01
7.895462857711329496e-01	1.855163445569475156e-01	1.000000000000000000e+00	1.855163445569475156e-01	1.855163445569475156e-01	1.855163445569475156e-01	1.855163445569475156e-01	6.615508430281099583e-01	1.855163445569475156e-01	1.855163445569475156e-01	1.855163445569475156e-01	1.855163445569475156e-01	1.855163445569475156e-01	5.688457648849150061e-01	1.855163445569475156e-01	1.855163445569475156e-01	1.855163445569475156e-01	1.855163445569475156e-01	1.855163445569475156e-01	1.855163445569475156e-01	5.916320764661819886e-01	6.331320254710050000e-01	1.855163445569475156e-01	1.855163445569475156e-01	1.855163445569475156e-01	1.855163445569475156e-01	1.855163445569475156e-01	1.855163445569475156e-01	1.855163445569475156e-01	6.335751749867419846e-01	1.855163445569475156e-01	6.083948758953680036e-01	6.114455428990439589e-01	1.855163445569475156e-01	1.855163445569475156e-01	6.193572131201989794e-01	1.855163445569475156e-01	1.855163445569475156e-01	1.855163445569475156e-01	1.855163445569475156e-01	1.855163445569475156e-01	1.855163445569475156e-01	1.855163445569475156e-01	1.855163445569475156e-01	5.860305750365339961e-01	6.065578594086840081e-01	1.855163445569475156e-01	1.855163445569475156e-01	1.855163445569475156e-01	1.855163445569475156e-01	1.855163445569475156e-01	1.855163445569475156e-01	1.855163445569475156e-01	5.823008413528230065e-01	1.855163445569475156e-01	6.120107776153650425e-01	1.855163445569475156e-01	1.855163445569475156e-01	1.855163445569475156e-01	6.118441696762170201e-01	6.315475320403129977e-01	1.855163445569475156e-01	6.641919094252020095e-01	1.855163445569475156e-01	1.855163445569475156e-01	1.855163445569475156e-01	1.855163445569475156e-01	1.855163445569475156e-01	1.855163445569475156e-01	1.855163445569475156e-01	1.855163445569475156e-01	1.855163445569475156e-01	6.177809584739909488e-01	1.855163445569475156e-01	1.855163445569475156e-01	1.855163445569475156e-01	1.855163445569475156e-01	5.850249910297049549e-01	1.855163445569475156e-01	1.855163445569475156e-01	1.855163445569475156e-01	6.106629267955400175e-01	1.855163445569475156e-01	1.855163445569475156e-01	1.855163445569475156e-01	1.855163445569475156e-01	1.855163445569475156e-01	6.199854871577129556e-01	7.559471187309529938e-01	6.299797581608129748e-01	1.855163445569475156e-01	1.855163445569475156e-01	1.855163445569475156e-01	5.364079954918320459e-01	5.349259465906890387e-01	1.855163445569475156e-01	6.152298748950260077e-01	5.819147381977629596e-01	1.855163445569475156e-01	6.180446967310320172e-01	1.855163445569475156e-01	1.855163445569475156e-01	1.855163445569475156e-01	5.740102916940750255e-01	5.839092393267559800e-01	1.855163445569475156e-01	1.855163445569475156e-01	1.855163445569475156e-01	1.855163445569475156e-01	5.814092163222970289e-01	1.855163445569475156e-01	6.584838108112179844e-01	1.855163445569475156e-01	6.583089990291159932e-01	6.634283438455049753e-01	7.371569717326239557e-01	1.855163445569475156e-01	7.735262861114059474e-01	1.855163445569475156e-01	1.855163445569475156e-01	1.855163445569475156e-01	1.855163445569475156e-01	1.855163445569475156e-01	1.855163445569475156e-01
6.085078976457329869e-01	5.989637868989720060e-01	1.855163445569475156e-01	9.999999999999980016e-01	1.855163445569475156e-01	5.520655684949540287e-01	1.855163445569475156e-01	1.855163445569475156e-01	1.855163445569475156e-01	1.855163445569475156e-01	1.855163445569475156e-01	1.855163445569475156e-01	6.271046215413730307e-01	1.855163445569475156e-01	1.855163445569475156e-01	1.855163445569475156e-01	1.855163445569475156e-01	1.855163445569475156e-01	1.855163445569475156e-01	5.642747912165819724e-01	6.385002646506180435e-01	1.855163445569475156e-01	1.855163445569475156e-01	1.855163445569475156e-01	1.855163445569475156e-01	1.855163445569475156e-01	5.810004523703330426e-01	1.855163445569475156e-01	1.855163445569475156e-01	1.855163445569475156e-01	1.855163445569475156e-01	1.855163445569475156e-01	1.855163445569475156e-01	1.855163445569475156e-01	1.855163445569475156e-01	1.855163445569475156e-01	1.855163445569475156e-01	1.855163445569475156e-01	1.855163445569475156e-01	5.703419934702850247e-01	5.780284477013819533e-01	5.420485424589940315e-01	5.861114991935859608e-01	1.855163445569475156e-01	5.919461372346319639e-01	1.855163445569475156e-01	5.581939462348930459e-01	1.855163445569475156e-01	1.855163445569475156e-01	5.870122209266179780e-01	5.441034163131249768e-01	1.855163445569475156e-01	5.461056296676489730e-01	5.535847639954030175e-01	1.855163445569475156e-01	1.855163445569475156e-01	6.045317708448240124e-01	1.855163445569475156e-01	5.793968038315320257e-01	1.855163445569475156e-01	1.855163445569475156e-01	1.855163445569475156e-01	5.412149639677009683e-01	1.855163445569475156e-01	5.446201463196389536e-01	1.855163445569475156e-01	1.855163445569475156e-01	6.214247506334650284e-01	1.855163445569475156e-01	1.855163445569475156e-01	1.855163445569475156e-01	1.855163445569475156e-01	1.855163445569475156e-01	1.855163445569475156e-01	1.855163445569475156e-01	1.855163445569475156e-01	1.855163445569475156e-01	1.855163445569475156e-01	5.831949008276440249e-01	5.758001368818329579e-01	5.731838104294579850e-01	1.855163445569475156e-01	1.855163445569475156e-01	1.855163445569475156e-01	1.855163445569475156e-01	5.412562993001059919e-01	1.855163445569475156e-01	1.855163445569475156e-01	1.855163445569475156e-01	5.806101704336780189e-01	1.855163445569475156e-01	1.855163445569475156e-01	1.855163445569475156e-01	1.855163445569475156e-01	1.855163445569475156e-01	1.855163445569475156e-01	6.041631072252400259e-01	1.855163445569475156e-01	1.855163445569475156e-01	1.855163445569475156e-01	5.353937746203260017e-01	1.855163445569475156e-01	1.855163445569475156e-01	1.855163445569475156e-01	1.855163445569475156e-01	1.855163445569475156e-01	1.855163445569475156e-01	1.855163445569475156e-01	1.855163445569475156e-01	1.855163445569475156e-01	6.002343857364289548e-01	1.855163445569475156e-01	1.855163445569475156e-01	1.855163445569475156e-01	1.855163445569475156e-01	1.855163445569475156e-01	1.855163445569475156e-01	5.963525882947450230e-01	1.855163445569475156e-01	1.855163445569475156e-01	5.643083959969630303e-01	5.800020538417209881e-01	1.855163445569475156e-01	1.855163445569475156e-01
1.855163445569475156e-01	6.547904425165500530e-01	1.855163445569475156e-01	1.855163445569475156e-01	9.999999999999980016e-01	6.455097636538660311e-01	1.855163445569475156e-01	1.855163445569475156e-01	1.855163445569475156e-01	1.855163445569475156e-01	1.855163445569475156e-01	7.191989189554559569e-01	6.432138616401630316e-01	1.855163445569475156e-01	1.855163445569475156e-01	1.855163445569475156e-01	1.855163445569475156e-01	1.855163445569475156e-01	1.855163445569475156e-01	1.855163445569475156e-01	1.855163445569475156e-01	5.970012497972190246e-01	1.855163445569475156e-01	5.814542029238839449e-01	1.855163445569475156e-01	7.236161194253110107e-01	1.855163445569475156e-01	1.855163445569475156e-01	1.855163445569475156e-01	1.855163445569475156e-01	1.855163445569475156e-01	5.735309851062460051e-01	5.294646527002310199e-01	1.855163445569475156e-01	1.855163445569475156e-01	1.855163445569475156e-01	1.855163445569475156e-01	5.754386714541700476e-01	1.855163445569475156e-01	5.470456658795349592e-01	1.855163445569475156e-01	6.726912052222759897e-01	6.688339973285729601e-01	1.855163445569475156e-01	1.855163445569475156e-01	1.855163445569475156e-01	1.855163445569475156e-01	1.855163445569475156e-01	6.097962638725069606e-01	1.855163445569475156e-01	1.855163445569475156e-01	1.855163445569475156e-01	1.855163445569475156e-01	6.091912331502959965e-01	6.347665500916359616e-01	5.939547422215449846e-01	6.402006446161090381e-01	1.855163445569475156e-01	1.855163445569475156e-01	5.764114136519490339e-01	1.855163445569475156e-01	1.855163445569475156e-01	6.572029975185019746e-01	1.855163445569475156e-01	1.855163445569475156e-01	1.855163445569475156e-01	1.855163445569475156e-01	1.855163445569475156e-01	1.855163445569475156e-01	6.397812962692029926e-01	1.855163445569475156e-01	1.855163445569475156e-01	1.855163445569475156e-01	1.855163445569475156e-01	5.834791541774569934e-01	1.855163445569475156e-01	6.649121474553749689e-01	1.855163445569475156e-01	1.855163445569475156e-01	1.855163445569475156e-01	1.855163445569475156e-01	1.855163445569475156e-01	5.748034837182020018e-01	1.855163445569475156e-01	1.855163445569475156e-01	1.855163445569475156e-01	1.855163445569475156e-01	1.855163445569475156e-01	1.855163445569475156e-01	1.855163445569475156e-01	6.470509813789090403e-01	6.042122850545189605e-01	5.744223978898149729e-01	1.855163445569475156e-01	1.855163445569475156e-01	5.941560256216900093e-01	1.855163445569475156e-01	1.855163445569475156e-01	6.114799089559169731e-01	1.855163445569475156e-01	6.766289621627109563e-01	1.855163445569475156e-01	1.855163445569475156e-01	1.855163445569475156e-01	1.855163445569475156e-01	5.978822477285929970e-01	6.123994283689110363e-01	5.670678767476490245e-01	1.855163445569475156e-01	5.548598730678160340e-01	1.855163445569475156e-01	6.076111183449439679e-01	6.143155988512739585e-01	1.855163445569475156e-01	1.855163445569475156e-01	1.855163445569475156e-01	1.855163445569475156e-01	1.855163445569475156e-01	1.855163445569475156e-01	1.855163445569475156e-01	1.855163445569475156e-01	1.855163445569475156e-01	1.855163445569475156e-01	6.658080254523149888e-01
1.855163445569475156e-01	1.855163445569475156e-01	1.855163445569475156e-01	5.520655684949540287e-01	6.455097636538660311e-01	9.999999999999980016e-01	6.369307263196349878e-01	5.964196037765300273e-01	1.855163445569475156e-01	1.855163445569475156e-01	6.380298626453250188e-01	1.855163445569475156e-01	1.855163445569475156e-01	1.855163445569475156e-01	1.855163445569475156e-01	5.860812616339790004e-01	6.176849720157010504e-01	5.200654838453739881e-01	1.855163445569475156e-01	6.275617628550279603e-01	1.855163445569475156e-01	5.707074913929669480e-01	1.855163445569475156e-01	1.855163445569475156e-01	1.855163445569475156e-01	6.320701340404230040e-01	1.855163445569475156e-01	1.855163445569475156e-01	1.855163445569475156e-01	1.855163445569475156e-01	1.855163445569475156e-01	5.621746275114229974e-01	1.855163445569475156e-01	1.855163445569475156e-01	1.855163445569475156e-01	5.586161261581820137e-01	5.712563519337320317e-01	1.855163445569475156e-01	1.855163445569475156e-01	5.775394376235489791e-01	5.593802108752969904e-01	6.396690618799489858e-01	1.855163445569475156e-01	1.855163445569475156e-01	5.236297816609070122e-01	1.855163445569475156e-01	1.855163445569475156e-01	5.989616880640340479e-01	6.308132669354959976e-01	6.069486581241839707e-01	1.855163445569475156e-01	1.855163445569475156e-01	1.855163445569475156e-01	1.855163445569475156e-01	1.855163445569475156e-01	6.421667343373349546e-01	6.226085741640120519e-01	1.855163445569475156e-01	5.598207908737470317e-01	1.855163445569475156e-01	1.855163445569475156e-01	1.855163445569475156e-01	1.855163445569475156e-01	1.855163445569475156e-01	1.855163445569475156e-01	1.855163445569475156e-01	1.855163445569475156e-01	6.234116602554670150e-01	5.867351550441299857e-01	1.855163445569475156e-01	6.135803739828730174e-01	1.855163445569475156e-01	1.855163445569475156e-01	1.855163445569475156e-01	1.855163445569475156e-01	1.855163445569475156e-01	1.855163445569475156e-01	1.855163445569475156e-01	1.855163445569475156e-01	1.855163445569475156e-01	6.380211295153189743e-01	1.855163445569475156e-01	5.413896482763379536e-01	1.855163445569475156e-01	1.855163445569475156e-01	1.855163445569475156e-01	6.532887324237139914e-01	1.855163445569475156e-01	1.855163445569475156e-01	1.855163445569475156e-01	1.855163445569475156e-01	1.855163445569475156e-01	5.970115555382869976e-01	5.207014515538339605e-01	5.938288523065780034e-01	1.855163445569475156e-01	1.855163445569475156e-01	1.855163445569475156e-01	1.855163445569475156e-01	6.843053206851940073e-01	1.855163445569475156e-01	6.299645006766090294e-01	6.006273013432209540e-01	1.855163445569475156e-01	1.855163445569475156e-01	1.855163445569475156e-01	6.688950567096589861e-01	5.855938539167959700e-01	1.855163445569475156e-01	5.280664544115080128e-01	1.855163445569475156e-01	1.855163445569475156e-01	6.036752671286109706e-01	6.640181861306779787e-01	6.267069768115119954e-01	1.855163445569475156e-01	6.074408208448079938e-01	6.557323979709489548e-01	1.855163445569475156e-01	6.010585321200250242e-01	6.606667648269299864e-01	1.855163445569475156e-01	5.845637956701049687e-01	1.855163445569475156e-01
6.423141624495839475e-01	1.855163445569475156e-01	1.855163445569475156e-01	1.855163445569475156e-01	1.855163445569475156e-01	6.369307263196349878e-01	9.999999999999990008e-01	1.855163445569475156e-01	1.855163445569475156e-01	1.855163445569475156e-01	1.855163445569475156e-01	7.083089120821139950e-01	1.855163445569475156e-01	1.855163445569475156e-01	1.855163445569475156e-01	1.855163445569475156e-01	1.855163445569475156e-01	5.503516817710309983e-01	5.497897105072550028e-01	1.855163445569475156e-01	1.855163445569475156e-01	1.855163445569475156e-01	6.644415881616539954e-01	1.855163445569475156e-01	1.855163445569475156e-01	7.147788507659720292e-01	1.855163445569475156e-01	1.855163445569475156e-01	5.571874605397060254e-01	1.855163445569475156e-01	5.884682169641539673e-01	5.534105444232120252e-01	5.176911170036559984e-01	6.026569102483190221e-01	1.855163445569475156e-01	1.855163445569475156e-01	1.855163445569475156e-01	1.855163445569475156e-01	1.855163445569475156e-01	1.855163445569475156e-01	1.855163445569475156e-01	1.855163445569475156e-01	6.574206668104829454e-01	1.855163445569475156e-01	1.855163445569475156e-01	6.298030263442320198e-01	1.855163445569475156e-01	1.855163445569475156e-01	1.855163445569475156e-01	5.806282276202450188e-01	1.855163445569475156e-01	1.855163445569475156e-01	1.855163445569475156e-01	1.855163445569475156e-01	1.855163445569475156e-01	1.855163445569475156e-01	1.855163445569475156e-01	1.855163445569475156e-01	1.855163445569475156e-01	5.683010656308480346e-01	1.855163445569475156e-01	5.707938730525690119e-01	1.855163445569475156e-01	1.855163445569475156e-01	1.855163445569475156e-01	6.414044313194720015e-01	1.855163445569475156e-01	1.855163445569475156e-01	1.855163445569475156e-01	6.297054878055919902e-01	6.014717454039619771e-01	6.084769640224280129e-01	5.767998339939149899e-01	5.991602024533360105e-01	5.838192222381689556e-01	1.855163445569475156e-01	6.552095505054400526e-01	6.008036351320880097e-01	1.855163445569475156e-01	1.855163445569475156e-01	1.855163445569475156e-01	1.855163445569475156e-01	1.855163445569475156e-01	1.855163445569475156e-01	1.855163445569475156e-01	1.855163445569475156e-01	6.317427541644119460e-01	1.855163445569475156e-01	1.855163445569475156e-01	6.000763693580269953e-01	1.855163445569475156e-01	6.061416785893090076e-01	1.855163445569475156e-01	5.337048260232259977e-01	1.855163445569475156e-01	1.855163445569475156e-01	1.855163445569475156e-01	1.855163445569475156e-01	6.091952683013249770e-01	1.855163445569475156e-01	6.735892368995359814e-01	1.855163445569475156e-01	5.987647773507990268e-01	5.342709133033870517e-01	1.855163445569475156e-01	1.855163445569475156e-01	6.225000787207080055e-01	1.855163445569475156e-01	5.553120798922329682e-01	1.855163445569475156e-01	1.855163445569475156e-01	1.855163445569475156e-01	1.855163445569475156e-01	6.076866126127640211e-01	1.855163445569475156e-01	1.855163445569475156e-01	1.855163445569475156e-01	1.855163445569475156e-01	1.855163445569475156e-01	1.855163445569475156e-01	1.855163445569475156e-01	6.587147221795930374e-01	6.059538022388269995e-01	1.855163445569475156e-01
1.855163445569475156e-01	6.653409028551660054e-01	6.615508430281099583e-01	1.855163445569475156e-01	1.855163445569475156e-01	5.964196037765300273e-01	1.855163445569475156e-01	1.000000000000000000e+00	1.855163445569475156e-01	1.855163445569475156e-01	1.855163445569475156e-01	1.855163445569475156e-01	1.855163445569475156e-01	1.855163445569475156e-01	1.855163445569475156e-01	1.855163445569475156e-01	5.657413820351629985e-01	5.414194731346050338e-01	1.855163445569475156e-01	6.566450832966299611e-01	1.855163445569475156e-01	6.140475245880050448e-01	1.855163445569475156e-01	1.855163445569475156e-01	1.855163445569475156e-01	1.855163445569475156e-01	5.929223612294599599e-01	1.855163445569475156e-01	1.855163445569475156e-01	1.855163445569475156e-01	1.855163445569475156e-01	5.637385132391899978e-01	1.855163445569475156e-01	1.855163445569475156e-01	1.855163445569475156e-01	5.685417601812879917e-01	6.127131014891089578e-01	6.203365742062829646e-01	1.855163445569475156e-01	1.855163445569475156e-01	6.378881938227669579e-01	6.643383616360970523e-01	1.855163445569475156e-01	1.855163445569475156e-01	1.855163445569475156e-01	1.855163445569475156e-01	5.752249136807350283e-01	1.855163445569475156e-01	1.855163445569475156e-01	1.855163445569475156e-01	1.855163445569475156e-01	1.855163445569475156e-01	1.855163445569475156e-01	1.855163445569475156e-01	6.107833513059880426e-01	5.804435374338320353e-01	1.855163445569475156e-01	1.855163445569475156e-01	1.855163445569475156e-01	5.854251108577329665e-01	1.855163445569475156e-01	1.855163445569475156e-01	1.855163445569475156e-01	1.855163445569475156e-01	1.855163445569475156e-01	1.855163445569475156e-01	1.855163445569475156e-01	1.855163445569475156e-01	1.855163445569475156e-01	1.855163445569475156e-01	1.855163445569475156e-01	1.855163445569475156e-01	1.855163445569475156e-01	6.222387436188140386e-01	1.855163445569475156e-01	1.855163445569475156e-01	6.849934326160790343e-01	1.855163445569475156e-01	1.855163445569475156e-01	1.855163445569475156e-01	1.855163445569475156e-01	1.855163445569475156e-01	1.855163445569475156e-01	1.855163445569475156e-01	1.855163445569475156e-01	6.030648630601029847e-01	6.127424848932190304e-01	5.888497150683039694e-01	1.855163445569475156e-01	1.855163445569475156e-01	6.309425958825789493e-01	1.855163445569475156e-01	1.855163445569475156e-01	5.397123386833799774e-01	1.855163445569475156e-01	1.855163445569475156e-01	1.855163445569475156e-01	1.855163445569475156e-01	5.708256537047949886e-01	1.855163445569475156e-01	1.855163445569475156e-01	1.855163445569475156e-01	1.855163445569475156e-01	1.855163445569475156e-01	1.855163445569475156e-01	1.855163445569475156e-01	1.855163445569475156e-01	1.855163445569475156e-01	5.937294044626110212e-01	1.855163445569475156e-01	1.855163445569475156e-01	6.434599819506650054e-01	1.855163445569475156e-01	1.855163445569475156e-01	1.855163445569475156e-01	1.855163445569475156e-01	1.855163445569475156e-01	1.855163445569475156e-01	1.855163445569475156e-01	1.855163445569475156e-01	1.855163445569475156e-01	6.566291145032699950e-01	1.855163445569475156e-01	6.787739895826929715e-01
1.855163445569475156e-01	6.668110813916700019e-01	1.855163445569475156e-01	1.855163445569475156e-01	1.855163445569475156e-01	1.855163445569475156e-01	1.855163445569475156e-01	1.855163445569475156e-01	1.000000000000000000e+00	1.855163445569475156e-01	1.855163445569475156e-01	1.855163445569475156e-01	1.855163445569475156e-01	1.855163445569475156e-01	6.620467572475170481e-01	1.855163445569475156e-01	1.855163445569475156e-01	1.855163445569475156e-01	1.855163445569475156e-01	1.855163445569475156e-01	5.777022692305180396e-01	1.855163445569475156e-01	6.969982106400149924e-01	6.413726384247000478e-01	1.855163445569475156e-01	1.855163445569475156e-01	1.855163445569475156e-01	1.855163445569475156e-01	5.977247267720979806e-01	1.855163445569475156e-01	6.417364130113270004e-01	5.645829367482959604e-01	5.963055663688839880e-01	1.855163445569475156e-01	6.084483128378059824e-01	5.805240033567929947e-01	1.855163445569475156e-01	1.855163445569475156e-01	1.855163445569475156e-01	1.855163445569475156e-01	1.855163445569475156e-01	6.605306227259419849e-01	1.855163445569475156e-01	1.855163445569475156e-01	5.469013164873960386e-01	1.855163445569475156e-01	1.855163445569475156e-01	5.961502549837760512e-01	1.855163445569475156e-01	6.055461880935369967e-01	1.855163445569475156e-01	1.855163445569475156e-01	1.855163445569475156e-01	1.855163445569475156e-01	6.040894581956309795e-01	5.842178482058320022e-01	1.855163445569475156e-01	1.855163445569475156e-01	1.855163445569475156e-01	1.855163445569475156e-01	1.855163445569475156e-01	5.749703661605829463e-01	1.855163445569475156e-01	1.855163445569475156e-01	5.642321777142810246e-01	1.855163445569475156e-01	1.855163445569475156e-01	1.855163445569475156e-01	5.818521566683030333e-01	1.855163445569475156e-01	5.754384952432629596e-01	1.855163445569475156e-01	5.942057193606850030e-01	1.855163445569475156e-01	1.855163445569475156e-01	1.855163445569475156e-01	1.855163445569475156e-01	1.855163445569475156e-01	1.855163445569475156e-01	5.870560003285519857e-01	6.436827867126400093e-01	1.855163445569475156e-01	1.855163445569475156e-01	1.855163445569475156e-01	1.855163445569475156e-01	1.855163445569475156e-01	1.855163445569475156e-01	1.855163445569475156e-01	1.855163445569475156e-01	5.976908649335570534e-01	1.855163445569475156e-01	1.855163445569475156e-01	1.855163445569475156e-01	1.855163445569475156e-01	1.855163445569475156e-01	1.855163445569475156e-01	5.950829420683170223e-01	5.695780054985459806e-01	5.712041744454310344e-01	1.855163445569475156e-01	1.855163445569475156e-01	1.855163445569475156e-01	1.855163445569475156e-01	1.855163445569475156e-01	5.714879112694729590e-01	1.855163445569475156e-01	1.855163445569475156e-01	1.855163445569475156e-01	1.855163445569475156e-01	5.885269142455800129e-01	1.855163445569475156e-01	1.855163445569475156e-01	6.292363202274989797e-01	1.855163445569475156e-01	6.484431206189109620e-01	6.646226568075970231e-01	1.855163445569475156e-01	6.595139595314000180e-01	1.855163445569475156e-01	1.855163445569475156e-01	5.570430955146049579e-01	1.855163445569475156e-01	1.855163445569475156e-01	1.855163445569475156e-01
1.855163445569475156e-01	1.855163445569475156e-01	1.855163445569475156e-01	1.855163445569475156e-01	1.855163445569475156e-01	1.855163445569475156e-01	1.855163445569475156e-01	1.855163445569475156e-01	1.855163445569475156e-01	1.000000000000000000e+00	1.855163445569475156e-01	1.855163445569475156e-01	1.855163445569475156e-01	1.855163445569475156e-01	1.855163445569475156e-01	6.319281214751879538e-01	1.855163445569475156e-01	1.855163445569475156e-01	1.855163445569475156e-01	6.608788199370130290e-01	5.660472045133919661e-01	1.855163445569475156e-01	1.855163445569475156e-01	6.423757321801200071e-01	1.855163445569475156e-01	1.855163445569475156e-01	1.855163445569475156e-01	1.855163445569475156e-01	1.855163445569475156e-01	6.395227038373919592e-01	1.855163445569475156e-01	1.855163445569475156e-01	1.855163445569475156e-01	1.855163445569475156e-01	1.855163445569475156e-01	1.855163445569475156e-01	6.255397968146160226e-01	1.855163445569475156e-01	6.088625595593929463e-01	1.855163445569475156e-01	1.855163445569475156e-01	5.902314304605980055e-01	1.855163445569475156e-01	1.855163445569475156e-01	1.855163445569475156e-01	6.128868773283669968e-01	5.736378844818560419e-01	5.967544174359590281e-01	1.855163445569475156e-01	6.140097300093440014e-01	1.855163445569475156e-01	5.695054134287550474e-01	1.855163445569475156e-01	5.727421587782569601e-01	1.855163445569475156e-01	1.855163445569475156e-01	6.154413622476799794e-01	1.855163445569475156e-01	1.855163445569475156e-01	1.855163445569475156e-01	1.855163445569475156e-01	5.948971886174130308e-01	1.855163445569475156e-01	1.855163445569475156e-01	5.842371793427749704e-01	1.855163445569475156e-01	1.855163445569475156e-01	1.855163445569475156e-01	1.855163445569475156e-01	5.834875874982800026e-01	1.855163445569475156e-01	1.855163445569475156e-01	1.855163445569475156e-01	1.855163445569475156e-01	1.855163445569475156e-01	1.855163445569475156e-01	1.855163445569475156e-01	5.478139890034600112e-01	1.855163445569475156e-01	5.845387595325359786e-01	6.456601569793549711e-01	1.855163445569475156e-01	5.912798231953909633e-01	1.855163445569475156e-01	6.215970415332360277e-01	1.855163445569475156e-01	1.855163445569475156e-01	1.855163445569475156e-01	1.855163445569475156e-01	1.855163445569475156e-01	1.855163445569475156e-01	1.855163445569475156e-01	1.855163445569475156e-01	1.855163445569475156e-01	1.855163445569475156e-01	5.496697325237179799e-01	1.855163445569475156e-01	1.855163445569475156e-01	1.855163445569475156e-01	1.855163445569475156e-01	1.855163445569475156e-01	1.855163445569475156e-01	1.855163445569475156e-01	1.855163445569475156e-01	1.855163445569475156e-01	1.855163445569475156e-01	1.855163445569475156e-01	1.855163445569475156e-01	5.834809687718109927e-01	5.904840166169980087e-01	1.855163445569475156e-01	1.855163445569475156e-01	5.927810592292720449e-01	1.855163445569475156e-01	1.855163445569475156e-01	1.855163445569475156e-01	1.855163445569475156e-01	1.855163445569475156e-01	6.902620668371709511e-01	1.855163445569475156e-01	1.855163445569475156e-01	1.855163445569475156e-01	1.855163445569475156e-01	6.922635586140449826e-01
6.616749071993129894e-01	6.614886628851750494e-01	1.855163445569475156e-01	1.855163445569475156e-01	1.855163445569475156e-01	6.380298626453250188e-01	1.855163445569475156e-01	1.855163445569475156e-01	1.855163445569475156e-01	1.855163445569475156e-01	1.000000000000000000e+00	1.855163445569475156e-01	1.855163445569475156e-01	1.855163445569475156e-01	6.072511832978659818e-01	1.855163445569475156e-01	1.855163445569475156e-01	1.855163445569475156e-01	1.855163445569475156e-01	1.855163445569475156e-01	1.855163445569475156e-01	1.855163445569475156e-01	1.855163445569475156e-01	1.855163445569475156e-01	1.855163445569475156e-01	1.855163445569475156e-01	5.843553893227589890e-01	1.855163445569475156e-01	1.855163445569475156e-01	1.855163445569475156e-01	1.855163445569475156e-01	5.926925936950859786e-01	1.855163445569475156e-01	1.855163445569475156e-01	1.855163445569475156e-01	1.855163445569475156e-01	5.981296591406689567e-01	1.855163445569475156e-01	1.855163445569475156e-01	1.855163445569475156e-01	1.855163445569475156e-01	6.090554912264970477e-01	1.855163445569475156e-01	1.855163445569475156e-01	1.855163445569475156e-01	1.855163445569475156e-01	5.784466214879260271e-01	1.855163445569475156e-01	1.855163445569475156e-01	1.855163445569475156e-01	6.872069526955389973e-01	6.078482194147439843e-01	1.855163445569475156e-01	5.914915596006330434e-01	1.855163445569475156e-01	1.855163445569475156e-01	1.855163445569475156e-01	1.855163445569475156e-01	1.855163445569475156e-01	5.812990467750399626e-01	1.855163445569475156e-01	6.235144124579520275e-01	6.557280287021189924e-01	6.033224385105140364e-01	5.807974920695939680e-01	6.483349912649359892e-01	5.751974363125079703e-01	6.493223533705480000e-01	1.855163445569475156e-01	6.150914202218630278e-01	1.855163445569475156e-01	1.855163445569475156e-01	1.855163445569475156e-01	1.855163445569475156e-01	1.855163445569475156e-01	1.855163445569475156e-01	1.855163445569475156e-01	5.608011301248480018e-01	1.855163445569475156e-01	1.855163445569475156e-01	1.855163445569475156e-01	6.196747335069699991e-01	6.036653995565770536e-01	1.855163445569475156e-01	1.855163445569475156e-01	5.737229698031740543e-01	1.855163445569475156e-01	5.870852989323119830e-01	1.855163445569475156e-01	6.168723041443739952e-01	1.855163445569475156e-01	5.746191255928460029e-01	1.855163445569475156e-01	1.855163445569475156e-01	1.855163445569475156e-01	5.821984523531239519e-01	6.104809405116690124e-01	6.066684330129540337e-01	1.855163445569475156e-01	1.855163445569475156e-01	6.114026874851119508e-01	1.855163445569475156e-01	1.855163445569475156e-01	1.855163445569475156e-01	1.855163445569475156e-01	1.855163445569475156e-01	5.962315829053500549e-01	1.855163445569475156e-01	1.855163445569475156e-01	5.516440855785790243e-01	1.855163445569475156e-01	1.855163445569475156e-01	5.951724011953150040e-01	1.855163445569475156e-01	1.855163445569475156e-01	1.855163445569475156e-01	1.855163445569475156e-01	1.855163445569475156e-01	6.730839449238139593e-01	1.855163445569475156e-01	1.855163445569475156e-01	1.855163445569475156e-01	1.855163445569475156e-01	1.855163445569475156e-01
6.544469317482169979e-01	6.549919059801000421e-01	1.855163445569475156e-01	1.855163445569475156e-01	7.191989189554559569e-01	1.855163445569475156e-01	7.083089120821139950e-01	1.855163445569475156e-01	1.855163445569475156e-01	1.855163445569475156e-01	1.855163445569475156e-01	1.000000000000000000e+00	1.855163445569475156e-01	1.855163445569475156e-01	6.101265024158809558e-01	5.841305085771060224e-01	1.855163445569475156e-01	5.110162890659359913e-01	1.855163445569475156e-01	1.855163445569475156e-01	1.855163445569475156e-01	1.855163445569475156e-01	6.635661480972570025e-01	1.855163445569475156e-01	1.855163445569475156e-01	1.855163445569475156e-01	1.855163445569475156e-01	6.247159789146740083e-01	5.701075748352210093e-01	1.855163445569475156e-01	1.855163445569475156e-01	1.855163445569475156e-01	5.195964637265400032e-01	1.855163445569475156e-01	5.776534541191370442e-01	1.855163445569475156e-01	1.855163445569475156e-01	5.577265032010739754e-01	1.855163445569475156e-01	1.855163445569475156e-01	1.855163445569475156e-01	1.855163445569475156e-01	1.855163445569475156e-01	1.855163445569475156e-01	1.855163445569475156e-01	1.855163445569475156e-01	1.855163445569475156e-01	6.343497458526280441e-01	1.855163445569475156e-01	1.855163445569475156e-01	1.855163445569475156e-01	1.855163445569475156e-01	1.855163445569475156e-01	6.065499962637640463e-01	1.855163445569475156e-01	1.855163445569475156e-01	6.417782024800759988e-01	1.855163445569475156e-01	1.855163445569475156e-01	1.855163445569475156e-01	1.855163445569475156e-01	5.790028647485729874e-01	6.870513425048679901e-01	6.205089207135809914e-01	5.415146434068770498e-01	1.855163445569475156e-01	1.855163445569475156e-01	1.855163445569475156e-01	5.912724042208450381e-01	1.855163445569475156e-01	6.289188986906549816e-01	1.855163445569475156e-01	1.855163445569475156e-01	1.855163445569475156e-01	5.964728758292270339e-01	1.855163445569475156e-01	1.855163445569475156e-01	1.855163445569475156e-01	1.855163445569475156e-01	5.740278689403980339e-01	1.855163445569475156e-01	1.855163445569475156e-01	1.855163445569475156e-01	1.855163445569475156e-01	1.855163445569475156e-01	6.406710650467980495e-01	6.458930948107469705e-01	1.855163445569475156e-01	6.877723384255930439e-01	1.855163445569475156e-01	1.855163445569475156e-01	1.855163445569475156e-01	1.855163445569475156e-01	5.366478640769509756e-01	6.172326893476890453e-01	1.855163445569475156e-01	1.855163445569475156e-01	6.124498561464889468e-01	1.855163445569475156e-01	1.855163445569475156e-01	6.721255211871559609e-01	1.855163445569475156e-01	1.855163445569475156e-01	5.262865800583289566e-01	1.855163445569475156e-01	1.855163445569475156e-01	1.855163445569475156e-01	1.855163445569475156e-01	1.855163445569475156e-01	1.855163445569475156e-01	5.733632790309769467e-01	1.855163445569475156e-01	1.855163445569475156e-01	6.315297472808389934e-01	1.855163445569475156e-01	1.855163445569475156e-01	1.855163445569475156e-01	1.855163445569475156e-01	1.855163445569475156e-01	1.855163445569475156e-01	1.855163445569475156e-01	1.855163445569475156e-01	1.855163445569475156e-01	1.855163445569475156e-01
