1.000000000000000000e+00	2.558357348245339780e-01	6.236899427362210119e-02	2.558357348245339780e-01	2.558357348245339780e-01	1.711842872138180094e-01	2.159797027415089887e-01	2.564803570587360082e-01	2.558357348245339780e-01	2.558357348245339780e-01	2.558357348245339780e-01	2.558357348245339780e-01	2.558357348245339780e-01	2.558357348245339780e-01	5.101411254600950462e-01	2.558357348245339780e-01	2.558357348245339780e-01	2.558357348245339780e-01	5.371353178815719831e-01	2.558357348245339780e-01	2.558357348245339780e-01	2.558357348245339780e-01	2.558357348245339780e-01	1.608345180955760012e-01	2.558357348245339780e-01	2.558357348245339780e-01	2.558357348245339780e-01	2.578906005566570236e-01	2.558357348245339780e-01	2.558357348245339780e-01	2.032992288082579868e-01	2.558357348245339780e-01	5.560163671329350077e-01	2.342580431566030075e-01	2.558357348245339780e-01	2.558357348245339780e-01	2.558357348245339780e-01	2.558357348245339780e-01	2.558357348245339780e-01	2.558357348245339780e-01	2.558357348245339780e-01	2.558357348245339780e-01	2.558357348245339780e-01	2.558357348245339780e-01	2.558357348245339780e-01	2.558357348245339780e-01	2.558357348245339780e-01	2.558357348245339780e-01	2.558357348245339780e-01	2.558357348245339780e-01	5.729393390260779650e-01	4.092941860556529865e-01	2.558357348245339780e-01	5.780044122899480330e-01	2.558357348245339780e-01	2.558357348245339780e-01	2.558357348245339780e-01	2.558357348245339780e-01	2.558357348245339780e-01	5.754527602638539463e-01	2.558357348245339780e-01	2.558357348245339780e-01	5.456718159628649589e-01	2.558357348245339780e-01	2.558357348245339780e-01	2.558357348245339780e-01	1.837416096499739915e-01	2.558357348245339780e-01	2.558357348245339780e-01	2.558357348245339780e-01	5.883662057344419827e-01	2.558357348245339780e-01	2.558357348245339780e-01	2.558357348245339780e-01	6.681102848603600111e-03	3.610983953125399687e-02	5.342734942071599713e-01	2.558357348245339780e-01	1.140719028304619936e-01	2.558357348245339780e-01	2.558357348245339780e-01	6.702064728391220472e-01	2.558357348245339780e-01	2.558357348245339780e-01	2.558357348245339780e-01	2.558357348245339780e-01	6.514675283655889659e-01	2.558357348245339780e-01	2.558357348245339780e-01	2.558357348245339780e-01	2.558357348245339780e-01	2.558357348245339780e-01	2.558357348245339780e-01	4.843439442228629765e-01	2.558357348245339780e-01	2.558357348245339780e-01	2.558357348245339780e-01	2.558357348245339780e-01	2.558357348245339780e-01	2.558357348245339780e-01	6.642552626426520002e-01	2.558357348245339780e-01	2.558357348245339780e-01	2.558357348245339780e-01	2.558357348245339780e-01	2.558357348245339780e-01	2.558357348245339780e-01	2.558357348245339780e-01	2.558357348245339780e-01	2.558357348245339780e-01	5.446198075162670404e-01	2.558357348245339780e-01	1.455400499722540042e-01	2.558357348245339780e-01	3.896997605578390172e-02	6.318532030463439586e-01	5.025033021959169899e-01	2.558357348245339780e-01	2.558357348245339780e-01	5.361628532179689710e-01	2.558357348245339780e-01	2.558357348245339780e-01	2.558357348245339780e-01	5.557285672161129675e-01
2.558357348245339780e-01	1.000000000000000000e+00	2.558357348245339780e-01	2.558357348245339780e-01	2.558357348245339780e-01	1.081149865188080067e-01	2.558357348245339780e-01	1.304814076591259975e-01	2.558357348245339780e-01	2.558357348245339780e-01	2.558357348245339780e-01	1.503089239904910057e-01	2.558357348245339780e-01	2.558357348245339780e-01	2.558357348245339780e-01	2.558357348245339780e-01	9.830004594688379616e-02	5.211281652592000130e-02	2.558357348245339780e-01	2.664878327886099907e-02	2.558357348245339780e-01	1.751676861769119881e-02	2.558357348245339780e-01	2.558357348245339780e-01	2.558357348245339780e-01	2.558357348245339780e-01	4.008997289011630161e-02	2.558357348245339780e-01	2.558357348245339780e-01	2.558357348245339780e-01	2.558357348245339780e-01	1.382532860346329974e-02	2.558357348245339780e-01	2.558357348245339780e-01	2.558357348245339780e-01	2.558357348245339780e-01	2.558357348245339780e-01	2.558357348245339780e-01	1.725369577925160020e-02	2.558357348245339780e-01	2.928544590128310046e-02	2.558357348245339780e-01	2.558357348245339780e-01	2.558357348245339780e-01	2.558357348245339780e-01	2.558357348245339780e-01	2.558357348245339780e-01	2.558357348245339780e-01	8.229389469809980651e-02	2.558357348245339780e-01	2.558357348245339780e-01	2.558357348245339780e-01	1.125572244413799994e-01	2.558357348245339780e-01	1.685477045643839905e-02	2.558357348245339780e-01	2.284566919010510080e-02	2.558357348245339780e-01	2.558357348245339780e-01	2.558357348245339780e-01	2.558357348245339780e-01	2.558357348245339780e-01	2.558357348245339780e-01	4.752707080332110173e-02	2.558357348245339780e-01	2.558357348245339780e-01	2.558357348245339780e-01	1.429937502758550083e-01	2.558357348245339780e-01	2.558357348245339780e-01	2.558357348245339780e-01	2.513383206241969967e-02	1.260578103151810056e-02	2.558357348245339780e-01	2.558357348245339780e-01	2.558357348245339780e-01	2.558357348245339780e-01	2.558357348245339780e-01	9.542798258282760016e-02	2.558357348245339780e-01	2.492941885974379879e-02	1.554074849632659967e-02	2.558357348245339780e-01	2.558357348245339780e-01	2.527500300567190120e-02	2.558357348245339780e-01	2.558357348245339780e-01	2.558357348245339780e-01	2.558357348245339780e-01	2.558357348245339780e-01	8.963521801368259934e-02	2.558357348245339780e-01	2.558357348245339780e-01	2.558357348245339780e-01	1.525089875606940037e-02	2.558357348245339780e-01	2.558357348245339780e-01	1.550786731407810017e-02	1.729434817049799872e-02	3.053540312645559862e-02	2.558357348245339780e-01	2.558357348245339780e-01	2.309269959914509937e-02	2.558357348245339780e-01	2.244755697163260122e-02	2.558357348245339780e-01	2.157510963657099934e-01	2.558357348245339780e-01	2.558357348245339780e-01	2.558357348245339780e-01	2.558357348245339780e-01	2.558357348245339780e-01	2.558357348245339780e-01	2.558357348245339780e-01	2.558357348245339780e-01	2.558357348245339780e-01	2.558357348245339780e-01	8.088266690113020407e-02	2.558357348245339780e-01	1.493830404275629971e-02	2.471419199607139960e-01	2.291567024343110076e-02	7.967815324849769967e-03	2.558357348245339780e-01
6.236899427362210119e-02	2.558357348245339780e-01	1.000000000000000000e+00	2.558357348245339780e-01	2.558357348245339780e-01	2.558357348245339780e-01	1.687007041390989892e-01	1.395627052437199977e-01	2.558357348245339780e-01	2.558357348245339780e-01	2.558357348245339780e-01	2.558357348245339780e-01	9.407005251874969720e-02	5.249192458581879855e-02	3.026568342178730109e-02	2.558357348245339780e-01	1.282921281005960090e-01	2.558357348245339780e-01	4.905319933431689927e-02	2.558357348245339780e-01	2.558357348245339780e-01	2.558357348245339780e-01	2.558357348245339780e-01	2.558357348245339780e-01	1.280387652542120114e-01	2.558357348245339780e-01	2.558357348245339780e-01	1.166976265635940035e-01	2.558357348245339780e-01	2.558357348245339780e-01	2.558357348245339780e-01	2.558357348245339780e-01	1.801002526772560106e-02	2.558357348245339780e-01	2.558357348245339780e-01	2.558357348245339780e-01	6.351845708803970092e-02	2.558357348245339780e-01	2.558357348245339780e-01	1.370983953121049925e-01	2.405455112362680017e-02	2.558357348245339780e-01	6.228538678644349874e-02	2.558357348245339780e-01	2.558357348245339780e-01	2.558357348245339780e-01	2.558357348245339780e-01	2.558357348245339780e-01	1.766021541007249951e-01	2.558357348245339780e-01	2.558357348245339780e-01	2.558357348245339780e-01	2.558357348245339780e-01	2.558357348245339780e-01	2.558357348245339780e-01	2.558357348245339780e-01	2.558357348245339780e-01	2.558357348245339780e-01	2.558357348245339780e-01	3.895713858519479766e-02	2.558357348245339780e-01	2.558357348245339780e-01	2.558357348245339780e-01	1.223245084239990010e-01	2.558357348245339780e-01	2.558357348245339780e-01	2.558357348245339780e-01	2.558357348245339780e-01	3.308377674917239997e-02	2.558357348245339780e-01	2.367378386444310076e-02	2.558357348245339780e-01	1.986662421471190043e-02	2.558357348245339780e-01	1.052579325938710064e-01	2.558357348245339780e-01	2.558357348245339780e-01	5.499189141555869964e-02	2.613425729549890275e-01	3.850957512139820127e-02	4.860732692188630272e-02	2.558357348245339780e-01	2.558357348245339780e-01	4.208690673135819793e-01	2.558357348245339780e-01	2.558357348245339780e-01	2.558357348245339780e-01	2.558357348245339780e-01	2.558357348245339780e-01	2.558357348245339780e-01	2.558357348245339780e-01	2.765153236073190079e-01	2.558357348245339780e-01	2.558357348245339780e-01	2.558357348245339780e-01	1.676536383312129952e-02	1.101464252866620058e-01	2.423866727525330125e-02	2.558357348245339780e-01	2.558357348245339780e-01	2.558357348245339780e-01	2.558357348245339780e-01	2.558357348245339780e-01	2.232457128079650133e-01	4.189563321329539680e-02	4.323279198483109820e-02	1.608685871903610121e-01	2.558357348245339780e-01	1.202154932618829941e-01	2.558357348245339780e-01	2.558357348245339780e-01	2.558357348245339780e-01	2.558357348245339780e-01	2.558357348245339780e-01	2.558357348245339780e-01	2.558357348245339780e-01	2.558357348245339780e-01	2.558357348245339780e-01	2.558357348245339780e-01	2.558357348245339780e-01	1.915524844668470006e-01	2.558357348245339780e-01	2.558357348245339780e-01	2.558357348245339780e-01
2.558357348245339780e-01	2.558357348245339780e-01	2.558357348245339780e-01	1.000000000000000000e+00	2.558357348245339780e-01	2.558357348245339780e-01	2.558357348245339780e-01	1.856934452553319903e-01	2.558357348245339780e-01	2.558357348245339780e-01	2.558357348245339780e-01	2.558357348245339780e-01	3.000368008056730207e-01	2.558357348245339780e-01	2.558357348245339780e-01	2.558357348245339780e-01	2.558357348245339780e-01	2.558357348245339780e-01	2.558357348245339780e-01	2.558357348245339780e-01	2.558357348245339780e-01	2.558357348245339780e-01	1.312544414942150017e-01	2.558357348245339780e-01	2.558357348245339780e-01	1.926510583977369961e-01	2.558357348245339780e-01	2.558357348245339780e-01	2.558357348245339780e-01	2.558357348245339780e-01	2.558357348245339780e-01	1.597255530502010024e-01	2.558357348245339780e-01	2.558357348245339780e-01	2.056813607799329868e-01	1.380080327137060137e-01	2.106932531302130041e-01	2.558357348245339780e-01	2.558357348245339780e-01	2.558357348245339780e-01	1.702201428360969881e-01	9.223520758739589542e-02	2.558357348245339780e-01	2.558357348245339780e-01	2.558357348245339780e-01	5.347319358443269888e-02	9.844821367608240503e-02	2.558357348245339780e-01	2.558357348245339780e-01	1.534325792225169904e-01	2.558357348245339780e-01	2.558357348245339780e-01	1.598157934737040042e-01	1.561022987047679944e-01	2.558357348245339780e-01	1.461922792209419952e-01	2.558357348245339780e-01	1.796792515622880060e-01	2.558357348245339780e-01	2.558357348245339780e-01	2.558357348245339780e-01	2.558357348245339780e-01	1.510287233217179892e-01	2.558357348245339780e-01	2.280084915959020020e-01	2.558357348245339780e-01	2.558357348245339780e-01	2.558357348245339780e-01	2.558357348245339780e-01	2.558357348245339780e-01	1.901914292527620010e-01	1.798908031573079880e-01	1.426374844454590118e-01	2.558357348245339780e-01	2.558357348245339780e-01	2.558357348245339780e-01	2.558357348245339780e-01	2.558357348245339780e-01	2.558357348245339780e-01	1.887200914246839889e-01	1.879798484460359909e-01	2.558357348245339780e-01	1.412212753223049955e-01	6.605054205470030360e-02	2.558357348245339780e-01	2.558357348245339780e-01	1.703042882392629964e-01	2.558357348245339780e-01	2.558357348245339780e-01	2.558357348245339780e-01	2.558357348245339780e-01	1.045174127019680016e-01	2.134029526875370064e-01	2.558357348245339780e-01	2.558357348245339780e-01	2.558357348245339780e-01	2.558357348245339780e-01	2.558357348245339780e-01	2.558357348245339780e-01	2.558357348245339780e-01	2.558357348245339780e-01	2.558357348245339780e-01	1.522420282486849907e-01	2.558357348245339780e-01	2.191851090137389990e-01	2.558357348245339780e-01	2.558357348245339780e-01	2.558357348245339780e-01	2.558357348245339780e-01	2.558357348245339780e-01	2.558357348245339780e-01	2.558357348245339780e-01	2.558357348245339780e-01	6.613453425553429688e-02	7.563033785907820328e-02	2.558357348245339780e-01	1.607020957466130107e-01	2.558357348245339780e-01	2.982697093750559802e-01	2.558357348245339780e-01	1.118127067828480065e-01	2.558357348245339780e-01	2.558357348245339780e-01	2.558357348245339780e-01
2.558357348245339780e-01	2.558357348245339780e-01	2.558357348245339780e-01	2.558357348245339780e-01	1.000000000000000000e+00	2.473630343717319879e-01	3.855723378389899758e-01	2.558357348245339780e-01	5.063137693609469636e-01	2.558357348245339780e-01	2.558357348245339780e-01	8.183810240849989648e-02	2.558357348245339780e-01	2.558357348245339780e-01	2.708667655917250117e-01	2.558357348245339780e-01	3.405427740908569811e-01	2.446388575165630089e-02	2.558357348245339780e-01	2.558357348245339780e-01	2.558357348245339780e-01	3.226682506353840130e-01	2.558357348245339780e-01	2.558357348245339780e-01	2.558357348245339780e-01	2.558357348245339780e-01	4.157108922944369733e-01	2.558357348245339780e-01	2.377962735290989893e-01	2.558357348245339780e-01	2.558357348245339780e-01	2.558357348245339780e-01	2.558357348245339780e-01	2.558357348245339780e-01	3.058902631839159891e-01	2.558357348245339780e-01	2.558357348245339780e-01	2.558357348245339780e-01	2.558357348245339780e-01	2.558357348245339780e-01	2.558357348245339780e-01	2.558357348245339780e-01	2.558357348245339780e-01	2.417517895078289958e-01	2.558357348245339780e-01	1.204533754336750001e-01	2.558357348245339780e-01	2.558357348245339780e-01	2.558357348245339780e-01	2.558357348245339780e-01	2.558357348245339780e-01	2.726896144614829876e-01	2.836668419081950221e-01	2.558357348245339780e-01	2.558357348245339780e-01	2.558357348245339780e-01	2.558357348245339780e-01	2.558357348245339780e-01	2.558357348245339780e-01	2.558357348245339780e-01	2.558357348245339780e-01	2.558357348245339780e-01	2.291704802734549906e-01	2.558357348245339780e-01	2.558357348245339780e-01	2.558357348245339780e-01	2.558357348245339780e-01	2.558357348245339780e-01	3.308576588127929985e-01	2.558357348245339780e-01	2.558357348245339780e-01	2.558357348245339780e-01	2.558357348245339780e-01	2.558357348245339780e-01	3.480163357466060231e-02	1.494799420139190094e-01	2.558357348245339780e-01	3.522313726136370171e-01	2.341643410425010008e-01	2.558357348245339780e-01	3.248855789427460006e-01	2.942884234372529773e-01	2.558357348245339780e-01	2.558357348245339780e-01	2.477883620007589882e-01	2.558357348245339780e-01	2.558357348245339780e-01	1.726123148800799978e-01	2.558357348245339780e-01	2.558357348245339780e-01	2.558357348245339780e-01	2.558357348245339780e-01	2.558357348245339780e-01	2.558357348245339780e-01	2.558357348245339780e-01	2.558357348245339780e-01	3.030385277022479840e-01	3.188786806531579976e-01	2.558357348245339780e-01	2.558357348245339780e-01	2.558357348245339780e-01	2.558357348245339780e-01	2.558357348245339780e-01	2.558357348245339780e-01	2.558357348245339780e-01	2.558357348245339780e-01	2.558357348245339780e-01	1.102813005616640057e-01	2.056716800625560115e-01	1.791978437146219960e-01	2.558357348245339780e-01	2.558357348245339780e-01	2.558357348245339780e-01	2.558357348245339780e-01	2.558357348245339780e-01	2.558357348245339780e-01	2.558357348245339780e-01	2.558357348245339780e-01	2.558357348245339780e-01	2.558357348245339780e-01	1.603998253636109983e-01	2.382500029005880093e-01	2.558357348245339780e-01	3.268795826865409926e-01
1.711842872138180094e-01	1.081149865188080067e-01	2.558357348245339780e-01	2.558357348245339780e-01	2.473630343717319879e-01	1.000000000000000000e+00	2.558357348245339780e-01	2.558357348245339780e-01	2.391994622535250081e-01	2.558357348245339780e-01	2.558357348245339780e-01	8.471681857437980689e-02	2.558357348245339780e-01	2.558357348245339780e-01	2.558357348245339780e-01	2.171621448424939926e-01	2.558357348245339780e-01	2.409080856565079878e-02	2.558357348245339780e-01	2.558357348245339780e-01	2.558357348245339780e-01	1.254557070788759887e-01	1.399244624147960026e-01	2.112642439377289960e-01	2.558357348245339780e-01	2.558357348245339780e-01	2.558357348245339780e-01	2.558357348245339780e-01	1.032267286221769942e-01	2.558357348245339780e-01	2.558357348245339780e-01	1.046626355783590034e-01	2.558357348245339780e-01	2.558357348245339780e-01	2.558357348245339780e-01	6.629971856775070116e-02	2.558357348245339780e-01	2.558357348245339780e-01	2.558357348245339780e-01	2.558357348245339780e-01	2.558357348245339780e-01	2.558357348245339780e-01	1.586653031244900092e-01	9.529108785726900233e-02	2.558357348245339780e-01	2.558357348245339780e-01	2.558357348245339780e-01	2.558357348245339780e-01	3.091250995452790029e-01	2.028308967121290052e-01	2.558357348245339780e-01	2.558357348245339780e-01	2.558357348245339780e-01	2.558357348245339780e-01	2.558357348245339780e-01	2.558357348245339780e-01	2.558357348245339780e-01	2.558357348245339780e-01	2.558357348245339780e-01	2.558357348245339780e-01	9.412098438550929591e-02	2.558357348245339780e-01	2.558357348245339780e-01	2.558357348245339780e-01	2.558357348245339780e-01	9.874057187171410288e-02	2.558357348245339780e-01	2.558357348245339780e-01	1.142949382474510028e-01	2.558357348245339780e-01	1.138091200659869934e-01	1.127428005293489993e-01	2.558357348245339780e-01	1.110783418658150001e-01	3.499957726762650129e-02	2.558357348245339780e-01	2.558357348245339780e-01	2.558357348245339780e-01	2.558357348245339780e-01	1.310754062771830042e-01	2.558357348245339780e-01	1.190135032119749997e-01	2.558357348245339780e-01	1.167443237433229974e-01	1.117706125876409967e-01	2.558357348245339780e-01	2.558357348245339780e-01	9.324571329605080283e-02	2.558357348245339780e-01	1.732308796661350125e-01	2.558357348245339780e-01	1.197185957340889950e-01	2.558357348245339780e-01	9.948229475726899640e-02	2.558357348245339780e-01	9.465186776292240645e-02	1.651340280063419985e-01	1.165960560826150016e-01	2.558357348245339780e-01	2.558357348245339780e-01	2.558357348245339780e-01	2.558357348245339780e-01	1.091272630488250017e-01	2.558357348245339780e-01	1.497122996821899921e-01	2.558357348245339780e-01	2.558357348245339780e-01	2.558357348245339780e-01	2.558357348245339780e-01	2.558357348245339780e-01	2.558357348245339780e-01	1.757315205526530089e-01	1.235773866096400025e-01	1.037015349478619952e-01	2.558357348245339780e-01	1.317496005502420131e-01	1.076326371306949997e-01	2.558357348245339780e-01	1.824746986355010037e-01	2.558357348245339780e-01	2.558357348245339780e-01	9.802975304370549481e-02	2.558357348245339780e-01	2.558357348245339780e-01
2.159797027415089887e-01	2.558357348245339780e-01	1.687007041390989892e-01	2.558357348245339780e-01	3.855723378389899758e-01	2.558357348245339780e-01	1.000000000000000000e+00	2.558357348245339780e-01	2.558357348245339780e-01	2.558357348245339780e-01	2.558357348245339780e-01	2.558357348245339780e-01	2.150819126165849915e-01	2.558357348245339780e-01	2.558357348245339780e-01	2.558357348245339780e-01	2.143441720184930122e-01	2.558357348245339780e-01	1.526546128822990067e-01	2.558357348245339780e-01	2.558357348245339780e-01	2.558357348245339780e-01	1.442001848076150117e-01	1.920173681587510062e-01	2.558357348245339780e-01	2.558357348245339780e-01	2.558357348245339780e-01	2.558357348245339780e-01	2.558357348245339780e-01	1.742530807858700126e-01	2.558357348245339780e-01	2.558357348245339780e-01	1.382225579821269867e-01	2.558357348245339780e-01	2.558357348245339780e-01	2.558357348245339780e-01	2.558357348245339780e-01	2.088911800669379926e-01	1.380015371481599917e-01	2.709432708212530239e-01	1.902406709111829908e-01	2.558357348245339780e-01	2.558357348245339780e-01	2.558357348245339780e-01	1.196143958826530046e-01	2.558357348245339780e-01	2.558357348245339780e-01	2.558357348245339780e-01	2.558357348245339780e-01	2.558357348245339780e-01	2.558357348245339780e-01	2.558357348245339780e-01	2.558357348245339780e-01	2.558357348245339780e-01	1.508049692122259977e-01	2.558357348245339780e-01	2.558357348245339780e-01	2.558357348245339780e-01	2.558357348245339780e-01	2.558357348245339780e-01	2.558357348245339780e-01	9.364154847659010572e-02	2.558357348245339780e-01	8.106836488448310521e-03	2.558357348245339780e-01	2.558357348245339780e-01	2.558357348245339780e-01	2.558357348245339780e-01	2.558357348245339780e-01	1.643624747195339963e-01	2.558357348245339780e-01	2.558357348245339780e-01	2.558357348245339780e-01	2.558357348245339780e-01	2.558357348245339780e-01	2.558357348245339780e-01	2.558357348245339780e-01	2.558357348245339780e-01	2.558357348245339780e-01	2.558357348245339780e-01	2.558357348245339780e-01	2.558357348245339780e-01	2.558357348245339780e-01	2.558357348245339780e-01	2.558357348245339780e-01	2.558357348245339780e-01	1.289034597767839962e-01	2.558357348245339780e-01	2.558357348245339780e-01	2.558357348245339780e-01	2.558357348245339780e-01	1.156940586130500020e-01	2.558357348245339780e-01	1.740932212253349931e-01	1.449828254257919946e-01	2.558357348245339780e-01	2.558357348245339780e-01	2.558357348245339780e-01	2.558357348245339780e-01	2.558357348245339780e-01	2.673015728070040065e-01	2.558357348245339780e-01	2.558357348245339780e-01	2.257180951292679927e-01	2.558357348245339780e-01	2.558357348245339780e-01	2.558357348245339780e-01	6.572182507241400296e-02	2.616441161284460137e-01	2.558357348245339780e-01	2.558357348245339780e-01	2.558357348245339780e-01	3.054873974184890151e-01	2.558357348245339780e-01	2.558357348245339780e-01	2.558357348245339780e-01	2.558357348245339780e-01	2.874841360647429900e-01	2.558357348245339780e-01	2.558357348245339780e-01	2.558357348245339780e-01	1.608383031942169916e-01	2.558357348245339780e-01	2.558357348245339780e-01
2.564803570587360082e-01	1.304814076591259975e-01	1.395627052437199977e-01	1.856934452553319903e-01	2.558357348245339780e-01	2.558357348245339780e-01	2.558357348245339780e-01	1.000000000000000000e+00	4.027963770468929727e-01	2.558357348245339780e-01	2.558357348245339780e-01	6.695828850549509492e-02	2.558357348245339780e-01	2.558357348245339780e-01	2.558357348245339780e-01	2.662656310009660077e-01	2.558357348245339780e-01	2.534707854647130082e-02	2.558357348245339780e-01	2.558357348245339780e-01	8.855540244053269894e-02	2.558357348245339780e-01	2.558357348245339780e-01	2.558357348245339780e-01	2.558357348245339780e-01	2.161169828198269971e-01	2.137598263391169984e-01	2.558357348245339780e-01	1.662805437726919966e-01	2.283736659845760075e-01	1.858071021081310059e-01	2.558357348245339780e-01	2.558357348245339780e-01	2.558357348245339780e-01	2.558357348245339780e-01	1.213153685073500021e-01	2.558357348245339780e-01	2.460856355035589971e-01	2.558357348245339780e-01	2.558357348245339780e-01	2.558357348245339780e-01	2.558357348245339780e-01	2.558357348245339780e-01	2.558357348245339780e-01	2.558357348245339780e-01	2.558357348245339780e-01	2.558357348245339780e-01	2.558357348245339780e-01	2.558357348245339780e-01	2.558357348245339780e-01	2.558357348245339780e-01	1.771391091527290129e-01	2.558357348245339780e-01	2.558357348245339780e-01	2.558357348245339780e-01	2.558357348245339780e-01	2.460856355035589971e-01	2.030505915573949938e-01	2.558357348245339780e-01	2.558357348245339780e-01	2.558357348245339780e-01	2.558357348245339780e-01	2.558357348245339780e-01	2.558357348245339780e-01	2.570483661019909993e-01	2.558357348245339780e-01	2.558357348245339780e-01	2.026400509436389885e-01	2.558357348245339780e-01	2.558357348245339780e-01	1.918366969553799983e-01	2.590402259641090277e-01	2.558357348245339780e-01	2.973305870229219772e-01	2.558357348245339780e-01	2.558357348245339780e-01	2.104950095861519987e-01	2.558357348245339780e-01	2.558357348245339780e-01	2.558357348245339780e-01	2.558357348245339780e-01	1.792990854320480054e-01	2.558357348245339780e-01	2.558357348245339780e-01	2.545561019655689927e-01	2.558357348245339780e-01	2.558357348245339780e-01	2.558357348245339780e-01	1.000000000000000048e-04	2.558357348245339780e-01	2.558357348245339780e-01	1.005840326753100061e-01	2.558357348245339780e-01	2.558357348245339780e-01	2.558357348245339780e-01	1.326518423983379935e-01	2.558357348245339780e-01	2.558357348245339780e-01	2.057781930185320074e-01	2.222967921656419932e-01	2.558357348245339780e-01	2.558357348245339780e-01	2.516671392456599765e-01	2.558357348245339780e-01	2.558357348245339780e-01	3.036810573844980210e-01	2.558357348245339780e-01	8.722339431107560548e-02	2.558357348245339780e-01	1.969186248641709991e-01	2.558357348245339780e-01	2.558357348245339780e-01	2.558357348245339780e-01	2.558357348245339780e-01	1.025342756269110034e-01	2.558357348245339780e-01	2.558357348245339780e-01	2.558357348245339780e-01	2.558357348245339780e-01	1.636908048620339950e-01	1.443190091894900051e-01	2.221921868345189954e-01	2.558357348245339780e-01	2.558357348245339780e-01
2.558357348245339780e-01	2.558357348245339780e-01	2.558357348245339780e-01	2.558357348245339780e-01	5.063137693609469636e-01	2.391994622535250081e-01	2.558357348245339780e-01	4.027963770468929727e-01	1.000000000000000000e+00	3.118138894454099974e-01	2.558357348245339780e-01	2.558357348245339780e-01	2.558357348245339780e-01	2.558357348245339780e-01	3.174410784399270269e-01	2.558357348245339780e-01	2.558357348245339780e-01	3.095505757514540116e-02	2.558357348245339780e-01	2.685373848423450172e-01	2.558357348245339780e-01	2.558357348245339780e-01	2.558357348245339780e-01	2.558357348245339780e-01	2.558357348245339780e-01	3.481191760902520027e-01	3.811695569156189900e-01	2.558357348245339780e-01	2.733707116661490133e-01	2.558357348245339780e-01	2.558357348245339780e-01	2.558357348245339780e-01	2.309137072359510046e-01	2.558357348245339780e-01	2.558357348245339780e-01	2.558357348245339780e-01	3.607463636515719774e-01	2.558357348245339780e-01	3.220082812416190099e-01	4.122814041190520085e-01	2.558357348245339780e-01	2.029550428355360037e-01	3.893748227078259738e-01	2.558357348245339780e-01	2.558357348245339780e-01	2.558357348245339780e-01	2.558357348245339780e-01	2.558357348245339780e-01	2.558357348245339780e-01	2.558357348245339780e-01	2.558357348245339780e-01	2.977647382019910083e-01	2.558357348245339780e-01	2.558357348245339780e-01	2.558357348245339780e-01	2.558357348245339780e-01	2.696075436190419894e-01	2.558357348245339780e-01	2.301162472898120037e-01	2.558357348245339780e-01	2.558357348245339780e-01	1.148963401352089964e-01	2.558357348245339780e-01	2.558357348245339780e-01	2.558357348245339780e-01	2.558357348245339780e-01	2.558357348245339780e-01	2.558357348245339780e-01	2.970787897858909732e-01	2.558357348245339780e-01	2.558357348245339780e-01	2.937625378427169975e-01	2.558357348245339780e-01	2.558357348245339780e-01	2.558357348245339780e-01	2.558357348245339780e-01	2.558357348245339780e-01	2.558357348245339780e-01	2.558357348245339780e-01	2.558357348245339780e-01	2.558357348245339780e-01	2.558357348245339780e-01	2.558357348245339780e-01	1.295817293942939930e-01	2.797158560181359777e-01	3.158686873232059988e-01	2.558357348245339780e-01	1.955976792773939932e-01	2.558357348245339780e-01	2.558357348245339780e-01	2.558357348245339780e-01	2.558357348245339780e-01	2.558357348245339780e-01	2.558357348245339780e-01	2.558357348245339780e-01	2.558357348245339780e-01	3.326064068982759747e-01	3.184287319734679933e-01	2.558357348245339780e-01	2.558357348245339780e-01	2.558357348245339780e-01	2.558357348245339780e-01	2.936312133446680184e-01	2.558357348245339780e-01	2.558357348245339780e-01	2.558357348245339780e-01	2.558357348245339780e-01	2.558357348245339780e-01	2.558357348245339780e-01	2.558357348245339780e-01	2.258934596759329949e-01	2.558357348245339780e-01	2.558357348245339780e-01	2.558357348245339780e-01	2.558357348245339780e-01	2.558357348245339780e-01	2.936726778951619932e-01	2.558357348245339780e-01	2.558357348245339780e-01	2.558357348245339780e-01	1.251048564749510095e-01	2.558357348245339780e-01	2.558357348245339780e-01	3.145038613759850166e-01
2.558357348245339780e-01	2.558357348245339780e-01	2.558357348245339780e-01	2.558357348245339780e-01	2.558357348245339780e-01	2.558357348245339780e-01	2.558357348245339780e-01	2.558357348245339780e-01	3.118138894454099974e-01	1.000000000000000000e+00	2.384238813933790002e-01	1.568092425294649872e-01	2.558357348245339780e-01	2.338253717181909899e-02	2.558357348245339780e-01	2.558357348245339780e-01	2.558357348245339780e-01	2.558357348245339780e-01	1.211384865481409945e-01	2.558357348245339780e-01	2.558357348245339780e-01	9.250476115019640178e-02	2.894528723427889916e-01	2.558357348245339780e-01	2.558357348245339780e-01	1.239968851174459985e-01	2.558357348245339780e-01	2.558357348245339780e-01	2.558357348245339780e-01	2.558357348245339780e-01	2.558357348245339780e-01	7.501347170809399834e-02	2.558357348245339780e-01	2.558357348245339780e-01	2.558357348245339780e-01	2.558357348245339780e-01	2.558357348245339780e-01	2.558357348245339780e-01	2.558357348245339780e-01	2.558357348245339780e-01	2.558357348245339780e-01	2.414731721138070053e-01	1.360345884669310057e-01	2.558357348245339780e-01	2.558357348245339780e-01	1.398421626235520077e-01	2.558357348245339780e-01	2.558357348245339780e-01	2.558357348245339780e-01	2.558357348245339780e-01	2.558357348245339780e-01	2.558357348245339780e-01	2.558357348245339780e-01	8.205602608469270143e-02	2.558357348245339780e-01	2.508865566084970133e-01	2.558357348245339780e-01	2.558357348245339780e-01	2.558357348245339780e-01	2.558357348245339780e-01	2.558357348245339780e-01	2.558357348245339780e-01	2.558357348245339780e-01	2.558357348245339780e-01	2.558357348245339780e-01	2.567823330974570162e-01	1.662296796936539867e-01	2.794395154857030050e-01	2.558357348245339780e-01	2.558357348245339780e-01	2.558357348245339780e-01	2.558357348245339780e-01	6.606764292114410131e-02	2.558357348245339780e-01	3.898557010023429720e-02	2.558357348245339780e-01	8.223968519874259864e-02	2.558357348245339780e-01	2.558357348245339780e-01	2.558357348245339780e-01	2.558357348245339780e-01	8.212750766234369615e-02	2.558357348245339780e-01	2.558357348245339780e-01	2.558357348245339780e-01	2.558357348245339780e-01	9.295649800554089959e-02	2.558357348245339780e-01	1.000000000000000048e-04	2.558357348245339780e-01	2.558357348245339780e-01	2.558357348245339780e-01	2.558357348245339780e-01	2.558357348245339780e-01	2.558357348245339780e-01	2.558357348245339780e-01	2.023445948141620043e-01	2.558357348245339780e-01	2.558357348245339780e-01	2.558357348245339780e-01	2.558357348245339780e-01	2.558357348245339780e-01	8.635940909210239325e-02	2.558357348245339780e-01	2.558357348245339780e-01	1.289489717137549951e-01	2.558357348245339780e-01	6.731219652518949381e-02	2.558357348245339780e-01	6.471803629130100377e-02	2.558357348245339780e-01	2.558357348245339780e-01	2.558357348245339780e-01	2.558357348245339780e-01	2.327140034837600069e-01	2.558357348245339780e-01	1.177098997894440030e-01	2.558357348245339780e-01	2.558357348245339780e-01	8.070583685164879617e-02	2.273922455605560111e-01	8.486647902907369645e-02	4.638341379938269726e-02	2.558357348245339780e-01
2.558357348245339780e-01	2.558357348245339780e-01	2.558357348245339780e-01	2.558357348245339780e-01	2.558357348245339780e-01	2.558357348245339780e-01	2.558357348245339780e-01	2.558357348245339780e-01	2.558357348245339780e-01	2.384238813933790002e-01	1.000000000000000000e+00	2.558357348245339780e-01	4.728002973824519950e-01	2.558357348245339780e-01	2.558357348245339780e-01	2.558357348245339780e-01	2.558357348245339780e-01	2.558357348245339780e-01	2.558357348245339780e-01	2.558357348245339780e-01	7.308273996502889780e-02	2.558357348245339780e-01	2.558357348245339780e-01	2.558357348245339780e-01	2.558357348245339780e-01	2.558357348245339780e-01	4.693083123675910184e-01	3.409597717390869809e-01	2.558357348245339780e-01	2.558357348245339780e-01	2.558357348245339780e-01	4.350177474569459912e-01	2.558357348245339780e-01	2.558357348245339780e-01	3.904300508233040090e-01	2.558357348245339780e-01	4.282526351062639902e-01	2.558357348245339780e-01	4.442148822337330105e-01	4.589971442070829855e-01	3.988158913251800275e-01	2.558357348245339780e-01	2.558357348245339780e-01	2.558357348245339780e-01	2.558357348245339780e-01	2.558357348245339780e-01	2.558357348245339780e-01	4.114865609425850113e-01	4.553069835352420158e-01	2.558357348245339780e-01	4.185380453523980249e-01	4.000284824668730033e-01	3.518005896703479962e-01	4.262918438774569996e-01	2.558357348245339780e-01	2.558357348245339780e-01	2.558357348245339780e-01	5.075425553775699816e-01	2.558357348245339780e-01	2.558357348245339780e-01	3.787017542048600194e-01	8.910730402043880172e-02	2.558357348245339780e-01	2.558357348245339780e-01	3.814118342498389880e-01	6.262785964767310365e-02	2.558357348245339780e-01	2.251080394236419924e-01	2.558357348245339780e-01	2.558357348245339780e-01	2.558357348245339780e-01	4.210176635304510029e-01	2.558357348245339780e-01	2.558357348245339780e-01	2.558357348245339780e-01	9.856644471276840291e-02	2.558357348245339780e-01	2.558357348245339780e-01	2.558357348245339780e-01	2.558357348245339780e-01	2.558357348245339780e-01	2.558357348245339780e-01	2.558357348245339780e-01	2.558357348245339780e-01	3.823284947569959846e-01	2.558357348245339780e-01	2.558357348245339780e-01	2.789204715892870112e-01	2.558357348245339780e-01	2.558357348245339780e-01	2.558357348245339780e-01	1.200571661997369977e-01	2.558357348245339780e-01	2.558357348245339780e-01	2.558357348245339780e-01	2.558357348245339780e-01	3.299013223454809740e-01	2.558357348245339780e-01	2.558357348245339780e-01	2.558357348245339780e-01	5.803624702168349581e-01	5.791951259163850146e-02	2.558357348245339780e-01	2.558357348245339780e-01	2.558357348245339780e-01	2.558357348245339780e-01	2.558357348245339780e-01	2.558357348245339780e-01	1.879842723861039899e-01	2.639944565150300071e-01	2.558357348245339780e-01	2.558357348245339780e-01	2.558357348245339780e-01	2.558357348245339780e-01	2.558357348245339780e-01	2.558357348245339780e-01	2.558357348245339780e-01	2.558357348245339780e-01	2.558357348245339780e-01	2.558357348245339780e-01	2.558357348245339780e-01	3.647672785115059768e-01	2.558357348245339780e-01	4.431707031174110245e-01
2.558357348245339780e-01	1.503089239904910057e-01	2.558357348245339780e-01	2.558357348245339780e-01	8.183810240849989648e-02	8.471681857437980689e-02	2.558357348245339780e-01	6.695828850549509492e-02	2.558357348245339780e-01	1.568092425294649872e-01	2.558357348245339780e-01	1.000000000000000000e+00	2.558357348245339780e-01	2.558357348245339780e-01	2.558357348245339780e-01	2.558357348245339780e-01	6.152201653395539954e-02	1.203428716562110062e-01	2.558357348245339780e-01	2.558357348245339780e-01	2.558357348245339780e-01	2.558357348245339780e-01	1.793033050780080129e-01	1.863018810138289960e-01	2.558357348245339780e-01	1.740622716825170058e-02	2.558357348245339780e-01	2.558357348245339780e-01	2.558357348245339780e-01	2.558357348245339780e-01	2.558357348245339780e-01	7.505487238169839675e-03	2.558357348245339780e-01	1.338151038303040108e-01	1.282723395842109981e-02	3.632928146278349788e-03	2.558357348245339780e-01	2.558357348245339780e-01	2.558357348245339780e-01	2.558357348245339780e-01	2.558357348245339780e-01	2.558357348245339780e-01	2.628441548798950145e-02	7.766390575502379878e-03	2.558357348245339780e-01	2.185978546109449971e-01	2.558357348245339780e-01	2.558357348245339780e-01	2.558357348245339780e-01	2.558357348245339780e-01	2.558357348245339780e-01	2.132043937660769994e-02	2.558357348245339780e-01	2.558357348245339780e-01	2.558357348245339780e-01	2.558357348245339780e-01	8.317286587421410249e-03	1.272171257455470030e-02	2.558357348245339780e-01	2.558357348245339780e-01	2.558357348245339780e-01	2.558357348245339780e-01	2.558357348245339780e-01	1.652467673777759938e-01	2.558357348245339780e-01	2.908800744273780103e-01	6.681032836099490280e-02	3.222584554078949948e-01	1.585475214215590137e-02	2.558357348245339780e-01	1.187126400571720045e-02	9.609380179900029600e-03	7.072981028535589576e-03	1.513540960059529990e-02	1.573415506244650042e-01	2.377347226376989864e-01	9.193494376631999865e-03	2.558357348245339780e-01	2.558357348245339780e-01	2.558357348245339780e-01	2.558357348245339780e-01	2.558357348245339780e-01	2.558357348245339780e-01	5.790800223396209701e-01	9.144296805569910799e-03	2.558357348245339780e-01	1.031840913806809923e-02	2.558357348245339780e-01	1.000000000000000048e-04	2.558357348245339780e-01	2.558357348245339780e-01	2.814657459180929799e-01	3.389552130772469779e-02	9.191547358654210062e-03	1.155918525950550002e-02	6.291658489545100090e-03	2.558357348245339780e-01	9.387642084225829298e-03	1.156108964062129915e-02	3.292919990635560096e-02	2.558357348245339780e-01	2.558357348245339780e-01	2.558357348245339780e-01	2.558357348245339780e-01	2.558357348245339780e-01	2.558357348245339780e-01	2.243095128854389886e-01	2.137167954017060029e-02	2.558357348245339780e-01	4.649209339792129830e-03	4.915887837858520272e-03	2.558357348245339780e-01	2.558357348245339780e-01	9.824454055793739593e-02	2.558357348245339780e-01	1.285715433523950020e-02	1.457300804819510083e-02	2.558357348245339780e-01	2.558357348245339780e-01	2.558357348245339780e-01	2.558357348245339780e-01	9.458160502777359854e-03	6.378276175155069699e-03	2.558357348245339780e-01
