1.000000000000150102e+00	8.656494532482560400e-01	6.939321640245106337e-01	6.939321640245106337e-01	6.939321640245106337e-01	6.939321640245106337e-01	6.939321640245106337e-01	7.627265791359759683e-01	6.939321640245106337e-01	6.939321640245106337e-01	6.939321640245106337e-01	6.939321640245106337e-01	7.839156119132190126e-01	6.939321640245106337e-01	6.939321640245106337e-01	6.939321640245106337e-01	7.064282343042449508e-01	6.939321640245106337e-01	6.939321640245106337e-01	6.939321640245106337e-01	6.939321640245106337e-01	6.939321640245106337e-01	6.939321640245106337e-01	7.348728792952760047e-01	7.360516688544329611e-01	6.939321640245106337e-01	6.939321640245106337e-01	6.939321640245106337e-01	6.939321640245106337e-01	6.939321640245106337e-01	6.939321640245106337e-01	7.666392806525880177e-01	6.939321640245106337e-01	8.132979589205689974e-01	7.037693066013640530e-01	7.904441236260929537e-01	6.939321640245106337e-01	6.939321640245106337e-01	6.939321640245106337e-01	6.939321640245106337e-01	6.765103054361609747e-01	7.201179888161060028e-01	6.939321640245106337e-01	6.939321640245106337e-01	6.939321640245106337e-01	6.991546747294650199e-01	6.875941410140119503e-01	7.238652130334459756e-01	6.939321640245106337e-01	6.939321640245106337e-01	6.939321640245106337e-01	7.192995062379490268e-01	6.939321640245106337e-01	6.939321640245106337e-01	7.194574417710180025e-01	6.939321640245106337e-01	6.939321640245106337e-01	6.939321640245106337e-01	7.148950799731199623e-01	6.939321640245106337e-01	7.565596637937950231e-01	7.342699868547789555e-01	6.939321640245106337e-01	6.939321640245106337e-01	6.564726206198769898e-01	7.427267292577039992e-01	7.458193538487459806e-01	6.939321640245106337e-01	6.939321640245106337e-01	6.379335347150290048e-01	6.889760115390990425e-01	6.939321640245106337e-01	6.939321640245106337e-01	6.939321640245106337e-01	6.939321640245106337e-01	6.200505088368699624e-01	6.939321640245106337e-01	6.939321640245106337e-01	6.939321640245106337e-01	7.742657498663220172e-01	6.939321640245106337e-01	6.939321640245106337e-01	6.939321640245106337e-01	7.631611986649839974e-01	6.939321640245106337e-01	6.728131021789089949e-01	6.939321640245106337e-01	6.939321640245106337e-01	6.939321640245106337e-01	6.939321640245106337e-01	6.939321640245106337e-01	6.939321640245106337e-01	6.939321640245106337e-01	6.560161178793399994e-01	6.939321640245106337e-01	6.939321640245106337e-01	6.939321640245106337e-01	6.939321640245106337e-01	6.939321640245106337e-01	6.939321640245106337e-01	6.939321640245106337e-01	6.705348598717679742e-01	6.483967240307649815e-01	6.099926251554520507e-01	6.939321640245106337e-01	6.774367748903139530e-01	6.939321640245106337e-01	6.939321640245106337e-01	6.939321640245106337e-01	6.939321640245106337e-01	7.903955447098279796e-01	7.775863858710779786e-01	6.939321640245106337e-01	6.939321640245106337e-01	6.939321640245106337e-01	6.939321640245106337e-01	6.939321640245106337e-01	6.939321640245106337e-01	6.939321640245106337e-01	7.429846623362790226e-01	8.117270309997279831e-01	6.939321640245106337e-01	6.939321640245106337e-01	7.844651749141120511e-01
8.656494532482560400e-01	1.000000000000039968e+00	6.939321640245106337e-01	6.939321640245106337e-01	7.426002790712500357e-01	7.307355580440310083e-01	7.536482156798800514e-01	6.939321640245106337e-01	6.939321640245106337e-01	6.939321640245106337e-01	7.499100779699819919e-01	7.055758206698360402e-01	7.337540184029219814e-01	6.649303312109580144e-01	1.000000000000000021e-03	6.939321640245106337e-01	6.939321640245106337e-01	6.939321640245106337e-01	7.002522364194050386e-01	6.939321640245106337e-01	6.939321640245106337e-01	6.939321640245106337e-01	7.118731691044170029e-01	6.939321640245106337e-01	7.080488826739870234e-01	6.939321640245106337e-01	6.939321640245106337e-01	6.939321640245106337e-01	6.939321640245106337e-01	6.939321640245106337e-01	7.393766454845079883e-01	6.939321640245106337e-01	6.939321640245106337e-01	6.939321640245106337e-01	6.939321640245106337e-01	6.939321640245106337e-01	6.939321640245106337e-01	6.939321640245106337e-01	6.339347730392990155e-01	6.939321640245106337e-01	6.939321640245106337e-01	6.939321640245106337e-01	7.059348011157390301e-01	6.315495412873870507e-01	6.939321640245106337e-01	6.939321640245106337e-01	6.262391107686620106e-01	6.939321640245106337e-01	6.939321640245106337e-01	7.175413595946570355e-01	6.939321640245106337e-01	6.939321640245106337e-01	6.963632868204180371e-01	6.000060046246239454e-01	6.939321640245106337e-01	7.312040549925440391e-01	6.064043430674700419e-01	6.939321640245106337e-01	6.939321640245106337e-01	5.857316036449780050e-01	6.939321640245106337e-01	6.939321640245106337e-01	6.939321640245106337e-01	6.939321640245106337e-01	6.939321640245106337e-01	6.939321640245106337e-01	6.939321640245106337e-01	6.734525485162500269e-01	6.557558572286059650e-01	5.741233552321759470e-01	6.475614441691670553e-01	6.939321640245106337e-01	6.939321640245106337e-01	6.939321640245106337e-01	7.164089650239490181e-01	6.939321640245106337e-01	6.939321640245106337e-01	6.939321640245106337e-01	6.939321640245106337e-01	7.250522767857709994e-01	6.939321640245106337e-01	6.939321640245106337e-01	6.939321640245106337e-01	6.925299712713669509e-01	6.939321640245106337e-01	6.939321640245106337e-01	6.939321640245106337e-01	6.939321640245106337e-01	6.939321640245106337e-01	6.939321640245106337e-01	6.939321640245106337e-01	6.939321640245106337e-01	6.939321640245106337e-01	6.113830392146829551e-01	6.939321640245106337e-01	6.939321640245106337e-01	6.939321640245106337e-01	6.939321640245106337e-01	6.730669271114280150e-01	7.285125067615280114e-01	6.939321640245106337e-01	6.086647961573180554e-01	5.932231238083269798e-01	6.939321640245106337e-01	6.939321640245106337e-01	6.513083715910340521e-01	6.939321640245106337e-01	6.939321640245106337e-01	6.939321640245106337e-01	6.939321640245106337e-01	7.520472201941319490e-01	7.178793586019279749e-01	6.939321640245106337e-01	6.939321640245106337e-01	6.939321640245106337e-01	6.939321640245106337e-01	6.939321640245106337e-01	8.642542102209369581e-01	8.205860742297099719e-01	6.939321640245106337e-01	7.718749924385389649e-01	6.939321640245106337e-01	7.616632835359370413e-01	6.939321640245106337e-01
6.939321640245106337e-01	6.939321640245106337e-01	1.000000000000049960e+00	6.939321640245106337e-01	6.939321640245106337e-01	8.020464947357589525e-01	7.777268175721000487e-01	7.614694629099449941e-01	6.939321640245106337e-01	6.939321640245106337e-01	6.939321640245106337e-01	6.939321640245106337e-01	7.696195840149580025e-01	7.205681778586839892e-01	1.000000000000000021e-03	6.939321640245106337e-01	6.939321640245106337e-01	6.939321640245106337e-01	6.939321640245106337e-01	6.939321640245106337e-01	7.736648048767640340e-01	6.121642709395660464e-01	6.939321640245106337e-01	6.939321640245106337e-01	6.939321640245106337e-01	6.939321640245106337e-01	6.939321640245106337e-01	7.197870852485519499e-01	6.939321640245106337e-01	6.939321640245106337e-01	6.939321640245106337e-01	6.939321640245106337e-01	8.021797485230010016e-01	7.865855499835510134e-01	6.939321640245106337e-01	6.939321640245106337e-01	7.250432354197110518e-01	7.624614331010090007e-01	6.940686352281419946e-01	6.939321640245106337e-01	6.939321640245106337e-01	6.999897332152410501e-01	7.891969096164860309e-01	6.939321640245106337e-01	6.939321640245106337e-01	6.939321640245106337e-01	6.939321640245106337e-01	7.308083385458350456e-01	6.939321640245106337e-01	6.939321640245106337e-01	6.939321640245106337e-01	6.786669334333039760e-01	7.065226684755420150e-01	6.939321640245106337e-01	6.939321640245106337e-01	6.939321640245106337e-01	6.939321640245106337e-01	6.939321640245106337e-01	7.006223490606320325e-01	5.942541882111069818e-01	6.939321640245106337e-01	7.188022005250239710e-01	8.043030640209819504e-01	6.888321165618529474e-01	6.716936677466790462e-01	6.939321640245106337e-01	7.393952752606679502e-01	6.939321640245106337e-01	6.939321640245106337e-01	6.540359107377140546e-01	6.574424906811889846e-01	6.939321640245106337e-01	6.939321640245106337e-01	7.871731295809050177e-01	6.939321640245106337e-01	5.722338118653269579e-01	6.939321640245106337e-01	6.939321640245106337e-01	7.636247514574280304e-01	6.939321640245106337e-01	6.939321640245106337e-01	6.536578673169950449e-01	6.939321640245106337e-01	7.905860073677060118e-01	6.939321640245106337e-01	6.939321640245106337e-01	6.939321640245106337e-01	6.939321640245106337e-01	6.939321640245106337e-01	6.939321640245106337e-01	7.251557326898989686e-01	7.584921942167710540e-01	6.939321640245106337e-01	6.939321640245106337e-01	6.939321640245106337e-01	6.939321640245106337e-01	6.939321640245106337e-01	6.939321640245106337e-01	6.872777785192499822e-01	6.939321640245106337e-01	6.939321640245106337e-01	6.759531724435019484e-01	6.341998811587059581e-01	6.939321640245106337e-01	6.939321640245106337e-01	6.939321640245106337e-01	6.939321640245106337e-01	7.617630571433610109e-01	6.939321640245106337e-01	6.939321640245106337e-01	6.939321640245106337e-01	7.756568123547590288e-01	6.939321640245106337e-01	6.939321640245106337e-01	6.939321640245106337e-01	6.939321640245106337e-01	6.939321640245106337e-01	6.939321640245106337e-01	6.939321640245106337e-01	6.939321640245106337e-01	6.939321640245106337e-01	6.939321640245106337e-01	6.939321640245106337e-01	7.717770643781529660e-01
6.939321640245106337e-01	6.939321640245106337e-01	6.939321640245106337e-01	9.999999999999239497e-01	6.939321640245106337e-01	6.939321640245106337e-01	6.939321640245106337e-01	6.939321640245106337e-01	6.939321640245106337e-01	7.262104973368059824e-01	7.452757556154859797e-01	7.023644559834839596e-01	7.720951282191450549e-01	6.939321640245106337e-01	1.000000000000000021e-03	6.939321640245106337e-01	6.939321640245106337e-01	6.939321640245106337e-01	6.939321640245106337e-01	6.939321640245106337e-01	6.939321640245106337e-01	7.075569162643370325e-01	7.375225905197410059e-01	6.939321640245106337e-01	6.939321640245106337e-01	6.939321640245106337e-01	6.939321640245106337e-01	6.939321640245106337e-01	6.939321640245106337e-01	6.939321640245106337e-01	6.939321640245106337e-01	6.939321640245106337e-01	7.596743307134860013e-01	8.122932262999119635e-01	6.667331853500589878e-01	6.939321640245106337e-01	6.939321640245106337e-01	6.939321640245106337e-01	6.939321640245106337e-01	6.939321640245106337e-01	6.939321640245106337e-01	6.939321640245106337e-01	6.939321640245106337e-01	6.939321640245106337e-01	6.939321640245106337e-01	6.939321640245106337e-01	6.939321640245106337e-01	6.642013271648250505e-01	6.939321640245106337e-01	7.331484515314260486e-01	7.124877194650980350e-01	6.939321640245106337e-01	6.939321640245106337e-01	6.939321640245106337e-01	6.939321640245106337e-01	6.939321640245106337e-01	6.939321640245106337e-01	7.041737188322679808e-01	6.939321640245106337e-01	6.234903035232890467e-01	6.939321640245106337e-01	6.939321640245106337e-01	7.404060607356820478e-01	6.939321640245106337e-01	6.939321640245106337e-01	6.939321640245106337e-01	7.522413760557440376e-01	6.939321640245106337e-01	6.939321640245106337e-01	6.939321640245106337e-01	6.939321640245106337e-01	6.939321640245106337e-01	6.939321640245106337e-01	7.975405139110860464e-01	6.939321640245106337e-01	6.939321640245106337e-01	7.361568661345290199e-01	6.939321640245106337e-01	6.939321640245106337e-01	6.939321640245106337e-01	7.401606222941450319e-01	6.545151890186460264e-01	6.939321640245106337e-01	6.939321640245106337e-01	6.939321640245106337e-01	6.048363638703260214e-01	6.939321640245106337e-01	6.939321640245106337e-01	6.939321640245106337e-01	7.625383367542329927e-01	6.939321640245106337e-01	6.939321640245106337e-01	6.939321640245106337e-01	6.229679433040929970e-01	6.939321640245106337e-01	6.939321640245106337e-01	6.939321640245106337e-01	6.939321640245106337e-01	6.939321640245106337e-01	6.939321640245106337e-01	6.939321640245106337e-01	6.939321640245106337e-01	6.939321640245106337e-01	6.939321640245106337e-01	5.820784190023460258e-01	6.939321640245106337e-01	7.722906350313859525e-01	7.244020726531269494e-01	6.939321640245106337e-01	6.939321640245106337e-01	6.939321640245106337e-01	6.939321640245106337e-01	7.412035829830030398e-01	6.939321640245106337e-01	6.939321640245106337e-01	6.939321640245106337e-01	7.731113039308870061e-01	7.614816447992069914e-01	6.939321640245106337e-01	6.939321640245106337e-01	6.939321640245106337e-01	6.939321640245106337e-01	6.939321640245106337e-01	6.939321640245106337e-01
6.939321640245106337e-01	7.426002790712500357e-01	6.939321640245106337e-01	6.939321640245106337e-01	9.999999999999039657e-01	6.939321640245106337e-01	6.939321640245106337e-01	6.939321640245106337e-01	6.939321640245106337e-01	7.787956233666749606e-01	6.939321640245106337e-01	6.939321640245106337e-01	6.939321640245106337e-01	6.939321640245106337e-01	6.939321640245106337e-01	6.939321640245106337e-01	6.939321640245106337e-01	7.006784419187289670e-01	6.939321640245106337e-01	6.939321640245106337e-01	6.939321640245106337e-01	6.939321640245106337e-01	6.939321640245106337e-01	6.939321640245106337e-01	6.939321640245106337e-01	8.164298119281210298e-01	7.388648905585170068e-01	6.939321640245106337e-01	6.154847332107370450e-01	6.939321640245106337e-01	6.939321640245106337e-01	6.939321640245106337e-01	6.939321640245106337e-01	7.658178617623050410e-01	6.939321640245106337e-01	6.939321640245106337e-01	6.939321640245106337e-01	6.939321640245106337e-01	6.939321640245106337e-01	6.939321640245106337e-01	6.939321640245106337e-01	7.452762649171360554e-01	6.939321640245106337e-01	6.939321640245106337e-01	6.939321640245106337e-01	6.939321640245106337e-01	6.939321640245106337e-01	6.939321640245106337e-01	6.939321640245106337e-01	6.939321640245106337e-01	7.339253853697209617e-01	6.939321640245106337e-01	6.816846996436980444e-01	6.939321640245106337e-01	6.939321640245106337e-01	6.939321640245106337e-01	6.250486253664260250e-01	6.744261487411680189e-01	6.939321640245106337e-01	6.939321640245106337e-01	6.939321640245106337e-01	6.939321640245106337e-01	7.943925000827950500e-01	6.939321640245106337e-01	6.939321640245106337e-01	6.939321640245106337e-01	6.939321640245106337e-01	6.694610043303399483e-01	6.939321640245106337e-01	5.519522780957250019e-01	6.939321640245106337e-01	6.119315774226790072e-01	6.939321640245106337e-01	6.939321640245106337e-01	6.939321640245106337e-01	6.939321640245106337e-01	6.939321640245106337e-01	7.456685411446910550e-01	6.939321640245106337e-01	7.133306055216840358e-01	6.939321640245106337e-01	6.939321640245106337e-01	6.073258968470649499e-01	6.939321640245106337e-01	6.939321640245106337e-01	5.899591691575849506e-01	6.939321640245106337e-01	6.939321640245106337e-01	6.939321640245106337e-01	6.939321640245106337e-01	7.428635067072779652e-01	6.939321640245106337e-01	5.815766194420329827e-01	6.939321640245106337e-01	6.939321640245106337e-01	7.105953086949789999e-01	7.554924797671880299e-01	6.222034446684580056e-01	6.939321640245106337e-01	6.939321640245106337e-01	7.582056792790919930e-01	5.879089209216390444e-01	6.939321640245106337e-01	6.581718745187770114e-01	6.939321640245106337e-01	6.939321640245106337e-01	6.939321640245106337e-01	6.939321640245106337e-01	6.939321640245106337e-01	6.283638506037140248e-01	6.939321640245106337e-01	6.914999477952500362e-01	6.939321640245106337e-01	6.939321640245106337e-01	6.939321640245106337e-01	6.939321640245106337e-01	6.939321640245106337e-01	6.939321640245106337e-01	6.939321640245106337e-01	6.939321640245106337e-01	8.075192387356849855e-01	6.939321640245106337e-01	7.451001692218740535e-01	7.752130567795799676e-01
6.939321640245106337e-01	7.307355580440310083e-01	8.020464947357589525e-01	6.939321640245106337e-01	6.939321640245106337e-01	1.000000000000019984e+00	7.700094309093700184e-01	6.939321640245106337e-01	6.939321640245106337e-01	6.939321640245106337e-01	6.766704655714459449e-01	6.939321640245106337e-01	6.939321640245106337e-01	6.963415999299380488e-01	6.939321640245106337e-01	6.939321640245106337e-01	6.939321640245106337e-01	6.939321640245106337e-01	6.939321640245106337e-01	6.662366694044470350e-01	6.939321640245106337e-01	6.939321640245106337e-01	6.655303399375389617e-01	6.665167902864660432e-01	6.939321640245106337e-01	6.939321640245106337e-01	7.182252335284230460e-01	6.968951102886560278e-01	6.939321640245106337e-01	6.939321640245106337e-01	6.939321640245106337e-01	6.939321640245106337e-01	6.939321640245106337e-01	6.939321640245106337e-01	6.939321640245106337e-01	6.939321640245106337e-01	7.090224275359969797e-01	6.939321640245106337e-01	6.939321640245106337e-01	6.723379048668349789e-01	6.646370788291300347e-01	6.939321640245106337e-01	6.939321640245106337e-01	6.939321640245106337e-01	6.939321640245106337e-01	6.939321640245106337e-01	6.939321640245106337e-01	6.939321640245106337e-01	6.939321640245106337e-01	6.939321640245106337e-01	7.734111684088520455e-01	6.939321640245106337e-01	6.939321640245106337e-01	6.211511090478759600e-01	6.939321640245106337e-01	6.939321640245106337e-01	6.939321640245106337e-01	6.939321640245106337e-01	6.939321640245106337e-01	5.712005235059539610e-01	6.939321640245106337e-01	6.754548058080079853e-01	6.939321640245106337e-01	6.939321640245106337e-01	6.338810838372730405e-01	6.939321640245106337e-01	6.939321640245106337e-01	6.939321640245106337e-01	6.939321640245106337e-01	6.939321640245106337e-01	6.367081148964419679e-01	6.554345913587750205e-01	6.939321640245106337e-01	6.939321640245106337e-01	6.939321640245106337e-01	6.939321640245106337e-01	6.939321640245106337e-01	6.939321640245106337e-01	6.939321640245106337e-01	7.425332976704710486e-01	7.653842136885740111e-01	6.238726554098370514e-01	6.168376265199669861e-01	6.939321640245106337e-01	6.559671401785099887e-01	6.939321640245106337e-01	6.939321640245106337e-01	6.939321640245106337e-01	7.830743726092009860e-01	6.939321640245106337e-01	6.939321640245106337e-01	6.939321640245106337e-01	6.536584818038939648e-01	6.939321640245106337e-01	6.939321640245106337e-01	6.939321640245106337e-01	7.436023792358510409e-01	6.939321640245106337e-01	6.939321640245106337e-01	6.659242072752810104e-01	6.939321640245106337e-01	6.939321640245106337e-01	6.939321640245106337e-01	6.939321640245106337e-01	6.215108432305700426e-01	6.939321640245106337e-01	7.176723603838629506e-01	7.378569911669540238e-01	6.411853204952630003e-01	6.939321640245106337e-01	6.939321640245106337e-01	6.939321640245106337e-01	6.939321640245106337e-01	6.939321640245106337e-01	6.939321640245106337e-01	7.831067518994320187e-01	7.872942079035589735e-01	6.939321640245106337e-01	6.939321640245106337e-01	6.939321640245106337e-01	6.939321640245106337e-01	7.349550433067499888e-01	6.939321640245106337e-01	6.939321640245106337e-01
6.939321640245106337e-01	7.536482156798800514e-01	7.777268175721000487e-01	6.939321640245106337e-01	6.939321640245106337e-01	7.700094309093700184e-01	1.000000000000029976e+00	6.939321640245106337e-01	6.939321640245106337e-01	6.939321640245106337e-01	6.939321640245106337e-01	6.939321640245106337e-01	6.939321640245106337e-01	6.961572725293370123e-01	6.939321640245106337e-01	6.939321640245106337e-01	6.729808752033690222e-01	7.394434253706749782e-01	7.049388304259589511e-01	6.939321640245106337e-01	6.939321640245106337e-01	6.320216301520460433e-01	6.939321640245106337e-01	6.939321640245106337e-01	6.939321640245106337e-01	6.939321640245106337e-01	6.939321640245106337e-01	6.939321640245106337e-01	6.939321640245106337e-01	6.774017516528210159e-01	6.939321640245106337e-01	6.939321640245106337e-01	6.939321640245106337e-01	7.945873067016879787e-01	6.939321640245106337e-01	6.939321640245106337e-01	6.939321640245106337e-01	6.939321640245106337e-01	6.690217020381179491e-01	6.939321640245106337e-01	6.939321640245106337e-01	7.991554963872400386e-01	7.373359425102210540e-01	6.939321640245106337e-01	6.939321640245106337e-01	6.939321640245106337e-01	6.939321640245106337e-01	6.939321640245106337e-01	6.939321640245106337e-01	7.186595965101170158e-01	6.939321640245106337e-01	7.005965951108410472e-01	6.886790368707219612e-01	6.939321640245106337e-01	6.877076305356339958e-01	6.939321640245106337e-01	6.057400038680219589e-01	6.939321640245106337e-01	6.939321640245106337e-01	6.939321640245106337e-01	6.939321640245106337e-01	6.939321640245106337e-01	6.939321640245106337e-01	6.432827384254490299e-01	6.939321640245106337e-01	7.250653221309379948e-01	6.939321640245106337e-01	7.032369665441440265e-01	6.939321640245106337e-01	6.939321640245106337e-01	6.574350158185640058e-01	6.488872557928280216e-01	6.939321640245106337e-01	6.939321640245106337e-01	6.939321640245106337e-01	6.939321640245106337e-01	6.939321640245106337e-01	7.606556009021140374e-01	6.939321640245106337e-01	6.939321640245106337e-01	6.939321640245106337e-01	6.939321640245106337e-01	6.939321640245106337e-01	7.193252453056869777e-01	6.939321640245106337e-01	6.939321640245106337e-01	6.939321640245106337e-01	6.939321640245106337e-01	6.939321640245106337e-01	6.939321640245106337e-01	6.939321640245106337e-01	6.939321640245106337e-01	6.197083940421670434e-01	6.205781180580800527e-01	6.939321640245106337e-01	6.939321640245106337e-01	6.939321640245106337e-01	6.939321640245106337e-01	6.939321640245106337e-01	7.156552545557050005e-01	7.760867399720899895e-01	6.939321640245106337e-01	6.939321640245106337e-01	6.939321640245106337e-01	6.939321640245106337e-01	6.391148012052290106e-01	6.939321640245106337e-01	6.939321640245106337e-01	6.939321640245106337e-01	6.939321640245106337e-01	6.939321640245106337e-01	6.939321640245106337e-01	7.159337432335439733e-01	6.939321640245106337e-01	6.939321640245106337e-01	6.939321640245106337e-01	6.939321640245106337e-01	7.875866611092540159e-01	6.939321640245106337e-01	6.939321640245106337e-01	7.974195207997699653e-01	7.848072176295609603e-01	6.939321640245106337e-01	6.939321640245106337e-01
7.627265791359759683e-01	6.939321640245106337e-01	7.614694629099449941e-01	6.939321640245106337e-01	6.939321640245106337e-01	6.939321640245106337e-01	6.939321640245106337e-01	9.999999999999610312e-01	6.939321640245106337e-01	6.939321640245106337e-01	7.280586777077570071e-01	6.939321640245106337e-01	6.939321640245106337e-01	6.939321640245106337e-01	6.939321640245106337e-01	6.939321640245106337e-01	6.939321640245106337e-01	6.939321640245106337e-01	6.939321640245106337e-01	7.197017193806699575e-01	6.939321640245106337e-01	6.939321640245106337e-01	6.939321640245106337e-01	6.939321640245106337e-01	7.768407421811469593e-01	6.939321640245106337e-01	7.021526042592789452e-01	7.984814879672149646e-01	6.939321640245106337e-01	6.939321640245106337e-01	6.939321640245106337e-01	6.939321640245106337e-01	6.939321640245106337e-01	6.939321640245106337e-01	6.939321640245106337e-01	7.171679430200930128e-01	6.939321640245106337e-01	6.939321640245106337e-01	6.450402023052289602e-01	6.939321640245106337e-01	6.163469512458019661e-01	6.939321640245106337e-01	7.381879839695979495e-01	6.939321640245106337e-01	6.939321640245106337e-01	6.939321640245106337e-01	6.939321640245106337e-01	6.939321640245106337e-01	6.939321640245106337e-01	6.939321640245106337e-01	6.939321640245106337e-01	6.939321640245106337e-01	6.516321954883269596e-01	6.939321640245106337e-01	6.457982864741620421e-01	7.306394291178970324e-01	6.939321640245106337e-01	5.778154757582559808e-01	6.372788280817399675e-01	6.939321640245106337e-01	6.939321640245106337e-01	6.544765593069810095e-01	6.939321640245106337e-01	6.939321640245106337e-01	5.896559817225489608e-01	6.939321640245106337e-01	6.939321640245106337e-01	6.939321640245106337e-01	6.939321640245106337e-01	5.804616512051830046e-01	6.136157200929629463e-01	6.939321640245106337e-01	6.939321640245106337e-01	7.266365537940769892e-01	6.939321640245106337e-01	5.651234768294629562e-01	7.727754938988290467e-01	6.939321640245106337e-01	6.939321640245106337e-01	6.939321640245106337e-01	6.939321640245106337e-01	6.939321640245106337e-01	6.939321640245106337e-01	6.939321640245106337e-01	6.939321640245106337e-01	6.939321640245106337e-01	6.939321640245106337e-01	6.939321640245106337e-01	6.939321640245106337e-01	6.939321640245106337e-01	6.842139073449230446e-01	6.939321640245106337e-01	6.939321640245106337e-01	6.939321640245106337e-01	6.939321640245106337e-01	7.305645204307480434e-01	6.939321640245106337e-01	5.620368044888689463e-01	6.939321640245106337e-01	6.939321640245106337e-01	6.939321640245106337e-01	6.060356604787799917e-01	5.788515178891310287e-01	6.939321640245106337e-01	5.816380623500230218e-01	6.114073959034189709e-01	6.939321640245106337e-01	6.939321640245106337e-01	6.939321640245106337e-01	6.939321640245106337e-01	7.194158053795239871e-01	6.939321640245106337e-01	6.940516085714729666e-01	6.939321640245106337e-01	7.280204197791400045e-01	7.599031433582630335e-01	6.939321640245106337e-01	6.939321640245106337e-01	7.616728978062520250e-01	6.939321640245106337e-01	7.581153616513960358e-01	7.656456929880399720e-01	6.939321640245106337e-01	6.939321640245106337e-01
6.939321640245106337e-01	6.939321640245106337e-01	6.939321640245106337e-01	6.939321640245106337e-01	6.939321640245106337e-01	6.939321640245106337e-01	6.939321640245106337e-01	6.939321640245106337e-01	1.000000000000129896e+00	7.108882774124509751e-01	7.048803365377800390e-01	6.501090204039750020e-01	6.939321640245106337e-01	6.939321640245106337e-01	6.939321640245106337e-01	6.939321640245106337e-01	7.415554263954120540e-01	6.939321640245106337e-01	6.876611852217050513e-01	6.947504988152140015e-01	6.939321640245106337e-01	6.939321640245106337e-01	6.939321640245106337e-01	6.939321640245106337e-01	6.939321640245106337e-01	7.802275523988769779e-01	7.078982391677040020e-01	6.939321640245106337e-01	4.834026200638369963e-01	7.236652421793710044e-01	6.939321640245106337e-01	6.939321640245106337e-01	6.939321640245106337e-01	6.939321640245106337e-01	6.939321640245106337e-01	6.939321640245106337e-01	6.939321640245106337e-01	6.939321640245106337e-01	6.939321640245106337e-01	6.669834950492260495e-01	6.810654445172740212e-01	6.939321640245106337e-01	6.939321640245106337e-01	6.939321640245106337e-01	7.758808313372990151e-01	6.939321640245106337e-01	6.939321640245106337e-01	6.939321640245106337e-01	6.939321640245106337e-01	6.939321640245106337e-01	6.939321640245106337e-01	6.939321640245106337e-01	6.800572468414129990e-01	6.939321640245106337e-01	6.939321640245106337e-01	6.939321640245106337e-01	6.939321640245106337e-01	6.939321640245106337e-01	6.786210377428270046e-01	6.939321640245106337e-01	6.716016635903879761e-01	6.830971577228569513e-01	6.939321640245106337e-01	6.939321640245106337e-01	6.939321640245106337e-01	6.939321640245106337e-01	6.939321640245106337e-01	6.939321640245106337e-01	6.939321640245106337e-01	6.441340697564289508e-01	6.939321640245106337e-01	6.608192552094429573e-01	6.939321640245106337e-01	6.939321640245106337e-01	7.459132460572369672e-01	5.575829886606710195e-01	7.764668501566149850e-01	6.939321640245106337e-01	6.939321640245106337e-01	7.205679999413110437e-01	6.939321640245106337e-01	6.939321640245106337e-01	6.310819877954220170e-01	6.939321640245106337e-01	6.939321640245106337e-01	6.939321640245106337e-01	6.984694324064329995e-01	6.939321640245106337e-01	6.939321640245106337e-01	6.939321640245106337e-01	6.869663039520109704e-01	6.939321640245106337e-01	6.939321640245106337e-01	6.228954714957399830e-01	6.939321640245106337e-01	6.939321640245106337e-01	6.939321640245106337e-01	6.939321640245106337e-01	6.939321640245106337e-01	6.890793863315870516e-01	6.939321640245106337e-01	6.939321640245106337e-01	6.939321640245106337e-01	6.939321640245106337e-01	6.939321640245106337e-01	6.939321640245106337e-01	6.939321640245106337e-01	7.649892979041239549e-01	6.939321640245106337e-01	6.939321640245106337e-01	6.939321640245106337e-01	6.939321640245106337e-01	6.939321640245106337e-01	7.045201449106399672e-01	7.435984497543459693e-01	7.725783476136910410e-01	6.939321640245106337e-01	7.749731383045259658e-01	7.827299021139469959e-01	6.939321640245106337e-01	6.939321640245106337e-01	6.939321640245106337e-01	6.939321640245106337e-01	6.939321640245106337e-01
6.939321640245106337e-01	6.939321640245106337e-01	6.939321640245106337e-01	7.262104973368059824e-01	7.787956233666749606e-01	6.939321640245106337e-01	6.939321640245106337e-01	6.939321640245106337e-01	7.108882774124509751e-01	1.000000000000069944e+00	6.939321640245106337e-01	6.939321640245106337e-01	6.939321640245106337e-01	6.939321640245106337e-01	6.939321640245106337e-01	7.043916401098679891e-01	6.939321640245106337e-01	6.939321640245106337e-01	6.939321640245106337e-01	6.939321640245106337e-01	6.669252882462559651e-01	6.939321640245106337e-01	6.939321640245106337e-01	7.231776445234360251e-01	6.939321640245106337e-01	8.068215683120369963e-01	6.939321640245106337e-01	6.939321640245106337e-01	6.939321640245106337e-01	6.087873770162139930e-01	6.939321640245106337e-01	6.481300124120179529e-01	6.939321640245106337e-01	6.939321640245106337e-01	6.939321640245106337e-01	6.939321640245106337e-01	6.755196428390279895e-01	6.939321640245106337e-01	6.939321640245106337e-01	6.939321640245106337e-01	6.939321640245106337e-01	6.939321640245106337e-01	6.926423660475270472e-01	6.310130744841779826e-01	7.037129453056399919e-01	6.280680756981019686e-01	6.343573860052580393e-01	6.337607992335909657e-01	6.939321640245106337e-01	7.493601016802099446e-01	6.939321640245106337e-01	6.959351484901830087e-01	7.153827719433200061e-01	6.939321640245106337e-01	6.526674148398490249e-01	6.939321640245106337e-01	6.939321640245106337e-01	6.749784658864099729e-01	6.939321640245106337e-01	6.163013404078699908e-01	6.939321640245106337e-01	6.939321640245106337e-01	6.939321640245106337e-01	6.280579013027159929e-01	6.939321640245106337e-01	6.939321640245106337e-01	6.939321640245106337e-01	6.939321640245106337e-01	6.797149468553510543e-01	5.573356288738480213e-01	6.939321640245106337e-01	6.014815033530449551e-01	6.818279802642479570e-01	6.939321640245106337e-01	6.939321640245106337e-01	6.939321640245106337e-01	6.939321640245106337e-01	6.939321640245106337e-01	6.939321640245106337e-01	6.939321640245106337e-01	6.939321640245106337e-01	6.434287857663799626e-01	6.939321640245106337e-01	6.334688799048220353e-01	6.939321640245106337e-01	6.939321640245106337e-01	7.188435555183420034e-01	7.458790965276870244e-01	6.939321640245106337e-01	6.939321640245106337e-01	6.939321640245106337e-01	6.939321640245106337e-01	6.939321640245106337e-01	6.267779289461400394e-01	6.939321640245106337e-01	6.939321640245106337e-01	6.939321640245106337e-01	6.473151931520140234e-01	6.939321640245106337e-01	6.939321640245106337e-01	6.939321640245106337e-01	6.939321640245106337e-01	6.014293586455109475e-01	6.939321640245106337e-01	6.939321640245106337e-01	6.939321640245106337e-01	6.939321640245106337e-01	6.751251647621759888e-01	6.939321640245106337e-01	6.450529651875299697e-01	6.939321640245106337e-01	6.984051378344859895e-01	6.814370444109889569e-01	7.337169446590630084e-01	6.939321640245106337e-01	6.939321640245106337e-01	7.372206898163210509e-01	6.939321640245106337e-01	6.939321640245106337e-01	6.939321640245106337e-01	6.939321640245106337e-01	6.939321640245106337e-01	6.939321640245106337e-01	6.939321640245106337e-01
6.939321640245106337e-01	7.499100779699819919e-01	6.939321640245106337e-01	7.452757556154859797e-01	6.939321640245106337e-01	6.766704655714459449e-01	6.939321640245106337e-01	7.280586777077570071e-01	7.048803365377800390e-01	6.939321640245106337e-01	9.999999999999910072e-01	6.939321640245106337e-01	6.939321640245106337e-01	6.465669055885689964e-01	6.939321640245106337e-01	6.939321640245106337e-01	5.828530976896290072e-01	6.939321640245106337e-01	6.939321640245106337e-01	6.939321640245106337e-01	6.939321640245106337e-01	6.939321640245106337e-01	7.606458635186059691e-01	6.939321640245106337e-01	6.939321640245106337e-01	6.939321640245106337e-01	6.939321640245106337e-01	6.939321640245106337e-01	6.939321640245106337e-01	6.015826255227200159e-01	6.939321640245106337e-01	6.939321640245106337e-01	6.847523792695789924e-01	6.939321640245106337e-01	6.172868625902609985e-01	6.939321640245106337e-01	6.542759240784640218e-01	6.939321640245106337e-01	6.939321640245106337e-01	6.939321640245106337e-01	6.939321640245106337e-01	6.939321640245106337e-01	6.837927874540640216e-01	6.369379104199860420e-01	6.939321640245106337e-01	6.939321640245106337e-01	6.147193442762509674e-01	6.939321640245106337e-01	6.939321640245106337e-01	6.939321640245106337e-01	6.939321640245106337e-01	6.939321640245106337e-01	6.939321640245106337e-01	6.939321640245106337e-01	6.939321640245106337e-01	6.939321640245106337e-01	6.939321640245106337e-01	6.939321640245106337e-01	6.430643544561800429e-01	6.939321640245106337e-01	7.658353941595089642e-01	6.939321640245106337e-01	7.739481406082989734e-01	6.133152275031299450e-01	5.612338123111599852e-01	6.939321640245106337e-01	6.939321640245106337e-01	6.697261147257850267e-01	6.939321640245106337e-01	5.409198678625599666e-01	6.939321640245106337e-01	6.939321640245106337e-01	7.055858355971680318e-01	6.939321640245106337e-01	6.939321640245106337e-01	6.690541800993939914e-01	6.939321640245106337e-01	6.939321640245106337e-01	6.939321640245106337e-01	7.091204940035970017e-01	6.939321640245106337e-01	6.939321640245106337e-01	6.181247017224219542e-01	6.939321640245106337e-01	6.939321640245106337e-01	6.939321640245106337e-01	6.810402794121039882e-01	6.939321640245106337e-01	6.939321640245106337e-01	6.939321640245106337e-01	7.458268965652280480e-01	6.939321640245106337e-01	6.939321640245106337e-01	6.939321640245106337e-01	6.939321640245106337e-01	6.939321640245106337e-01	6.939321640245106337e-01	6.939321640245106337e-01	6.939321640245106337e-01	6.939321640245106337e-01	6.939321640245106337e-01	5.801133294386620065e-01	5.887229637794769710e-01	6.939321640245106337e-01	6.939321640245106337e-01	6.939321640245106337e-01	6.939321640245106337e-01	6.529278675973230195e-01	6.939321640245106337e-01	6.270850817723510051e-01	6.939321640245106337e-01	6.939321640245106337e-01	6.939321640245106337e-01	6.939321640245106337e-01	6.939321640245106337e-01	6.939321640245106337e-01	6.939321640245106337e-01	6.939321640245106337e-01	7.566395996126999979e-01	7.447453086202210359e-01	6.939321640245106337e-01	6.939321640245106337e-01	6.939321640245106337e-01	6.939321640245106337e-01
6.939321640245106337e-01	7.055758206698360402e-01	6.939321640245106337e-01	7.023644559834839596e-01	6.939321640245106337e-01	6.939321640245106337e-01	6.939321640245106337e-01	6.939321640245106337e-01	6.501090204039750020e-01	6.939321640245106337e-01	6.939321640245106337e-01	1.000000000000039968e+00	6.939321640245106337e-01	6.939321640245106337e-01	6.939321640245106337e-01	6.939321640245106337e-01	5.354432534055579840e-01	6.403516856582219807e-01	6.708573263868929937e-01	6.939321640245106337e-01	6.939321640245106337e-01	6.845490040702459922e-01	6.939321640245106337e-01	6.939321640245106337e-01	6.986946491951659954e-01	6.939321640245106337e-01	6.939321640245106337e-01	7.177800141177640425e-01	6.939321640245106337e-01	6.939321640245106337e-01	6.690490614020000448e-01	6.939321640245106337e-01	6.939321640245106337e-01	7.141488370987599810e-01	5.889400021681570063e-01	6.939321640245106337e-01	6.939321640245106337e-01	7.393283548759279622e-01	6.939321640245106337e-01	6.939321640245106337e-01	6.939321640245106337e-01	6.939321640245106337e-01	6.231447240691549982e-01	6.939321640245106337e-01	6.939321640245106337e-01	5.971961805865539930e-01	6.939321640245106337e-01	6.939321640245106337e-01	6.926321302562009619e-01	6.939321640245106337e-01	6.939321640245106337e-01	6.939321640245106337e-01	6.939321640245106337e-01	5.741670156866159891e-01	6.939321640245106337e-01	6.939321640245106337e-01	6.393465305398580156e-01	6.939321640245106337e-01	6.939321640245106337e-01	6.939321640245106337e-01	6.939321640245106337e-01	6.579013970966000047e-01	6.939321640245106337e-01	6.939321640245106337e-01	6.939321640245106337e-01	6.939321640245106337e-01	6.165953121903250400e-01	6.939321640245106337e-01	6.939321640245106337e-01	6.939321640245106337e-01	6.939321640245106337e-01	6.939321640245106337e-01	6.939321640245106337e-01	6.939321640245106337e-01	6.939321640245106337e-01	6.939321640245106337e-01	7.716681485585169531e-01	6.939321640245106337e-01	6.501192223609030263e-01	6.939321640245106337e-01	6.939321640245106337e-01	6.939321640245106337e-01	6.939321640245106337e-01	6.939321640245106337e-01	6.939321640245106337e-01	6.939321640245106337e-01	6.939321640245106337e-01	6.939321640245106337e-01	7.360462408348370511e-01	6.939321640245106337e-01	6.939321640245106337e-01	6.367979338899799613e-01	6.939321640245106337e-01	6.939321640245106337e-01	6.326686602792209735e-01	6.939321640245106337e-01	6.939321640245106337e-01	6.939321640245106337e-01	6.939321640245106337e-01	7.048160106095779920e-01	6.939321640245106337e-01	6.939321640245106337e-01	5.694912797833560081e-01	6.939321640245106337e-01	5.250910740354910455e-01	6.159678242189210451e-01	7.311750305174919973e-01	6.939321640245106337e-01	6.939321640245106337e-01	6.939321640245106337e-01	6.939321640245106337e-01	6.939321640245106337e-01	6.939321640245106337e-01	6.939321640245106337e-01	6.939321640245106337e-01	7.164375744104319876e-01	6.939321640245106337e-01	6.939321640245106337e-01	6.939321640245106337e-01	6.939321640245106337e-01	6.939321640245106337e-01	8.087338929802959653e-01	7.523093356949930310e-01	6.939321640245106337e-01
