9.999999999999990008e-01	6.591214494896210363e-01	6.591214494896210363e-01	6.591214494896210363e-01	6.591214494896210363e-01	6.591214494896210363e-01	6.591214494896210363e-01	7.306343756215379903e-01	6.591214494896210363e-01	7.419615855320319531e-01	7.046713584866479696e-01	6.591214494896210363e-01	6.905599616143059949e-01	6.591214494896210363e-01	6.591214494896210363e-01	7.071865145681509590e-01	6.591214494896210363e-01	6.263558824545140125e-01	6.591214494896210363e-01	6.591214494896210363e-01	6.591214494896210363e-01	6.591214494896210363e-01	6.591214494896210363e-01	6.591214494896210363e-01	6.591214494896210363e-01	6.591214494896210363e-01	6.591214494896210363e-01	6.591214494896210363e-01	6.879654178523370023e-01	6.591214494896210363e-01	6.591214494896210363e-01	6.668676055993709717e-01	6.591214494896210363e-01	6.591214494896210363e-01	6.591214494896210363e-01	6.803332210989609941e-01	6.591214494896210363e-01	6.591214494896210363e-01	6.591214494896210363e-01	6.591214494896210363e-01	6.591214494896210363e-01	6.591214494896210363e-01	6.591214494896210363e-01	6.591214494896210363e-01	6.591214494896210363e-01	6.591214494896210363e-01	6.591214494896210363e-01	6.591214494896210363e-01	7.072476572699349928e-01	7.020459047520589690e-01	7.334082658689999867e-01	6.571006687993260487e-01	6.591214494896210363e-01	6.591214494896210363e-01	6.591214494896210363e-01	6.507410308480440220e-01	6.867311505150589523e-01	6.611020135843580503e-01	6.591214494896210363e-01	6.591214494896210363e-01	6.591214494896210363e-01	6.591214494896210363e-01	7.310091115134460527e-01	6.591214494896210363e-01	6.591214494896210363e-01	6.591214494896210363e-01	6.591214494896210363e-01	6.591214494896210363e-01	6.561684098866239490e-01	6.670517123503379997e-01	6.591214494896210363e-01	6.591214494896210363e-01	6.591214494896210363e-01	6.591214494896210363e-01	6.336728190860849708e-01	6.591214494896210363e-01	6.591214494896210363e-01	6.591214494896210363e-01	6.591214494896210363e-01	6.591214494896210363e-01	6.856848558094790214e-01	6.833157825898730220e-01	6.591214494896210363e-01	6.591214494896210363e-01	6.858735039836889591e-01	6.591214494896210363e-01	6.591214494896210363e-01	6.591214494896210363e-01	8.287794425176689961e-01	6.591214494896210363e-01	6.591214494896210363e-01	6.591214494896210363e-01	6.139504167381379940e-01	6.229523559549490219e-01	6.591214494896210363e-01	6.591214494896210363e-01	6.591214494896210363e-01	6.591214494896210363e-01	6.591214494896210363e-01	6.591214494896210363e-01	6.257169764169759896e-01	6.591214494896210363e-01	6.591214494896210363e-01	6.295389098902830494e-01	6.591214494896210363e-01	6.444839234428260122e-01	6.536394963548900483e-01	6.591214494896210363e-01	6.591214494896210363e-01	6.591214494896210363e-01	7.109968958296779551e-01	6.591214494896210363e-01	6.591214494896210363e-01	6.591214494896210363e-01	7.001626338518710524e-01	6.591214494896210363e-01	7.986579804370510516e-01	6.591214494896210363e-01	6.591214494896210363e-01	6.591214494896210363e-01	6.591214494896210363e-01	6.591214494896210363e-01	7.533145253528840124e-01	6.591214494896210363e-01
6.591214494896210363e-01	1.000000000000000000e+00	6.591214494896210363e-01	6.591214494896210363e-01	6.591214494896210363e-01	6.591214494896210363e-01	6.591214494896210363e-01	7.079789994423579813e-01	7.093046854009249502e-01	7.144139589593729855e-01	6.591214494896210363e-01	6.986344230269589950e-01	6.591214494896210363e-01	6.591214494896210363e-01	6.591214494896210363e-01	6.591214494896210363e-01	6.591214494896210363e-01	6.135467990362040158e-01	6.591214494896210363e-01	6.591214494896210363e-01	6.591214494896210363e-01	6.591214494896210363e-01	6.591214494896210363e-01	6.942700323021480102e-01	6.591214494896210363e-01	6.591214494896210363e-01	6.591214494896210363e-01	6.591214494896210363e-01	6.591214494896210363e-01	6.591214494896210363e-01	6.591214494896210363e-01	6.591214494896210363e-01	6.425235106858500078e-01	6.591214494896210363e-01	6.591214494896210363e-01	6.591214494896210363e-01	6.591214494896210363e-01	6.591214494896210363e-01	6.591214494896210363e-01	6.591214494896210363e-01	6.591214494896210363e-01	6.457768178814039528e-01	6.591214494896210363e-01	6.591214494896210363e-01	6.591214494896210363e-01	6.591214494896210363e-01	6.502122548840180150e-01	6.591214494896210363e-01	6.591214494896210363e-01	6.591214494896210363e-01	6.984987615408070338e-01	6.591214494896210363e-01	6.591214494896210363e-01	6.591214494896210363e-01	6.591214494896210363e-01	6.591214494896210363e-01	6.591214494896210363e-01	6.591214494896210363e-01	6.591214494896210363e-01	6.591214494896210363e-01	6.783030988835999642e-01	6.630675057962159835e-01	6.591214494896210363e-01	6.591214494896210363e-01	6.591214494896210363e-01	6.591214494896210363e-01	6.559262474115860053e-01	6.591214494896210363e-01	6.591214494896210363e-01	6.591214494896210363e-01	6.591214494896210363e-01	6.591214494896210363e-01	6.591214494896210363e-01	6.773484094394079946e-01	6.591214494896210363e-01	6.591214494896210363e-01	6.591214494896210363e-01	6.591214494896210363e-01	6.531387786620680425e-01	6.591214494896210363e-01	6.591214494896210363e-01	6.591214494896210363e-01	6.591214494896210363e-01	6.591214494896210363e-01	6.591214494896210363e-01	6.591214494896210363e-01	6.591214494896210363e-01	6.591214494896210363e-01	6.591214494896210363e-01	6.591214494896210363e-01	6.911460409122029969e-01	6.591214494896210363e-01	6.347909244586169564e-01	6.591214494896210363e-01	6.591214494896210363e-01	6.591214494896210363e-01	6.591214494896210363e-01	6.591214494896210363e-01	6.405191224369399805e-01	6.591214494896210363e-01	6.474366927288930373e-01	6.591214494896210363e-01	6.591214494896210363e-01	6.591214494896210363e-01	6.591214494896210363e-01	6.469297770072589548e-01	6.496124115728979520e-01	6.382647036597129953e-01	6.432327367637159510e-01	6.395078367228710370e-01	6.591214494896210363e-01	6.591214494896210363e-01	6.591214494896210363e-01	6.591214494896210363e-01	6.798193194322279531e-01	6.591214494896210363e-01	6.591214494896210363e-01	6.591214494896210363e-01	6.591214494896210363e-01	6.591214494896210363e-01	6.591214494896210363e-01	7.156130769185079510e-01	7.134401588683080275e-01	6.591214494896210363e-01
6.591214494896210363e-01	6.591214494896210363e-01	1.000000000000000000e+00	6.591214494896210363e-01	6.792024724294729587e-01	6.591214494896210363e-01	6.591214494896210363e-01	7.045593729185589682e-01	6.591214494896210363e-01	6.591214494896210363e-01	6.591214494896210363e-01	6.797318614824020555e-01	6.591214494896210363e-01	6.591214494896210363e-01	6.689479038981770431e-01	6.938947387911700293e-01	6.474195350575330243e-01	6.591214494896210363e-01	6.591214494896210363e-01	6.591214494896210363e-01	6.409165037922189834e-01	6.591214494896210363e-01	6.932344711763209766e-01	6.591214494896210363e-01	6.591214494896210363e-01	6.857817747895129656e-01	6.757982570334479799e-01	6.591214494896210363e-01	6.591214494896210363e-01	6.591214494896210363e-01	6.591214494896210363e-01	6.591214494896210363e-01	6.591214494896210363e-01	7.282900092489520416e-01	6.591214494896210363e-01	6.591214494896210363e-01	6.591214494896210363e-01	6.836640155841250399e-01	6.591214494896210363e-01	6.591214494896210363e-01	6.591214494896210363e-01	6.591214494896210363e-01	6.808745411190030294e-01	6.591214494896210363e-01	6.357697172156570042e-01	6.591214494896210363e-01	6.591214494896210363e-01	6.591214494896210363e-01	7.064822320056529659e-01	6.981447363304720266e-01	6.591214494896210363e-01	6.591214494896210363e-01	6.591214494896210363e-01	6.323385960905260061e-01	6.591214494896210363e-01	6.595788773509639880e-01	6.591214494896210363e-01	6.431487293420850015e-01	6.544398889702589539e-01	6.591214494896210363e-01	6.591214494896210363e-01	6.591214494896210363e-01	6.591214494896210363e-01	6.591214494896210363e-01	6.591214494896210363e-01	6.591214494896210363e-01	6.591214494896210363e-01	6.591214494896210363e-01	6.591214494896210363e-01	6.562703174651479676e-01	6.591214494896210363e-01	6.773799602594600122e-01	6.591214494896210363e-01	6.989572779258580448e-01	6.591214494896210363e-01	6.591214494896210363e-01	6.591214494896210363e-01	6.348449716158990341e-01	6.679350477505999750e-01	6.591214494896210363e-01	6.570116543399969755e-01	6.591214494896210363e-01	6.591214494896210363e-01	6.591214494896210363e-01	6.591214494896210363e-01	6.591214494896210363e-01	6.591214494896210363e-01	6.668560159428880141e-01	6.591214494896210363e-01	6.591214494896210363e-01	6.591214494896210363e-01	6.265345454497249778e-01	6.133586615348499693e-01	6.591214494896210363e-01	5.884561882514910414e-01	6.277267035789360072e-01	6.625181202965469973e-01	6.591214494896210363e-01	6.591214494896210363e-01	6.591214494896210363e-01	6.591214494896210363e-01	6.591214494896210363e-01	6.331332639795389516e-01	6.246997675346940282e-01	6.591214494896210363e-01	6.591214494896210363e-01	6.591214494896210363e-01	6.567394657281580006e-01	6.591214494896210363e-01	6.591214494896210363e-01	6.591214494896210363e-01	6.591214494896210363e-01	6.584805580710340056e-01	7.016320105051819800e-01	7.062537425760160303e-01	6.591214494896210363e-01	7.623677466053859764e-01	8.044083587664979662e-01	6.591214494896210363e-01	6.948849001597759978e-01	6.591214494896210363e-01	7.117660048815750429e-01	6.591214494896210363e-01	7.106795882554800547e-01
6.591214494896210363e-01	6.591214494896210363e-01	6.591214494896210363e-01	9.999999999999980016e-01	6.591214494896210363e-01	6.591214494896210363e-01	6.026949621474619878e-01	6.591214494896210363e-01	6.591214494896210363e-01	6.267136264620549735e-01	6.591214494896210363e-01	6.591214494896210363e-01	6.591214494896210363e-01	6.724238694464429456e-01	6.591214494896210363e-01	6.591214494896210363e-01	6.550020403343299602e-01	6.591214494896210363e-01	6.591214494896210363e-01	6.591214494896210363e-01	6.591214494896210363e-01	6.591214494896210363e-01	6.591214494896210363e-01	6.793941103948699656e-01	6.591214494896210363e-01	6.591214494896210363e-01	6.591214494896210363e-01	6.591214494896210363e-01	6.591214494896210363e-01	6.591214494896210363e-01	6.591214494896210363e-01	6.591214494896210363e-01	6.376791258453780031e-01	6.591214494896210363e-01	6.562434482561260163e-01	6.591214494896210363e-01	6.775610912422039833e-01	6.236696936247539957e-01	6.591214494896210363e-01	6.591214494896210363e-01	6.591214494896210363e-01	5.950903726010390304e-01	6.591214494896210363e-01	6.591214494896210363e-01	6.591214494896210363e-01	6.591214494896210363e-01	6.591214494896210363e-01	6.591214494896210363e-01	6.591214494896210363e-01	6.591214494896210363e-01	6.591214494896210363e-01	6.591214494896210363e-01	6.591214494896210363e-01	6.591214494896210363e-01	6.591214494896210363e-01	6.408556716808040399e-01	6.527409360685030304e-01	6.591214494896210363e-01	6.296647439351700237e-01	6.046664640461290041e-01	6.591214494896210363e-01	6.591214494896210363e-01	5.943146441960299731e-01	6.591214494896210363e-01	6.591214494896210363e-01	6.719988324807889546e-01	6.591214494896210363e-01	6.591214494896210363e-01	6.591214494896210363e-01	6.591214494896210363e-01	6.591214494896210363e-01	6.226267641137620545e-01	6.105226373676949647e-01	6.504364107687049534e-01	6.591214494896210363e-01	6.591214494896210363e-01	6.325153316352869481e-01	6.503753297007860423e-01	6.591214494896210363e-01	6.591214494896210363e-01	6.591214494896210363e-01	5.698061725565359836e-01	6.591214494896210363e-01	6.591214494896210363e-01	6.262043055375560163e-01	6.591214494896210363e-01	6.454443389916759699e-01	6.313434062541100067e-01	6.591214494896210363e-01	6.591214494896210363e-01	6.591214494896210363e-01	6.591214494896210363e-01	6.074331936022989709e-01	6.591214494896210363e-01	5.714523486875680014e-01	6.591214494896210363e-01	6.591214494896210363e-01	6.591214494896210363e-01	6.591214494896210363e-01	6.591214494896210363e-01	6.591214494896210363e-01	6.126202950429150418e-01	6.591214494896210363e-01	6.591214494896210363e-01	6.591214494896210363e-01	6.591214494896210363e-01	6.591214494896210363e-01	6.591214494896210363e-01	6.591214494896210363e-01	6.591214494896210363e-01	6.488060749345699874e-01	6.591214494896210363e-01	6.591214494896210363e-01	6.590949422466400032e-01	6.591214494896210363e-01	6.591214494896210363e-01	6.561336024794940380e-01	6.591214494896210363e-01	6.591214494896210363e-01	6.591214494896210363e-01	6.591214494896210363e-01	6.302221876670049960e-01	6.591214494896210363e-01	6.591214494896210363e-01
6.591214494896210363e-01	6.591214494896210363e-01	6.792024724294729587e-01	6.591214494896210363e-01	9.999999999999980016e-01	6.591214494896210363e-01	7.772437840436650092e-01	6.591214494896210363e-01	6.591214494896210363e-01	7.152173251115210295e-01	7.207449645972660024e-01	6.591214494896210363e-01	6.591214494896210363e-01	6.487306730161159773e-01	6.591214494896210363e-01	6.594066061730530226e-01	6.591214494896210363e-01	5.907938704696550358e-01	6.591214494896210363e-01	6.591214494896210363e-01	6.591214494896210363e-01	6.591214494896210363e-01	6.591214494896210363e-01	6.315592759110959520e-01	6.591214494896210363e-01	6.591214494896210363e-01	6.591214494896210363e-01	6.591214494896210363e-01	6.213821606883179749e-01	6.535882984578450516e-01	6.591214494896210363e-01	6.591214494896210363e-01	5.833602670906830046e-01	6.591214494896210363e-01	6.591214494896210363e-01	6.591214494896210363e-01	6.591214494896210363e-01	6.591214494896210363e-01	6.591214494896210363e-01	6.591214494896210363e-01	6.591214494896210363e-01	7.146024539756480332e-01	7.111280564395620063e-01	6.591214494896210363e-01	6.591214494896210363e-01	6.591214494896210363e-01	6.591214494896210363e-01	6.848459808341430533e-01	6.575555157811010520e-01	6.591214494896210363e-01	6.591214494896210363e-01	6.591214494896210363e-01	6.591214494896210363e-01	6.570025153545170360e-01	6.591214494896210363e-01	6.591214494896210363e-01	6.591214494896210363e-01	6.082940405378030047e-01	6.215523670683410495e-01	6.591214494896210363e-01	6.591214494896210363e-01	6.591214494896210363e-01	7.006327965576759631e-01	6.591214494896210363e-01	5.991123699385010326e-01	6.591214494896210363e-01	6.170090006972099861e-01	6.591214494896210363e-01	6.591214494896210363e-01	6.848590559273940448e-01	6.687449642682470330e-01	6.822677107573500432e-01	6.364005666132439565e-01	6.424412162890760225e-01	6.591214494896210363e-01	6.591214494896210363e-01	6.591214494896210363e-01	6.591214494896210363e-01	6.591214494896210363e-01	6.591214494896210363e-01	6.591214494896210363e-01	6.591214494896210363e-01	6.591214494896210363e-01	6.591214494896210363e-01	6.591214494896210363e-01	6.591214494896210363e-01	6.591214494896210363e-01	6.593636300705220110e-01	6.591214494896210363e-01	6.421823155578220144e-01	6.914489450348120236e-01	6.591214494896210363e-01	6.250798733952369624e-01	6.591214494896210363e-01	6.591214494896210363e-01	6.591214494896210363e-01	6.591214494896210363e-01	6.607359084921089476e-01	6.591214494896210363e-01	7.045569471735769751e-01	7.181462750795769567e-01	6.591214494896210363e-01	6.591214494896210363e-01	6.591214494896210363e-01	6.859461341345800545e-01	6.591214494896210363e-01	6.591214494896210363e-01	6.591214494896210363e-01	6.591214494896210363e-01	6.069899195353489763e-01	6.250624967675469934e-01	6.555578891561469890e-01	6.591214494896210363e-01	6.591214494896210363e-01	6.591214494896210363e-01	6.591214494896210363e-01	6.591214494896210363e-01	6.591214494896210363e-01	7.086560501622419794e-01	6.784200545508789482e-01	6.591214494896210363e-01	7.101591966961610103e-01	6.591214494896210363e-01	6.591214494896210363e-01
6.591214494896210363e-01	6.591214494896210363e-01	6.591214494896210363e-01	6.591214494896210363e-01	6.591214494896210363e-01	9.999999999999980016e-01	6.822719357503550519e-01	6.591214494896210363e-01	6.591214494896210363e-01	6.591214494896210363e-01	6.591214494896210363e-01	7.220451840098359719e-01	7.088977543645720303e-01	6.591214494896210363e-01	6.357503805118059903e-01	6.591214494896210363e-01	6.591214494896210363e-01	6.591214494896210363e-01	6.591214494896210363e-01	6.591214494896210363e-01	6.591214494896210363e-01	6.216519262296880122e-01	6.591214494896210363e-01	6.591214494896210363e-01	6.591214494896210363e-01	6.778564823477060131e-01	5.870663439458360111e-01	6.591214494896210363e-01	6.591214494896210363e-01	6.398753188539350045e-01	6.591214494896210363e-01	6.137652581458500345e-01	6.591214494896210363e-01	6.591214494896210363e-01	6.591214494896210363e-01	6.104708628213389998e-01	6.221586034869439619e-01	6.591214494896210363e-01	6.591214494896210363e-01	6.591214494896210363e-01	6.591214494896210363e-01	6.591214494896210363e-01	6.846608032981359448e-01	6.677496113327999749e-01	6.591214494896210363e-01	6.591214494896210363e-01	6.591214494896210363e-01	6.591214494896210363e-01	6.591214494896210363e-01	6.591214494896210363e-01	6.644676326700440505e-01	6.591214494896210363e-01	6.591214494896210363e-01	6.591214494896210363e-01	6.662943430355799945e-01	6.591214494896210363e-01	6.591214494896210363e-01	5.878989947545479877e-01	6.591214494896210363e-01	6.591214494896210363e-01	6.760270594467290284e-01	6.591214494896210363e-01	6.327545736967780110e-01	6.405817775721980301e-01	5.882051211709610206e-01	6.945677735542149511e-01	6.591214494896210363e-01	6.591214494896210363e-01	6.591214494896210363e-01	6.591214494896210363e-01	6.591214494896210363e-01	6.591214494896210363e-01	6.157458263581869762e-01	6.594001860981080210e-01	6.486175741314960108e-01	6.758393811978230525e-01	6.591214494896210363e-01	6.591214494896210363e-01	6.591214494896210363e-01	6.591214494896210363e-01	6.832617718801220486e-01	6.591214494896210363e-01	6.591214494896210363e-01	6.591214494896210363e-01	6.591214494896210363e-01	6.635461267299850308e-01	6.591214494896210363e-01	6.591214494896210363e-01	6.930596388739780345e-01	6.731981938984540337e-01	6.591214494896210363e-01	6.591214494896210363e-01	6.591214494896210363e-01	6.591214494896210363e-01	6.591214494896210363e-01	6.591214494896210363e-01	6.591214494896210363e-01	6.591214494896210363e-01	6.591214494896210363e-01	7.250456700238669949e-01	6.591214494896210363e-01	6.591214494896210363e-01	6.591214494896210363e-01	5.901384989367619571e-01	6.591214494896210363e-01	6.591214494896210363e-01	7.111830797056259978e-01	6.353681336329629614e-01	5.866551060375589932e-01	6.591214494896210363e-01	6.591214494896210363e-01	6.538950125315440287e-01	6.519570274986740133e-01	6.591214494896210363e-01	6.729784773542090148e-01	6.790986397451289625e-01	6.554021598299499818e-01	6.993037903692520540e-01	6.827659791555690250e-01	6.591214494896210363e-01	6.591214494896210363e-01	6.772760114647830010e-01	6.591214494896210363e-01	6.591214494896210363e-01
6.591214494896210363e-01	6.591214494896210363e-01	6.591214494896210363e-01	6.026949621474619878e-01	7.772437840436650092e-01	6.822719357503550519e-01	9.999999999999990008e-01	6.591214494896210363e-01	6.591214494896210363e-01	6.909741243990970005e-01	6.591214494896210363e-01	6.591214494896210363e-01	6.591214494896210363e-01	6.591214494896210363e-01	6.568788716055009580e-01	6.449950112822809833e-01	6.591214494896210363e-01	6.591214494896210363e-01	6.022856628546690017e-01	7.426135682408430139e-01	6.591214494896210363e-01	6.591214494896210363e-01	7.071678514014839712e-01	6.323515969006440196e-01	6.591214494896210363e-01	7.523199806889879770e-01	6.591214494896210363e-01	6.591214494896210363e-01	6.591214494896210363e-01	6.257202132936989791e-01	6.380103954383929965e-01	6.056458581661570140e-01	6.591214494896210363e-01	6.510247633523910116e-01	6.298424858083729871e-01	6.591214494896210363e-01	6.591214494896210363e-01	6.591214494896210363e-01	6.591214494896210363e-01	6.591214494896210363e-01	6.591214494896210363e-01	6.591214494896210363e-01	7.008294695139599684e-01	6.591214494896210363e-01	6.591214494896210363e-01	6.757952306150140087e-01	6.093126208953250078e-01	6.591214494896210363e-01	6.591214494896210363e-01	6.591214494896210363e-01	6.591214494896210363e-01	6.591214494896210363e-01	6.591214494896210363e-01	6.591214494896210363e-01	6.674338763464969793e-01	6.496023215630649661e-01	6.748821633928530073e-01	6.591214494896210363e-01	6.189577121679510352e-01	6.591214494896210363e-01	6.591214494896210363e-01	6.591214494896210363e-01	7.136993356501839525e-01	6.589756883763140394e-01	6.591214494896210363e-01	6.591214494896210363e-01	6.591214494896210363e-01	6.591214494896210363e-01	6.410371775690989482e-01	6.591214494896210363e-01	6.591214494896210363e-01	6.591214494896210363e-01	6.591214494896210363e-01	6.478218389913590336e-01	6.337358144294390483e-01	6.591214494896210363e-01	6.591214494896210363e-01	6.591214494896210363e-01	6.591214494896210363e-01	6.298362469396220353e-01	6.591214494896210363e-01	6.591214494896210363e-01	6.591214494896210363e-01	6.591214494896210363e-01	6.591214494896210363e-01	6.591214494896210363e-01	6.591214494896210363e-01	6.634036641715550520e-01	6.591214494896210363e-01	6.591214494896210363e-01	6.591214494896210363e-01	6.591214494896210363e-01	6.591214494896210363e-01	6.591214494896210363e-01	6.591214494896210363e-01	6.591214494896210363e-01	6.591214494896210363e-01	6.442253528444239485e-01	6.570062037754600404e-01	6.591214494896210363e-01	6.591214494896210363e-01	6.687040556575399863e-01	6.474594573143590548e-01	6.591214494896210363e-01	6.591214494896210363e-01	6.439791313804640316e-01	6.591214494896210363e-01	6.591214494896210363e-01	6.591214494896210363e-01	5.971709767320869666e-01	6.591214494896210363e-01	6.591214494896210363e-01	6.506193711764599596e-01	6.556269231051670143e-01	6.591214494896210363e-01	7.031681109300189636e-01	6.591214494896210363e-01	6.948641215966450124e-01	6.896600683529390263e-01	6.684136230713569882e-01	6.591214494896210363e-01	6.591214494896210363e-01	6.540420658467279713e-01	6.591214494896210363e-01
7.306343756215379903e-01	7.079789994423579813e-01	7.045593729185589682e-01	6.591214494896210363e-01	6.591214494896210363e-01	6.591214494896210363e-01	6.591214494896210363e-01	1.000000000000000000e+00	7.851903523378339633e-01	6.591214494896210363e-01	6.829559120011360340e-01	6.591214494896210363e-01	6.591214494896210363e-01	6.591214494896210363e-01	6.591214494896210363e-01	6.840982777127320169e-01	6.591214494896210363e-01	6.591214494896210363e-01	6.591214494896210363e-01	6.591214494896210363e-01	6.591214494896210363e-01	6.591214494896210363e-01	6.591214494896210363e-01	6.591214494896210363e-01	6.591214494896210363e-01	6.591214494896210363e-01	6.591214494896210363e-01	6.591214494896210363e-01	6.591214494896210363e-01	6.591214494896210363e-01	6.885811814937400355e-01	6.152120684545729912e-01	6.591214494896210363e-01	6.591214494896210363e-01	6.591214494896210363e-01	6.591214494896210363e-01	6.591214494896210363e-01	6.671760632177119454e-01	6.591214494896210363e-01	6.591214494896210363e-01	6.591214494896210363e-01	6.591214494896210363e-01	6.591214494896210363e-01	6.591214494896210363e-01	5.934143486893249664e-01	6.591214494896210363e-01	6.591214494896210363e-01	6.521509340211160133e-01	6.591214494896210363e-01	6.424318735846570316e-01	6.847269560113939946e-01	6.591214494896210363e-01	6.591214494896210363e-01	6.254289091499199982e-01	6.591214494896210363e-01	6.591214494896210363e-01	6.591214494896210363e-01	6.591214494896210363e-01	6.591214494896210363e-01	6.352129550098549737e-01	6.550895083061899493e-01	6.591214494896210363e-01	6.591214494896210363e-01	6.591214494896210363e-01	6.591214494896210363e-01	6.591214494896210363e-01	6.591214494896210363e-01	6.559350665804709601e-01	6.591214494896210363e-01	6.591214494896210363e-01	6.591214494896210363e-01	6.591214494896210363e-01	6.393902785078879880e-01	6.689095813207199814e-01	6.106104506428839951e-01	6.591214494896210363e-01	7.256635566220469569e-01	6.591214494896210363e-01	6.591214494896210363e-01	6.591214494896210363e-01	6.591214494896210363e-01	6.591214494896210363e-01	6.591214494896210363e-01	6.591214494896210363e-01	6.591214494896210363e-01	6.591214494896210363e-01	6.602471797181179713e-01	6.591214494896210363e-01	6.591214494896210363e-01	6.336543830657880294e-01	6.591214494896210363e-01	6.591214494896210363e-01	6.591214494896210363e-01	6.591214494896210363e-01	6.591214494896210363e-01	6.114223033288329612e-01	6.591214494896210363e-01	6.591214494896210363e-01	6.591214494896210363e-01	6.591214494896210363e-01	6.591214494896210363e-01	6.591214494896210363e-01	6.591214494896210363e-01	6.591214494896210363e-01	6.311645772258900333e-01	6.591214494896210363e-01	6.591214494896210363e-01	6.591214494896210363e-01	6.591214494896210363e-01	6.319579438806719462e-01	6.591214494896210363e-01	6.881951623738049584e-01	6.591214494896210363e-01	6.591214494896210363e-01	6.591214494896210363e-01	7.136812347449249527e-01	6.836763990778009781e-01	6.591214494896210363e-01	7.141650700161360499e-01	6.591214494896210363e-01	6.591214494896210363e-01	6.591214494896210363e-01	6.591214494896210363e-01	6.591214494896210363e-01
6.591214494896210363e-01	7.093046854009249502e-01	6.591214494896210363e-01	6.591214494896210363e-01	6.591214494896210363e-01	6.591214494896210363e-01	6.591214494896210363e-01	7.851903523378339633e-01	1.000000000000000000e+00	7.343528234844830527e-01	6.717711670317250139e-01	6.591214494896210363e-01	6.591214494896210363e-01	6.591214494896210363e-01	6.591214494896210363e-01	6.591214494896210363e-01	6.591214494896210363e-01	6.591214494896210363e-01	6.591214494896210363e-01	6.591214494896210363e-01	6.591214494896210363e-01	6.591214494896210363e-01	7.364280574844539462e-01	6.591214494896210363e-01	6.591214494896210363e-01	6.591214494896210363e-01	6.591214494896210363e-01	6.591214494896210363e-01	6.591214494896210363e-01	6.591214494896210363e-01	6.591214494896210363e-01	6.159930223825089701e-01	6.591214494896210363e-01	6.996850521753269492e-01	6.591214494896210363e-01	6.591214494896210363e-01	6.591214494896210363e-01	6.591214494896210363e-01	6.591214494896210363e-01	6.591214494896210363e-01	6.722109650260910119e-01	6.591214494896210363e-01	6.591214494896210363e-01	6.591214494896210363e-01	6.591214494896210363e-01	6.894470279667600510e-01	6.591214494896210363e-01	6.591214494896210363e-01	6.591214494896210363e-01	6.591214494896210363e-01	6.591214494896210363e-01	6.591214494896210363e-01	6.591214494896210363e-01	6.258566540140479972e-01	6.591214494896210363e-01	6.591214494896210363e-01	6.591214494896210363e-01	6.271442972130659710e-01	6.332534235200859563e-01	6.591214494896210363e-01	6.681775041425800366e-01	6.591214494896210363e-01	6.955073093656950478e-01	6.591214494896210363e-01	6.591214494896210363e-01	6.591214494896210363e-01	6.591214494896210363e-01	6.591214494896210363e-01	6.591214494896210363e-01	6.591214494896210363e-01	6.591214494896210363e-01	6.572959133101109463e-01	6.591214494896210363e-01	6.727214364832160287e-01	6.591214494896210363e-01	6.591214494896210363e-01	6.591214494896210363e-01	6.591214494896210363e-01	6.591214494896210363e-01	6.591214494896210363e-01	6.883971248085279937e-01	6.591214494896210363e-01	6.357267404662150234e-01	6.591214494896210363e-01	6.315533679273720447e-01	6.591214494896210363e-01	6.708441926222039609e-01	6.591214494896210363e-01	6.591214494896210363e-01	6.591214494896210363e-01	6.591214494896210363e-01	6.591214494896210363e-01	5.871733401258499851e-01	6.591214494896210363e-01	6.591214494896210363e-01	6.591214494896210363e-01	6.591214494896210363e-01	6.591214494896210363e-01	6.591214494896210363e-01	6.591214494896210363e-01	6.591214494896210363e-01	6.591214494896210363e-01	6.591214494896210363e-01	6.591214494896210363e-01	6.591214494896210363e-01	6.591214494896210363e-01	6.591214494896210363e-01	6.591214494896210363e-01	6.450295335283050546e-01	6.591214494896210363e-01	6.591214494896210363e-01	6.996293465748160134e-01	6.591214494896210363e-01	6.591214494896210363e-01	6.591214494896210363e-01	6.591214494896210363e-01	6.591214494896210363e-01	6.591214494896210363e-01	6.591214494896210363e-01	6.591214494896210363e-01	6.090135610963139934e-01	6.591214494896210363e-01	6.591214494896210363e-01	7.143846640997649766e-01
7.419615855320319531e-01	7.144139589593729855e-01	6.591214494896210363e-01	6.267136264620549735e-01	7.152173251115210295e-01	6.591214494896210363e-01	6.909741243990970005e-01	6.591214494896210363e-01	7.343528234844830527e-01	1.000000000000000000e+00	6.591214494896210363e-01	6.968772865917159942e-01	6.591214494896210363e-01	6.591214494896210363e-01	6.591214494896210363e-01	6.591214494896210363e-01	6.203342300905539952e-01	5.948779882406159958e-01	6.591214494896210363e-01	6.591214494896210363e-01	6.173468092146210395e-01	6.591214494896210363e-01	6.591214494896210363e-01	6.872121867658510519e-01	6.591214494896210363e-01	6.591214494896210363e-01	6.591214494896210363e-01	7.349473168420039837e-01	6.591214494896210363e-01	6.591214494896210363e-01	6.591214494896210363e-01	6.591214494896210363e-01	6.591214494896210363e-01	6.878599126168439826e-01	6.591214494896210363e-01	6.453965436095620012e-01	6.719160391240239782e-01	6.895565298179060498e-01	6.591214494896210363e-01	6.142671713306280257e-01	6.591214494896210363e-01	6.591214494896210363e-01	6.715634322433079451e-01	6.591214494896210363e-01	6.591214494896210363e-01	6.591214494896210363e-01	6.243562422195190198e-01	6.591214494896210363e-01	6.591214494896210363e-01	6.591214494896210363e-01	6.591214494896210363e-01	6.205419756584139579e-01	6.591214494896210363e-01	6.235298448916239966e-01	6.591214494896210363e-01	6.591214494896210363e-01	6.591214494896210363e-01	6.358195041129459657e-01	6.591214494896210363e-01	6.591214494896210363e-01	6.591214494896210363e-01	6.591214494896210363e-01	6.591214494896210363e-01	6.591214494896210363e-01	6.591214494896210363e-01	6.591214494896210363e-01	6.550289060588110335e-01	6.591214494896210363e-01	6.591214494896210363e-01	6.334306905455290293e-01	6.591214494896210363e-01	6.591214494896210363e-01	6.591214494896210363e-01	6.591214494896210363e-01	6.100560711486100463e-01	6.413617558016919684e-01	6.591214494896210363e-01	6.591214494896210363e-01	6.591214494896210363e-01	6.591214494896210363e-01	6.901890549920339790e-01	6.591214494896210363e-01	6.405930650737780008e-01	6.591214494896210363e-01	6.591214494896210363e-01	6.591214494896210363e-01	6.591214494896210363e-01	6.213363584138940077e-01	6.591214494896210363e-01	6.591214494896210363e-01	6.703395291900720032e-01	6.591214494896210363e-01	6.591214494896210363e-01	6.591214494896210363e-01	6.591214494896210363e-01	6.021742636173970098e-01	6.591214494896210363e-01	6.591214494896210363e-01	6.591214494896210363e-01	6.417292333186159770e-01	6.591214494896210363e-01	6.591214494896210363e-01	6.591214494896210363e-01	6.591214494896210363e-01	6.591214494896210363e-01	6.591214494896210363e-01	6.591214494896210363e-01	6.591214494896210363e-01	6.591214494896210363e-01	6.398622478241470235e-01	6.591214494896210363e-01	6.591214494896210363e-01	6.591214494896210363e-01	6.591214494896210363e-01	6.591214494896210363e-01	6.591214494896210363e-01	6.591214494896210363e-01	6.591214494896210363e-01	6.591214494896210363e-01	6.591214494896210363e-01	6.591214494896210363e-01	6.591214494896210363e-01	6.591214494896210363e-01	6.591214494896210363e-01
7.046713584866479696e-01	6.591214494896210363e-01	6.591214494896210363e-01	6.591214494896210363e-01	7.207449645972660024e-01	6.591214494896210363e-01	6.591214494896210363e-01	6.829559120011360340e-01	6.717711670317250139e-01	6.591214494896210363e-01	1.000000000000000000e+00	6.591214494896210363e-01	6.591214494896210363e-01	6.591214494896210363e-01	6.591214494896210363e-01	6.513793509603420517e-01	6.591214494896210363e-01	6.591214494896210363e-01	6.315675412162810032e-01	7.113889083366859989e-01	6.463817780773279953e-01	6.459748032996639466e-01	6.591214494896210363e-01	6.591214494896210363e-01	6.591214494896210363e-01	6.591214494896210363e-01	6.591214494896210363e-01	6.591214494896210363e-01	6.335163828253369545e-01	6.591214494896210363e-01	6.591214494896210363e-01	6.591214494896210363e-01	6.591214494896210363e-01	6.591214494896210363e-01	6.591214494896210363e-01	6.591214494896210363e-01	6.591214494896210363e-01	6.591214494896210363e-01	6.536863995281519957e-01	6.164547181714770119e-01	6.424370075481929954e-01	6.591214494896210363e-01	6.591214494896210363e-01	6.760877746141410460e-01	6.591214494896210363e-01	6.591214494896210363e-01	6.591214494896210363e-01	6.591214494896210363e-01	6.591214494896210363e-01	6.630371429024090046e-01	6.591214494896210363e-01	6.557746962313120154e-01	6.591214494896210363e-01	6.591214494896210363e-01	6.591214494896210363e-01	6.591214494896210363e-01	6.833495440050240122e-01	6.591214494896210363e-01	6.270535216907739962e-01	6.591214494896210363e-01	6.591214494896210363e-01	6.700716933967569844e-01	6.992998411090860511e-01	6.591214494896210363e-01	6.309546625814189680e-01	6.926117097852100279e-01	6.591214494896210363e-01	6.591214494896210363e-01	6.511702591023950104e-01	6.623917506034560088e-01	6.591214494896210363e-01	6.687392400191940478e-01	6.591214494896210363e-01	6.591214494896210363e-01	6.591214494896210363e-01	6.591214494896210363e-01	6.987426420658470194e-01	6.591214494896210363e-01	6.479357823244119574e-01	6.367995497645749792e-01	6.591214494896210363e-01	6.665727131203950107e-01	6.519479952902349496e-01	6.591214494896210363e-01	6.402051762217280118e-01	6.591214494896210363e-01	6.591214494896210363e-01	6.591214494896210363e-01	6.591214494896210363e-01	6.591214494896210363e-01	6.849364350276020419e-01	6.591214494896210363e-01	6.591214494896210363e-01	5.764016494577739458e-01	6.591214494896210363e-01	6.322443574719830428e-01	6.591214494896210363e-01	6.546957626686570331e-01	6.611739138727470433e-01	6.926783339232990278e-01	6.590233876098029464e-01	6.591214494896210363e-01	6.591214494896210363e-01	6.591214494896210363e-01	6.591214494896210363e-01	6.591214494896210363e-01	6.591214494896210363e-01	6.591214494896210363e-01	6.591214494896210363e-01	6.040069744397960072e-01	6.206940177867550368e-01	6.591214494896210363e-01	6.441656007984239984e-01	6.591214494896210363e-01	6.591214494896210363e-01	6.591214494896210363e-01	6.607579306237929551e-01	6.591214494896210363e-01	6.591214494896210363e-01	6.591214494896210363e-01	6.591214494896210363e-01	6.995333114522620521e-01	6.591214494896210363e-01	6.591214494896210363e-01
6.591214494896210363e-01	6.986344230269589950e-01	6.797318614824020555e-01	6.591214494896210363e-01	6.591214494896210363e-01	7.220451840098359719e-01	6.591214494896210363e-01	6.591214494896210363e-01	6.591214494896210363e-01	6.968772865917159942e-01	6.591214494896210363e-01	1.000000000000000000e+00	7.168669099648290466e-01	6.591214494896210363e-01	6.591214494896210363e-01	6.591214494896210363e-01	6.591214494896210363e-01	6.591214494896210363e-01	6.591214494896210363e-01	6.591214494896210363e-01	6.538620111187649631e-01	6.591214494896210363e-01	6.591214494896210363e-01	6.282188476597779792e-01	6.591214494896210363e-01	6.591214494896210363e-01	6.591214494896210363e-01	6.591214494896210363e-01	6.591214494896210363e-01	6.591214494896210363e-01	6.591214494896210363e-01	6.591214494896210363e-01	6.591214494896210363e-01	6.591214494896210363e-01	6.280585979319469603e-01	5.909881316315800381e-01	6.591214494896210363e-01	6.591214494896210363e-01	6.591214494896210363e-01	6.591214494896210363e-01	6.464264411507539831e-01	6.591214494896210363e-01	6.591214494896210363e-01	6.845170932693720456e-01	6.591214494896210363e-01	6.591214494896210363e-01	5.903631046262219906e-01	6.591214494896210363e-01	6.518984207037360479e-01	6.591214494896210363e-01	6.591214494896210363e-01	6.591214494896210363e-01	6.591214494896210363e-01	6.591214494896210363e-01	6.591214494896210363e-01	6.591214494896210363e-01	6.591214494896210363e-01	5.974319427267780203e-01	6.591214494896210363e-01	6.591214494896210363e-01	6.856644736306759524e-01	6.293018728354510261e-01	7.275108821357310074e-01	6.591214494896210363e-01	5.945935469313919919e-01	6.591214494896210363e-01	6.080813220968029897e-01	6.591214494896210363e-01	6.405862526605029528e-01	6.591214494896210363e-01	6.591214494896210363e-01	6.591214494896210363e-01	6.141250905317130471e-01	6.591214494896210363e-01	6.453583575137149531e-01	6.591214494896210363e-01	6.591214494896210363e-01	6.591214494896210363e-01	6.591214494896210363e-01	6.247159807446700519e-01	6.591214494896210363e-01	6.591214494896210363e-01	6.093096862983650164e-01	6.658349818027119449e-01	6.591214494896210363e-01	6.591214494896210363e-01	6.591214494896210363e-01	6.591214494896210363e-01	6.591214494896210363e-01	6.591214494896210363e-01	6.591214494896210363e-01	6.591214494896210363e-01	6.591214494896210363e-01	6.591214494896210363e-01	6.643456352354399908e-01	6.591214494896210363e-01	6.591214494896210363e-01	6.591214494896210363e-01	6.591214494896210363e-01	7.359177309289980373e-01	6.591214494896210363e-01	6.817135150201339977e-01	6.668620497941439851e-01	6.591214494896210363e-01	6.591214494896210363e-01	6.591214494896210363e-01	6.591214494896210363e-01	6.591214494896210363e-01	5.983345823417749454e-01	6.591214494896210363e-01	6.591214494896210363e-01	6.591214494896210363e-01	6.535158190241660003e-01	6.773652657759360318e-01	6.591214494896210363e-01	6.591214494896210363e-01	6.680991437477460382e-01	7.074708488587989619e-01	7.164296138175110240e-01	6.591214494896210363e-01	7.293689094229579561e-01	6.591214494896210363e-01	7.088952353557329555e-01	6.591214494896210363e-01
