1.000000000000309974e+00	7.442193542337409706e-01	8.398558934817229593e-01	5.732260642836739528e-01	5.829629340663730064e-01	6.252907828326029760e-01	4.867272886017469657e-01	5.742980196426890060e-01	6.206086186113409786e-01	5.379343573391529576e-01	5.572963480974759687e-01	4.979262836135640025e-01	6.074419298801050360e-01	4.867272886017469657e-01	1.000000000000000021e-03	4.867272886017469657e-01	4.908515817141009818e-01	4.867272886017469657e-01	4.867272886017469657e-01	4.867272886017469657e-01	4.867272886017469657e-01	4.148682414634700111e-01	4.867272886017469657e-01	5.321753751121479636e-01	5.339247822029240531e-01	6.332247073133679960e-01	4.867272886017469657e-01	4.867272886017469657e-01	2.999864645799830143e-01	4.867272886017469657e-01	4.867272886017469657e-01	4.867272886017469657e-01	4.867272886017469657e-01	4.867272886017469657e-01	4.867272886017469657e-01	4.867272886017469657e-01	4.867272886017469657e-01	4.867272886017469657e-01	4.867272886017469657e-01	5.472515834071239871e-01	4.867272886017469657e-01	4.867272886017469657e-01	4.867272886017469657e-01	4.867272886017469657e-01	6.303536327788860083e-01	4.867272886017469657e-01	4.867272886017469657e-01	4.867272886017469657e-01	5.489197063136269650e-01	4.867272886017469657e-01	4.867272886017469657e-01	4.867272886017469657e-01	4.867272886017469657e-01	4.867272886017469657e-01	4.867272886017469657e-01	4.867272886017469657e-01	4.867272886017469657e-01	4.867272886017469657e-01	4.867272886017469657e-01	3.804943274021220234e-01	5.648304013307380300e-01	4.867272886017469657e-01	4.867272886017469657e-01	4.867272886017469657e-01	4.867272886017469657e-01	4.867272886017469657e-01	4.867272886017469657e-01	4.867272886017469657e-01	4.649247237331239901e-01	3.983420754283840126e-01	4.867272886017469657e-01	4.499787206978749787e-01	4.867272886017469657e-01	4.867272886017469657e-01	5.947164865252819732e-01	4.867272886017469657e-01	6.407430698037870354e-01	4.867272886017469657e-01	4.867272886017469657e-01	5.922296249584180217e-01	4.867272886017469657e-01	4.867272886017469657e-01	4.358852755283439961e-01	4.867272886017469657e-01	4.867272886017469657e-01	4.867272886017469657e-01	5.600121430961489954e-01	4.867272886017469657e-01	4.867272886017469657e-01	4.867272886017469657e-01	4.867272886017469657e-01	4.867272886017469657e-01	4.867272886017469657e-01	4.218055407736089890e-01	4.867272886017469657e-01	4.867272886017469657e-01	4.867272886017469657e-01	4.867272886017469657e-01	5.074108687811590412e-01	4.867272886017469657e-01	6.159064010493120467e-01	4.867272886017469657e-01	4.867272886017469657e-01	3.634364036278119880e-01	4.127633564849860215e-01	4.867272886017469657e-01	6.029062306387490411e-01	4.867272886017469657e-01	4.867272886017469657e-01	4.867272886017469657e-01	6.177678758814829640e-01	4.867272886017469657e-01	4.867272886017469657e-01	4.867272886017469657e-01	4.867272886017469657e-01	7.426771477965999901e-01	4.867272886017469657e-01	4.867272886017469657e-01	4.867272886017469657e-01	4.867272886017469657e-01	4.867272886017469657e-01	4.867272886017469657e-01	4.867272886017469657e-01	6.083142174376410249e-01
7.442193542337409706e-01	1.000000000000069944e+00	4.867272886017469657e-01	4.867272886017469657e-01	4.867272886017469657e-01	4.867272886017469657e-01	5.603886425836860363e-01	4.867272886017469657e-01	5.313955431472310309e-01	5.051999875606200119e-01	4.867272886017469657e-01	4.896395743925600064e-01	5.305176235167660126e-01	4.336253089658119730e-01	4.867272886017469657e-01	5.261530397943250392e-01	4.867272886017469657e-01	4.925884383021699731e-01	4.867272886017469657e-01	4.867272886017469657e-01	4.850685112619860240e-01	4.867272886017469657e-01	4.867272886017469657e-01	4.867272886017469657e-01	4.931601345607219966e-01	4.867272886017469657e-01	4.867272886017469657e-01	5.075557567148260008e-01	3.159633708302390098e-01	4.867272886017469657e-01	4.867272886017469657e-01	4.867272886017469657e-01	5.259137811837210075e-01	4.867272886017469657e-01	4.867272886017469657e-01	5.649624162597269850e-01	4.867272886017469657e-01	4.867272886017469657e-01	4.867272886017469657e-01	4.867272886017469657e-01	4.867272886017469657e-01	4.867272886017469657e-01	4.867272886017469657e-01	4.867272886017469657e-01	5.283846987874559753e-01	4.120797845832939732e-01	4.867272886017469657e-01	4.239484584032929826e-01	4.867272886017469657e-01	4.867272886017469657e-01	5.666356728604839965e-01	4.867272886017469657e-01	4.867272886017469657e-01	4.867272886017469657e-01	4.867272886017469657e-01	4.867272886017469657e-01	4.867272886017469657e-01	3.979997174606170196e-01	4.867272886017469657e-01	3.344547729655290014e-01	4.867272886017469657e-01	4.654059277291690000e-01	4.867272886017469657e-01	4.867272886017469657e-01	4.867272886017469657e-01	4.867272886017469657e-01	4.867272886017469657e-01	4.867272886017469657e-01	4.214629597441679754e-01	4.867272886017469657e-01	4.867272886017469657e-01	4.867272886017469657e-01	4.867272886017469657e-01	4.867272886017469657e-01	4.867272886017469657e-01	4.867272886017469657e-01	4.867272886017469657e-01	4.867272886017469657e-01	4.867272886017469657e-01	4.867272886017469657e-01	4.867272886017469657e-01	4.867272886017469657e-01	3.901477304180709926e-01	4.712815014458450191e-01	4.867272886017469657e-01	3.644597544282329737e-01	4.830438253567440055e-01	4.867272886017469657e-01	4.867272886017469657e-01	4.867272886017469657e-01	4.867272886017469657e-01	4.867272886017469657e-01	4.867272886017469657e-01	4.867272886017469657e-01	4.867272886017469657e-01	4.867272886017469657e-01	4.867272886017469657e-01	4.867272886017469657e-01	4.445599329659489785e-01	4.867272886017469657e-01	4.867272886017469657e-01	4.867272886017469657e-01	3.432724951058560015e-01	3.664695533581480147e-01	4.867272886017469657e-01	4.867272886017469657e-01	4.867272886017469657e-01	4.867272886017469657e-01	4.867272886017469657e-01	4.867272886017469657e-01	4.867272886017469657e-01	5.072820692401880383e-01	4.732995249581349873e-01	5.477642229158810050e-01	4.867272886017469657e-01	4.867272886017469657e-01	7.120763039185680210e-01	7.417652712442199814e-01	4.867272886017469657e-01	4.867272886017469657e-01	4.867272886017469657e-01	4.867272886017469657e-01	4.867272886017469657e-01	5.535371849306389702e-01
8.398558934817229593e-01	4.867272886017469657e-01	1.000000000000089928e+00	4.867272886017469657e-01	5.367032675359220129e-01	6.365580432650189691e-01	4.867272886017469657e-01	4.867272886017469657e-01	4.867272886017469657e-01	4.867272886017469657e-01	4.867272886017469657e-01	4.867272886017469657e-01	4.867272886017469657e-01	4.867272886017469657e-01	4.867272886017469657e-01	4.867272886017469657e-01	5.436499222332410453e-01	4.867272886017469657e-01	5.045326600757680247e-01	4.867272886017469657e-01	4.867272886017469657e-01	4.867272886017469657e-01	4.867272886017469657e-01	4.867272886017469657e-01	5.248051488829830191e-01	6.168076084800799830e-01	4.867272886017469657e-01	4.867272886017469657e-01	4.867272886017469657e-01	5.060482004358599628e-01	4.867272886017469657e-01	4.867272886017469657e-01	4.867272886017469657e-01	6.116857608043100303e-01	4.867272886017469657e-01	5.866583220808250232e-01	4.867272886017469657e-01	4.867272886017469657e-01	4.734280367687199731e-01	4.827641203702179862e-01	4.867272886017469657e-01	4.867272886017469657e-01	4.867272886017469657e-01	4.867272886017469657e-01	4.867272886017469657e-01	4.867272886017469657e-01	4.867272886017469657e-01	5.261658327823169889e-01	5.028256488482190090e-01	4.867272886017469657e-01	4.867272886017469657e-01	4.867272886017469657e-01	4.867272886017469657e-01	4.867272886017469657e-01	4.884936431734540063e-01	4.867272886017469657e-01	4.867272886017469657e-01	4.867272886017469657e-01	4.867272886017469657e-01	4.867272886017469657e-01	4.867272886017469657e-01	5.086182493152520134e-01	4.867272886017469657e-01	4.867272886017469657e-01	4.427046611310869739e-01	5.028906326970860041e-01	4.867272886017469657e-01	4.943754243852639951e-01	4.221404874308259947e-01	4.192025747672519786e-01	4.867272886017469657e-01	4.483658415216160154e-01	4.867272886017469657e-01	4.867272886017469657e-01	4.867272886017469657e-01	4.867272886017469657e-01	6.358846895275569455e-01	5.842914905939570192e-01	4.867272886017469657e-01	4.867272886017469657e-01	4.867272886017469657e-01	4.867272886017469657e-01	4.084849959400930208e-01	4.867272886017469657e-01	4.635021352289209751e-01	4.867272886017469657e-01	5.268131676900019711e-01	6.148308460672059494e-01	4.867272886017469657e-01	4.867272886017469657e-01	5.178663267794449965e-01	4.867272886017469657e-01	4.867272886017469657e-01	4.867272886017469657e-01	4.867272886017469657e-01	4.867272886017469657e-01	4.867272886017469657e-01	4.867272886017469657e-01	4.639919422038210062e-01	4.867272886017469657e-01	6.048424081710930267e-01	4.484721872465650128e-01	3.935829327980679970e-01	4.867272886017469657e-01	4.867272886017469657e-01	4.867272886017469657e-01	4.867272886017469657e-01	4.867272886017469657e-01	4.867272886017469657e-01	4.867272886017469657e-01	4.867272886017469657e-01	5.944103581397790492e-01	4.867272886017469657e-01	5.431956042172749743e-01	4.867272886017469657e-01	4.867272886017469657e-01	4.867272886017469657e-01	7.886515207817329509e-01	4.867272886017469657e-01	4.867272886017469657e-01	6.152116125608849684e-01	6.016581081952749877e-01	4.867272886017469657e-01	5.883384065545109731e-01
5.732260642836739528e-01	4.867272886017469657e-01	4.867272886017469657e-01	9.999999999998450129e-01	4.867272886017469657e-01	4.867272886017469657e-01	4.867272886017469657e-01	4.867272886017469657e-01	4.867272886017469657e-01	4.867272886017469657e-01	4.867272886017469657e-01	4.850872500681360222e-01	5.888349881962869903e-01	4.867272886017469657e-01	4.867272886017469657e-01	4.867272886017469657e-01	4.867272886017469657e-01	4.867272886017469657e-01	4.867272886017469657e-01	5.176533384178070296e-01	5.431316168225299723e-01	4.867272886017469657e-01	4.867272886017469657e-01	4.867272886017469657e-01	4.867272886017469657e-01	4.867272886017469657e-01	4.867272886017469657e-01	4.867272886017469657e-01	4.867272886017469657e-01	4.751564095843249791e-01	6.233194536203660041e-01	4.867272886017469657e-01	5.696020599255400274e-01	4.867272886017469657e-01	4.867272886017469657e-01	4.867272886017469657e-01	4.867272886017469657e-01	4.867272886017469657e-01	4.605662025534930093e-01	4.867272886017469657e-01	4.867272886017469657e-01	4.867272886017469657e-01	5.409846619244880195e-01	4.275422339143549744e-01	6.190081722065440273e-01	4.668793340889780263e-01	4.867272886017469657e-01	4.326524133854779963e-01	4.867272886017469657e-01	4.867272886017469657e-01	4.867272886017469657e-01	5.771987510681959588e-01	5.214761800545230086e-01	3.747286341328859849e-01	4.867272886017469657e-01	5.516750280139900431e-01	4.867272886017469657e-01	4.876493254894370133e-01	4.867272886017469657e-01	4.867272886017469657e-01	4.867272886017469657e-01	4.896013652993539966e-01	4.867272886017469657e-01	4.163874337281989746e-01	4.867272886017469657e-01	4.867272886017469657e-01	4.867272886017469657e-01	4.867272886017469657e-01	4.867272886017469657e-01	4.867272886017469657e-01	4.867272886017469657e-01	3.927406623488829962e-01	4.867272886017469657e-01	4.867272886017469657e-01	6.039392695367820085e-01	4.867272886017469657e-01	4.867272886017469657e-01	5.970294411868439788e-01	5.272521743114150228e-01	5.679020105375499616e-01	4.867272886017469657e-01	4.867272886017469657e-01	4.867272886017469657e-01	4.867272886017469657e-01	4.867272886017469657e-01	3.571737397769499944e-01	4.867272886017469657e-01	6.048222215790519662e-01	4.867272886017469657e-01	4.867272886017469657e-01	5.941727211730479796e-01	4.867272886017469657e-01	3.826882663740769908e-01	4.867272886017469657e-01	4.867272886017469657e-01	4.867272886017469657e-01	4.867272886017469657e-01	4.867272886017469657e-01	4.867272886017469657e-01	4.867272886017469657e-01	5.359003519004460481e-01	3.657160122478669839e-01	4.867272886017469657e-01	4.867272886017469657e-01	4.867272886017469657e-01	4.867272886017469657e-01	4.867272886017469657e-01	4.867272886017469657e-01	4.867272886017469657e-01	4.867272886017469657e-01	4.867272886017469657e-01	5.464323156802569637e-01	5.416050649003369966e-01	5.905293722685840407e-01	5.697122277337800522e-01	4.867272886017469657e-01	4.867272886017469657e-01	4.867272886017469657e-01	4.867272886017469657e-01	4.890804943896490120e-01	4.867272886017469657e-01	5.227486502010459946e-01	5.330474899054670201e-01	4.867272886017469657e-01
5.829629340663730064e-01	4.867272886017469657e-01	5.367032675359220129e-01	4.867272886017469657e-01	9.999999999998030464e-01	4.867272886017469657e-01	6.337085378434470506e-01	5.659940643448010400e-01	4.867272886017469657e-01	4.867272886017469657e-01	6.141998288188880162e-01	5.513993687010579903e-01	5.369591691454620452e-01	4.217809808244170067e-01	4.867272886017469657e-01	4.867272886017469657e-01	4.867272886017469657e-01	4.867272886017469657e-01	4.867272886017469657e-01	4.867272886017469657e-01	4.390761444458500251e-01	4.369036561860979995e-01	4.867272886017469657e-01	4.867272886017469657e-01	4.867272886017469657e-01	4.867272886017469657e-01	5.381116733274460273e-01	4.867272886017469657e-01	4.867272886017469657e-01	4.867272886017469657e-01	4.867272886017469657e-01	4.867272886017469657e-01	4.867272886017469657e-01	4.867272886017469657e-01	4.867272886017469657e-01	4.867272886017469657e-01	4.252153910854040153e-01	5.564285922083429536e-01	4.867272886017469657e-01	4.867272886017469657e-01	4.867272886017469657e-01	5.477161912679640032e-01	4.867272886017469657e-01	4.867272886017469657e-01	4.867272886017469657e-01	4.867272886017469657e-01	4.867272886017469657e-01	3.982186709064450270e-01	5.371614514332010426e-01	4.967247223807290113e-01	4.867272886017469657e-01	4.867272886017469657e-01	4.867272886017469657e-01	4.867272886017469657e-01	4.259708975848460200e-01	4.867272886017469657e-01	3.820419220298160168e-01	4.867272886017469657e-01	4.867272886017469657e-01	3.490930428852029865e-01	4.867272886017469657e-01	4.351848128273099747e-01	4.867272886017469657e-01	4.867272886017469657e-01	4.867272886017469657e-01	5.190659795090639683e-01	4.867272886017469657e-01	4.867272886017469657e-01	4.512439130579640190e-01	4.867272886017469657e-01	4.059322639047249770e-01	4.867272886017469657e-01	4.867272886017469657e-01	4.867272886017469657e-01	4.867272886017469657e-01	4.283870419445909850e-01	4.867272886017469657e-01	4.867272886017469657e-01	4.867272886017469657e-01	5.007222177221910542e-01	4.867272886017469657e-01	4.867272886017469657e-01	4.867272886017469657e-01	4.867272886017469657e-01	4.867272886017469657e-01	3.394162999973620032e-01	4.867272886017469657e-01	4.867272886017469657e-01	4.867272886017469657e-01	4.867272886017469657e-01	5.440915725492719845e-01	4.867272886017469657e-01	4.867272886017469657e-01	4.867272886017469657e-01	4.867272886017469657e-01	4.867272886017469657e-01	4.867272886017469657e-01	4.867272886017469657e-01	4.666783183590920148e-01	4.867272886017469657e-01	4.867272886017469657e-01	3.370054331199029973e-01	4.867272886017469657e-01	4.867272886017469657e-01	4.867272886017469657e-01	4.867272886017469657e-01	4.867272886017469657e-01	4.867272886017469657e-01	4.867272886017469657e-01	4.867272886017469657e-01	4.867272886017469657e-01	4.867272886017469657e-01	4.867272886017469657e-01	5.632004749906750485e-01	4.867272886017469657e-01	5.774844772523619607e-01	4.867272886017469657e-01	5.882643140857279906e-01	5.890839700061050177e-01	4.867272886017469657e-01	4.867272886017469657e-01	6.051579066568639753e-01	4.867272886017469657e-01	4.867272886017469657e-01
6.252907828326029760e-01	4.867272886017469657e-01	6.365580432650189691e-01	4.867272886017469657e-01	4.867272886017469657e-01	1.000000000000039968e+00	4.867272886017469657e-01	4.867272886017469657e-01	6.042596165642869499e-01	4.867272886017469657e-01	4.867272886017469657e-01	3.932483226984179736e-01	4.867272886017469657e-01	4.867272886017469657e-01	4.867272886017469657e-01	4.867272886017469657e-01	4.867272886017469657e-01	4.867272886017469657e-01	4.867272886017469657e-01	4.353714853003500251e-01	4.867272886017469657e-01	3.134291043668360199e-01	4.867272886017469657e-01	4.867272886017469657e-01	4.867272886017469657e-01	5.533617586477479477e-01	4.867272886017469657e-01	4.867272886017469657e-01	4.867272886017469657e-01	4.867272886017469657e-01	4.867272886017469657e-01	4.867272886017469657e-01	5.928670264447090110e-01	6.936014735302330481e-01	4.481927549090100049e-01	5.370894792788799554e-01	4.867272886017469657e-01	5.269009892448229815e-01	4.867272886017469657e-01	4.867272886017469657e-01	4.332338132846009771e-01	4.867272886017469657e-01	5.566890690542960485e-01	4.867272886017469657e-01	5.912292193702649579e-01	4.867272886017469657e-01	4.065754330034920261e-01	4.867272886017469657e-01	4.867272886017469657e-01	4.867272886017469657e-01	4.867272886017469657e-01	4.449055501851280070e-01	4.445256617442889802e-01	3.771799576846889823e-01	4.867272886017469657e-01	4.867272886017469657e-01	2.988289818311279933e-01	4.867272886017469657e-01	4.568059724256099963e-01	4.867272886017469657e-01	4.867272886017469657e-01	4.867272886017469657e-01	4.867272886017469657e-01	4.304206054162559858e-01	4.867272886017469657e-01	4.562234591059949884e-01	4.867272886017469657e-01	4.867272886017469657e-01	4.069764317462850056e-01	4.867272886017469657e-01	3.967768541340909727e-01	4.867272886017469657e-01	4.867272886017469657e-01	4.867272886017469657e-01	4.867272886017469657e-01	4.867272886017469657e-01	5.871581468877019594e-01	4.867272886017469657e-01	4.867272886017469657e-01	4.867272886017469657e-01	4.867272886017469657e-01	4.867272886017469657e-01	4.867272886017469657e-01	5.709056383602519880e-01	4.867272886017469657e-01	4.867272886017469657e-01	4.549798360052759727e-01	4.867272886017469657e-01	4.867272886017469657e-01	4.867272886017469657e-01	4.795947188974840070e-01	4.867272886017469657e-01	4.867272886017469657e-01	4.867272886017469657e-01	3.379857431569159854e-01	4.867272886017469657e-01	5.452002519801909530e-01	4.867272886017469657e-01	4.867272886017469657e-01	4.867272886017469657e-01	5.473096266594950077e-01	4.867272886017469657e-01	4.867272886017469657e-01	4.867272886017469657e-01	4.867272886017469657e-01	4.867272886017469657e-01	4.867272886017469657e-01	5.366097027271580222e-01	4.025108469341779904e-01	4.867272886017469657e-01	4.867272886017469657e-01	5.617134935369030302e-01	5.221837426112470038e-01	4.867272886017469657e-01	5.586493467186010031e-01	4.867272886017469657e-01	4.867272886017469657e-01	6.172274275328939463e-01	4.867272886017469657e-01	4.931566671923839906e-01	4.867272886017469657e-01	5.322972170817119597e-01	5.703349565308080127e-01	4.867272886017469657e-01
4.867272886017469657e-01	5.603886425836860363e-01	4.867272886017469657e-01	4.867272886017469657e-01	6.337085378434470506e-01	4.867272886017469657e-01	1.000000000000049960e+00	4.867272886017469657e-01	7.066780844866290545e-01	4.867272886017469657e-01	4.867272886017469657e-01	4.867272886017469657e-01	4.867272886017469657e-01	4.867272886017469657e-01	4.867272886017469657e-01	5.242382927566510142e-01	4.867272886017469657e-01	4.867272886017469657e-01	4.867272886017469657e-01	5.760614641816840242e-01	4.867272886017469657e-01	3.908199173146960081e-01	4.867272886017469657e-01	4.991175318300060115e-01	4.867272886017469657e-01	4.867272886017469657e-01	4.867272886017469657e-01	4.867272886017469657e-01	4.867272886017469657e-01	4.867272886017469657e-01	5.521956996352580527e-01	4.867272886017469657e-01	4.867272886017469657e-01	4.867272886017469657e-01	4.867272886017469657e-01	4.867272886017469657e-01	4.867272886017469657e-01	4.867272886017469657e-01	4.867272886017469657e-01	5.155893523743789730e-01	3.890932445831309927e-01	4.867272886017469657e-01	4.867272886017469657e-01	4.867272886017469657e-01	4.867272886017469657e-01	4.867272886017469657e-01	4.867272886017469657e-01	4.867272886017469657e-01	4.867272886017469657e-01	4.867272886017469657e-01	4.867272886017469657e-01	4.825904730038890200e-01	4.867272886017469657e-01	4.867272886017469657e-01	4.867272886017469657e-01	5.592925705278479764e-01	4.867272886017469657e-01	4.867272886017469657e-01	4.867272886017469657e-01	4.867272886017469657e-01	5.423376471186529546e-01	4.867272886017469657e-01	6.319280658667989492e-01	4.867272886017469657e-01	4.867272886017469657e-01	5.177341289067709518e-01	5.109880399622449554e-01	4.863219397566639901e-01	4.867272886017469657e-01	4.867272886017469657e-01	4.236757404736800070e-01	4.867272886017469657e-01	4.867272886017469657e-01	4.867272886017469657e-01	4.867272886017469657e-01	3.891183735732069993e-01	6.317984675026739882e-01	5.711096169241040021e-01	5.146667812682049759e-01	4.867272886017469657e-01	4.867272886017469657e-01	4.096331292369240207e-01	3.805622419354309782e-01	5.093763627687279971e-01	4.867272886017469657e-01	4.867272886017469657e-01	4.811579545308299899e-01	4.867272886017469657e-01	4.867272886017469657e-01	4.761677470302310144e-01	4.867272886017469657e-01	5.315058672251959937e-01	3.753883186845560216e-01	4.867272886017469657e-01	4.867272886017469657e-01	4.867272886017469657e-01	5.726773323089749956e-01	3.658787415487779748e-01	4.867272886017469657e-01	4.867272886017469657e-01	4.867272886017469657e-01	4.867272886017469657e-01	4.867272886017469657e-01	4.867272886017469657e-01	4.867272886017469657e-01	4.867272886017469657e-01	4.867272886017469657e-01	4.879181404138990263e-01	4.867272886017469657e-01	4.234172660179699732e-01	5.564877854378269539e-01	4.867272886017469657e-01	5.044709104875889638e-01	4.867272886017469657e-01	4.867272886017469657e-01	4.867272886017469657e-01	4.867272886017469657e-01	6.132809104043760451e-01	4.867272886017469657e-01	5.618852580165980548e-01	4.867272886017469657e-01	4.867272886017469657e-01	4.867272886017469657e-01	4.867272886017469657e-01
5.742980196426890060e-01	4.867272886017469657e-01	4.867272886017469657e-01	4.867272886017469657e-01	5.659940643448010400e-01	4.867272886017469657e-01	4.867272886017469657e-01	9.999999999999209521e-01	4.867272886017469657e-01	4.867272886017469657e-01	4.867272886017469657e-01	4.593709486081379856e-01	4.867272886017469657e-01	4.369648553967280247e-01	1.000000000000000021e-03	4.867272886017469657e-01	4.418431870621810087e-01	4.867272886017469657e-01	4.321668265495610117e-01	5.099223907412290258e-01	4.867272886017469657e-01	4.867272886017469657e-01	4.867272886017469657e-01	4.867272886017469657e-01	4.867272886017469657e-01	4.867272886017469657e-01	4.867272886017469657e-01	6.307779631859169456e-01	4.867272886017469657e-01	4.336161368285469941e-01	4.867272886017469657e-01	4.867272886017469657e-01	5.203527562950710506e-01	5.347091154126210055e-01	4.867272886017469657e-01	4.867272886017469657e-01	4.867272886017469657e-01	4.867272886017469657e-01	4.867272886017469657e-01	4.867272886017469657e-01	3.712308326145249970e-01	6.001967565533270488e-01	4.867272886017469657e-01	3.721446776155309943e-01	4.867272886017469657e-01	4.601835147649340207e-01	4.867272886017469657e-01	4.215424292361599767e-01	4.867272886017469657e-01	4.867272886017469657e-01	4.867272886017469657e-01	4.867272886017469657e-01	4.867272886017469657e-01	3.421225289017100213e-01	4.867272886017469657e-01	5.259168508996500124e-01	4.867272886017469657e-01	3.252648026895260114e-01	4.867272886017469657e-01	4.867272886017469657e-01	4.867272886017469657e-01	4.197810905862259800e-01	4.867272886017469657e-01	4.867272886017469657e-01	4.867272886017469657e-01	4.867272886017469657e-01	4.867272886017469657e-01	4.867272886017469657e-01	4.867272886017469657e-01	4.867272886017469657e-01	4.867272886017469657e-01	4.867272886017469657e-01	4.867272886017469657e-01	4.867272886017469657e-01	4.867272886017469657e-01	4.867272886017469657e-01	4.867272886017469657e-01	4.867272886017469657e-01	4.867272886017469657e-01	4.867272886017469657e-01	4.867272886017469657e-01	4.867272886017469657e-01	4.867272886017469657e-01	4.867272886017469657e-01	4.867272886017469657e-01	4.867272886017469657e-01	4.867272886017469657e-01	4.867272886017469657e-01	4.867272886017469657e-01	4.297911624418729870e-01	4.867272886017469657e-01	4.867272886017469657e-01	3.404305277692299958e-01	4.867272886017469657e-01	4.867272886017469657e-01	5.258064506309489961e-01	4.867272886017469657e-01	4.867272886017469657e-01	4.867272886017469657e-01	4.867272886017469657e-01	4.867272886017469657e-01	4.867272886017469657e-01	3.264601120321309891e-01	4.867272886017469657e-01	3.296861540207399743e-01	4.867272886017469657e-01	4.929685498974399893e-01	4.867272886017469657e-01	4.867272886017469657e-01	4.867272886017469657e-01	4.867272886017469657e-01	5.150627381202019794e-01	4.867272886017469657e-01	4.867272886017469657e-01	4.867272886017469657e-01	5.699534098955949535e-01	4.867272886017469657e-01	4.867272886017469657e-01	5.726746753467319984e-01	4.867272886017469657e-01	4.867272886017469657e-01	5.788076046234209571e-01	5.409051716335649962e-01	5.378268760086150069e-01
6.206086186113409786e-01	5.313955431472310309e-01	4.867272886017469657e-01	4.867272886017469657e-01	4.867272886017469657e-01	6.042596165642869499e-01	7.066780844866290545e-01	4.867272886017469657e-01	1.000000000000270006e+00	4.972181074188249950e-01	4.867272886017469657e-01	4.867272886017469657e-01	4.867272886017469657e-01	4.867272886017469657e-01	1.000000000000000021e-03	5.183111779735920521e-01	5.421316273573719702e-01	4.867272886017469657e-01	4.867272886017469657e-01	4.867272886017469657e-01	4.867272886017469657e-01	4.867272886017469657e-01	4.867272886017469657e-01	4.867272886017469657e-01	5.830646989322929574e-01	6.016046680143110059e-01	4.867272886017469657e-01	4.867272886017469657e-01	4.867272886017469657e-01	4.867272886017469657e-01	4.867272886017469657e-01	5.247295189709679786e-01	5.850636309116440392e-01	5.786386809520950303e-01	4.867272886017469657e-01	4.867272886017469657e-01	4.867272886017469657e-01	4.867272886017469657e-01	4.794343827742910125e-01	4.363713768342700194e-01	4.867272886017469657e-01	4.867272886017469657e-01	6.065572007781639963e-01	4.078687324728709762e-01	5.947619303678339797e-01	4.867272886017469657e-01	4.230479081228509797e-01	4.867272886017469657e-01	4.756881215420660225e-01	4.809504703178820173e-01	6.164962765773139841e-01	4.304783243012130223e-01	4.867272886017469657e-01	4.867272886017469657e-01	4.867272886017469657e-01	4.867272886017469657e-01	4.867272886017469657e-01	4.867272886017469657e-01	4.867272886017469657e-01	4.867272886017469657e-01	4.867272886017469657e-01	4.867272886017469657e-01	4.867272886017469657e-01	4.867272886017469657e-01	4.867272886017469657e-01	4.867272886017469657e-01	4.867272886017469657e-01	4.867272886017469657e-01	4.867272886017469657e-01	4.867272886017469657e-01	4.021055019122040108e-01	4.867272886017469657e-01	4.867272886017469657e-01	4.867272886017469657e-01	5.486751646205919597e-01	3.023714429543880033e-01	4.867272886017469657e-01	4.867272886017469657e-01	4.867272886017469657e-01	4.867272886017469657e-01	4.867272886017469657e-01	4.867272886017469657e-01	4.867272886017469657e-01	5.807641567805279514e-01	4.867272886017469657e-01	4.867272886017469657e-01	4.867272886017469657e-01	4.867272886017469657e-01	4.867272886017469657e-01	4.867272886017469657e-01	4.635614702052969771e-01	5.455375024065509670e-01	4.135394833453219787e-01	4.867272886017469657e-01	4.867272886017469657e-01	4.867272886017469657e-01	4.867272886017469657e-01	4.867272886017469657e-01	4.867272886017469657e-01	4.867272886017469657e-01	6.078573242593450221e-01	4.349109969850900037e-01	3.754456831519210058e-01	4.867272886017469657e-01	4.867272886017469657e-01	4.867272886017469657e-01	4.867272886017469657e-01	4.867272886017469657e-01	4.031997132569020148e-01	4.867272886017469657e-01	4.867272886017469657e-01	6.060311489321239531e-01	4.867272886017469657e-01	4.867272886017469657e-01	4.867272886017469657e-01	4.867272886017469657e-01	5.866315283253450419e-01	4.867272886017469657e-01	4.867272886017469657e-01	4.867272886017469657e-01	5.735541403568390484e-01	4.867272886017469657e-01	4.867272886017469657e-01	4.867272886017469657e-01
5.379343573391529576e-01	5.051999875606200119e-01	4.867272886017469657e-01	4.867272886017469657e-01	4.867272886017469657e-01	4.867272886017469657e-01	4.867272886017469657e-01	4.867272886017469657e-01	4.972181074188249950e-01	1.000000000000140110e+00	6.040971342295770041e-01	5.205911458056420305e-01	4.867272886017469657e-01	4.867272886017469657e-01	1.000000000000000021e-03	4.867272886017469657e-01	3.436058252008519776e-01	4.649595293823299835e-01	4.918661604867219928e-01	4.867272886017469657e-01	4.867272886017469657e-01	4.867272886017469657e-01	4.867272886017469657e-01	4.867272886017469657e-01	4.867272886017469657e-01	4.867272886017469657e-01	4.867272886017469657e-01	4.867272886017469657e-01	3.716648404875850242e-01	4.867272886017469657e-01	5.044827783965110113e-01	4.114882690910440233e-01	4.554623868471049941e-01	4.867272886017469657e-01	4.867272886017469657e-01	5.341596184836110428e-01	4.867272886017469657e-01	4.867272886017469657e-01	3.740878821084739903e-01	4.867272886017469657e-01	4.867272886017469657e-01	4.867272886017469657e-01	4.867272886017469657e-01	4.867272886017469657e-01	4.867272886017469657e-01	3.858304457908119933e-01	4.867272886017469657e-01	4.867272886017469657e-01	4.867272886017469657e-01	4.867272886017469657e-01	4.867272886017469657e-01	4.867272886017469657e-01	4.867272886017469657e-01	3.580648243287130050e-01	4.174085150248070253e-01	4.600042481289279839e-01	4.867272886017469657e-01	4.867272886017469657e-01	4.208132699176549973e-01	4.867272886017469657e-01	4.867272886017469657e-01	4.867272886017469657e-01	4.867272886017469657e-01	4.867272886017469657e-01	4.867272886017469657e-01	5.412699738224510115e-01	4.867272886017469657e-01	4.567943505931120196e-01	4.535975333627609851e-01	4.867272886017469657e-01	4.867272886017469657e-01	4.867272886017469657e-01	4.867272886017469657e-01	4.867272886017469657e-01	4.867272886017469657e-01	4.867272886017469657e-01	5.098129456918389923e-01	4.867272886017469657e-01	4.867272886017469657e-01	4.867272886017469657e-01	4.867272886017469657e-01	4.053999027253489817e-01	4.058588410072320185e-01	4.867272886017469657e-01	4.867272886017469657e-01	4.867272886017469657e-01	4.867272886017469657e-01	4.867272886017469657e-01	4.867272886017469657e-01	5.301093046957340293e-01	4.867272886017469657e-01	4.867272886017469657e-01	3.648584381689189970e-01	3.842093501047709747e-01	4.867272886017469657e-01	4.368673992339450196e-01	4.867272886017469657e-01	4.867272886017469657e-01	4.867272886017469657e-01	4.867272886017469657e-01	4.867272886017469657e-01	4.867272886017469657e-01	4.867272886017469657e-01	4.867272886017469657e-01	4.867272886017469657e-01	4.867272886017469657e-01	4.867272886017469657e-01	4.867272886017469657e-01	4.867272886017469657e-01	4.074980613587370071e-01	4.867272886017469657e-01	4.867272886017469657e-01	4.559538024790319999e-01	5.304627387830990193e-01	4.867272886017469657e-01	4.923746952207200267e-01	4.867272886017469657e-01	5.147485482233450371e-01	5.314317695001230524e-01	5.132264567903920272e-01	4.867272886017469657e-01	4.867272886017469657e-01	4.867272886017469657e-01	4.867272886017469657e-01
5.572963480974759687e-01	4.867272886017469657e-01	4.867272886017469657e-01	4.867272886017469657e-01	6.141998288188880162e-01	4.867272886017469657e-01	4.867272886017469657e-01	4.867272886017469657e-01	4.867272886017469657e-01	6.040971342295770041e-01	9.999999999999820144e-01	4.867272886017469657e-01	5.106641236286260099e-01	4.094588005888519788e-01	4.867272886017469657e-01	4.867272886017469657e-01	3.310979081190699724e-01	4.867272886017469657e-01	4.867272886017469657e-01	4.867272886017469657e-01	4.207727342129810033e-01	4.986611452359199781e-01	4.867272886017469657e-01	4.867272886017469657e-01	4.867272886017469657e-01	4.867272886017469657e-01	4.867272886017469657e-01	5.742706163843469547e-01	4.867272886017469657e-01	4.867272886017469657e-01	5.219191160006509955e-01	4.585099000125090196e-01	4.605076159041279760e-01	5.562745536037140281e-01	4.867272886017469657e-01	4.867272886017469657e-01	4.867272886017469657e-01	4.867272886017469657e-01	3.643228302386820050e-01	5.295017209916019763e-01	4.867272886017469657e-01	5.337765631204770544e-01	4.867272886017469657e-01	4.867272886017469657e-01	4.974319120412870054e-01	4.867272886017469657e-01	4.867272886017469657e-01	4.867272886017469657e-01	5.517855789447949633e-01	4.867272886017469657e-01	5.305557654833279457e-01	4.867272886017469657e-01	4.867272886017469657e-01	4.867272886017469657e-01	4.867272886017469657e-01	4.557345889742420164e-01	4.161979109084680273e-01	4.791126462373769823e-01	4.867272886017469657e-01	3.576477943575530061e-01	4.867272886017469657e-01	4.867272886017469657e-01	4.867272886017469657e-01	3.675014634703370198e-01	4.867272886017469657e-01	4.867272886017469657e-01	4.867272886017469657e-01	4.867272886017469657e-01	4.867272886017469657e-01	4.867272886017469657e-01	4.867272886017469657e-01	4.867272886017469657e-01	4.867272886017469657e-01	5.326593832875370360e-01	4.867272886017469657e-01	4.391498627923899889e-01	4.867272886017469657e-01	4.867272886017469657e-01	4.867272886017469657e-01	4.867272886017469657e-01	4.867272886017469657e-01	4.867272886017469657e-01	4.867272886017469657e-01	3.990390433629389944e-01	3.303308994341510041e-01	4.867272886017469657e-01	4.867272886017469657e-01	4.867272886017469657e-01	4.867272886017469657e-01	4.999063658529609988e-01	5.485451154094710402e-01	4.867272886017469657e-01	4.867272886017469657e-01	4.867272886017469657e-01	4.867272886017469657e-01	4.604324505047889815e-01	5.462810232605800342e-01	4.867272886017469657e-01	4.867272886017469657e-01	4.867272886017469657e-01	6.125403799279179884e-01	4.867272886017469657e-01	3.379616057071210267e-01	4.521266587109620261e-01	4.867272886017469657e-01	4.356527808351590147e-01	4.867272886017469657e-01	4.867272886017469657e-01	4.867272886017469657e-01	4.867272886017469657e-01	4.867272886017469657e-01	4.867272886017469657e-01	4.383050999396280178e-01	4.867272886017469657e-01	4.867272886017469657e-01	4.867272886017469657e-01	4.867272886017469657e-01	5.598451796117549506e-01	4.867272886017469657e-01	4.867272886017469657e-01	5.994896886393129565e-01	6.015389971119560197e-01	4.867272886017469657e-01	4.867272886017469657e-01
4.979262836135640025e-01	4.896395743925600064e-01	4.867272886017469657e-01	4.850872500681360222e-01	5.513993687010579903e-01	3.932483226984179736e-01	4.867272886017469657e-01	4.593709486081379856e-01	4.867272886017469657e-01	5.205911458056420305e-01	4.867272886017469657e-01	1.000000000000089928e+00	4.612974807767249996e-01	4.867272886017469657e-01	1.000000000000000021e-03	4.867272886017469657e-01	4.867272886017469657e-01	4.014400150335720174e-01	4.415767097823600218e-01	4.867272886017469657e-01	4.867272886017469657e-01	4.602276011104409759e-01	4.867272886017469657e-01	4.867272886017469657e-01	4.867272886017469657e-01	5.354111111484249896e-01	4.867272886017469657e-01	4.867272886017469657e-01	4.867272886017469657e-01	4.867272886017469657e-01	4.391429832988730242e-01	4.208622302845480001e-01	4.867272886017469657e-01	5.018989844833170455e-01	4.867272886017469657e-01	4.867272886017469657e-01	4.867272886017469657e-01	4.867272886017469657e-01	3.300963436857859978e-01	4.867272886017469657e-01	2.697383576784300185e-01	4.867272886017469657e-01	4.867272886017469657e-01	4.867272886017469657e-01	4.867272886017469657e-01	4.867272886017469657e-01	4.867272886017469657e-01	4.867272886017469657e-01	4.867272886017469657e-01	5.204219624884249829e-01	4.867272886017469657e-01	4.621345856698260146e-01	4.867272886017469657e-01	4.867272886017469657e-01	4.867272886017469657e-01	4.867272886017469657e-01	4.867272886017469657e-01	4.716511413396560215e-01	3.712748259359660019e-01	4.867272886017469657e-01	4.867272886017469657e-01	4.242913856914750093e-01	6.311655067191790369e-01	3.268869150193680073e-01	4.867272886017469657e-01	4.867272886017469657e-01	3.715371989452370127e-01	4.867272886017469657e-01	4.159905890783510141e-01	2.525451693909500084e-01	3.884126587143619802e-01	4.867272886017469657e-01	4.597487492485070049e-01	4.867272886017469657e-01	4.385441962242129788e-01	4.584450693510719876e-01	5.881684094679140440e-01	4.867272886017469657e-01	4.867272886017469657e-01	4.867272886017469657e-01	4.867272886017469657e-01	3.799739686472309863e-01	3.214316661451310231e-01	4.867272886017469657e-01	2.893124257334470095e-01	2.847869506745410173e-01	4.867272886017469657e-01	4.867272886017469657e-01	4.867272886017469657e-01	4.481043289384110118e-01	4.867272886017469657e-01	4.867272886017469657e-01	2.850625058813640034e-01	4.867272886017469657e-01	4.867272886017469657e-01	4.078446181634540202e-01	4.763448916328250071e-01	4.867272886017469657e-01	4.867272886017469657e-01	4.867272886017469657e-01	4.867272886017469657e-01	2.935903096464430040e-01	4.867272886017469657e-01	4.428251805522059881e-01	4.867272886017469657e-01	4.867272886017469657e-01	4.867272886017469657e-01	3.412249075456300074e-01	4.867272886017469657e-01	4.867272886017469657e-01	4.867272886017469657e-01	3.774953542601969803e-01	4.867272886017469657e-01	4.867272886017469657e-01	4.931173725692860055e-01	5.051981135258929445e-01	4.867272886017469657e-01	4.867272886017469657e-01	4.867272886017469657e-01	4.867272886017469657e-01	4.867272886017469657e-01	4.867272886017469657e-01	5.583520447667890130e-01	5.948784813966829788e-01
