1.000000000000000000e+00	7.824998244898494493e-01	7.129314110581740360e-01	7.824998244898494493e-01	7.824998244898494493e-01	7.824998244898494493e-01	7.824998244898494493e-01	7.824998244898494493e-01	7.824998244898494493e-01	7.824998244898494493e-01	7.824998244898494493e-01	7.824998244898494493e-01	7.824998244898494493e-01	7.824998244898494493e-01	9.211983569214829970e-01	8.524068744724659918e-01	7.824998244898494493e-01	7.824998244898494493e-01	7.824998244898494493e-01	7.824998244898494493e-01	7.824998244898494493e-01	7.824998244898494493e-01	7.824998244898494493e-01	8.002373450385610321e-01	8.872257310331640445e-01	7.824998244898494493e-01	7.824998244898494493e-01	7.824998244898494493e-01	7.824998244898494493e-01	8.440352745310819582e-01	7.824998244898494493e-01	7.824998244898494493e-01	7.824998244898494493e-01	7.824998244898494493e-01	7.824998244898494493e-01	7.824998244898494493e-01	7.824998244898494493e-01	7.824998244898494493e-01	7.824998244898494493e-01	7.824998244898494493e-01	7.824998244898494493e-01	7.204863411009849727e-01	8.909152915045830401e-01	7.824998244898494493e-01	9.215870733177939922e-01	7.824998244898494493e-01	7.048971310846160465e-01	9.441282771009029684e-01	8.750271489452090545e-01	7.419209905609740474e-01	7.824998244898494493e-01	7.824998244898494493e-01	7.824998244898494493e-01	9.353362437748780067e-01	7.824998244898494493e-01	7.824998244898494493e-01	7.824998244898494493e-01	9.483020982489860362e-01	7.824998244898494493e-01	9.348317228139629842e-01	7.824998244898494493e-01	7.824998244898494493e-01	7.824998244898494493e-01	7.824998244898494493e-01	8.457762928103980116e-01	7.824998244898494493e-01	7.824998244898494493e-01	7.824998244898494493e-01	9.095162108139279722e-01	7.824998244898494493e-01	7.824998244898494493e-01	9.396599508080499819e-01	7.824998244898494493e-01	7.824998244898494493e-01	5.429284510988340307e-01	6.669664785163730292e-01	7.824998244898494493e-01	7.824998244898494493e-01	7.824998244898494493e-01	7.824998244898494493e-01	7.824998244898494493e-01	9.523713675590970151e-01	7.824998244898494493e-01	7.824998244898494493e-01	9.394388429253890394e-01	7.824998244898494493e-01	7.824998244898494493e-01	9.009559931899829843e-01	1.000000000000000021e-03	7.824998244898494493e-01	7.824998244898494493e-01	7.824998244898494493e-01	9.211428393935630066e-01	7.824998244898494493e-01	9.380702117223029823e-01	7.824998244898494493e-01	7.824998244898494493e-01	7.824998244898494493e-01	7.824998244898494493e-01	9.096650069247079751e-01	7.824998244898494493e-01	7.824998244898494493e-01	9.305329027187390079e-01	7.824998244898494493e-01	7.824998244898494493e-01	9.401131148663679493e-01	7.824998244898494493e-01	7.870768793974810551e-01	7.824998244898494493e-01	9.023507517880530182e-01	7.824998244898494493e-01	7.824998244898494493e-01	7.905450604771729894e-01	7.824998244898494493e-01	7.824998244898494493e-01	7.824998244898494493e-01	7.824998244898494493e-01	7.824998244898494493e-01	9.406798772800429864e-01	7.824998244898494493e-01	7.824998244898494493e-01	7.824998244898494493e-01	7.824998244898494493e-01	7.824998244898494493e-01
7.824998244898494493e-01	1.000000000000000000e+00	7.824998244898494493e-01	6.904908755223060357e-01	7.824998244898494493e-01	7.624009644313169964e-01	7.824998244898494493e-01	7.824998244898494493e-01	7.460825435716980092e-01	8.197963252663460487e-01	7.824998244898494493e-01	7.936594434260489939e-01	7.824998244898494493e-01	7.824998244898494493e-01	7.824998244898494493e-01	7.824998244898494493e-01	7.824998244898494493e-01	7.824998244898494493e-01	7.824998244898494493e-01	7.824998244898494493e-01	7.824998244898494493e-01	7.824998244898494493e-01	7.935091265468370292e-01	7.824998244898494493e-01	7.824998244898494493e-01	7.824998244898494493e-01	7.824998244898494493e-01	7.824998244898494493e-01	7.824998244898494493e-01	7.824998244898494493e-01	6.789559771089550555e-01	7.824998244898494493e-01	7.824998244898494493e-01	7.824998244898494493e-01	6.608844294140370224e-01	5.566183945353799789e-01	7.824998244898494493e-01	7.824998244898494493e-01	7.824998244898494493e-01	7.824998244898494493e-01	7.824998244898494493e-01	7.824998244898494493e-01	7.824998244898494493e-01	6.232151833849890465e-01	7.824998244898494493e-01	7.824998244898494493e-01	7.824998244898494493e-01	7.824998244898494493e-01	7.824998244898494493e-01	8.144729302523869841e-01	7.824998244898494493e-01	7.824998244898494493e-01	7.824998244898494493e-01	7.824998244898494493e-01	7.824998244898494493e-01	7.824998244898494493e-01	7.824998244898494493e-01	7.824998244898494493e-01	6.115532317022179809e-01	7.824998244898494493e-01	7.824998244898494493e-01	7.824998244898494493e-01	7.824998244898494493e-01	7.824998244898494493e-01	7.600786278176180355e-01	7.824998244898494493e-01	7.824998244898494493e-01	7.888452858720980121e-01	7.824998244898494493e-01	7.824998244898494493e-01	7.824998244898494493e-01	7.824998244898494493e-01	7.824998244898494493e-01	7.824998244898494493e-01	7.824998244898494493e-01	7.736175830269480524e-01	7.824998244898494493e-01	7.824998244898494493e-01	7.824998244898494493e-01	7.824998244898494493e-01	6.375008857990259736e-01	7.824998244898494493e-01	7.824998244898494493e-01	7.824998244898494493e-01	7.824998244898494493e-01	7.824998244898494493e-01	7.824998244898494493e-01	6.208587218547440001e-01	7.824998244898494493e-01	7.824998244898494493e-01	7.824998244898494493e-01	7.824998244898494493e-01	7.824998244898494493e-01	7.824998244898494493e-01	7.824998244898494493e-01	7.824998244898494493e-01	7.430503563330780326e-01	6.016442846443950110e-01	7.824998244898494493e-01	7.824998244898494493e-01	7.824998244898494493e-01	8.013634815890170460e-01	7.824998244898494493e-01	7.824998244898494493e-01	7.824998244898494493e-01	7.824998244898494493e-01	7.824998244898494493e-01	7.824998244898494493e-01	7.862189832534870471e-01	7.824998244898494493e-01	7.824998244898494493e-01	7.034057349120209635e-01	7.824998244898494493e-01	7.824998244898494493e-01	7.824998244898494493e-01	7.824998244898494493e-01	7.824998244898494493e-01	7.358921370413950003e-01	7.824998244898494493e-01	7.824998244898494493e-01	7.824998244898494493e-01	7.824998244898494493e-01	7.824998244898494493e-01	6.085017088190209922e-01
7.129314110581740360e-01	7.824998244898494493e-01	1.000000000000000000e+00	7.824998244898494493e-01	7.824998244898494493e-01	7.824998244898494493e-01	7.824998244898494493e-01	7.824998244898494493e-01	7.824998244898494493e-01	8.512651966071239640e-01	7.824998244898494493e-01	8.585718335758739661e-01	7.824998244898494493e-01	7.824998244898494493e-01	7.824998244898494493e-01	7.824998244898494493e-01	7.824998244898494493e-01	7.824998244898494493e-01	6.923541618900159733e-01	7.824998244898494493e-01	7.763711109172199976e-01	6.565514831119959593e-01	7.824998244898494493e-01	7.824998244898494493e-01	7.824998244898494493e-01	6.792522218779950549e-01	7.824998244898494493e-01	7.824998244898494493e-01	6.227181559729479954e-01	7.564422853086669729e-01	7.268081235845690324e-01	7.824998244898494493e-01	7.824998244898494493e-01	8.084389883649459874e-01	6.522899999758700051e-01	7.824998244898494493e-01	7.145209234520979447e-01	7.824998244898494493e-01	6.348954131115269739e-01	7.824998244898494493e-01	6.347296233795559628e-01	7.824998244898494493e-01	7.824998244898494493e-01	7.824998244898494493e-01	6.326182336028699504e-01	7.824998244898494493e-01	7.824998244898494493e-01	6.323096623635660052e-01	7.824998244898494493e-01	8.754667304362430125e-01	6.489513937932830379e-01	7.824998244898494493e-01	7.824998244898494493e-01	6.418794034510669766e-01	7.824998244898494493e-01	7.824998244898494493e-01	6.256901160070800216e-01	7.824998244898494493e-01	7.824998244898494493e-01	7.824998244898494493e-01	6.181881899464299890e-01	7.824998244898494493e-01	7.824998244898494493e-01	7.824998244898494493e-01	7.824998244898494493e-01	8.234228603976070371e-01	7.845375164845690419e-01	8.484213396959779940e-01	7.824998244898494493e-01	7.824998244898494493e-01	7.824998244898494493e-01	7.824998244898494493e-01	6.200947919485100268e-01	7.824998244898494493e-01	7.824998244898494493e-01	7.824998244898494493e-01	7.824998244898494493e-01	7.824998244898494493e-01	7.824998244898494493e-01	6.722203350342179640e-01	7.824998244898494493e-01	7.824998244898494493e-01	7.824998244898494493e-01	7.824998244898494493e-01	6.291076246687199447e-01	6.386820581932639573e-01	6.517772669451209477e-01	6.103206312739779538e-01	7.824998244898494493e-01	8.217420062485329968e-01	7.824998244898494493e-01	7.824998244898494493e-01	7.824998244898494493e-01	6.309790875771850160e-01	6.485734280305059940e-01	6.073920400011170173e-01	7.824998244898494493e-01	7.824998244898494493e-01	6.562142881885549839e-01	7.086760788399749655e-01	7.824998244898494493e-01	8.574637321859019945e-01	7.824998244898494493e-01	7.824998244898494493e-01	7.824998244898494493e-01	7.824998244898494493e-01	7.824998244898494493e-01	7.824998244898494493e-01	7.824998244898494493e-01	7.824998244898494493e-01	6.076657794265469814e-01	7.824998244898494493e-01	7.824998244898494493e-01	7.824998244898494493e-01	7.824998244898494493e-01	7.824998244898494493e-01	6.586331087282639718e-01	7.824998244898494493e-01	7.824998244898494493e-01	7.824998244898494493e-01	7.824998244898494493e-01	6.204971179771230361e-01	7.824998244898494493e-01	7.824998244898494493e-01
7.824998244898494493e-01	6.904908755223060357e-01	7.824998244898494493e-01	1.000000000000000000e+00	7.824998244898494493e-01	8.040103757947789642e-01	7.824998244898494493e-01	7.824998244898494493e-01	7.824998244898494493e-01	7.824998244898494493e-01	8.454802121315190266e-01	7.824998244898494493e-01	7.824998244898494493e-01	7.824998244898494493e-01	8.308958039344569446e-01	7.824998244898494493e-01	7.824998244898494493e-01	6.285012715631459468e-01	8.119640143041260139e-01	7.824998244898494493e-01	7.196535224716680279e-01	7.824998244898494493e-01	7.824998244898494493e-01	8.126400759163879828e-01	7.824998244898494493e-01	7.824998244898494493e-01	7.824998244898494493e-01	7.824998244898494493e-01	7.824998244898494493e-01	8.429290003287690514e-01	7.824998244898494493e-01	7.824998244898494493e-01	7.824998244898494493e-01	7.824998244898494493e-01	7.824998244898494493e-01	7.824998244898494493e-01	7.824998244898494493e-01	8.097881260304370388e-01	7.824998244898494493e-01	8.270464495243240455e-01	8.057913899119549805e-01	7.824998244898494493e-01	7.824998244898494493e-01	7.824998244898494493e-01	7.824998244898494493e-01	6.996769786511569666e-01	7.537421326033909574e-01	7.824998244898494493e-01	7.824998244898494493e-01	7.824998244898494493e-01	8.202693654673399726e-01	8.087638760827320361e-01	7.824998244898494493e-01	7.824998244898494493e-01	7.795482200625669655e-01	7.824998244898494493e-01	7.824998244898494493e-01	7.824998244898494493e-01	7.824998244898494493e-01	8.157431699502549760e-01	7.824998244898494493e-01	7.824998244898494493e-01	7.941219602112810083e-01	7.824998244898494493e-01	7.824998244898494493e-01	7.824998244898494493e-01	7.824998244898494493e-01	8.006232706093849849e-01	8.138584056561789515e-01	7.824998244898494493e-01	7.824998244898494493e-01	7.824998244898494493e-01	7.886053460127470105e-01	7.824998244898494493e-01	6.099826708502019690e-01	7.824998244898494493e-01	7.824998244898494493e-01	7.824998244898494493e-01	7.824998244898494493e-01	8.159937085610280416e-01	7.824998244898494493e-01	7.824998244898494493e-01	7.824998244898494493e-01	7.179351385724099810e-01	7.824998244898494493e-01	7.824998244898494493e-01	8.058399551768340441e-01	7.824998244898494493e-01	1.000000000000000021e-03	7.824998244898494493e-01	7.824998244898494493e-01	7.592610542007619534e-01	7.824998244898494493e-01	7.824998244898494493e-01	7.824998244898494493e-01	8.020030961779579526e-01	8.148072581132990155e-01	8.141177111786159770e-01	7.824998244898494493e-01	8.308338063929510131e-01	7.824998244898494493e-01	7.824998244898494493e-01	7.824998244898494493e-01	7.798637355833919482e-01	8.310221978658589581e-01	7.824998244898494493e-01	7.824998244898494493e-01	7.473190406179109901e-01	7.824998244898494493e-01	7.824998244898494493e-01	7.773855713340990237e-01	8.258462985655780075e-01	7.824998244898494493e-01	7.180464099282900525e-01	7.298913263700039789e-01	7.824998244898494493e-01	7.824998244898494493e-01	8.200316345413229957e-01	7.824998244898494493e-01	7.824998244898494493e-01	7.824998244898494493e-01	7.824998244898494493e-01	7.775328338785589821e-01	7.824998244898494493e-01
7.824998244898494493e-01	7.824998244898494493e-01	7.824998244898494493e-01	7.824998244898494493e-01	1.000000000000000000e+00	7.824998244898494493e-01	7.824998244898494493e-01	7.824998244898494493e-01	9.203527384079039919e-01	8.465582497197630119e-01	7.824998244898494493e-01	7.824998244898494493e-01	7.824998244898494493e-01	7.824998244898494493e-01	7.824998244898494493e-01	7.824998244898494493e-01	7.824998244898494493e-01	6.360370748843180433e-01	7.824998244898494493e-01	8.340542459232309636e-01	7.310128700564729742e-01	7.824998244898494493e-01	7.824998244898494493e-01	8.525977107399760335e-01	7.824998244898494493e-01	7.824998244898494493e-01	8.984874735413379554e-01	7.824998244898494493e-01	7.824998244898494493e-01	7.824998244898494493e-01	7.824998244898494493e-01	7.824998244898494493e-01	7.824998244898494493e-01	7.824998244898494493e-01	8.654964510535330113e-01	7.824998244898494493e-01	7.824998244898494493e-01	7.824998244898494493e-01	8.594766119083999678e-01	7.824998244898494493e-01	7.824998244898494493e-01	7.824998244898494493e-01	7.824998244898494493e-01	7.824998244898494493e-01	7.824998244898494493e-01	7.824998244898494493e-01	7.824998244898494493e-01	7.824998244898494493e-01	7.824998244898494493e-01	7.824998244898494493e-01	8.649104465069179515e-01	7.824998244898494493e-01	8.575720167654670156e-01	7.824998244898494493e-01	7.824998244898494493e-01	8.303213116718070053e-01	8.442969255420540442e-01	7.824998244898494493e-01	8.280320647591780103e-01	7.824998244898494493e-01	7.824998244898494493e-01	7.824998244898494493e-01	7.824998244898494493e-01	5.530388775646010169e-01	7.824998244898494493e-01	7.824998244898494493e-01	7.824998244898494493e-01	7.824998244898494493e-01	7.824998244898494493e-01	7.824998244898494493e-01	8.523359334201809911e-01	7.824998244898494493e-01	7.824998244898494493e-01	8.353550243456879798e-01	7.824998244898494493e-01	7.824998244898494493e-01	7.824998244898494493e-01	7.824998244898494493e-01	7.824998244898494493e-01	7.824998244898494493e-01	8.718786799223290362e-01	7.824998244898494493e-01	8.459947794390220155e-01	7.730383211429260326e-01	7.824998244898494493e-01	7.824998244898494493e-01	7.824998244898494493e-01	8.071639067503370013e-01	7.824998244898494493e-01	7.824998244898494493e-01	7.958194010222120474e-01	7.813109225686269976e-01	7.824998244898494493e-01	7.824998244898494493e-01	7.824998244898494493e-01	7.824998244898494493e-01	7.824998244898494493e-01	7.824998244898494493e-01	8.718386451994349917e-01	8.807185223187530276e-01	7.824998244898494493e-01	7.824998244898494493e-01	7.824998244898494493e-01	7.824998244898494493e-01	7.824998244898494493e-01	8.669009992621520277e-01	7.448822957377020382e-01	7.642477106973459833e-01	7.824998244898494493e-01	7.824998244898494493e-01	8.397321309846159654e-01	7.824998244898494493e-01	7.824998244898494493e-01	7.824998244898494493e-01	7.824998244898494493e-01	8.637272331923450119e-01	8.444302049119569720e-01	7.824998244898494493e-01	7.824998244898494493e-01	7.824998244898494493e-01	7.999732770563430240e-01	8.395176710981659962e-01	7.824998244898494493e-01	7.824998244898494493e-01
7.824998244898494493e-01	7.624009644313169964e-01	7.824998244898494493e-01	8.040103757947789642e-01	7.824998244898494493e-01	1.000000000000000000e+00	7.824998244898494493e-01	7.824998244898494493e-01	7.824998244898494493e-01	8.218646490311569686e-01	7.824998244898494493e-01	7.400602266012960007e-01	7.824998244898494493e-01	7.824998244898494493e-01	7.824998244898494493e-01	7.824998244898494493e-01	7.824998244898494493e-01	7.824998244898494493e-01	7.824998244898494493e-01	7.824998244898494493e-01	7.036621594203430474e-01	7.763577422646980031e-01	7.824998244898494493e-01	7.824998244898494493e-01	8.082765934506990213e-01	7.824998244898494493e-01	7.824998244898494493e-01	7.824998244898494493e-01	7.824998244898494493e-01	7.824998244898494493e-01	7.824998244898494493e-01	7.824998244898494493e-01	7.824998244898494493e-01	8.413049020532600286e-01	7.824998244898494493e-01	7.182648816334049613e-01	8.245011681526289715e-01	7.824998244898494493e-01	7.824998244898494493e-01	7.824998244898494493e-01	7.824998244898494493e-01	7.604168153365370442e-01	7.824998244898494493e-01	7.824998244898494493e-01	7.824998244898494493e-01	7.824998244898494493e-01	7.831720063137079801e-01	7.824998244898494493e-01	7.824998244898494493e-01	7.824998244898494493e-01	7.824998244898494493e-01	7.824998244898494493e-01	7.824998244898494493e-01	7.604386390525309514e-01	7.824998244898494493e-01	7.824998244898494493e-01	7.824998244898494493e-01	7.804234742387079482e-01	7.369023448903080364e-01	7.824998244898494493e-01	7.824998244898494493e-01	7.824998244898494493e-01	7.824998244898494493e-01	5.780512181500040425e-01	7.824998244898494493e-01	7.540147431287109736e-01	7.824998244898494493e-01	8.312678863481030023e-01	7.824998244898494493e-01	7.384075423082480105e-01	7.824998244898494493e-01	7.824998244898494493e-01	7.539260257092650352e-01	7.824998244898494493e-01	7.824998244898494493e-01	7.698877435948050518e-01	7.824998244898494493e-01	7.824998244898494493e-01	7.879515410307970091e-01	7.805175497410899998e-01	7.568201220998760359e-01	7.713828297095030040e-01	7.824998244898494493e-01	7.695740555143839590e-01	7.824998244898494493e-01	7.700004374205550173e-01	7.824998244898494493e-01	7.824998244898494493e-01	1.000000000000000021e-03	7.824998244898494493e-01	7.824998244898494493e-01	7.824998244898494493e-01	8.179280171257019560e-01	7.824998244898494493e-01	7.824998244898494493e-01	7.824998244898494493e-01	7.824998244898494493e-01	7.694547992275709847e-01	7.824998244898494493e-01	7.824998244898494493e-01	7.824998244898494493e-01	7.824998244898494493e-01	7.632679187003089671e-01	7.824998244898494493e-01	7.824998244898494493e-01	7.824998244898494493e-01	7.824998244898494493e-01	7.432636369190369630e-01	7.772584124913269887e-01	7.824998244898494493e-01	7.824998244898494493e-01	7.824998244898494493e-01	7.824998244898494493e-01	7.585357860498630478e-01	7.824998244898494493e-01	7.824998244898494493e-01	7.824998244898494493e-01	8.236639383070070153e-01	8.126517370860389944e-01	7.824998244898494493e-01	7.824998244898494493e-01	7.824998244898494493e-01	7.247106688703569555e-01	7.773811092681770507e-01
7.824998244898494493e-01	7.824998244898494493e-01	7.824998244898494493e-01	7.824998244898494493e-01	7.824998244898494493e-01	7.824998244898494493e-01	1.000000000000000000e+00	7.824998244898494493e-01	8.624590023994169741e-01	7.824998244898494493e-01	8.509110253792729894e-01	7.824998244898494493e-01	7.824998244898494493e-01	7.824998244898494493e-01	7.824998244898494493e-01	7.824998244898494493e-01	7.824998244898494493e-01	6.392138409008449873e-01	7.824998244898494493e-01	7.810194773114289557e-01	7.824998244898494493e-01	7.824998244898494493e-01	7.824998244898494493e-01	7.824998244898494493e-01	8.656852488863500117e-01	7.824998244898494493e-01	7.824998244898494493e-01	7.824998244898494493e-01	7.824998244898494493e-01	7.824998244898494493e-01	7.824998244898494493e-01	7.824998244898494493e-01	7.824998244898494493e-01	8.069739760182369492e-01	7.824998244898494493e-01	7.276909890646739987e-01	7.824998244898494493e-01	7.824998244898494493e-01	7.854341513071859682e-01	7.824998244898494493e-01	7.824998244898494493e-01	8.050886776602940165e-01	8.219165418722950145e-01	7.824998244898494493e-01	7.824998244898494493e-01	7.533225916268010414e-01	7.824998244898494493e-01	7.824998244898494493e-01	8.269989796381139735e-01	7.978455495149170407e-01	7.824998244898494493e-01	7.926624182511310401e-01	8.253700422094220057e-01	7.824998244898494493e-01	7.824998244898494493e-01	7.824998244898494493e-01	8.072936412309470455e-01	7.915144345368609891e-01	7.790114658955910043e-01	7.824998244898494493e-01	7.824998244898494493e-01	7.824998244898494493e-01	7.923303549374429711e-01	5.558872413155480086e-01	8.243946934335729670e-01	7.824998244898494493e-01	7.824998244898494493e-01	7.824998244898494493e-01	7.824998244898494493e-01	7.824998244898494493e-01	7.755716249151110020e-01	7.824998244898494493e-01	7.824998244898494493e-01	8.219189007156509907e-01	7.824998244898494493e-01	7.824998244898494493e-01	7.824998244898494493e-01	7.994431081340529488e-01	8.140943469348720374e-01	7.963265979464370092e-01	7.824998244898494493e-01	7.824998244898494493e-01	8.141200476398700037e-01	7.694172594065979975e-01	7.824998244898494493e-01	7.824998244898494493e-01	7.824998244898494493e-01	7.744061647294570028e-01	7.824998244898494493e-01	7.824998244898494493e-01	7.824998244898494493e-01	7.824998244898494493e-01	7.824998244898494493e-01	7.824998244898494493e-01	7.901753315640950293e-01	7.824998244898494493e-01	7.824998244898494493e-01	7.895632775696860284e-01	7.824998244898494493e-01	7.824998244898494493e-01	8.513800285687429525e-01	7.824998244898494493e-01	8.290331300417109750e-01	7.824998244898494493e-01	8.118964390846890034e-01	7.824998244898494493e-01	7.926100976737749937e-01	7.824998244898494493e-01	8.491618743557219906e-01	7.660703484094769644e-01	7.824998244898494493e-01	7.824998244898494493e-01	7.824998244898494493e-01	7.824998244898494493e-01	7.824998244898494493e-01	7.824998244898494493e-01	7.824998244898494493e-01	7.824998244898494493e-01	7.824998244898494493e-01	7.824998244898494493e-01	8.018857185859730174e-01	7.824998244898494493e-01	7.495077403310730357e-01	7.824998244898494493e-01
7.824998244898494493e-01	7.824998244898494493e-01	7.824998244898494493e-01	7.824998244898494493e-01	7.824998244898494493e-01	7.824998244898494493e-01	7.824998244898494493e-01	1.000000000000000000e+00	8.950362258970080420e-01	7.824998244898494493e-01	7.824998244898494493e-01	7.824998244898494493e-01	8.541578069742450374e-01	5.309600733973000031e-01	7.824998244898494493e-01	8.509769633380660503e-01	8.347702617009830073e-01	7.824998244898494493e-01	7.824998244898494493e-01	8.271057907138269494e-01	7.824998244898494493e-01	7.824998244898494493e-01	7.887004077920960476e-01	7.824998244898494493e-01	7.824998244898494493e-01	7.824998244898494493e-01	7.824998244898494493e-01	8.440086294415020118e-01	8.034936729644750475e-01	7.824998244898494493e-01	7.824998244898494493e-01	7.824998244898494493e-01	7.824998244898494493e-01	7.824998244898494493e-01	8.503715030013729859e-01	7.824998244898494493e-01	7.824998244898494493e-01	7.824998244898494493e-01	8.142275321064960103e-01	7.824998244898494493e-01	8.440183184676609551e-01	7.824998244898494493e-01	7.824998244898494493e-01	7.824998244898494493e-01	7.824998244898494493e-01	7.824998244898494493e-01	7.824998244898494493e-01	7.824998244898494493e-01	7.824998244898494493e-01	7.824998244898494493e-01	7.824998244898494493e-01	7.824998244898494493e-01	7.824998244898494493e-01	7.824998244898494493e-01	7.824998244898494493e-01	7.977654120099539892e-01	7.824998244898494493e-01	8.233094363864890131e-01	8.156237814224259752e-01	7.824998244898494493e-01	7.824998244898494493e-01	7.470059726191059513e-01	7.824998244898494493e-01	5.444107272954430421e-01	7.824998244898494493e-01	7.824998244898494493e-01	7.824998244898494493e-01	8.231062574382479458e-01	7.824998244898494493e-01	8.347750531731360502e-01	7.824998244898494493e-01	8.481267671241430328e-01	8.055925341235139481e-01	8.625060323647679716e-01	6.097446349777959629e-01	7.824998244898494493e-01	7.824998244898494493e-01	7.824998244898494493e-01	8.176839246622490398e-01	7.824998244898494493e-01	7.824998244898494493e-01	8.109137392511870379e-01	7.824998244898494493e-01	7.824998244898494493e-01	7.824998244898494493e-01	7.824998244898494493e-01	7.824998244898494493e-01	7.824998244898494493e-01	7.824998244898494493e-01	7.824998244898494493e-01	7.824998244898494493e-01	7.824998244898494493e-01	7.824998244898494493e-01	8.274904248233290183e-01	7.824998244898494493e-01	7.824998244898494493e-01	7.824998244898494493e-01	8.143934598996750429e-01	7.824998244898494493e-01	7.824998244898494493e-01	7.824998244898494493e-01	7.194366931167079926e-01	7.824998244898494493e-01	7.824998244898494493e-01	7.824998244898494493e-01	7.824998244898494493e-01	7.824998244898494493e-01	7.824998244898494493e-01	7.824998244898494493e-01	7.824998244898494493e-01	7.824998244898494493e-01	7.824998244898494493e-01	8.665726531088659979e-01	7.965163086338830079e-01	7.824998244898494493e-01	7.824998244898494493e-01	7.824998244898494493e-01	8.540082864908079552e-01	8.616895605451290185e-01	7.824998244898494493e-01	7.824998244898494493e-01	8.324042449099630092e-01	7.750420574280789676e-01	7.824998244898494493e-01
7.824998244898494493e-01	7.460825435716980092e-01	7.824998244898494493e-01	7.824998244898494493e-01	9.203527384079039919e-01	7.824998244898494493e-01	8.624590023994169741e-01	8.950362258970080420e-01	1.000000000000000000e+00	7.824998244898494493e-01	7.824998244898494493e-01	7.469116490799789787e-01	7.824998244898494493e-01	5.407793322759809618e-01	7.824998244898494493e-01	8.765603613541379513e-01	7.824998244898494493e-01	7.824998244898494493e-01	7.824998244898494493e-01	7.824998244898494493e-01	7.643837095461010200e-01	8.778971971485339809e-01	7.824998244898494493e-01	8.759165879636660046e-01	9.053909671184130481e-01	8.792537353184629589e-01	7.824998244898494493e-01	7.824998244898494493e-01	7.824998244898494493e-01	8.846094815884339990e-01	7.824998244898494493e-01	7.824998244898494493e-01	7.824998244898494493e-01	7.824998244898494493e-01	8.659834345822869928e-01	7.824998244898494493e-01	7.824998244898494493e-01	7.824998244898494493e-01	7.824998244898494493e-01	7.824998244898494493e-01	8.535598820637040340e-01	7.824998244898494493e-01	7.824998244898494493e-01	7.824998244898494493e-01	7.824998244898494493e-01	7.442626040184210368e-01	7.824998244898494493e-01	7.824998244898494493e-01	7.824998244898494493e-01	8.205942973597980528e-01	7.824998244898494493e-01	8.626595164064000398e-01	8.677722164649339653e-01	8.571315807326860270e-01	8.365954039656220420e-01	8.551143765160339472e-01	7.824998244898494493e-01	7.824998244898494493e-01	7.824998244898494493e-01	7.824998244898494493e-01	8.466189908952439502e-01	7.824998244898494493e-01	8.428951329906270162e-01	7.824998244898494493e-01	7.824998244898494493e-01	7.824998244898494493e-01	8.638933310105999519e-01	8.431927282922270228e-01	7.824998244898494493e-01	7.824998244898494493e-01	7.824998244898494493e-01	7.824998244898494493e-01	7.824998244898494493e-01	7.824998244898494493e-01	7.824998244898494493e-01	7.824998244898494493e-01	7.824998244898494493e-01	8.770082638897249705e-01	7.824998244898494493e-01	7.824998244898494493e-01	7.824998244898494493e-01	7.824998244898494493e-01	8.356427627813479697e-01	7.824998244898494493e-01	8.561064141004649519e-01	8.688911458640630192e-01	7.824998244898494493e-01	7.824998244898494493e-01	1.000000000000000021e-03	7.824998244898494493e-01	7.824998244898494493e-01	7.976326304370110476e-01	9.021021767300979599e-01	7.824998244898494493e-01	8.704260970441529688e-01	7.824998244898494493e-01	7.824998244898494493e-01	7.824998244898494493e-01	7.824998244898494493e-01	8.973227051826480061e-01	9.026304806022159566e-01	7.824998244898494493e-01	7.824998244898494493e-01	8.501665254060589705e-01	7.824998244898494493e-01	7.824998244898494493e-01	7.502200702204679938e-01	7.824998244898494493e-01	7.824998244898494493e-01	7.824998244898494493e-01	7.824998244898494493e-01	8.597455171381519490e-01	7.824998244898494493e-01	7.824998244898494493e-01	7.824998244898494493e-01	7.824998244898494493e-01	7.824998244898494493e-01	7.824998244898494493e-01	7.824998244898494493e-01	7.824998244898494493e-01	7.760926448766150010e-01	7.824998244898494493e-01	7.824998244898494493e-01	7.824998244898494493e-01
7.824998244898494493e-01	8.197963252663460487e-01	8.512651966071239640e-01	7.824998244898494493e-01	8.465582497197630119e-01	8.218646490311569686e-01	7.824998244898494493e-01	7.824998244898494493e-01	7.824998244898494493e-01	1.000000000000000000e+00	7.824998244898494493e-01	7.977677015412459882e-01	7.824998244898494493e-01	7.824998244898494493e-01	7.824998244898494493e-01	7.824998244898494493e-01	7.824998244898494493e-01	7.206724619854020242e-01	7.824998244898494493e-01	7.662330595342450312e-01	7.824998244898494493e-01	7.480400243957260331e-01	7.824998244898494493e-01	8.603946899710299689e-01	7.824998244898494493e-01	7.824998244898494493e-01	7.824998244898494493e-01	7.824998244898494493e-01	7.253744500125729466e-01	7.824998244898494493e-01	7.824998244898494493e-01	7.824998244898494493e-01	7.237898735752880119e-01	8.230802730503620213e-01	7.824998244898494493e-01	7.824998244898494493e-01	7.824998244898494493e-01	8.264414125244969878e-01	7.824998244898494493e-01	7.824998244898494493e-01	7.824998244898494493e-01	7.824998244898494493e-01	7.824998244898494493e-01	7.383863508594390446e-01	7.824998244898494493e-01	7.824998244898494493e-01	7.824998244898494493e-01	7.464166458650010050e-01	7.824998244898494493e-01	8.644315089025650378e-01	7.824998244898494493e-01	7.824998244898494493e-01	8.580249913702520104e-01	7.824998244898494493e-01	7.824998244898494493e-01	7.824998244898494493e-01	7.824998244898494493e-01	7.824998244898494493e-01	7.180608352555609697e-01	7.618738303995530314e-01	7.824998244898494493e-01	7.824998244898494493e-01	7.274007566378759559e-01	7.824998244898494493e-01	7.824998244898494493e-01	7.824998244898494493e-01	8.034636959436659565e-01	7.824998244898494493e-01	7.824998244898494493e-01	7.824998244898494493e-01	7.280293916955280498e-01	7.824998244898494493e-01	7.824998244898494493e-01	7.773409518273789454e-01	7.824998244898494493e-01	7.824998244898494493e-01	7.824998244898494493e-01	7.824998244898494493e-01	8.419184043528219474e-01	7.824998244898494493e-01	7.824998244898494493e-01	7.824998244898494493e-01	7.313171365638290178e-01	7.824998244898494493e-01	7.824998244898494493e-01	7.824998244898494493e-01	7.484845481223429964e-01	7.824998244898494493e-01	1.000000000000000021e-03	7.824998244898494493e-01	7.824998244898494493e-01	7.824998244898494493e-01	7.900370112249139876e-01	7.402556528899220112e-01	7.824998244898494493e-01	7.824998244898494493e-01	7.824998244898494493e-01	7.824998244898494493e-01	7.478103499429109569e-01	7.824998244898494493e-01	7.824998244898494493e-01	7.824998244898494493e-01	7.417953749372070416e-01	8.305930136747590176e-01	7.544021926984010307e-01	7.824998244898494493e-01	7.824998244898494493e-01	7.824998244898494493e-01	8.299496529528519462e-01	7.161530294932100249e-01	7.824998244898494493e-01	8.300735207046560094e-01	7.824998244898494493e-01	7.824998244898494493e-01	7.824998244898494493e-01	7.824998244898494493e-01	7.824998244898494493e-01	7.824998244898494493e-01	7.824998244898494493e-01	7.824998244898494493e-01	7.824998244898494493e-01	7.824998244898494493e-01	7.824998244898494493e-01	7.824998244898494493e-01
7.824998244898494493e-01	7.824998244898494493e-01	7.824998244898494493e-01	8.454802121315190266e-01	7.824998244898494493e-01	7.824998244898494493e-01	8.509110253792729894e-01	7.824998244898494493e-01	7.824998244898494493e-01	7.824998244898494493e-01	1.000000000000000000e+00	7.824998244898494493e-01	9.126984324974619645e-01	7.824998244898494493e-01	7.824998244898494493e-01	7.824998244898494493e-01	7.824998244898494493e-01	7.824998244898494493e-01	7.824998244898494493e-01	8.899672007868499879e-01	7.268477564955519998e-01	7.824998244898494493e-01	7.824998244898494493e-01	7.824998244898494493e-01	7.824998244898494493e-01	7.824998244898494493e-01	7.824998244898494493e-01	7.824998244898494493e-01	7.824998244898494493e-01	7.824998244898494493e-01	7.824998244898494493e-01	7.824998244898494493e-01	7.824998244898494493e-01	7.824998244898494493e-01	7.824998244898494493e-01	7.824998244898494493e-01	9.017501459447989642e-01	7.824998244898494493e-01	9.057834113663499886e-01	7.824998244898494493e-01	8.939528956743020283e-01	7.824998244898494493e-01	7.824998244898494493e-01	7.824998244898494493e-01	8.921511118476229685e-01	7.824998244898494493e-01	7.939487696604740075e-01	8.973690608819400172e-01	7.824998244898494493e-01	7.824998244898494493e-01	8.992304152918170201e-01	8.942839166374040305e-01	7.824998244898494493e-01	7.824998244898494493e-01	7.824998244898494493e-01	7.824998244898494493e-01	7.824998244898494493e-01	9.206248371171900091e-01	8.724994532634380295e-01	7.824998244898494493e-01	8.883289523740709459e-01	7.446343571575310127e-01	7.824998244898494493e-01	7.824998244898494493e-01	7.824998244898494493e-01	7.824998244898494493e-01	7.824998244898494493e-01	8.337287697424310418e-01	7.824998244898494493e-01	8.638611005783870533e-01	7.824998244898494493e-01	8.998784106553060491e-01	8.966508165749129677e-01	7.824998244898494493e-01	7.824998244898494493e-01	7.824998244898494493e-01	8.833942490659889568e-01	7.824998244898494493e-01	7.824998244898494493e-01	7.824998244898494493e-01	7.824998244898494493e-01	7.824998244898494493e-01	8.805744610546439866e-01	7.824998244898494493e-01	7.824998244898494493e-01	7.824998244898494493e-01	7.824998244898494493e-01	8.558091732646130323e-01	7.824998244898494493e-01	7.824998244898494493e-01	7.824998244898494493e-01	7.824998244898494493e-01	9.306584275481299962e-01	7.824998244898494493e-01	7.824998244898494493e-01	8.913654127641550406e-01	7.824998244898494493e-01	9.072429232701529900e-01	7.824998244898494493e-01	7.824998244898494493e-01	7.824998244898494493e-01	7.824998244898494493e-01	8.880128782193159598e-01	7.824998244898494493e-01	7.824998244898494493e-01	7.824998244898494493e-01	7.824998244898494493e-01	7.824998244898494493e-01	7.824998244898494493e-01	8.500884517001420226e-01	7.824998244898494493e-01	7.824998244898494493e-01	7.824998244898494493e-01	7.824998244898494493e-01	7.824998244898494493e-01	8.951184276901820169e-01	7.824998244898494493e-01	7.824998244898494493e-01	9.201335329141759889e-01	7.824998244898494493e-01	7.824998244898494493e-01	7.824998244898494493e-01	7.824998244898494493e-01	7.824998244898494493e-01
7.824998244898494493e-01	7.936594434260489939e-01	8.585718335758739661e-01	7.824998244898494493e-01	7.824998244898494493e-01	7.400602266012960007e-01	7.824998244898494493e-01	7.824998244898494493e-01	7.469116490799789787e-01	7.977677015412459882e-01	7.824998244898494493e-01	1.000000000000000000e+00	7.824998244898494493e-01	7.824998244898494493e-01	7.824998244898494493e-01	6.922905806343310209e-01	7.117436403454999727e-01	7.824998244898494493e-01	7.824998244898494493e-01	7.824998244898494493e-01	7.824998244898494493e-01	7.824998244898494493e-01	8.109160665172640003e-01	7.824998244898494493e-01	6.992072593787369561e-01	6.101770189997619553e-01	6.217199371082460235e-01	7.824998244898494493e-01	7.824998244898494493e-01	7.148573046899809880e-01	7.152615817681859944e-01	7.824998244898494493e-01	7.824998244898494493e-01	7.824998244898494493e-01	7.824998244898494493e-01	7.824998244898494493e-01	7.824998244898494493e-01	7.824998244898494493e-01	5.734428341901459669e-01	7.824998244898494493e-01	7.824998244898494493e-01	7.824998244898494493e-01	7.824998244898494493e-01	7.824998244898494493e-01	5.679332080833080498e-01	7.824998244898494493e-01	7.824998244898494493e-01	7.824998244898494493e-01	7.824998244898494493e-01	7.824998244898494493e-01	7.824998244898494493e-01	7.824998244898494493e-01	7.824998244898494493e-01	5.608871017517870206e-01	7.824998244898494493e-01	8.357482917055909510e-01	7.824998244898494493e-01	5.872883647012590025e-01	7.824998244898494493e-01	7.824998244898494493e-01	7.824998244898494493e-01	7.824998244898494493e-01	5.410292615093600377e-01	7.824998244898494493e-01	7.811876055356119508e-01	7.824998244898494493e-01	7.189372018461429592e-01	7.824998244898494493e-01	7.824998244898494493e-01	5.425188084025710511e-01	5.823539167233360292e-01	5.675340164494819817e-01	7.824998244898494493e-01	5.998632708990609963e-01	7.824998244898494493e-01	7.824998244898494493e-01	5.644801543590850512e-01	7.824998244898494493e-01	7.824998244898494493e-01	7.824998244898494493e-01	7.824998244898494493e-01	5.646421792569370490e-01	7.824998244898494493e-01	9.355483311638049804e-01	7.824998244898494493e-01	7.824998244898494493e-01	7.824998244898494493e-01	7.824998244898494493e-01	1.000000000000000021e-03	7.956937940653460162e-01	7.824998244898494493e-01	7.824998244898494493e-01	7.824998244898494493e-01	7.824998244898494493e-01	7.824998244898494493e-01	7.824998244898494493e-01	7.824998244898494493e-01	7.824998244898494493e-01	7.824998244898494493e-01	6.595088662552720526e-01	7.824998244898494493e-01	7.824998244898494493e-01	5.779533475340480342e-01	7.824998244898494493e-01	7.824998244898494493e-01	7.824998244898494493e-01	8.333675442486550011e-01	7.824998244898494493e-01	7.824998244898494493e-01	5.194448210886469797e-01	5.229899851421120349e-01	6.762218306525089595e-01	7.824998244898494493e-01	7.824998244898494493e-01	7.824998244898494493e-01	7.824998244898494493e-01	7.824998244898494493e-01	7.824998244898494493e-01	7.824998244898494493e-01	5.665445811845060131e-01	7.824998244898494493e-01	7.824998244898494493e-01	5.398659782946609864e-01	7.824998244898494493e-01
