1.000000000000000000e+00	5.941366248514022841e-01	5.941366248514022841e-01	6.358514371471749582e-01	5.941366248514022841e-01	5.941366248514022841e-01	5.941366248514022841e-01	5.941366248514022841e-01	7.600555996296619599e-01	5.941366248514022841e-01	8.252020191593339993e-01	5.941366248514022841e-01	7.522240680925850187e-01	5.941366248514022841e-01	5.941366248514022841e-01	5.941366248514022841e-01	5.941366248514022841e-01	5.941366248514022841e-01	5.941366248514022841e-01	5.941366248514022841e-01	5.941366248514022841e-01	5.941366248514022841e-01	5.040936915901780280e-01	5.941366248514022841e-01	5.941366248514022841e-01	5.941366248514022841e-01	8.690980719815749600e-01	5.941366248514022841e-01	5.941366248514022841e-01	6.677002277271969488e-01	5.941366248514022841e-01	8.763292280852029714e-01	5.941366248514022841e-01	6.559905398210710281e-01	5.941366248514022841e-01	8.192268215087950001e-01	7.856578723222830130e-01	5.941366248514022841e-01	5.941366248514022841e-01	5.941366248514022841e-01	5.941366248514022841e-01	4.579798086320909789e-01	5.941366248514022841e-01	5.941366248514022841e-01	8.232298476698940437e-01	5.941366248514022841e-01	5.941366248514022841e-01	5.941366248514022841e-01	5.941366248514022841e-01	5.941366248514022841e-01	5.941366248514022841e-01	7.714311078447929626e-01	5.941366248514022841e-01	5.941366248514022841e-01	5.941366248514022841e-01	5.941366248514022841e-01	8.522700991017889693e-01	8.812195393890349671e-01	5.941366248514022841e-01	5.941366248514022841e-01	5.941366248514022841e-01	3.737965777929549982e-01	5.941366248514022841e-01	5.941366248514022841e-01	5.941366248514022841e-01	5.941366248514022841e-01	5.941366248514022841e-01	5.323223913688589493e-01	5.941366248514022841e-01	5.941366248514022841e-01	5.941366248514022841e-01	5.941366248514022841e-01	8.304937348738460345e-01	7.752959877558950330e-01	5.941366248514022841e-01	5.941366248514022841e-01	5.941366248514022841e-01	5.941366248514022841e-01	5.941366248514022841e-01	5.941366248514022841e-01	8.034688433295590348e-01	5.941366248514022841e-01	5.941366248514022841e-01	3.649061917379369802e-01	8.617262600739310496e-01	8.746832363850010061e-01	8.829502640384430112e-01	7.800063363912459469e-01	5.941366248514022841e-01	5.425251008528529928e-01	5.941366248514022841e-01	4.217059032418269959e-01	8.222848802286579772e-01	8.100985600679969645e-01	8.587387116854029445e-01	5.941366248514022841e-01	6.754547812468859602e-01	5.941366248514022841e-01	8.992767039247310246e-01	5.941366248514022841e-01	8.879503667234920350e-01	5.941366248514022841e-01	5.941366248514022841e-01	5.941366248514022841e-01	8.884118446640469902e-01	5.941366248514022841e-01	5.941366248514022841e-01	5.941366248514022841e-01	5.941366248514022841e-01	5.941366248514022841e-01	8.381769145798929621e-01	5.941366248514022841e-01	5.941366248514022841e-01	5.941366248514022841e-01	5.941366248514022841e-01	5.941366248514022841e-01	5.941366248514022841e-01	5.941366248514022841e-01	5.941366248514022841e-01	5.941366248514022841e-01	5.941366248514022841e-01	5.941366248514022841e-01	8.193108358687339887e-01	5.941366248514022841e-01
5.941366248514022841e-01	1.000000000000000000e+00	6.759444420592229941e-01	5.941366248514022841e-01	5.941366248514022841e-01	5.941366248514022841e-01	5.941366248514022841e-01	5.534376893417449761e-01	5.941366248514022841e-01	6.229261705202769894e-01	5.941366248514022841e-01	5.941366248514022841e-01	4.539430676878870030e-01	5.941366248514022841e-01	5.941366248514022841e-01	4.432585845697279980e-01	5.097285593100150392e-01	5.941366248514022841e-01	5.941366248514022841e-01	5.941366248514022841e-01	4.594568833841010114e-01	3.088353935681940055e-01	5.763945167583010010e-01	5.941366248514022841e-01	4.322460020547759796e-01	5.941366248514022841e-01	5.941366248514022841e-01	4.656771400607179756e-01	5.941366248514022841e-01	4.478121905601680219e-01	5.941366248514022841e-01	5.941366248514022841e-01	5.941366248514022841e-01	5.941366248514022841e-01	5.941366248514022841e-01	5.941366248514022841e-01	5.941366248514022841e-01	4.263265453000180116e-01	5.941366248514022841e-01	5.941366248514022841e-01	5.941366248514022841e-01	5.941366248514022841e-01	5.941366248514022841e-01	5.941366248514022841e-01	3.025720232429779943e-01	5.760005974860430422e-01	5.941366248514022841e-01	5.941366248514022841e-01	5.941366248514022841e-01	5.941366248514022841e-01	5.941366248514022841e-01	5.941366248514022841e-01	5.301831895196470468e-01	5.941366248514022841e-01	3.053983608769360036e-01	5.941366248514022841e-01	3.336076243691940002e-01	5.941366248514022841e-01	5.941366248514022841e-01	5.941366248514022841e-01	5.941366248514022841e-01	5.468558501265390337e-01	3.089557647088849723e-01	5.941366248514022841e-01	5.202232510795109510e-01	5.941366248514022841e-01	5.941366248514022841e-01	5.941366248514022841e-01	5.941366248514022841e-01	3.379715674066540165e-01	3.029673730640279894e-01	5.941366248514022841e-01	5.941366248514022841e-01	5.941366248514022841e-01	4.280320711706330217e-01	5.941366248514022841e-01	5.941366248514022841e-01	3.271727262190339824e-01	5.941366248514022841e-01	5.941366248514022841e-01	3.421749723172700097e-01	5.941366248514022841e-01	5.941366248514022841e-01	5.941366248514022841e-01	5.941366248514022841e-01	5.941366248514022841e-01	5.941366248514022841e-01	5.941366248514022841e-01	5.941366248514022841e-01	6.412076626083870190e-01	5.941366248514022841e-01	5.144477484215489449e-01	5.941366248514022841e-01	5.941366248514022841e-01	5.941366248514022841e-01	5.941366248514022841e-01	4.928888195784080217e-01	5.941366248514022841e-01	5.941366248514022841e-01	3.629431781848589944e-01	5.941366248514022841e-01	5.900783519695760315e-01	3.346515429061580060e-01	5.693839343479879522e-01	5.941366248514022841e-01	5.941366248514022841e-01	6.404935278285459610e-01	5.941366248514022841e-01	5.638600402737039552e-01	5.941366248514022841e-01	5.941366248514022841e-01	4.325386523657719917e-01	5.941366248514022841e-01	5.941366248514022841e-01	5.922972284347040040e-01	4.070666630891640048e-01	5.941366248514022841e-01	5.941366248514022841e-01	4.304442239962210093e-01	5.941366248514022841e-01	5.941366248514022841e-01	5.941366248514022841e-01	2.456650939847569992e-01	3.062555865964179946e-01
5.941366248514022841e-01	6.759444420592229941e-01	1.000000000000000000e+00	4.945866711452239772e-01	5.941366248514022841e-01	5.941366248514022841e-01	5.941366248514022841e-01	5.941366248514022841e-01	5.941366248514022841e-01	6.814054368916030446e-01	5.720761811143250108e-01	6.954204840622609796e-01	5.941366248514022841e-01	5.941366248514022841e-01	5.941366248514022841e-01	5.654040893198409856e-01	5.941366248514022841e-01	5.941366248514022841e-01	5.941366248514022841e-01	5.941366248514022841e-01	5.471812048446960119e-01	5.941366248514022841e-01	5.941366248514022841e-01	6.476708133048000304e-01	5.941366248514022841e-01	5.941366248514022841e-01	5.941366248514022841e-01	5.357762680727740090e-01	5.941366248514022841e-01	5.143141183227559754e-01	4.676104136346950213e-01	5.941366248514022841e-01	3.113368781725370238e-01	6.025650490035669993e-01	5.941366248514022841e-01	2.738108704095379986e-01	4.489985528988419961e-01	5.941366248514022841e-01	5.941366248514022841e-01	5.941366248514022841e-01	5.941366248514022841e-01	6.337076321156419612e-01	4.464488490127470066e-01	5.941366248514022841e-01	5.941366248514022841e-01	7.102674282833100206e-01	7.595205851662040208e-01	5.941366248514022841e-01	5.941366248514022841e-01	7.284629205836899990e-01	5.941366248514022841e-01	4.167932702032969838e-01	5.546725166138190000e-01	5.941366248514022841e-01	5.941366248514022841e-01	7.215042260436099752e-01	3.272666822296509959e-01	5.941366248514022841e-01	5.941366248514022841e-01	5.941366248514022841e-01	5.941366248514022841e-01	5.941366248514022841e-01	3.088691772232929900e-01	5.941366248514022841e-01	6.269721996134880460e-01	5.941366248514022841e-01	5.941366248514022841e-01	5.941366248514022841e-01	3.714935548894809925e-01	3.050206909216339746e-01	3.370762606691720120e-01	3.394767689677359868e-01	5.941366248514022841e-01	5.941366248514022841e-01	5.941366248514022841e-01	5.941366248514022841e-01	3.249125284958059856e-01	5.941366248514022841e-01	5.941366248514022841e-01	3.882492981536049825e-01	5.941366248514022841e-01	5.941366248514022841e-01	3.241936319431930058e-01	5.941366248514022841e-01	3.315408791515290221e-01	5.941366248514022841e-01	5.941366248514022841e-01	5.941366248514022841e-01	5.941366248514022841e-01	6.264537699159220541e-01	6.206264937948400284e-01	5.941366248514022841e-01	5.941366248514022841e-01	3.338951187830340173e-01	5.941366248514022841e-01	5.941366248514022841e-01	5.268590093183349587e-01	5.941366248514022841e-01	5.941366248514022841e-01	4.402987663918500050e-01	5.941366248514022841e-01	5.941366248514022841e-01	5.941366248514022841e-01	6.468787179141679555e-01	3.978715738315730110e-01	4.015194775811600225e-01	5.881411418616260267e-01	3.761601644764510088e-01	5.941366248514022841e-01	2.852934595601520074e-01	3.052543321251720010e-01	5.941366248514022841e-01	5.941366248514022841e-01	5.487883729955269629e-01	5.941366248514022841e-01	5.941366248514022841e-01	5.941366248514022841e-01	5.279298569353619852e-01	5.941366248514022841e-01	5.941366248514022841e-01	6.187370278484980446e-01	5.941366248514022841e-01	5.941366248514022841e-01	3.606330529174480160e-01
6.358514371471749582e-01	5.941366248514022841e-01	4.945866711452239772e-01	1.000000000000000000e+00	6.762772442847250209e-01	5.941366248514022841e-01	5.727101168444159729e-01	5.941366248514022841e-01	5.941366248514022841e-01	5.941366248514022841e-01	5.941366248514022841e-01	5.941366248514022841e-01	5.941366248514022841e-01	2.073743809098350099e-01	5.941366248514022841e-01	5.941366248514022841e-01	5.941366248514022841e-01	5.941366248514022841e-01	5.941366248514022841e-01	5.941366248514022841e-01	5.941366248514022841e-01	5.941366248514022841e-01	5.543881867946309772e-01	5.941366248514022841e-01	5.941366248514022841e-01	5.941366248514022841e-01	5.941366248514022841e-01	5.941366248514022841e-01	5.941366248514022841e-01	5.941366248514022841e-01	6.323098229726209496e-01	5.941366248514022841e-01	5.599379456632870289e-01	5.941366248514022841e-01	5.941366248514022841e-01	5.941366248514022841e-01	6.360949167888410027e-01	5.941366248514022841e-01	6.080938514951550466e-01	5.941366248514022841e-01	5.941366248514022841e-01	5.003854455558499614e-01	5.941366248514022841e-01	5.941366248514022841e-01	5.941366248514022841e-01	4.270966931562290014e-01	5.941366248514022841e-01	5.941366248514022841e-01	6.976013495714380452e-01	5.801105512528430541e-01	5.941366248514022841e-01	6.031420487968229827e-01	5.941366248514022841e-01	5.830248843619989518e-01	5.941366248514022841e-01	5.941366248514022841e-01	5.941366248514022841e-01	5.941366248514022841e-01	5.941366248514022841e-01	5.941366248514022841e-01	5.941366248514022841e-01	5.941366248514022841e-01	5.774554971428259575e-01	1.954626385832589908e-01	5.941366248514022841e-01	4.357292061614609913e-01	5.941366248514022841e-01	5.941366248514022841e-01	6.122318621781609460e-01	5.941366248514022841e-01	5.941366248514022841e-01	5.941366248514022841e-01	5.941366248514022841e-01	5.941366248514022841e-01	5.941366248514022841e-01	4.487622564496849820e-01	5.941366248514022841e-01	5.941366248514022841e-01	5.941366248514022841e-01	6.160652134936960289e-01	5.941366248514022841e-01	6.127636569106380549e-01	5.663015743650680056e-01	5.941366248514022841e-01	5.941366248514022841e-01	6.191686398805360536e-01	5.941366248514022841e-01	5.941366248514022841e-01	5.941366248514022841e-01	5.941366248514022841e-01	5.350478562374759717e-01	5.941366248514022841e-01	5.941366248514022841e-01	5.659803278063899601e-01	5.941366248514022841e-01	5.941366248514022841e-01	6.139335529927729684e-01	5.941366248514022841e-01	5.941366248514022841e-01	6.430910031257299764e-01	5.941366248514022841e-01	5.941366248514022841e-01	5.941366248514022841e-01	5.530632402352509969e-01	6.434384213864300373e-01	5.941366248514022841e-01	5.941366248514022841e-01	5.941366248514022841e-01	5.941366248514022841e-01	5.941366248514022841e-01	5.941366248514022841e-01	5.941366248514022841e-01	5.941366248514022841e-01	5.941366248514022841e-01	4.723495974691109822e-01	5.941366248514022841e-01	5.941366248514022841e-01	5.941366248514022841e-01	7.036797597430940465e-01	5.941366248514022841e-01	5.291620329785350352e-01	5.941366248514022841e-01	5.941366248514022841e-01	5.941366248514022841e-01
5.941366248514022841e-01	5.941366248514022841e-01	5.941366248514022841e-01	6.762772442847250209e-01	1.000000000000000000e+00	5.941366248514022841e-01	5.941366248514022841e-01	5.941366248514022841e-01	5.941366248514022841e-01	5.941366248514022841e-01	8.297956717116830028e-01	5.941366248514022841e-01	5.941366248514022841e-01	5.941366248514022841e-01	5.941366248514022841e-01	7.940546023210469651e-01	5.941366248514022841e-01	5.941366248514022841e-01	5.941366248514022841e-01	5.941366248514022841e-01	4.740804004421479978e-01	5.941366248514022841e-01	6.525285495143740011e-01	5.941366248514022841e-01	5.941366248514022841e-01	7.613245168731499479e-01	5.941366248514022841e-01	5.941366248514022841e-01	5.941366248514022841e-01	7.286820805784880450e-01	5.941366248514022841e-01	5.941366248514022841e-01	5.941366248514022841e-01	5.941366248514022841e-01	7.088558050635700436e-01	5.941366248514022841e-01	5.941366248514022841e-01	7.596088625676770123e-01	5.941366248514022841e-01	5.941366248514022841e-01	5.941366248514022841e-01	5.698200737695270357e-01	7.798410452272820370e-01	5.941366248514022841e-01	5.941366248514022841e-01	5.941366248514022841e-01	5.941366248514022841e-01	6.932416970653499932e-01	5.941366248514022841e-01	5.941366248514022841e-01	7.077130440028519542e-01	5.941366248514022841e-01	6.934929291269540386e-01	5.941366248514022841e-01	5.941366248514022841e-01	5.941366248514022841e-01	5.941366248514022841e-01	7.086862113225990134e-01	5.941366248514022841e-01	5.941366248514022841e-01	6.588715405809669745e-01	5.100039309271630072e-01	6.518196307763980402e-01	2.438995989371300077e-01	7.492933653335249744e-01	5.941366248514022841e-01	6.638450538164759607e-01	6.584437618731320274e-01	5.941366248514022841e-01	6.204949768176559743e-01	6.834488958812789949e-01	5.941366248514022841e-01	5.941366248514022841e-01	5.941366248514022841e-01	3.769968737042039830e-01	5.941366248514022841e-01	5.941366248514022841e-01	5.941366248514022841e-01	6.559143043489750191e-01	5.941366248514022841e-01	5.941366248514022841e-01	7.009381880481030391e-01	5.941366248514022841e-01	5.941366248514022841e-01	5.941366248514022841e-01	5.941366248514022841e-01	6.916983832575900326e-01	5.941366248514022841e-01	5.941366248514022841e-01	5.941366248514022841e-01	5.941366248514022841e-01	5.555111900310959472e-01	5.941366248514022841e-01	5.941366248514022841e-01	5.941366248514022841e-01	6.689429958853400082e-01	5.941366248514022841e-01	5.941366248514022841e-01	5.941366248514022841e-01	7.389158601727869868e-01	5.941366248514022841e-01	5.010084370303069523e-01	5.941366248514022841e-01	6.927916032016420145e-01	5.941366248514022841e-01	5.941366248514022841e-01	4.957884753261270205e-01	5.941366248514022841e-01	5.941366248514022841e-01	6.068686977345469913e-01	5.941366248514022841e-01	5.941366248514022841e-01	5.941366248514022841e-01	5.345688895624050030e-01	5.571542517153299512e-01	5.941366248514022841e-01	5.941366248514022841e-01	5.941366248514022841e-01	5.941366248514022841e-01	5.941366248514022841e-01	5.941366248514022841e-01	5.941366248514022841e-01	5.941366248514022841e-01	5.941366248514022841e-01
5.941366248514022841e-01	5.941366248514022841e-01	5.941366248514022841e-01	5.941366248514022841e-01	5.941366248514022841e-01	1.000000000000000000e+00	5.941366248514022841e-01	5.649751923437319467e-01	6.599805543437590183e-01	5.941366248514022841e-01	5.941366248514022841e-01	5.941366248514022841e-01	5.941366248514022841e-01	5.941366248514022841e-01	5.941366248514022841e-01	5.941366248514022841e-01	5.941366248514022841e-01	3.387904938447550141e-01	5.477613395216760495e-01	5.941366248514022841e-01	5.941366248514022841e-01	5.941366248514022841e-01	5.647859629701420525e-01	5.941366248514022841e-01	5.941366248514022841e-01	5.941366248514022841e-01	5.941366248514022841e-01	5.941366248514022841e-01	5.941366248514022841e-01	6.072837272966890021e-01	5.941366248514022841e-01	5.941366248514022841e-01	5.941366248514022841e-01	6.625664585452759603e-01	5.555301792050010290e-01	5.941366248514022841e-01	5.941366248514022841e-01	5.941366248514022841e-01	5.941366248514022841e-01	5.941366248514022841e-01	5.208566974734309962e-01	5.207748042853780346e-01	5.941366248514022841e-01	5.051458952222499521e-01	5.941366248514022841e-01	5.941366248514022841e-01	5.586684797489720467e-01	5.941366248514022841e-01	5.941366248514022841e-01	5.941366248514022841e-01	5.941366248514022841e-01	5.941366248514022841e-01	5.941366248514022841e-01	5.941366248514022841e-01	5.941366248514022841e-01	5.941366248514022841e-01	5.941366248514022841e-01	5.941366248514022841e-01	5.941366248514022841e-01	5.941366248514022841e-01	5.941366248514022841e-01	5.941366248514022841e-01	4.830809448331280231e-01	2.710025212224220215e-01	6.186566627770629934e-01	5.941366248514022841e-01	5.317695143655869483e-01	5.941366248514022841e-01	5.941366248514022841e-01	5.941366248514022841e-01	5.941366248514022841e-01	5.941366248514022841e-01	5.941366248514022841e-01	5.281500646105730112e-01	3.776185272946390170e-01	5.941366248514022841e-01	5.941366248514022841e-01	5.941366248514022841e-01	5.941366248514022841e-01	5.541684050107289483e-01	5.941366248514022841e-01	5.941366248514022841e-01	5.941366248514022841e-01	5.941366248514022841e-01	5.291041540157519485e-01	5.941366248514022841e-01	5.941366248514022841e-01	5.941366248514022841e-01	5.941366248514022841e-01	6.009277344126889853e-01	5.941366248514022841e-01	5.941366248514022841e-01	5.941366248514022841e-01	5.941366248514022841e-01	5.941366248514022841e-01	5.941366248514022841e-01	5.926293607427089993e-01	5.356407597083330252e-01	5.941366248514022841e-01	5.941366248514022841e-01	5.941366248514022841e-01	5.941366248514022841e-01	5.941366248514022841e-01	5.941366248514022841e-01	5.941366248514022841e-01	5.941366248514022841e-01	5.941366248514022841e-01	5.941366248514022841e-01	5.941366248514022841e-01	4.680805843624070151e-01	4.779366625492090237e-01	6.034348812427029474e-01	5.447662381497979656e-01	5.941366248514022841e-01	5.344373402530949724e-01	5.941366248514022841e-01	5.941366248514022841e-01	5.941366248514022841e-01	5.941366248514022841e-01	5.368065186030690494e-01	5.941366248514022841e-01	5.941366248514022841e-01	4.644022581390129800e-01	5.941366248514022841e-01
5.941366248514022841e-01	5.941366248514022841e-01	5.941366248514022841e-01	5.727101168444159729e-01	5.941366248514022841e-01	5.941366248514022841e-01	1.000000000000000000e+00	5.941366248514022841e-01	7.029441030180380023e-01	5.941366248514022841e-01	5.941366248514022841e-01	5.941366248514022841e-01	6.399157929779949461e-01	5.941366248514022841e-01	5.704086120404090465e-01	5.941366248514022841e-01	5.941366248514022841e-01	5.941366248514022841e-01	5.941366248514022841e-01	5.941366248514022841e-01	4.792355938424899819e-01	5.941366248514022841e-01	5.941366248514022841e-01	5.941366248514022841e-01	7.092242055162649716e-01	5.941366248514022841e-01	5.941366248514022841e-01	5.941366248514022841e-01	5.382176096106070506e-01	5.941366248514022841e-01	5.941366248514022841e-01	5.941366248514022841e-01	5.941366248514022841e-01	5.941366248514022841e-01	5.941366248514022841e-01	5.941366248514022841e-01	6.704905416940819540e-01	5.941366248514022841e-01	5.941366248514022841e-01	5.941366248514022841e-01	6.175030954151820017e-01	5.941366248514022841e-01	5.941366248514022841e-01	5.941366248514022841e-01	5.396324099207769898e-01	5.941366248514022841e-01	5.941366248514022841e-01	5.941366248514022841e-01	5.941366248514022841e-01	5.941366248514022841e-01	5.941366248514022841e-01	5.749304985298829829e-01	6.330624387954769672e-01	5.941366248514022841e-01	5.941366248514022841e-01	5.941366248514022841e-01	5.941366248514022841e-01	5.941366248514022841e-01	5.941366248514022841e-01	5.809042826030399453e-01	5.941366248514022841e-01	5.025899266580999836e-01	5.941366248514022841e-01	2.469026310478779906e-01	5.941366248514022841e-01	5.941366248514022841e-01	5.941366248514022841e-01	5.941366248514022841e-01	6.714859709635510043e-01	5.918236545813250205e-01	5.941366248514022841e-01	5.941366248514022841e-01	5.941366248514022841e-01	6.267750601081959472e-01	3.615093610269339841e-01	5.941366248514022841e-01	5.941366248514022841e-01	5.941366248514022841e-01	5.941366248514022841e-01	5.941366248514022841e-01	5.941366248514022841e-01	5.941366248514022841e-01	5.941366248514022841e-01	5.355785105999819606e-01	5.941366248514022841e-01	5.941366248514022841e-01	5.514850239472900428e-01	5.941366248514022841e-01	1.000000000000000021e-03	5.941366248514022841e-01	5.941366248514022841e-01	5.941366248514022841e-01	5.941366248514022841e-01	6.017952031078079855e-01	5.941366248514022841e-01	5.941366248514022841e-01	5.941366248514022841e-01	5.695902801293739603e-01	5.786133597122240513e-01	5.941366248514022841e-01	5.941366248514022841e-01	5.941366248514022841e-01	6.397758145422950404e-01	6.489517188426400240e-01	6.087219208110089541e-01	5.941366248514022841e-01	5.748401034333779913e-01	5.941366248514022841e-01	5.941366248514022841e-01	5.941366248514022841e-01	5.941366248514022841e-01	5.799559000474819870e-01	5.941366248514022841e-01	5.941366248514022841e-01	5.703033321099549857e-01	5.941366248514022841e-01	5.941366248514022841e-01	5.941366248514022841e-01	5.941366248514022841e-01	5.941366248514022841e-01	5.909948011881259733e-01	5.941366248514022841e-01	5.031537420754690348e-01	5.941366248514022841e-01
5.941366248514022841e-01	5.534376893417449761e-01	5.941366248514022841e-01	5.941366248514022841e-01	5.941366248514022841e-01	5.649751923437319467e-01	5.941366248514022841e-01	1.000000000000000000e+00	5.941366248514022841e-01	5.941366248514022841e-01	5.941366248514022841e-01	4.559304757264620034e-01	5.941366248514022841e-01	5.941366248514022841e-01	6.253497888811410110e-01	5.941366248514022841e-01	5.941366248514022841e-01	5.941366248514022841e-01	5.941366248514022841e-01	6.362384395194790043e-01	5.941366248514022841e-01	5.941366248514022841e-01	5.941366248514022841e-01	6.368389764302929690e-01	5.941366248514022841e-01	5.941366248514022841e-01	5.941366248514022841e-01	6.676500173235320190e-01	5.941366248514022841e-01	5.941366248514022841e-01	6.132875279922209710e-01	6.072505144892239581e-01	5.941366248514022841e-01	5.941366248514022841e-01	5.941366248514022841e-01	5.941366248514022841e-01	6.896774073459509546e-01	6.654444935519030491e-01	5.941366248514022841e-01	5.941366248514022841e-01	5.941366248514022841e-01	5.941366248514022841e-01	5.941366248514022841e-01	5.941366248514022841e-01	5.941366248514022841e-01	5.941366248514022841e-01	5.941366248514022841e-01	5.941366248514022841e-01	5.941366248514022841e-01	5.941366248514022841e-01	5.902921974458380516e-01	6.048350142575590338e-01	5.941366248514022841e-01	5.941366248514022841e-01	5.941366248514022841e-01	5.941366248514022841e-01	5.941366248514022841e-01	5.941366248514022841e-01	5.941366248514022841e-01	6.483486245096800049e-01	5.941366248514022841e-01	4.991622604784790029e-01	6.275382486062119902e-01	5.941366248514022841e-01	5.941366248514022841e-01	5.941366248514022841e-01	5.941366248514022841e-01	5.941366248514022841e-01	5.941366248514022841e-01	5.941366248514022841e-01	5.941366248514022841e-01	5.941366248514022841e-01	5.941366248514022841e-01	7.030354172419890357e-01	5.941366248514022841e-01	5.941366248514022841e-01	5.941366248514022841e-01	5.941366248514022841e-01	5.941366248514022841e-01	5.941366248514022841e-01	5.941366248514022841e-01	5.941366248514022841e-01	5.941366248514022841e-01	5.941366248514022841e-01	6.720186958472940120e-01	5.941366248514022841e-01	5.941366248514022841e-01	5.941366248514022841e-01	5.941366248514022841e-01	5.941366248514022841e-01	5.941366248514022841e-01	5.131410724221080466e-01	6.616023438205690388e-01	5.941366248514022841e-01	6.217858960269530000e-01	5.941366248514022841e-01	5.941366248514022841e-01	5.941366248514022841e-01	5.941366248514022841e-01	5.941366248514022841e-01	5.941366248514022841e-01	4.563920226928069868e-01	5.941366248514022841e-01	5.941366248514022841e-01	5.941366248514022841e-01	5.941366248514022841e-01	5.633437273009459512e-01	5.941366248514022841e-01	5.941366248514022841e-01	5.941366248514022841e-01	5.941366248514022841e-01	5.941366248514022841e-01	5.941366248514022841e-01	5.941366248514022841e-01	5.941366248514022841e-01	5.941366248514022841e-01	5.941366248514022841e-01	6.866476209526669594e-01	5.941366248514022841e-01	5.911200654572790203e-01	5.941366248514022841e-01	5.941366248514022841e-01	5.941366248514022841e-01	5.941366248514022841e-01
7.600555996296619599e-01	5.941366248514022841e-01	5.941366248514022841e-01	5.941366248514022841e-01	5.941366248514022841e-01	6.599805543437590183e-01	7.029441030180380023e-01	5.941366248514022841e-01	1.000000000000000000e+00	5.941366248514022841e-01	5.941366248514022841e-01	4.990121313599990005e-01	5.941366248514022841e-01	5.941366248514022841e-01	5.941366248514022841e-01	5.941366248514022841e-01	7.418769762307629856e-01	3.643851732656390174e-01	5.941366248514022841e-01	5.941366248514022841e-01	5.941366248514022841e-01	5.941366248514022841e-01	6.318949697315739966e-01	5.941366248514022841e-01	5.941366248514022841e-01	5.941366248514022841e-01	5.941366248514022841e-01	7.463077497562590201e-01	5.941366248514022841e-01	5.941366248514022841e-01	6.833507821032429597e-01	7.055632710516229755e-01	6.532561030520770418e-01	5.941366248514022841e-01	7.098062802992589626e-01	5.941366248514022841e-01	7.436491706257980505e-01	7.720695153620580342e-01	7.195092915572399717e-01	5.941366248514022841e-01	5.941366248514022841e-01	5.941366248514022841e-01	7.603310451720139973e-01	6.819273830779140066e-01	5.941366248514022841e-01	5.941366248514022841e-01	6.335603489145630318e-01	6.949594733101349675e-01	5.941366248514022841e-01	5.941366248514022841e-01	5.941366248514022841e-01	5.941366248514022841e-01	7.133038983235050479e-01	6.926447937141599898e-01	5.941366248514022841e-01	6.887680121448980231e-01	5.941366248514022841e-01	5.941366248514022841e-01	5.941366248514022841e-01	5.941366248514022841e-01	5.941366248514022841e-01	5.333605855455609834e-01	5.941366248514022841e-01	5.941366248514022841e-01	5.941366248514022841e-01	5.941366248514022841e-01	7.057321174503790040e-01	5.941366248514022841e-01	7.028624108711279961e-01	6.434252248602260194e-01	6.945652428341350104e-01	5.941366248514022841e-01	5.941366248514022841e-01	5.941366248514022841e-01	3.582029186121519770e-01	5.941366248514022841e-01	5.941366248514022841e-01	7.315221644326790340e-01	5.941366248514022841e-01	5.941366248514022841e-01	5.941366248514022841e-01	5.941366248514022841e-01	5.941366248514022841e-01	5.941366248514022841e-01	6.906729905522870361e-01	5.941366248514022841e-01	5.941366248514022841e-01	5.941366248514022841e-01	1.000000000000000021e-03	6.489384092420970029e-01	5.941366248514022841e-01	5.941366248514022841e-01	7.823722315991810117e-01	5.941366248514022841e-01	5.941366248514022841e-01	6.714262953586049854e-01	5.941366248514022841e-01	7.171765808294769950e-01	5.941366248514022841e-01	7.725341435520109989e-01	5.941366248514022841e-01	5.941366248514022841e-01	5.941366248514022841e-01	6.793123557135569701e-01	5.941366248514022841e-01	5.941366248514022841e-01	5.941366248514022841e-01	5.941366248514022841e-01	5.941366248514022841e-01	6.331446752137970257e-01	5.941366248514022841e-01	6.976871999811720126e-01	5.941366248514022841e-01	5.636943062122089509e-01	5.698044916105490243e-01	5.941366248514022841e-01	5.941366248514022841e-01	5.941366248514022841e-01	5.941366248514022841e-01	5.941366248514022841e-01	5.941366248514022841e-01	5.941366248514022841e-01	5.941366248514022841e-01	5.941366248514022841e-01
5.941366248514022841e-01	6.229261705202769894e-01	6.814054368916030446e-01	5.941366248514022841e-01	5.941366248514022841e-01	5.941366248514022841e-01	5.941366248514022841e-01	5.941366248514022841e-01	5.941366248514022841e-01	1.000000000000000000e+00	6.593581950065140473e-01	5.837906735229959621e-01	5.941366248514022841e-01	5.941366248514022841e-01	5.941366248514022841e-01	5.941366248514022841e-01	5.941366248514022841e-01	4.582616847546540084e-01	5.941366248514022841e-01	5.303136916891929564e-01	5.594290485988669959e-01	5.941366248514022841e-01	5.941366248514022841e-01	5.941366248514022841e-01	6.890929949104289687e-01	5.941366248514022841e-01	5.941366248514022841e-01	5.941366248514022841e-01	5.941366248514022841e-01	5.941366248514022841e-01	5.941366248514022841e-01	5.941366248514022841e-01	5.941366248514022841e-01	5.941366248514022841e-01	5.941366248514022841e-01	5.941366248514022841e-01	5.943009438929549582e-01	5.941366248514022841e-01	5.941366248514022841e-01	5.941366248514022841e-01	5.941366248514022841e-01	5.941366248514022841e-01	5.941366248514022841e-01	4.855509763837669857e-01	5.941366248514022841e-01	5.941366248514022841e-01	7.291056445775649930e-01	5.941366248514022841e-01	5.941366248514022841e-01	5.941366248514022841e-01	4.816135219033729764e-01	5.941366248514022841e-01	6.943658379363150113e-01	4.836724717748980273e-01	5.941366248514022841e-01	5.941366248514022841e-01	5.941366248514022841e-01	5.108099852455330048e-01	5.941366248514022841e-01	5.231549425800939845e-01	4.685512278351799953e-01	6.436540029649490124e-01	5.941366248514022841e-01	5.941366248514022841e-01	5.941366248514022841e-01	5.941366248514022841e-01	5.937689347581279753e-01	5.941366248514022841e-01	5.258730156909250386e-01	4.762178256023690270e-01	5.941366248514022841e-01	5.941366248514022841e-01	5.941366248514022841e-01	5.941366248514022841e-01	3.896373068037299880e-01	6.548345070063029683e-01	5.941366248514022841e-01	5.941366248514022841e-01	5.941366248514022841e-01	5.941366248514022841e-01	5.941366248514022841e-01	5.941366248514022841e-01	5.941366248514022841e-01	6.717568730680320011e-01	5.941366248514022841e-01	5.941366248514022841e-01	5.941366248514022841e-01	5.941366248514022841e-01	5.941366248514022841e-01	5.941366248514022841e-01	5.941366248514022841e-01	5.941366248514022841e-01	5.941366248514022841e-01	5.941366248514022841e-01	5.941366248514022841e-01	5.941366248514022841e-01	6.286675822696640159e-01	5.941366248514022841e-01	5.941366248514022841e-01	5.525077073744150136e-01	5.941366248514022841e-01	5.806541401303709771e-01	5.941366248514022841e-01	5.941366248514022841e-01	5.110160647557200342e-01	5.941366248514022841e-01	5.941366248514022841e-01	5.941366248514022841e-01	6.414619639410960028e-01	5.941366248514022841e-01	5.941366248514022841e-01	5.941366248514022841e-01	5.941366248514022841e-01	5.941366248514022841e-01	5.941366248514022841e-01	5.409806545234140396e-01	5.371222223537650553e-01	5.941366248514022841e-01	5.941366248514022841e-01	5.941366248514022841e-01	5.941366248514022841e-01	4.884274982262110099e-01	5.941366248514022841e-01	4.913109845895459737e-01
8.252020191593339993e-01	5.941366248514022841e-01	5.720761811143250108e-01	5.941366248514022841e-01	8.297956717116830028e-01	5.941366248514022841e-01	5.941366248514022841e-01	5.941366248514022841e-01	5.941366248514022841e-01	6.593581950065140473e-01	1.000000000000000000e+00	4.471636264342179756e-01	5.941366248514022841e-01	5.941366248514022841e-01	5.941366248514022841e-01	5.941366248514022841e-01	5.941366248514022841e-01	2.797331067330969812e-01	5.941366248514022841e-01	7.575344641651190480e-01	5.941366248514022841e-01	8.190644181739490381e-01	5.941366248514022841e-01	6.962482182533630271e-01	5.941366248514022841e-01	5.941366248514022841e-01	8.027111750413949975e-01	5.941366248514022841e-01	5.941366248514022841e-01	5.941366248514022841e-01	6.721519430923980076e-01	7.852121912590359631e-01	5.941366248514022841e-01	5.941366248514022841e-01	5.941366248514022841e-01	5.941366248514022841e-01	7.816451447521289841e-01	5.941366248514022841e-01	5.941366248514022841e-01	7.975474097966830378e-01	5.941366248514022841e-01	5.941366248514022841e-01	7.648197445354519841e-01	5.941366248514022841e-01	5.941366248514022841e-01	5.941366248514022841e-01	5.941366248514022841e-01	5.941366248514022841e-01	5.941366248514022841e-01	5.941366248514022841e-01	5.941366248514022841e-01	5.941366248514022841e-01	7.382442998418470292e-01	5.941366248514022841e-01	5.941366248514022841e-01	6.731866560140929989e-01	5.941366248514022841e-01	8.211837890759999814e-01	5.941366248514022841e-01	5.941366248514022841e-01	5.941366248514022841e-01	5.941366248514022841e-01	7.283633241955219662e-01	5.941366248514022841e-01	5.941366248514022841e-01	5.941366248514022841e-01	5.941366248514022841e-01	5.941366248514022841e-01	7.495187922226750343e-01	7.056693983574130469e-01	7.849438307254239522e-01	7.777858346646260301e-01	7.711569130973600084e-01	5.941366248514022841e-01	5.941366248514022841e-01	5.941366248514022841e-01	5.941366248514022841e-01	5.941366248514022841e-01	5.941366248514022841e-01	5.941366248514022841e-01	5.941366248514022841e-01	8.024916946360639569e-01	5.941366248514022841e-01	4.988449952550679800e-01	5.941366248514022841e-01	8.068982430904340086e-01	7.836516188359370361e-01	5.941366248514022841e-01	5.941366248514022841e-01	5.941366248514022841e-01	5.941366248514022841e-01	5.941366248514022841e-01	5.941366248514022841e-01	5.941366248514022841e-01	8.093678389128280415e-01	5.941366248514022841e-01	7.245887346089969760e-01	7.930346849535480080e-01	8.197310369252680529e-01	8.271789152835710146e-01	8.537980288355699887e-01	5.941366248514022841e-01	7.535777895023040296e-01	6.448520146871690173e-01	5.941366248514022841e-01	5.941366248514022841e-01	5.941366248514022841e-01	5.911483546117149990e-01	5.941366248514022841e-01	6.791637594733219707e-01	5.941366248514022841e-01	5.941366248514022841e-01	5.941366248514022841e-01	5.941366248514022841e-01	5.941366248514022841e-01	7.680211707775329577e-01	5.941366248514022841e-01	8.319428102788719581e-01	5.941366248514022841e-01	5.941366248514022841e-01	5.941366248514022841e-01	5.941366248514022841e-01	5.941366248514022841e-01	5.941366248514022841e-01
5.941366248514022841e-01	5.941366248514022841e-01	6.954204840622609796e-01	5.941366248514022841e-01	5.941366248514022841e-01	5.941366248514022841e-01	5.941366248514022841e-01	4.559304757264620034e-01	4.990121313599990005e-01	5.837906735229959621e-01	4.471636264342179756e-01	1.000000000000000000e+00	4.659191577855960054e-01	5.941366248514022841e-01	2.771859772499570274e-01	4.164343978204170238e-01	5.941366248514022841e-01	5.941366248514022841e-01	3.228775762131489979e-01	5.941366248514022841e-01	5.941366248514022841e-01	5.941366248514022841e-01	6.069724285263230490e-01	5.941366248514022841e-01	5.941366248514022841e-01	5.941366248514022841e-01	5.941366248514022841e-01	5.941366248514022841e-01	2.386054602714040018e-01	4.495022484428090048e-01	5.941366248514022841e-01	5.941366248514022841e-01	5.941366248514022841e-01	5.575086016032230196e-01	5.941366248514022841e-01	1.955508533944050054e-01	5.941366248514022841e-01	5.941366248514022841e-01	5.941366248514022841e-01	5.941366248514022841e-01	5.941366248514022841e-01	5.556175377658609804e-01	3.474766891014779979e-01	2.438445800412779862e-01	2.598391912742830101e-01	5.941366248514022841e-01	5.941366248514022841e-01	5.941366248514022841e-01	5.941366248514022841e-01	5.941366248514022841e-01	5.941366248514022841e-01	5.941366248514022841e-01	5.941366248514022841e-01	5.941366248514022841e-01	5.941366248514022841e-01	5.941366248514022841e-01	5.941366248514022841e-01	5.941366248514022841e-01	5.941366248514022841e-01	5.941366248514022841e-01	5.941366248514022841e-01	6.973009563194929594e-01	5.941366248514022841e-01	5.941366248514022841e-01	5.941366248514022841e-01	6.985701639560180087e-01	5.941366248514022841e-01	7.196716351564710346e-01	3.000199221733459987e-01	5.941366248514022841e-01	2.758324792499720068e-01	5.941366248514022841e-01	5.941366248514022841e-01	2.960002806936870012e-01	5.941366248514022841e-01	5.941366248514022841e-01	5.941366248514022841e-01	5.941366248514022841e-01	6.117507139498550295e-01	5.941366248514022841e-01	5.941366248514022841e-01	5.941366248514022841e-01	5.941366248514022841e-01	5.941366248514022841e-01	5.941366248514022841e-01	2.661388464451330260e-01	5.941366248514022841e-01	5.941366248514022841e-01	5.941366248514022841e-01	5.941366248514022841e-01	5.941366248514022841e-01	5.941366248514022841e-01	5.941366248514022841e-01	5.941366248514022841e-01	5.941366248514022841e-01	5.941366248514022841e-01	3.991138573145299739e-01	5.941366248514022841e-01	5.941366248514022841e-01	5.941366248514022841e-01	5.941366248514022841e-01	7.873247022144980178e-01	5.941366248514022841e-01	5.941366248514022841e-01	5.941366248514022841e-01	5.941366248514022841e-01	5.941366248514022841e-01	5.941366248514022841e-01	5.941366248514022841e-01	5.941366248514022841e-01	5.941366248514022841e-01	5.941366248514022841e-01	5.941366248514022841e-01	5.941366248514022841e-01	8.234549999323460545e-01	5.941366248514022841e-01	5.941366248514022841e-01	3.867816089318220074e-01	5.941366248514022841e-01	5.941366248514022841e-01	5.941366248514022841e-01	2.582117983330030064e-01	5.941366248514022841e-01	5.941366248514022841e-01
