1.000000000000000000e+00	7.896728360022576831e-01	9.086581904565630419e-01	9.102467415460819833e-01	7.896728360022576831e-01	9.072868579518590382e-01	7.896728360022576831e-01	8.582467235089680235e-01	7.896728360022576831e-01	8.269026033841510026e-01	7.896728360022576831e-01	7.896728360022576831e-01	7.896728360022576831e-01	7.896728360022576831e-01	7.896728360022576831e-01	9.420596159430429939e-01	7.896728360022576831e-01	7.896728360022576831e-01	7.896728360022576831e-01	7.896728360022576831e-01	8.933493021890179797e-01	7.896728360022576831e-01	7.896728360022576831e-01	7.896728360022576831e-01	7.896728360022576831e-01	7.896728360022576831e-01	7.896728360022576831e-01	7.896728360022576831e-01	7.896728360022576831e-01	7.896728360022576831e-01	7.896728360022576831e-01	7.896728360022576831e-01	7.896728360022576831e-01	7.927606516767630174e-01	9.274610782978810475e-01	7.896728360022576831e-01	9.014187825319850411e-01	7.896728360022576831e-01	5.349576003711810079e-01	9.086018484577419452e-01	7.896728360022576831e-01	7.896728360022576831e-01	7.896728360022576831e-01	7.896728360022576831e-01	7.896728360022576831e-01	7.896728360022576831e-01	7.896728360022576831e-01	7.896728360022576831e-01	7.896728360022576831e-01	7.896728360022576831e-01	8.861673175265799562e-01	7.896728360022576831e-01	7.896728360022576831e-01	9.203203209600450130e-01	7.896728360022576831e-01	7.896728360022576831e-01	7.896728360022576831e-01	7.896728360022576831e-01	9.282126593303130502e-01	7.896728360022576831e-01	9.051258071874780375e-01	7.896728360022576831e-01	7.896728360022576831e-01	7.896728360022576831e-01	7.896728360022576831e-01	5.265632596481170102e-01	7.896728360022576831e-01	7.896728360022576831e-01	7.896728360022576831e-01	7.896728360022576831e-01	9.250697529233780081e-01	7.896728360022576831e-01	7.896728360022576831e-01	7.896728360022576831e-01	7.896728360022576831e-01	7.896728360022576831e-01	8.982476772377320229e-01	7.896728360022576831e-01	7.896728360022576831e-01	7.896728360022576831e-01	7.896728360022576831e-01	6.954261692265220063e-01	7.896728360022576831e-01	6.747548113590849939e-01	7.896728360022576831e-01	7.896728360022576831e-01	7.896728360022576831e-01	7.896728360022576831e-01	7.896728360022576831e-01	7.896728360022576831e-01	7.896728360022576831e-01	9.177307055368230104e-01	7.896728360022576831e-01	8.919897259774359766e-01	7.714911276079280400e-01	8.969337470204390428e-01	7.896728360022576831e-01	7.896728360022576831e-01	7.896728360022576831e-01	7.896728360022576831e-01	7.896728360022576831e-01	7.896728360022576831e-01	7.896728360022576831e-01	7.896728360022576831e-01	7.896728360022576831e-01	7.896728360022576831e-01	7.896728360022576831e-01	7.896728360022576831e-01	7.896728360022576831e-01	9.042319785317000091e-01	8.886097868996100102e-01	7.896728360022576831e-01	7.896728360022576831e-01	9.309755401765780203e-01	7.896728360022576831e-01	7.896728360022576831e-01	9.263919202600540137e-01	9.240221327007089869e-01	9.255249047571200149e-01	7.896728360022576831e-01	7.896728360022576831e-01	9.218299588237239828e-01	7.896728360022576831e-01	8.897607601724120130e-01
7.896728360022576831e-01	1.000000000000000000e+00	7.896728360022576831e-01	9.072999999888520239e-01	7.896728360022576831e-01	7.896728360022576831e-01	7.896728360022576831e-01	7.896728360022576831e-01	7.896728360022576831e-01	7.896728360022576831e-01	7.896728360022576831e-01	7.896728360022576831e-01	7.896728360022576831e-01	7.896728360022576831e-01	8.586404779106779905e-01	9.362529391780529675e-01	7.896728360022576831e-01	9.044284822896540010e-01	7.896728360022576831e-01	7.896728360022576831e-01	7.896728360022576831e-01	7.896728360022576831e-01	7.896728360022576831e-01	7.896728360022576831e-01	7.896728360022576831e-01	7.896728360022576831e-01	7.896728360022576831e-01	7.896728360022576831e-01	7.896728360022576831e-01	8.756406128017240054e-01	7.896728360022576831e-01	9.286906053453239940e-01	7.896728360022576831e-01	7.896728360022576831e-01	9.238201906481650072e-01	7.896728360022576831e-01	8.971841884123360478e-01	7.896728360022576831e-01	7.896728360022576831e-01	7.896728360022576831e-01	9.218650350107560065e-01	7.896728360022576831e-01	8.932118333385530295e-01	7.896728360022576831e-01	7.896728360022576831e-01	7.896728360022576831e-01	7.896728360022576831e-01	7.896728360022576831e-01	7.896728360022576831e-01	7.896728360022576831e-01	8.821692242902250403e-01	8.931185695911999511e-01	7.896728360022576831e-01	7.896728360022576831e-01	7.896728360022576831e-01	9.140027924397799985e-01	8.956029281023609734e-01	9.213385205516090304e-01	7.896728360022576831e-01	7.896728360022576831e-01	9.018958129263779933e-01	7.896728360022576831e-01	7.896728360022576831e-01	7.896728360022576831e-01	7.896728360022576831e-01	7.896728360022576831e-01	9.040650528417070175e-01	4.472399449066210009e-01	7.896728360022576831e-01	7.896728360022576831e-01	7.896728360022576831e-01	7.896728360022576831e-01	9.231729268882460371e-01	7.896728360022576831e-01	7.896728360022576831e-01	7.896728360022576831e-01	8.941670414425659796e-01	9.102037041605719470e-01	7.896728360022576831e-01	7.896728360022576831e-01	8.627262232910569706e-01	7.896728360022576831e-01	8.130892369792289687e-01	7.896728360022576831e-01	8.942700829290950448e-01	6.809552890619280374e-01	7.896728360022576831e-01	7.896728360022576831e-01	7.896728360022576831e-01	7.896728360022576831e-01	7.896728360022576831e-01	7.896728360022576831e-01	7.896728360022576831e-01	7.896728360022576831e-01	7.686431183738670070e-01	8.934421467033389908e-01	7.896728360022576831e-01	7.896728360022576831e-01	7.896728360022576831e-01	9.120281899554739669e-01	7.915713083367500458e-01	7.896728360022576831e-01	8.874793968973809788e-01	7.896728360022576831e-01	7.896728360022576831e-01	9.099431906508429480e-01	9.101091399313200325e-01	7.896728360022576831e-01	7.896728360022576831e-01	8.986506899013230187e-01	7.896728360022576831e-01	7.896728360022576831e-01	7.896728360022576831e-01	9.279907334335230074e-01	9.218617677593740067e-01	7.896728360022576831e-01	7.896728360022576831e-01	9.205040570527790456e-01	9.219278256970689922e-01	9.027627927201520297e-01	7.896728360022576831e-01	7.896728360022576831e-01	7.896728360022576831e-01	7.896728360022576831e-01
9.086581904565630419e-01	7.896728360022576831e-01	1.000000000000000000e+00	7.896728360022576831e-01	7.896728360022576831e-01	8.889066756030490346e-01	8.609749494463130315e-01	8.405692488725480249e-01	7.896728360022576831e-01	7.896728360022576831e-01	7.896728360022576831e-01	7.896728360022576831e-01	9.019068451717859869e-01	7.896728360022576831e-01	7.896728360022576831e-01	7.896728360022576831e-01	7.896728360022576831e-01	7.896728360022576831e-01	9.113461794799839755e-01	7.896728360022576831e-01	7.896728360022576831e-01	7.896728360022576831e-01	7.896728360022576831e-01	9.127814306927399812e-01	7.896728360022576831e-01	7.896728360022576831e-01	7.896728360022576831e-01	7.558553455245919928e-01	7.896728360022576831e-01	7.896728360022576831e-01	7.896728360022576831e-01	9.129405891881009483e-01	9.159186152504159573e-01	7.896728360022576831e-01	7.896728360022576831e-01	7.896728360022576831e-01	7.896728360022576831e-01	7.896728360022576831e-01	7.896728360022576831e-01	7.896728360022576831e-01	7.896728360022576831e-01	7.896728360022576831e-01	7.896728360022576831e-01	7.896728360022576831e-01	8.190758945702030225e-01	8.980202764891539458e-01	7.896728360022576831e-01	7.896728360022576831e-01	7.896728360022576831e-01	7.896728360022576831e-01	8.679754020130490133e-01	7.896728360022576831e-01	7.896728360022576831e-01	7.896728360022576831e-01	7.896728360022576831e-01	7.896728360022576831e-01	7.896728360022576831e-01	7.896728360022576831e-01	7.896728360022576831e-01	8.752643007967909616e-01	7.896728360022576831e-01	7.896728360022576831e-01	7.896728360022576831e-01	7.896728360022576831e-01	7.896728360022576831e-01	5.184507918561139794e-01	8.897728105426579992e-01	4.408868491499520204e-01	8.924900342423019994e-01	7.896728360022576831e-01	7.896728360022576831e-01	7.896728360022576831e-01	7.896728360022576831e-01	7.896728360022576831e-01	8.757654720425339656e-01	7.896728360022576831e-01	7.896728360022576831e-01	8.945550387080219989e-01	8.760409210818860259e-01	7.896728360022576831e-01	8.470465667640399987e-01	7.896728360022576831e-01	7.896728360022576831e-01	7.896728360022576831e-01	7.896728360022576831e-01	6.719301396795249737e-01	8.891912300538330483e-01	7.896728360022576831e-01	1.000000000000000021e-03	7.896728360022576831e-01	7.896728360022576831e-01	7.896728360022576831e-01	8.823355381534080388e-01	7.896728360022576831e-01	7.896728360022576831e-01	8.796104410585959821e-01	7.896728360022576831e-01	8.789308182385680013e-01	7.896728360022576831e-01	7.896728360022576831e-01	7.775802962541410457e-01	7.896728360022576831e-01	8.717442451890670130e-01	7.896728360022576831e-01	8.985785946908609878e-01	7.896728360022576831e-01	7.896728360022576831e-01	7.896728360022576831e-01	7.896728360022576831e-01	7.896728360022576831e-01	7.896728360022576831e-01	8.493316862717229521e-01	7.896728360022576831e-01	9.107945734782729730e-01	7.896728360022576831e-01	7.896728360022576831e-01	7.896728360022576831e-01	7.896728360022576831e-01	7.896728360022576831e-01	7.896728360022576831e-01	7.896728360022576831e-01	7.896728360022576831e-01	7.896728360022576831e-01	7.896728360022576831e-01
9.102467415460819833e-01	9.072999999888520239e-01	7.896728360022576831e-01	1.000000000000000000e+00	7.720447120532429874e-01	7.896728360022576831e-01	7.896728360022576831e-01	7.896728360022576831e-01	7.896728360022576831e-01	7.896728360022576831e-01	8.905369042047629469e-01	8.942525933102619673e-01	7.896728360022576831e-01	7.896728360022576831e-01	7.896728360022576831e-01	9.220768478816450120e-01	7.896728360022576831e-01	7.896728360022576831e-01	7.896728360022576831e-01	7.896728360022576831e-01	7.896728360022576831e-01	9.094344358134149875e-01	7.896728360022576831e-01	7.896728360022576831e-01	7.896728360022576831e-01	8.689974419676790296e-01	7.896728360022576831e-01	7.896728360022576831e-01	7.896728360022576831e-01	7.896728360022576831e-01	8.732089738392220246e-01	7.896728360022576831e-01	9.171233425826400554e-01	7.896728360022576831e-01	7.896728360022576831e-01	7.896728360022576831e-01	7.896728360022576831e-01	7.896728360022576831e-01	7.896728360022576831e-01	8.925201490746860200e-01	7.896728360022576831e-01	7.896728360022576831e-01	7.896728360022576831e-01	7.896728360022576831e-01	7.896728360022576831e-01	7.896728360022576831e-01	7.896728360022576831e-01	7.896728360022576831e-01	7.896728360022576831e-01	7.896728360022576831e-01	7.896728360022576831e-01	7.896728360022576831e-01	7.896728360022576831e-01	7.896728360022576831e-01	7.896728360022576831e-01	7.896728360022576831e-01	7.896728360022576831e-01	9.062377853333970501e-01	7.896728360022576831e-01	8.763842159531010090e-01	7.896728360022576831e-01	7.896728360022576831e-01	7.896728360022576831e-01	7.896728360022576831e-01	7.896728360022576831e-01	7.896728360022576831e-01	7.896728360022576831e-01	7.896728360022576831e-01	8.942894372325099761e-01	7.896728360022576831e-01	7.896728360022576831e-01	7.177888614013080426e-01	7.896728360022576831e-01	7.896728360022576831e-01	8.773087448115289844e-01	7.896728360022576831e-01	8.801630193997459495e-01	7.896728360022576831e-01	7.896728360022576831e-01	7.896728360022576831e-01	7.896728360022576831e-01	6.858197766960769659e-01	8.007144223780580106e-01	7.896728360022576831e-01	7.896728360022576831e-01	7.896728360022576831e-01	7.896728360022576831e-01	8.841564377804810304e-01	1.000000000000000021e-03	7.896728360022576831e-01	7.896728360022576831e-01	7.896728360022576831e-01	7.896728360022576831e-01	7.896728360022576831e-01	7.896728360022576831e-01	7.896728360022576831e-01	7.896728360022576831e-01	7.896728360022576831e-01	7.896728360022576831e-01	7.896728360022576831e-01	7.896728360022576831e-01	8.793497779053529584e-01	7.896728360022576831e-01	7.896728360022576831e-01	8.996624520684319837e-01	7.896728360022576831e-01	8.969175862705860425e-01	7.896728360022576831e-01	7.896728360022576831e-01	7.896728360022576831e-01	8.710984757330180184e-01	7.896728360022576831e-01	7.896728360022576831e-01	9.129404026101950453e-01	7.896728360022576831e-01	7.896728360022576831e-01	7.896728360022576831e-01	7.896728360022576831e-01	7.896728360022576831e-01	7.896728360022576831e-01	7.896728360022576831e-01	9.049964307070490488e-01	7.896728360022576831e-01	7.896728360022576831e-01
7.896728360022576831e-01	7.896728360022576831e-01	7.896728360022576831e-01	7.720447120532429874e-01	9.999999999999970024e-01	7.664884229159999451e-01	7.896728360022576831e-01	7.896728360022576831e-01	6.974995803376640158e-01	7.083487094393550176e-01	7.896728360022576831e-01	7.705556243250040183e-01	7.896728360022576831e-01	7.896728360022576831e-01	7.346760186495979728e-01	7.896728360022576831e-01	7.896728360022576831e-01	7.896728360022576831e-01	7.896728360022576831e-01	7.531039758079389745e-01	7.896728360022576831e-01	7.840437925316610102e-01	7.575204442370450097e-01	7.896728360022576831e-01	7.896728360022576831e-01	7.896728360022576831e-01	7.896728360022576831e-01	7.896728360022576831e-01	7.896728360022576831e-01	7.473072720980260542e-01	7.896728360022576831e-01	7.896728360022576831e-01	7.896728360022576831e-01	7.896728360022576831e-01	7.896728360022576831e-01	7.896728360022576831e-01	7.896728360022576831e-01	7.722384598304620207e-01	7.896728360022576831e-01	7.714063134695310353e-01	7.896728360022576831e-01	7.896728360022576831e-01	7.896728360022576831e-01	7.896728360022576831e-01	7.896728360022576831e-01	7.753078393911480015e-01	7.154223824427710099e-01	7.560176425729430161e-01	7.896728360022576831e-01	7.653230729202059601e-01	7.896728360022576831e-01	7.896728360022576831e-01	7.896728360022576831e-01	7.778296946635829823e-01	5.958096287322740547e-01	7.775223066602420241e-01	7.896728360022576831e-01	7.896728360022576831e-01	7.896728360022576831e-01	7.553490331388430512e-01	7.896728360022576831e-01	7.896728360022576831e-01	7.592506845442880126e-01	7.896728360022576831e-01	7.896728360022576831e-01	7.896728360022576831e-01	7.896728360022576831e-01	7.896728360022576831e-01	7.896728360022576831e-01	5.485001301027140341e-01	7.896728360022576831e-01	7.896728360022576831e-01	7.896728360022576831e-01	7.896728360022576831e-01	7.896728360022576831e-01	7.896728360022576831e-01	7.570794528560089720e-01	7.896728360022576831e-01	7.896728360022576831e-01	7.896728360022576831e-01	7.349191843590849871e-01	7.896728360022576831e-01	7.896728360022576831e-01	7.896728360022576831e-01	7.566080958276919510e-01	7.896728360022576831e-01	7.678241292827929776e-01	7.621383235426539837e-01	1.000000000000000021e-03	3.791678455224329891e-01	7.896728360022576831e-01	7.741658030534089852e-01	7.896728360022576831e-01	7.896728360022576831e-01	7.896728360022576831e-01	7.896728360022576831e-01	7.896728360022576831e-01	7.896728360022576831e-01	7.896728360022576831e-01	7.896728360022576831e-01	6.762385804102669651e-01	7.558252494143240519e-01	7.564171582080430056e-01	7.303774679519510205e-01	7.896728360022576831e-01	7.729991749303649629e-01	7.896728360022576831e-01	7.896728360022576831e-01	7.896728360022576831e-01	7.896728360022576831e-01	7.896728360022576831e-01	7.896728360022576831e-01	7.554697097684489604e-01	7.896728360022576831e-01	7.830784355454379897e-01	7.896728360022576831e-01	7.838652475962429866e-01	7.896728360022576831e-01	7.896728360022576831e-01	7.896728360022576831e-01	7.896728360022576831e-01	7.896728360022576831e-01	7.593668583568650154e-01	7.507020579295450302e-01
9.072868579518590382e-01	7.896728360022576831e-01	8.889066756030490346e-01	7.896728360022576831e-01	7.664884229159999451e-01	1.000000000000000000e+00	8.604449263336639842e-01	8.415615892749089832e-01	7.973694326180149616e-01	8.106992770535750292e-01	7.896728360022576831e-01	7.896728360022576831e-01	9.009653811506259657e-01	7.896728360022576831e-01	8.447713438787050055e-01	7.896728360022576831e-01	9.068170027076599693e-01	7.896728360022576831e-01	7.896728360022576831e-01	8.704692028671650039e-01	8.701048481403730328e-01	7.896728360022576831e-01	7.896728360022576831e-01	7.896728360022576831e-01	7.896728360022576831e-01	8.651254890325440483e-01	7.896728360022576831e-01	7.568614236866619827e-01	7.896728360022576831e-01	8.624633498407000554e-01	7.896728360022576831e-01	7.896728360022576831e-01	7.896728360022576831e-01	7.896728360022576831e-01	7.896728360022576831e-01	8.680619370311889460e-01	8.801978030492769722e-01	7.896728360022576831e-01	7.896728360022576831e-01	7.896728360022576831e-01	9.042998829265379568e-01	7.896728360022576831e-01	7.896728360022576831e-01	7.896728360022576831e-01	7.896728360022576831e-01	8.960626572388320499e-01	7.896728360022576831e-01	8.702539973587309907e-01	8.809292731701979795e-01	8.815258163675919745e-01	7.896728360022576831e-01	7.896728360022576831e-01	7.896728360022576831e-01	7.896728360022576831e-01	7.896728360022576831e-01	7.896728360022576831e-01	7.896728360022576831e-01	7.896728360022576831e-01	9.077993698121320509e-01	7.896728360022576831e-01	8.847719563202830484e-01	7.956615464694679618e-01	7.896728360022576831e-01	7.896728360022576831e-01	7.896728360022576831e-01	7.896728360022576831e-01	8.890127662454540003e-01	7.896728360022576831e-01	7.896728360022576831e-01	6.170797839325640188e-01	7.896728360022576831e-01	7.896728360022576831e-01	7.896728360022576831e-01	7.896728360022576831e-01	8.734827417247089665e-01	8.822230071945279528e-01	8.783810519097869918e-01	7.896728360022576831e-01	8.721093403006090483e-01	7.896728360022576831e-01	7.896728360022576831e-01	7.896728360022576831e-01	7.896728360022576831e-01	7.896728360022576831e-01	7.896728360022576831e-01	7.896728360022576831e-01	7.896728360022576831e-01	7.896728360022576831e-01	7.896728360022576831e-01	4.041607294259310090e-01	8.873393715546510352e-01	7.896728360022576831e-01	7.896728360022576831e-01	8.743159237710419474e-01	7.896728360022576831e-01	7.896728360022576831e-01	7.896728360022576831e-01	8.782939022575230181e-01	7.896728360022576831e-01	7.896728360022576831e-01	7.752267683736130399e-01	7.896728360022576831e-01	7.896728360022576831e-01	7.896728360022576831e-01	7.896728360022576831e-01	7.896728360022576831e-01	7.896728360022576831e-01	8.833091404242350286e-01	7.896728360022576831e-01	7.896728360022576831e-01	7.896728360022576831e-01	7.896728360022576831e-01	7.896728360022576831e-01	7.896728360022576831e-01	7.896728360022576831e-01	7.896728360022576831e-01	7.896728360022576831e-01	7.896728360022576831e-01	7.896728360022576831e-01	7.896728360022576831e-01	8.969322727213849822e-01	7.896728360022576831e-01	7.896728360022576831e-01	7.896728360022576831e-01
7.896728360022576831e-01	7.896728360022576831e-01	8.609749494463130315e-01	7.896728360022576831e-01	7.896728360022576831e-01	8.604449263336639842e-01	1.000000000000000000e+00	7.896728360022576831e-01	7.798769545759229871e-01	7.896728360022576831e-01	7.896728360022576831e-01	7.896728360022576831e-01	7.896728360022576831e-01	7.896728360022576831e-01	7.896728360022576831e-01	8.911065519775139832e-01	7.896728360022576831e-01	7.896728360022576831e-01	7.896728360022576831e-01	7.896728360022576831e-01	7.896728360022576831e-01	7.896728360022576831e-01	8.484077393118789612e-01	8.837458612041899642e-01	7.896728360022576831e-01	8.425731287657840518e-01	7.896728360022576831e-01	7.896728360022576831e-01	8.653289296605549685e-01	7.896728360022576831e-01	8.433664213414460153e-01	8.837137901202719581e-01	7.896728360022576831e-01	7.552135232698650169e-01	8.804833486938099529e-01	7.896728360022576831e-01	7.896728360022576831e-01	7.896728360022576831e-01	5.131455850286430476e-01	7.896728360022576831e-01	8.776904739210269479e-01	7.896728360022576831e-01	7.896728360022576831e-01	6.495613850615290508e-01	7.896728360022576831e-01	7.896728360022576831e-01	7.896728360022576831e-01	7.896728360022576831e-01	7.896728360022576831e-01	7.896728360022576831e-01	7.896728360022576831e-01	7.896728360022576831e-01	7.896728360022576831e-01	8.720115525959329927e-01	7.896728360022576831e-01	8.719224363017969992e-01	7.896728360022576831e-01	7.896728360022576831e-01	8.808480196694700171e-01	7.896728360022576831e-01	7.896728360022576831e-01	7.896728360022576831e-01	7.896728360022576831e-01	8.152710061259029750e-01	7.857647049543869944e-01	5.056372860861879648e-01	7.896728360022576831e-01	7.896728360022576831e-01	7.896728360022576831e-01	7.896728360022576831e-01	7.896728360022576831e-01	6.976538905597440277e-01	7.896728360022576831e-01	7.896728360022576831e-01	7.896728360022576831e-01	7.896728360022576831e-01	8.525882081358220344e-01	7.896728360022576831e-01	7.896728360022576831e-01	7.896728360022576831e-01	7.896728360022576831e-01	6.651187165323270145e-01	7.896728360022576831e-01	7.896728360022576831e-01	7.896728360022576831e-01	7.896728360022576831e-01	7.896728360022576831e-01	7.896728360022576831e-01	7.896728360022576831e-01	7.896728360022576831e-01	7.896728360022576831e-01	7.896728360022576831e-01	7.896728360022576831e-01	7.896728360022576831e-01	7.896728360022576831e-01	8.535811868078539977e-01	7.896728360022576831e-01	7.896728360022576831e-01	7.896728360022576831e-01	7.896728360022576831e-01	7.896728360022576831e-01	8.499902715158450528e-01	8.470140030710590073e-01	7.896728360022576831e-01	7.896728360022576831e-01	7.896728360022576831e-01	7.896728360022576831e-01	7.896728360022576831e-01	7.896728360022576831e-01	7.896728360022576831e-01	7.896728360022576831e-01	8.241733649232619863e-01	7.896728360022576831e-01	8.837356417197409497e-01	7.896728360022576831e-01	7.896728360022576831e-01	8.781354396250730110e-01	8.761986386436110275e-01	7.896728360022576831e-01	7.896728360022576831e-01	7.896728360022576831e-01	7.896728360022576831e-01	7.896728360022576831e-01	8.431617005559790545e-01
8.582467235089680235e-01	7.896728360022576831e-01	8.405692488725480249e-01	7.896728360022576831e-01	7.896728360022576831e-01	8.415615892749089832e-01	7.896728360022576831e-01	1.000000000000000000e+00	7.896728360022576831e-01	7.896728360022576831e-01	7.896728360022576831e-01	8.427659310522650493e-01	8.514292012144349941e-01	7.896728360022576831e-01	7.896728360022576831e-01	8.681262196780910045e-01	7.896728360022576831e-01	8.394905158452330429e-01	8.590848288043210212e-01	7.896728360022576831e-01	8.233896966869349576e-01	7.896728360022576831e-01	7.896728360022576831e-01	7.896728360022576831e-01	7.896728360022576831e-01	8.192722682923869737e-01	5.723360022749770515e-01	7.191156895620990364e-01	7.896728360022576831e-01	8.142640059061929669e-01	7.896728360022576831e-01	7.896728360022576831e-01	7.896728360022576831e-01	7.896728360022576831e-01	7.896728360022576831e-01	7.896728360022576831e-01	7.896728360022576831e-01	7.896728360022576831e-01	7.896728360022576831e-01	7.896728360022576831e-01	8.545222191938499634e-01	7.896728360022576831e-01	7.896728360022576831e-01	6.349473765101909528e-01	7.896728360022576831e-01	7.896728360022576831e-01	7.759910540782799515e-01	8.235997875879450536e-01	8.324859339449209861e-01	7.896728360022576831e-01	8.208880669759840432e-01	8.280423330104610402e-01	7.896728360022576831e-01	7.896728360022576831e-01	6.410395390958260053e-01	8.499891518093279918e-01	7.896728360022576831e-01	7.896728360022576831e-01	8.588922747988220197e-01	7.896728360022576831e-01	7.896728360022576831e-01	7.539078557825760196e-01	7.896728360022576831e-01	7.896728360022576831e-01	7.654274414529299575e-01	4.979806699105129852e-01	7.896728360022576831e-01	7.896728360022576831e-01	7.896728360022576831e-01	7.896728360022576831e-01	8.556084577120699475e-01	6.830541939739750434e-01	7.896728360022576831e-01	7.896728360022576831e-01	7.896728360022576831e-01	7.896728360022576831e-01	8.294821525117860306e-01	8.440694590037050027e-01	8.236674781080299823e-01	7.896728360022576831e-01	8.011927158854910136e-01	6.472963543242979956e-01	7.896728360022576831e-01	7.896728360022576831e-01	7.896728360022576831e-01	7.896728360022576831e-01	7.896728360022576831e-01	7.896728360022576831e-01	7.896728360022576831e-01	7.896728360022576831e-01	7.896728360022576831e-01	7.896728360022576831e-01	7.896728360022576831e-01	7.896728360022576831e-01	7.896728360022576831e-01	8.307373520227300245e-01	7.896728360022576831e-01	7.896728360022576831e-01	7.896728360022576831e-01	7.896728360022576831e-01	7.390030541415050225e-01	7.896728360022576831e-01	7.896728360022576831e-01	7.896728360022576831e-01	8.484424402340879912e-01	7.896728360022576831e-01	7.896728360022576831e-01	7.896728360022576831e-01	7.896728360022576831e-01	7.896728360022576831e-01	7.896728360022576831e-01	7.896728360022576831e-01	8.284081478368300333e-01	8.602060147113970157e-01	7.896728360022576831e-01	7.896728360022576831e-01	8.547123783155939902e-01	8.558918754795360462e-01	8.559741196302940169e-01	7.896728360022576831e-01	7.896728360022576831e-01	8.523364722223859546e-01	8.249230015499759983e-01	8.227947635914399926e-01
7.896728360022576831e-01	7.896728360022576831e-01	7.896728360022576831e-01	7.896728360022576831e-01	6.974995803376640158e-01	7.973694326180149616e-01	7.798769545759229871e-01	7.896728360022576831e-01	9.999999999999990008e-01	7.362144511814969761e-01	7.896728360022576831e-01	7.896728360022576831e-01	7.896728360022576831e-01	7.896728360022576831e-01	7.609135030549040168e-01	7.896728360022576831e-01	7.896728360022576831e-01	7.896728360022576831e-01	7.896728360022576831e-01	7.896728360022576831e-01	7.819247064199059682e-01	7.896728360022576831e-01	7.896728360022576831e-01	7.896728360022576831e-01	7.896728360022576831e-01	7.790603943432750089e-01	7.896728360022576831e-01	7.896728360022576831e-01	7.896728360022576831e-01	7.761297026165639990e-01	7.896728360022576831e-01	7.896728360022576831e-01	7.896728360022576831e-01	7.036776376707980507e-01	7.896728360022576831e-01	7.833330106076870081e-01	7.896728360022576831e-01	7.896728360022576831e-01	4.819413526220769906e-01	7.896728360022576831e-01	7.896728360022576831e-01	7.822972718609639831e-01	7.896728360022576831e-01	7.896728360022576831e-01	7.896728360022576831e-01	7.896728360022576831e-01	7.896728360022576831e-01	7.829881144607230281e-01	7.943383382059580056e-01	7.896728360022576831e-01	7.896728360022576831e-01	7.896728360022576831e-01	7.896728360022576831e-01	7.896728360022576831e-01	7.896728360022576831e-01	8.062999675153530443e-01	7.896728360022576831e-01	7.896728360022576831e-01	8.150156131502129808e-01	7.881205710227340289e-01	7.896728360022576831e-01	7.896728360022576831e-01	7.878982833973819933e-01	7.896728360022576831e-01	7.896728360022576831e-01	4.802949386340050197e-01	7.896728360022576831e-01	7.896728360022576831e-01	7.896728360022576831e-01	7.896728360022576831e-01	8.118802914272249538e-01	7.896728360022576831e-01	7.896728360022576831e-01	7.896728360022576831e-01	7.896728360022576831e-01	7.896728360022576831e-01	7.869686250916859693e-01	7.896728360022576831e-01	7.896728360022576831e-01	7.988213124566440060e-01	7.624482968510409853e-01	6.202822365499289781e-01	7.186345892784770095e-01	6.055315999296000395e-01	7.890018974852179845e-01	7.896728360022576831e-01	7.896728360022576831e-01	7.896728360022576831e-01	7.896728360022576831e-01	7.896728360022576831e-01	7.896728360022576831e-01	7.896728360022576831e-01	7.913252436613730234e-01	7.839229473712869822e-01	7.896728360022576831e-01	7.896728360022576831e-01	7.884700176714179998e-01	7.896728360022576831e-01	7.896728360022576831e-01	7.896728360022576831e-01	7.896728360022576831e-01	7.855556605372969736e-01	7.896728360022576831e-01	7.622247378585119693e-01	7.896728360022576831e-01	8.028206234472660130e-01	7.998976390861179953e-01	7.896728360022576831e-01	7.896728360022576831e-01	7.896728360022576831e-01	7.896728360022576831e-01	7.896728360022576831e-01	7.896728360022576831e-01	8.157852210675460292e-01	7.896728360022576831e-01	7.896728360022576831e-01	8.132977279154319783e-01	8.105399376484480056e-01	7.896728360022576831e-01	7.962772541624030254e-01	7.896728360022576831e-01	7.896728360022576831e-01	7.896728360022576831e-01	7.896728360022576831e-01
8.269026033841510026e-01	7.896728360022576831e-01	7.896728360022576831e-01	7.896728360022576831e-01	7.083487094393550176e-01	8.106992770535750292e-01	7.896728360022576831e-01	7.896728360022576831e-01	7.362144511814969761e-01	9.999999999999990008e-01	7.896728360022576831e-01	7.896728360022576831e-01	8.210509370222760506e-01	7.896728360022576831e-01	7.896728360022576831e-01	7.896728360022576831e-01	8.272536575200990505e-01	7.896728360022576831e-01	7.896728360022576831e-01	7.931616632741039785e-01	7.896728360022576831e-01	7.896728360022576831e-01	7.896728360022576831e-01	7.896728360022576831e-01	7.805681692522420390e-01	7.896728360022576831e-01	7.896728360022576831e-01	6.975364479638199722e-01	7.896728360022576831e-01	7.896728360022576831e-01	7.896728360022576831e-01	8.289719383320499624e-01	8.335312207950910102e-01	7.896728360022576831e-01	7.896728360022576831e-01	7.896728360022576831e-01	7.896728360022576831e-01	7.896728360022576831e-01	4.903199505131169977e-01	7.896728360022576831e-01	7.896728360022576831e-01	7.896728360022576831e-01	7.997400124844089575e-01	7.896728360022576831e-01	7.896728360022576831e-01	7.896728360022576831e-01	7.896728360022576831e-01	7.896728360022576831e-01	7.896728360022576831e-01	7.896728360022576831e-01	7.896728360022576831e-01	7.896728360022576831e-01	7.896728360022576831e-01	7.896728360022576831e-01	7.896728360022576831e-01	7.896728360022576831e-01	7.896728360022576831e-01	8.233310492756710230e-01	7.896728360022576831e-01	7.896728360022576831e-01	8.072467421248179509e-01	7.896728360022576831e-01	7.896728360022576831e-01	7.896728360022576831e-01	7.379268380999439714e-01	7.896728360022576831e-01	7.896728360022576831e-01	7.896728360022576831e-01	7.896728360022576831e-01	5.739809909265649601e-01	7.896728360022576831e-01	7.896728360022576831e-01	8.272392286508759573e-01	7.896728360022576831e-01	7.896728360022576831e-01	7.896728360022576831e-01	8.008867323364109447e-01	7.896728360022576831e-01	7.896728360022576831e-01	7.896728360022576831e-01	7.896728360022576831e-01	7.896728360022576831e-01	7.896728360022576831e-01	6.124675936045680391e-01	7.896728360022576831e-01	7.896728360022576831e-01	7.896728360022576831e-01	7.896728360022576831e-01	7.896728360022576831e-01	7.896728360022576831e-01	7.896728360022576831e-01	7.896728360022576831e-01	7.896728360022576831e-01	7.959174771579160534e-01	7.896728360022576831e-01	7.896728360022576831e-01	7.896728360022576831e-01	7.896728360022576831e-01	7.896728360022576831e-01	7.896728360022576831e-01	7.896728360022576831e-01	7.896728360022576831e-01	7.896728360022576831e-01	7.896728360022576831e-01	7.896728360022576831e-01	8.135921295382579910e-01	7.896728360022576831e-01	7.896728360022576831e-01	7.896728360022576831e-01	7.896728360022576831e-01	7.896728360022576831e-01	7.733782847062850019e-01	7.896728360022576831e-01	8.288356368232020488e-01	7.896728360022576831e-01	7.896728360022576831e-01	7.896728360022576831e-01	7.896728360022576831e-01	7.896728360022576831e-01	7.896728360022576831e-01	8.167727745619810520e-01	8.218163160985020310e-01	7.896728360022576831e-01	7.896728360022576831e-01
7.896728360022576831e-01	7.896728360022576831e-01	7.896728360022576831e-01	8.905369042047629469e-01	7.896728360022576831e-01	7.896728360022576831e-01	7.896728360022576831e-01	7.896728360022576831e-01	7.896728360022576831e-01	7.896728360022576831e-01	1.000000000000000000e+00	8.925142983282220444e-01	7.896728360022576831e-01	7.896728360022576831e-01	7.896728360022576831e-01	7.896728360022576831e-01	7.896728360022576831e-01	8.903625837958459854e-01	7.896728360022576831e-01	7.896728360022576831e-01	7.896728360022576831e-01	9.092756947748269480e-01	7.896728360022576831e-01	7.896728360022576831e-01	8.559323206715819810e-01	8.682668668302839787e-01	7.896728360022576831e-01	7.896728360022576831e-01	7.896728360022576831e-01	7.896728360022576831e-01	7.896728360022576831e-01	9.123295248583610517e-01	7.896728360022576831e-01	7.896728360022576831e-01	7.896728360022576831e-01	8.697569845753270190e-01	7.896728360022576831e-01	7.896728360022576831e-01	7.896728360022576831e-01	7.896728360022576831e-01	7.896728360022576831e-01	7.896728360022576831e-01	7.896728360022576831e-01	7.896728360022576831e-01	7.896728360022576831e-01	7.896728360022576831e-01	7.896728360022576831e-01	7.896728360022576831e-01	7.896728360022576831e-01	7.896728360022576831e-01	7.896728360022576831e-01	8.773158359694379627e-01	8.955393291615779683e-01	7.896728360022576831e-01	7.896728360022576831e-01	7.896728360022576831e-01	7.896728360022576831e-01	7.896728360022576831e-01	7.896728360022576831e-01	7.896728360022576831e-01	7.896728360022576831e-01	7.972602158937750483e-01	8.776471945773419714e-01	7.896728360022576831e-01	7.896728360022576831e-01	7.896728360022576831e-01	8.898927616587910538e-01	4.401172363559470169e-01	7.896728360022576831e-01	7.896728360022576831e-01	9.070760628208930365e-01	7.176602010530079845e-01	7.896728360022576831e-01	7.896728360022576831e-01	8.766589100587960370e-01	7.896728360022576831e-01	7.896728360022576831e-01	7.896728360022576831e-01	7.896728360022576831e-01	8.913332106404260324e-01	7.896728360022576831e-01	7.896728360022576831e-01	7.986407552234210394e-01	7.896728360022576831e-01	7.896728360022576831e-01	7.896728360022576831e-01	7.896728360022576831e-01	8.816078910493839738e-01	7.896728360022576831e-01	4.046053513483309771e-01	7.896728360022576831e-01	7.896728360022576831e-01	7.896728360022576831e-01	7.896728360022576831e-01	7.896728360022576831e-01	7.896728360022576831e-01	7.896728360022576831e-01	7.896728360022576831e-01	7.896728360022576831e-01	8.969041567809410420e-01	7.896728360022576831e-01	7.896728360022576831e-01	7.896728360022576831e-01	7.896728360022576831e-01	7.896728360022576831e-01	8.950532328510030222e-01	8.945520330421540267e-01	7.896728360022576831e-01	9.166652586132120195e-01	7.896728360022576831e-01	7.896728360022576831e-01	7.896728360022576831e-01	7.896728360022576831e-01	7.896728360022576831e-01	7.896728360022576831e-01	7.896728360022576831e-01	7.896728360022576831e-01	7.896728360022576831e-01	7.896728360022576831e-01	8.869768817362330138e-01	7.896728360022576831e-01	7.896728360022576831e-01	7.896728360022576831e-01	8.684737519751739576e-01
7.896728360022576831e-01	7.896728360022576831e-01	7.896728360022576831e-01	8.942525933102619673e-01	7.705556243250040183e-01	7.896728360022576831e-01	7.896728360022576831e-01	8.427659310522650493e-01	7.896728360022576831e-01	7.896728360022576831e-01	8.925142983282220444e-01	1.000000000000000000e+00	7.896728360022576831e-01	7.896728360022576831e-01	7.896728360022576831e-01	7.896728360022576831e-01	7.896728360022576831e-01	8.917159277187940436e-01	7.896728360022576831e-01	8.732613756388899473e-01	7.896728360022576831e-01	7.896728360022576831e-01	8.785172465107420336e-01	9.149816105780049780e-01	7.896728360022576831e-01	7.896728360022576831e-01	6.023491138026979552e-01	7.896728360022576831e-01	7.896728360022576831e-01	7.896728360022576831e-01	8.740465729833259978e-01	9.151030431566720136e-01	7.896728360022576831e-01	7.896728360022576831e-01	7.896728360022576831e-01	7.896728360022576831e-01	7.896728360022576831e-01	7.896728360022576831e-01	5.257014517519790209e-01	7.896728360022576831e-01	9.094938699851849995e-01	7.896728360022576831e-01	7.896728360022576831e-01	7.896728360022576831e-01	7.896728360022576831e-01	9.030027867401909658e-01	8.221907676769889539e-01	8.729171233574379851e-01	7.896728360022576831e-01	8.866082659970040414e-01	7.896728360022576831e-01	8.788839745660470548e-01	7.896728360022576831e-01	9.036004112908779806e-01	6.744459587079369989e-01	7.896728360022576831e-01	7.896728360022576831e-01	7.896728360022576831e-01	7.896728360022576831e-01	7.896728360022576831e-01	7.896728360022576831e-01	7.896728360022576831e-01	7.896728360022576831e-01	8.410940612332660216e-01	7.896728360022576831e-01	7.896728360022576831e-01	8.913760382107149827e-01	7.896728360022576831e-01	8.946448028105500327e-01	7.896728360022576831e-01	7.896728360022576831e-01	7.199690680436080514e-01	7.896728360022576831e-01	7.896728360022576831e-01	8.771272962268109596e-01	8.880146768458889728e-01	7.896728360022576831e-01	7.896728360022576831e-01	7.896728360022576831e-01	7.896728360022576831e-01	7.896728360022576831e-01	6.829583798791140081e-01	8.028460429252820552e-01	7.896728360022576831e-01	7.896728360022576831e-01	7.896728360022576831e-01	7.896728360022576831e-01	8.856074958325269586e-01	1.000000000000000021e-03	4.069143771270640197e-01	7.896728360022576831e-01	8.988562519504269543e-01	7.896728360022576831e-01	7.896728360022576831e-01	7.896728360022576831e-01	7.896728360022576831e-01	8.809233317578939459e-01	8.836120897477860447e-01	7.896728360022576831e-01	8.999899187535449485e-01	7.896728360022576831e-01	7.896728360022576831e-01	8.743892414916729638e-01	7.896728360022576831e-01	7.896728360022576831e-01	7.896728360022576831e-01	8.981100721615199456e-01	8.854975849699889823e-01	9.188493852840089460e-01	8.862895997301759587e-01	7.896728360022576831e-01	8.513275549199329495e-01	7.896728360022576831e-01	7.896728360022576831e-01	9.077118273940399940e-01	9.063360519096480550e-01	7.896728360022576831e-01	9.071339699987409633e-01	7.896728360022576831e-01	7.896728360022576831e-01	7.896728360022576831e-01	7.896728360022576831e-01	7.896728360022576831e-01	7.896728360022576831e-01
