1.000000000000000000e+00	7.702821398194510394e-01	7.211851053021810509e-01	5.175118264410156765e-01	4.341498362413109824e-01	5.175118264410156765e-01	5.175118264410156765e-01	5.175118264410156765e-01	5.175118264410156765e-01	5.175118264410156765e-01	5.175118264410156765e-01	7.308738226118319803e-01	5.175118264410156765e-01	6.832648563674690312e-01	5.175118264410156765e-01	5.175118264410156765e-01	7.746235881974440352e-01	5.175118264410156765e-01	7.819095560968839509e-01	6.727935011811430055e-01	5.175118264410156765e-01	5.175118264410156765e-01	6.789140853793089736e-01	5.175118264410156765e-01	5.175118264410156765e-01	5.175118264410156765e-01	1.857752000627390099e-01	5.175118264410156765e-01	7.260957859046389684e-01	5.175118264410156765e-01	5.175118264410156765e-01	5.175118264410156765e-01	5.175118264410156765e-01	5.175118264410156765e-01	5.175118264410156765e-01	5.175118264410156765e-01	5.175118264410156765e-01	5.175118264410156765e-01	5.175118264410156765e-01	5.175118264410156765e-01	5.175118264410156765e-01	5.175118264410156765e-01	6.863961728999989909e-01	2.710278914776019787e-01	5.175118264410156765e-01	5.175118264410156765e-01	5.175118264410156765e-01	5.175118264410156765e-01	5.175118264410156765e-01	5.175118264410156765e-01	5.175118264410156765e-01	5.175118264410156765e-01	5.175118264410156765e-01	7.532620934757739972e-01	2.764756949380420270e-01	7.466131098307869918e-01	5.175118264410156765e-01	5.175118264410156765e-01	5.175118264410156765e-01	5.175118264410156765e-01	5.175118264410156765e-01	5.175118264410156765e-01	5.175118264410156765e-01	5.952961800309970464e-01	5.175118264410156765e-01	1.120682875255129968e-01	5.175118264410156765e-01	6.497833644346459603e-02	5.175118264410156765e-01	5.175118264410156765e-01	5.175118264410156765e-01	3.426781967828830266e-01	7.744539944778540130e-01	5.175118264410156765e-01	5.175118264410156765e-01	5.175118264410156765e-01	5.175118264410156765e-01	5.175118264410156765e-01	6.783786780744850420e-01	5.175118264410156765e-01	6.055856484723299848e-01	5.175118264410156765e-01	5.175118264410156765e-01	5.175118264410156765e-01	6.885409985046869741e-01	2.726606967097329748e-01	7.211532387931000043e-01	5.175118264410156765e-01	1.000000000000000021e-03	5.175118264410156765e-01	5.175118264410156765e-01	7.460539148887960215e-01	6.983543977502140176e-01	5.175118264410156765e-01	4.126007892466819760e-01	5.175118264410156765e-01	5.175118264410156765e-01	5.175118264410156765e-01	6.935117203803220151e-03	7.413175822693740535e-01	5.175118264410156765e-01	5.175118264410156765e-01	5.175118264410156765e-01	5.175118264410156765e-01	7.490024299042320477e-01	5.175118264410156765e-01	5.175118264410156765e-01	5.175118264410156765e-01	5.175118264410156765e-01	5.175118264410156765e-01	5.175118264410156765e-01	6.191250025464020146e-01	5.175118264410156765e-01	5.175118264410156765e-01	5.175118264410156765e-01	7.619648536881860057e-01	5.175118264410156765e-01	5.175118264410156765e-01	5.175118264410156765e-01	7.156626353499739857e-01	7.478848335259460356e-01	7.574868013425110069e-01	6.789026612326629628e-01	5.175118264410156765e-01
7.702821398194510394e-01	1.000000000000000000e+00	5.175118264410156765e-01	5.175118264410156765e-01	5.175118264410156765e-01	5.175118264410156765e-01	6.386683497488350181e-01	5.879543395358149960e-01	5.175118264410156765e-01	5.166088641646889856e-01	5.175118264410156765e-01	5.175118264410156765e-01	5.175118264410156765e-01	5.175118264410156765e-01	5.175118264410156765e-01	7.986980706953930031e-01	5.175118264410156765e-01	5.175118264410156765e-01	7.705466166383320159e-01	5.175118264410156765e-01	5.175118264410156765e-01	5.175118264410156765e-01	5.175118264410156765e-01	5.175118264410156765e-01	6.238506692812180177e-01	5.175118264410156765e-01	5.175118264410156765e-01	5.175118264410156765e-01	5.175118264410156765e-01	5.175118264410156765e-01	5.175118264410156765e-01	7.768975288603140461e-01	5.175118264410156765e-01	5.175118264410156765e-01	5.175118264410156765e-01	6.619276896899829454e-01	6.905800583784910129e-01	7.324496266901260322e-01	5.175118264410156765e-01	5.175118264410156765e-01	7.575851603801120326e-01	6.479139494860990389e-01	5.175118264410156765e-01	5.175118264410156765e-01	5.356105378289479635e-01	5.175118264410156765e-01	5.175118264410156765e-01	5.175118264410156765e-01	5.175118264410156765e-01	5.175118264410156765e-01	5.175118264410156765e-01	5.175118264410156765e-01	7.307426750773480251e-01	7.390498320332500315e-01	5.175118264410156765e-01	5.175118264410156765e-01	6.864355785494640205e-01	7.561096817712099627e-01	5.175118264410156765e-01	5.175118264410156765e-01	5.175118264410156765e-01	5.175118264410156765e-01	5.175118264410156765e-01	5.175118264410156765e-01	5.175118264410156765e-01	5.175118264410156765e-01	5.175118264410156765e-01	5.175118264410156765e-01	7.211256508052710235e-01	5.175118264410156765e-01	7.560782567493929962e-01	5.175118264410156765e-01	5.175118264410156765e-01	5.175118264410156765e-01	5.175118264410156765e-01	5.175118264410156765e-01	6.826873840764059453e-01	7.253794832573829954e-01	5.175118264410156765e-01	5.175118264410156765e-01	6.041908476553989882e-01	2.858936423650100256e-01	5.175118264410156765e-01	5.175118264410156765e-01	5.175118264410156765e-01	5.175118264410156765e-01	7.076981173076329901e-01	6.930600248218949933e-01	5.175118264410156765e-01	5.175118264410156765e-01	5.175118264410156765e-01	5.175118264410156765e-01	5.175118264410156765e-01	5.175118264410156765e-01	5.175118264410156765e-01	5.175118264410156765e-01	6.815450880159810154e-01	5.175118264410156765e-01	5.175118264410156765e-01	5.175118264410156765e-01	4.504112199709690012e-01	6.797432132471999955e-01	5.175118264410156765e-01	5.963934272533339964e-01	5.175118264410156765e-01	5.175118264410156765e-01	5.175118264410156765e-01	5.175118264410156765e-01	5.175118264410156765e-01	5.175118264410156765e-01	6.577416727316189871e-01	5.175118264410156765e-01	6.735398639830779688e-01	7.749014663008000348e-01	5.175118264410156765e-01	5.175118264410156765e-01	5.175118264410156765e-01	5.175118264410156765e-01	5.175118264410156765e-01	5.175118264410156765e-01	5.175118264410156765e-01	5.175118264410156765e-01	6.705632245138889447e-01	5.175118264410156765e-01
7.211851053021810509e-01	5.175118264410156765e-01	1.000000000000000000e+00	5.175118264410156765e-01	4.072881635445240178e-01	5.175118264410156765e-01	5.175118264410156765e-01	5.175118264410156765e-01	5.175118264410156765e-01	5.175118264410156765e-01	5.175118264410156765e-01	6.814093762837289958e-01	7.030634336360680470e-01	6.314202008202860483e-01	5.175118264410156765e-01	5.175118264410156765e-01	5.175118264410156765e-01	5.175118264410156765e-01	5.175118264410156765e-01	5.175118264410156765e-01	6.313502420584770070e-01	5.175118264410156765e-01	5.175118264410156765e-01	5.175118264410156765e-01	5.175118264410156765e-01	6.107909350488269773e-01	5.175118264410156765e-01	5.175118264410156765e-01	6.726374809536309618e-01	5.175118264410156765e-01	6.239983063351800530e-01	5.175118264410156765e-01	5.175118264410156765e-01	4.229973910132879822e-01	7.205241361425199775e-01	5.175118264410156765e-01	6.536770317232140082e-01	6.897582200481829906e-01	5.175118264410156765e-01	6.732300182554690204e-01	7.150140052435790539e-01	6.136493075682240006e-01	5.175118264410156765e-01	5.175118264410156765e-01	5.175118264410156765e-01	5.175118264410156765e-01	5.175118264410156765e-01	6.273205886965740330e-01	6.520613480199890510e-01	5.175118264410156765e-01	6.168275836602510331e-01	5.175118264410156765e-01	5.175118264410156765e-01	5.175118264410156765e-01	2.603330818105630273e-01	5.175118264410156765e-01	5.175118264410156765e-01	7.133407185722060451e-01	5.175118264410156765e-01	5.175118264410156765e-01	5.175118264410156765e-01	4.642366022828159910e-01	5.175118264410156765e-01	5.175118264410156765e-01	5.175118264410156765e-01	1.062852508265350049e-01	5.175118264410156765e-01	5.175118264410156765e-01	6.783281203060219644e-01	1.936690708919679982e-01	5.175118264410156765e-01	3.254492742305800101e-01	7.189919706166280067e-01	5.175118264410156765e-01	6.359239757461649933e-01	5.175118264410156765e-01	5.175118264410156765e-01	5.175118264410156765e-01	6.366067562409220004e-01	5.175118264410156765e-01	5.675342610075799765e-01	5.175118264410156765e-01	5.175118264410156765e-01	5.175118264410156765e-01	6.469118202889909686e-01	5.175118264410156765e-01	5.175118264410156765e-01	5.175118264410156765e-01	5.175118264410156765e-01	5.175118264410156765e-01	5.175118264410156765e-01	5.175118264410156765e-01	5.175118264410156765e-01	5.175118264410156765e-01	3.876259771487010064e-01	6.455017915091300074e-01	6.450399092700459525e-01	5.175118264410156765e-01	5.175118264410156765e-01	6.899145151588199631e-01	4.238195541634339758e-01	5.175118264410156765e-01	5.175118264410156765e-01	5.175118264410156765e-01	6.942494448101149684e-01	5.175118264410156765e-01	5.175118264410156765e-01	5.175118264410156765e-01	5.175118264410156765e-01	5.175118264410156765e-01	6.166987738668709973e-01	5.175118264410156765e-01	5.175118264410156765e-01	5.175118264410156765e-01	5.175118264410156765e-01	5.175118264410156765e-01	5.175118264410156765e-01	5.175118264410156765e-01	7.166629298313049734e-01	5.175118264410156765e-01	5.175118264410156765e-01	5.175118264410156765e-01	5.175118264410156765e-01	5.175118264410156765e-01
5.175118264410156765e-01	5.175118264410156765e-01	5.175118264410156765e-01	1.000000000000000000e+00	5.175118264410156765e-01	5.175118264410156765e-01	6.105769772664459971e-01	5.175118264410156765e-01	5.175118264410156765e-01	5.175118264410156765e-01	6.732759427680640174e-01	5.175118264410156765e-01	5.175118264410156765e-01	5.175118264410156765e-01	5.682077503160649634e-01	7.581793082292950237e-01	7.230650210807040290e-01	5.175118264410156765e-01	5.175118264410156765e-01	5.175118264410156765e-01	5.175118264410156765e-01	5.175118264410156765e-01	5.175118264410156765e-01	7.323424661669239999e-01	5.961177493950140516e-01	5.175118264410156765e-01	5.175118264410156765e-01	5.175118264410156765e-01	6.755098071898300027e-01	5.175118264410156765e-01	6.296116294949920533e-01	5.175118264410156765e-01	5.175118264410156765e-01	5.175118264410156765e-01	7.298112360121159492e-01	5.175118264410156765e-01	5.175118264410156765e-01	5.175118264410156765e-01	5.175118264410156765e-01	6.784062277239719663e-01	5.175118264410156765e-01	5.175118264410156765e-01	6.439749231948580510e-01	5.175118264410156765e-01	5.175118264410156765e-01	5.175118264410156765e-01	5.081321373381589845e-01	5.175118264410156765e-01	5.175118264410156765e-01	5.175118264410156765e-01	6.208115190257840199e-01	5.175118264410156765e-01	5.175118264410156765e-01	5.175118264410156765e-01	5.175118264410156765e-01	5.175118264410156765e-01	5.175118264410156765e-01	7.146508496979010472e-01	5.175118264410156765e-01	5.175118264410156765e-01	5.175118264410156765e-01	5.175118264410156765e-01	6.425656552863530102e-01	5.175118264410156765e-01	5.175118264410156765e-01	5.175118264410156765e-01	5.175118264410156765e-01	6.159465045766159691e-02	5.175118264410156765e-01	5.175118264410156765e-01	5.175118264410156765e-01	3.225564312558429902e-01	7.228272947740199683e-01	5.175118264410156765e-01	5.175118264410156765e-01	5.175118264410156765e-01	6.468865935611060047e-01	6.865387856776750120e-01	5.175118264410156765e-01	5.175118264410156765e-01	5.175118264410156765e-01	2.761123812362000218e-01	4.684128741446529909e-01	2.548036529030309749e-01	5.175118264410156765e-01	5.175118264410156765e-01	6.751896258641599813e-01	5.175118264410156765e-01	5.175118264410156765e-01	5.175118264410156765e-01	5.175118264410156765e-01	5.175118264410156765e-01	5.175118264410156765e-01	5.175118264410156765e-01	5.175118264410156765e-01	5.175118264410156765e-01	6.428401309412760112e-01	5.175118264410156765e-01	6.867193077526790278e-03	5.175118264410156765e-01	5.175118264410156765e-01	5.175118264410156765e-01	5.175118264410156765e-01	5.175118264410156765e-01	6.971111248387760195e-01	6.912460641347020207e-01	6.898800582859210273e-01	5.175118264410156765e-01	5.175118264410156765e-01	5.175118264410156765e-01	5.175118264410156765e-01	5.175118264410156765e-01	5.175118264410156765e-01	7.328488834377959726e-01	5.175118264410156765e-01	7.108054912530390457e-01	5.175118264410156765e-01	5.175118264410156765e-01	7.203626642334129970e-01	5.175118264410156765e-01	6.991742955136039939e-01	5.175118264410156765e-01	5.175118264410156765e-01	6.243139630961810349e-01
4.341498362413109824e-01	5.175118264410156765e-01	4.072881635445240178e-01	5.175118264410156765e-01	9.999999999999900080e-01	5.175118264410156765e-01	5.175118264410156765e-01	5.175118264410156765e-01	5.175118264410156765e-01	5.175118264410156765e-01	4.103573089443929844e-01	5.175118264410156765e-01	5.175118264410156765e-01	5.175118264410156765e-01	5.175118264410156765e-01	5.175118264410156765e-01	5.175118264410156765e-01	4.095128129697099828e-01	5.175118264410156765e-01	3.799985594120040000e-01	5.175118264410156765e-01	5.175118264410156765e-01	5.175118264410156765e-01	4.401885990299380103e-01	5.175118264410156765e-01	5.175118264410156765e-01	1.181008337855589951e-01	5.175118264410156765e-01	4.104601993174140095e-01	5.175118264410156765e-01	5.175118264410156765e-01	5.175118264410156765e-01	4.456341986822829893e-01	2.670269001595130254e-01	5.175118264410156765e-01	3.816031344309330220e-01	5.175118264410156765e-01	5.175118264410156765e-01	7.509821708335709389e-02	4.124460261208199863e-01	4.326552296674249787e-01	3.786702834206340240e-01	5.175118264410156765e-01	1.630023731877350002e-01	5.175118264410156765e-01	5.175118264410156765e-01	3.189419869362700166e-01	5.175118264410156765e-01	5.175118264410156765e-01	4.014523899325310174e-01	5.175118264410156765e-01	3.925345359957519986e-01	5.175118264410156765e-01	5.175118264410156765e-01	1.708365617327619879e-01	5.175118264410156765e-01	5.175118264410156765e-01	4.314483032546119756e-01	4.361311797642560273e-01	3.838780361331600166e-01	5.175118264410156765e-01	2.924996766164499884e-01	5.175118264410156765e-01	5.175118264410156765e-01	5.175118264410156765e-01	5.175118264410156765e-01	4.118018887689030016e-01	5.175118264410156765e-01	5.175118264410156765e-01	1.288164266461170049e-01	5.175118264410156765e-01	2.026605465405889872e-01	5.175118264410156765e-01	5.175118264410156765e-01	3.869306021498780113e-01	5.175118264410156765e-01	5.175118264410156765e-01	5.175118264410156765e-01	5.175118264410156765e-01	4.115720752978300201e-01	5.175118264410156765e-01	5.175118264410156765e-01	5.175118264410156765e-01	1.613597837681459979e-01	3.860659167989879959e-01	5.175118264410156765e-01	5.175118264410156765e-01	3.957803256860810137e-01	5.175118264410156765e-01	5.175118264410156765e-01	5.175118264410156765e-01	5.175118264410156765e-01	5.175118264410156765e-01	3.860884178822969748e-01	2.458100063565019922e-01	3.905375056737239725e-01	5.175118264410156765e-01	5.175118264410156765e-01	5.597644305106889984e-03	5.175118264410156765e-01	5.175118264410156765e-01	3.847045264380840046e-01	5.175118264410156765e-01	5.175118264410156765e-01	4.205695755498279897e-01	4.153594322152480145e-01	5.175118264410156765e-01	5.175118264410156765e-01	5.175118264410156765e-01	5.175118264410156765e-01	5.175118264410156765e-01	5.175118264410156765e-01	5.175118264410156765e-01	4.416547927978130006e-01	5.175118264410156765e-01	5.175118264410156765e-01	4.356234371810839834e-01	4.298829500426529782e-01	5.175118264410156765e-01	4.007422400498569792e-01	4.209792769076660113e-01	5.175118264410156765e-01	5.175118264410156765e-01	5.175118264410156765e-01
5.175118264410156765e-01	5.175118264410156765e-01	5.175118264410156765e-01	5.175118264410156765e-01	5.175118264410156765e-01	1.000000000000000000e+00	5.175118264410156765e-01	5.175118264410156765e-01	5.175118264410156765e-01	5.175118264410156765e-01	5.175118264410156765e-01	6.713959968234759490e-01	5.175118264410156765e-01	5.175118264410156765e-01	5.175118264410156765e-01	5.175118264410156765e-01	7.162107104153510040e-01	6.664144123051970459e-01	5.175118264410156765e-01	5.175118264410156765e-01	5.175118264410156765e-01	5.175118264410156765e-01	5.175118264410156765e-01	5.175118264410156765e-01	5.175118264410156765e-01	6.099438359319959702e-01	1.766121122401259902e-01	5.175118264410156765e-01	5.175118264410156765e-01	5.175118264410156765e-01	5.175118264410156765e-01	5.175118264410156765e-01	5.175118264410156765e-01	5.175118264410156765e-01	5.175118264410156765e-01	5.175118264410156765e-01	5.175118264410156765e-01	5.175118264410156765e-01	1.096552395000460062e-01	6.724664460445040071e-01	7.094494424678889910e-01	6.085018745795760520e-01	6.344529916217509502e-01	2.529735284524229910e-01	5.175118264410156765e-01	5.175118264410156765e-01	4.995972208035500128e-01	5.175118264410156765e-01	5.175118264410156765e-01	5.175118264410156765e-01	5.175118264410156765e-01	5.175118264410156765e-01	5.175118264410156765e-01	5.175118264410156765e-01	5.175118264410156765e-01	5.175118264410156765e-01	5.175118264410156765e-01	5.175118264410156765e-01	5.175118264410156765e-01	5.175118264410156765e-01	5.175118264410156765e-01	4.584027589848049811e-01	5.175118264410156765e-01	5.463397628550880070e-01	5.175118264410156765e-01	5.175118264410156765e-01	5.175118264410156765e-01	6.080798255985810086e-02	6.745338477232469820e-01	5.175118264410156765e-01	5.175118264410156765e-01	3.175832792423869955e-01	5.175118264410156765e-01	5.175118264410156765e-01	6.302854729118949617e-01	5.175118264410156765e-01	5.175118264410156765e-01	5.175118264410156765e-01	5.175118264410156765e-01	5.175118264410156765e-01	5.595707001117210533e-01	5.175118264410156765e-01	5.175118264410156765e-01	5.175118264410156765e-01	6.390310149778619664e-01	2.614421381521749854e-01	6.648499363873729973e-01	5.175118264410156765e-01	5.175118264410156765e-01	5.175118264410156765e-01	6.650623703790450314e-01	5.175118264410156765e-01	5.175118264410156765e-01	5.175118264410156765e-01	3.831998880558080134e-01	5.175118264410156765e-01	5.175118264410156765e-01	5.175118264410156765e-01	5.175118264410156765e-01	5.175118264410156765e-01	5.175118264410156765e-01	5.175118264410156765e-01	5.175118264410156765e-01	5.175118264410156765e-01	6.945564208332779543e-01	5.175118264410156765e-01	5.175118264410156765e-01	5.175118264410156765e-01	7.373262729455299924e-01	6.530288008832370039e-01	6.154600760307059604e-01	5.175118264410156765e-01	5.175118264410156765e-01	5.175118264410156765e-01	5.175118264410156765e-01	7.083304574950249899e-01	5.175118264410156765e-01	5.175118264410156765e-01	5.175118264410156765e-01	5.175118264410156765e-01	6.899186064939120122e-01	5.175118264410156765e-01	5.175118264410156765e-01	6.166420328967779918e-01
5.175118264410156765e-01	6.386683497488350181e-01	5.175118264410156765e-01	6.105769772664459971e-01	5.175118264410156765e-01	5.175118264410156765e-01	1.000000000000000000e+00	4.997865567985450008e-01	5.175118264410156765e-01	5.175118264410156765e-01	5.175118264410156765e-01	6.068336235615100493e-01	6.345808929848070212e-01	5.695183662601419616e-01	5.049177002804660086e-01	6.747466978068989985e-01	5.175118264410156765e-01	6.026245082526440200e-01	5.175118264410156765e-01	5.175118264410156765e-01	5.633177277558100160e-01	6.489024035945319957e-01	5.175118264410156765e-01	5.175118264410156765e-01	5.308911660527430021e-01	5.175118264410156765e-01	5.175118264410156765e-01	5.175118264410156765e-01	5.175118264410156765e-01	5.175118264410156765e-01	5.591641685650610150e-01	5.175118264410156765e-01	6.678014650089559856e-01	5.175118264410156765e-01	5.175118264410156765e-01	5.175118264410156765e-01	5.175118264410156765e-01	5.175118264410156765e-01	1.026195427582559938e-01	5.175118264410156765e-01	6.407065019606520417e-01	5.175118264410156765e-01	5.741414021934579948e-01	5.175118264410156765e-01	5.175118264410156765e-01	5.175118264410156765e-01	4.600733253403049838e-01	5.175118264410156765e-01	5.175118264410156765e-01	5.896208327406350369e-01	5.549656513504359623e-01	5.175118264410156765e-01	6.167596290078639631e-01	6.266703198292570276e-01	5.175118264410156765e-01	6.264518063762339883e-01	5.175118264410156765e-01	5.175118264410156765e-01	6.486061685961499457e-01	5.175118264410156765e-01	5.175118264410156765e-01	5.175118264410156765e-01	5.795915976662580071e-01	5.175118264410156765e-01	5.175118264410156765e-01	5.175118264410156765e-01	5.175118264410156765e-01	5.175118264410156765e-01	6.114953690987340318e-01	1.752104332303009993e-01	5.175118264410156765e-01	5.175118264410156765e-01	5.175118264410156765e-01	5.175118264410156765e-01	5.739704224384030162e-01	5.175118264410156765e-01	5.175118264410156765e-01	5.175118264410156765e-01	5.175118264410156765e-01	6.062858941050209838e-01	5.175118264410156765e-01	5.175118264410156765e-01	4.229716069998740169e-01	2.266456563255369872e-01	5.769892151493309917e-01	2.320765767162540072e-01	5.175118264410156765e-01	5.175118264410156765e-01	5.175118264410156765e-01	4.429731944381629788e-02	5.175118264410156765e-01	5.175118264410156765e-01	5.175118264410156765e-01	5.175118264410156765e-01	5.175118264410156765e-01	5.175118264410156765e-01	5.175118264410156765e-01	5.804078684705570312e-01	5.175118264410156765e-01	5.175118264410156765e-01	3.847787983960799796e-01	5.175118264410156765e-01	5.175118264410156765e-01	5.175118264410156765e-01	5.175118264410156765e-01	5.175118264410156765e-01	5.175118264410156765e-01	5.175118264410156765e-01	5.175118264410156765e-01	5.919693938965000513e-01	5.175118264410156765e-01	5.175118264410156765e-01	5.175118264410156765e-01	5.175118264410156765e-01	5.175118264410156765e-01	6.392608953856480092e-01	5.175118264410156765e-01	5.175118264410156765e-01	5.175118264410156765e-01	5.938473185618049488e-01	6.174276001523949509e-01	6.333317617835290125e-01	5.674178762064789883e-01	5.175118264410156765e-01
5.175118264410156765e-01	5.879543395358149960e-01	5.175118264410156765e-01	5.175118264410156765e-01	5.175118264410156765e-01	5.175118264410156765e-01	4.997865567985450008e-01	1.000000000000000000e+00	5.175118264410156765e-01	5.175118264410156765e-01	5.175118264410156765e-01	5.175118264410156765e-01	5.175118264410156765e-01	5.175118264410156765e-01	5.175118264410156765e-01	6.171933951236070470e-01	5.921799185122870179e-01	5.175118264410156765e-01	5.175118264410156765e-01	5.175118264410156765e-01	5.175118264410156765e-01	5.175118264410156765e-01	5.206031060448850223e-01	6.005741588836319700e-01	5.175118264410156765e-01	5.175118264410156765e-01	5.175118264410156765e-01	5.175118264410156765e-01	5.175118264410156765e-01	5.175118264410156765e-01	5.175118264410156765e-01	5.993155225577579959e-01	6.067764155801099735e-01	5.175118264410156765e-01	5.175118264410156765e-01	5.175118264410156765e-01	5.175118264410156765e-01	5.660412299066389652e-01	5.175118264410156765e-01	5.175118264410156765e-01	5.175118264410156765e-01	5.175118264410156765e-01	5.175118264410156765e-01	5.175118264410156765e-01	5.175118264410156765e-01	5.175118264410156765e-01	4.208709763002310145e-01	5.175118264410156765e-01	5.175118264410156765e-01	5.175118264410156765e-01	5.175118264410156765e-01	5.175118264410156765e-01	5.623681194999800015e-01	5.175118264410156765e-01	5.175118264410156765e-01	5.175118264410156765e-01	5.175118264410156765e-01	5.868648776952040125e-01	5.950775446767520016e-01	5.175118264410156765e-01	5.175118264410156765e-01	5.175118264410156765e-01	5.175118264410156765e-01	5.175118264410156765e-01	4.016392377221300047e-01	5.175118264410156765e-01	5.175118264410156765e-01	5.175118264410156765e-01	5.175118264410156765e-01	5.175118264410156765e-01	5.175118264410156765e-01	5.175118264410156765e-01	5.175118264410156765e-01	5.175118264410156765e-01	5.175118264410156765e-01	5.175118264410156765e-01	5.175118264410156765e-01	5.607563624814659864e-01	5.175118264410156765e-01	5.175118264410156765e-01	5.175118264410156765e-01	2.266792292454259949e-01	3.896273112551850160e-01	5.175118264410156765e-01	5.175118264410156765e-01	5.175118264410156765e-01	5.175118264410156765e-01	5.175118264410156765e-01	1.000000000000000021e-03	5.175118264410156765e-01	5.507743534974189892e-01	5.175118264410156765e-01	5.175118264410156765e-01	5.175118264410156765e-01	5.175118264410156765e-01	5.175118264410156765e-01	5.175118264410156765e-01	5.175118264410156765e-01	5.175118264410156765e-01	5.175118264410156765e-01	5.175118264410156765e-01	5.175118264410156765e-01	5.175118264410156765e-01	5.175118264410156765e-01	5.707320634310319996e-01	5.175118264410156765e-01	5.611201021378630083e-01	5.175118264410156765e-01	5.175118264410156765e-01	5.175118264410156765e-01	5.175118264410156765e-01	5.175118264410156765e-01	5.175118264410156765e-01	5.981892829623020047e-01	5.844809907488509593e-01	5.175118264410156765e-01	5.175118264410156765e-01	5.880137050333319459e-01	5.175118264410156765e-01	5.492235319894740453e-01	5.175118264410156765e-01	5.175118264410156765e-01	5.175118264410156765e-01	5.139753132970920069e-01
5.175118264410156765e-01	5.175118264410156765e-01	5.175118264410156765e-01	5.175118264410156765e-01	5.175118264410156765e-01	5.175118264410156765e-01	5.175118264410156765e-01	5.175118264410156765e-01	9.999999999999960032e-01	5.175118264410156765e-01	5.175118264410156765e-01	5.175118264410156765e-01	4.853365036524660003e-01	5.175118264410156765e-01	3.936140759867640115e-01	5.172270283111489730e-01	4.968122295550529977e-01	5.175118264410156765e-01	5.175118264410156765e-01	4.397684822180160102e-01	4.319543912579559830e-01	5.175118264410156765e-01	5.175118264410156765e-01	5.175118264410156765e-01	4.129343327839860023e-01	5.175118264410156765e-01	5.175118264410156765e-01	5.175118264410156765e-01	5.175118264410156765e-01	5.175118264410156765e-01	5.175118264410156765e-01	5.175118264410156765e-01	5.175118264410156765e-01	5.175118264410156765e-01	5.175118264410156765e-01	4.346149349260070016e-01	4.548445643821419915e-01	5.175118264410156765e-01	8.284282889888340551e-02	5.175118264410156765e-01	4.954453804805329931e-01	5.175118264410156765e-01	5.175118264410156765e-01	1.850212508184120030e-01	5.175118264410156765e-01	5.175118264410156765e-01	5.175118264410156765e-01	4.339622950400839896e-01	5.175118264410156765e-01	5.175118264410156765e-01	5.175118264410156765e-01	5.175118264410156765e-01	4.718760612821830125e-01	4.842852394363340029e-01	5.175118264410156765e-01	5.175118264410156765e-01	5.175118264410156765e-01	5.175118264410156765e-01	5.175118264410156765e-01	5.175118264410156765e-01	5.175118264410156765e-01	5.175118264410156765e-01	5.175118264410156765e-01	5.175118264410156765e-01	5.175118264410156765e-01	5.175118264410156765e-01	4.613934074989189948e-01	5.175118264410156765e-01	4.704691442503730059e-01	5.175118264410156765e-01	5.175118264410156765e-01	5.175118264410156765e-01	5.175118264410156765e-01	5.175118264410156765e-01	5.175118264410156765e-01	4.563736430589139803e-01	5.175118264410156765e-01	5.175118264410156765e-01	5.175118264410156765e-01	4.646445711263260114e-01	5.175118264410156765e-01	1.959907171948790106e-01	5.175118264410156765e-01	5.175118264410156765e-01	4.454417586131539930e-01	5.175118264410156765e-01	4.619539803505279818e-01	4.512586818708320124e-01	5.175118264410156765e-01	5.175118264410156765e-01	4.636832663574569913e-01	4.757672139834629998e-01	4.499336211003129860e-01	5.175118264410156765e-01	5.175118264410156765e-01	4.442558136605109786e-01	5.175118264410156765e-01	5.175118264410156765e-01	5.811315736274629863e-03	5.175118264410156765e-01	5.175118264410156765e-01	4.388374654581729817e-01	4.364501453449349810e-01	5.175118264410156765e-01	4.784576958485869946e-01	5.175118264410156765e-01	5.175118264410156765e-01	5.175118264410156765e-01	5.175118264410156765e-01	5.175118264410156765e-01	5.175118264410156765e-01	4.063262653060369933e-01	5.175118264410156765e-01	5.175118264410156765e-01	5.175118264410156765e-01	5.175118264410156765e-01	5.175118264410156765e-01	4.883187724991620016e-01	5.175118264410156765e-01	5.175118264410156765e-01	5.175118264410156765e-01	5.175118264410156765e-01	5.175118264410156765e-01	5.175118264410156765e-01
5.175118264410156765e-01	5.166088641646889856e-01	5.175118264410156765e-01	5.175118264410156765e-01	5.175118264410156765e-01	5.175118264410156765e-01	5.175118264410156765e-01	5.175118264410156765e-01	5.175118264410156765e-01	9.999999999999980016e-01	4.900840276683749996e-01	5.175118264410156765e-01	5.175118264410156765e-01	5.175118264410156765e-01	5.175118264410156765e-01	5.175118264410156765e-01	5.175118264410156765e-01	5.175118264410156765e-01	5.175118264410156765e-01	5.175118264410156765e-01	5.175118264410156765e-01	5.175118264410156765e-01	4.599777029982309862e-01	5.175118264410156765e-01	4.294025517418569859e-01	5.175118264410156765e-01	5.175118264410156765e-01	2.925434923510940033e-01	5.175118264410156765e-01	4.416755314371170194e-01	5.175118264410156765e-01	5.175118264410156765e-01	5.175118264410156765e-01	5.175118264410156765e-01	5.172841937538059653e-01	5.175118264410156765e-01	4.770517087917179877e-01	5.175118264410156765e-01	5.175118264410156765e-01	5.175118264410156765e-01	5.175118264410156765e-01	4.478193750264389816e-01	4.664705890081800033e-01	5.175118264410156765e-01	5.175118264410156765e-01	5.175118264410156765e-01	5.175118264410156765e-01	5.175118264410156765e-01	4.723205178775660151e-01	5.175118264410156765e-01	4.522350141794019840e-01	5.175118264410156765e-01	4.987928691340129950e-01	5.059755313902319918e-01	5.175118264410156765e-01	5.175118264410156765e-01	5.175118264410156765e-01	5.175118264410156765e-01	5.175118264410156765e-01	5.175118264410156765e-01	5.175118264410156765e-01	5.175118264410156765e-01	5.175118264410156765e-01	5.175118264410156765e-01	5.175118264410156765e-01	5.175118264410156765e-01	4.857860093050809791e-01	5.175118264410156765e-01	5.175118264410156765e-01	5.175118264410156765e-01	5.175118264410156765e-01	2.410658955099919953e-01	5.175118264410156765e-01	5.175118264410156765e-01	4.634506726021370149e-01	5.175118264410156765e-01	5.175118264410156765e-01	5.175118264410156765e-01	5.175118264410156765e-01	5.175118264410156765e-01	5.175118264410156765e-01	5.175118264410156765e-01	5.175118264410156765e-01	1.876921636053709985e-01	4.653146352950590092e-01	1.994548731248730056e-01	5.175118264410156765e-01	5.175118264410156765e-01	1.000000000000000021e-03	5.175118264410156765e-01	4.875124000785119871e-01	5.175118264410156765e-01	5.175118264410156765e-01	5.175118264410156765e-01	5.175118264410156765e-01	5.175118264410156765e-01	5.175118264410156765e-01	4.701402541090319853e-01	5.175118264410156765e-01	5.175118264410156765e-01	5.175118264410156765e-01	5.175118264410156765e-01	5.175118264410156765e-01	5.175118264410156765e-01	5.073901014510739937e-01	5.175118264410156765e-01	4.951354347270809919e-01	5.175118264410156765e-01	5.376490259192560073e-01	5.175118264410156765e-01	5.175118264410156765e-01	5.175118264410156765e-01	4.647739700431020027e-01	5.175118264410156765e-01	5.175118264410156765e-01	5.175118264410156765e-01	5.175118264410156765e-01	5.175118264410156765e-01	5.195953595998600294e-01	5.175118264410156765e-01	5.175118264410156765e-01	5.175118264410156765e-01	5.175118264410156765e-01	5.175118264410156765e-01
5.175118264410156765e-01	5.175118264410156765e-01	5.175118264410156765e-01	6.732759427680640174e-01	4.103573089443929844e-01	5.175118264410156765e-01	5.175118264410156765e-01	5.175118264410156765e-01	5.175118264410156765e-01	4.900840276683749996e-01	1.000000000000000000e+00	5.175118264410156765e-01	5.175118264410156765e-01	5.175118264410156765e-01	5.175118264410156765e-01	5.175118264410156765e-01	7.209878367545720090e-01	5.175118264410156765e-01	5.175118264410156765e-01	6.303138332157830481e-01	5.175118264410156765e-01	5.175118264410156765e-01	5.175118264410156765e-01	5.175118264410156765e-01	5.175118264410156765e-01	6.175346759707740496e-01	1.756314258348130042e-01	5.175118264410156765e-01	6.716535473908350484e-01	6.002904048985420182e-01	5.175118264410156765e-01	5.175118264410156765e-01	5.175118264410156765e-01	4.260086919398979877e-01	5.175118264410156765e-01	5.175118264410156765e-01	6.564512619804090399e-01	6.916884498402899872e-01	5.175118264410156765e-01	6.748351738869989846e-01	5.175118264410156765e-01	6.114425949965049956e-01	5.175118264410156765e-01	2.484372506683920068e-01	5.056774027167779684e-01	5.175118264410156765e-01	5.080295386358899545e-01	6.248329183448320112e-01	6.527860184306399915e-01	6.619378850185519969e-01	5.175118264410156765e-01	6.397737554908230484e-01	5.175118264410156765e-01	5.175118264410156765e-01	5.175118264410156765e-01	5.175118264410156765e-01	5.175118264410156765e-01	7.108117335402690529e-01	5.175118264410156765e-01	5.175118264410156765e-01	5.175118264410156765e-01	5.175118264410156765e-01	5.175118264410156765e-01	5.520580307524189934e-01	5.175118264410156765e-01	5.175118264410156765e-01	6.716155840429569590e-01	5.175118264410156765e-01	5.175118264410156765e-01	5.175118264410156765e-01	7.169091503502890150e-01	5.175118264410156765e-01	5.175118264410156765e-01	5.175118264410156765e-01	5.175118264410156765e-01	5.175118264410156765e-01	5.175118264410156765e-01	5.175118264410156765e-01	6.330808666621849934e-01	6.753325315746250279e-01	5.175118264410156765e-01	5.175118264410156765e-01	5.175118264410156765e-01	5.175118264410156765e-01	5.175118264410156765e-01	2.542745188945069734e-01	6.664556632975749961e-01	5.175118264410156765e-01	5.175118264410156765e-01	4.560805745028179842e-02	6.665915084135639601e-01	5.175118264410156765e-01	5.175118264410156765e-01	5.175118264410156765e-01	5.175118264410156765e-01	5.175118264410156765e-01	5.175118264410156765e-01	5.175118264410156765e-01	6.747591351319970343e-03	6.898448106148880044e-01	5.175118264410156765e-01	6.410551379833330232e-01	5.175118264410156765e-01	5.175118264410156765e-01	5.175118264410156765e-01	5.175118264410156765e-01	5.175118264410156765e-01	5.175118264410156765e-01	5.175118264410156765e-01	5.175118264410156765e-01	5.175118264410156765e-01	5.718236139819600217e-01	5.175118264410156765e-01	5.175118264410156765e-01	5.175118264410156765e-01	5.175118264410156765e-01	5.175118264410156765e-01	5.175118264410156765e-01	7.145058969803189663e-01	5.175118264410156765e-01	5.175118264410156765e-01	5.175118264410156765e-01	5.175118264410156765e-01	5.175118264410156765e-01
7.308738226118319803e-01	5.175118264410156765e-01	6.814093762837289958e-01	5.175118264410156765e-01	5.175118264410156765e-01	6.713959968234759490e-01	6.068336235615100493e-01	5.175118264410156765e-01	5.175118264410156765e-01	5.175118264410156765e-01	5.175118264410156765e-01	1.000000000000000000e+00	5.175118264410156765e-01	5.175118264410156765e-01	5.175118264410156765e-01	5.175118264410156765e-01	7.255381269806100430e-01	5.175118264410156765e-01	5.175118264410156765e-01	5.175118264410156765e-01	5.175118264410156765e-01	5.175118264410156765e-01	5.175118264410156765e-01	5.175118264410156765e-01	5.175118264410156765e-01	5.175118264410156765e-01	5.175118264410156765e-01	3.864423803836529725e-01	5.175118264410156765e-01	5.175118264410156765e-01	6.316748749697650434e-01	7.387898154259260330e-01	5.175118264410156765e-01	5.175118264410156765e-01	7.249708678671430429e-01	6.319993607493149534e-01	5.175118264410156765e-01	5.175118264410156765e-01	5.175118264410156765e-01	5.175118264410156765e-01	5.175118264410156765e-01	6.169626011888820205e-01	5.175118264410156765e-01	5.175118264410156765e-01	5.053951912630080257e-01	7.059829732700889648e-01	5.175118264410156765e-01	5.175118264410156765e-01	5.175118264410156765e-01	6.631943622469600452e-01	5.175118264410156765e-01	5.175118264410156765e-01	5.175118264410156765e-01	5.175118264410156765e-01	2.607968049059610216e-01	5.175118264410156765e-01	5.175118264410156765e-01	5.175118264410156765e-01	7.290977202369379739e-01	5.175118264410156765e-01	5.175118264410156765e-01	5.175118264410156765e-01	5.175118264410156765e-01	5.540397339632280316e-01	4.909648765332449982e-01	1.065665387937879960e-01	5.175118264410156765e-01	6.251065609763989395e-02	5.175118264410156765e-01	1.972353126051029915e-01	5.175118264410156765e-01	5.175118264410156765e-01	7.276228616802199456e-01	5.175118264410156765e-01	5.175118264410156765e-01	5.175118264410156765e-01	5.175118264410156765e-01	6.923196963972180207e-01	6.419759600165370061e-01	6.806486813930550106e-01	5.690321181416839735e-01	5.175118264410156765e-01	5.175118264410156765e-01	5.175118264410156765e-01	5.175118264410156765e-01	5.175118264410156765e-01	6.731418101122309539e-01	6.606433665451539872e-01	5.175118264410156765e-01	5.175118264410156765e-01	6.759037539269100447e-01	5.175118264410156765e-01	5.175118264410156765e-01	6.332079010480969883e-01	5.175118264410156765e-01	6.507963117973970535e-01	6.487954235605940534e-01	6.555777285566070089e-01	5.175118264410156765e-01	6.979773642012150336e-01	5.175118264410156765e-01	6.456415090158069692e-01	5.175118264410156765e-01	5.175118264410156765e-01	5.175118264410156765e-01	5.175118264410156765e-01	5.175118264410156765e-01	5.175118264410156765e-01	5.175118264410156765e-01	6.623813172859299714e-01	5.175118264410156765e-01	5.175118264410156765e-01	6.400617517200579698e-01	5.175118264410156765e-01	5.175118264410156765e-01	7.149153170603419483e-01	5.175118264410156765e-01	7.170653370211480526e-01	5.175118264410156765e-01	5.175118264410156765e-01	5.175118264410156765e-01	7.094437159668309789e-01	5.175118264410156765e-01	5.175118264410156765e-01
