1.000000000000000000e+00	1.213389121338910026e-01	1.119639549438721515e-01	1.679459324158082412e-01	1.679459324158082412e-01	1.679459324158082412e-01	1.679459324158082412e-01	2.285714285714290084e-01	1.679459324158082412e-01	1.679459324158082412e-01	2.764976958525349748e-01	1.679459324158082412e-01	1.119639549438721515e-01	1.679459324158082412e-01	1.119639549438721515e-01	1.679459324158082412e-01	1.119639549438721515e-01	1.679459324158082412e-01	1.119639549438721515e-01	1.679459324158082412e-01	1.119639549438721515e-01	1.119639549438721515e-01	1.679459324158082412e-01	1.679459324158082412e-01	2.007575757575759956e-01	1.119639549438721515e-01	1.119639549438721515e-01	1.679459324158082412e-01	1.679459324158082412e-01	1.679459324158082412e-01	1.119639549438721515e-01	1.679459324158082412e-01	2.934362934362930164e-01	1.119639549438721515e-01	1.679459324158082412e-01	1.679459324158082412e-01	1.679459324158082412e-01	1.119639549438721515e-01	1.679459324158082412e-01	1.119639549438721515e-01	1.679459324158082412e-01	1.679459324158082412e-01	1.679459324158082412e-01	1.119639549438721515e-01	1.679459324158082412e-01	1.486486486486489900e-01	1.119639549438721515e-01	1.679459324158082412e-01	1.679459324158082412e-01	2.341269841269839891e-01	1.679459324158082412e-01	3.067729083665339807e-01	1.119639549438721515e-01	1.679459324158082412e-01	1.679459324158082412e-01	1.679459324158082412e-01	1.679459324158082412e-01	5.917159763313609849e-02	1.679459324158082412e-01	1.374407582938390049e-01	1.702127659574469987e-01	1.679459324158082412e-01	1.679459324158082412e-01	1.679459324158082412e-01	1.679459324158082412e-01	1.679459324158082412e-01	1.119639549438721515e-01	1.679459324158082412e-01	1.679459324158082412e-01	1.119639549438721515e-01	1.679459324158082412e-01	1.679459324158082412e-01	1.679459324158082412e-01	1.679459324158082412e-01	1.679459324158082412e-01	1.679459324158082412e-01	1.679459324158082412e-01	1.679459324158082412e-01	1.679459324158082412e-01	1.679459324158082412e-01	1.679459324158082412e-01	8.000000000000000167e-03	1.050420168067229959e-01	1.679459324158082412e-01	1.679459324158082412e-01	1.679459324158082412e-01	1.119639549438721515e-01	1.749174917491750081e-01	1.679459324158082412e-01	1.679459324158082412e-01	1.679459324158082412e-01	1.119639549438721515e-01	1.119639549438721515e-01	1.679459324158082412e-01	1.679459324158082412e-01	1.119639549438721515e-01	1.679459324158082412e-01	1.972477064220179988e-01	1.679459324158082412e-01	1.119639549438721515e-01	1.679459324158082412e-01	1.119639549438721515e-01	1.679459324158082412e-01	1.679459324158082412e-01	1.679459324158082412e-01	2.077922077922080002e-01	1.119639549438721515e-01	1.679459324158082412e-01	3.017241379310339755e-01	3.045454545454550077e-01	1.119639549438721515e-01	1.119639549438721515e-01	1.679459324158082412e-01	1.679459324158082412e-01	1.679459324158082412e-01	1.679459324158082412e-01	2.895752895752899958e-01	1.679459324158082412e-01	1.793893129770990080e-01	2.913043478260869956e-01	1.119639549438721515e-01	1.679459324158082412e-01	1.119639549438721515e-01	1.729957805907169910e-01
1.213389121338910026e-01	1.000000000000000000e+00	1.119639549438721515e-01	1.679459324158082412e-01	1.119639549438721515e-01	1.679459324158082412e-01	1.679459324158082412e-01	1.679459324158082412e-01	1.679459324158082412e-01	1.557971014492749995e-01	1.679459324158082412e-01	1.119639549438721515e-01	1.119639549438721515e-01	1.679459324158082412e-01	1.679459324158082412e-01	2.592592592592590228e-01	1.521035598705499925e-01	1.400000000000000133e-01	1.679459324158082412e-01	1.119639549438721515e-01	1.679459324158082412e-01	1.119639549438721515e-01	1.119639549438721515e-01	1.679459324158082412e-01	1.679459324158082412e-01	1.679459324158082412e-01	1.679459324158082412e-01	1.119639549438721515e-01	1.679459324158082412e-01	1.679459324158082412e-01	1.679459324158082412e-01	1.679459324158082412e-01	1.333333333333329984e-01	1.119639549438721515e-01	1.119639549438721515e-01	1.679459324158082412e-01	1.119639549438721515e-01	1.679459324158082412e-01	1.679459324158082412e-01	1.679459324158082412e-01	1.679459324158082412e-01	1.119639549438721515e-01	1.679459324158082412e-01	1.679459324158082412e-01	3.028571428571429913e-01	1.207430340557280046e-01	1.659574468085109888e-01	1.679459324158082412e-01	1.679459324158082412e-01	1.326530612244899987e-01	1.679459324158082412e-01	1.119639549438721515e-01	1.679459324158082412e-01	1.679459324158082412e-01	1.679459324158082412e-01	1.119639549438721515e-01	1.119639549438721515e-01	2.331288343558280129e-01	9.333333333333329596e-02	1.679459324158082412e-01	1.679459324158082412e-01	1.679459324158082412e-01	1.119639549438721515e-01	4.464285714285710083e-01	1.881188118811880083e-01	1.679459324158082412e-01	1.679459324158082412e-01	1.679459324158082412e-01	2.652068126520680247e-01	1.632653061224489943e-01	1.119639549438721515e-01	1.679459324158082412e-01	1.679459324158082412e-01	1.679459324158082412e-01	1.679459324158082412e-01	1.679459324158082412e-01	1.119639549438721515e-01	1.119639549438721515e-01	1.119639549438721515e-01	1.679459324158082412e-01	1.679459324158082412e-01	1.369863013698630061e-02	1.679459324158082412e-01	1.679459324158082412e-01	2.260536398467430097e-01	1.679459324158082412e-01	1.679459324158082412e-01	1.679459324158082412e-01	1.679459324158082412e-01	1.486486486486489900e-01	1.679459324158082412e-01	1.119639549438721515e-01	1.119639549438721515e-01	1.119639549438721515e-01	1.679459324158082412e-01	2.032520325203250044e-01	1.119639549438721515e-01	1.457489878542509998e-01	1.119639549438721515e-01	1.679459324158082412e-01	1.679459324158082412e-01	1.469387755102040116e-01	1.679459324158082412e-01	1.679459324158082412e-01	1.679459324158082412e-01	1.679459324158082412e-01	1.679459324158082412e-01	2.239382239382239903e-01	1.119639549438721515e-01	1.679459324158082412e-01	1.679459324158082412e-01	1.679459324158082412e-01	1.679459324158082412e-01	1.119639549438721515e-01	1.521739130434779930e-01	2.034482758620690113e-01	1.119639549438721515e-01	1.119639549438721515e-01	1.119639549438721515e-01	1.679459324158082412e-01	1.679459324158082412e-01	1.119639549438721515e-01	1.679459324158082412e-01	1.673151750972760032e-01
1.119639549438721515e-01	1.119639549438721515e-01	1.000000000000000000e+00	1.679459324158082412e-01	1.898734177215190000e-01	1.679459324158082412e-01	1.119639549438721515e-01	1.119639549438721515e-01	2.442748091603050009e-01	2.457337883959040126e-01	1.119639549438721515e-01	1.119639549438721515e-01	2.818791946308720209e-01	1.679459324158082412e-01	1.679459324158082412e-01	1.119639549438721515e-01	1.679459324158082412e-01	1.679459324158082412e-01	2.440944881889759999e-01	1.679459324158082412e-01	1.679459324158082412e-01	2.142857142857139963e-01	1.679459324158082412e-01	1.119639549438721515e-01	1.119639549438721515e-01	1.679459324158082412e-01	1.862348178137649968e-01	1.679459324158082412e-01	1.119639549438721515e-01	1.679459324158082412e-01	2.716049382716049787e-01	1.679459324158082412e-01	1.679459324158082412e-01	1.679459324158082412e-01	1.679459324158082412e-01	2.457337883959040126e-01	1.679459324158082412e-01	1.119639549438721515e-01	1.679459324158082412e-01	1.679459324158082412e-01	1.679459324158082412e-01	1.679459324158082412e-01	1.119639549438721515e-01	1.775700934579440005e-01	1.119639549438721515e-01	1.119639549438721515e-01	1.679459324158082412e-01	1.119639549438721515e-01	2.500000000000000000e-01	3.159722222222219878e-01	2.356495468277949867e-01	3.026315789473679740e-01	1.119639549438721515e-01	1.119639549438721515e-01	1.679459324158082412e-01	1.679459324158082412e-01	1.679459324158082412e-01	1.679459324158082412e-01	1.679459324158082412e-01	1.679459324158082412e-01	1.679459324158082412e-01	1.119639549438721515e-01	1.679459324158082412e-01	1.679459324158082412e-01	1.119639549438721515e-01	2.579710144927540028e-01	1.679459324158082412e-01	1.679459324158082412e-01	2.719101123595509817e-01	1.119639549438721515e-01	2.783171521035600060e-01	1.119639549438721515e-01	1.679459324158082412e-01	1.119639549438721515e-01	1.814814814814809940e-01	1.679459324158082412e-01	3.774319066147859836e-01	2.604501607717040201e-01	1.679459324158082412e-01	3.527696793002920161e-01	2.917771883289119739e-01	1.679459324158082412e-01	1.679459324158082412e-01	1.119639549438721515e-01	2.978723404255320117e-01	8.878504672897200023e-02	2.518518518518519933e-01	1.119639549438721515e-01	1.119639549438721515e-01	1.679459324158082412e-01	1.119639549438721515e-01	1.679459324158082412e-01	1.672354948805460095e-01	1.679459324158082412e-01	1.679459324158082412e-01	2.619926199261989885e-01	1.679459324158082412e-01	1.119639549438721515e-01	1.679459324158082412e-01	1.119639549438721515e-01	3.025830258302579789e-01	1.679459324158082412e-01	2.244897959183670133e-01	2.801418439716309994e-01	1.679459324158082412e-01	1.679459324158082412e-01	1.679459324158082412e-01	1.679459324158082412e-01	1.679459324158082412e-01	1.679459324158082412e-01	1.679459324158082412e-01	1.679459324158082412e-01	1.679459324158082412e-01	1.679459324158082412e-01	1.679459324158082412e-01	1.119639549438721515e-01	1.679459324158082412e-01	1.679459324158082412e-01	1.679459324158082412e-01	1.679459324158082412e-01	2.466666666666670060e-01	1.119639549438721515e-01	2.648221343873520262e-01	3.515625000000000000e-01
1.679459324158082412e-01	1.679459324158082412e-01	1.679459324158082412e-01	1.000000000000000000e+00	2.028985507246379993e-01	1.119639549438721515e-01	1.679459324158082412e-01	1.679459324158082412e-01	1.679459324158082412e-01	1.679459324158082412e-01	2.993421052631580204e-01	1.679459324158082412e-01	1.679459324158082412e-01	1.679459324158082412e-01	1.119639549438721515e-01	2.014388489208630006e-01	2.914285714285709816e-01	1.679459324158082412e-01	1.119639549438721515e-01	2.297734627831720111e-01	1.119639549438721515e-01	1.119639549438721515e-01	1.679459324158082412e-01	1.119639549438721515e-01	1.679459324158082412e-01	1.679459324158082412e-01	1.119639549438721515e-01	1.679459324158082412e-01	1.679459324158082412e-01	1.679459324158082412e-01	2.465277777777780122e-01	1.679459324158082412e-01	1.679459324158082412e-01	1.119639549438721515e-01	1.119639549438721515e-01	1.679459324158082412e-01	2.176656151419560092e-01	1.119639549438721515e-01	2.585227272727270154e-01	1.679459324158082412e-01	1.679459324158082412e-01	1.679459324158082412e-01	1.119639549438721515e-01	1.119639549438721515e-01	1.679459324158082412e-01	1.679459324158082412e-01	1.679459324158082412e-01	1.679459324158082412e-01	1.119639549438721515e-01	1.679459324158082412e-01	1.679459324158082412e-01	1.119639549438721515e-01	1.679459324158082412e-01	1.679459324158082412e-01	1.679459324158082412e-01	1.904761904761899938e-01	3.091482649842269836e-01	1.679459324158082412e-01	1.793103448275860101e-01	1.679459324158082412e-01	1.679459324158082412e-01	1.679459324158082412e-01	2.702702702702700077e-01	1.679459324158082412e-01	2.845070422535210253e-01	1.119639549438721515e-01	1.679459324158082412e-01	1.716417910447760042e-01	2.914046121593290017e-01	1.679459324158082412e-01	1.119639549438721515e-01	1.679459324158082412e-01	1.119639549438721515e-01	1.679459324158082412e-01	1.679459324158082412e-01	1.679459324158082412e-01	1.119639549438721515e-01	2.774566473988440141e-01	1.679459324158082412e-01	1.679459324158082412e-01	3.194103194103189991e-01	1.244813278008300057e-02	1.119639549438721515e-01	1.679459324158082412e-01	1.119639549438721515e-01	1.679459324158082412e-01	1.679459324158082412e-01	1.119639549438721515e-01	1.679459324158082412e-01	1.679459324158082412e-01	1.679459324158082412e-01	1.679459324158082412e-01	1.679459324158082412e-01	2.557377049180329931e-01	1.679459324158082412e-01	1.679459324158082412e-01	1.119639549438721515e-01	1.679459324158082412e-01	2.607361963190180099e-01	1.679459324158082412e-01	2.515527950310559868e-01	1.679459324158082412e-01	1.119639549438721515e-01	1.679459324158082412e-01	1.679459324158082412e-01	1.679459324158082412e-01	2.477611940298510007e-01	1.679459324158082412e-01	1.679459324158082412e-01	1.679459324158082412e-01	1.679459324158082412e-01	1.119639549438721515e-01	2.446483180428130066e-01	1.679459324158082412e-01	1.679459324158082412e-01	1.679459324158082412e-01	1.679459324158082412e-01	1.607717041800640068e-01	2.558823529411760056e-01	2.351190476190480050e-01	2.656716417910450212e-01	2.462121212121209934e-01	1.679459324158082412e-01	1.679459324158082412e-01
1.679459324158082412e-01	1.119639549438721515e-01	1.898734177215190000e-01	2.028985507246379993e-01	1.000000000000000000e+00	1.679459324158082412e-01	1.679459324158082412e-01	1.679459324158082412e-01	1.679459324158082412e-01	1.679459324158082412e-01	1.666666666666669905e-01	1.119639549438721515e-01	1.679459324158082412e-01	1.679459324158082412e-01	1.679459324158082412e-01	1.679459324158082412e-01	1.705426356589150039e-01	1.666666666666669905e-01	1.119639549438721515e-01	1.679459324158082412e-01	1.119639549438721515e-01	2.065727699530519879e-01	1.119639549438721515e-01	1.679459324158082412e-01	1.924686192468620105e-01	1.679459324158082412e-01	1.352941176470590090e-01	1.119639549438721515e-01	1.658291457286429904e-01	1.679459324158082412e-01	3.397435897435899799e-01	1.575342465753420129e-01	1.679459324158082412e-01	1.679459324158082412e-01	3.121387283236989885e-01	1.119639549438721515e-01	1.625615763546799930e-01	1.679459324158082412e-01	1.814516129032260061e-01	1.258741258741259972e-01	1.679459324158082412e-01	1.679459324158082412e-01	1.990049751243780085e-01	1.679459324158082412e-01	1.679459324158082412e-01	1.119639549438721515e-01	1.679459324158082412e-01	1.119639549438721515e-01	1.119639549438721515e-01	1.576763485477180038e-01	1.679459324158082412e-01	1.119639549438721515e-01	1.679459324158082412e-01	1.119639549438721515e-01	1.119639549438721515e-01	1.679459324158082412e-01	1.119639549438721515e-01	1.679459324158082412e-01	1.679459324158082412e-01	2.682926829268290070e-01	1.679459324158082412e-01	1.119639549438721515e-01	1.679459324158082412e-01	1.119639549438721515e-01	1.460674157303369913e-01	1.886120996441280062e-01	1.679459324158082412e-01	1.679459324158082412e-01	1.679459324158082412e-01	1.836734693877550006e-01	1.119639549438721515e-01	1.119639549438721515e-01	1.261682242990649905e-01	1.904761904761899938e-01	1.679459324158082412e-01	1.119639549438721515e-01	1.679459324158082412e-01	1.679459324158082412e-01	1.119639549438721515e-01	1.679459324158082412e-01	1.679459324158082412e-01	2.173913043478260115e-02	1.679459324158082412e-01	2.932692307692310041e-01	1.679459324158082412e-01	1.119639549438721515e-01	1.679459324158082412e-01	1.679459324158082412e-01	1.679459324158082412e-01	1.679459324158082412e-01	1.679459324158082412e-01	1.679459324158082412e-01	2.410256410256410020e-01	1.119639549438721515e-01	2.048192771084340058e-01	1.679459324158082412e-01	1.119639549438721515e-01	1.119639549438721515e-01	1.679459324158082412e-01	2.524271844660189723e-01	1.679459324158082412e-01	1.522842639593909864e-01	1.679459324158082412e-01	1.679459324158082412e-01	1.679459324158082412e-01	1.278538812785390000e-01	1.652173913043480102e-01	1.119639549438721515e-01	1.440677966101689966e-01	1.679459324158082412e-01	1.679459324158082412e-01	2.389380530973450045e-01	1.679459324158082412e-01	1.679459324158082412e-01	1.528384279475979990e-01	1.679459324158082412e-01	1.679459324158082412e-01	1.119639549438721515e-01	1.991341991341989970e-01	1.679459324158082412e-01	1.679459324158082412e-01	1.119639549438721515e-01	1.119639549438721515e-01	1.826923076923079869e-01
1.679459324158082412e-01	1.679459324158082412e-01	1.679459324158082412e-01	1.119639549438721515e-01	1.679459324158082412e-01	1.000000000000000000e+00	1.679459324158082412e-01	1.679459324158082412e-01	1.119639549438721515e-01	1.679459324158082412e-01	1.679459324158082412e-01	1.679459324158082412e-01	2.013201320132010086e-01	1.679459324158082412e-01	1.119639549438721515e-01	1.679459324158082412e-01	1.679459324158082412e-01	1.119639549438721515e-01	1.505791505791509999e-01	1.679459324158082412e-01	1.679459324158082412e-01	1.119639549438721515e-01	1.679459324158082412e-01	1.119639549438721515e-01	1.679459324158082412e-01	1.119639549438721515e-01	1.679459324158082412e-01	1.679459324158082412e-01	1.679459324158082412e-01	1.679459324158082412e-01	1.119639549438721515e-01	4.342857142857139974e-01	1.679459324158082412e-01	2.071197411003239952e-01	1.119639549438721515e-01	1.679459324158082412e-01	1.679459324158082412e-01	1.119639549438721515e-01	1.679459324158082412e-01	1.679459324158082412e-01	1.119639549438721515e-01	3.817427385892119829e-01	1.119639549438721515e-01	1.119639549438721515e-01	1.119639549438721515e-01	1.679459324158082412e-01	1.679459324158082412e-01	1.679459324158082412e-01	1.679459324158082412e-01	1.679459324158082412e-01	2.334384858044160072e-01	1.679459324158082412e-01	1.405405405405409924e-01	1.679459324158082412e-01	1.119639549438721515e-01	1.679459324158082412e-01	2.392857142857139907e-01	2.052631578947370083e-01	1.119639549438721515e-01	1.679459324158082412e-01	1.119639549438721515e-01	2.161016949152539945e-01	1.679459324158082412e-01	5.139664804469270543e-01	1.679459324158082412e-01	1.679459324158082412e-01	1.679459324158082412e-01	1.679459324158082412e-01	1.679459324158082412e-01	1.119639549438721515e-01	2.866894197952220003e-01	1.679459324158082412e-01	1.679459324158082412e-01	1.679459324158082412e-01	1.119639549438721515e-01	1.679459324158082412e-01	1.679459324158082412e-01	1.679459324158082412e-01	1.679459324158082412e-01	3.680981595092019942e-01	1.679459324158082412e-01	5.714285714285709944e-03	1.679459324158082412e-01	8.473684210526319927e-01	1.679459324158082412e-01	1.119639549438721515e-01	1.679459324158082412e-01	1.679459324158082412e-01	1.119639549438721515e-01	1.679459324158082412e-01	1.119639549438721515e-01	1.679459324158082412e-01	1.679459324158082412e-01	2.500000000000000000e-01	1.679459324158082412e-01	1.679459324158082412e-01	1.119639549438721515e-01	1.679459324158082412e-01	1.119639549438721515e-01	1.119639549438721515e-01	1.119639549438721515e-01	1.119639549438721515e-01	1.679459324158082412e-01	1.119639549438721515e-01	1.679459324158082412e-01	1.679459324158082412e-01	1.119639549438721515e-01	1.119639549438721515e-01	2.013651877133109946e-01	1.119639549438721515e-01	2.489626556016600045e-01	1.679459324158082412e-01	1.679459324158082412e-01	2.666666666666669960e-01	1.679459324158082412e-01	1.679459324158082412e-01	1.679459324158082412e-01	1.910569105691060088e-01	2.508710801393729817e-01	1.679459324158082412e-01	1.679459324158082412e-01	1.119639549438721515e-01	1.119639549438721515e-01	1.679459324158082412e-01
1.679459324158082412e-01	1.679459324158082412e-01	1.119639549438721515e-01	1.679459324158082412e-01	1.679459324158082412e-01	1.679459324158082412e-01	1.000000000000000000e+00	1.679459324158082412e-01	1.159420289855069980e-01	1.679459324158082412e-01	1.679459324158082412e-01	1.551724137931030090e-01	1.119639549438721515e-01	1.679459324158082412e-01	1.119639549438721515e-01	1.119639549438721515e-01	1.370370370370370128e-01	1.568627450980389915e-01	1.679459324158082412e-01	2.239583333333330095e-01	1.782178217821779875e-01	1.541850220264320004e-01	1.679459324158082412e-01	1.810699588477369948e-01	1.934156378600820070e-01	1.554621848739499990e-01	7.027027027027030193e-02	1.679459324158082412e-01	2.030456852791880096e-01	1.679459324158082412e-01	1.443850267379679919e-01	3.920000000000000151e-01	1.119639549438721515e-01	1.679459324158082412e-01	1.600000000000000033e-01	1.679459324158082412e-01	1.531100478468900017e-01	1.450777202072540129e-01	1.679459324158082412e-01	1.679459324158082412e-01	1.679459324158082412e-01	1.797235023041469926e-01	1.679459324158082412e-01	3.872549019607839926e-01	1.679459324158082412e-01	1.119639549438721515e-01	1.479591836734689969e-01	1.679459324158082412e-01	1.679459324158082412e-01	1.119639549438721515e-01	2.123552123552119864e-01	1.119639549438721515e-01	1.119639549438721515e-01	1.119639549438721515e-01	1.679459324158082412e-01	1.679459324158082412e-01	1.679459324158082412e-01	1.119639549438721515e-01	1.119639549438721515e-01	2.171428571428569987e-01	1.679459324158082412e-01	1.679459324158082412e-01	1.679459324158082412e-01	1.679459324158082412e-01	1.119639549438721515e-01	1.679459324158082412e-01	1.119639549438721515e-01	1.119639549438721515e-01	1.679459324158082412e-01	1.623376623376620032e-01	2.195121951219509981e-01	1.679459324158082412e-01	1.679459324158082412e-01	1.679459324158082412e-01	1.119639549438721515e-01	1.604938271604940125e-01	1.119639549438721515e-01	1.679459324158082412e-01	1.269841269841270048e-01	2.341137123745820059e-01	2.604501607717040201e-01	1.679459324158082412e-01	1.679459324158082412e-01	1.679459324158082412e-01	1.679459324158082412e-01	2.432432432432430069e-01	1.679459324158082412e-01	1.679459324158082412e-01	1.679459324158082412e-01	1.192307692307690015e-01	1.401869158878500110e-01	1.679459324158082412e-01	4.969696969696970057e-01	1.119639549438721515e-01	1.679459324158082412e-01	1.679459324158082412e-01	1.119639549438721515e-01	1.679459324158082412e-01	1.679459324158082412e-01	3.150000000000000022e-01	1.679459324158082412e-01	1.679459324158082412e-01	1.679459324158082412e-01	1.679459324158082412e-01	1.119639549438721515e-01	1.004366812227070055e-01	1.567796610169490124e-01	1.119639549438721515e-01	1.679459324158082412e-01	1.679459324158082412e-01	1.679459324158082412e-01	1.679459324158082412e-01	1.696428571428570120e-01	1.119639549438721515e-01	1.679459324158082412e-01	1.119639549438721515e-01	1.679459324158082412e-01	1.134020618556700055e-01	1.119639549438721515e-01	1.119639549438721515e-01	1.679459324158082412e-01	1.679459324158082412e-01	1.679459324158082412e-01	1.679459324158082412e-01
2.285714285714290084e-01	1.679459324158082412e-01	1.119639549438721515e-01	1.679459324158082412e-01	1.679459324158082412e-01	1.679459324158082412e-01	1.679459324158082412e-01	1.000000000000000000e+00	1.679459324158082412e-01	1.679459324158082412e-01	3.317972350230409817e-01	1.679459324158082412e-01	1.726618705035969925e-01	1.119639549438721515e-01	1.679459324158082412e-01	1.632653061224489943e-01	1.679459324158082412e-01	2.790697674418600172e-01	1.981566820276499941e-01	1.679459324158082412e-01	1.119639549438721515e-01	2.438016528925620041e-01	1.679459324158082412e-01	1.119639549438721515e-01	1.679459324158082412e-01	1.679459324158082412e-01	1.679459324158082412e-01	2.987012987012990228e-01	1.119639549438721515e-01	1.679459324158082412e-01	3.041237113402059933e-01	1.119639549438721515e-01	1.679459324158082412e-01	1.679459324158082412e-01	1.679459324158082412e-01	3.261802575107299873e-01	1.119639549438721515e-01	1.679459324158082412e-01	2.166064981949460122e-01	1.119639549438721515e-01	1.794871794871789883e-01	1.679459324158082412e-01	1.679459324158082412e-01	1.338028169014079949e-01	1.679459324158082412e-01	1.679459324158082412e-01	1.679459324158082412e-01	1.679459324158082412e-01	1.679459324158082412e-01	3.130081300813010170e-01	1.679459324158082412e-01	1.119639549438721515e-01	1.679459324158082412e-01	1.679459324158082412e-01	1.679459324158082412e-01	1.679459324158082412e-01	1.679459324158082412e-01	1.119639549438721515e-01	1.741293532338309968e-01	1.679459324158082412e-01	1.679459324158082412e-01	1.913875598086119956e-01	1.679459324158082412e-01	1.119639549438721515e-01	1.679459324158082412e-01	1.119639549438721515e-01	1.795918367346940048e-01	1.679459324158082412e-01	1.679459324158082412e-01	1.119639549438721515e-01	1.679459324158082412e-01	1.119639549438721515e-01	1.119639549438721515e-01	1.679459324158082412e-01	1.119639549438721515e-01	1.679459324158082412e-01	1.119639549438721515e-01	1.872791519434630070e-01	1.679459324158082412e-01	1.679459324158082412e-01	2.175141242937849995e-01	7.299270072992699622e-03	1.679459324158082412e-01	2.470119521912350069e-01	1.119639549438721515e-01	1.119639549438721515e-01	1.679459324158082412e-01	1.679459324158082412e-01	2.516129032258059839e-01	1.679459324158082412e-01	1.119639549438721515e-01	1.119639549438721515e-01	1.119639549438721515e-01	1.119639549438721515e-01	2.079207920792079944e-01	1.679459324158082412e-01	1.119639549438721515e-01	2.026431718061670051e-01	1.679459324158082412e-01	1.679459324158082412e-01	2.638297872340429895e-01	1.679459324158082412e-01	1.119639549438721515e-01	2.298387096774190119e-01	1.679459324158082412e-01	1.119639549438721515e-01	2.479999999999999982e-01	1.679459324158082412e-01	1.119639549438721515e-01	1.679459324158082412e-01	1.679459324158082412e-01	2.607003891050579947e-01	1.119639549438721515e-01	1.679459324158082412e-01	1.119639549438721515e-01	2.107142857142859926e-01	1.679459324158082412e-01	1.679459324158082412e-01	1.119639549438721515e-01	1.119639549438721515e-01	1.679459324158082412e-01	1.679459324158082412e-01	3.894736842105260277e-01	2.500000000000000000e-01
1.679459324158082412e-01	1.679459324158082412e-01	2.442748091603050009e-01	1.679459324158082412e-01	1.679459324158082412e-01	1.119639549438721515e-01	1.159420289855069980e-01	1.679459324158082412e-01	1.000000000000000000e+00	1.679459324158082412e-01	1.679459324158082412e-01	2.280000000000000082e-01	1.679459324158082412e-01	1.679459324158082412e-01	1.119639549438721515e-01	1.679459324158082412e-01	1.119639549438721515e-01	3.613861386138609855e-01	1.119639549438721515e-01	1.679459324158082412e-01	1.679459324158082412e-01	2.541666666666669849e-01	1.679459324158082412e-01	1.119639549438721515e-01	1.679459324158082412e-01	1.679459324158082412e-01	1.679459324158082412e-01	1.119639549438721515e-01	1.119639549438721515e-01	2.456140350877190071e-01	3.177083333333329818e-01	1.679459324158082412e-01	1.679459324158082412e-01	1.679459324158082412e-01	1.679459324158082412e-01	1.679459324158082412e-01	2.227074235807859903e-01	3.197969543147209937e-01	1.679459324158082412e-01	3.212996389891700222e-01	1.679459324158082412e-01	1.679459324158082412e-01	1.119639549438721515e-01	1.679459324158082412e-01	2.423398328690810066e-01	1.119639549438721515e-01	2.571428571428570065e-01	1.679459324158082412e-01	1.679459324158082412e-01	1.679459324158082412e-01	2.006802721088440100e-01	2.639405204460970045e-01	1.119639549438721515e-01	1.679459324158082412e-01	2.164502164502160042e-01	1.730769230769229894e-01	3.318965517241380114e-01	1.679459324158082412e-01	1.979695431472079936e-01	2.115384615384620082e-01	1.119639549438721515e-01	1.857142857142859982e-01	1.679459324158082412e-01	1.679459324158082412e-01	1.119639549438721515e-01	1.119639549438721515e-01	1.679459324158082412e-01	1.119639549438721515e-01	1.679459324158082412e-01	1.679459324158082412e-01	1.894736842105259889e-01	1.119639549438721515e-01	1.679459324158082412e-01	1.679459324158082412e-01	1.679459324158082412e-01	1.679459324158082412e-01	2.573839662447259813e-01	2.000000000000000111e-01	1.679459324158082412e-01	2.477064220183489984e-01	1.119639549438721515e-01	1.679459324158082412e-01	1.679459324158082412e-01	1.679459324158082412e-01	1.119639549438721515e-01	6.626506024096390224e-02	1.679459324158082412e-01	1.679459324158082412e-01	1.119639549438721515e-01	1.119639549438721515e-01	2.042553191489359932e-01	2.608695652173910196e-01	1.679459324158082412e-01	1.679459324158082412e-01	1.679459324158082412e-01	1.119639549438721515e-01	1.119639549438721515e-01	1.679459324158082412e-01	2.448979591836729919e-01	1.679459324158082412e-01	1.119639549438721515e-01	1.679459324158082412e-01	1.119639549438721515e-01	1.679459324158082412e-01	1.679459324158082412e-01	1.119639549438721515e-01	2.682926829268290070e-01	1.679459324158082412e-01	1.679459324158082412e-01	1.679459324158082412e-01	1.119639549438721515e-01	2.413793103448280131e-01	1.679459324158082412e-01	1.679459324158082412e-01	1.119639549438721515e-01	1.679459324158082412e-01	2.226148409893989877e-01	2.200956937799040114e-01	1.679459324158082412e-01	1.679459324158082412e-01	1.119639549438721515e-01	1.679459324158082412e-01	1.679459324158082412e-01	1.119639549438721515e-01
1.679459324158082412e-01	1.557971014492749995e-01	2.457337883959040126e-01	1.679459324158082412e-01	1.679459324158082412e-01	1.679459324158082412e-01	1.679459324158082412e-01	1.679459324158082412e-01	1.679459324158082412e-01	1.000000000000000000e+00	1.679459324158082412e-01	1.119639549438721515e-01	1.119639549438721515e-01	1.119639549438721515e-01	1.119639549438721515e-01	1.679459324158082412e-01	1.679459324158082412e-01	1.119639549438721515e-01	1.679459324158082412e-01	3.911111111111110206e-01	1.679459324158082412e-01	1.119639549438721515e-01	4.224137931034480098e-01	1.679459324158082412e-01	1.679459324158082412e-01	1.679459324158082412e-01	1.679459324158082412e-01	1.679459324158082412e-01	1.679459324158082412e-01	1.119639549438721515e-01	1.679459324158082412e-01	1.679459324158082412e-01	2.100313479623819868e-01	1.679459324158082412e-01	1.679459324158082412e-01	1.679459324158082412e-01	1.679459324158082412e-01	1.679459324158082412e-01	1.119639549438721515e-01	1.679459324158082412e-01	1.679459324158082412e-01	1.679459324158082412e-01	1.328671328671330032e-01	1.119639549438721515e-01	1.679459324158082412e-01	2.067901234567899871e-01	2.677824267782429879e-01	2.284768211920530090e-01	1.679459324158082412e-01	1.679459324158082412e-01	1.679459324158082412e-01	1.679459324158082412e-01	1.119639549438721515e-01	1.679459324158082412e-01	1.679459324158082412e-01	1.119639549438721515e-01	1.679459324158082412e-01	6.976744186046510143e-02	1.458333333333330095e-01	1.781376518218620031e-01	1.679459324158082412e-01	1.679459324158082412e-01	2.579505300353360231e-01	1.119639549438721515e-01	1.896024464831800038e-01	1.679459324158082412e-01	1.679459324158082412e-01	1.119639549438721515e-01	1.679459324158082412e-01	1.679459324158082412e-01	1.679459324158082412e-01	1.679459324158082412e-01	1.679459324158082412e-01	1.890756302521010013e-01	1.679459324158082412e-01	2.824858757062149728e-01	1.119639549438721515e-01	1.119639549438721515e-01	1.679459324158082412e-01	1.679459324158082412e-01	1.119639549438721515e-01	1.679459324158082412e-01	1.254480286738350048e-01	1.679459324158082412e-01	2.690909090909089918e-01	1.679459324158082412e-01	1.119639549438721515e-01	1.679459324158082412e-01	2.526881720430109723e-01	1.679459324158082412e-01	1.679459324158082412e-01	1.119639549438721515e-01	1.565836298932380133e-01	1.119639549438721515e-01	2.198275862068969910e-01	2.500000000000000000e-01	2.342342342342340067e-01	2.734693877551019892e-01	1.679459324158082412e-01	1.679459324158082412e-01	1.679459324158082412e-01	1.119639549438721515e-01	1.746575342465750136e-01	1.679459324158082412e-01	2.874999999999999778e-01	1.827956989247309927e-01	3.873517786561260223e-01	1.495016611295680031e-01	1.119639549438721515e-01	2.611940298507460234e-01	1.796875000000000000e-01	1.119639549438721515e-01	1.679459324158082412e-01	3.728813559322030069e-01	1.119639549438721515e-01	1.119639549438721515e-01	1.679459324158082412e-01	1.679459324158082412e-01	1.119639549438721515e-01	1.679459324158082412e-01	1.679459324158082412e-01	2.718446601941750251e-01	2.520661157024789989e-01	1.119639549438721515e-01
2.764976958525349748e-01	1.679459324158082412e-01	1.119639549438721515e-01	2.993421052631580204e-01	1.666666666666669905e-01	1.679459324158082412e-01	1.679459324158082412e-01	3.317972350230409817e-01	1.679459324158082412e-01	1.679459324158082412e-01	1.000000000000000000e+00	3.145161290322580072e-01	1.119639549438721515e-01	1.679459324158082412e-01	1.679459324158082412e-01	1.650943396226420001e-01	1.679459324158082412e-01	1.119639549438721515e-01	1.119639549438721515e-01	3.952380952380949997e-01	1.679459324158082412e-01	3.223140495867770072e-01	3.362068965517239771e-01	1.119639549438721515e-01	1.679459324158082412e-01	2.613636363636360205e-01	1.119639549438721515e-01	1.679459324158082412e-01	2.770562770562770005e-01	1.119639549438721515e-01	1.119639549438721515e-01	8.920187793427229728e-02	1.679459324158082412e-01	2.000000000000000111e-01	2.663755458515280061e-01	1.119639549438721515e-01	1.119639549438721515e-01	1.679459324158082412e-01	1.119639549438721515e-01	1.679459324158082412e-01	1.520270270270270008e-01	1.119639549438721515e-01	1.119639549438721515e-01	1.119639549438721515e-01	1.679459324158082412e-01	2.244224422442240019e-01	1.119639549438721515e-01	2.625899280575539896e-01	1.679459324158082412e-01	1.679459324158082412e-01	2.196721311475409999e-01	1.679459324158082412e-01	1.679459324158082412e-01	1.679459324158082412e-01	1.679459324158082412e-01	1.679459324158082412e-01	1.119639549438721515e-01	1.119639549438721515e-01	1.679459324158082412e-01	2.262443438914029936e-01	1.011235955056180025e-01	1.679459324158082412e-01	5.000000000000000000e-01	8.620689655172410204e-02	1.679459324158082412e-01	2.683706070287539824e-01	1.679459324158082412e-01	1.581632653061219862e-01	2.217090069284060050e-01	1.119639549438721515e-01	1.679459324158082412e-01	1.679459324158082412e-01	1.679459324158082412e-01	2.955665024630539928e-01	1.679459324158082412e-01	1.679459324158082412e-01	1.679459324158082412e-01	3.099630996309959974e-01	1.679459324158082412e-01	1.679459324158082412e-01	1.679459324158082412e-01	1.119639549438721515e-01	1.136363636363639934e-01	1.679459324158082412e-01	1.679459324158082412e-01	1.679459324158082412e-01	1.679459324158082412e-01	1.679459324158082412e-01	1.679459324158082412e-01	6.941747572815529788e-01	1.679459324158082412e-01	1.679459324158082412e-01	1.679459324158082412e-01	1.679459324158082412e-01	1.679459324158082412e-01	1.119639549438721515e-01	2.763819095477390020e-01	2.586206896551719869e-01	1.679459324158082412e-01	1.342756183745580090e-01	1.679459324158082412e-01	1.679459324158082412e-01	1.679459324158082412e-01	2.806324110671939986e-01	1.119639549438721515e-01	2.653061224489799974e-01	3.734439834024900207e-01	1.679459324158082412e-01	1.119639549438721515e-01	3.140495867768600124e-01	1.119639549438721515e-01	1.679459324158082412e-01	1.119639549438721515e-01	3.881278538812790169e-01	1.119639549438721515e-01	3.161764705882350035e-01	1.679459324158082412e-01	1.679459324158082412e-01	1.971830985915490053e-01	1.679459324158082412e-01	1.679459324158082412e-01	2.941176470588239833e-01	2.922374429223740244e-01	3.493449781659390130e-01
1.679459324158082412e-01	1.119639549438721515e-01	1.119639549438721515e-01	1.679459324158082412e-01	1.119639549438721515e-01	1.679459324158082412e-01	1.551724137931030090e-01	1.679459324158082412e-01	2.280000000000000082e-01	1.119639549438721515e-01	3.145161290322580072e-01	1.000000000000000000e+00	1.679459324158082412e-01	1.679459324158082412e-01	1.679459324158082412e-01	1.883408071748879919e-01	2.895622895622900206e-01	1.679459324158082412e-01	1.679459324158082412e-01	3.946188340807170181e-01	1.679459324158082412e-01	1.119639549438721515e-01	4.449339207048459977e-01	1.679459324158082412e-01	1.679459324158082412e-01	1.119639549438721515e-01	1.679459324158082412e-01	1.119639549438721515e-01	1.119639549438721515e-01	1.679459324158082412e-01	1.679459324158082412e-01	8.225108225108229698e-02	1.679459324158082412e-01	1.119639549438721515e-01	1.679459324158082412e-01	1.119639549438721515e-01	2.886178861788620265e-01	1.832669322709160054e-01	3.599999999999999867e-01	1.679459324158082412e-01	1.655844155844160004e-01	1.679459324158082412e-01	1.679459324158082412e-01	1.887417218543049890e-01	1.679459324158082412e-01	1.119639549438721515e-01	1.679459324158082412e-01	1.119639549438721515e-01	1.679459324158082412e-01	1.679459324158082412e-01	1.679459324158082412e-01	3.228070175438599865e-01	1.679459324158082412e-01	1.679459324158082412e-01	1.119639549438721515e-01	1.330645161290320011e-01	1.119639549438721515e-01	6.046511627906980130e-02	1.679459324158082412e-01	1.468253968253969977e-01	1.505376344086019891e-01	1.679459324158082412e-01	1.119639549438721515e-01	8.433734939759039706e-02	1.679459324158082412e-01	3.174603174603169986e-01	1.679459324158082412e-01	1.679459324158082412e-01	1.679459324158082412e-01	1.971830985915490053e-01	1.119639549438721515e-01	1.679459324158082412e-01	1.119639549438721515e-01	1.679459324158082412e-01	1.119639549438721515e-01	3.573573573573570195e-01	1.679459324158082412e-01	1.679459324158082412e-01	1.679459324158082412e-01	1.679459324158082412e-01	2.479999999999999982e-01	1.679459324158082412e-01	1.679459324158082412e-01	1.679459324158082412e-01	1.119639549438721515e-01	6.467661691542289648e-02	3.991228070175439901e-01	3.149350649350650122e-01	2.287234042553190072e-01	1.679459324158082412e-01	1.679459324158082412e-01	1.679459324158082412e-01	1.119639549438721515e-01	1.119639549438721515e-01	1.679459324158082412e-01	1.679459324158082412e-01	1.679459324158082412e-01	1.832061068702290074e-01	1.679459324158082412e-01	1.119639549438721515e-01	2.416356877323420083e-01	2.320000000000000118e-01	1.718213058419240102e-01	3.902439024390240152e-01	1.119639549438721515e-01	1.679459324158082412e-01	1.119639549438721515e-01	1.944444444444440034e-01	1.119639549438721515e-01	2.727272727272729846e-01	1.679459324158082412e-01	1.679459324158082412e-01	3.100775193798450124e-01	1.679459324158082412e-01	1.679459324158082412e-01	3.772893772893770037e-01	1.679459324158082412e-01	1.821862348178140134e-01	1.679459324158082412e-01	1.679459324158082412e-01	1.679459324158082412e-01	2.745098039215689845e-01	2.438016528925620041e-01	1.119639549438721515e-01
