9.999999999999990008e-01	6.591214494896210363e-01	8.185061410891809608e-01	6.563778433582949656e-01	6.591214494896210363e-01	6.809980607195279534e-01	6.871563603598780379e-01	7.306343756215379903e-01	6.591214494896210363e-01	6.591214494896210363e-01	7.046713584866479696e-01	6.981417201675880202e-01	6.591214494896210363e-01	6.271140377251810394e-01	7.000711977285389853e-01	6.591214494896210363e-01	6.591214494896210363e-01	6.591214494896210363e-01	6.591214494896210363e-01	6.591214494896210363e-01	6.591214494896210363e-01	6.591214494896210363e-01	7.185009816164320551e-01	6.591214494896210363e-01	7.017911040700489655e-01	6.591214494896210363e-01	6.591214494896210363e-01	7.189394870151889494e-01	6.879654178523370023e-01	7.033776262916050515e-01	7.005836281752050310e-01	6.591214494896210363e-01	6.591214494896210363e-01	7.434257543257960510e-01	6.591214494896210363e-01	6.803332210989609941e-01	7.106909690651550537e-01	7.050207680689180023e-01	7.072009080219550103e-01	6.591214494896210363e-01	6.591214494896210363e-01	6.373987570049619578e-01	6.591214494896210363e-01	6.772871160454909667e-01	6.418417296617859868e-01	6.684145251726969494e-01	6.725669483272780358e-01	6.591214494896210363e-01	6.591214494896210363e-01	6.591214494896210363e-01	6.591214494896210363e-01	6.591214494896210363e-01	6.591214494896210363e-01	6.591214494896210363e-01	6.808926628782200341e-01	6.591214494896210363e-01	6.591214494896210363e-01	6.611020135843580503e-01	6.601910401475570289e-01	6.591214494896210363e-01	6.591214494896210363e-01	6.779893951730540103e-01	6.591214494896210363e-01	6.645421123561610077e-01	6.591214494896210363e-01	6.591214494896210363e-01	6.591214494896210363e-01	6.591214494896210363e-01	6.561684098866239490e-01	6.670517123503379997e-01	6.723993477248290107e-01	7.057662526931319791e-01	6.797447818030060152e-01	6.591214494896210363e-01	6.591214494896210363e-01	6.653670930856120380e-01	7.578932242642140160e-01	6.591214494896210363e-01	6.588748208655490490e-01	6.591214494896210363e-01	6.591214494896210363e-01	6.591214494896210363e-01	6.777230131637820287e-01	6.591214494896210363e-01	6.591214494896210363e-01	6.552301958384220137e-01	6.591214494896210363e-01	6.637269027764139961e-01	6.591214494896210363e-01	6.745065384317969759e-01	6.591214494896210363e-01	6.273639840452760463e-01	6.139504167381379940e-01	6.229523559549490219e-01	6.020848538981390385e-01	6.591214494896210363e-01	6.547941938920710525e-01	6.505890677863840343e-01	6.421933657187479660e-01	6.591214494896210363e-01	6.591214494896210363e-01	6.591214494896210363e-01	6.438597048132640444e-01	6.591214494896210363e-01	6.474715783174269657e-01	6.444839234428260122e-01	6.536394963548900483e-01	6.591214494896210363e-01	6.786993422202159953e-01	6.591214494896210363e-01	6.591214494896210363e-01	6.591214494896210363e-01	6.768305696404259830e-01	6.591214494896210363e-01	6.591214494896210363e-01	6.591214494896210363e-01	7.986579804370510516e-01	6.591214494896210363e-01	6.591214494896210363e-01	6.591214494896210363e-01	6.417383845317280455e-01	7.200970590900579449e-01	7.533145253528840124e-01	7.405853334919330067e-01
6.591214494896210363e-01	1.000000000000000000e+00	7.970377696582710003e-01	6.591214494896210363e-01	6.591214494896210363e-01	6.899367991274679701e-01	6.816729748704269953e-01	6.591214494896210363e-01	6.591214494896210363e-01	6.591214494896210363e-01	7.045032452873249973e-01	6.986344230269589950e-01	6.591214494896210363e-01	6.384363047914219935e-01	6.591214494896210363e-01	6.591214494896210363e-01	6.591214494896210363e-01	6.591214494896210363e-01	6.591214494896210363e-01	6.942944130068019470e-01	6.471863671776130200e-01	6.591214494896210363e-01	7.102195550792530510e-01	6.591214494896210363e-01	6.782780832753559919e-01	7.016140441816369755e-01	6.594150236917259988e-01	6.591214494896210363e-01	6.591214494896210363e-01	6.910183100062320394e-01	6.730363785619110084e-01	6.591214494896210363e-01	6.425235106858500078e-01	6.591214494896210363e-01	6.591214494896210363e-01	6.591214494896210363e-01	6.883582521038169588e-01	6.591214494896210363e-01	6.591214494896210363e-01	6.307853077653100549e-01	7.111388873456859772e-01	6.457768178814039528e-01	6.757346626593619954e-01	6.761186301245279973e-01	6.144818213542959651e-01	6.591214494896210363e-01	6.502122548840180150e-01	6.591214494896210363e-01	6.884885645890790329e-01	6.591214494896210363e-01	6.984987615408070338e-01	6.576677174908710510e-01	6.405210288720070144e-01	6.442425631584549617e-01	6.707725051330409860e-01	6.468991702968720503e-01	6.591214494896210363e-01	6.402615221650359567e-01	6.591214494896210363e-01	6.533289342248660425e-01	6.783030988835999642e-01	6.591214494896210363e-01	7.009452668320339530e-01	6.693423088324299552e-01	6.219792659692759962e-01	6.819626278699090216e-01	6.559262474115860053e-01	6.591214494896210363e-01	6.591214494896210363e-01	6.631622980730540462e-01	6.591669656578950098e-01	6.591214494896210363e-01	6.591214494896210363e-01	6.773484094394079946e-01	6.310682688007079877e-01	6.549095014148610394e-01	6.591214494896210363e-01	6.591214494896210363e-01	6.531387786620680425e-01	6.591214494896210363e-01	6.843563699587229543e-01	6.671536979669669964e-01	6.591214494896210363e-01	6.591214494896210363e-01	6.591214494896210363e-01	6.591214494896210363e-01	6.591214494896210363e-01	6.592156849254580120e-01	6.591214494896210363e-01	6.591214494896210363e-01	6.911460409122029969e-01	6.347978677780869994e-01	6.347909244586169564e-01	6.591214494896210363e-01	6.591214494896210363e-01	6.591214494896210363e-01	6.715868291685109792e-01	6.416878460222940062e-01	6.591214494896210363e-01	6.591214494896210363e-01	6.474366927288930373e-01	6.591214494896210363e-01	6.591214494896210363e-01	6.192136552457230270e-01	6.470510641857619705e-01	6.469297770072589548e-01	6.591214494896210363e-01	6.591214494896210363e-01	6.432327367637159510e-01	6.591214494896210363e-01	6.899452777116450441e-01	6.591214494896210363e-01	6.591214494896210363e-01	6.591214494896210363e-01	6.591214494896210363e-01	7.911270560235179605e-01	6.591214494896210363e-01	6.591214494896210363e-01	6.591214494896210363e-01	6.961619443764930359e-01	6.381643123998840261e-01	6.591214494896210363e-01	6.591214494896210363e-01	6.591214494896210363e-01
8.185061410891809608e-01	7.970377696582710003e-01	1.000000000000000000e+00	6.299935046366850200e-01	6.792024724294729587e-01	6.991187441597369601e-01	6.794559110714190053e-01	6.591214494896210363e-01	6.591214494896210363e-01	7.019715568457179922e-01	6.591214494896210363e-01	6.591214494896210363e-01	6.877195834211069503e-01	6.199327309152650178e-01	6.689479038981770431e-01	6.938947387911700293e-01	6.474195350575330243e-01	6.228301659373649546e-01	6.591214494896210363e-01	6.591214494896210363e-01	6.409165037922189834e-01	6.788215650571309823e-01	6.932344711763209766e-01	6.952859291580140155e-01	6.591214494896210363e-01	6.591214494896210363e-01	6.591214494896210363e-01	6.591214494896210363e-01	6.591214494896210363e-01	6.591214494896210363e-01	6.591214494896210363e-01	6.562745140819089551e-01	6.591214494896210363e-01	6.591214494896210363e-01	6.692053998123510539e-01	6.591214494896210363e-01	6.808173377199370213e-01	6.591214494896210363e-01	6.870194908203489659e-01	6.734152717794309462e-01	6.874694548922379855e-01	6.591214494896210363e-01	6.591214494896210363e-01	6.591214494896210363e-01	6.591214494896210363e-01	6.545946249509090320e-01	6.591214494896210363e-01	6.553339747858060171e-01	7.064822320056529659e-01	6.591214494896210363e-01	6.591214494896210363e-01	6.642442822406929848e-01	6.591214494896210363e-01	6.591214494896210363e-01	6.591214494896210363e-01	6.595788773509639880e-01	6.642226707535170416e-01	6.431487293420850015e-01	6.544398889702589539e-01	6.594266895328290135e-01	6.591214494896210363e-01	6.591214494896210363e-01	6.591214494896210363e-01	6.591214494896210363e-01	6.591214494896210363e-01	6.890352222782819558e-01	6.591214494896210363e-01	6.794225827454130062e-01	6.491637258387019660e-01	6.562703174651479676e-01	6.444304955398639789e-01	6.591214494896210363e-01	6.591214494896210363e-01	6.591214494896210363e-01	6.351830736769720209e-01	6.591214494896210363e-01	6.591214494896210363e-01	6.591214494896210363e-01	6.679350477505999750e-01	6.518360349192200420e-01	6.591214494896210363e-01	6.591214494896210363e-01	6.591214494896210363e-01	6.898997249390550479e-01	6.450432670364260046e-01	6.579500255820649457e-01	6.885136538802549833e-01	6.591214494896210363e-01	7.888871476470850075e-01	6.591214494896210363e-01	6.591214494896210363e-01	6.591214494896210363e-01	6.591214494896210363e-01	6.591214494896210363e-01	6.591214494896210363e-01	6.591214494896210363e-01	6.591214494896210363e-01	6.319832143623119736e-01	6.591214494896210363e-01	6.591214494896210363e-01	6.153094004879939849e-01	6.591214494896210363e-01	6.331332639795389516e-01	6.591214494896210363e-01	6.338186309989169986e-01	6.446689591492229532e-01	6.643491699859319644e-01	6.591214494896210363e-01	6.610933480057770151e-01	6.591214494896210363e-01	6.591214494896210363e-01	7.017899202857760255e-01	6.591214494896210363e-01	7.016320105051819800e-01	6.591214494896210363e-01	6.591214494896210363e-01	6.591214494896210363e-01	6.591214494896210363e-01	6.591214494896210363e-01	6.591214494896210363e-01	6.591214494896210363e-01	6.591214494896210363e-01	7.120751421587789842e-01	6.591214494896210363e-01
6.563778433582949656e-01	6.591214494896210363e-01	6.299935046366850200e-01	9.999999999999980016e-01	6.153594652815500554e-01	6.043980900903499487e-01	6.591214494896210363e-01	6.591214494896210363e-01	6.219610712516809858e-01	6.591214494896210363e-01	6.143026884895439466e-01	6.591214494896210363e-01	6.591214494896210363e-01	6.591214494896210363e-01	6.784377032901339755e-01	6.584255169570529809e-01	6.591214494896210363e-01	6.898701955340099667e-01	6.591214494896210363e-01	6.157080587050980380e-01	6.836966351670730191e-01	6.591214494896210363e-01	6.328696865123110138e-01	6.591214494896210363e-01	6.014319458046100131e-01	6.591214494896210363e-01	6.591214494896210363e-01	6.358909313112629524e-01	6.771144731706639774e-01	6.591214494896210363e-01	6.680745021427370034e-01	6.591214494896210363e-01	6.591214494896210363e-01	6.591214494896210363e-01	6.562434482561260163e-01	6.591214494896210363e-01	6.591214494896210363e-01	6.591214494896210363e-01	7.063435942472799933e-01	6.213144778515989897e-01	6.284041413764119843e-01	6.591214494896210363e-01	6.358441253975379848e-01	6.591214494896210363e-01	6.591214494896210363e-01	6.591214494896210363e-01	6.100798044478129567e-01	6.591214494896210363e-01	6.591214494896210363e-01	6.366722157682219718e-01	5.970018629015090283e-01	6.581916063476129786e-01	6.591214494896210363e-01	6.058074522146009722e-01	6.591214494896210363e-01	6.591214494896210363e-01	6.591214494896210363e-01	6.591214494896210363e-01	6.296647439351700237e-01	6.591214494896210363e-01	6.380560693608460232e-01	6.591214494896210363e-01	5.943146441960299731e-01	6.591214494896210363e-01	6.591214494896210363e-01	6.719988324807889546e-01	6.600494304698389936e-01	6.681678581073350331e-01	6.838010210886450446e-01	6.116434466959349558e-01	6.259474969795839616e-01	6.591214494896210363e-01	6.105226373676949647e-01	6.591214494896210363e-01	6.591214494896210363e-01	6.745066000271200402e-01	6.325153316352869481e-01	6.591214494896210363e-01	6.591214494896210363e-01	6.591214494896210363e-01	6.239373377005760224e-01	6.591214494896210363e-01	6.591214494896210363e-01	6.158488119204029720e-01	6.262043055375560163e-01	6.591214494896210363e-01	6.454443389916759699e-01	6.591214494896210363e-01	6.483718270018179464e-01	6.591214494896210363e-01	6.613899317319580362e-01	6.518700658317739816e-01	6.074331936022989709e-01	6.591214494896210363e-01	5.714523486875680014e-01	6.317604571686340487e-01	6.524035402380350401e-01	6.156150411221029684e-01	6.580152107978639586e-01	6.591214494896210363e-01	5.888923476988350281e-01	6.591214494896210363e-01	6.591214494896210363e-01	6.591214494896210363e-01	6.029016117791210494e-01	6.591214494896210363e-01	6.591214494896210363e-01	6.163922142559019601e-01	6.591214494896210363e-01	6.591214494896210363e-01	6.488060749345699874e-01	6.874723293765170329e-01	6.591214494896210363e-01	6.591214494896210363e-01	6.591214494896210363e-01	6.591214494896210363e-01	6.591214494896210363e-01	6.452480500101950289e-01	6.591214494896210363e-01	6.591214494896210363e-01	6.157391365429260022e-01	6.591214494896210363e-01	6.591214494896210363e-01	6.591214494896210363e-01
6.591214494896210363e-01	6.591214494896210363e-01	6.792024724294729587e-01	6.153594652815500554e-01	9.999999999999980016e-01	6.900527951530790460e-01	6.591214494896210363e-01	7.355272375743010516e-01	7.259292594824450218e-01	6.591214494896210363e-01	7.207449645972660024e-01	6.591214494896210363e-01	6.879720530563280256e-01	6.487306730161159773e-01	6.581988014159479983e-01	6.591214494896210363e-01	6.369491267112490362e-01	5.907938704696550358e-01	6.010704689652459631e-01	6.591214494896210363e-01	6.591214494896210363e-01	6.458428531323380239e-01	6.591214494896210363e-01	6.315592759110959520e-01	7.140940679340830322e-01	7.601960393385199799e-01	5.924738104363499458e-01	6.591214494896210363e-01	6.213821606883179749e-01	6.591214494896210363e-01	6.591214494896210363e-01	6.591214494896210363e-01	5.833602670906830046e-01	6.591214494896210363e-01	6.591214494896210363e-01	6.591214494896210363e-01	6.366720314161440353e-01	6.260170550200809814e-01	6.591214494896210363e-01	6.591214494896210363e-01	6.669032308186410019e-01	7.146024539756480332e-01	6.591214494896210363e-01	6.591214494896210363e-01	5.653240597027660019e-01	6.591214494896210363e-01	6.152599049827840449e-01	6.848459808341430533e-01	6.575555157811010520e-01	6.591214494896210363e-01	6.786627159231070072e-01	6.591214494896210363e-01	6.324820242080549937e-01	6.591214494896210363e-01	6.803065941020619567e-01	6.591214494896210363e-01	6.852394996501780522e-01	6.082940405378030047e-01	6.215523670683410495e-01	6.269138568120520283e-01	6.623317383636609934e-01	6.591214494896210363e-01	6.591214494896210363e-01	6.655589803912289604e-01	5.991123699385010326e-01	6.803640056365050093e-01	6.170090006972099861e-01	6.591214494896210363e-01	6.591214494896210363e-01	6.848590559273940448e-01	6.687449642682470330e-01	6.822677107573500432e-01	6.364005666132439565e-01	6.591214494896210363e-01	6.334229310390979695e-01	6.909832566868899795e-01	6.591214494896210363e-01	6.591214494896210363e-01	6.591214494896210363e-01	6.251890108568399773e-01	6.591214494896210363e-01	6.591214494896210363e-01	6.591214494896210363e-01	6.591214494896210363e-01	6.350873570154670356e-01	6.591214494896210363e-01	6.686889400694580043e-01	6.591214494896210363e-01	7.328315680504150498e-01	6.591214494896210363e-01	6.914489450348120236e-01	6.524485489188900367e-01	6.591214494896210363e-01	6.591214494896210363e-01	6.591214494896210363e-01	6.591214494896210363e-01	6.591214494896210363e-01	6.607359084921089476e-01	6.590939340150919756e-01	7.045569471735769751e-01	7.181462750795769567e-01	6.591214494896210363e-01	6.587826629764540476e-01	6.591214494896210363e-01	6.859461341345800545e-01	6.466505440468750532e-01	6.591214494896210363e-01	6.182901545848930036e-01	6.079761586594899514e-01	6.591214494896210363e-01	6.250624967675469934e-01	6.555578891561469890e-01	6.616835663388259681e-01	6.544334894920099677e-01	6.545130332158010100e-01	7.143629446125200344e-01	6.607072178572519494e-01	6.591214494896210363e-01	6.591214494896210363e-01	6.784200545508789482e-01	6.591214494896210363e-01	6.591214494896210363e-01	6.591214494896210363e-01	7.084002604969550365e-01
6.809980607195279534e-01	6.899367991274679701e-01	6.991187441597369601e-01	6.043980900903499487e-01	6.900527951530790460e-01	9.999999999999980016e-01	6.591214494896210363e-01	6.453095057616450303e-01	6.591214494896210363e-01	6.591214494896210363e-01	6.832696985185859884e-01	6.591214494896210363e-01	6.591214494896210363e-01	6.622490212683780353e-01	6.357503805118059903e-01	6.358163227353289537e-01	6.647582059326899717e-01	5.745710915053939827e-01	6.591214494896210363e-01	6.591214494896210363e-01	6.604230753646710417e-01	6.216519262296880122e-01	6.290518221339590488e-01	6.317053919985570198e-01	6.408541947776890124e-01	6.778564823477060131e-01	5.870663439458360111e-01	6.302052903054380373e-01	6.591214494896210363e-01	6.591214494896210363e-01	6.282942369437689578e-01	6.137652581458500345e-01	6.591214494896210363e-01	6.988284596346749922e-01	6.591214494896210363e-01	6.591214494896210363e-01	6.221586034869439619e-01	6.098354956040840102e-01	6.591214494896210363e-01	6.591214494896210363e-01	6.111785074978990373e-01	6.847572275237829853e-01	6.591214494896210363e-01	6.677496113327999749e-01	6.591214494896210363e-01	6.280632566099839664e-01	5.951267788663170411e-01	6.591214494896210363e-01	6.591214494896210363e-01	6.591214494896210363e-01	6.644676326700440505e-01	6.591214494896210363e-01	6.281735017059250081e-01	6.342719954968749629e-01	6.662943430355799945e-01	6.591214494896210363e-01	6.591214494896210363e-01	6.591214494896210363e-01	6.591214494896210363e-01	6.119388078980190215e-01	6.760270594467290284e-01	6.179459464804649693e-01	6.327545736967780110e-01	6.591214494896210363e-01	5.882051211709610206e-01	6.591214494896210363e-01	6.591214494896210363e-01	6.699781013623880010e-01	6.591214494896210363e-01	6.591214494896210363e-01	6.591214494896210363e-01	6.591214494896210363e-01	6.591214494896210363e-01	6.591214494896210363e-01	6.486175741314960108e-01	6.591214494896210363e-01	6.531669059271839606e-01	6.722443694905340106e-01	7.044012672450069568e-01	6.591214494896210363e-01	6.591214494896210363e-01	6.591214494896210363e-01	5.944772205444289748e-01	6.591214494896210363e-01	6.591214494896210363e-01	6.591214494896210363e-01	6.970944020902649640e-01	7.104075480276480503e-01	6.591214494896210363e-01	6.731981938984540337e-01	7.079866671586190208e-01	6.591214494896210363e-01	6.458523023921379780e-01	5.751665450138260249e-01	6.429329203099409806e-01	6.591214494896210363e-01	7.065692014195239512e-01	6.591214494896210363e-01	6.902501044672190167e-01	7.250456700238669949e-01	6.876864431771030350e-01	6.759420802621119995e-01	6.491660224400549462e-01	5.901384989367619571e-01	6.591214494896210363e-01	6.780029669688579785e-01	7.111830797056259978e-01	6.591214494896210363e-01	6.591214494896210363e-01	6.591214494896210363e-01	6.591214494896210363e-01	6.538950125315440287e-01	6.591214494896210363e-01	7.067859007509169622e-01	6.591214494896210363e-01	6.591214494896210363e-01	6.554021598299499818e-01	6.591214494896210363e-01	6.827659791555690250e-01	6.591214494896210363e-01	6.591214494896210363e-01	6.591214494896210363e-01	6.344207704921459579e-01	6.577914781265800093e-01
6.871563603598780379e-01	6.816729748704269953e-01	6.794559110714190053e-01	6.591214494896210363e-01	6.591214494896210363e-01	6.591214494896210363e-01	9.999999999999990008e-01	6.591214494896210363e-01	6.591214494896210363e-01	6.591214494896210363e-01	7.062103377826489670e-01	6.591214494896210363e-01	6.833235152905090537e-01	6.591214494896210363e-01	6.591214494896210363e-01	6.591214494896210363e-01	6.591214494896210363e-01	6.591214494896210363e-01	6.022856628546690017e-01	7.426135682408430139e-01	6.591214494896210363e-01	6.302196502416990143e-01	7.071678514014839712e-01	6.323515969006440196e-01	6.591214494896210363e-01	7.523199806889879770e-01	6.591214494896210363e-01	6.591214494896210363e-01	6.091473312102410054e-01	6.257202132936989791e-01	6.380103954383929965e-01	6.591214494896210363e-01	6.591214494896210363e-01	6.510247633523910116e-01	6.298424858083729871e-01	5.799918118940540213e-01	6.591214494896210363e-01	6.131908821853859770e-01	6.591214494896210363e-01	6.591214494896210363e-01	6.482553472133220085e-01	6.591214494896210363e-01	7.008294695139599684e-01	6.701130853376290331e-01	6.591214494896210363e-01	6.757952306150140087e-01	6.591214494896210363e-01	6.722801050674129808e-01	6.472220776215390492e-01	6.307988091604009862e-01	6.591214494896210363e-01	6.591214494896210363e-01	6.206739860633939676e-01	6.505610805983219613e-01	6.674338763464969793e-01	6.591214494896210363e-01	6.748821633928530073e-01	6.027610516554410269e-01	6.591214494896210363e-01	6.591214494896210363e-01	6.718300758875920264e-01	6.591214494896210363e-01	6.591214494896210363e-01	6.589756883763140394e-01	6.591214494896210363e-01	6.591214494896210363e-01	6.154538464426959621e-01	6.648019814495159663e-01	6.591214494896210363e-01	6.591214494896210363e-01	6.591214494896210363e-01	6.591214494896210363e-01	6.591214494896210363e-01	6.478218389913590336e-01	6.591214494896210363e-01	6.591214494896210363e-01	6.591214494896210363e-01	6.493275490395079563e-01	6.591214494896210363e-01	6.298362469396220353e-01	6.591214494896210363e-01	6.331216416069850306e-01	6.591214494896210363e-01	6.543262440647199529e-01	6.591214494896210363e-01	6.700927584404120507e-01	6.591214494896210363e-01	6.591214494896210363e-01	6.966525112155740329e-01	6.591214494896210363e-01	6.591214494896210363e-01	6.591214494896210363e-01	6.223055841640230401e-01	6.591214494896210363e-01	6.591214494896210363e-01	6.487243888317679730e-01	6.591214494896210363e-01	6.591214494896210363e-01	6.570062037754600404e-01	7.015198602345970036e-01	7.154109236884710343e-01	6.591214494896210363e-01	6.474594573143590548e-01	6.591214494896210363e-01	6.591214494896210363e-01	6.439791313804640316e-01	6.691476826010189782e-01	6.251794699866379812e-01	6.074091721871639482e-01	6.591214494896210363e-01	6.181029391451310362e-01	6.455499735917880066e-01	6.506193711764599596e-01	6.591214494896210363e-01	6.591214494896210363e-01	6.591214494896210363e-01	6.507373707222710024e-01	6.948641215966450124e-01	6.896600683529390263e-01	6.591214494896210363e-01	6.878316250186139458e-01	7.019984957644650470e-01	6.540420658467279713e-01	6.591214494896210363e-01
7.306343756215379903e-01	6.591214494896210363e-01	6.591214494896210363e-01	6.591214494896210363e-01	7.355272375743010516e-01	6.453095057616450303e-01	6.591214494896210363e-01	1.000000000000000000e+00	7.851903523378339633e-01	7.463781274849400349e-01	6.829559120011360340e-01	7.139963033549110438e-01	6.631429168989919631e-01	6.591214494896210363e-01	6.860003863169320537e-01	6.840982777127320169e-01	6.170641055968180133e-01	5.945049773416080097e-01	6.266214083535780466e-01	6.591214494896210363e-01	6.591214494896210363e-01	6.591214494896210363e-01	7.564944738580610117e-01	6.801745877951249630e-01	7.534324586528919898e-01	7.019610277766470396e-01	6.591214494896210363e-01	7.549345763982699964e-01	6.403248354011269461e-01	6.791147086806540445e-01	6.885811814937400355e-01	6.152120684545729912e-01	6.591214494896210363e-01	6.717714006985090469e-01	6.471428304349300387e-01	6.591214494896210363e-01	6.591214494896210363e-01	6.591214494896210363e-01	6.490989956698399732e-01	6.149356185722889556e-01	6.591214494896210363e-01	6.591214494896210363e-01	6.783647432753210360e-01	6.591214494896210363e-01	5.934143486893249664e-01	6.591214494896210363e-01	6.258199540086619717e-01	6.591214494896210363e-01	6.602341305803219873e-01	6.591214494896210363e-01	6.591214494896210363e-01	6.185964023948159474e-01	6.591214494896210363e-01	6.591214494896210363e-01	6.584575380326900262e-01	6.306287443001280524e-01	6.610588449239519493e-01	6.229191547098390513e-01	6.591214494896210363e-01	6.352129550098549737e-01	6.550895083061899493e-01	6.591214494896210363e-01	6.591214494896210363e-01	6.396256722116929749e-01	6.094829676042200495e-01	6.591214494896210363e-01	6.591214494896210363e-01	6.591214494896210363e-01	6.213979183433260278e-01	6.591214494896210363e-01	6.245552398969830277e-01	6.765065368879770169e-01	6.591214494896210363e-01	6.689095813207199814e-01	6.106104506428839951e-01	6.404919551535820377e-01	7.256635566220469569e-01	6.174909877088949894e-01	6.591214494896210363e-01	6.591214494896210363e-01	6.591214494896210363e-01	6.516267046188439771e-01	6.591214494896210363e-01	7.111899434744000104e-01	6.411410463523500303e-01	6.591214494896210363e-01	6.602471797181179713e-01	6.383609399634979642e-01	7.405854679102069626e-01	6.591214494896210363e-01	6.591214494896210363e-01	6.591214494896210363e-01	6.591214494896210363e-01	6.591214494896210363e-01	6.070886793747940491e-01	6.591214494896210363e-01	6.394105018991950162e-01	6.591214494896210363e-01	6.591214494896210363e-01	6.501101147796719548e-01	6.571874075950979721e-01	6.591214494896210363e-01	6.196717917980489876e-01	6.591214494896210363e-01	6.591214494896210363e-01	6.591214494896210363e-01	6.591214494896210363e-01	6.329511591622779543e-01	6.591214494896210363e-01	6.591214494896210363e-01	6.712629527577349542e-01	6.881951623738049584e-01	6.566783304578389657e-01	6.591214494896210363e-01	6.771406854185759716e-01	6.591214494896210363e-01	6.591214494896210363e-01	7.049943215103070537e-01	6.591214494896210363e-01	6.591214494896210363e-01	6.591214494896210363e-01	7.001142225672150055e-01	7.047524905061539613e-01	6.591214494896210363e-01
6.591214494896210363e-01	6.591214494896210363e-01	6.591214494896210363e-01	6.219610712516809858e-01	7.259292594824450218e-01	6.591214494896210363e-01	6.591214494896210363e-01	7.851903523378339633e-01	1.000000000000000000e+00	6.591214494896210363e-01	6.717711670317250139e-01	6.971862675536020237e-01	6.591214494896210363e-01	6.591214494896210363e-01	6.591214494896210363e-01	6.803752283138559953e-01	6.591214494896210363e-01	6.591214494896210363e-01	6.379342104857780305e-01	6.898800667377830154e-01	6.281035812819230069e-01	6.591214494896210363e-01	7.364280574844539462e-01	6.863025615515599975e-01	6.591214494896210363e-01	6.913656919240149801e-01	6.549784131130940157e-01	7.539117724525520314e-01	6.591214494896210363e-01	6.886058299585590126e-01	6.591214494896210363e-01	6.591214494896210363e-01	6.591214494896210363e-01	6.996850521753269492e-01	6.591214494896210363e-01	6.307028392668130312e-01	6.746676973571279490e-01	6.591214494896210363e-01	6.591214494896210363e-01	6.591214494896210363e-01	6.591214494896210363e-01	6.591214494896210363e-01	6.941200884664679993e-01	6.355197033908379645e-01	5.996027652331390456e-01	6.894470279667600510e-01	6.591214494896210363e-01	6.591214494896210363e-01	6.591214494896210363e-01	6.536691548388530171e-01	6.766944724881569506e-01	6.306895503718019658e-01	6.591214494896210363e-01	6.591214494896210363e-01	6.523361339070510301e-01	6.341025393028429935e-01	6.587014400793019808e-01	6.591214494896210363e-01	6.332534235200859563e-01	6.364381672300130077e-01	6.681775041425800366e-01	6.591214494896210363e-01	6.955073093656950478e-01	6.441032912570210378e-01	6.591214494896210363e-01	6.667692438005869970e-01	6.591214494896210363e-01	6.591214494896210363e-01	6.591214494896210363e-01	6.591214494896210363e-01	6.260168925447490151e-01	6.572959133101109463e-01	6.432787315097050485e-01	6.591214494896210363e-01	6.277991514841170240e-01	6.591214494896210363e-01	7.162407051228919519e-01	6.275587857359320454e-01	6.591214494896210363e-01	6.367124599986879740e-01	6.883971248085279937e-01	6.591214494896210363e-01	6.591214494896210363e-01	7.052368446919400347e-01	6.591214494896210363e-01	6.375005770950620265e-01	6.591214494896210363e-01	6.496700741021650405e-01	6.591214494896210363e-01	6.591214494896210363e-01	6.591214494896210363e-01	6.214798598960940001e-01	5.871733401258499851e-01	6.591214494896210363e-01	6.591214494896210363e-01	6.591214494896210363e-01	6.591214494896210363e-01	6.206090143893570055e-01	6.591214494896210363e-01	6.591214494896210363e-01	6.591214494896210363e-01	6.129574072670750384e-01	6.591214494896210363e-01	6.591214494896210363e-01	6.223723438114350248e-01	6.061594883098599951e-01	6.292589660656630057e-01	6.591214494896210363e-01	6.450295335283050546e-01	6.380643324580800302e-01	6.844449262349799890e-01	6.996293465748160134e-01	6.752798054812360062e-01	6.591214494896210363e-01	6.927096127790830504e-01	6.591214494896210363e-01	6.591214494896210363e-01	7.027203374399020319e-01	7.099293691591189726e-01	7.258097003407240067e-01	6.090135610963139934e-01	6.591214494896210363e-01	7.064089121886120148e-01	6.591214494896210363e-01
6.591214494896210363e-01	6.591214494896210363e-01	7.019715568457179922e-01	6.591214494896210363e-01	6.591214494896210363e-01	6.591214494896210363e-01	6.591214494896210363e-01	7.463781274849400349e-01	6.591214494896210363e-01	1.000000000000000000e+00	6.591214494896210363e-01	6.591214494896210363e-01	6.569518586957100448e-01	6.591214494896210363e-01	6.847197629938800434e-01	6.777273978138019794e-01	6.203342300905539952e-01	5.948779882406159958e-01	6.591214494896210363e-01	7.039527207961140398e-01	6.173468092146210395e-01	6.591214494896210363e-01	6.591214494896210363e-01	6.591214494896210363e-01	6.591214494896210363e-01	7.318404129914809486e-01	6.591214494896210363e-01	6.591214494896210363e-01	6.671745247626870157e-01	6.846244352025090407e-01	7.052326714825749576e-01	6.290636587633290366e-01	6.591214494896210363e-01	6.878599126168439826e-01	6.591214494896210363e-01	6.453965436095620012e-01	6.591214494896210363e-01	6.895565298179060498e-01	6.567020713255019571e-01	6.591214494896210363e-01	6.591214494896210363e-01	6.396302576641950122e-01	6.715634322433079451e-01	6.591214494896210363e-01	6.591214494896210363e-01	6.603790456835679779e-01	6.243562422195190198e-01	6.591214494896210363e-01	6.745820639418760312e-01	6.591214494896210363e-01	6.591214494896210363e-01	6.591214494896210363e-01	6.127110734061169683e-01	6.591214494896210363e-01	6.507249950221629664e-01	6.266283057086200481e-01	6.627111396624439932e-01	6.591214494896210363e-01	6.175487746327610328e-01	6.591214494896210363e-01	6.543040273143589936e-01	6.591214494896210363e-01	6.591214494896210363e-01	6.392441281959769794e-01	6.591214494896210363e-01	6.591214494896210363e-01	6.591214494896210363e-01	6.547645156169490388e-01	6.591214494896210363e-01	6.591214494896210363e-01	6.591214494896210363e-01	6.634172497512640376e-01	6.394441715514129765e-01	6.575509179970010498e-01	6.100560711486100463e-01	6.591214494896210363e-01	7.270245485183769452e-01	6.004507380621689761e-01	6.347910811088329774e-01	6.343977411388369569e-01	6.591214494896210363e-01	6.504007288838740131e-01	6.591214494896210363e-01	6.591214494896210363e-01	6.591214494896210363e-01	6.253878875402020254e-01	6.568213332212929911e-01	6.213363584138940077e-01	6.591214494896210363e-01	6.415931571607019768e-01	6.591214494896210363e-01	6.591214494896210363e-01	5.843743806599640545e-01	5.900955890630269485e-01	5.889958536171370218e-01	6.021742636173970098e-01	6.335824703111430090e-01	6.286859144833899515e-01	6.203144794136340456e-01	6.417292333186159770e-01	6.249053782245750366e-01	6.591214494896210363e-01	6.241426432487759968e-01	5.951357698760439963e-01	6.591214494896210363e-01	6.089524580982069724e-01	6.591214494896210363e-01	6.353272193982879568e-01	6.334246006505149795e-01	6.591214494896210363e-01	6.798672757692629798e-01	6.591214494896210363e-01	6.419712950657889827e-01	6.591214494896210363e-01	6.710148581823169867e-01	7.198365228305689811e-01	6.591214494896210363e-01	7.106047723088270152e-01	6.591214494896210363e-01	6.591214494896210363e-01	6.111199440225060231e-01	7.067554208401569671e-01	6.591214494896210363e-01	6.591214494896210363e-01
7.046713584866479696e-01	7.045032452873249973e-01	6.591214494896210363e-01	6.143026884895439466e-01	7.207449645972660024e-01	6.832696985185859884e-01	7.062103377826489670e-01	6.829559120011360340e-01	6.717711670317250139e-01	6.591214494896210363e-01	1.000000000000000000e+00	6.591214494896210363e-01	6.872990918287249507e-01	6.388596394656720356e-01	6.591214494896210363e-01	6.513793509603420517e-01	6.359927463659139635e-01	6.591214494896210363e-01	6.315675412162810032e-01	7.113889083366859989e-01	6.463817780773279953e-01	6.591214494896210363e-01	6.591214494896210363e-01	6.591214494896210363e-01	6.591214494896210363e-01	6.591214494896210363e-01	6.342290644766049867e-01	6.591214494896210363e-01	6.335163828253369545e-01	6.591214494896210363e-01	6.535314345323539609e-01	6.418900928551160012e-01	6.591214494896210363e-01	6.591214494896210363e-01	6.151098380928700093e-01	6.591214494896210363e-01	6.468773359456010397e-01	6.456737375082129970e-01	6.536863995281519957e-01	6.591214494896210363e-01	6.424370075481929954e-01	6.591214494896210363e-01	6.848339893646140375e-01	6.760877746141410460e-01	6.591214494896210363e-01	6.591214494896210363e-01	6.591214494896210363e-01	6.591214494896210363e-01	6.591214494896210363e-01	6.630371429024090046e-01	6.591214494896210363e-01	6.591214494896210363e-01	6.591214494896210363e-01	6.591214494896210363e-01	6.814705238454810132e-01	6.404417469972990551e-01	6.591214494896210363e-01	6.591214494896210363e-01	6.270535216907739962e-01	6.591214494896210363e-01	6.563364171476829823e-01	6.700716933967569844e-01	6.591214494896210363e-01	6.516340544669400048e-01	6.591214494896210363e-01	6.926117097852100279e-01	6.257946169643670009e-01	6.591214494896210363e-01	6.591214494896210363e-01	6.623917506034560088e-01	6.591214494896210363e-01	6.687392400191940478e-01	6.591214494896210363e-01	6.628648690841669744e-01	6.395281736805600303e-01	6.760851204268589765e-01	6.987426420658470194e-01	6.124940772397069466e-01	6.591214494896210363e-01	6.591214494896210363e-01	7.220860929555480423e-01	6.665727131203950107e-01	6.519479952902349496e-01	6.591214494896210363e-01	6.591214494896210363e-01	6.244347317774220363e-01	6.591214494896210363e-01	6.591214494896210363e-01	7.211045501502859612e-01	6.640168600983720193e-01	6.591214494896210363e-01	6.252613103934949734e-01	6.591214494896210363e-01	5.764016494577739458e-01	6.040894235651439459e-01	6.591214494896210363e-01	6.591214494896210363e-01	6.591214494896210363e-01	6.591214494896210363e-01	6.591214494896210363e-01	6.590233876098029464e-01	6.500668504324289554e-01	6.591214494896210363e-01	6.106056717776969789e-01	6.591214494896210363e-01	6.423457199340090185e-01	6.591214494896210363e-01	6.591214494896210363e-01	6.591214494896210363e-01	6.591214494896210363e-01	6.206940177867550368e-01	6.591214494896210363e-01	6.591214494896210363e-01	6.667265040017009703e-01	6.591214494896210363e-01	7.006232368296140267e-01	6.607579306237929551e-01	7.080659993940280339e-01	6.591214494896210363e-01	6.584672495629410038e-01	6.591214494896210363e-01	6.591214494896210363e-01	6.755047872724270208e-01	6.591214494896210363e-01
6.981417201675880202e-01	6.986344230269589950e-01	6.591214494896210363e-01	6.591214494896210363e-01	6.591214494896210363e-01	6.591214494896210363e-01	6.591214494896210363e-01	7.139963033549110438e-01	6.971862675536020237e-01	6.591214494896210363e-01	6.591214494896210363e-01	1.000000000000000000e+00	7.168669099648290466e-01	6.591214494896210363e-01	6.578573198002050093e-01	6.340221925223950006e-01	6.338248104386730031e-01	5.660862703632609794e-01	6.591214494896210363e-01	7.371830337682380163e-01	6.538620111187649631e-01	6.591214494896210363e-01	7.063780766026539482e-01	6.591214494896210363e-01	6.859397444254170528e-01	7.334635476363779993e-01	5.919824866805509789e-01	6.711659680454209465e-01	6.591214494896210363e-01	6.591214494896210363e-01	6.459175616202079695e-01	6.591214494896210363e-01	5.741318791052150150e-01	6.625476397827959607e-01	6.280585979319469603e-01	6.591214494896210363e-01	6.591214494896210363e-01	6.096467669897970287e-01	6.591214494896210363e-01	6.043224845253759581e-01	6.464264411507539831e-01	7.073096169096909636e-01	6.895093586019349630e-01	6.845170932693720456e-01	6.591214494896210363e-01	6.512430681733669680e-01	5.903631046262219906e-01	6.799279667074850098e-01	6.591214494896210363e-01	6.591214494896210363e-01	6.591214494896210363e-01	6.591214494896210363e-01	6.329861400468109744e-01	6.591214494896210363e-01	6.758955899719260030e-01	6.732002792342079989e-01	6.866703611386949513e-01	5.974319427267780203e-01	6.150139621931060008e-01	6.591214494896210363e-01	6.856644736306759524e-01	6.293018728354510261e-01	6.591214494896210363e-01	6.673331623826049830e-01	5.945935469313919919e-01	6.591214494896210363e-01	6.591214494896210363e-01	6.591214494896210363e-01	6.405862526605029528e-01	6.838136137842010243e-01	6.591214494896210363e-01	6.719814300339760349e-01	6.141250905317130471e-01	6.397901245496709910e-01	6.453583575137149531e-01	6.794164771332740216e-01	7.468317379492349639e-01	6.591214494896210363e-01	6.811165914052940140e-01	6.591214494896210363e-01	7.599161391711339864e-01	6.398885601450829963e-01	6.591214494896210363e-01	6.658349818027119449e-01	6.203154110094509788e-01	6.856662320874099548e-01	6.591214494896210363e-01	6.591214494896210363e-01	6.591214494896210363e-01	6.591214494896210363e-01	6.591214494896210363e-01	6.686437991390850044e-01	6.259348267498380247e-01	6.591214494896210363e-01	6.643456352354399908e-01	6.591214494896210363e-01	6.947839554653290062e-01	6.599799228484829472e-01	6.771994053765749699e-01	7.359177309289980373e-01	6.591214494896210363e-01	6.591214494896210363e-01	6.668620497941439851e-01	5.803911294956110023e-01	6.591214494896210363e-01	6.604113632522859989e-01	7.008057687918090028e-01	6.591214494896210363e-01	6.591214494896210363e-01	5.929823585294730082e-01	6.591214494896210363e-01	6.502165634635509450e-01	6.591214494896210363e-01	6.591214494896210363e-01	6.733318464885249544e-01	6.591214494896210363e-01	6.680991437477460382e-01	6.591214494896210363e-01	6.591214494896210363e-01	6.591214494896210363e-01	7.293689094229579561e-01	6.591214494896210363e-01	6.591214494896210363e-01	7.364608888703230161e-01
