1.000000000000000000e+00	7.702821398194510394e-01	7.211851053021810509e-01	5.175118264410156765e-01	5.175118264410156765e-01	7.174778205019860522e-01	5.175118264410156765e-01	5.935526861071790394e-01	4.968202942154499868e-01	5.175118264410156765e-01	7.243107863100679555e-01	5.175118264410156765e-01	7.576396657645170230e-01	5.175118264410156765e-01	6.016173831843020237e-01	8.157283206195869996e-01	5.175118264410156765e-01	7.231021040199570038e-01	7.819095560968839509e-01	5.175118264410156765e-01	5.175118264410156765e-01	7.733841469316500294e-01	5.175118264410156765e-01	5.175118264410156765e-01	5.175118264410156765e-01	5.175118264410156765e-01	1.857752000627390099e-01	4.096183310448129888e-01	5.175118264410156765e-01	5.175118264410156765e-01	6.700253456698129773e-01	5.175118264410156765e-01	5.175118264410156765e-01	5.175118264410156765e-01	5.175118264410156765e-01	6.695905439104149481e-01	5.175118264410156765e-01	7.417517933003680008e-01	1.182828386160360012e-01	5.175118264410156765e-01	7.686390364260450303e-01	6.572598187610849685e-01	6.863961728999989909e-01	5.175118264410156765e-01	5.395919060498080011e-01	5.175118264410156765e-01	5.468399570515160013e-01	5.175118264410156765e-01	5.175118264410156765e-01	5.175118264410156765e-01	6.620695136961030070e-01	5.175118264410156765e-01	5.175118264410156765e-01	7.532620934757739972e-01	5.175118264410156765e-01	5.175118264410156765e-01	5.175118264410156765e-01	7.674784351655989934e-01	7.755340147674060214e-01	6.820823502048799503e-01	7.116629718595030019e-01	4.938275954446739724e-01	5.175118264410156765e-01	5.175118264410156765e-01	5.202713731730510549e-01	5.175118264410156765e-01	7.189043338259799576e-01	5.175118264410156765e-01	5.175118264410156765e-01	2.072511417857859917e-01	7.666098411697890302e-01	5.175118264410156765e-01	5.175118264410156765e-01	5.175118264410156765e-01	6.826812756494650136e-01	5.175118264410156765e-01	6.933773897001349606e-01	5.175118264410156765e-01	6.783786780744850420e-01	5.175118264410156765e-01	5.175118264410156765e-01	5.175118264410156765e-01	5.175118264410156765e-01	2.612045643459440236e-01	6.885409985046869741e-01	2.726606967097329748e-01	7.211532387931000043e-01	6.986689760132609450e-01	5.175118264410156765e-01	4.655071043676849846e-02	5.175118264410156765e-01	5.175118264410156765e-01	6.983543977502140176e-01	5.175118264410156765e-01	4.126007892466819760e-01	6.899224762390580024e-01	6.914472868818839491e-01	5.175118264410156765e-01	5.175118264410156765e-01	5.175118264410156765e-01	5.175118264410156765e-01	6.905813061730829983e-01	6.736122754736190155e-01	6.030472217899309761e-01	5.175118264410156765e-01	5.175118264410156765e-01	7.321701915903949809e-01	5.175118264410156765e-01	5.175118264410156765e-01	5.175118264410156765e-01	6.683171824205069722e-01	5.175118264410156765e-01	5.175118264410156765e-01	7.834395606193780282e-01	7.714457420843280344e-01	5.175118264410156765e-01	7.703551928981110519e-01	7.636513643991810207e-01	5.175118264410156765e-01	7.156626353499739857e-01	5.175118264410156765e-01	7.574868013425110069e-01	6.789026612326629628e-01	5.175118264410156765e-01
7.702821398194510394e-01	1.000000000000000000e+00	5.175118264410156765e-01	7.175132848387799633e-01	5.175118264410156765e-01	7.072813206679160469e-01	6.386683497488350181e-01	5.879543395358149960e-01	5.175118264410156765e-01	5.166088641646889856e-01	5.175118264410156765e-01	5.175118264410156765e-01	5.175118264410156765e-01	6.697310226315269510e-01	5.175118264410156765e-01	5.175118264410156765e-01	7.641268499913990153e-01	5.175118264410156765e-01	7.705466166383320159e-01	5.175118264410156765e-01	5.175118264410156765e-01	7.669976955460070522e-01	5.175118264410156765e-01	7.730841773678209794e-01	5.175118264410156765e-01	5.175118264410156765e-01	5.175118264410156765e-01	5.175118264410156765e-01	7.174395586344579634e-01	5.175118264410156765e-01	6.594202197715279823e-01	5.175118264410156765e-01	5.175118264410156765e-01	4.434884355028230196e-01	5.175118264410156765e-01	5.175118264410156765e-01	5.175118264410156765e-01	7.324496266901260322e-01	1.161327150835280014e-01	5.175118264410156765e-01	7.575851603801120326e-01	6.479139494860990389e-01	6.802019671863710482e-01	5.175118264410156765e-01	5.175118264410156765e-01	5.175118264410156765e-01	5.361409510392920463e-01	5.175118264410156765e-01	5.175118264410156765e-01	5.175118264410156765e-01	6.519319481042079589e-01	5.175118264410156765e-01	7.307426750773480251e-01	7.390498320332500315e-01	5.175118264410156765e-01	5.175118264410156765e-01	5.175118264410156765e-01	7.561096817712099627e-01	5.175118264410156765e-01	6.709607038666159928e-01	5.175118264410156765e-01	4.862123985937710224e-01	6.786102729968489511e-01	5.867121894194740062e-01	5.175118264410156765e-01	1.119617292427800004e-01	7.088209727092430468e-01	6.419641848905449644e-02	7.211256508052710235e-01	2.037476037223960035e-01	7.560782567493929962e-01	5.175118264410156765e-01	5.175118264410156765e-01	5.175118264410156765e-01	6.728520611567679888e-01	6.949744146055060190e-01	6.826873840764059453e-01	7.253794832573829954e-01	5.175118264410156765e-01	7.163891350445660278e-01	6.041908476553989882e-01	2.858936423650100256e-01	4.935796045615150063e-01	5.175118264410156765e-01	5.175118264410156765e-01	5.175118264410156765e-01	5.175118264410156765e-01	6.930600248218949933e-01	5.175118264410156765e-01	5.175118264410156765e-01	7.088797338651710023e-01	7.393946275371300336e-01	5.175118264410156765e-01	5.175118264410156765e-01	5.175118264410156765e-01	5.175118264410156765e-01	6.815450880159810154e-01	5.175118264410156765e-01	5.175118264410156765e-01	5.175118264410156765e-01	5.175118264410156765e-01	5.175118264410156765e-01	6.654205654789300262e-01	5.963934272533339964e-01	5.175118264410156765e-01	5.175118264410156765e-01	5.175118264410156765e-01	5.175118264410156765e-01	7.909765444038070470e-01	5.175118264410156765e-01	6.577416727316189871e-01	5.175118264410156765e-01	5.175118264410156765e-01	7.749014663008000348e-01	7.575759981220639983e-01	5.175118264410156765e-01	7.550628155631400329e-01	5.175118264410156765e-01	5.175118264410156765e-01	5.175118264410156765e-01	7.312004819011489465e-01	5.175118264410156765e-01	5.175118264410156765e-01	6.633013771116610391e-01
7.211851053021810509e-01	5.175118264410156765e-01	1.000000000000000000e+00	5.175118264410156765e-01	4.072881635445240178e-01	6.690794332888649887e-01	5.175118264410156765e-01	5.175118264410156765e-01	4.686573367511300270e-01	4.905891070089329897e-01	5.175118264410156765e-01	6.814093762837289958e-01	5.175118264410156765e-01	5.175118264410156765e-01	5.598096680299869954e-01	5.175118264410156765e-01	7.213908527348019684e-01	6.704978382068069731e-01	5.175118264410156765e-01	6.275655552646950408e-01	5.175118264410156765e-01	7.244406325918779643e-01	6.415962729925119845e-01	5.175118264410156765e-01	5.892050722143939989e-01	5.175118264410156765e-01	5.175118264410156765e-01	3.847568015339289937e-01	6.726374809536309618e-01	6.040679760772780238e-01	5.175118264410156765e-01	5.175118264410156765e-01	7.410390656815030175e-01	4.229973910132879822e-01	5.175118264410156765e-01	5.175118264410156765e-01	5.175118264410156765e-01	5.175118264410156765e-01	1.116636782561129942e-01	5.175118264410156765e-01	5.175118264410156765e-01	6.136493075682240006e-01	6.417275244188329619e-01	2.527352821356559920e-01	5.060912472089700298e-01	6.927785776217380009e-01	5.175118264410156765e-01	5.175118264410156765e-01	5.175118264410156765e-01	5.175118264410156765e-01	6.168275836602510331e-01	6.381435989157919764e-01	6.870046113454659764e-01	5.175118264410156765e-01	2.603330818105630273e-01	5.175118264410156765e-01	6.508077880069640386e-01	7.133407185722060451e-01	5.175118264410156765e-01	6.346830053091260249e-01	5.175118264410156765e-01	5.175118264410156765e-01	6.418655846541519994e-01	5.570714602771540402e-01	5.175118264410156765e-01	5.175118264410156765e-01	5.175118264410156765e-01	6.113756868373920045e-02	5.175118264410156765e-01	1.936690708919679982e-01	5.175118264410156765e-01	3.254492742305800101e-01	7.189919706166280067e-01	5.175118264410156765e-01	6.359239757461649933e-01	5.175118264410156765e-01	5.175118264410156765e-01	5.175118264410156765e-01	6.366067562409220004e-01	6.779910524689910511e-01	5.175118264410156765e-01	5.175118264410156765e-01	5.175118264410156765e-01	2.461249063054209985e-01	5.175118264410156765e-01	2.574920655185530260e-01	6.698105930611280012e-01	6.509078509912640254e-01	1.000000000000000021e-03	4.579662539141009930e-02	6.678806758069379956e-01	5.175118264410156765e-01	6.523514513053639829e-01	6.320278931171540160e-01	5.175118264410156765e-01	5.175118264410156765e-01	5.175118264410156765e-01	6.438014821108489771e-01	5.175118264410156765e-01	6.899145151588199631e-01	4.238195541634339758e-01	5.175118264410156765e-01	5.175118264410156765e-01	5.175118264410156765e-01	6.942494448101149684e-01	6.839372026603049992e-01	5.175118264410156765e-01	6.551421772333280158e-01	7.420427843935299972e-01	6.558333798902330480e-01	5.175118264410156765e-01	5.175118264410156765e-01	5.175118264410156765e-01	5.175118264410156765e-01	7.199109941187189499e-01	5.175118264410156765e-01	7.133060471004950553e-01	5.175118264410156765e-01	7.166629298313049734e-01	5.175118264410156765e-01	6.912363936629090100e-01	7.053641788486130215e-01	5.175118264410156765e-01	6.198910306360769784e-01
5.175118264410156765e-01	7.175132848387799633e-01	5.175118264410156765e-01	1.000000000000000000e+00	4.136119415015029888e-01	6.737471812719330044e-01	5.175118264410156765e-01	5.175118264410156765e-01	5.175118264410156765e-01	4.876625360214850158e-01	6.732759427680640174e-01	6.829102997180339640e-01	5.175118264410156765e-01	6.376614475081460176e-01	5.175118264410156765e-01	5.175118264410156765e-01	7.230650210807040290e-01	6.734009033609750228e-01	5.175118264410156765e-01	5.175118264410156765e-01	5.175118264410156765e-01	5.175118264410156765e-01	6.358351138811300096e-01	5.175118264410156765e-01	5.175118264410156765e-01	5.175118264410156765e-01	1.779626335156500039e-01	5.175118264410156765e-01	5.175118264410156765e-01	6.076452010410929860e-01	5.175118264410156765e-01	7.347119732619049604e-01	7.443704105300119611e-01	4.302556352592210032e-01	7.298112360121159492e-01	6.263621158401010414e-01	6.564012328767699911e-01	6.945561256479110268e-01	1.144151484201469948e-01	6.784062277239719663e-01	7.164894298406819795e-01	6.198618210993469546e-01	6.439749231948580510e-01	5.175118264410156765e-01	5.175118264410156765e-01	6.962946157170449846e-01	5.081321373381589845e-01	6.374204431573790020e-01	5.175118264410156765e-01	5.175118264410156765e-01	6.208115190257840199e-01	6.445216061134909635e-01	6.888494044613630019e-01	7.038860315779550403e-01	5.175118264410156765e-01	5.175118264410156765e-01	5.175118264410156765e-01	5.175118264410156765e-01	7.255561868399520442e-01	5.175118264410156765e-01	5.175118264410156765e-01	5.175118264410156765e-01	6.425656552863530102e-01	5.175118264410156765e-01	4.866645717659129899e-01	1.073797927939200009e-01	5.175118264410156765e-01	5.175118264410156765e-01	6.830063168222160197e-01	5.175118264410156765e-01	7.153343980490769471e-01	5.175118264410156765e-01	7.228272947740199683e-01	7.053736393238669855e-01	6.397561097017370191e-01	5.175118264410156765e-01	5.175118264410156765e-01	5.175118264410156765e-01	6.340601524403649547e-01	6.788923863074789455e-01	5.175118264410156765e-01	2.761123812362000218e-01	5.175118264410156765e-01	5.175118264410156765e-01	6.464353038295660436e-01	2.585407548521910237e-01	6.751896258641599813e-01	6.569569042514159518e-01	5.175118264410156765e-01	4.532252558156499994e-02	5.175118264410156765e-01	5.175118264410156765e-01	5.175118264410156765e-01	5.175118264410156765e-01	5.175118264410156765e-01	5.175118264410156765e-01	5.175118264410156765e-01	5.175118264410156765e-01	6.867193077526790278e-03	5.175118264410156765e-01	5.175118264410156765e-01	5.175118264410156765e-01	6.263437565001319651e-01	5.660535745350180337e-01	5.175118264410156765e-01	5.175118264410156765e-01	5.175118264410156765e-01	5.175118264410156765e-01	7.504439474323170156e-01	5.175118264410156765e-01	5.175118264410156765e-01	5.175118264410156765e-01	6.403515323615329713e-01	7.328488834377959726e-01	7.190757791188350234e-01	5.175118264410156765e-01	5.175118264410156765e-01	7.149291748286310533e-01	7.203626642334129970e-01	5.175118264410156765e-01	6.991742955136039939e-01	5.175118264410156765e-01	5.175118264410156765e-01	5.175118264410156765e-01
5.175118264410156765e-01	5.175118264410156765e-01	4.072881635445240178e-01	4.136119415015029888e-01	9.999999999999900080e-01	4.035421711339299833e-01	3.696893308798789857e-01	3.465899444963850273e-01	2.924907330865070265e-01	5.175118264410156765e-01	5.175118264410156765e-01	4.108960151589879928e-01	4.268231068611639811e-01	3.922057625624840171e-01	3.491948784440169762e-01	4.527038495623910141e-01	4.383800208904510276e-01	4.095128129697099828e-01	4.417679791090399766e-01	3.799985594120040000e-01	3.825555383183609770e-01	5.175118264410156765e-01	3.876568079865619909e-01	5.175118264410156765e-01	3.653789147960619932e-01	3.807313800959130079e-01	5.175118264410156765e-01	5.175118264410156765e-01	5.175118264410156765e-01	5.175118264410156765e-01	3.849973474193830181e-01	4.440445060498329766e-01	4.456341986822829893e-01	5.175118264410156765e-01	4.358294962102089998e-01	3.816031344309330220e-01	5.175118264410156765e-01	5.175118264410156765e-01	7.509821708335709389e-02	4.124460261208199863e-01	4.326552296674249787e-01	3.786702834206340240e-01	5.175118264410156765e-01	5.175118264410156765e-01	3.151990921806819834e-01	5.175118264410156765e-01	5.175118264410156765e-01	5.175118264410156765e-01	5.175118264410156765e-01	5.175118264410156765e-01	5.175118264410156765e-01	3.925345359957519986e-01	4.188214774617379788e-01	5.175118264410156765e-01	1.708365617327619879e-01	5.175118264410156765e-01	3.973689641219619872e-01	5.175118264410156765e-01	4.361311797642560273e-01	3.838780361331600166e-01	5.175118264410156765e-01	5.175118264410156765e-01	5.175118264410156765e-01	3.415438595585260084e-01	5.175118264410156765e-01	5.175118264410156765e-01	4.118018887689030016e-01	4.395949593909490027e-02	4.185204738421919868e-01	1.288164266461170049e-01	4.340718513023120173e-01	2.026605465405889872e-01	4.337795849944049986e-01	5.175118264410156765e-01	5.175118264410156765e-01	4.006356608822589926e-01	3.868872596756339766e-01	4.134615679779979902e-01	3.837839936564039767e-01	4.115720752978300201e-01	5.175118264410156765e-01	5.175118264410156765e-01	5.175118264410156765e-01	5.175118264410156765e-01	5.175118264410156765e-01	5.175118264410156765e-01	4.059468920740649800e-01	5.175118264410156765e-01	1.000000000000000021e-03	3.654365420637369771e-02	4.035750693071680217e-01	4.175024493051630037e-01	4.000114806271530266e-01	3.860884178822969748e-01	2.458100063565019922e-01	3.905375056737239725e-01	3.905676536861160120e-01	3.980284153759829913e-01	5.175118264410156765e-01	4.191377676888520254e-01	5.175118264410156765e-01	3.847045264380840046e-01	5.175118264410156765e-01	5.175118264410156765e-01	4.205695755498279897e-01	4.153594322152480145e-01	4.182779720612440078e-01	3.999853491362569957e-01	5.175118264410156765e-01	5.175118264410156765e-01	3.798673851801139811e-01	3.546097572307529977e-01	3.840873558589130154e-01	4.416547927978130006e-01	5.175118264410156765e-01	4.298766815701640098e-01	5.175118264410156765e-01	5.175118264410156765e-01	4.306953260675610018e-01	5.175118264410156765e-01	5.175118264410156765e-01	4.295632201176439735e-01	5.175118264410156765e-01	5.175118264410156765e-01
7.174778205019860522e-01	7.072813206679160469e-01	6.690794332888649887e-01	6.737471812719330044e-01	4.035421711339299833e-01	1.000000000000000000e+00	5.175118264410156765e-01	5.175118264410156765e-01	5.175118264410156765e-01	5.175118264410156765e-01	5.175118264410156765e-01	5.175118264410156765e-01	5.175118264410156765e-01	6.337849845326389842e-01	5.623491401906010045e-01	5.175118264410156765e-01	7.162107104153510040e-01	6.664144123051970459e-01	7.226277815594539522e-01	6.228960694412669641e-01	6.220068170959990317e-01	7.206051859004229954e-01	5.175118264410156765e-01	7.241614404834200158e-01	5.175118264410156765e-01	5.175118264410156765e-01	1.766121122401259902e-01	5.175118264410156765e-01	6.659773234358330463e-01	6.035628674469689647e-01	5.175118264410156765e-01	5.175118264410156765e-01	5.175118264410156765e-01	4.207925723560519971e-01	5.175118264410156765e-01	5.175118264410156765e-01	5.175118264410156765e-01	6.860407956492560189e-01	1.096552395000460062e-01	6.724664460445040071e-01	5.175118264410156765e-01	6.085018745795760520e-01	5.175118264410156765e-01	5.175118264410156765e-01	4.997491260320129913e-01	6.876387094980029868e-01	5.175118264410156765e-01	6.223707254618640050e-01	5.175118264410156765e-01	5.175118264410156765e-01	5.175118264410156765e-01	6.386987904018179840e-01	5.175118264410156765e-01	5.175118264410156765e-01	5.175118264410156765e-01	5.175118264410156765e-01	6.465271096391349559e-01	7.094867029558490357e-01	5.175118264410156765e-01	5.175118264410156765e-01	5.175118264410156765e-01	4.584027589848049811e-01	5.175118264410156765e-01	5.463397628550880070e-01	4.765722967253849807e-01	5.175118264410156765e-01	6.693519661155250544e-01	5.175118264410156765e-01	5.175118264410156765e-01	5.175118264410156765e-01	7.147325821167570536e-01	3.175832792423869955e-01	5.175118264410156765e-01	6.955963190013410014e-01	5.175118264410156765e-01	5.175118264410156765e-01	5.175118264410156765e-01	5.175118264410156765e-01	5.175118264410156765e-01	5.175118264410156765e-01	5.595707001117210533e-01	5.175118264410156765e-01	5.175118264410156765e-01	2.434624739098119883e-01	6.390310149778619664e-01	5.175118264410156765e-01	5.175118264410156765e-01	6.494382654340840055e-01	5.175118264410156765e-01	5.175118264410156765e-01	6.650623703790450314e-01	5.175118264410156765e-01	6.453399158044580419e-01	5.175118264410156765e-01	5.175118264410156765e-01	6.376487979330730527e-01	6.378772561238309491e-01	5.175118264410156765e-01	5.175118264410156765e-01	5.175118264410156765e-01	4.194581469733349999e-01	6.421828939599589781e-01	5.175118264410156765e-01	5.597376444601399603e-01	5.175118264410156765e-01	6.832407497421709719e-01	5.175118264410156765e-01	5.175118264410156765e-01	5.175118264410156765e-01	6.530288008832370039e-01	6.154600760307059604e-01	5.753645691679879492e-01	6.327792918992729554e-01	7.269682414823710470e-01	7.081427285830159679e-01	7.083304574950249899e-01	7.077694237483329598e-01	7.071413234076080467e-01	5.175118264410156765e-01	5.175118264410156765e-01	6.899186064939120122e-01	7.001070627429699655e-01	5.175118264410156765e-01	6.166420328967779918e-01
5.175118264410156765e-01	6.386683497488350181e-01	5.175118264410156765e-01	5.175118264410156765e-01	3.696893308798789857e-01	5.175118264410156765e-01	1.000000000000000000e+00	4.997865567985450008e-01	4.281063860771540108e-01	5.175118264410156765e-01	5.175118264410156765e-01	6.068336235615100493e-01	6.345808929848070212e-01	5.175118264410156765e-01	5.175118264410156765e-01	6.747466978068989985e-01	6.467920735495840123e-01	6.026245082526440200e-01	6.559918022036139718e-01	5.175118264410156765e-01	5.633177277558100160e-01	6.489024035945319957e-01	5.175118264410156765e-01	5.175118264410156765e-01	5.308911660527430021e-01	5.573714119794700439e-01	5.175118264410156765e-01	3.517839258200010089e-01	5.175118264410156765e-01	5.175118264410156765e-01	5.175118264410156765e-01	6.558352438856019928e-01	6.678014650089559856e-01	3.836430835404520123e-01	6.476903233016859662e-01	5.175118264410156765e-01	5.175118264410156765e-01	5.175118264410156765e-01	5.175118264410156765e-01	6.071238081767329486e-01	5.175118264410156765e-01	5.175118264410156765e-01	5.175118264410156765e-01	2.293973738921729899e-01	4.557097974349960112e-01	6.218413175998219744e-01	5.175118264410156765e-01	5.630638482381280507e-01	5.175118264410156765e-01	5.175118264410156765e-01	5.175118264410156765e-01	5.175118264410156765e-01	6.167596290078639631e-01	5.175118264410156765e-01	2.361457591273219969e-01	5.175118264410156765e-01	5.895947698803349901e-01	5.175118264410156765e-01	5.175118264410156765e-01	5.708420578132530343e-01	5.175118264410156765e-01	4.227471144564490246e-01	5.795915976662580071e-01	5.175118264410156765e-01	5.175118264410156765e-01	9.758558980258200122e-02	5.175118264410156765e-01	5.175118264410156765e-01	6.114953690987340318e-01	1.752104332303009993e-01	6.389610434716590515e-01	2.927116029455970048e-01	5.175118264410156765e-01	5.175118264410156765e-01	5.175118264410156765e-01	5.907028463066610335e-01	5.803046783647349827e-01	5.175118264410156765e-01	5.175118264410156765e-01	6.062858941050209838e-01	5.175118264410156765e-01	5.175118264410156765e-01	4.229716069998740169e-01	2.266456563255369872e-01	5.175118264410156765e-01	2.320765767162540072e-01	5.175118264410156765e-01	5.175118264410156765e-01	1.000000000000000021e-03	4.429731944381629788e-02	6.020433370964769493e-01	6.240128109971609938e-01	5.175118264410156765e-01	5.676724271345290340e-01	3.478146499714260265e-01	5.826142125025239871e-01	5.820604541834549783e-01	5.804078684705570312e-01	6.650392340364310283e-03	5.175118264410156765e-01	5.175118264410156765e-01	5.175118264410156765e-01	5.175118264410156765e-01	5.127307171400330432e-01	5.175118264410156765e-01	5.175118264410156765e-01	6.142482017007649953e-01	5.857478769079590419e-01	5.175118264410156765e-01	5.175118264410156765e-01	5.175118264410156765e-01	5.175118264410156765e-01	5.768013346881449843e-01	5.175118264410156765e-01	6.390652626731120334e-01	6.392608953856480092e-01	6.418155939053880044e-01	6.369979382938349977e-01	6.418852805173610454e-01	5.175118264410156765e-01	5.175118264410156765e-01	5.175118264410156765e-01	5.674178762064789883e-01	5.175118264410156765e-01
5.935526861071790394e-01	5.879543395358149960e-01	5.175118264410156765e-01	5.175118264410156765e-01	3.465899444963850273e-01	5.175118264410156765e-01	4.997865567985450008e-01	1.000000000000000000e+00	3.890376585099269979e-01	4.091354297240630267e-01	5.175118264410156765e-01	5.578067502417759504e-01	5.175118264410156765e-01	5.175118264410156765e-01	4.728390263258340220e-01	5.175118264410156765e-01	5.175118264410156765e-01	5.504435959123460398e-01	5.955329127400440514e-01	5.190012571817560483e-01	5.152445870934589944e-01	5.918466189018679602e-01	5.206031060448850223e-01	5.175118264410156765e-01	5.175118264410156765e-01	5.065054102591000085e-01	1.489404738212879997e-01	5.175118264410156765e-01	5.175118264410156765e-01	4.960173360516870189e-01	5.175118264410156765e-01	5.993155225577579959e-01	5.175118264410156765e-01	5.175118264410156765e-01	5.910414943058329706e-01	5.175118264410156765e-01	5.175118264410156765e-01	5.660412299066389652e-01	5.175118264410156765e-01	5.175118264410156765e-01	5.175118264410156765e-01	5.067829567768209476e-01	5.175118264410156765e-01	2.122587915203280051e-01	5.175118264410156765e-01	5.712510273294360008e-01	4.208709763002310145e-01	5.175118264410156765e-01	5.175118264410156765e-01	5.387246849963069906e-01	5.099223212402379524e-01	5.252474110789140394e-01	5.623681194999800015e-01	5.175118264410156765e-01	2.192891405882660127e-01	5.175118264410156765e-01	5.175118264410156765e-01	5.868648776952040125e-01	5.175118264410156765e-01	5.212991134421760542e-01	5.411422194455639545e-01	5.175118264410156765e-01	5.175118264410156765e-01	5.175118264410156765e-01	5.175118264410156765e-01	5.175118264410156765e-01	5.541522255049570189e-01	5.394869203077769931e-02	5.643664966124249949e-01	5.175118264410156765e-01	5.175118264410156765e-01	2.723313809601590196e-01	5.175118264410156765e-01	5.750419453777220191e-01	5.206326309070560265e-01	5.414804403106640018e-01	5.175118264410156765e-01	5.607563624814659864e-01	5.158379844834829475e-01	5.175118264410156765e-01	4.693683423740209748e-01	5.175118264410156765e-01	3.896273112551850160e-01	2.118182471991179872e-01	5.175118264410156765e-01	5.175118264410156765e-01	5.530904818668650469e-01	5.341678588331819633e-01	1.000000000000000021e-03	5.175118264410156765e-01	5.175118264410156765e-01	5.175118264410156765e-01	5.342689519048500202e-01	5.175118264410156765e-01	5.175118264410156765e-01	5.175118264410156765e-01	5.279183973627400439e-01	5.175118264410156765e-01	5.175118264410156765e-01	5.712038682964699632e-01	3.562629842863859753e-01	5.175118264410156765e-01	5.175118264410156765e-01	4.664015430225489922e-01	5.175118264410156765e-01	5.647192665763479669e-01	5.611201021378630083e-01	5.393816410330199984e-01	6.096199052109799732e-01	5.418809415380270167e-01	5.175118264410156765e-01	5.175118264410156765e-01	5.260396602689599854e-01	5.981892829623020047e-01	5.175118264410156765e-01	5.175118264410156765e-01	5.852531200513190202e-01	5.880137050333319459e-01	5.175118264410156765e-01	5.175118264410156765e-01	5.680613180823249619e-01	5.797202046815660426e-01	5.175118264410156765e-01	5.175118264410156765e-01
4.968202942154499868e-01	5.175118264410156765e-01	4.686573367511300270e-01	5.175118264410156765e-01	2.924907330865070265e-01	5.175118264410156765e-01	4.281063860771540108e-01	3.890376585099269979e-01	9.999999999999960032e-01	5.175118264410156765e-01	4.675474709784709915e-01	4.669263939108910244e-01	4.853365036524660003e-01	5.175118264410156765e-01	5.175118264410156765e-01	5.172270283111489730e-01	4.968122295550529977e-01	5.175118264410156765e-01	4.994026061801329908e-01	4.397684822180160102e-01	4.319543912579559830e-01	4.975099623778870273e-01	5.175118264410156765e-01	5.175118264410156765e-01	4.129343327839860023e-01	5.175118264410156765e-01	5.175118264410156765e-01	5.175118264410156765e-01	4.676408325049989934e-01	4.211276366972819818e-01	4.380035974087539974e-01	5.020368257733259787e-01	5.105553700738549860e-01	3.014260971653279775e-01	4.944514331485149738e-01	5.175118264410156765e-01	4.548445643821419915e-01	5.175118264410156765e-01	8.284282889888340551e-02	5.175118264410156765e-01	4.954453804805329931e-01	5.175118264410156765e-01	5.175118264410156765e-01	1.850212508184120030e-01	3.584400429891330120e-01	4.811055481447359949e-01	5.175118264410156765e-01	4.339622950400839896e-01	5.175118264410156765e-01	4.617682876755649923e-01	5.175118264410156765e-01	5.175118264410156765e-01	4.718760612821830125e-01	5.175118264410156765e-01	5.175118264410156765e-01	5.175118264410156765e-01	5.175118264410156765e-01	4.901295334018859751e-01	4.975814333245079935e-01	4.437461634282179879e-01	5.175118264410156765e-01	3.289902916422329793e-01	4.433192230900649955e-01	5.175118264410156765e-01	3.438283861247820039e-01	8.188106799047520368e-02	4.613934074989189948e-01	5.175118264410156765e-01	4.704691442503730059e-01	5.175118264410156765e-01	5.175118264410156765e-01	2.310725141178469888e-01	5.175118264410156765e-01	4.795333309356100138e-01	5.175118264410156765e-01	5.175118264410156765e-01	4.415368062237229885e-01	4.791997608898220240e-01	5.175118264410156765e-01	5.175118264410156765e-01	5.175118264410156765e-01	5.175118264410156765e-01	5.175118264410156765e-01	1.805375164296519896e-01	5.175118264410156765e-01	5.175118264410156765e-01	5.175118264410156765e-01	5.175118264410156765e-01	1.000000000000000021e-03	5.175118264410156765e-01	5.175118264410156765e-01	5.175118264410156765e-01	5.175118264410156765e-01	4.357328681426900219e-01	2.737855066352339883e-01	5.175118264410156765e-01	4.444179213415749841e-01	4.463615361413210136e-01	5.175118264410156765e-01	4.783955704677599896e-01	2.979076955654980097e-01	4.388374654581729817e-01	4.364501453449349810e-01	3.959334778724559745e-01	5.175118264410156765e-01	5.175118264410156765e-01	4.667843983795110230e-01	4.498949467820569925e-01	5.175118264410156765e-01	5.175118264410156765e-01	5.175118264410156765e-01	4.063262653060369933e-01	4.391226393759010138e-01	5.175118264410156765e-01	4.905496063578180244e-01	4.898928611629380092e-01	4.940116189391259849e-01	4.883187724991620016e-01	5.175118264410156765e-01	4.596143511786919822e-01	4.775603417737450118e-01	4.890460741134680100e-01	5.175118264410156765e-01	5.175118264410156765e-01
5.175118264410156765e-01	5.166088641646889856e-01	4.905891070089329897e-01	4.876625360214850158e-01	5.175118264410156765e-01	5.175118264410156765e-01	5.175118264410156765e-01	4.091354297240630267e-01	5.175118264410156765e-01	9.999999999999980016e-01	4.900840276683749996e-01	5.175118264410156765e-01	5.175118264410156765e-01	4.628172419180680008e-01	5.175118264410156765e-01	5.430085489038259938e-01	5.235422381329889463e-01	4.852376629888929815e-01	5.175118264410156765e-01	4.535066650626500273e-01	4.577388145568849764e-01	5.199228286338910543e-01	5.175118264410156765e-01	5.282024232493399696e-01	4.294025517418569859e-01	4.501800063768889859e-01	1.372277016535269900e-01	2.925434923510940033e-01	4.914474446022280008e-01	5.175118264410156765e-01	4.535581885714090045e-01	5.175118264410156765e-01	5.372237150867730238e-01	5.175118264410156765e-01	5.172841937538059653e-01	5.175118264410156765e-01	4.770517087917179877e-01	5.024312948300110326e-01	8.786135047014080601e-02	4.908897913293470139e-01	5.202638985240759517e-01	4.478193750264389816e-01	5.175118264410156765e-01	1.912675675816160048e-01	5.175118264410156765e-01	5.175118264410156765e-01	5.175118264410156765e-01	4.541416753972820075e-01	4.723205178775660151e-01	5.175118264410156765e-01	4.522350141794019840e-01	4.677393250358939936e-01	4.987928691340129950e-01	5.059755313902319918e-01	5.175118264410156765e-01	5.023210161946070063e-01	4.711446214242089869e-01	5.175118264410156765e-01	5.175118264410156765e-01	4.605063300062989806e-01	5.175118264410156765e-01	3.471211194293890023e-01	5.175118264410156765e-01	4.065226951776150233e-01	3.544956503521020097e-01	5.175118264410156765e-01	5.175118264410156765e-01	5.175118264410156765e-01	4.917529828983849827e-01	5.175118264410156765e-01	5.175118264410156765e-01	5.175118264410156765e-01	5.235110783876859575e-01	5.084648721393250081e-01	4.634506726021370149e-01	5.175118264410156765e-01	5.175118264410156765e-01	5.175118264410156765e-01	4.632384003253550153e-01	4.873045908903609891e-01	4.167775197393829845e-01	5.175118264410156765e-01	5.175118264410156765e-01	1.876921636053709985e-01	4.653146352950590092e-01	1.994548731248730056e-01	4.823356934265849993e-01	5.175118264410156765e-01	1.000000000000000021e-03	3.667728147191429838e-02	4.875124000785119871e-01	5.175118264410156765e-01	5.175118264410156765e-01	5.175118264410156765e-01	5.175118264410156765e-01	4.644249696437550146e-01	4.643905882335819801e-01	4.701402541090319853e-01	5.175118264410156765e-01	4.999474711679829930e-01	5.175118264410156765e-01	5.175118264410156765e-01	4.588445211581900218e-01	5.175118264410156765e-01	5.073901014510739937e-01	4.946221041218170078e-01	5.175118264410156765e-01	4.778831200763690168e-01	5.376490259192560073e-01	5.175118264410156765e-01	5.175118264410156765e-01	4.160549762595520118e-01	4.647739700431020027e-01	5.269665478641210044e-01	5.175118264410156765e-01	5.175118264410156765e-01	5.196233218504090479e-01	5.175118264410156765e-01	5.195953595998600294e-01	5.175118264410156765e-01	5.012516920402609877e-01	5.175118264410156765e-01	5.175118264410156765e-01	5.175118264410156765e-01
7.243107863100679555e-01	5.175118264410156765e-01	5.175118264410156765e-01	6.732759427680640174e-01	5.175118264410156765e-01	5.175118264410156765e-01	5.175118264410156765e-01	5.175118264410156765e-01	4.675474709784709915e-01	4.900840276683749996e-01	1.000000000000000000e+00	6.783910524216749671e-01	7.054684312994380369e-01	5.175118264410156765e-01	5.644906659621079514e-01	5.175118264410156765e-01	7.209878367545720090e-01	5.175118264410156765e-01	7.292457193751069600e-01	5.175118264410156765e-01	6.266873654324810472e-01	7.228588910719629945e-01	5.175118264410156765e-01	7.299870660432510316e-01	5.881085289544190076e-01	6.175346759707740496e-01	1.756314258348130042e-01	3.869711779956709896e-01	6.716535473908350484e-01	6.002904048985420182e-01	5.175118264410156765e-01	5.175118264410156765e-01	7.441181779230979787e-01	4.260086919398979877e-01	7.200455415123210301e-01	6.211586512732679699e-01	5.175118264410156765e-01	5.175118264410156765e-01	1.111241850953469945e-01	6.748351738869989846e-01	5.175118264410156765e-01	6.114425949965049956e-01	5.175118264410156765e-01	2.484372506683920068e-01	5.056774027167779684e-01	6.999926599096180091e-01	5.080295386358899545e-01	6.248329183448320112e-01	6.527860184306399915e-01	5.175118264410156765e-01	6.189415755600480296e-01	6.397737554908230484e-01	6.862692546444489894e-01	7.000142466688720200e-01	2.572723070050499938e-01	5.175118264410156765e-01	6.480310886680199500e-01	7.108117335402690529e-01	7.272955898921149576e-01	6.342517111263179519e-01	6.599951678456149606e-01	4.615533169382510237e-01	6.405986990985770291e-01	5.175118264410156765e-01	5.175118264410156765e-01	5.175118264410156765e-01	6.716155840429569590e-01	5.175118264410156765e-01	6.786925528369690541e-01	1.940721700297690089e-01	7.169091503502890150e-01	5.175118264410156765e-01	7.172724408835150500e-01	5.175118264410156765e-01	5.175118264410156765e-01	5.175118264410156765e-01	6.409809242978889987e-01	6.846338644788779737e-01	6.330808666621849934e-01	6.753325315746250279e-01	5.175118264410156765e-01	2.720336202600849851e-01	4.642862887737430055e-01	5.175118264410156765e-01	6.388924223295120441e-01	2.542745188945069734e-01	6.664556632975749961e-01	6.505174724471299852e-01	5.175118264410156765e-01	4.560805745028179842e-02	6.665915084135639601e-01	6.909728885167230050e-01	5.175118264410156765e-01	5.175118264410156765e-01	3.890411307934489860e-01	6.418667961647399611e-01	5.175118264410156765e-01	5.175118264410156765e-01	5.175118264410156765e-01	5.175118264410156765e-01	5.175118264410156765e-01	5.175118264410156765e-01	6.300033218172399474e-01	5.175118264410156765e-01	5.175118264410156765e-01	6.849989568238969984e-01	6.836909310701240194e-01	6.544654770000940536e-01	7.431024594678879991e-01	6.599171674124070242e-01	6.214083618384099728e-01	5.175118264410156765e-01	5.175118264410156765e-01	5.175118264410156765e-01	7.144369679070600165e-01	5.175118264410156765e-01	5.175118264410156765e-01	5.175118264410156765e-01	7.145058969803189663e-01	6.641357280428540344e-01	6.887975412712139534e-01	5.175118264410156765e-01	5.175118264410156765e-01	6.180369259781689495e-01
5.175118264410156765e-01	5.175118264410156765e-01	6.814093762837289958e-01	6.829102997180339640e-01	4.108960151589879928e-01	5.175118264410156765e-01	6.068336235615100493e-01	5.578067502417759504e-01	4.669263939108910244e-01	5.175118264410156765e-01	6.783910524216749671e-01	1.000000000000000000e+00	5.175118264410156765e-01	5.175118264410156765e-01	5.718511036073770093e-01	5.175118264410156765e-01	5.175118264410156765e-01	6.763225380765069961e-01	5.175118264410156765e-01	5.175118264410156765e-01	5.175118264410156765e-01	5.175118264410156765e-01	6.427683417513699871e-01	5.175118264410156765e-01	5.175118264410156765e-01	5.175118264410156765e-01	5.175118264410156765e-01	5.175118264410156765e-01	6.790861959436990114e-01	5.175118264410156765e-01	5.175118264410156765e-01	7.387898154259260330e-01	5.175118264410156765e-01	5.175118264410156765e-01	7.249708678671430429e-01	6.319993607493149534e-01	5.175118264410156765e-01	6.993308910636809594e-01	5.175118264410156765e-01	5.175118264410156765e-01	7.234509252052300221e-01	6.169626011888820205e-01	5.175118264410156765e-01	2.543838679688010251e-01	5.053951912630080257e-01	7.059829732700889648e-01	5.175118264410156765e-01	5.175118264410156765e-01	5.175118264410156765e-01	5.175118264410156765e-01	5.175118264410156765e-01	5.175118264410156765e-01	5.175118264410156765e-01	7.075786243647139706e-01	5.175118264410156765e-01	5.175118264410156765e-01	6.546322817902330282e-01	7.224264046447550491e-01	7.290977202369379739e-01	6.381730607309750170e-01	5.175118264410156765e-01	4.680141881940449999e-01	6.455019030051609707e-01	5.540397339632280316e-01	5.175118264410156765e-01	5.175118264410156765e-01	5.175118264410156765e-01	5.175118264410156765e-01	5.175118264410156765e-01	1.972353126051029915e-01	5.175118264410156765e-01	3.259119126363039798e-01	7.276228616802199456e-01	7.035424528223890306e-01	5.175118264410156765e-01	6.667911081207139601e-01	6.493082342909429761e-01	5.175118264410156765e-01	6.419759600165370061e-01	6.806486813930550106e-01	5.175118264410156765e-01	2.722010474312249739e-01	4.726817432008300068e-01	5.175118264410156765e-01	6.449729401759120018e-01	2.595101421221789884e-01	6.731418101122309539e-01	5.175118264410156765e-01	1.000000000000000021e-03	5.175118264410156765e-01	5.175118264410156765e-01	6.949817431897139519e-01	5.175118264410156765e-01	6.332079010480969883e-01	5.175118264410156765e-01	5.175118264410156765e-01	6.487954235605940534e-01	6.555777285566070089e-01	5.175118264410156765e-01	5.175118264410156765e-01	4.299142529189989848e-01	6.456415090158069692e-01	5.175118264410156765e-01	5.689343185225870236e-01	7.004072961040930245e-01	5.175118264410156765e-01	6.930149919548359572e-01	6.603636236235049806e-01	7.491617421888050465e-01	6.623813172859299714e-01	6.244631049239790510e-01	5.773819033847480409e-01	6.400617517200579698e-01	7.365753328722339788e-01	5.175118264410156765e-01	7.149153170603419483e-01	7.188537571378590396e-01	5.175118264410156765e-01	7.211161322954220410e-01	6.759796279780929673e-01	5.175118264410156765e-01	5.175118264410156765e-01	6.412489869790060082e-01	6.278978426824689540e-01
