1.000000000000000000e+00	9.263661748913459837e-01	7.896728360022576831e-01	7.896728360022576831e-01	7.896728360022576831e-01	9.072868579518590382e-01	8.802841976919200118e-01	8.582467235089680235e-01	8.146500662925370007e-01	7.896728360022576831e-01	9.098105195694750069e-01	9.122186889543779653e-01	7.896728360022576831e-01	8.943886264699429933e-01	7.896728360022576831e-01	7.896728360022576831e-01	9.278932010516840467e-01	7.896728360022576831e-01	9.304423675962240070e-01	7.896728360022576831e-01	8.933493021890179797e-01	9.274578683428359449e-01	7.896728360022576831e-01	7.896728360022576831e-01	8.742015152218840512e-01	7.896728360022576831e-01	6.106278076128149879e-01	7.698526883322179826e-01	7.896728360022576831e-01	7.896728360022576831e-01	8.892747662479899562e-01	9.330011361918300050e-01	7.896728360022576831e-01	7.896728360022576831e-01	7.896728360022576831e-01	7.896728360022576831e-01	7.896728360022576831e-01	7.896728360022576831e-01	7.896728360022576831e-01	7.896728360022576831e-01	9.257866557596959867e-01	7.896728360022576831e-01	7.896728360022576831e-01	7.896728360022576831e-01	7.896728360022576831e-01	9.187850335643840127e-01	8.378761791253469537e-01	8.897833418099410085e-01	7.896728360022576831e-01	9.026837482675960089e-01	8.861673175265799562e-01	8.955597860550960077e-01	7.896728360022576831e-01	7.896728360022576831e-01	6.860841066015750389e-01	7.896728360022576831e-01	7.896728360022576831e-01	9.253767861293149544e-01	7.896728360022576831e-01	7.896728360022576831e-01	9.051258071874780375e-01	8.132089336022449988e-01	7.896728360022576831e-01	8.589847385315889650e-01	8.257357220416300381e-01	7.896728360022576831e-01	9.078151198441329894e-01	7.896728360022576831e-01	7.896728360022576831e-01	7.896728360022576831e-01	7.896728360022576831e-01	7.306313510032460545e-01	9.278336632297029540e-01	7.896728360022576831e-01	8.941646968367999992e-01	7.896728360022576831e-01	7.896728360022576831e-01	7.896728360022576831e-01	7.896728360022576831e-01	9.098420757844229989e-01	7.896728360022576831e-01	7.896728360022576831e-01	8.165827211988040402e-01	7.896728360022576831e-01	8.964070584662110486e-01	6.832961445831230440e-01	7.896728360022576831e-01	7.896728360022576831e-01	7.896728360022576831e-01	7.896728360022576831e-01	7.896728360022576831e-01	7.896728360022576831e-01	9.001323599740429504e-01	7.896728360022576831e-01	7.714911276079280400e-01	7.896728360022576831e-01	8.975142163661009587e-01	7.896728360022576831e-01	2.329807262604099982e-01	9.160194827953299646e-01	7.896728360022576831e-01	8.971846634769590212e-01	7.896728360022576831e-01	8.622473551949759729e-01	9.187921197991769651e-01	9.152043694346010394e-01	9.126925547697100072e-01	7.896728360022576831e-01	9.365268736480839573e-01	9.042319785317000091e-01	8.886097868996100102e-01	7.896728360022576831e-01	8.951587194700180161e-01	9.309755401765780203e-01	9.267760466056600421e-01	9.234236412389360549e-01	7.896728360022576831e-01	9.240221327007089869e-01	9.255249047571200149e-01	9.066135897158700274e-01	9.183901527043389912e-01	7.896728360022576831e-01	8.927114950269050553e-01	7.896728360022576831e-01
9.263661748913459837e-01	1.000000000000000000e+00	7.896728360022576831e-01	9.072999999888520239e-01	7.803670272541689545e-01	9.034891334149539599e-01	8.768713490610819949e-01	8.558665520012930239e-01	7.896728360022576831e-01	8.240280054538300369e-01	7.896728360022576831e-01	7.896728360022576831e-01	9.180057887924779614e-01	7.896728360022576831e-01	8.586404779106779905e-01	9.362529391780529675e-01	7.896728360022576831e-01	7.896728360022576831e-01	7.896728360022576831e-01	7.896728360022576831e-01	7.896728360022576831e-01	7.896728360022576831e-01	7.896728360022576831e-01	7.896728360022576831e-01	8.708599235028140484e-01	7.896728360022576831e-01	6.092436739098869847e-01	7.660630866511619619e-01	9.072726787174919538e-01	7.896728360022576831e-01	8.851266791848499960e-01	9.286906053453239940e-01	7.896728360022576831e-01	7.896728360022576831e-01	9.238201906481650072e-01	7.896728360022576831e-01	8.971841884123360478e-01	9.127946198382970167e-01	5.320893705312359501e-01	9.049800367512930155e-01	7.896728360022576831e-01	7.896728360022576831e-01	7.896728360022576831e-01	7.896728360022576831e-01	7.896728360022576831e-01	7.896728360022576831e-01	8.330385549459330408e-01	8.872969214586839959e-01	8.969185181613950064e-01	8.999159563205280099e-01	8.821692242902250403e-01	7.896728360022576831e-01	7.896728360022576831e-01	7.896728360022576831e-01	6.849734784659089470e-01	9.140027924397799985e-01	8.956029281023609734e-01	7.896728360022576831e-01	9.261021364289150348e-01	8.896383887897429954e-01	9.018958129263779933e-01	8.095137847972999623e-01	7.896728360022576831e-01	7.896728360022576831e-01	7.896728360022576831e-01	7.896728360022576831e-01	9.040650528417070175e-01	4.472399449066210009e-01	9.086362374780649898e-01	7.896728360022576831e-01	7.896728360022576831e-01	7.259781961908240433e-01	7.896728360022576831e-01	9.168360289683350484e-01	8.903725645523520305e-01	7.896728360022576831e-01	8.941670414425659796e-01	9.102037041605719470e-01	8.876683135393670376e-01	7.896728360022576831e-01	8.627262232910569706e-01	7.896728360022576831e-01	8.130892369792289687e-01	7.896728360022576831e-01	8.942700829290950448e-01	7.896728360022576831e-01	7.896728360022576831e-01	8.981271742382329615e-01	1.000000000000000021e-03	7.896728360022576831e-01	9.040870154045870244e-01	9.153225187525050321e-01	8.967945129077860011e-01	8.886080573380990000e-01	7.686431183738670070e-01	8.934421467033389908e-01	8.937283342236069794e-01	8.948058368453409850e-01	7.896728360022576831e-01	7.896728360022576831e-01	7.915713083367500458e-01	7.896728360022576831e-01	8.874793968973809788e-01	7.896728360022576831e-01	9.140528003322530015e-01	9.099431906508429480e-01	7.896728360022576831e-01	8.980901903172210377e-01	9.335913209409369973e-01	7.896728360022576831e-01	7.896728360022576831e-01	7.896728360022576831e-01	8.906391899821950453e-01	7.896728360022576831e-01	9.218617677593740067e-01	7.896728360022576831e-01	7.896728360022576831e-01	7.896728360022576831e-01	9.219278256970689922e-01	9.027627927201520297e-01	7.896728360022576831e-01	7.896728360022576831e-01	8.894839116370399923e-01	8.866501890187179491e-01
7.896728360022576831e-01	7.896728360022576831e-01	1.000000000000000000e+00	8.922080318773439878e-01	7.685667122028959630e-01	8.889066756030490346e-01	7.896728360022576831e-01	8.405692488725480249e-01	7.896728360022576831e-01	7.896728360022576831e-01	8.909169576643920507e-01	7.896728360022576831e-01	9.019068451717859869e-01	8.739432897017850310e-01	8.436516137851359787e-01	7.896728360022576831e-01	7.896728360022576831e-01	8.894584935750120547e-01	7.896728360022576831e-01	7.896728360022576831e-01	8.739149127204679512e-01	7.896728360022576831e-01	7.896728360022576831e-01	9.127814306927399812e-01	7.896728360022576831e-01	8.654774161210510020e-01	5.999883087037449769e-01	7.896728360022576831e-01	7.896728360022576831e-01	7.896728360022576831e-01	7.896728360022576831e-01	9.129405891881009483e-01	7.896728360022576831e-01	7.771379497713919449e-01	9.084140622117450325e-01	8.729478338154680328e-01	8.828605738364340150e-01	8.968711634033199598e-01	7.896728360022576831e-01	8.905191027234570234e-01	7.896728360022576831e-01	8.666623856589109609e-01	7.896728360022576831e-01	6.682685252083230276e-01	7.896728360022576831e-01	7.896728360022576831e-01	7.896728360022576831e-01	7.896728360022576831e-01	7.896728360022576831e-01	8.844245540936670480e-01	7.896728360022576831e-01	8.766601548138599487e-01	8.958204325251080125e-01	9.019273156987359652e-01	7.896728360022576831e-01	7.896728360022576831e-01	7.896728360022576831e-01	9.057506081559230093e-01	7.896728360022576831e-01	8.752643007967909616e-01	8.891766994528399470e-01	7.896728360022576831e-01	8.781554830168529779e-01	8.424402244245500215e-01	7.896728360022576831e-01	5.184507918561139794e-01	7.896728360022576831e-01	7.896728360022576831e-01	8.924900342423019994e-01	7.896728360022576831e-01	7.896728360022576831e-01	7.896728360022576831e-01	9.078475490529099856e-01	7.896728360022576831e-01	7.896728360022576831e-01	7.896728360022576831e-01	7.896728360022576831e-01	8.945550387080219989e-01	8.760409210818860259e-01	8.923600473815660461e-01	7.896728360022576831e-01	6.842701896354610458e-01	7.989798606234750356e-01	6.630982869091549547e-01	7.896728360022576831e-01	6.719301396795249737e-01	7.896728360022576831e-01	8.817628985208040282e-01	7.896728360022576831e-01	4.050948669333919727e-01	8.884396643530949600e-01	7.896728360022576831e-01	7.896728360022576831e-01	7.896728360022576831e-01	7.896728360022576831e-01	7.896728360022576831e-01	8.794259495628620193e-01	8.789308182385680013e-01	7.896728360022576831e-01	7.896728360022576831e-01	7.896728360022576831e-01	7.896728360022576831e-01	7.896728360022576831e-01	8.474046753236920138e-01	8.985785946908609878e-01	7.896728360022576831e-01	7.896728360022576831e-01	7.896728360022576831e-01	7.896728360022576831e-01	8.837130540751539920e-01	8.679222809368130065e-01	8.493316862717229521e-01	7.896728360022576831e-01	9.107945734782729730e-01	7.896728360022576831e-01	9.043879523531409559e-01	9.057377068507560525e-01	9.061582818943040296e-01	9.069847569199579462e-01	8.870429110248669868e-01	7.896728360022576831e-01	7.896728360022576831e-01	7.896728360022576831e-01	8.692364608766459666e-01
7.896728360022576831e-01	9.072999999888520239e-01	8.922080318773439878e-01	1.000000000000000000e+00	7.896728360022576831e-01	7.896728360022576831e-01	7.896728360022576831e-01	8.431448147046499697e-01	7.896728360022576831e-01	8.102205779823640208e-01	8.905369042047629469e-01	7.896728360022576831e-01	7.896728360022576831e-01	7.896728360022576831e-01	8.473410130708759480e-01	9.220768478816450120e-01	9.093516717146069572e-01	7.896728360022576831e-01	7.896728360022576831e-01	7.896728360022576831e-01	8.750391448855270315e-01	9.094344358134149875e-01	7.896728360022576831e-01	7.896728360022576831e-01	7.896728360022576831e-01	8.689974419676790296e-01	6.029878705105850001e-01	7.608425779731530225e-01	8.914017710520709681e-01	8.641687776759809925e-01	8.732089738392220246e-01	7.896728360022576831e-01	9.171233425826400554e-01	7.896728360022576831e-01	9.118298350214719683e-01	8.718858514687299888e-01	7.896728360022576831e-01	8.986949005671990287e-01	7.896728360022576831e-01	8.925201490746860200e-01	7.896728360022576831e-01	8.692244576840200132e-01	7.896728360022576831e-01	6.719555533949109760e-01	8.188225932063509793e-01	7.896728360022576831e-01	7.896728360022576831e-01	8.763689081026260208e-01	8.847055651319829517e-01	7.896728360022576831e-01	8.696145162084709668e-01	7.896728360022576831e-01	8.965247030026569641e-01	7.896728360022576831e-01	7.896728360022576831e-01	7.896728360022576831e-01	8.815951065385749796e-01	9.062377853333970501e-01	7.896728360022576831e-01	8.763842159531010090e-01	8.875204980558409895e-01	7.991937804300710546e-01	7.896728360022576831e-01	7.896728360022576831e-01	8.097343325254799939e-01	5.200097508983829719e-01	7.896728360022576831e-01	4.418502584330780136e-01	7.896728360022576831e-01	7.896728360022576831e-01	7.896728360022576831e-01	7.177888614013080426e-01	7.896728360022576831e-01	9.027743189038049954e-01	7.896728360022576831e-01	8.853662229625539615e-01	8.801630193997459495e-01	7.896728360022576831e-01	8.750124978465080305e-01	8.927075356495199898e-01	7.896728360022576831e-01	6.858197766960769659e-01	8.007144223780580106e-01	7.896728360022576831e-01	8.799830329403840468e-01	6.727309417712700190e-01	8.912779333459219799e-01	7.896728360022576831e-01	1.000000000000000021e-03	4.038613900118009914e-01	8.885802656544620204e-01	7.896728360022576831e-01	7.896728360022576831e-01	8.742172910415290099e-01	7.572787618399889897e-01	8.813209485463150417e-01	7.896728360022576831e-01	8.803714824610490153e-01	2.323096963433450013e-01	7.896728360022576831e-01	7.798096006359229726e-01	7.896728360022576831e-01	8.718783622243549969e-01	8.463983481134069731e-01	7.896728360022576831e-01	7.896728360022576831e-01	8.969175862705860425e-01	7.896728360022576831e-01	7.896728360022576831e-01	7.896728360022576831e-01	7.896728360022576831e-01	7.896728360022576831e-01	8.775479457301359476e-01	9.129404026101950453e-01	7.896728360022576831e-01	7.896728360022576831e-01	9.062348142819259822e-01	9.063412002501649578e-01	7.896728360022576831e-01	8.905962633228120540e-01	7.896728360022576831e-01	9.049964307070490488e-01	8.750741862359709966e-01	8.710493987499270396e-01
7.896728360022576831e-01	7.803670272541689545e-01	7.685667122028959630e-01	7.896728360022576831e-01	9.999999999999970024e-01	7.896728360022576831e-01	7.896728360022576831e-01	7.896728360022576831e-01	6.974995803376640158e-01	7.896728360022576831e-01	7.896728360022576831e-01	7.705556243250040183e-01	7.791911529073779485e-01	7.896728360022576831e-01	7.346760186495979728e-01	7.927499375306690244e-01	7.853156036800590378e-01	7.896728360022576831e-01	7.896728360022576831e-01	7.531039758079389745e-01	7.896728360022576831e-01	7.896728360022576831e-01	7.575204442370450097e-01	7.896728360022576831e-01	7.444950432520409667e-01	7.896728360022576831e-01	7.896728360022576831e-01	6.672364113696860333e-01	7.896728360022576831e-01	7.473072720980260542e-01	7.559937967026959527e-01	7.882758141780269456e-01	7.891017729020900484e-01	7.896728360022576831e-01	7.839738880352720152e-01	7.896728360022576831e-01	7.896728360022576831e-01	7.722384598304620207e-01	7.896728360022576831e-01	7.896728360022576831e-01	7.896728360022576831e-01	7.523315781666920499e-01	7.555529912042190377e-01	5.876694712185199787e-01	7.896728360022576831e-01	7.753078393911480015e-01	7.896728360022576831e-01	7.896728360022576831e-01	7.896728360022576831e-01	7.653230729202059601e-01	7.505159306656099538e-01	7.896728360022576831e-01	7.896728360022576831e-01	7.896728360022576831e-01	5.958096287322740547e-01	7.775223066602420241e-01	7.896728360022576831e-01	7.816561254012439619e-01	7.841328790831589846e-01	7.896728360022576831e-01	7.665875000259120275e-01	7.896728360022576831e-01	7.592506845442880126e-01	7.299217648631820543e-01	7.896728360022576831e-01	7.896728360022576831e-01	7.710530678914999658e-01	7.896728360022576831e-01	7.896728360022576831e-01	5.485001301027140341e-01	7.896728360022576831e-01	7.896728360022576831e-01	7.896728360022576831e-01	7.896728360022576831e-01	7.571043068291349876e-01	7.648664648186439541e-01	7.896728360022576831e-01	7.896728360022576831e-01	7.552948007951389986e-01	7.709269434090519901e-01	7.349191843590849871e-01	7.896728360022576831e-01	6.955953742222470426e-01	7.896728360022576831e-01	7.566080958276919510e-01	7.896728360022576831e-01	7.896728360022576831e-01	7.896728360022576831e-01	1.000000000000000021e-03	7.896728360022576831e-01	7.665067341761470088e-01	7.896728360022576831e-01	7.896728360022576831e-01	7.896728360022576831e-01	7.896728360022576831e-01	7.896728360022576831e-01	7.896728360022576831e-01	7.634044161947249885e-01	7.896728360022576831e-01	7.750532025830519922e-01	7.896728360022576831e-01	7.896728360022576831e-01	7.564171582080430056e-01	7.896728360022576831e-01	7.758281603650180047e-01	7.729991749303649629e-01	7.745869433963760153e-01	7.645024247018979979e-01	7.898008108475940148e-01	7.896728360022576831e-01	7.530277825033959704e-01	7.896728360022576831e-01	7.554697097684489604e-01	7.896728360022576831e-01	7.830784355454379897e-01	7.808206430753049654e-01	7.896728360022576831e-01	7.808239797139460148e-01	7.896728360022576831e-01	7.896728360022576831e-01	7.896728360022576831e-01	7.896728360022576831e-01	7.896728360022576831e-01	7.507020579295450302e-01
9.072868579518590382e-01	9.034891334149539599e-01	8.889066756030490346e-01	7.896728360022576831e-01	7.896728360022576831e-01	1.000000000000000000e+00	7.896728360022576831e-01	8.415615892749089832e-01	7.973694326180149616e-01	8.106992770535750292e-01	8.886670708085939729e-01	7.896728360022576831e-01	9.009653811506259657e-01	7.896728360022576831e-01	7.896728360022576831e-01	9.185643831913270496e-01	7.896728360022576831e-01	7.896728360022576831e-01	9.091904924875390259e-01	8.704692028671650039e-01	7.896728360022576831e-01	7.896728360022576831e-01	8.726053571608189952e-01	9.097555410502869977e-01	7.896728360022576831e-01	8.651254890325440483e-01	6.016432741614180513e-01	7.568614236866619827e-01	8.876969385291929582e-01	7.896728360022576831e-01	8.704066070267989508e-01	7.896728360022576831e-01	7.896728360022576831e-01	7.896728360022576831e-01	9.058517401095830257e-01	7.896728360022576831e-01	8.801978030492769722e-01	7.896728360022576831e-01	7.896728360022576831e-01	8.902229972995250318e-01	9.042998829265379568e-01	7.896728360022576831e-01	8.751713326961180206e-01	7.896728360022576831e-01	8.160545140908910255e-01	7.896728360022576831e-01	8.159818150287070360e-01	8.702539973587309907e-01	7.896728360022576831e-01	8.815258163675919745e-01	8.663490748721409673e-01	7.896728360022576831e-01	7.896728360022576831e-01	9.001781992933790555e-01	6.726086855720510016e-01	7.896728360022576831e-01	7.896728360022576831e-01	9.043138008290180219e-01	9.077993698121320509e-01	8.731493787444920551e-01	8.847719563202830484e-01	7.956615464694679618e-01	7.896728360022576831e-01	8.376515112336070379e-01	7.896728360022576831e-01	5.194390684323280105e-01	8.890127662454540003e-01	4.401890032783229989e-01	8.910241659777089485e-01	6.170797839325640188e-01	9.062681569100879964e-01	7.896728360022576831e-01	9.070961247880340306e-01	8.990891140971509765e-01	8.734827417247089665e-01	7.896728360022576831e-01	7.896728360022576831e-01	7.896728360022576831e-01	7.896728360022576831e-01	7.896728360022576831e-01	8.435460608828619922e-01	6.796223504619750555e-01	8.012268409132290437e-01	6.609881486352799929e-01	7.896728360022576831e-01	6.749346017597369629e-01	7.896728360022576831e-01	7.896728360022576831e-01	7.896728360022576831e-01	7.896728360022576831e-01	8.873393715546510352e-01	8.973880216337930538e-01	7.896728360022576831e-01	7.896728360022576831e-01	7.896728360022576831e-01	8.764609018636639881e-01	8.765529139827420435e-01	8.782939022575230181e-01	2.303576287779499909e-01	8.939762638453390142e-01	7.752267683736130399e-01	7.896728360022576831e-01	7.896728360022576831e-01	7.896728360022576831e-01	7.896728360022576831e-01	8.943793790344890526e-01	8.916120847322389631e-01	8.833091404242350286e-01	7.896728360022576831e-01	7.896728360022576831e-01	8.674110418987950322e-01	8.504548030945660031e-01	7.896728360022576831e-01	9.107874684073039573e-01	7.896728360022576831e-01	7.896728360022576831e-01	7.896728360022576831e-01	9.034367223528809721e-01	7.896728360022576831e-01	7.896728360022576831e-01	8.969322727213849822e-01	9.007937944281799725e-01	7.896728360022576831e-01	7.896728360022576831e-01
8.802841976919200118e-01	8.768713490610819949e-01	7.896728360022576831e-01	7.896728360022576831e-01	7.896728360022576831e-01	7.896728360022576831e-01	1.000000000000000000e+00	8.160724253716760135e-01	7.798769545759229871e-01	7.852560882053899460e-01	7.896728360022576831e-01	7.896728360022576831e-01	8.752230314592159832e-01	7.896728360022576831e-01	8.185188443307940265e-01	8.911065519775139832e-01	8.801253296325419750e-01	8.620701907236799633e-01	7.896728360022576831e-01	7.896728360022576831e-01	8.451974817063030443e-01	8.809658965038540401e-01	8.484077393118789612e-01	8.837458612041899642e-01	8.306398385971489606e-01	7.896728360022576831e-01	7.896728360022576831e-01	7.896728360022576831e-01	8.653289296605549685e-01	8.383188448271570170e-01	7.896728360022576831e-01	7.896728360022576831e-01	7.896728360022576831e-01	7.552135232698650169e-01	7.896728360022576831e-01	8.465199959745329794e-01	7.896728360022576831e-01	8.682003409120010451e-01	5.131455850286430476e-01	7.896728360022576831e-01	8.776904739210269479e-01	7.896728360022576831e-01	8.499245749399729766e-01	6.495613850615290508e-01	7.896728360022576831e-01	8.700369971391910262e-01	7.896728360022576831e-01	7.896728360022576831e-01	7.896728360022576831e-01	7.896728360022576831e-01	8.415057431598810256e-01	7.896728360022576831e-01	7.896728360022576831e-01	8.720115525959329927e-01	7.896728360022576831e-01	7.896728360022576831e-01	8.565656445898279792e-01	8.771771663920230333e-01	8.808480196694700171e-01	8.484903554362349665e-01	7.896728360022576831e-01	7.770031734058040485e-01	7.896728360022576831e-01	8.152710061259029750e-01	7.857647049543869944e-01	5.056372860861879648e-01	8.614687515871519707e-01	7.896728360022576831e-01	8.657698103656039645e-01	6.002400353161350122e-01	8.769890949749250542e-01	6.976538905597440277e-01	8.802349914994660462e-01	7.896728360022576831e-01	8.498503936769199463e-01	8.570370892696479448e-01	8.525882081358220344e-01	8.678969800702589499e-01	8.463049914220369674e-01	8.636018181822150419e-01	7.896728360022576831e-01	6.651187165323270145e-01	7.896728360022576831e-01	6.472682582543100027e-01	7.896728360022576831e-01	7.896728360022576831e-01	7.896728360022576831e-01	8.558417260005569682e-01	7.896728360022576831e-01	7.896728360022576831e-01	8.618264712208499878e-01	7.896728360022576831e-01	7.896728360022576831e-01	7.896728360022576831e-01	7.338238432625749930e-01	8.535811868078539977e-01	7.896728360022576831e-01	8.526326340427680117e-01	2.301360008293009962e-01	8.707643531407139870e-01	7.896728360022576831e-01	7.896728360022576831e-01	7.896728360022576831e-01	8.222103879698989815e-01	8.702015931272170102e-01	8.675787712363770554e-01	8.669101691027010226e-01	7.896728360022576831e-01	8.883497457232260031e-01	8.575751923550239963e-01	8.437163768635369543e-01	7.896728360022576831e-01	7.896728360022576831e-01	7.896728360022576831e-01	8.770310114551059799e-01	8.771096809782760184e-01	7.896728360022576831e-01	8.761986386436110275e-01	7.896728360022576831e-01	7.896728360022576831e-01	8.682227451348969449e-01	7.896728360022576831e-01	7.896728360022576831e-01	8.431617005559790545e-01
8.582467235089680235e-01	8.558665520012930239e-01	8.405692488725480249e-01	8.431448147046499697e-01	7.896728360022576831e-01	8.415615892749089832e-01	8.160724253716760135e-01	1.000000000000000000e+00	7.896728360022576831e-01	7.695866097052810328e-01	7.896728360022576831e-01	7.896728360022576831e-01	7.896728360022576831e-01	7.896728360022576831e-01	7.896728360022576831e-01	8.681262196780910045e-01	7.896728360022576831e-01	8.394905158452330429e-01	7.896728360022576831e-01	8.251444709725169746e-01	8.233896966869349576e-01	8.575230660415330552e-01	7.896728360022576831e-01	8.612096151790280540e-01	7.896728360022576831e-01	8.192722682923869737e-01	5.723360022749770515e-01	7.191156895620990364e-01	8.391962011226480334e-01	7.896728360022576831e-01	7.896728360022576831e-01	7.896728360022576831e-01	8.638065155410149520e-01	7.385668997428309623e-01	7.896728360022576831e-01	8.230880599712300238e-01	8.343856998955310189e-01	8.463929388151429922e-01	5.058482281424240279e-01	8.403499148369709681e-01	8.545222191938499634e-01	7.896728360022576831e-01	8.265771378249170409e-01	6.349473765101909528e-01	7.748284269181220374e-01	7.896728360022576831e-01	7.896728360022576831e-01	7.896728360022576831e-01	8.324859339449209861e-01	8.342130137948090551e-01	8.208880669759840432e-01	7.896728360022576831e-01	8.447796989594770212e-01	8.505586882950839644e-01	6.410395390958260053e-01	7.896728360022576831e-01	7.896728360022576831e-01	8.554015000957509995e-01	8.588922747988220197e-01	8.262133984518830188e-01	8.353083245903879517e-01	7.896728360022576831e-01	8.284284891291240349e-01	7.927186403784930446e-01	7.896728360022576831e-01	7.896728360022576831e-01	8.411441032319939559e-01	7.896728360022576831e-01	7.896728360022576831e-01	5.888611172620880074e-01	7.896728360022576831e-01	7.896728360022576831e-01	8.569601358559629789e-01	8.503150270002779454e-01	8.259037045346260264e-01	7.896728360022576831e-01	7.896728360022576831e-01	7.896728360022576831e-01	8.236674781080299823e-01	8.424807119701159808e-01	8.011927158854910136e-01	6.472963543242979956e-01	7.586468312244669665e-01	7.896728360022576831e-01	8.286379782315419495e-01	6.377487693322869688e-01	7.896728360022576831e-01	8.321389712782529813e-01	1.000000000000000021e-03	3.953992334944250175e-01	7.896728360022576831e-01	7.896728360022576831e-01	8.321851192631160021e-01	7.896728360022576831e-01	7.896728360022576831e-01	8.307373520227300245e-01	7.896728360022576831e-01	7.896728360022576831e-01	7.896728360022576831e-01	7.896728360022576831e-01	7.896728360022576831e-01	8.298277810277370214e-01	8.227589684071320297e-01	7.896728360022576831e-01	7.896728360022576831e-01	7.896728360022576831e-01	8.442298711935609656e-01	7.896728360022576831e-01	8.649908207771519475e-01	8.356423267839879765e-01	7.896728360022576831e-01	7.896728360022576831e-01	8.284081478368300333e-01	8.602060147113970157e-01	8.543817719467450278e-01	7.896728360022576831e-01	8.547123783155939902e-01	8.558918754795360462e-01	7.896728360022576831e-01	8.389447976878739999e-01	7.896728360022576831e-01	8.523364722223859546e-01	8.249230015499759983e-01	7.896728360022576831e-01
8.146500662925370007e-01	7.896728360022576831e-01	7.896728360022576831e-01	7.896728360022576831e-01	6.974995803376640158e-01	7.973694326180149616e-01	7.798769545759229871e-01	7.896728360022576831e-01	9.999999999999990008e-01	7.896728360022576831e-01	7.896728360022576831e-01	7.999689388937519796e-01	7.896728360022576831e-01	7.902719852796770139e-01	7.609135030549040168e-01	8.243168356648920003e-01	7.896728360022576831e-01	7.970081818064650436e-01	7.896728360022576831e-01	7.896728360022576831e-01	7.896728360022576831e-01	7.896728360022576831e-01	7.855245356255520228e-01	7.896728360022576831e-01	7.896728360022576831e-01	7.896728360022576831e-01	7.896728360022576831e-01	6.902125876820199846e-01	8.003274454910610514e-01	7.896728360022576831e-01	7.896728360022576831e-01	7.896728360022576831e-01	7.896728360022576831e-01	7.036776376707980507e-01	8.135098507000300128e-01	7.833330106076870081e-01	7.896728360022576831e-01	7.896728360022576831e-01	4.819413526220769906e-01	7.998304952748139796e-01	8.139887414974540381e-01	7.896728360022576831e-01	7.896728360022576831e-01	7.896728360022576831e-01	7.896728360022576831e-01	8.070127903802010172e-01	7.896728360022576831e-01	7.829881144607230281e-01	7.896728360022576831e-01	7.973690157614360396e-01	7.798711309409189774e-01	7.856874593305950283e-01	8.024447780128429741e-01	8.085721825114220440e-01	6.128853598647719947e-01	7.896728360022576831e-01	7.896728360022576831e-01	8.114195796890150136e-01	8.150156131502129808e-01	7.896728360022576831e-01	7.936835254506729997e-01	7.896728360022576831e-01	7.878982833973819933e-01	7.896728360022576831e-01	7.896728360022576831e-01	4.802949386340050197e-01	7.896728360022576831e-01	4.146844935039000202e-01	7.896728360022576831e-01	5.668460356964060143e-01	7.896728360022576831e-01	7.896728360022576831e-01	7.896728360022576831e-01	7.896728360022576831e-01	7.854227632128409908e-01	7.946278072347460197e-01	7.896728360022576831e-01	8.060746543603910519e-01	7.854472447255650414e-01	7.896728360022576831e-01	7.624482968510409853e-01	7.896728360022576831e-01	7.186345892784770095e-01	6.055315999296000395e-01	7.896728360022576831e-01	6.123831853037019490e-01	7.896728360022576831e-01	7.920074772326299861e-01	1.000000000000000021e-03	3.851285696917979839e-01	7.896728360022576831e-01	8.043782859880930225e-01	7.896728360022576831e-01	7.839229473712869822e-01	7.896728360022576831e-01	7.896728360022576831e-01	7.896728360022576831e-01	7.896728360022576831e-01	2.212176537614000127e-01	8.056779950496090192e-01	7.012606149528469723e-01	7.855556605372969736e-01	7.843008934426459744e-01	7.896728360022576831e-01	8.057086545993440430e-01	7.896728360022576831e-01	7.896728360022576831e-01	7.896728360022576831e-01	8.220025556390729848e-01	7.945808214805939462e-01	7.896728360022576831e-01	7.680343415709689481e-01	7.857052240387809583e-01	7.896728360022576831e-01	8.116233167788450276e-01	7.896728360022576831e-01	8.132977279154319783e-01	8.105399376484480056e-01	7.896728360022576831e-01	7.962772541624030254e-01	7.896728360022576831e-01	8.108935271265359512e-01	7.896728360022576831e-01	7.896728360022576831e-01
7.896728360022576831e-01	8.240280054538300369e-01	7.896728360022576831e-01	8.102205779823640208e-01	7.896728360022576831e-01	8.106992770535750292e-01	7.852560882053899460e-01	7.695866097052810328e-01	7.896728360022576831e-01	9.999999999999990008e-01	8.113975018138299689e-01	8.120088197748289716e-01	8.210509370222760506e-01	7.896728360022576831e-01	7.896728360022576831e-01	8.361515375327950306e-01	7.896728360022576831e-01	8.090378632848309604e-01	8.293855112182150213e-01	7.931616632741039785e-01	7.953236546798010398e-01	7.896728360022576831e-01	7.896728360022576831e-01	7.896728360022576831e-01	7.805681692522420390e-01	7.896728360022576831e-01	5.587621602373910035e-01	7.896728360022576831e-01	7.896728360022576831e-01	7.896728360022576831e-01	7.896728360022576831e-01	8.289719383320499624e-01	8.335312207950910102e-01	7.139489410823189885e-01	8.243435332422710538e-01	7.896728360022576831e-01	7.896728360022576831e-01	7.896728360022576831e-01	7.896728360022576831e-01	8.117882175055980420e-01	8.257322455079529888e-01	7.902337352515930169e-01	7.896728360022576831e-01	6.158638596127350429e-01	7.896728360022576831e-01	8.160939835456479940e-01	7.896728360022576831e-01	7.934869649429999727e-01	8.026661967230309669e-01	7.896728360022576831e-01	7.925092554557330304e-01	7.896728360022576831e-01	8.155966063746560302e-01	7.896728360022576831e-01	7.896728360022576831e-01	7.896728360022576831e-01	7.896728360022576831e-01	8.233310492756710230e-01	8.257245796508240199e-01	7.967298076014639463e-01	8.072467421248179509e-01	7.896728360022576831e-01	7.993202526491519633e-01	7.896728360022576831e-01	7.896728360022576831e-01	7.896728360022576831e-01	8.093056802996340116e-01	7.896728360022576831e-01	8.122062773650969847e-01	5.739809909265649601e-01	8.238004296815629734e-01	7.896728360022576831e-01	7.896728360022576831e-01	7.896728360022576831e-01	7.896728360022576831e-01	8.080814424739199975e-01	8.008867323364109447e-01	7.896728360022576831e-01	7.981121033981519730e-01	8.100462547231870314e-01	7.737716364807020186e-01	6.253908420489510123e-01	7.896728360022576831e-01	7.896728360022576831e-01	7.896728360022576831e-01	7.896728360022576831e-01	7.896728360022576831e-01	7.896728360022576831e-01	1.000000000000000021e-03	3.795736308723369756e-01	7.896728360022576831e-01	7.896728360022576831e-01	7.896728360022576831e-01	7.959174771579160534e-01	6.914031545166290371e-01	7.896728360022576831e-01	7.896728360022576831e-01	8.015786212645850117e-01	7.896728360022576831e-01	8.161494149306800505e-01	7.140473893811190020e-01	7.973070254227999643e-01	7.958861745673579957e-01	7.714892960961790003e-01	8.196913611026349633e-01	8.135921295382579910e-01	7.896728360022576831e-01	8.054249877908420396e-01	7.896728360022576831e-01	7.896728360022576831e-01	7.917824222866970407e-01	7.733782847062850019e-01	7.988864991513080493e-01	7.896728360022576831e-01	8.247730996143239901e-01	8.239674427606269447e-01	8.254341756451030188e-01	8.216364337326369505e-01	8.254211584778320399e-01	7.896728360022576831e-01	8.167727745619810520e-01	8.218163160985020310e-01	7.962354307125949493e-01	7.934789418990669807e-01
9.098105195694750069e-01	7.896728360022576831e-01	8.909169576643920507e-01	8.905369042047629469e-01	7.896728360022576831e-01	8.886670708085939729e-01	7.896728360022576831e-01	7.896728360022576831e-01	7.896728360022576831e-01	8.113975018138299689e-01	1.000000000000000000e+00	8.925142983282220444e-01	9.028098700172449975e-01	7.896728360022576831e-01	7.896728360022576831e-01	9.211419958565789656e-01	7.896728360022576831e-01	7.896728360022576831e-01	9.116227208007370297e-01	8.734942593592619486e-01	7.896728360022576831e-01	7.896728360022576831e-01	8.746145043399790042e-01	9.118942077051149786e-01	8.559323206715819810e-01	8.682668668302839787e-01	7.896728360022576831e-01	7.896728360022576831e-01	8.899075022542439761e-01	7.896728360022576831e-01	7.896728360022576831e-01	7.896728360022576831e-01	9.170322602404129553e-01	7.896728360022576831e-01	7.896728360022576831e-01	8.697569845753270190e-01	7.896728360022576831e-01	8.976059400773039876e-01	7.896728360022576831e-01	7.896728360022576831e-01	7.896728360022576831e-01	8.657479133131390503e-01	8.754838961893399718e-01	6.649179047363670270e-01	8.188795583797759958e-01	7.896728360022576831e-01	7.896728360022576831e-01	7.896728360022576831e-01	7.896728360022576831e-01	7.896728360022576831e-01	8.688460925602109475e-01	7.896728360022576831e-01	7.896728360022576831e-01	7.896728360022576831e-01	6.717620351830240200e-01	8.995626099034730316e-01	7.896728360022576831e-01	7.896728360022576831e-01	7.896728360022576831e-01	8.750899585723800334e-01	7.896728360022576831e-01	7.896728360022576831e-01	7.896728360022576831e-01	8.402113179613509564e-01	8.061147332548980193e-01	7.896728360022576831e-01	7.896728360022576831e-01	4.401172363559470169e-01	7.896728360022576831e-01	7.896728360022576831e-01	7.896728360022576831e-01	7.896728360022576831e-01	7.896728360022576831e-01	7.896728360022576831e-01	8.766589100587960370e-01	7.896728360022576831e-01	7.896728360022576831e-01	8.949134075350220208e-01	8.746162446562669723e-01	8.913332106404260324e-01	7.896728360022576831e-01	6.828352489597560027e-01	7.896728360022576831e-01	6.641820562227429559e-01	7.896728360022576831e-01	6.694586709256280521e-01	7.896728360022576831e-01	7.896728360022576831e-01	1.000000000000000021e-03	7.896728360022576831e-01	7.896728360022576831e-01	8.973337180785150302e-01	7.896728360022576831e-01	8.750490850797399967e-01	7.896728360022576831e-01	8.781559687486579779e-01	8.780512763280350352e-01	7.896728360022576831e-01	2.311166429087370133e-01	7.896728360022576831e-01	7.768799070455000289e-01	8.778304047115490505e-01	7.896728360022576831e-01	8.452970247469130394e-01	8.984089965741060002e-01	8.950532328510030222e-01	7.896728360022576831e-01	7.896728360022576831e-01	7.896728360022576831e-01	8.853221043289020153e-01	8.698594347944179628e-01	8.489176472868510404e-01	8.753524782651820324e-01	7.896728360022576831e-01	7.896728360022576831e-01	9.040908067052969566e-01	9.056385234220719616e-01	9.060428580044640468e-01	9.061839152009329990e-01	7.896728360022576831e-01	8.965049218748369908e-01	7.896728360022576831e-01	7.896728360022576831e-01	7.896728360022576831e-01
9.122186889543779653e-01	7.896728360022576831e-01	7.896728360022576831e-01	7.896728360022576831e-01	7.705556243250040183e-01	7.896728360022576831e-01	7.896728360022576831e-01	7.896728360022576831e-01	7.999689388937519796e-01	8.120088197748289716e-01	8.925142983282220444e-01	1.000000000000000000e+00	7.896728360022576831e-01	8.763895370291779896e-01	8.489296066267330021e-01	9.230376739942519615e-01	9.102620359023050334e-01	7.896728360022576831e-01	7.896728360022576831e-01	8.732613756388899473e-01	8.758542251098210274e-01	9.105691069688259809e-01	7.896728360022576831e-01	7.896728360022576831e-01	8.603577011472339775e-01	7.896728360022576831e-01	6.023491138026979552e-01	7.568242308517320049e-01	8.927822118305730470e-01	7.896728360022576831e-01	8.740465729833259978e-01	9.151030431566720136e-01	9.184987377160389599e-01	7.896728360022576831e-01	9.100534187452610224e-01	7.896728360022576831e-01	8.855357321067169885e-01	9.005010212585690121e-01	7.896728360022576831e-01	8.922006606410010088e-01	7.896728360022576831e-01	7.896728360022576831e-01	8.798996123994510254e-01	6.695430262161180535e-01	8.187456064108590281e-01	7.896728360022576831e-01	7.896728360022576831e-01	8.729171233574379851e-01	8.856519437109060533e-01	8.866082659970040414e-01	8.709377388075869586e-01	7.896728360022576831e-01	7.896728360022576831e-01	9.036004112908779806e-01	6.744459587079369989e-01	7.896728360022576831e-01	7.896728360022576831e-01	7.896728360022576831e-01	9.115684990062360438e-01	8.766720154383069730e-01	8.895274719628429860e-01	8.005146420349590342e-01	8.796104855826389901e-01	7.896728360022576831e-01	7.896728360022576831e-01	7.896728360022576831e-01	7.896728360022576831e-01	7.896728360022576831e-01	7.896728360022576831e-01	6.214339697928470407e-01	9.084911557936089510e-01	7.199690680436080514e-01	7.896728360022576831e-01	7.896728360022576831e-01	8.771272962268109596e-01	7.896728360022576831e-01	7.896728360022576831e-01	7.896728360022576831e-01	7.896728360022576831e-01	8.933836984991010421e-01	8.477010871065639996e-01	7.896728360022576831e-01	7.896728360022576831e-01	6.642702417393240300e-01	7.896728360022576831e-01	6.734691472279560331e-01	8.904849086489809995e-01	7.896728360022576831e-01	1.000000000000000021e-03	7.896728360022576831e-01	8.915540823527650094e-01	7.896728360022576831e-01	7.896728360022576831e-01	7.896728360022576831e-01	7.896728360022576831e-01	8.817186164001540316e-01	7.896728360022576831e-01	7.896728360022576831e-01	7.896728360022576831e-01	7.896728360022576831e-01	7.808406413744110042e-01	8.796662306032440037e-01	7.896728360022576831e-01	8.476583886870630025e-01	7.896728360022576831e-01	7.896728360022576831e-01	7.896728360022576831e-01	8.854975849699889823e-01	9.188493852840089460e-01	8.862895997301759587e-01	8.711103727686669851e-01	7.896728360022576831e-01	7.896728360022576831e-01	9.142983610582769982e-01	7.896728360022576831e-01	7.896728360022576831e-01	7.896728360022576831e-01	7.896728360022576831e-01	9.086327227446570065e-01	8.915834102662389959e-01	8.996065128600200245e-01	7.896728360022576831e-01	7.896728360022576831e-01	7.896728360022576831e-01
