1.000000000000000000e+00	6.967194076050580165e-01	7.129314110581740360e-01	8.268945554789060015e-01	8.983173025263599953e-01	7.824998244898494493e-01	7.824998244898494493e-01	8.471002149769489842e-01	8.912093790823839567e-01	7.817258591054480066e-01	7.824998244898494493e-01	7.824998244898494493e-01	7.824998244898494493e-01	7.824998244898494493e-01	9.211983569214829970e-01	7.824998244898494493e-01	7.824998244898494493e-01	5.265442329717650027e-01	7.824998244898494493e-01	7.824998244898494493e-01	7.824998244898494493e-01	7.824998244898494493e-01	7.824998244898494493e-01	7.824998244898494493e-01	8.872257310331640445e-01	9.392393512056299576e-01	7.824998244898494493e-01	8.476668542650750426e-01	9.353791942996559916e-01	8.440352745310819582e-01	8.234323131038420174e-01	7.824998244898494493e-01	7.824998244898494493e-01	7.824998244898494493e-01	9.397974953730100500e-01	9.197031969497639903e-01	9.036906102313869704e-01	7.824998244898494493e-01	7.824998244898494493e-01	7.824998244898494493e-01	7.824998244898494493e-01	7.204863411009849727e-01	7.824998244898494493e-01	9.396707378895160501e-01	9.215870733177939922e-01	6.307962168653169499e-01	7.824998244898494493e-01	7.824998244898494493e-01	7.824998244898494493e-01	7.419209905609740474e-01	7.824998244898494493e-01	7.824998244898494493e-01	8.429072283123260068e-01	7.824998244898494493e-01	9.283029899183600220e-01	7.627467522978099712e-01	9.350973674746499986e-01	7.824998244898494493e-01	9.253212641190680099e-01	9.348317228139629842e-01	7.824998244898494493e-01	7.824998244898494493e-01	9.287933250409600161e-01	4.586178369365039864e-01	7.824998244898494493e-01	6.597227807742529482e-01	8.133377081373539541e-01	7.674500899938979659e-01	9.095162108139279722e-01	9.151508391861360447e-01	9.373651224183600084e-01	9.396599508080499819e-01	7.824998244898494493e-01	8.986679931770660268e-01	5.429284510988340307e-01	6.669664785163730292e-01	7.824998244898494493e-01	9.169385455860580292e-01	7.824998244898494493e-01	7.824998244898494493e-01	7.824998244898494493e-01	9.523713675590970151e-01	9.050142767147789646e-01	7.824998244898494493e-01	9.394388429253890394e-01	7.824998244898494493e-01	7.824998244898494493e-01	7.824998244898494493e-01	7.824998244898494493e-01	7.735909407795390491e-01	6.969333905336430046e-01	6.959560043820860464e-01	7.824998244898494493e-01	7.824998244898494493e-01	7.824998244898494493e-01	9.347753836489159918e-01	8.481365034255820001e-01	9.529400503076049800e-01	9.564114352990460421e-01	7.824998244898494493e-01	7.824998244898494493e-01	7.824998244898494493e-01	7.824998244898494493e-01	7.824998244898494493e-01	9.515435571156269923e-01	7.824998244898494493e-01	6.569397542862880357e-01	7.824998244898494493e-01	7.824998244898494493e-01	9.023507517880530182e-01	7.824998244898494493e-01	8.285550358753609457e-01	7.905450604771729894e-01	7.303816588403410082e-01	6.731952989304510471e-01	7.824998244898494493e-01	9.195052572177659922e-01	9.467901190752869844e-01	7.824998244898494493e-01	9.268042782486199949e-01	7.064829234281500003e-01	9.195712323945519628e-01	7.824998244898494493e-01	9.308641112044639954e-01
6.967194076050580165e-01	1.000000000000000000e+00	8.483945561440570104e-01	6.904908755223060357e-01	7.824998244898494493e-01	7.624009644313169964e-01	7.852177838477539806e-01	7.824998244898494493e-01	7.824998244898494493e-01	7.824998244898494493e-01	7.824998244898494493e-01	7.824998244898494493e-01	7.178135840249529886e-01	7.824998244898494493e-01	7.824998244898494493e-01	7.106720556092429586e-01	7.536037015131079597e-01	6.974816464911329783e-01	7.824998244898494493e-01	6.427070604347649985e-01	7.824998244898494493e-01	6.106482637605380459e-01	7.935091265468370292e-01	7.738996030596410058e-01	7.824998244898494493e-01	6.437278909241980207e-01	7.824998244898494493e-01	7.255451753450270491e-01	5.944272523843140421e-01	7.824998244898494493e-01	6.789559771089550555e-01	7.824998244898494493e-01	6.176544000021509939e-01	7.655999998413729468e-01	7.824998244898494493e-01	7.824998244898494493e-01	7.430141047204049665e-01	7.824998244898494493e-01	6.095224353524030247e-01	7.824998244898494493e-01	7.824998244898494493e-01	7.824998244898494493e-01	7.824998244898494493e-01	7.824998244898494493e-01	6.054184979038680359e-01	7.932814279442580441e-01	7.824998244898494493e-01	6.276360664938730460e-01	7.824998244898494493e-01	8.144729302523869841e-01	6.216021850907219592e-01	7.824998244898494493e-01	7.824998244898494493e-01	7.824998244898494493e-01	6.077861243095780130e-01	7.824998244898494493e-01	7.824998244898494493e-01	6.127549079048949521e-01	7.824998244898494493e-01	6.163794294060369605e-01	6.085296511423250454e-01	7.761772879848890527e-01	6.107481653187749604e-01	7.824998244898494493e-01	7.600786278176180355e-01	8.519495306946830437e-01	6.701746194513370503e-01	7.824998244898494493e-01	6.675562957250229523e-01	6.342015712378390457e-01	7.824998244898494493e-01	7.824998244898494493e-01	5.866330810174059662e-01	7.824998244898494493e-01	7.003198406561049749e-01	7.824998244898494493e-01	6.160275061558160292e-01	6.256147018001629867e-01	7.508835109209279768e-01	6.296404705068829877e-01	6.375008857990259736e-01	6.017997054483360531e-01	6.384731337361549963e-01	7.824998244898494493e-01	6.385720894321039731e-01	5.982506160020889530e-01	7.824998244898494493e-01	6.208587218547440001e-01	1.000000000000000021e-03	7.824998244898494493e-01	7.451709488950070126e-01	7.824998244898494493e-01	7.824998244898494493e-01	6.381598751865720232e-01	7.824998244898494493e-01	5.734165029751600029e-01	7.430503563330780326e-01	7.824998244898494493e-01	7.824998244898494493e-01	7.824998244898494493e-01	7.824998244898494493e-01	8.013634815890170460e-01	6.315787681935129960e-01	7.824998244898494493e-01	7.824998244898494493e-01	7.824998244898494493e-01	7.824998244898494493e-01	7.824998244898494493e-01	7.824998244898494493e-01	5.833977503429730316e-01	7.824998244898494493e-01	7.824998244898494493e-01	7.824998244898494493e-01	7.824998244898494493e-01	7.824998244898494493e-01	6.857099100712350515e-01	6.650207229451989832e-01	7.824998244898494493e-01	7.824998244898494493e-01	5.989051260934660226e-01	7.824998244898494493e-01	7.824998244898494493e-01	5.547158909061840060e-01	6.085017088190209922e-01
7.129314110581740360e-01	8.483945561440570104e-01	1.000000000000000000e+00	7.441237783398619854e-01	8.190085310692459819e-01	7.824998244898494493e-01	8.049107853332609919e-01	7.824998244898494493e-01	8.109114119917889552e-01	7.824998244898494493e-01	7.824998244898494493e-01	7.824998244898494493e-01	7.495722740703749665e-01	7.824998244898494493e-01	7.824998244898494493e-01	7.871220577481480296e-01	7.824998244898494493e-01	7.824998244898494493e-01	7.824998244898494493e-01	6.402493348411809615e-01	7.824998244898494493e-01	7.824998244898494493e-01	8.462084653826370539e-01	8.333125368835260227e-01	7.782896675993939972e-01	6.792522218779950549e-01	6.967014120367559515e-01	7.695365098751879573e-01	6.227181559729479954e-01	7.564422853086669729e-01	7.824998244898494493e-01	6.293965698153060062e-01	7.824998244898494493e-01	7.824998244898494493e-01	7.824998244898494493e-01	5.805583578792780086e-01	7.145209234520979447e-01	7.824998244898494493e-01	6.348954131115269739e-01	7.848054984682230062e-01	6.347296233795559628e-01	7.824998244898494493e-01	7.128147951386759607e-01	7.824998244898494493e-01	6.326182336028699504e-01	7.824998244898494493e-01	8.909459743685690380e-01	6.323096623635660052e-01	7.824998244898494493e-01	7.824998244898494493e-01	7.824998244898494493e-01	6.925409656011489723e-01	7.824998244898494493e-01	6.418794034510669766e-01	7.824998244898494493e-01	8.719462426859490023e-01	7.824998244898494493e-01	6.590093716418680136e-01	7.824998244898494493e-01	7.824998244898494493e-01	6.181881899464299890e-01	7.824998244898494493e-01	7.824998244898494493e-01	7.739684582041790328e-01	7.824998244898494493e-01	7.824998244898494493e-01	7.845375164845690419e-01	7.824998244898494493e-01	6.598856294702950542e-01	6.074704877365669775e-01	7.824998244898494493e-01	7.824998244898494493e-01	6.200947919485100268e-01	7.824998244898494493e-01	7.599150426953900084e-01	7.824998244898494493e-01	7.824998244898494493e-01	7.020706091967540141e-01	7.824998244898494493e-01	6.722203350342179640e-01	7.824998244898494493e-01	6.331758585221339830e-01	6.232169719692549625e-01	7.824998244898494493e-01	7.824998244898494493e-01	6.386820581932639573e-01	7.824998244898494493e-01	6.103206312739779538e-01	1.000000000000000021e-03	7.824998244898494493e-01	7.824998244898494493e-01	7.824998244898494493e-01	7.824998244898494493e-01	7.824998244898494493e-01	6.485734280305059940e-01	7.824998244898494493e-01	7.641336658044739494e-01	6.353201051120249687e-01	6.562142881885549839e-01	7.824998244898494493e-01	7.824998244898494493e-01	8.574637321859019945e-01	7.824998244898494493e-01	8.328845601531339460e-01	7.824998244898494493e-01	6.817716136514889724e-01	8.002580149059560499e-01	7.824998244898494493e-01	7.723287068550229728e-01	7.824998244898494493e-01	6.076657794265469814e-01	7.212621620396869604e-01	7.557847783266310460e-01	7.824998244898494493e-01	8.581555121303610090e-01	7.824998244898494493e-01	6.586331087282639718e-01	7.824998244898494493e-01	7.824998244898494493e-01	7.824998244898494493e-01	8.174774417822410211e-01	6.204971179771230361e-01	7.824998244898494493e-01	7.824998244898494493e-01
8.268945554789060015e-01	6.904908755223060357e-01	7.441237783398619854e-01	1.000000000000000000e+00	7.824998244898494493e-01	8.040103757947789642e-01	7.913758797874550499e-01	7.824998244898494493e-01	8.551511890380929515e-01	8.212940439706909457e-01	7.824998244898494493e-01	7.011162001884809758e-01	8.634595606509299914e-01	5.166289656638739514e-01	7.824998244898494493e-01	8.305882462068280292e-01	8.424090447616709998e-01	6.285012715631459468e-01	7.824998244898494493e-01	7.824998244898494493e-01	7.196535224716680279e-01	7.824998244898494493e-01	7.806474821736529845e-01	8.126400759163879828e-01	8.530211282755749691e-01	7.824998244898494493e-01	8.462011797459899620e-01	7.824998244898494493e-01	7.824998244898494493e-01	7.824998244898494493e-01	7.824998244898494493e-01	7.995624228661529775e-01	7.824998244898494493e-01	8.211432064029969835e-01	7.824998244898494493e-01	7.824998244898494493e-01	8.270274612428749617e-01	7.824998244898494493e-01	7.824998244898494493e-01	7.824998244898494493e-01	7.824998244898494493e-01	7.477738661017719890e-01	7.824998244898494493e-01	7.824998244898494493e-01	7.994729351477789514e-01	7.824998244898494493e-01	7.537421326033909574e-01	8.013887803845609614e-01	8.597011049710769903e-01	7.956526906399500332e-01	8.202693654673399726e-01	7.824998244898494493e-01	7.996174972099320266e-01	7.973282319930730111e-01	7.824998244898494493e-01	7.824998244898494493e-01	7.971612055368529903e-01	7.824998244898494493e-01	7.862731384930670142e-01	7.824998244898494493e-01	7.824998244898494493e-01	7.824998244898494493e-01	7.941219602112810083e-01	5.039572665442859645e-01	8.350314370324609659e-01	7.824998244898494493e-01	7.824998244898494493e-01	8.006232706093849849e-01	8.138584056561789515e-01	7.669612851164210321e-01	7.824998244898494493e-01	7.824998244898494493e-01	7.824998244898494493e-01	7.824998244898494493e-01	7.824998244898494493e-01	7.824998244898494493e-01	7.989889572924100403e-01	7.824998244898494493e-01	7.824998244898494493e-01	7.824998244898494493e-01	8.156027146725890464e-01	7.824998244898494493e-01	7.876463161686909631e-01	7.824998244898494493e-01	7.824998244898494493e-01	7.824998244898494493e-01	8.058399551768340441e-01	7.824998244898494493e-01	1.000000000000000021e-03	7.824998244898494493e-01	7.690971412382759942e-01	7.592610542007619534e-01	8.283172807979249930e-01	7.874587180963279476e-01	7.824998244898494493e-01	8.020030961779579526e-01	7.824998244898494493e-01	8.141177111786159770e-01	7.824998244898494493e-01	7.824998244898494493e-01	7.824998244898494493e-01	7.006254069909549909e-01	7.824998244898494493e-01	7.824998244898494493e-01	7.824998244898494493e-01	8.196975155071339891e-01	6.936986814027720216e-01	7.473190406179109901e-01	7.760547812113589572e-01	7.824998244898494493e-01	7.773855713340990237e-01	7.824998244898494493e-01	7.888384941176329601e-01	7.824998244898494493e-01	7.298913263700039789e-01	8.231960279991860086e-01	8.001569672959659707e-01	7.824998244898494493e-01	8.628377902147950085e-01	8.193870480762469599e-01	7.655340862096819965e-01	7.824998244898494493e-01	7.775328338785589821e-01	7.824998244898494493e-01
8.983173025263599953e-01	7.824998244898494493e-01	8.190085310692459819e-01	7.824998244898494493e-01	1.000000000000000000e+00	8.433693995756990081e-01	7.824998244898494493e-01	8.748312923143829467e-01	7.824998244898494493e-01	7.824998244898494493e-01	9.246655623844359795e-01	7.824998244898494493e-01	7.824998244898494493e-01	7.824998244898494493e-01	8.527567735991079534e-01	7.824998244898494493e-01	7.824998244898494493e-01	6.360370748843180433e-01	8.636107358713329685e-01	7.824998244898494493e-01	7.310128700564729742e-01	7.824998244898494493e-01	7.824998244898494493e-01	7.824998244898494493e-01	9.031228065956989903e-01	8.918336777396409509e-01	8.984874735413379554e-01	7.824998244898494493e-01	7.824998244898494493e-01	7.824998244898494493e-01	7.824998244898494493e-01	8.556790093698140032e-01	8.290711991406369830e-01	8.519006314492999499e-01	7.824998244898494493e-01	8.229054903059529469e-01	8.935245466379140300e-01	7.824998244898494493e-01	7.824998244898494493e-01	7.824998244898494493e-01	8.530407133631620065e-01	7.896969822097610336e-01	9.008758407567980520e-01	7.824998244898494493e-01	7.824998244898494493e-01	7.725149175283350100e-01	7.824998244898494493e-01	8.574415847518119804e-01	9.046117809694790290e-01	8.214236921422930493e-01	8.649104465069179515e-01	7.824998244898494493e-01	7.824998244898494493e-01	7.824998244898494493e-01	8.312488011460630322e-01	7.824998244898494493e-01	8.442969255420540442e-01	7.824998244898494493e-01	8.280320647591780103e-01	8.688512483220639515e-01	8.393321713436150411e-01	7.824998244898494493e-01	8.355492369201039660e-01	7.824998244898494493e-01	8.858899445264819539e-01	7.454960848435719933e-01	7.824998244898494493e-01	7.824998244898494493e-01	7.824998244898494493e-01	8.184516533531069893e-01	8.523359334201809911e-01	7.824998244898494493e-01	8.497079450450489846e-01	7.824998244898494493e-01	7.824998244898494493e-01	7.824998244898494493e-01	7.824998244898494493e-01	7.824998244898494493e-01	7.824998244898494493e-01	8.563128238200320430e-01	7.824998244898494493e-01	7.824998244898494493e-01	8.459947794390220155e-01	7.730383211429260326e-01	8.435461078764999732e-01	7.824998244898494493e-01	7.824998244898494493e-01	7.824998244898494493e-01	1.000000000000000021e-03	8.317403847559590169e-01	7.958194010222120474e-01	7.824998244898494493e-01	7.824998244898494493e-01	7.824998244898494493e-01	7.824998244898494493e-01	8.446944025586580196e-01	7.824998244898494493e-01	8.698966696481189587e-01	7.824998244898494493e-01	8.807185223187530276e-01	9.141953231074350095e-01	7.824998244898494493e-01	7.824998244898494493e-01	8.572078411657529928e-01	7.824998244898494493e-01	8.669009992621520277e-01	7.448822957377020382e-01	7.642477106973459833e-01	7.824998244898494493e-01	8.108578868690089481e-01	7.824998244898494493e-01	8.474771216672479790e-01	7.824998244898494493e-01	7.688080455503949473e-01	7.824998244898494493e-01	7.824998244898494493e-01	8.444302049119569720e-01	7.824998244898494493e-01	8.935142892980939555e-01	8.559491829478249603e-01	7.824998244898494493e-01	7.824998244898494493e-01	7.824998244898494493e-01	7.824998244898494493e-01
7.824998244898494493e-01	7.624009644313169964e-01	7.824998244898494493e-01	8.040103757947789642e-01	8.433693995756990081e-01	1.000000000000000000e+00	7.824998244898494493e-01	7.824998244898494493e-01	7.824998244898494493e-01	8.218646490311569686e-01	7.824998244898494493e-01	7.824998244898494493e-01	7.824998244898494493e-01	7.824998244898494493e-01	7.718877440068360185e-01	8.300830497589509749e-01	8.258107475595419800e-01	7.824998244898494493e-01	7.824998244898494493e-01	7.824998244898494493e-01	7.036621594203430474e-01	7.824998244898494493e-01	7.867607035411749994e-01	8.273004597031899943e-01	8.082765934506990213e-01	7.903136761205169503e-01	8.018650066766139783e-01	7.824998244898494493e-01	7.824998244898494493e-01	8.110906305098229963e-01	8.034014395508880524e-01	7.824998244898494493e-01	7.824998244898494493e-01	8.413049020532600286e-01	7.813221341732340397e-01	7.824998244898494493e-01	8.245011681526289715e-01	8.023760566265240035e-01	7.639735930349970117e-01	7.824998244898494493e-01	7.824998244898494493e-01	7.604168153365370442e-01	7.989132905723570488e-01	7.824998244898494493e-01	7.561991798100979878e-01	7.351870816212120463e-01	7.831720063137079801e-01	7.824998244898494493e-01	8.666074718044769476e-01	8.232007530367509984e-01	7.824998244898494493e-01	7.918597912591780474e-01	8.191566255912330341e-01	7.824998244898494493e-01	7.824998244898494493e-01	8.028874322821949461e-01	7.824998244898494493e-01	7.824998244898494493e-01	7.369023448903080364e-01	7.684683315629480260e-01	7.496217537000999798e-01	7.824998244898494493e-01	7.824998244898494493e-01	7.824998244898494493e-01	8.174328670960130383e-01	7.824998244898494493e-01	7.671153791643450237e-01	7.824998244898494493e-01	7.675866587101080052e-01	7.384075423082480105e-01	7.671880342388429641e-01	7.824998244898494493e-01	7.824998244898494493e-01	7.649191658986700393e-01	7.824998244898494493e-01	7.698877435948050518e-01	7.824998244898494493e-01	7.770554476230699947e-01	7.824998244898494493e-01	7.805175497410899998e-01	7.568201220998760359e-01	7.824998244898494493e-01	7.824998244898494493e-01	7.824998244898494493e-01	7.654989345931629829e-01	7.700004374205550173e-01	7.681640400633950039e-01	7.487681504507669450e-01	7.824998244898494493e-01	7.824998244898494493e-01	7.424513654427690179e-01	7.824998244898494493e-01	8.179280171257019560e-01	7.547031986805510240e-01	7.824998244898494493e-01	7.824998244898494493e-01	8.028160043969729820e-01	7.694547992275709847e-01	7.768101762275489985e-01	7.916393817466790273e-01	8.131813304759270000e-01	7.410931711301049774e-01	7.632679187003089671e-01	7.954928641690269808e-01	7.824998244898494493e-01	7.939692770960350421e-01	7.235821810141559451e-01	7.824998244898494493e-01	7.824998244898494493e-01	7.824998244898494493e-01	7.335031767049029483e-01	8.089286904618450125e-01	7.749308497246389926e-01	7.585357860498630478e-01	7.824998244898494493e-01	7.824998244898494493e-01	7.619853511730699802e-01	8.236639383070070153e-01	8.126517370860389944e-01	7.701573523715860015e-01	7.824998244898494493e-01	7.533506978960929912e-01	7.247106688703569555e-01	7.773811092681770507e-01
7.824998244898494493e-01	7.852177838477539806e-01	8.049107853332609919e-01	7.913758797874550499e-01	7.824998244898494493e-01	7.824998244898494493e-01	1.000000000000000000e+00	7.824998244898494493e-01	7.824998244898494493e-01	7.824998244898494493e-01	8.509110253792729894e-01	7.373741086100540354e-01	8.291092699876909666e-01	7.824998244898494493e-01	7.900392785762320180e-01	7.824998244898494493e-01	7.824998244898494493e-01	6.392138409008449873e-01	7.824998244898494493e-01	7.810194773114289557e-01	7.824998244898494493e-01	7.956915104860069476e-01	7.896539223118379525e-01	8.177191258100019455e-01	8.656852488863500117e-01	8.117123833923129972e-01	7.824998244898494493e-01	8.066081379354890224e-01	7.824998244898494493e-01	7.824998244898494493e-01	7.841593447526240546e-01	7.799599820370609615e-01	7.855874476623030400e-01	7.824998244898494493e-01	7.824998244898494493e-01	7.276909890646739987e-01	7.824998244898494493e-01	7.824998244898494493e-01	7.854341513071859682e-01	7.824998244898494493e-01	8.167926675254499891e-01	8.050886776602940165e-01	8.219165418722950145e-01	8.038627125182999933e-01	7.824998244898494493e-01	7.824998244898494493e-01	7.824998244898494493e-01	8.106950060593249852e-01	8.269989796381139735e-01	7.978455495149170407e-01	7.824998244898494493e-01	7.824998244898494493e-01	8.253700422094220057e-01	7.824998244898494493e-01	7.939783916818660137e-01	7.824998244898494493e-01	8.072936412309470455e-01	7.915144345368609891e-01	7.824998244898494493e-01	7.961095146628770491e-01	7.824998244898494493e-01	7.824998244898494493e-01	7.824998244898494493e-01	5.558872413155480086e-01	8.243946934335729670e-01	7.824998244898494493e-01	7.824998244898494493e-01	7.824998244898494493e-01	7.824998244898494493e-01	8.023576347562659805e-01	7.755716249151110020e-01	8.207167688499600322e-01	7.824998244898494493e-01	7.824998244898494493e-01	6.523817356158050362e-01	7.740106627723629673e-01	7.824998244898494493e-01	7.824998244898494493e-01	7.824998244898494493e-01	7.824998244898494493e-01	7.824998244898494493e-01	7.824998244898494493e-01	8.141200476398700037e-01	7.824998244898494493e-01	7.824998244898494493e-01	7.859437517859130251e-01	7.789287491816180298e-01	7.824998244898494493e-01	7.824998244898494493e-01	7.824998244898494493e-01	7.976990184607010148e-01	7.687264122523139731e-01	7.824998244898494493e-01	7.824998244898494493e-01	7.901753315640950293e-01	7.824998244898494493e-01	7.824998244898494493e-01	7.895632775696860284e-01	7.824998244898494493e-01	8.066451772815470544e-01	8.513800285687429525e-01	7.824998244898494493e-01	8.290331300417109750e-01	7.824998244898494493e-01	7.824998244898494493e-01	7.824998244898494493e-01	7.926100976737749937e-01	7.824998244898494493e-01	7.824998244898494493e-01	7.660703484094769644e-01	7.758454507596259653e-01	7.824998244898494493e-01	8.653573632088960021e-01	7.824998244898494493e-01	7.824998244898494493e-01	7.824998244898494493e-01	7.824998244898494493e-01	7.824998244898494493e-01	8.305405730325370328e-01	7.824998244898494493e-01	8.018857185859730174e-01	7.824998244898494493e-01	7.824998244898494493e-01	7.824998244898494493e-01
8.471002149769489842e-01	7.824998244898494493e-01	7.824998244898494493e-01	7.824998244898494493e-01	8.748312923143829467e-01	7.824998244898494493e-01	7.824998244898494493e-01	1.000000000000000000e+00	8.950362258970080420e-01	8.684573584516029898e-01	8.701313760095990002e-01	7.824998244898494493e-01	8.541578069742450374e-01	5.309600733973000031e-01	8.211337799748820165e-01	8.509769633380660503e-01	8.347702617009830073e-01	7.824998244898494493e-01	7.824998244898494493e-01	8.271057907138269494e-01	7.824998244898494493e-01	7.824998244898494493e-01	7.824998244898494493e-01	8.274334307076559591e-01	8.862154364903970238e-01	8.295948265566059909e-01	8.284860798780769864e-01	7.824998244898494493e-01	7.824998244898494493e-01	8.351944134901210237e-01	8.144472184073470178e-01	8.110720085603769780e-01	8.248301435802010140e-01	7.824998244898494493e-01	8.503715030013729859e-01	7.731869791609150555e-01	7.824998244898494493e-01	8.428370778624110216e-01	7.824998244898494493e-01	7.824998244898494493e-01	7.824998244898494493e-01	7.824998244898494493e-01	7.824998244898494493e-01	7.824998244898494493e-01	7.824998244898494493e-01	7.824998244898494493e-01	7.824998244898494493e-01	8.371550164126170257e-01	8.449659578040950025e-01	7.940285237742920055e-01	8.014853831324360023e-01	8.097160842335500153e-01	7.824998244898494493e-01	7.824998244898494493e-01	7.824998244898494493e-01	7.977654120099539892e-01	8.428370778624110216e-01	7.824998244898494493e-01	7.824998244898494493e-01	7.824998244898494493e-01	7.824998244898494493e-01	7.470059726191059513e-01	8.223388826996740342e-01	7.824998244898494493e-01	7.824998244898494493e-01	7.824998244898494493e-01	7.824998244898494493e-01	8.231062574382479458e-01	7.824998244898494493e-01	7.824998244898494493e-01	7.824998244898494493e-01	7.824998244898494493e-01	8.055925341235139481e-01	7.824998244898494493e-01	6.097446349777959629e-01	7.589974381517949897e-01	7.824998244898494493e-01	7.824998244898494493e-01	8.176839246622490398e-01	7.824998244898494493e-01	8.403372512276560125e-01	8.109137392511870379e-01	7.824998244898494493e-01	7.558932384421660489e-01	8.463226152132720115e-01	8.118195499862760345e-01	8.118148902749530160e-01	8.014646815633430510e-01	1.000000000000000021e-03	7.824998244898494493e-01	7.730405397091859587e-01	7.557175408706340303e-01	8.407907743025969660e-01	7.824998244898494493e-01	8.191660293220679456e-01	7.816563138333539884e-01	8.229149370728989776e-01	8.143934598996750429e-01	8.246502558626389590e-01	8.324520250593460124e-01	7.824998244898494493e-01	7.824998244898494493e-01	8.451454261279499613e-01	7.824998244898494493e-01	8.299591805851750381e-01	7.824998244898494493e-01	7.859166850434510243e-01	7.426964456718100349e-01	8.638189549044710258e-01	8.202364085516830050e-01	8.065386937456590077e-01	8.296853047813279591e-01	7.824998244898494493e-01	7.824998244898494493e-01	7.824998244898494493e-01	8.545476637514519691e-01	8.508743953876489741e-01	7.824998244898494493e-01	7.824998244898494493e-01	7.824998244898494493e-01	7.897332449976369739e-01	7.824998244898494493e-01	7.750420574280789676e-01	7.824998244898494493e-01
8.912093790823839567e-01	7.824998244898494493e-01	8.109114119917889552e-01	8.551511890380929515e-01	7.824998244898494493e-01	7.824998244898494493e-01	7.824998244898494493e-01	8.950362258970080420e-01	1.000000000000000000e+00	7.824998244898494493e-01	9.180497307990640454e-01	7.469116490799789787e-01	7.824998244898494493e-01	7.824998244898494493e-01	7.824998244898494493e-01	8.765603613541379513e-01	7.824998244898494493e-01	7.824998244898494493e-01	7.824998244898494493e-01	8.518590692974700174e-01	7.643837095461010200e-01	8.778971971485339809e-01	8.247307270966609538e-01	7.824998244898494493e-01	7.824998244898494493e-01	8.792537353184629589e-01	7.824998244898494493e-01	8.844064037745960061e-01	8.537142242200139730e-01	8.846094815884339990e-01	8.522845659990120337e-01	8.638065595093450399e-01	8.363217384722020364e-01	8.794859181707199713e-01	8.659834345822869928e-01	7.824998244898494493e-01	7.824998244898494493e-01	8.970961117877249702e-01	8.709333507327750024e-01	8.975802671509930386e-01	8.535598820637040340e-01	7.824998244898494493e-01	7.824998244898494493e-01	7.824998244898494493e-01	8.553868267095879885e-01	7.442626040184210368e-01	7.824998244898494493e-01	7.824998244898494493e-01	7.824998244898494493e-01	8.205942973597980528e-01	7.824998244898494493e-01	7.824998244898494493e-01	7.824998244898494493e-01	8.571315807326860270e-01	7.824998244898494493e-01	8.551143765160339472e-01	8.522723361169339817e-01	8.804102094230059627e-01	7.824998244898494493e-01	7.824998244898494493e-01	7.824998244898494493e-01	7.680780664791979628e-01	8.428951329906270162e-01	5.715008667064029879e-01	9.006974625521220190e-01	7.824998244898494493e-01	8.638933310105999519e-01	7.824998244898494493e-01	8.624169251304479866e-01	8.310150429790590376e-01	7.824998244898494493e-01	7.824998244898494493e-01	7.824998244898494493e-01	8.494104880137309799e-01	7.824998244898494493e-01	7.824998244898494493e-01	7.824998244898494493e-01	8.770082638897249705e-01	8.458709634207109973e-01	7.824998244898494493e-01	7.824998244898494493e-01	7.824998244898494493e-01	8.356427627813479697e-01	7.794274181391519507e-01	7.824998244898494493e-01	8.688911458640630192e-01	7.824998244898494493e-01	7.824998244898494493e-01	7.824998244898494493e-01	8.339967997187269777e-01	7.824998244898494493e-01	7.824998244898494493e-01	7.824998244898494493e-01	7.824998244898494493e-01	7.824998244898494493e-01	8.460093472208920495e-01	7.824998244898494493e-01	7.824998244898494493e-01	8.783483035683570250e-01	8.973227051826480061e-01	9.026304806022159566e-01	7.376280974726630024e-01	7.824998244898494493e-01	7.824998244898494493e-01	8.874243625224440546e-01	8.665179408421930241e-01	7.502200702204679938e-01	7.824998244898494493e-01	7.824998244898494493e-01	7.824998244898494493e-01	8.340829705093150137e-01	7.824998244898494493e-01	8.292330123145980059e-01	7.861219644439479959e-01	7.896879167729670135e-01	7.824998244898494493e-01	8.612049916652549930e-01	7.824998244898494493e-01	7.824998244898494493e-01	8.635785159822779722e-01	7.760926448766150010e-01	8.545648313461190471e-01	7.824998244898494493e-01	7.824998244898494493e-01
7.817258591054480066e-01	7.824998244898494493e-01	7.824998244898494493e-01	8.212940439706909457e-01	7.824998244898494493e-01	8.218646490311569686e-01	7.824998244898494493e-01	8.684573584516029898e-01	7.824998244898494493e-01	1.000000000000000000e+00	8.395923643921759938e-01	7.977677015412459882e-01	7.824998244898494493e-01	6.325401690060790116e-01	7.824998244898494493e-01	7.824998244898494493e-01	7.824998244898494493e-01	7.206724619854020242e-01	7.824998244898494493e-01	7.662330595342450312e-01	7.836194156179829839e-01	7.480400243957260331e-01	8.596863014252159596e-01	7.824998244898494493e-01	8.552837272399089752e-01	7.824998244898494493e-01	7.778363719432179746e-01	8.337550903000420233e-01	7.253744500125729466e-01	7.824998244898494493e-01	7.824998244898494493e-01	7.291627227080920148e-01	7.237898735752880119e-01	8.230802730503620213e-01	7.682720717974279578e-01	6.877852820363159481e-01	7.824998244898494493e-01	7.824998244898494493e-01	7.348242627348039457e-01	7.824998244898494493e-01	7.536383069019929604e-01	8.408945400332139553e-01	7.824998244898494493e-01	7.824998244898494493e-01	7.342635116508400284e-01	7.824998244898494493e-01	7.824998244898494493e-01	7.464166458650010050e-01	8.523628414001549469e-01	8.644315089025650378e-01	7.358667940026489829e-01	7.708738209764079974e-01	7.824998244898494493e-01	7.371857900239610073e-01	7.824998244898494493e-01	7.824998244898494493e-01	7.824998244898494493e-01	7.542744638657989942e-01	7.824998244898494493e-01	7.618738303995530314e-01	7.274216328036929857e-01	8.311390697374559933e-01	7.824998244898494493e-01	7.824998244898494493e-01	8.715559523019760224e-01	7.824998244898494493e-01	8.034636959436659565e-01	7.824998244898494493e-01	7.635330179785370097e-01	7.824998244898494493e-01	7.280293916955280498e-01	7.824998244898494493e-01	7.179578035611470233e-01	7.773409518273789454e-01	6.732281440878640222e-01	8.371694319763609560e-01	7.824998244898494493e-01	7.824998244898494493e-01	8.419184043528219474e-01	7.580200262499080521e-01	7.869187755898030545e-01	7.372640739314459957e-01	7.824998244898494493e-01	8.461841801710859867e-01	7.521603436786109542e-01	7.373508306739640084e-01	7.484845481223429964e-01	7.824998244898494493e-01	7.824998244898494493e-01	8.673215634513089523e-01	8.244183532939199921e-01	8.331834034256200283e-01	7.900370112249139876e-01	7.824998244898494493e-01	7.824998244898494493e-01	7.082694259218460520e-01	7.824998244898494493e-01	7.316404272582479607e-01	7.478103499429109569e-01	7.824998244898494493e-01	7.824998244898494493e-01	7.824998244898494493e-01	7.417953749372070416e-01	8.305930136747590176e-01	7.824998244898494493e-01	7.789622819259489628e-01	7.824998244898494493e-01	7.824998244898494493e-01	8.299496529528519462e-01	7.161530294932100249e-01	7.824998244898494493e-01	8.300735207046560094e-01	7.824998244898494493e-01	7.824998244898494493e-01	8.371141736633419539e-01	7.726656923844239522e-01	7.703474611934060245e-01	7.793558406479089706e-01	7.824998244898494493e-01	7.356957513181769936e-01	8.347558874495359937e-01	7.824998244898494493e-01	7.824998244898494493e-01	7.420508867071059500e-01
7.824998244898494493e-01	7.824998244898494493e-01	7.824998244898494493e-01	7.824998244898494493e-01	9.246655623844359795e-01	7.824998244898494493e-01	8.509110253792729894e-01	8.701313760095990002e-01	9.180497307990640454e-01	8.395923643921759938e-01	1.000000000000000000e+00	7.132936557947280320e-01	9.126984324974619645e-01	5.137959334261940070e-01	8.945637120602639714e-01	7.824998244898494493e-01	7.824998244898494493e-01	5.857969313835620362e-01	7.824998244898494493e-01	7.824998244898494493e-01	7.268477564955519998e-01	9.196266552012930529e-01	7.824998244898494493e-01	8.590006832487719901e-01	7.824998244898494493e-01	9.137861216839819889e-01	9.118737014889679582e-01	8.770283997141420373e-01	7.824998244898494493e-01	8.849065668624149783e-01	8.463930557690919620e-01	9.034753732487309508e-01	7.824998244898494493e-01	7.824998244898494493e-01	8.916391771797590460e-01	8.773506357864619964e-01	7.824998244898494493e-01	7.824998244898494493e-01	7.824998244898494493e-01	9.094065871488540287e-01	7.824998244898494493e-01	7.824998244898494493e-01	8.935501905026289604e-01	8.878523352430279791e-01	7.824998244898494493e-01	7.824998244898494493e-01	7.939487696604740075e-01	7.824998244898494493e-01	9.085118216412839676e-01	8.186818775348290167e-01	8.992304152918170201e-01	8.942839166374040305e-01	7.824998244898494493e-01	7.824998244898494493e-01	7.824998244898494493e-01	8.469397765650450438e-01	7.824998244898494493e-01	7.824998244898494493e-01	8.724994532634380295e-01	7.824998244898494493e-01	8.883289523740709459e-01	7.446343571575310127e-01	7.824998244898494493e-01	5.453489861106739500e-01	7.824998244898494493e-01	7.824998244898494493e-01	8.603527134148239996e-01	7.824998244898494493e-01	7.824998244898494493e-01	7.824998244898494493e-01	9.033457371594240115e-01	7.824998244898494493e-01	8.966508165749129677e-01	8.665204276884640455e-01	7.824998244898494493e-01	7.538524630837230012e-01	8.833942490659889568e-01	7.824998244898494493e-01	8.320244902748270555e-01	7.824998244898494493e-01	7.824998244898494493e-01	7.824998244898494493e-01	8.805744610546439866e-01	7.468066209739450123e-01	7.824998244898494493e-01	9.138674227664950189e-01	9.027211520621839513e-01	7.824998244898494493e-01	1.000000000000000021e-03	7.824998244898494493e-01	7.586925420594019531e-01	7.824998244898494493e-01	9.306584275481299962e-01	7.824998244898494493e-01	7.824998244898494493e-01	7.824998244898494493e-01	7.824998244898494493e-01	7.824998244898494493e-01	9.199407808741939530e-01	9.234403552100900470e-01	7.824998244898494493e-01	7.824998244898494493e-01	7.824998244898494493e-01	7.824998244898494493e-01	9.218859940231469707e-01	7.824998244898494493e-01	7.254702178125309597e-01	7.824998244898494493e-01	7.824998244898494493e-01	7.824998244898494493e-01	7.824998244898494493e-01	8.644439132655490354e-01	8.189756248115980242e-01	7.635286354240039541e-01	7.554356424781929480e-01	8.951184276901820169e-01	8.807791867437979594e-01	9.256692136350880284e-01	9.201335329141759889e-01	9.020503988792849537e-01	7.824998244898494493e-01	8.842769660024649703e-01	7.824998244898494493e-01	7.824998244898494493e-01
7.824998244898494493e-01	7.824998244898494493e-01	7.824998244898494493e-01	7.011162001884809758e-01	7.824998244898494493e-01	7.824998244898494493e-01	7.373741086100540354e-01	7.824998244898494493e-01	7.469116490799789787e-01	7.977677015412459882e-01	7.132936557947280320e-01	1.000000000000000000e+00	7.257034444593020162e-01	7.824998244898494493e-01	7.824998244898494493e-01	6.922905806343310209e-01	7.117436403454999727e-01	7.724284569901670450e-01	6.221536709119579456e-01	5.855834586422820065e-01	7.824998244898494493e-01	7.824998244898494493e-01	8.109160665172640003e-01	8.147113878429299572e-01	6.992072593787369561e-01	7.824998244898494493e-01	6.217199371082460235e-01	7.824998244898494493e-01	7.824998244898494493e-01	7.824998244898494493e-01	7.824998244898494493e-01	5.506869293502709706e-01	7.824998244898494493e-01	7.824998244898494493e-01	5.878802642799769718e-01	5.040527327223409682e-01	7.824998244898494493e-01	7.824998244898494493e-01	7.824998244898494493e-01	7.824998244898494493e-01	5.606086919603989749e-01	7.824998244898494493e-01	6.416289203946099473e-01	5.529865030761369482e-01	5.679332080833080498e-01	8.307503554689920078e-01	8.723241902245040258e-01	5.656136824785900075e-01	7.227768979447489750e-01	8.710858344705819656e-01	5.965275821442129756e-01	7.824998244898494493e-01	7.824998244898494493e-01	7.824998244898494493e-01	7.824998244898494493e-01	8.357482917055909510e-01	7.824998244898494493e-01	5.872883647012590025e-01	7.824998244898494493e-01	6.023664678035579589e-01	5.382632090485059972e-01	8.595456804524740368e-01	7.824998244898494493e-01	7.824998244898494493e-01	7.824998244898494493e-01	8.602021085118589649e-01	7.824998244898494493e-01	7.824998244898494493e-01	6.032695502427920520e-01	7.824998244898494493e-01	5.823539167233360292e-01	7.824998244898494493e-01	5.467154724456310122e-01	5.998632708990609963e-01	7.824998244898494493e-01	7.824998244898494493e-01	7.824998244898494493e-01	6.225466126995540250e-01	8.135898428999840393e-01	7.824998244898494493e-01	7.824998244898494493e-01	5.646421792569370490e-01	7.824998244898494493e-01	7.824998244898494493e-01	5.641109114183729956e-01	7.824998244898494493e-01	7.824998244898494493e-01	7.824998244898494493e-01	1.000000000000000021e-03	7.956937940653460162e-01	8.227401894379160474e-01	7.824998244898494493e-01	6.618391532553330459e-01	7.824998244898494493e-01	5.804650604306460515e-01	5.389665411428660180e-01	7.824998244898494493e-01	5.659205636601859490e-01	5.804767217917360389e-01	7.824998244898494493e-01	7.824998244898494493e-01	7.824998244898494493e-01	7.824998244898494493e-01	8.009105383649229859e-01	6.026846413299270511e-01	6.081176319573989852e-01	8.333675442486550011e-01	7.824998244898494493e-01	7.736508871265179721e-01	5.194448210886469797e-01	7.824998244898494493e-01	7.824998244898494493e-01	7.824998244898494493e-01	7.535517964091360543e-01	7.824998244898494493e-01	7.824998244898494493e-01	5.970996610280689953e-01	6.711523947652060507e-01	7.824998244898494493e-01	7.824998244898494493e-01	8.035859169667940449e-01	7.824998244898494493e-01	7.824998244898494493e-01	5.841198238367180107e-01
