1.000000000000000000e+00	9.263661748913459837e-01	9.086581904565630419e-01	3.961553125215327986e-01	3.961553125215327986e-01	9.072868579518590382e-01	8.802841976919200118e-01	3.961553125215327986e-01	3.961553125215327986e-01	3.961553125215327986e-01	9.098105195694750069e-01	9.122186889543779653e-01	9.218844709949489680e-01	3.961553125215327986e-01	3.961553125215327986e-01	3.961553125215327986e-01	9.278932010516840467e-01	3.961553125215327986e-01	3.961553125215327986e-01	8.903498549922840288e-01	3.961553125215327986e-01	9.274578683428359449e-01	3.961553125215327986e-01	3.961553125215327986e-01	3.961553125215327986e-01	8.853704432507349953e-01	6.106278076128149879e-01	7.698526883322179826e-01	3.961553125215327986e-01	8.807921071603189711e-01	8.892747662479899562e-01	3.961553125215327986e-01	9.359436733513709639e-01	7.927606516767630174e-01	9.274610782978810475e-01	3.961553125215327986e-01	9.014187825319850411e-01	3.961553125215327986e-01	3.961553125215327986e-01	9.086018484577419452e-01	9.257866557596959867e-01	8.842758871411909860e-01	8.955878611535580403e-01	6.820944763919120080e-01	3.961553125215327986e-01	9.187850335643840127e-01	8.378761791253469537e-01	3.961553125215327986e-01	9.010187786432349855e-01	9.026837482675960089e-01	3.961553125215327986e-01	8.955597860550960077e-01	3.961553125215327986e-01	9.203203209600450130e-01	6.860841066015750389e-01	3.961553125215327986e-01	9.000086263921750485e-01	9.253767861293149544e-01	9.282126593303130502e-01	8.939347384216049797e-01	9.051258071874780375e-01	3.961553125215327986e-01	8.950937155796530043e-01	8.589847385315889650e-01	8.257357220416300381e-01	5.265632596481170102e-01	3.961553125215327986e-01	4.488294881284070059e-01	3.961553125215327986e-01	6.305204333546370332e-01	9.250697529233780081e-01	7.306313510032460545e-01	9.278336632297029540e-01	9.215554727588489703e-01	3.961553125215327986e-01	3.961553125215327986e-01	8.982476772377320229e-01	3.961553125215327986e-01	8.925095274046559446e-01	3.961553125215327986e-01	8.633093987923340373e-01	6.954261692265220063e-01	8.165827211988040402e-01	6.747548113590849939e-01	3.961553125215327986e-01	6.832961445831230440e-01	3.961553125215327986e-01	9.002511643301690514e-01	3.961553125215327986e-01	4.070383212234159886e-01	9.079981463894239990e-01	9.177307055368230104e-01	3.961553125215327986e-01	3.961553125215327986e-01	7.714911276079280400e-01	3.961553125215327986e-01	8.975142163661009587e-01	8.991756042410560257e-01	2.329807262604099982e-01	3.961553125215327986e-01	3.961553125215327986e-01	8.971846634769590212e-01	8.906672489551680227e-01	8.622473551949759729e-01	3.961553125215327986e-01	3.961553125215327986e-01	3.961553125215327986e-01	9.010178721834890547e-01	9.365268736480839573e-01	3.961553125215327986e-01	3.961553125215327986e-01	3.961553125215327986e-01	3.961553125215327986e-01	9.309755401765780203e-01	9.267760466056600421e-01	3.961553125215327986e-01	3.961553125215327986e-01	3.961553125215327986e-01	3.961553125215327986e-01	9.066135897158700274e-01	3.961553125215327986e-01	9.218299588237239828e-01	8.927114950269050553e-01	8.897607601724120130e-01
9.263661748913459837e-01	1.000000000000000000e+00	3.961553125215327986e-01	3.961553125215327986e-01	3.961553125215327986e-01	9.034891334149539599e-01	3.961553125215327986e-01	3.961553125215327986e-01	8.127824421197520355e-01	3.961553125215327986e-01	3.961553125215327986e-01	3.961553125215327986e-01	3.961553125215327986e-01	3.961553125215327986e-01	8.586404779106779905e-01	9.362529391780529675e-01	3.961553125215327986e-01	3.961553125215327986e-01	9.264593736359689746e-01	8.849111953087660520e-01	8.891411592122520080e-01	9.252068832232760442e-01	3.961553125215327986e-01	3.961553125215327986e-01	3.961553125215327986e-01	3.961553125215327986e-01	3.961553125215327986e-01	3.961553125215327986e-01	3.961553125215327986e-01	8.756406128017240054e-01	3.961553125215327986e-01	9.286906053453239940e-01	9.324012656387870024e-01	7.879864023879280532e-01	9.238201906481650072e-01	3.961553125215327986e-01	3.961553125215327986e-01	9.127946198382970167e-01	3.961553125215327986e-01	9.049800367512930155e-01	3.961553125215327986e-01	3.961553125215327986e-01	3.961553125215327986e-01	3.961553125215327986e-01	8.327969562002239812e-01	3.961553125215327986e-01	8.330385549459330408e-01	8.872969214586839959e-01	8.969185181613950064e-01	3.961553125215327986e-01	8.821692242902250403e-01	3.961553125215327986e-01	9.121707170977130241e-01	3.961553125215327986e-01	6.849734784659089470e-01	9.140027924397799985e-01	8.956029281023609734e-01	3.961553125215327986e-01	3.961553125215327986e-01	8.896383887897429954e-01	9.018958129263779933e-01	3.961553125215327986e-01	3.961553125215327986e-01	8.553362742357160098e-01	3.961553125215327986e-01	5.264164876048810227e-01	3.961553125215327986e-01	4.472399449066210009e-01	9.086362374780649898e-01	3.961553125215327986e-01	9.213272988507159589e-01	3.961553125215327986e-01	3.961553125215327986e-01	3.961553125215327986e-01	3.961553125215327986e-01	3.961553125215327986e-01	8.941670414425659796e-01	3.961553125215327986e-01	3.961553125215327986e-01	9.068831996145310104e-01	3.961553125215327986e-01	3.961553125215327986e-01	3.961553125215327986e-01	6.737277952059720354e-01	3.961553125215327986e-01	3.961553125215327986e-01	3.961553125215327986e-01	8.981271742382329615e-01	1.000000000000000021e-03	3.961553125215327986e-01	3.961553125215327986e-01	3.961553125215327986e-01	3.961553125215327986e-01	3.961553125215327986e-01	3.961553125215327986e-01	3.961553125215327986e-01	3.961553125215327986e-01	3.961553125215327986e-01	3.961553125215327986e-01	3.961553125215327986e-01	7.915713083367500458e-01	8.930352530414620293e-01	3.961553125215327986e-01	8.594484164180690167e-01	9.140528003322530015e-01	3.961553125215327986e-01	9.101091399313200325e-01	8.980901903172210377e-01	9.335913209409369973e-01	8.986506899013230187e-01	8.844658181701620103e-01	8.651382644230569685e-01	8.906391899821950453e-01	9.279907334335230074e-01	9.218617677593740067e-01	3.961553125215327986e-01	3.961553125215327986e-01	3.961553125215327986e-01	3.961553125215327986e-01	9.027627927201520297e-01	3.961553125215327986e-01	9.188469522500180009e-01	3.961553125215327986e-01	3.961553125215327986e-01
9.086581904565630419e-01	3.961553125215327986e-01	1.000000000000000000e+00	3.961553125215327986e-01	3.961553125215327986e-01	3.961553125215327986e-01	8.609749494463130315e-01	3.961553125215327986e-01	3.961553125215327986e-01	8.116424684099450282e-01	8.909169576643920507e-01	8.936761785943629910e-01	9.019068451717859869e-01	3.961553125215327986e-01	8.436516137851359787e-01	3.961553125215327986e-01	3.961553125215327986e-01	3.961553125215327986e-01	3.961553125215327986e-01	3.961553125215327986e-01	3.961553125215327986e-01	9.098583132297080045e-01	8.780474916103410132e-01	9.127814306927399812e-01	8.563996940704849958e-01	3.961553125215327986e-01	3.961553125215327986e-01	3.961553125215327986e-01	8.902893435221189700e-01	8.626748042698769714e-01	8.709203140541730281e-01	3.961553125215327986e-01	3.961553125215327986e-01	7.771379497713919449e-01	9.084140622117450325e-01	3.961553125215327986e-01	3.961553125215327986e-01	8.968711634033199598e-01	5.260054308125500233e-01	3.961553125215327986e-01	9.063727143110730244e-01	3.961553125215327986e-01	3.961553125215327986e-01	3.961553125215327986e-01	8.190758945702030225e-01	8.980202764891539458e-01	3.961553125215327986e-01	3.961553125215327986e-01	8.822205335152250028e-01	8.844245540936670480e-01	3.961553125215327986e-01	8.766601548138599487e-01	8.958204325251080125e-01	3.961553125215327986e-01	6.740943018772439510e-01	9.003626394575590108e-01	8.817231728120940026e-01	3.961553125215327986e-01	9.094676450138089452e-01	3.961553125215327986e-01	3.961553125215327986e-01	7.986157078231449491e-01	3.961553125215327986e-01	3.961553125215327986e-01	3.961553125215327986e-01	3.961553125215327986e-01	3.961553125215327986e-01	4.408868491499520204e-01	3.961553125215327986e-01	6.181199205846269473e-01	3.961553125215327986e-01	3.961553125215327986e-01	3.961553125215327986e-01	3.961553125215327986e-01	8.757654720425339656e-01	3.961553125215327986e-01	8.777543907501119680e-01	3.961553125215327986e-01	8.760409210818860259e-01	3.961553125215327986e-01	3.961553125215327986e-01	3.961553125215327986e-01	3.961553125215327986e-01	6.630982869091549547e-01	8.801730778759649931e-01	3.961553125215327986e-01	3.961553125215327986e-01	8.817628985208040282e-01	3.961553125215327986e-01	3.961553125215327986e-01	8.884396643530949600e-01	3.961553125215327986e-01	8.823355381534080388e-01	3.961553125215327986e-01	7.575027884626790442e-01	3.961553125215327986e-01	8.794259495628620193e-01	3.961553125215327986e-01	2.296995231527370063e-01	8.969307139944330265e-01	3.961553125215327986e-01	8.770224772721819662e-01	8.717442451890670130e-01	8.474046753236920138e-01	3.961553125215327986e-01	3.961553125215327986e-01	3.961553125215327986e-01	3.961553125215327986e-01	3.961553125215327986e-01	3.961553125215327986e-01	8.679222809368130065e-01	3.961553125215327986e-01	3.961553125215327986e-01	9.107945734782729730e-01	9.081874572755560537e-01	9.043879523531409559e-01	9.057377068507560525e-01	9.061582818943040296e-01	3.961553125215327986e-01	3.961553125215327986e-01	3.961553125215327986e-01	9.027707706287819711e-01	8.739147418938030265e-01	3.961553125215327986e-01
3.961553125215327986e-01	3.961553125215327986e-01	3.961553125215327986e-01	1.000000000000000000e+00	3.961553125215327986e-01	8.907195183720519882e-01	8.653885600067620087e-01	3.961553125215327986e-01	3.961553125215327986e-01	3.961553125215327986e-01	3.961553125215327986e-01	3.961553125215327986e-01	9.032199891562520122e-01	8.764659971217170220e-01	3.961553125215327986e-01	9.220768478816450120e-01	9.093516717146069572e-01	8.905853376878729577e-01	9.131993766728589978e-01	3.961553125215327986e-01	3.961553125215327986e-01	3.961553125215327986e-01	8.757296077897860354e-01	3.961553125215327986e-01	8.593319764395940252e-01	3.961553125215327986e-01	3.961553125215327986e-01	3.961553125215327986e-01	3.961553125215327986e-01	3.961553125215327986e-01	8.732089738392220246e-01	3.961553125215327986e-01	9.171233425826400554e-01	7.810222941533859764e-01	9.118298350214719683e-01	8.718858514687299888e-01	8.839372166387500229e-01	3.961553125215327986e-01	3.961553125215327986e-01	8.925201490746860200e-01	9.069204046365320071e-01	8.692244576840200132e-01	3.961553125215327986e-01	6.719555533949109760e-01	3.961553125215327986e-01	8.993535215587340481e-01	8.200424775644750142e-01	3.961553125215327986e-01	3.961553125215327986e-01	3.961553125215327986e-01	3.961553125215327986e-01	3.961553125215327986e-01	3.961553125215327986e-01	9.022159583721209852e-01	3.961553125215327986e-01	3.961553125215327986e-01	8.815951065385749796e-01	9.062377853333970501e-01	3.961553125215327986e-01	8.763842159531010090e-01	8.875204980558409895e-01	7.991937804300710546e-01	8.784360548797189860e-01	3.961553125215327986e-01	3.961553125215327986e-01	5.200097508983829719e-01	8.910638339738610192e-01	4.418502584330780136e-01	3.961553125215327986e-01	6.203293855035959536e-01	9.064917147448819934e-01	7.177888614013080426e-01	3.961553125215327986e-01	3.961553125215327986e-01	8.773087448115289844e-01	8.853662229625539615e-01	3.961553125215327986e-01	8.956423869705669727e-01	3.961553125215327986e-01	8.927075356495199898e-01	8.497464404668569893e-01	6.858197766960769659e-01	3.961553125215327986e-01	6.698666235244570277e-01	8.799830329403840468e-01	3.961553125215327986e-01	8.912779333459219799e-01	8.841564377804810304e-01	3.961553125215327986e-01	3.961553125215327986e-01	8.885802656544620204e-01	8.980385140921439691e-01	8.827765909881200024e-01	8.742172910415290099e-01	3.961553125215327986e-01	3.961553125215327986e-01	8.785459993020330316e-01	8.803714824610490153e-01	3.961553125215327986e-01	3.961553125215327986e-01	7.798096006359229726e-01	8.793497779053529584e-01	8.718783622243549969e-01	8.463983481134069731e-01	8.996624520684319837e-01	8.974376661706889857e-01	3.961553125215327986e-01	8.854209727136700403e-01	3.961553125215327986e-01	3.961553125215327986e-01	3.961553125215327986e-01	3.961553125215327986e-01	8.775479457301359476e-01	9.129404026101950453e-01	9.078785590240170400e-01	9.048060750958779597e-01	9.062348142819259822e-01	3.961553125215327986e-01	3.961553125215327986e-01	8.905962633228120540e-01	9.004419253271199741e-01	3.961553125215327986e-01	8.750741862359709966e-01	8.710493987499270396e-01
3.961553125215327986e-01	3.961553125215327986e-01	3.961553125215327986e-01	3.961553125215327986e-01	9.999999999999970024e-01	7.664884229159999451e-01	3.961553125215327986e-01	3.961553125215327986e-01	6.974995803376640158e-01	7.083487094393550176e-01	3.961553125215327986e-01	7.705556243250040183e-01	7.791911529073779485e-01	3.961553125215327986e-01	7.346760186495979728e-01	3.961553125215327986e-01	7.853156036800590378e-01	7.697945668145039777e-01	3.961553125215327986e-01	3.961553125215327986e-01	3.961553125215327986e-01	7.840437925316610102e-01	3.961553125215327986e-01	7.862636744017860169e-01	7.444950432520409667e-01	7.535292971520269889e-01	5.347162437682869696e-01	6.672364113696860333e-01	7.703160279416010336e-01	7.473072720980260542e-01	7.559937967026959527e-01	7.882758141780269456e-01	3.961553125215327986e-01	6.791281436124839699e-01	7.839738880352720152e-01	7.540345010543300086e-01	7.642136146001480279e-01	3.961553125215327986e-01	3.961553125215327986e-01	7.714063134695310353e-01	7.822962744292619730e-01	3.961553125215327986e-01	3.961553125215327986e-01	3.961553125215327986e-01	3.961553125215327986e-01	3.961553125215327986e-01	7.154223824427710099e-01	3.961553125215327986e-01	7.634805915829400158e-01	7.653230729202059601e-01	3.961553125215327986e-01	3.961553125215327986e-01	7.748817600161219676e-01	3.961553125215327986e-01	3.961553125215327986e-01	3.961553125215327986e-01	3.961553125215327986e-01	3.961553125215327986e-01	7.841328790831589846e-01	3.961553125215327986e-01	7.665875000259120275e-01	6.975058303144120453e-01	3.961553125215327986e-01	3.961553125215327986e-01	7.048621684886799965e-01	4.669657937921189994e-01	7.710530678914999658e-01	3.961553125215327986e-01	3.961553125215327986e-01	3.961553125215327986e-01	3.961553125215327986e-01	3.961553125215327986e-01	3.961553125215327986e-01	3.961553125215327986e-01	7.571043068291349876e-01	7.648664648186439541e-01	3.961553125215327986e-01	7.719624463395849956e-01	7.552948007951389986e-01	3.961553125215327986e-01	7.349191843590849871e-01	3.961553125215327986e-01	6.955953742222470426e-01	5.859278102452659676e-01	3.961553125215327986e-01	3.961553125215327986e-01	3.961553125215327986e-01	3.961553125215327986e-01	1.000000000000000021e-03	3.961553125215327986e-01	7.665067341761470088e-01	3.961553125215327986e-01	7.645170609995599609e-01	3.961553125215327986e-01	3.961553125215327986e-01	7.591657608069489749e-01	3.961553125215327986e-01	7.634044161947249885e-01	2.188024065499959980e-01	3.961553125215327986e-01	3.961553125215327986e-01	7.558252494143240519e-01	3.961553125215327986e-01	3.961553125215327986e-01	7.758281603650180047e-01	3.961553125215327986e-01	3.961553125215327986e-01	7.645024247018979979e-01	3.961553125215327986e-01	3.961553125215327986e-01	7.530277825033959704e-01	7.379964377576989643e-01	7.554697097684489604e-01	7.870302454714990237e-01	3.961553125215327986e-01	3.961553125215327986e-01	7.838652475962429866e-01	3.961553125215327986e-01	7.812561077300670398e-01	7.649260872657640542e-01	3.961553125215327986e-01	7.806537471235389658e-01	7.593668583568650154e-01	3.961553125215327986e-01
9.072868579518590382e-01	9.034891334149539599e-01	3.961553125215327986e-01	8.907195183720519882e-01	7.664884229159999451e-01	1.000000000000000000e+00	8.604449263336639842e-01	3.961553125215327986e-01	7.973694326180149616e-01	3.961553125215327986e-01	3.961553125215327986e-01	8.898074876937289712e-01	9.009653811506259657e-01	8.749011990419429674e-01	3.961553125215327986e-01	9.185643831913270496e-01	3.961553125215327986e-01	8.878676318753859764e-01	9.091904924875390259e-01	3.961553125215327986e-01	8.701048481403730328e-01	3.961553125215327986e-01	3.961553125215327986e-01	3.961553125215327986e-01	3.961553125215327986e-01	3.961553125215327986e-01	3.961553125215327986e-01	3.961553125215327986e-01	8.876969385291929582e-01	3.961553125215327986e-01	3.961553125215327986e-01	3.961553125215327986e-01	9.147325993713899539e-01	7.759486881683710369e-01	3.961553125215327986e-01	3.961553125215327986e-01	3.961553125215327986e-01	3.961553125215327986e-01	5.232150722565389600e-01	3.961553125215327986e-01	9.042998829265379568e-01	8.645256310735800476e-01	8.751713326961180206e-01	3.961553125215327986e-01	8.160545140908910255e-01	3.961553125215327986e-01	3.961553125215327986e-01	3.961553125215327986e-01	8.809292731701979795e-01	8.815258163675919745e-01	3.961553125215327986e-01	8.768835966167960461e-01	8.931729924146899480e-01	3.961553125215327986e-01	6.726086855720510016e-01	8.973071082697849921e-01	3.961553125215327986e-01	3.961553125215327986e-01	3.961553125215327986e-01	8.731493787444920551e-01	8.847719563202830484e-01	3.961553125215327986e-01	3.961553125215327986e-01	3.961553125215327986e-01	3.961553125215327986e-01	3.961553125215327986e-01	3.961553125215327986e-01	4.401890032783229989e-01	8.910241659777089485e-01	3.961553125215327986e-01	3.961553125215327986e-01	3.961553125215327986e-01	3.961553125215327986e-01	8.990891140971509765e-01	8.734827417247089665e-01	3.961553125215327986e-01	8.783810519097869918e-01	8.930366040836129615e-01	8.721093403006090483e-01	8.908644625260789818e-01	3.961553125215327986e-01	6.796223504619750555e-01	8.012268409132290437e-01	6.609881486352799929e-01	3.961553125215327986e-01	6.749346017597369629e-01	8.872563018403150092e-01	3.961553125215327986e-01	1.000000000000000021e-03	3.961553125215327986e-01	3.961553125215327986e-01	8.973880216337930538e-01	3.961553125215327986e-01	8.743159237710419474e-01	3.961553125215327986e-01	8.764609018636639881e-01	3.961553125215327986e-01	3.961553125215327986e-01	3.961553125215327986e-01	3.961553125215327986e-01	3.961553125215327986e-01	8.782826799240700533e-01	3.961553125215327986e-01	3.961553125215327986e-01	3.961553125215327986e-01	8.943793790344890526e-01	3.961553125215327986e-01	3.961553125215327986e-01	3.961553125215327986e-01	3.961553125215327986e-01	8.674110418987950322e-01	8.504548030945660031e-01	8.744941297226720422e-01	9.107874684073039573e-01	9.038114591770539663e-01	3.961553125215327986e-01	3.961553125215327986e-01	9.034367223528809721e-01	9.045676793573610430e-01	8.853320697481470436e-01	8.969322727213849822e-01	9.007937944281799725e-01	8.724846602309459520e-01	8.678988785084490454e-01
8.802841976919200118e-01	3.961553125215327986e-01	8.609749494463130315e-01	8.653885600067620087e-01	3.961553125215327986e-01	8.604449263336639842e-01	1.000000000000000000e+00	3.961553125215327986e-01	7.798769545759229871e-01	3.961553125215327986e-01	3.961553125215327986e-01	8.638303811337380012e-01	8.752230314592159832e-01	8.479133016039800408e-01	3.961553125215327986e-01	8.911065519775139832e-01	8.801253296325419750e-01	3.961553125215327986e-01	3.961553125215327986e-01	8.431030410442329481e-01	8.451974817063030443e-01	8.809658965038540401e-01	8.484077393118789612e-01	3.961553125215327986e-01	3.961553125215327986e-01	8.425731287657840518e-01	5.856627584435849521e-01	7.362681371620209969e-01	8.653289296605549685e-01	3.961553125215327986e-01	3.961553125215327986e-01	8.837137901202719581e-01	3.961553125215327986e-01	3.961553125215327986e-01	3.961553125215327986e-01	8.465199959745329794e-01	3.961553125215327986e-01	8.682003409120010451e-01	5.131455850286430476e-01	3.961553125215327986e-01	3.961553125215327986e-01	3.961553125215327986e-01	8.499245749399729766e-01	3.961553125215327986e-01	3.961553125215327986e-01	8.700369971391910262e-01	7.965101962797990209e-01	8.450858355107340181e-01	3.961553125215327986e-01	3.961553125215327986e-01	8.415057431598810256e-01	3.961553125215327986e-01	8.679473785353639670e-01	3.961553125215327986e-01	6.551039291633800055e-01	3.961553125215327986e-01	3.961553125215327986e-01	8.771771663920230333e-01	3.961553125215327986e-01	3.961553125215327986e-01	8.592896900274999972e-01	7.770031734058040485e-01	8.522810564176610537e-01	3.961553125215327986e-01	3.961553125215327986e-01	3.961553125215327986e-01	3.961553125215327986e-01	3.961553125215327986e-01	8.657698103656039645e-01	6.002400353161350122e-01	8.769890949749250542e-01	3.961553125215327986e-01	3.961553125215327986e-01	8.733513627802920176e-01	8.498503936769199463e-01	3.961553125215327986e-01	3.961553125215327986e-01	3.961553125215327986e-01	3.961553125215327986e-01	8.636018181822150419e-01	8.226416226000939913e-01	6.651187165323270145e-01	7.771240674339999766e-01	6.472682582543100027e-01	3.961553125215327986e-01	6.517754730870409796e-01	3.961553125215327986e-01	8.558417260005569682e-01	1.000000000000000021e-03	3.961553125215327986e-01	3.961553125215327986e-01	8.709262466033129702e-01	8.557958957904919783e-01	3.961553125215327986e-01	3.961553125215327986e-01	3.961553125215327986e-01	3.961553125215327986e-01	3.961553125215327986e-01	2.301360008293009962e-01	8.707643531407139870e-01	3.961553125215327986e-01	3.961553125215327986e-01	3.961553125215327986e-01	8.222103879698989815e-01	8.702015931272170102e-01	3.961553125215327986e-01	8.669101691027010226e-01	3.961553125215327986e-01	8.883497457232260031e-01	8.575751923550239963e-01	3.961553125215327986e-01	3.961553125215327986e-01	8.510766068562030107e-01	3.961553125215327986e-01	8.770310114551059799e-01	3.961553125215327986e-01	3.961553125215327986e-01	8.761986386436110275e-01	8.781633796129749703e-01	8.583715479319440345e-01	8.682227451348969449e-01	8.747178068398550055e-01	8.469956588566970312e-01	3.961553125215327986e-01
3.961553125215327986e-01	3.961553125215327986e-01	3.961553125215327986e-01	3.961553125215327986e-01	3.961553125215327986e-01	3.961553125215327986e-01	3.961553125215327986e-01	1.000000000000000000e+00	3.961553125215327986e-01	7.695866097052810328e-01	3.961553125215327986e-01	8.427659310522650493e-01	8.514292012144349941e-01	8.279637261376270319e-01	3.961553125215327986e-01	3.961553125215327986e-01	3.961553125215327986e-01	3.961553125215327986e-01	8.590848288043210212e-01	8.251444709725169746e-01	3.961553125215327986e-01	8.575230660415330552e-01	3.961553125215327986e-01	8.612096151790280540e-01	8.091452619188550521e-01	8.192722682923869737e-01	5.723360022749770515e-01	7.191156895620990364e-01	3.961553125215327986e-01	8.142640059061929669e-01	3.961553125215327986e-01	8.606803092433500391e-01	3.961553125215327986e-01	7.385668997428309623e-01	8.571810464626200554e-01	8.230880599712300238e-01	3.961553125215327986e-01	3.961553125215327986e-01	5.058482281424240279e-01	8.403499148369709681e-01	8.545222191938499634e-01	3.961553125215327986e-01	8.265771378249170409e-01	3.961553125215327986e-01	7.748284269181220374e-01	8.486684514607789609e-01	3.961553125215327986e-01	8.235997875879450536e-01	8.324859339449209861e-01	3.961553125215327986e-01	8.208880669759840432e-01	3.961553125215327986e-01	8.447796989594770212e-01	8.505586882950839644e-01	3.961553125215327986e-01	8.499891518093279918e-01	8.300279525369469447e-01	8.554015000957509995e-01	3.961553125215327986e-01	8.262133984518830188e-01	8.353083245903879517e-01	7.539078557825760196e-01	8.284284891291240349e-01	3.961553125215327986e-01	7.654274414529299575e-01	3.961553125215327986e-01	8.411441032319939559e-01	4.250172190095750091e-01	8.456583122459799817e-01	3.961553125215327986e-01	8.556084577120699475e-01	6.830541939739750434e-01	3.961553125215327986e-01	3.961553125215327986e-01	3.961553125215327986e-01	3.961553125215327986e-01	8.294821525117860306e-01	8.440694590037050027e-01	3.961553125215327986e-01	8.424807119701159808e-01	8.011927158854910136e-01	3.961553125215327986e-01	3.961553125215327986e-01	3.961553125215327986e-01	8.286379782315419495e-01	3.961553125215327986e-01	3.961553125215327986e-01	8.321389712782529813e-01	3.961553125215327986e-01	3.961553125215327986e-01	8.396383119033340448e-01	3.961553125215327986e-01	3.961553125215327986e-01	3.961553125215327986e-01	7.171135112172799531e-01	3.961553125215327986e-01	8.292740855923630416e-01	3.961553125215327986e-01	2.254209671489300071e-01	3.961553125215327986e-01	3.961553125215327986e-01	3.961553125215327986e-01	3.961553125215327986e-01	3.961553125215327986e-01	8.484424402340879912e-01	3.961553125215327986e-01	8.442298711935609656e-01	8.345110037121169499e-01	8.649908207771519475e-01	8.356423267839879765e-01	8.212352583900679459e-01	3.961553125215327986e-01	8.284081478368300333e-01	3.961553125215327986e-01	8.543817719467450278e-01	3.961553125215327986e-01	3.961553125215327986e-01	8.558918754795360462e-01	3.961553125215327986e-01	8.389447976878739999e-01	8.472770145969950040e-01	3.961553125215327986e-01	8.249230015499759983e-01	8.227947635914399926e-01
3.961553125215327986e-01	8.127824421197520355e-01	3.961553125215327986e-01	3.961553125215327986e-01	6.974995803376640158e-01	7.973694326180149616e-01	7.798769545759229871e-01	3.961553125215327986e-01	9.999999999999990008e-01	3.961553125215327986e-01	8.002806185088719992e-01	3.961553125215327986e-01	3.961553125215327986e-01	7.902719852796770139e-01	7.609135030549040168e-01	3.961553125215327986e-01	8.146461910165619935e-01	3.961553125215327986e-01	3.961553125215327986e-01	3.961553125215327986e-01	3.961553125215327986e-01	8.149813051315369927e-01	3.961553125215327986e-01	3.961553125215327986e-01	3.961553125215327986e-01	7.790603943432750089e-01	5.510582316319789786e-01	6.902125876820199846e-01	3.961553125215327986e-01	7.761297026165639990e-01	3.961553125215327986e-01	8.171474808864740424e-01	8.211865838850830324e-01	7.036776376707980507e-01	3.961553125215327986e-01	3.961553125215327986e-01	7.938466645932770183e-01	8.058564520155500066e-01	4.819413526220769906e-01	3.961553125215327986e-01	3.961553125215327986e-01	3.961553125215327986e-01	3.961553125215327986e-01	3.961553125215327986e-01	3.961553125215327986e-01	8.070127903802010172e-01	3.961553125215327986e-01	7.829881144607230281e-01	3.961553125215327986e-01	3.961553125215327986e-01	3.961553125215327986e-01	3.961553125215327986e-01	8.024447780128429741e-01	3.961553125215327986e-01	6.128853598647719947e-01	3.961553125215327986e-01	3.961553125215327986e-01	8.114195796890150136e-01	8.150156131502129808e-01	3.961553125215327986e-01	7.936835254506729997e-01	7.219553154209570334e-01	3.961553125215327986e-01	3.961553125215327986e-01	3.961553125215327986e-01	3.961553125215327986e-01	7.971792601251319610e-01	3.961553125215327986e-01	3.961553125215327986e-01	5.668460356964060143e-01	3.961553125215327986e-01	6.509478452809569493e-01	8.145575081785080274e-01	8.062390465491450220e-01	7.854227632128409908e-01	3.961553125215327986e-01	7.869686250916859693e-01	8.060746543603910519e-01	7.854472447255650414e-01	3.961553125215327986e-01	7.624482968510409853e-01	3.961553125215327986e-01	3.961553125215327986e-01	6.055315999296000395e-01	3.961553125215327986e-01	3.961553125215327986e-01	3.961553125215327986e-01	7.920074772326299861e-01	3.961553125215327986e-01	3.851285696917979839e-01	7.983366381214920260e-01	8.043782859880930225e-01	7.913252436613730234e-01	3.961553125215327986e-01	3.961553125215327986e-01	7.883857238957020508e-01	7.884700176714179998e-01	7.894789821743459779e-01	3.961553125215327986e-01	8.056779950496090192e-01	3.961553125215327986e-01	7.855556605372969736e-01	3.961553125215327986e-01	7.622247378585119693e-01	3.961553125215327986e-01	3.961553125215327986e-01	3.961553125215327986e-01	3.961553125215327986e-01	8.220025556390729848e-01	7.945808214805939462e-01	3.961553125215327986e-01	7.680343415709689481e-01	3.961553125215327986e-01	8.157852210675460292e-01	3.961553125215327986e-01	3.961553125215327986e-01	3.961553125215327986e-01	3.961553125215327986e-01	8.128594356629940121e-01	7.962772541624030254e-01	3.961553125215327986e-01	3.961553125215327986e-01	7.849404074881850546e-01	3.961553125215327986e-01
3.961553125215327986e-01	3.961553125215327986e-01	8.116424684099450282e-01	3.961553125215327986e-01	7.083487094393550176e-01	3.961553125215327986e-01	3.961553125215327986e-01	7.695866097052810328e-01	3.961553125215327986e-01	9.999999999999990008e-01	3.961553125215327986e-01	3.961553125215327986e-01	3.961553125215327986e-01	3.961553125215327986e-01	7.743223767500909682e-01	3.961553125215327986e-01	3.961553125215327986e-01	8.090378632848309604e-01	3.961553125215327986e-01	3.961553125215327986e-01	3.961553125215327986e-01	8.255735729257369648e-01	3.961553125215327986e-01	3.961553125215327986e-01	7.805681692522420390e-01	3.961553125215327986e-01	3.961553125215327986e-01	3.961553125215327986e-01	3.961553125215327986e-01	7.870410753557589567e-01	3.961553125215327986e-01	3.961553125215327986e-01	8.335312207950910102e-01	7.139489410823189885e-01	3.961553125215327986e-01	3.961553125215327986e-01	3.961553125215327986e-01	3.961553125215327986e-01	3.961553125215327986e-01	8.117882175055980420e-01	3.961553125215327986e-01	7.902337352515930169e-01	3.961553125215327986e-01	3.961553125215327986e-01	7.475127636629109729e-01	3.961553125215327986e-01	3.961553125215327986e-01	7.934869649429999727e-01	3.961553125215327986e-01	3.961553125215327986e-01	3.961553125215327986e-01	3.961553125215327986e-01	8.155966063746560302e-01	3.961553125215327986e-01	6.196530368789829879e-01	8.172830091011820119e-01	8.020800692304660418e-01	3.961553125215327986e-01	8.257245796508240199e-01	3.961553125215327986e-01	3.961553125215327986e-01	7.333947436051240221e-01	7.993202526491519633e-01	7.681431296650069740e-01	7.379268380999439714e-01	3.961553125215327986e-01	3.961553125215327986e-01	3.961553125215327986e-01	8.122062773650969847e-01	5.739809909265649601e-01	3.961553125215327986e-01	3.961553125215327986e-01	3.961553125215327986e-01	8.201998032765820401e-01	3.961553125215327986e-01	8.080814424739199975e-01	3.961553125215327986e-01	8.149935876857260508e-01	7.981121033981519730e-01	8.100462547231870314e-01	7.737716364807020186e-01	3.961553125215327986e-01	3.961553125215327986e-01	3.961553125215327986e-01	3.961553125215327986e-01	6.234752360055629827e-01	8.076169429459969518e-01	8.024036911105639769e-01	1.000000000000000021e-03	3.961553125215327986e-01	8.101474711258620509e-01	3.961553125215327986e-01	8.070837110065739450e-01	7.959174771579160534e-01	3.961553125215327986e-01	3.961553125215327986e-01	3.961553125215327986e-01	3.961553125215327986e-01	2.222958208045660022e-01	3.961553125215327986e-01	3.961553125215327986e-01	3.961553125215327986e-01	3.961553125215327986e-01	3.961553125215327986e-01	8.196913611026349633e-01	8.135921295382579910e-01	3.961553125215327986e-01	8.054249877908420396e-01	3.961553125215327986e-01	8.042521703133369559e-01	7.917824222866970407e-01	7.733782847062850019e-01	3.961553125215327986e-01	3.961553125215327986e-01	3.961553125215327986e-01	3.961553125215327986e-01	3.961553125215327986e-01	8.216364337326369505e-01	3.961553125215327986e-01	3.961553125215327986e-01	8.167727745619810520e-01	8.218163160985020310e-01	7.962354307125949493e-01	3.961553125215327986e-01
9.098105195694750069e-01	3.961553125215327986e-01	8.909169576643920507e-01	3.961553125215327986e-01	3.961553125215327986e-01	3.961553125215327986e-01	3.961553125215327986e-01	3.961553125215327986e-01	8.002806185088719992e-01	3.961553125215327986e-01	1.000000000000000000e+00	3.961553125215327986e-01	3.961553125215327986e-01	3.961553125215327986e-01	8.457128323433640293e-01	9.211419958565789656e-01	9.085853460969199880e-01	3.961553125215327986e-01	9.116227208007370297e-01	8.734942593592619486e-01	8.720185033768860228e-01	3.961553125215327986e-01	8.746145043399790042e-01	3.961553125215327986e-01	3.961553125215327986e-01	3.961553125215327986e-01	3.961553125215327986e-01	3.961553125215327986e-01	8.899075022542439761e-01	3.961553125215327986e-01	8.704862303990149597e-01	3.961553125215327986e-01	9.170322602404129553e-01	3.961553125215327986e-01	3.961553125215327986e-01	8.697569845753270190e-01	8.839569592840890166e-01	3.961553125215327986e-01	3.961553125215327986e-01	8.911407922257460479e-01	3.961553125215327986e-01	8.657479133131390503e-01	3.961553125215327986e-01	6.649179047363670270e-01	8.188795583797759958e-01	9.007506559237440369e-01	8.199939515255040279e-01	3.961553125215327986e-01	3.961553125215327986e-01	8.861156835623159589e-01	8.688460925602109475e-01	3.961553125215327986e-01	3.961553125215327986e-01	9.007587961430539858e-01	6.717620351830240200e-01	8.995626099034730316e-01	3.961553125215327986e-01	3.961553125215327986e-01	9.109076353524380165e-01	8.750899585723800334e-01	8.853527686280150411e-01	7.972602158937750483e-01	8.776471945773419714e-01	8.402113179613509564e-01	8.061147332548980193e-01	5.173805747324200510e-01	3.961553125215327986e-01	4.401172363559470169e-01	3.961553125215327986e-01	3.961553125215327986e-01	3.961553125215327986e-01	7.176602010530079845e-01	3.961553125215327986e-01	8.998997272410159676e-01	8.766589100587960370e-01	8.835323322682060443e-01	8.778006223387200269e-01	3.961553125215327986e-01	8.746162446562669723e-01	8.913332106404260324e-01	8.463701459221270040e-01	6.828352489597560027e-01	3.961553125215327986e-01	3.961553125215327986e-01	8.769614932303649857e-01	6.694586709256280521e-01	8.878837372574539533e-01	8.816078910493839738e-01	1.000000000000000021e-03	3.961553125215327986e-01	3.961553125215327986e-01	8.973337180785150302e-01	8.827174359885370247e-01	8.750490850797399967e-01	7.583121780293039516e-01	8.781559687486579779e-01	3.961553125215327986e-01	8.786440108454259823e-01	3.961553125215327986e-01	3.961553125215327986e-01	3.961553125215327986e-01	8.778304047115490505e-01	3.961553125215327986e-01	3.961553125215327986e-01	8.984089965741060002e-01	3.961553125215327986e-01	8.945520330421540267e-01	3.961553125215327986e-01	9.166652586132120195e-01	3.961553125215327986e-01	3.961553125215327986e-01	8.489176472868510404e-01	8.753524782651820324e-01	9.107823770934440066e-01	9.061582957350210465e-01	3.961553125215327986e-01	3.961553125215327986e-01	9.060428580044640468e-01	9.061839152009329990e-01	8.869768817362330138e-01	8.965049218748369908e-01	3.961553125215327986e-01	3.961553125215327986e-01	3.961553125215327986e-01
9.122186889543779653e-01	3.961553125215327986e-01	8.936761785943629910e-01	3.961553125215327986e-01	7.705556243250040183e-01	8.898074876937289712e-01	8.638303811337380012e-01	8.427659310522650493e-01	3.961553125215327986e-01	3.961553125215327986e-01	3.961553125215327986e-01	1.000000000000000000e+00	9.047472747550659999e-01	8.763895370291779896e-01	3.961553125215327986e-01	9.230376739942519615e-01	9.102620359023050334e-01	3.961553125215327986e-01	3.961553125215327986e-01	8.732613756388899473e-01	3.961553125215327986e-01	3.961553125215327986e-01	8.785172465107420336e-01	9.149816105780049780e-01	3.961553125215327986e-01	8.693214609901900314e-01	3.961553125215327986e-01	3.961553125215327986e-01	8.927822118305730470e-01	8.654079577241100552e-01	3.961553125215327986e-01	9.151030431566720136e-01	9.184987377160389599e-01	7.778668616954610426e-01	3.961553125215327986e-01	3.961553125215327986e-01	8.855357321067169885e-01	3.961553125215327986e-01	3.961553125215327986e-01	8.922006606410010088e-01	9.094938699851849995e-01	8.680310747377280034e-01	8.798996123994510254e-01	3.961553125215327986e-01	3.961553125215327986e-01	9.030027867401909658e-01	3.961553125215327986e-01	3.961553125215327986e-01	3.961553125215327986e-01	3.961553125215327986e-01	8.709377388075869586e-01	3.961553125215327986e-01	3.961553125215327986e-01	9.036004112908779806e-01	6.744459587079369989e-01	9.019904486435219582e-01	3.961553125215327986e-01	9.091162358996860426e-01	3.961553125215327986e-01	8.766720154383069730e-01	3.961553125215327986e-01	8.005146420349590342e-01	8.796104855826389901e-01	8.410940612332660216e-01	8.118246033048149846e-01	5.188525106321709712e-01	8.913760382107149827e-01	3.961553125215327986e-01	3.961553125215327986e-01	3.961553125215327986e-01	3.961553125215327986e-01	3.961553125215327986e-01	9.110277359538629938e-01	9.020868805298469795e-01	8.771272962268109596e-01	8.880146768458889728e-01	8.811273215476580489e-01	3.961553125215327986e-01	3.961553125215327986e-01	8.933836984991010421e-01	3.961553125215327986e-01	6.829583798791140081e-01	8.028460429252820552e-01	3.961553125215327986e-01	3.961553125215327986e-01	6.734691472279560331e-01	3.961553125215327986e-01	8.856074958325269586e-01	3.961553125215327986e-01	4.069143771270640197e-01	8.915540823527650094e-01	8.988562519504269543e-01	8.839992027927170426e-01	8.746676716494510284e-01	3.961553125215327986e-01	3.961553125215327986e-01	3.961553125215327986e-01	8.836120897477860447e-01	2.308111983298589964e-01	8.999899187535449485e-01	3.961553125215327986e-01	8.796662306032440037e-01	8.743892414916729638e-01	8.476583886870630025e-01	9.009069813748580291e-01	8.972774089071859915e-01	3.961553125215327986e-01	8.854975849699889823e-01	9.188493852840089460e-01	3.961553125215327986e-01	8.711103727686669851e-01	8.513275549199329495e-01	8.774315509397460078e-01	9.142983610582769982e-01	9.077118273940399940e-01	9.063360519096480550e-01	3.961553125215327986e-01	3.961553125215327986e-01	3.961553125215327986e-01	3.961553125215327986e-01	8.996065128600200245e-01	3.961553125215327986e-01	8.779081859160839940e-01	3.961553125215327986e-01
