1.000000000000000000e+00	1.038425489648972661e-01	1.557638234473459338e-01	1.038425489648972661e-01	1.333333333333329984e-01	1.557638234473459338e-01	9.042553191489359488e-02	1.557638234473459338e-01	1.557638234473459338e-01	3.317307692307689959e-01	1.038425489648972661e-01	1.557638234473459338e-01	1.557638234473459338e-01	1.557638234473459338e-01	1.038425489648972661e-01	1.318681318681320103e-01	2.698412698412699928e-01	1.557638234473459338e-01	1.557638234473459338e-01	1.038425489648972661e-01	2.410423452768729879e-01	1.038425489648972661e-01	2.990196078431370252e-01	1.557638234473459338e-01	1.557638234473459338e-01	1.038425489648972661e-01	2.325581395348839953e-01	1.557638234473459338e-01	1.038425489648972661e-01	2.254545454545449912e-01	1.038425489648972661e-01	1.038425489648972661e-01	1.038425489648972661e-01	1.557638234473459338e-01	1.588785046728969919e-01	1.557638234473459338e-01	2.871794871794869919e-01	1.038425489648972661e-01	1.557638234473459338e-01	1.557638234473459338e-01	1.038425489648972661e-01	1.557638234473459338e-01	1.557638234473459338e-01	1.038425489648972661e-01	1.557638234473459338e-01	1.642857142857140074e-01	2.089552238805970075e-01	1.557638234473459338e-01	1.557638234473459338e-01	2.163265306122449938e-01	1.557638234473459338e-01	1.038425489648972661e-01	1.557638234473459338e-01	1.557638234473459338e-01	1.557638234473459338e-01	1.038425489648972661e-01	1.557638234473459338e-01	1.038425489648972661e-01	1.557638234473459338e-01	1.557638234473459338e-01	1.557638234473459338e-01	1.557638234473459338e-01	1.038425489648972661e-01	8.040201005025129910e-02	1.562500000000000000e-01	1.038425489648972661e-01	1.038425489648972661e-01	1.557638234473459338e-01	1.038425489648972661e-01	1.038425489648972661e-01	1.557638234473459338e-01	1.557638234473459338e-01	3.523316062176169994e-01	1.557638234473459338e-01	1.000000000000000056e-01	2.655737704918029740e-01	1.757322175732219938e-01	1.038425489648972661e-01	1.038425489648972661e-01	1.625766871165640060e-01	1.038425489648972661e-01	1.557638234473459338e-01	1.557638234473459338e-01	1.557638234473459338e-01	1.557638234473459338e-01	3.896103896103900177e-02	1.038425489648972661e-01	1.610738255033559996e-01	1.589403973509929957e-01	2.530612244897960106e-01	2.122641509433960127e-01	1.557638234473459338e-01	8.713692946058089472e-02	1.038425489648972661e-01	1.557638234473459338e-01	1.557638234473459338e-01	1.557638234473459338e-01	1.557638234473459338e-01	1.914893617021279915e-01	1.557638234473459338e-01	1.557638234473459338e-01	1.038425489648972661e-01	1.557638234473459338e-01	1.557638234473459338e-01	1.557638234473459338e-01	1.557638234473459338e-01	1.557638234473459338e-01	1.557638234473459338e-01	1.557638234473459338e-01	2.837837837837839938e-01	1.557638234473459338e-01	1.557638234473459338e-01	1.038425489648972661e-01	1.557638234473459338e-01	1.715481171548119965e-01	1.038425489648972661e-01	1.038425489648972661e-01	1.038425489648972661e-01	1.038425489648972661e-01	2.711111111111110250e-01	1.038425489648972661e-01	1.557638234473459338e-01	1.557638234473459338e-01	1.557638234473459338e-01
1.038425489648972661e-01	1.000000000000000000e+00	1.438596491228069929e-01	1.557638234473459338e-01	1.557638234473459338e-01	1.557638234473459338e-01	1.557638234473459338e-01	1.038425489648972661e-01	9.663865546218490532e-02	1.389961389961389959e-01	1.557638234473459338e-01	1.315789473684209898e-01	1.038425489648972661e-01	1.557638234473459338e-01	1.557638234473459338e-01	1.038425489648972661e-01	1.009771986970680047e-01	1.557638234473459338e-01	1.557638234473459338e-01	1.557638234473459338e-01	1.531791907514450102e-01	1.557638234473459338e-01	1.557638234473459338e-01	1.557638234473459338e-01	1.557638234473459338e-01	1.038425489648972661e-01	9.004739336492889601e-02	1.557638234473459338e-01	1.038425489648972661e-01	1.557638234473459338e-01	1.336405529953919868e-01	1.557638234473459338e-01	1.038425489648972661e-01	2.156133828996280033e-01	1.557638234473459338e-01	1.038425489648972661e-01	1.208333333333330012e-01	1.038425489648972661e-01	1.038425489648972661e-01	1.557638234473459338e-01	1.557638234473459338e-01	1.557638234473459338e-01	1.557638234473459338e-01	1.557638234473459338e-01	2.676056338028169890e-01	1.557638234473459338e-01	1.447368421052629972e-01	1.038425489648972661e-01	8.791208791208790507e-02	1.557638234473459338e-01	1.038425489648972661e-01	1.557638234473459338e-01	1.557638234473459338e-01	1.557638234473459338e-01	1.079999999999999988e-01	2.068965517241380114e-01	1.557638234473459338e-01	1.038425489648972661e-01	7.870370370370370627e-02	1.038425489648972661e-01	1.557638234473459338e-01	1.085972850678730006e-01	1.038425489648972661e-01	1.557638234473459338e-01	1.557638234473459338e-01	1.557638234473459338e-01	1.038425489648972661e-01	1.557638234473459338e-01	1.557638234473459338e-01	1.557638234473459338e-01	1.038425489648972661e-01	1.038425489648972661e-01	8.560311284046689950e-02	1.038425489648972661e-01	1.557638234473459338e-01	1.557638234473459338e-01	1.033210332103319945e-01	1.328671328671330032e-01	1.038425489648972661e-01	1.557638234473459338e-01	2.882352941176469785e-01	1.557638234473459338e-01	1.038425489648972661e-01	1.557638234473459338e-01	1.557638234473459338e-01	2.624113475177299870e-01	1.557638234473459338e-01	1.557638234473459338e-01	1.840490797546009971e-01	1.557638234473459338e-01	1.557638234473459338e-01	1.038425489648972661e-01	9.580419580419580194e-01	1.350210970464129911e-01	1.557638234473459338e-01	1.557638234473459338e-01	1.557638234473459338e-01	1.557638234473459338e-01	1.825396825396830014e-01	4.536585365853659790e-01	1.037037037037040060e-01	1.557638234473459338e-01	1.038425489648972661e-01	1.343283582089550010e-01	1.038425489648972661e-01	1.557638234473459338e-01	1.557638234473459338e-01	1.038425489648972661e-01	1.557638234473459338e-01	1.305970149253730117e-01	1.557638234473459338e-01	1.557638234473459338e-01	1.374045801526720123e-01	1.653225806451610047e-01	1.038425489648972661e-01	1.038425489648972661e-01	1.557638234473459338e-01	1.363636363636359927e-01	1.557638234473459338e-01	1.054545454545449956e-01	1.557638234473459338e-01	9.313725490196080037e-02	1.557638234473459338e-01	1.304347826086960094e-01
1.557638234473459338e-01	1.438596491228069929e-01	1.000000000000000000e+00	1.038425489648972661e-01	1.557638234473459338e-01	2.233676975945020071e-01	1.557638234473459338e-01	1.038425489648972661e-01	2.723577235772359773e-01	2.261484098939930132e-01	2.803030303030299986e-01	1.557638234473459338e-01	1.557638234473459338e-01	1.557638234473459338e-01	1.038425489648972661e-01	1.557638234473459338e-01	1.557638234473459338e-01	1.038425489648972661e-01	1.038425489648972661e-01	1.557638234473459338e-01	1.557638234473459338e-01	1.557638234473459338e-01	1.557638234473459338e-01	1.557638234473459338e-01	1.557638234473459338e-01	1.557638234473459338e-01	1.557638234473459338e-01	1.557638234473459338e-01	1.557638234473459338e-01	2.484662576687119984e-01	2.627118644067800157e-01	1.557638234473459338e-01	1.557638234473459338e-01	1.557638234473459338e-01	3.032786885245900010e-01	1.557638234473459338e-01	1.715328467153280079e-01	2.734693877551019892e-01	1.557638234473459338e-01	1.557638234473459338e-01	1.038425489648972661e-01	1.557638234473459338e-01	1.557638234473459338e-01	1.557638234473459338e-01	3.280423280423280241e-01	2.222222222222219878e-01	1.557638234473459338e-01	1.557638234473459338e-01	1.557638234473459338e-01	1.038425489648972661e-01	2.246153846153849942e-01	1.557638234473459338e-01	1.557638234473459338e-01	1.557638234473459338e-01	1.557638234473459338e-01	1.038425489648972661e-01	2.952029520295200160e-01	1.038425489648972661e-01	1.557638234473459338e-01	1.557638234473459338e-01	6.635071090047389708e-02	1.927710843373489913e-01	1.038425489648972661e-01	1.557638234473459338e-01	1.557638234473459338e-01	1.557638234473459338e-01	1.557638234473459338e-01	1.557638234473459338e-01	2.374429223744289885e-01	2.534562211981569724e-01	1.557638234473459338e-01	9.747292418772560141e-02	1.038425489648972661e-01	1.038425489648972661e-01	1.038425489648972661e-01	2.808988764044940134e-01	3.818897637795279909e-01	1.557638234473459338e-01	1.557638234473459338e-01	1.557638234473459338e-01	2.860892388451439783e-01	5.235602094240839749e-03	1.557638234473459338e-01	1.557638234473459338e-01	1.557638234473459338e-01	1.038425489648972661e-01	1.557638234473459338e-01	1.038425489648972661e-01	1.557638234473459338e-01	1.557638234473459338e-01	1.557638234473459338e-01	1.038425489648972661e-01	1.487889273356400033e-01	1.038425489648972661e-01	1.038425489648972661e-01	2.250922509225090073e-01	1.557638234473459338e-01	1.557638234473459338e-01	1.557638234473459338e-01	1.557638234473459338e-01	1.038425489648972661e-01	4.026548672566370168e-01	1.038425489648972661e-01	1.557638234473459338e-01	2.500000000000000000e-01	1.557638234473459338e-01	1.038425489648972661e-01	1.557638234473459338e-01	2.286689419795220057e-01	3.003663003663000208e-01	1.557638234473459338e-01	1.038425489648972661e-01	1.557638234473459338e-01	2.355072463768120017e-01	1.038425489648972661e-01	1.557638234473459338e-01	1.557638234473459338e-01	1.557638234473459338e-01	2.025723472668810032e-01	1.557638234473459338e-01	1.557638234473459338e-01	1.557638234473459338e-01	1.038425489648972661e-01	3.359683794466399864e-01
1.038425489648972661e-01	1.557638234473459338e-01	1.038425489648972661e-01	1.000000000000000000e+00	1.868131868131870099e-01	1.038425489648972661e-01	1.403508771929820043e-01	1.038425489648972661e-01	1.557638234473459338e-01	1.557638234473459338e-01	1.557638234473459338e-01	1.557638234473459338e-01	1.038425489648972661e-01	1.860465116279070019e-01	1.557638234473459338e-01	1.854545454545450112e-01	2.716763005780349904e-01	1.557638234473459338e-01	1.557638234473459338e-01	1.557638234473459338e-01	1.557638234473459338e-01	1.038425489648972661e-01	1.557638234473459338e-01	1.557638234473459338e-01	1.557638234473459338e-01	1.557638234473459338e-01	1.608391608391609995e-01	1.557638234473459338e-01	1.557638234473459338e-01	1.557638234473459338e-01	1.038425489648972661e-01	1.038425489648972661e-01	1.956521739130429871e-01	1.557638234473459338e-01	2.957746478873239937e-01	1.038425489648972661e-01	1.777777777777780066e-01	1.557638234473459338e-01	1.038425489648972661e-01	1.038425489648972661e-01	1.557638234473459338e-01	1.557638234473459338e-01	1.038425489648972661e-01	1.953352769679299883e-01	1.557638234473459338e-01	1.557638234473459338e-01	2.964285714285709861e-01	1.557638234473459338e-01	1.557638234473459338e-01	1.038425489648972661e-01	2.549019607843139856e-01	1.557638234473459338e-01	7.509881422924899463e-02	2.646048109965640216e-01	1.557638234473459338e-01	1.557638234473459338e-01	2.893890675241159727e-01	9.259259259259260133e-02	1.038425489648972661e-01	1.038425489648972661e-01	7.843137254901960675e-02	1.038425489648972661e-01	1.038425489648972661e-01	1.038425489648972661e-01	1.557638234473459338e-01	2.553763440860220002e-01	1.557638234473459338e-01	1.679389312977100090e-01	1.557638234473459338e-01	1.557638234473459338e-01	1.038425489648972661e-01	1.062499999999999972e-01	1.038425489648972661e-01	1.038425489648972661e-01	1.038425489648972661e-01	1.038425489648972661e-01	1.038425489648972661e-01	1.557638234473459338e-01	1.557638234473459338e-01	1.557638234473459338e-01	1.557638234473459338e-01	8.333333333333329748e-03	1.538461538461539935e-01	1.557638234473459338e-01	2.893890675241159727e-01	1.557638234473459338e-01	1.557638234473459338e-01	1.557638234473459338e-01	1.557638234473459338e-01	1.557638234473459338e-01	1.038425489648972661e-01	1.557638234473459338e-01	1.753846153846150002e-01	1.038425489648972661e-01	1.557638234473459338e-01	1.557638234473459338e-01	1.557638234473459338e-01	1.038425489648972661e-01	1.557638234473459338e-01	1.557638234473459338e-01	2.500000000000000000e-01	1.557638234473459338e-01	2.177914110429449990e-01	1.038425489648972661e-01	3.214285714285710083e-01	1.557638234473459338e-01	1.557638234473459338e-01	1.557638234473459338e-01	1.557638234473459338e-01	1.038425489648972661e-01	1.557638234473459338e-01	2.567164179104480248e-01	1.557638234473459338e-01	1.557638234473459338e-01	1.038425489648972661e-01	1.557638234473459338e-01	2.395543175487470089e-01	1.038425489648972661e-01	2.289855072463770069e-01	1.038425489648972661e-01	1.557638234473459338e-01	1.557638234473459338e-01	1.038425489648972661e-01	1.557638234473459338e-01
1.333333333333329984e-01	1.557638234473459338e-01	1.557638234473459338e-01	1.868131868131870099e-01	1.000000000000000000e+00	2.537313432835819893e-01	1.038425489648972661e-01	1.557638234473459338e-01	1.557638234473459338e-01	1.038425489648972661e-01	1.641791044776119979e-01	1.581395348837210113e-01	2.045454545454550022e-01	1.557638234473459338e-01	1.557638234473459338e-01	1.038425489648972661e-01	1.557638234473459338e-01	1.038425489648972661e-01	1.038425489648972661e-01	1.557638234473459338e-01	1.802721088435370045e-01	1.557638234473459338e-01	1.038425489648972661e-01	1.038425489648972661e-01	1.557638234473459338e-01	1.557638234473459338e-01	1.038425489648972661e-01	1.038425489648972661e-01	1.557638234473459338e-01	1.557638234473459338e-01	1.038425489648972661e-01	1.510791366906469868e-01	1.557638234473459338e-01	1.603375527426159908e-01	2.891566265060239727e-01	1.557638234473459338e-01	1.542553191489360043e-01	1.557638234473459338e-01	1.038425489648972661e-01	1.038425489648972661e-01	1.557638234473459338e-01	1.557638234473459338e-01	1.557638234473459338e-01	1.038425489648972661e-01	1.038425489648972661e-01	1.038425489648972661e-01	1.557638234473459338e-01	2.105263157894740056e-01	1.038425489648972661e-01	1.038425489648972661e-01	1.902834008097170071e-01	1.209677419354839994e-01	1.557638234473459338e-01	1.038425489648972661e-01	1.038425489648972661e-01	1.556886227544909962e-01	1.557638234473459338e-01	1.038425489648972661e-01	1.557638234473459338e-01	1.557638234473459338e-01	1.000000000000000056e-01	1.557638234473459338e-01	1.038425489648972661e-01	1.557638234473459338e-01	1.038425489648972661e-01	1.901140684410649873e-01	1.557638234473459338e-01	2.159999999999999976e-01	1.557638234473459338e-01	1.748251748251750115e-01	1.038425489648972661e-01	1.363636363636359927e-01	1.557638234473459338e-01	1.851851851851850084e-01	1.557638234473459338e-01	1.038425489648972661e-01	1.557638234473459338e-01	1.038425489648972661e-01	1.441048034934500066e-01	1.557638234473459338e-01	1.557638234473459338e-01	1.557638234473459338e-01	1.945945945945949940e-01	1.557638234473459338e-01	1.557638234473459338e-01	1.557638234473459338e-01	1.038425489648972661e-01	1.641791044776119979e-01	1.038425489648972661e-01	1.557638234473459338e-01	1.038425489648972661e-01	1.557638234473459338e-01	1.557638234473459338e-01	2.329545454545449978e-01	1.557638234473459338e-01	1.038425489648972661e-01	3.740458015267180136e-01	1.602209944751379900e-01	1.557638234473459338e-01	2.424242424242419869e-01	1.557638234473459338e-01	1.451612903225809881e-01	1.557638234473459338e-01	1.557638234473459338e-01	1.038425489648972661e-01	1.038425489648972661e-01	1.690821256038650133e-01	1.557638234473459338e-01	1.689497716894980128e-01	1.557638234473459338e-01	1.557638234473459338e-01	1.557638234473459338e-01	1.038425489648972661e-01	1.674876847290640014e-01	1.038425489648972661e-01	1.557638234473459338e-01	1.038425489648972661e-01	1.038425489648972661e-01	1.038425489648972661e-01	1.038425489648972661e-01	1.557638234473459338e-01	1.400000000000000133e-01	1.557638234473459338e-01	1.758793969849249961e-01
1.557638234473459338e-01	1.557638234473459338e-01	2.233676975945020071e-01	1.038425489648972661e-01	2.537313432835819893e-01	1.000000000000000000e+00	1.038425489648972661e-01	1.557638234473459338e-01	1.557638234473459338e-01	1.557638234473459338e-01	1.557638234473459338e-01	1.557638234473459338e-01	2.048611111111109939e-01	1.557638234473459338e-01	1.813471502590670026e-01	1.557638234473459338e-01	1.557638234473459338e-01	1.038425489648972661e-01	1.557638234473459338e-01	1.557638234473459338e-01	1.818181818181819898e-01	1.557638234473459338e-01	1.592592592592589895e-01	2.084805653710249951e-01	2.971014492753619729e-01	1.557638234473459338e-01	1.304347826086960094e-01	1.720430107526879915e-01	1.557638234473459338e-01	1.038425489648972661e-01	2.602739726027399891e-01	1.038425489648972661e-01	1.572327044025159937e-01	1.557638234473459338e-01	1.557638234473459338e-01	1.749999999999999889e-01	1.557638234473459338e-01	1.553784860557770042e-01	1.693811074918570025e-01	1.557638234473459338e-01	3.515625000000000000e-01	1.557638234473459338e-01	1.557638234473459338e-01	1.557638234473459338e-01	3.521126760563380031e-01	1.987179487179490112e-01	1.038425489648972661e-01	3.113553113553110263e-01	1.557638234473459338e-01	1.038425489648972661e-01	1.038425489648972661e-01	1.557638234473459338e-01	1.494252873563219897e-01	1.557638234473459338e-01	1.038425489648972661e-01	1.557638234473459338e-01	1.557638234473459338e-01	1.038425489648972661e-01	1.050420168067229959e-01	1.557638234473459338e-01	7.978723404255319562e-02	1.038425489648972661e-01	1.557638234473459338e-01	5.028571428571430024e-01	1.557638234473459338e-01	1.557638234473459338e-01	1.557638234473459338e-01	1.038425489648972661e-01	1.038425489648972661e-01	1.557638234473459338e-01	1.557638234473459338e-01	4.461538461538460121e-01	1.038425489648972661e-01	1.557638234473459338e-01	3.242009132420090034e-01	1.557638234473459338e-01	1.749999999999999889e-01	1.557638234473459338e-01	1.038425489648972661e-01	3.598726114649680174e-01	1.038425489648972661e-01	1.557638234473459338e-01	1.557638234473459338e-01	1.557638234473459338e-01	2.751937984496120038e-01	1.557638234473459338e-01	1.541353383458649862e-01	1.557638234473459338e-01	1.494845360824740010e-01	1.677631578947370028e-01	1.557638234473459338e-01	1.038425489648972661e-01	1.038425489648972661e-01	2.355371900826450093e-01	1.716738197424889922e-01	1.557638234473459338e-01	1.557638234473459338e-01	1.557638234473459338e-01	1.557638234473459338e-01	1.038425489648972661e-01	1.557638234473459338e-01	1.038425489648972661e-01	1.557638234473459338e-01	1.038425489648972661e-01	1.038425489648972661e-01	1.428571428571429880e-01	1.038425489648972661e-01	1.557638234473459338e-01	1.557638234473459338e-01	1.557638234473459338e-01	1.557638234473459338e-01	1.557638234473459338e-01	1.557638234473459338e-01	1.038425489648972661e-01	1.798561151079139941e-01	1.947194719471949942e-01	1.038425489648972661e-01	1.557638234473459338e-01	2.137931034482760118e-01	1.678321678321680055e-01	1.557638234473459338e-01	1.038425489648972661e-01	1.557638234473459338e-01	1.557638234473459338e-01
9.042553191489359488e-02	1.557638234473459338e-01	1.557638234473459338e-01	1.403508771929820043e-01	1.038425489648972661e-01	1.038425489648972661e-01	1.000000000000000000e+00	1.038425489648972661e-01	1.038425489648972661e-01	1.038425489648972661e-01	1.557638234473459338e-01	1.038425489648972661e-01	1.557638234473459338e-01	1.557638234473459338e-01	1.557638234473459338e-01	1.038425489648972661e-01	8.712121212121209934e-02	1.557638234473459338e-01	1.557638234473459338e-01	1.557638234473459338e-01	1.153846153846150024e-01	1.557638234473459338e-01	1.428571428571429880e-01	1.038425489648972661e-01	1.557638234473459338e-01	1.038425489648972661e-01	1.038425489648972661e-01	1.557638234473459338e-01	1.557638234473459338e-01	1.038425489648972661e-01	1.079545454545449978e-01	3.644067796610169774e-01	1.038425489648972661e-01	1.557638234473459338e-01	1.315789473684209898e-01	1.557638234473459338e-01	1.038425489648972661e-01	1.557638234473459338e-01	1.557638234473459338e-01	1.038425489648972661e-01	1.038425489648972661e-01	1.633663366336630118e-01	1.557638234473459338e-01	1.557638234473459338e-01	1.038425489648972661e-01	9.328358208955220277e-02	1.038425489648972661e-01	1.557638234473459338e-01	8.849557522123889519e-02	8.606557377049180169e-02	1.557638234473459338e-01	1.557638234473459338e-01	1.557638234473459338e-01	1.557638234473459338e-01	1.557638234473459338e-01	1.557638234473459338e-01	1.557638234473459338e-01	1.557638234473459338e-01	6.432748538011699713e-02	1.557638234473459338e-01	1.557638234473459338e-01	9.604519774011299749e-02	1.557638234473459338e-01	1.557638234473459338e-01	1.557638234473459338e-01	1.557638234473459338e-01	9.389671361502349711e-02	1.557638234473459338e-01	1.038425489648972661e-01	1.557638234473459338e-01	1.974248927038629864e-01	1.557638234473459338e-01	1.557638234473459338e-01	1.557638234473459338e-01	1.038425489648972661e-01	1.557638234473459338e-01	1.557638234473459338e-01	1.557638234473459338e-01	1.239316239316240048e-01	1.557638234473459338e-01	2.285714285714290084e-01	1.557638234473459338e-01	1.557638234473459338e-01	1.557638234473459338e-01	1.376146788990829928e-01	1.038425489648972661e-01	1.557638234473459338e-01	1.557638234473459338e-01	1.038425489648972661e-01	1.038425489648972661e-01	1.557638234473459338e-01	1.557638234473459338e-01	1.557638234473459338e-01	1.557638234473459338e-01	1.038425489648972661e-01	1.507537688442210089e-01	1.038425489648972661e-01	1.038425489648972661e-01	1.557638234473459338e-01	1.038425489648972661e-01	6.465517241379309388e-02	1.038425489648972661e-01	1.038425489648972661e-01	1.557638234473459338e-01	1.038425489648972661e-01	7.174887892376680121e-02	1.038425489648972661e-01	1.312217194570139966e-01	1.038425489648972661e-01	1.150442477876110065e-01	1.557638234473459338e-01	1.074380165289259975e-01	1.557638234473459338e-01	1.557638234473459338e-01	1.557638234473459338e-01	1.557638234473459338e-01	1.557638234473459338e-01	1.557638234473459338e-01	1.557638234473459338e-01	1.038425489648972661e-01	1.557638234473459338e-01	1.557638234473459338e-01	1.065989847715740069e-01	1.557638234473459338e-01
1.557638234473459338e-01	1.038425489648972661e-01	1.038425489648972661e-01	1.038425489648972661e-01	1.557638234473459338e-01	1.557638234473459338e-01	1.038425489648972661e-01	1.000000000000000000e+00	3.105263157894739834e-01	1.557638234473459338e-01	1.557638234473459338e-01	1.557638234473459338e-01	1.557638234473459338e-01	1.038425489648972661e-01	1.038425489648972661e-01	1.336898395721929922e-01	1.557638234473459338e-01	1.557638234473459338e-01	1.990049751243780085e-01	2.233009708737860033e-01	2.208201892744479922e-01	2.477876106194689954e-01	1.557638234473459338e-01	2.295081967213110086e-01	1.557638234473459338e-01	1.557638234473459338e-01	1.038425489648972661e-01	1.557638234473459338e-01	1.643835616438359959e-01	1.038425489648972661e-01	3.146067415730339767e-01	1.038425489648972661e-01	1.438596491228069929e-01	1.557638234473459338e-01	1.038425489648972661e-01	1.557638234473459338e-01	1.557638234473459338e-01	1.038425489648972661e-01	2.053231939163500108e-01	1.038425489648972661e-01	1.557638234473459338e-01	1.275720164609049911e-01	1.557638234473459338e-01	1.038425489648972661e-01	1.557638234473459338e-01	1.557638234473459338e-01	2.639593908629440100e-01	1.969696969696969890e-01	2.127659574468090120e-01	1.038425489648972661e-01	1.557638234473459338e-01	1.038425489648972661e-01	8.965517241379310220e-02	1.557638234473459338e-01	1.557638234473459338e-01	1.038425489648972661e-01	2.424242424242419869e-01	1.557638234473459338e-01	1.570680628272249912e-01	1.900000000000000022e-01	1.557638234473459338e-01	1.887755102040820088e-01	2.137096774193550097e-01	1.038425489648972661e-01	1.375838926174499932e-01	2.299651567944250019e-01	1.557638234473459338e-01	1.557638234473459338e-01	1.557638234473459338e-01	1.557638234473459338e-01	1.557638234473459338e-01	1.557638234473459338e-01	1.038425489648972661e-01	1.038425489648972661e-01	7.359307359307359908e-02	2.484076433121019944e-01	1.557638234473459338e-01	1.038425489648972661e-01	1.557638234473459338e-01	1.557638234473459338e-01	1.038425489648972661e-01	7.874015748031499423e-03	1.557638234473459338e-01	1.713147410358570044e-01	1.557638234473459338e-01	1.557638234473459338e-01	1.557638234473459338e-01	2.137931034482760118e-01	1.038425489648972661e-01	1.557638234473459338e-01	1.585903083700440086e-01	1.038425489648972661e-01	1.557638234473459338e-01	1.557638234473459338e-01	1.557638234473459338e-01	1.557638234473459338e-01	1.557638234473459338e-01	1.557638234473459338e-01	1.557638234473459338e-01	1.557638234473459338e-01	2.434782608695650052e-01	1.038425489648972661e-01	1.557638234473459338e-01	1.557638234473459338e-01	3.128205128205129859e-01	1.557638234473459338e-01	1.557638234473459338e-01	1.557638234473459338e-01	1.557638234473459338e-01	1.557638234473459338e-01	1.557638234473459338e-01	1.557638234473459338e-01	1.557638234473459338e-01	1.557638234473459338e-01	2.222222222222219878e-01	1.557638234473459338e-01	1.557638234473459338e-01	1.038425489648972661e-01	1.557638234473459338e-01	1.557638234473459338e-01	1.557638234473459338e-01	1.557638234473459338e-01	1.557638234473459338e-01	1.557638234473459338e-01
1.557638234473459338e-01	9.663865546218490532e-02	2.723577235772359773e-01	1.557638234473459338e-01	1.557638234473459338e-01	1.557638234473459338e-01	1.038425489648972661e-01	3.105263157894739834e-01	1.000000000000000000e+00	2.051282051282050101e-01	1.557638234473459338e-01	2.360515021459229923e-01	2.614107883817429756e-01	1.038425489648972661e-01	1.557638234473459338e-01	1.557638234473459338e-01	1.038425489648972661e-01	1.557638234473459338e-01	1.557638234473459338e-01	1.557638234473459338e-01	3.084745762711860184e-01	1.038425489648972661e-01	1.038425489648972661e-01	3.230088495575220153e-01	2.450592885375489915e-01	2.314049586776860123e-01	1.038425489648972661e-01	1.038425489648972661e-01	1.557638234473459338e-01	1.557638234473459338e-01	1.557638234473459338e-01	1.038425489648972661e-01	1.557638234473459338e-01	1.038425489648972661e-01	1.557638234473459338e-01	1.557638234473459338e-01	1.557638234473459338e-01	1.557638234473459338e-01	1.557638234473459338e-01	1.557638234473459338e-01	1.038425489648972661e-01	1.716738197424889922e-01	1.557638234473459338e-01	1.557638234473459338e-01	2.240896358543419953e-01	1.557638234473459338e-01	1.557638234473459338e-01	1.557638234473459338e-01	2.401746724890830020e-01	1.038425489648972661e-01	1.557638234473459338e-01	1.557638234473459338e-01	1.557638234473459338e-01	1.038425489648972661e-01	2.336448598130839993e-01	1.557638234473459338e-01	1.557638234473459338e-01	1.557638234473459338e-01	1.557638234473459338e-01	1.557638234473459338e-01	1.038425489648972661e-01	1.958762886597940067e-01	1.557638234473459338e-01	7.843137254901960675e-02	1.557638234473459338e-01	2.222222222222219878e-01	1.038425489648972661e-01	1.038425489648972661e-01	1.038425489648972661e-01	1.557638234473459338e-01	1.557638234473459338e-01	1.038425489648972661e-01	1.557638234473459338e-01	1.557638234473459338e-01	1.038425489648972661e-01	1.038425489648972661e-01	2.711111111111110250e-01	1.557638234473459338e-01	1.038425489648972661e-01	1.557638234473459338e-01	1.557638234473459338e-01	1.600000000000000033e-02	9.704641350210969908e-02	1.038425489648972661e-01	1.557638234473459338e-01	1.557638234473459338e-01	1.038425489648972661e-01	1.038425489648972661e-01	2.000000000000000111e-01	1.557638234473459338e-01	1.038425489648972661e-01	2.827225130890049787e-01	1.557638234473459338e-01	2.248803827751200135e-01	1.557638234473459338e-01	3.484848484848490080e-01	1.038425489648972661e-01	1.038425489648972661e-01	1.038425489648972661e-01	1.176470588235289938e-01	1.557638234473459338e-01	1.557638234473459338e-01	1.557638234473459338e-01	1.557638234473459338e-01	1.557638234473459338e-01	1.557638234473459338e-01	1.038425489648972661e-01	1.557638234473459338e-01	1.557638234473459338e-01	1.557638234473459338e-01	3.278688524590159803e-01	1.557638234473459338e-01	1.038425489648972661e-01	3.529411764705879806e-01	1.557638234473459338e-01	1.557638234473459338e-01	2.359550561797749968e-01	2.473684210526319871e-01	1.557638234473459338e-01	1.038425489648972661e-01	2.113821138211380013e-01	1.557638234473459338e-01	1.557638234473459338e-01	2.877358490566039873e-01
3.317307692307689959e-01	1.389961389961389959e-01	2.261484098939930132e-01	1.557638234473459338e-01	1.038425489648972661e-01	1.557638234473459338e-01	1.038425489648972661e-01	1.557638234473459338e-01	2.051282051282050101e-01	1.000000000000000000e+00	3.232758620689660245e-01	1.557638234473459338e-01	1.943462897526500033e-01	2.976190476190480050e-01	1.038425489648972661e-01	1.038425489648972661e-01	1.557638234473459338e-01	3.521126760563380031e-01	2.863849765258220104e-01	1.557638234473459338e-01	1.038425489648972661e-01	1.038425489648972661e-01	4.205607476635510045e-01	3.817427385892119829e-01	1.911262798634809912e-01	2.296296296296299888e-01	2.184466019417480032e-01	1.557638234473459338e-01	1.557638234473459338e-01	1.038425489648972661e-01	1.557638234473459338e-01	7.373271889400920265e-02	1.038425489648972661e-01	1.038425489648972661e-01	1.557638234473459338e-01	1.557638234473459338e-01	1.557638234473459338e-01	1.557638234473459338e-01	2.867647058823529771e-01	1.038425489648972661e-01	1.346801346801350108e-01	1.038425489648972661e-01	1.396226415094339868e-01	1.038425489648972661e-01	1.038425489648972661e-01	1.038425489648972661e-01	1.038425489648972661e-01	1.038425489648972661e-01	1.557638234473459338e-01	2.669172932330829973e-01	1.993464052287579891e-01	3.195488721804510268e-01	1.038425489648972661e-01	2.587719298245609867e-01	1.557638234473459338e-01	1.038425489648972661e-01	1.038425489648972661e-01	1.038425489648972661e-01	1.557638234473459338e-01	1.038425489648972661e-01	1.022727272727270015e-01	1.038425489648972661e-01	2.603773584905659799e-01	8.547008547008549950e-02	1.038425489648972661e-01	1.557638234473459338e-01	1.557638234473459338e-01	1.138613861386140041e-01	1.557638234473459338e-01	2.110552763819099897e-01	1.557638234473459338e-01	1.038425489648972661e-01	1.038425489648972661e-01	1.557638234473459338e-01	1.150793650793650036e-01	1.557638234473459338e-01	2.213740458015270030e-01	1.557638234473459338e-01	1.551724137931030090e-01	1.038425489648972661e-01	1.557638234473459338e-01	6.250000000000000347e-03	1.557638234473459338e-01	1.557638234473459338e-01	1.557638234473459338e-01	1.557638234473459338e-01	1.557638234473459338e-01	2.540716612377850181e-01	1.038425489648972661e-01	2.814814814814809996e-01	1.038425489648972661e-01	1.557638234473459338e-01	1.038425489648972661e-01	1.934156378600820070e-01	2.054794520547950087e-01	1.557638234473459338e-01	2.163461538461539935e-01	1.557638234473459338e-01	1.814814814814809940e-01	1.557638234473459338e-01	1.557638234473459338e-01	1.557638234473459338e-01	1.747211895910779911e-01	1.557638234473459338e-01	1.557638234473459338e-01	1.557638234473459338e-01	3.695652173913039906e-01	1.557638234473459338e-01	1.557638234473459338e-01	1.038425489648972661e-01	1.787234042553189906e-01	1.557638234473459338e-01	1.038425489648972661e-01	1.557638234473459338e-01	1.557638234473459338e-01	1.038425489648972661e-01	2.953736654804269834e-01	1.557638234473459338e-01	1.557638234473459338e-01	1.038425489648972661e-01	1.557638234473459338e-01	2.512820512820509999e-01	2.719298245614040210e-01	2.086614173228349967e-01
1.038425489648972661e-01	1.557638234473459338e-01	2.803030303030299986e-01	1.557638234473459338e-01	1.641791044776119979e-01	1.557638234473459338e-01	1.557638234473459338e-01	1.557638234473459338e-01	1.557638234473459338e-01	3.232758620689660245e-01	1.000000000000000000e+00	1.038425489648972661e-01	2.368421052631579926e-01	1.038425489648972661e-01	1.038425489648972661e-01	1.557638234473459338e-01	1.038425489648972661e-01	1.557638234473459338e-01	1.557638234473459338e-01	1.038425489648972661e-01	1.038425489648972661e-01	1.038425489648972661e-01	1.557638234473459338e-01	1.557638234473459338e-01	1.557638234473459338e-01	2.188679245283020047e-01	2.804232804232800191e-01	3.261802575107299873e-01	1.557638234473459338e-01	2.525597269624569874e-01	1.557638234473459338e-01	1.038425489648972661e-01	1.557638234473459338e-01	1.649484536082470032e-01	1.557638234473459338e-01	1.557638234473459338e-01	2.600896860986550152e-01	2.142857142857139963e-01	1.557638234473459338e-01	1.038425489648972661e-01	1.557638234473459338e-01	1.038425489648972661e-01	1.557638234473459338e-01	1.557638234473459338e-01	1.038425489648972661e-01	1.946308724832210013e-01	1.557638234473459338e-01	1.557638234473459338e-01	4.784688995215309881e-01	1.038425489648972661e-01	1.973244147157189876e-01	1.557638234473459338e-01	1.030303030303029999e-01	1.557638234473459338e-01	2.675438596491229726e-01	1.557638234473459338e-01	1.038425489648972661e-01	5.670103092783509990e-02	1.557638234473459338e-01	2.186046511627910138e-01	5.714285714285709944e-02	1.038425489648972661e-01	1.557638234473459338e-01	7.929515418502200430e-02	1.038425489648972661e-01	1.557638234473459338e-01	3.155555555555559777e-01	1.191709844559590004e-01	1.557638234473459338e-01	1.557638234473459338e-01	1.038425489648972661e-01	1.038425489648972661e-01	1.038425489648972661e-01	2.610837438423649903e-01	1.557638234473459338e-01	1.557638234473459338e-01	1.557638234473459338e-01	1.557638234473459338e-01	1.557638234473459338e-01	1.557638234473459338e-01	1.557638234473459338e-01	1.038425489648972661e-01	1.557638234473459338e-01	1.557638234473459338e-01	1.557638234473459338e-01	1.557638234473459338e-01	2.403433476394850055e-01	1.557638234473459338e-01	1.038425489648972661e-01	1.038425489648972661e-01	1.557638234473459338e-01	1.557638234473459338e-01	1.557638234473459338e-01	2.270742358078599865e-01	1.557638234473459338e-01	2.372881355932200120e-01	1.557638234473459338e-01	2.398190045248869973e-01	1.038425489648972661e-01	1.038425489648972661e-01	4.485981308411209900e-01	4.427083333333329818e-01	1.557638234473459338e-01	1.038425489648972661e-01	1.557638234473459338e-01	2.276422764227639950e-01	3.660714285714289917e-01	1.038425489648972661e-01	1.557638234473459338e-01	1.038425489648972661e-01	1.038425489648972661e-01	1.779359430604980086e-01	3.537117903930129814e-01	1.557638234473459338e-01	1.557638234473459338e-01	1.557638234473459338e-01	1.557638234473459338e-01	1.557638234473459338e-01	1.557638234473459338e-01	1.557638234473459338e-01	2.328244274809160019e-01	2.566844919786099855e-01	2.433628318584070138e-01	3.545454545454549966e-01
1.557638234473459338e-01	1.315789473684209898e-01	1.557638234473459338e-01	1.557638234473459338e-01	1.581395348837210113e-01	1.557638234473459338e-01	1.038425489648972661e-01	1.557638234473459338e-01	2.360515021459229923e-01	1.557638234473459338e-01	1.038425489648972661e-01	1.000000000000000000e+00	2.241992882562280076e-01	1.557638234473459338e-01	1.557638234473459338e-01	1.038425489648972661e-01	3.129496402877700034e-01	3.424657534246580148e-01	1.557638234473459338e-01	1.557638234473459338e-01	2.831325301204820066e-01	1.557638234473459338e-01	1.557638234473459338e-01	1.557638234473459338e-01	1.557638234473459338e-01	2.335766423357659993e-01	1.557638234473459338e-01	1.038425489648972661e-01	1.557638234473459338e-01	2.088607594936709999e-01	1.557638234473459338e-01	1.038425489648972661e-01	1.038425489648972661e-01	1.038425489648972661e-01	1.557638234473459338e-01	1.038425489648972661e-01	2.925764192139739817e-01	1.810699588477369948e-01	1.557638234473459338e-01	2.500000000000000000e-01	1.038425489648972661e-01	1.038425489648972661e-01	1.407407407407409994e-01	1.557638234473459338e-01	1.557638234473459338e-01	1.557638234473459338e-01	1.557638234473459338e-01	1.038425489648972661e-01	1.557638234473459338e-01	1.038425489648972661e-01	1.557638234473459338e-01	1.557638234473459338e-01	1.557638234473459338e-01	2.157676348547719891e-01	1.038425489648972661e-01	1.557638234473459338e-01	1.557638234473459338e-01	1.557638234473459338e-01	1.038425489648972661e-01	1.557638234473459338e-01	1.111111111111109939e-01	1.574468085106379978e-01	1.557638234473459338e-01	1.038425489648972661e-01	1.559633027522940030e-01	3.066666666666669760e-01	1.557638234473459338e-01	1.038425489648972661e-01	1.557638234473459338e-01	1.557638234473459338e-01	1.557638234473459338e-01	1.557638234473459338e-01	3.721973094170399898e-01	1.557638234473459338e-01	1.038425489648972661e-01	1.038425489648972661e-01	1.557638234473459338e-01	1.557638234473459338e-01	1.557638234473459338e-01	1.584699453551909887e-01	1.038425489648972661e-01	1.557638234473459338e-01	1.406844106463880084e-01	1.038425489648972661e-01	2.635658914728680191e-01	1.557638234473459338e-01	3.881278538812790169e-01	1.038425489648972661e-01	1.557638234473459338e-01	1.038425489648972661e-01	2.742616033755270188e-01	1.557638234473459338e-01	1.557638234473459338e-01	1.038425489648972661e-01	1.557638234473459338e-01	1.038425489648972661e-01	1.557638234473459338e-01	1.557638234473459338e-01	1.557638234473459338e-01	1.284722222222219878e-01	1.038425489648972661e-01	1.557638234473459338e-01	1.557638234473459338e-01	1.038425489648972661e-01	1.557638234473459338e-01	1.038425489648972661e-01	1.038425489648972661e-01	1.038425489648972661e-01	1.038425489648972661e-01	2.741312741312740275e-01	1.557638234473459338e-01	1.038425489648972661e-01	3.052208835341370108e-01	1.557638234473459338e-01	1.557638234473459338e-01	3.395522388059700192e-01	1.557638234473459338e-01	1.541666666666670071e-01	1.038425489648972661e-01	1.557638234473459338e-01	1.038425489648972661e-01	2.315270935960589971e-01	1.557638234473459338e-01	1.557638234473459338e-01
