1.000000000000000000e+00	9.263661748913459837e-01	7.896728360022576831e-01	7.896728360022576831e-01	7.896728360022576831e-01	9.072868579518590382e-01	7.896728360022576831e-01	8.582467235089680235e-01	7.896728360022576831e-01	7.896728360022576831e-01	7.896728360022576831e-01	7.896728360022576831e-01	7.896728360022576831e-01	8.943886264699429933e-01	7.896728360022576831e-01	9.420596159430429939e-01	7.896728360022576831e-01	7.896728360022576831e-01	7.896728360022576831e-01	8.903498549922840288e-01	8.933493021890179797e-01	7.896728360022576831e-01	8.927158971997709580e-01	7.896728360022576831e-01	7.896728360022576831e-01	7.896728360022576831e-01	7.896728360022576831e-01	7.698526883322179826e-01	7.896728360022576831e-01	7.896728360022576831e-01	7.896728360022576831e-01	9.330011361918300050e-01	7.896728360022576831e-01	7.927606516767630174e-01	7.896728360022576831e-01	7.896728360022576831e-01	7.896728360022576831e-01	9.161766831990959536e-01	5.349576003711810079e-01	9.086018484577419452e-01	7.896728360022576831e-01	8.842758871411909860e-01	7.896728360022576831e-01	7.896728360022576831e-01	7.896728360022576831e-01	7.896728360022576831e-01	7.896728360022576831e-01	7.896728360022576831e-01	7.896728360022576831e-01	7.896728360022576831e-01	7.896728360022576831e-01	7.896728360022576831e-01	9.153105941387029709e-01	7.896728360022576831e-01	7.896728360022576831e-01	7.896728360022576831e-01	7.896728360022576831e-01	7.896728360022576831e-01	9.282126593303130502e-01	7.896728360022576831e-01	7.896728360022576831e-01	7.896728360022576831e-01	8.950937155796530043e-01	8.589847385315889650e-01	7.896728360022576831e-01	7.896728360022576831e-01	9.078151198441329894e-01	4.488294881284070059e-01	7.896728360022576831e-01	7.896728360022576831e-01	9.250697529233780081e-01	7.306313510032460545e-01	7.896728360022576831e-01	9.215554727588489703e-01	7.896728360022576831e-01	7.896728360022576831e-01	7.896728360022576831e-01	7.896728360022576831e-01	8.925095274046559446e-01	7.896728360022576831e-01	7.896728360022576831e-01	7.896728360022576831e-01	7.896728360022576831e-01	7.896728360022576831e-01	7.896728360022576831e-01	6.832961445831230440e-01	7.896728360022576831e-01	7.896728360022576831e-01	1.000000000000000021e-03	4.070383212234159886e-01	7.896728360022576831e-01	7.896728360022576831e-01	7.896728360022576831e-01	7.896728360022576831e-01	7.896728360022576831e-01	8.969337470204390428e-01	7.896728360022576831e-01	7.896728360022576831e-01	2.329807262604099982e-01	7.896728360022576831e-01	7.896728360022576831e-01	8.971846634769590212e-01	8.906672489551680227e-01	7.896728360022576831e-01	7.896728360022576831e-01	7.896728360022576831e-01	9.126925547697100072e-01	7.896728360022576831e-01	7.896728360022576831e-01	7.896728360022576831e-01	7.896728360022576831e-01	7.896728360022576831e-01	7.896728360022576831e-01	7.896728360022576831e-01	9.267760466056600421e-01	7.896728360022576831e-01	7.896728360022576831e-01	9.240221327007089869e-01	9.255249047571200149e-01	7.896728360022576831e-01	7.896728360022576831e-01	7.896728360022576831e-01	8.927114950269050553e-01	7.896728360022576831e-01
9.263661748913459837e-01	1.000000000000000000e+00	9.062455978341980023e-01	7.896728360022576831e-01	7.803670272541689545e-01	7.896728360022576831e-01	8.768713490610819949e-01	7.896728360022576831e-01	8.127824421197520355e-01	7.896728360022576831e-01	7.896728360022576831e-01	7.896728360022576831e-01	7.896728360022576831e-01	7.896728360022576831e-01	8.586404779106779905e-01	7.896728360022576831e-01	7.896728360022576831e-01	7.896728360022576831e-01	9.264593736359689746e-01	7.896728360022576831e-01	7.896728360022576831e-01	7.896728360022576831e-01	7.896728360022576831e-01	7.896728360022576831e-01	7.896728360022576831e-01	8.810561880218470421e-01	6.092436739098869847e-01	7.896728360022576831e-01	7.896728360022576831e-01	7.896728360022576831e-01	7.896728360022576831e-01	9.286906053453239940e-01	7.896728360022576831e-01	7.896728360022576831e-01	9.238201906481650072e-01	7.896728360022576831e-01	7.896728360022576831e-01	9.127946198382970167e-01	7.896728360022576831e-01	7.896728360022576831e-01	7.896728360022576831e-01	8.805724257153999535e-01	7.896728360022576831e-01	6.801316936360890519e-01	7.896728360022576831e-01	7.896728360022576831e-01	8.330385549459330408e-01	7.896728360022576831e-01	7.896728360022576831e-01	7.896728360022576831e-01	7.896728360022576831e-01	7.896728360022576831e-01	7.896728360022576831e-01	7.896728360022576831e-01	7.896728360022576831e-01	9.140027924397799985e-01	7.896728360022576831e-01	7.896728360022576831e-01	7.896728360022576831e-01	7.896728360022576831e-01	7.896728360022576831e-01	7.896728360022576831e-01	8.925988085173750530e-01	7.896728360022576831e-01	7.896728360022576831e-01	7.896728360022576831e-01	7.896728360022576831e-01	4.472399449066210009e-01	9.086362374780649898e-01	7.896728360022576831e-01	7.896728360022576831e-01	7.896728360022576831e-01	7.896728360022576831e-01	9.168360289683350484e-01	7.896728360022576831e-01	7.896728360022576831e-01	7.896728360022576831e-01	7.896728360022576831e-01	8.876683135393670376e-01	9.068831996145310104e-01	7.896728360022576831e-01	7.896728360022576831e-01	8.130892369792289687e-01	7.896728360022576831e-01	7.896728360022576831e-01	7.896728360022576831e-01	9.036451270224400423e-01	7.896728360022576831e-01	1.000000000000000021e-03	7.896728360022576831e-01	7.896728360022576831e-01	7.896728360022576831e-01	7.896728360022576831e-01	8.886080573380990000e-01	7.686431183738670070e-01	7.896728360022576831e-01	8.937283342236069794e-01	7.896728360022576831e-01	2.323498485203280006e-01	7.896728360022576831e-01	7.896728360022576831e-01	8.930352530414620293e-01	8.874793968973809788e-01	7.896728360022576831e-01	7.896728360022576831e-01	9.099431906508429480e-01	7.896728360022576831e-01	7.896728360022576831e-01	9.335913209409369973e-01	8.986506899013230187e-01	8.844658181701620103e-01	7.896728360022576831e-01	7.896728360022576831e-01	7.896728360022576831e-01	7.896728360022576831e-01	9.201754278126109687e-01	7.896728360022576831e-01	7.896728360022576831e-01	7.896728360022576831e-01	7.896728360022576831e-01	9.123381497113890459e-01	7.896728360022576831e-01	8.894839116370399923e-01	7.896728360022576831e-01
7.896728360022576831e-01	9.062455978341980023e-01	1.000000000000000000e+00	7.896728360022576831e-01	7.896728360022576831e-01	8.889066756030490346e-01	8.609749494463130315e-01	7.896728360022576831e-01	8.008368624160300264e-01	7.896728360022576831e-01	8.909169576643920507e-01	7.896728360022576831e-01	7.896728360022576831e-01	7.896728360022576831e-01	7.896728360022576831e-01	7.896728360022576831e-01	7.896728360022576831e-01	8.894584935750120547e-01	7.896728360022576831e-01	7.896728360022576831e-01	7.896728360022576831e-01	7.896728360022576831e-01	7.896728360022576831e-01	7.896728360022576831e-01	8.563996940704849958e-01	7.896728360022576831e-01	7.896728360022576831e-01	7.896728360022576831e-01	7.896728360022576831e-01	8.626748042698769714e-01	7.896728360022576831e-01	9.129405891881009483e-01	7.896728360022576831e-01	7.771379497713919449e-01	7.896728360022576831e-01	7.896728360022576831e-01	8.828605738364340150e-01	7.896728360022576831e-01	5.260054308125500233e-01	7.896728360022576831e-01	7.896728360022576831e-01	7.896728360022576831e-01	7.896728360022576831e-01	7.896728360022576831e-01	7.896728360022576831e-01	7.896728360022576831e-01	7.896728360022576831e-01	8.722766217161600499e-01	7.896728360022576831e-01	7.896728360022576831e-01	7.896728360022576831e-01	7.896728360022576831e-01	7.896728360022576831e-01	9.019273156987359652e-01	7.896728360022576831e-01	7.896728360022576831e-01	7.896728360022576831e-01	7.896728360022576831e-01	9.094676450138089452e-01	7.896728360022576831e-01	8.891766994528399470e-01	7.896728360022576831e-01	7.896728360022576831e-01	7.896728360022576831e-01	7.896728360022576831e-01	7.896728360022576831e-01	7.896728360022576831e-01	7.896728360022576831e-01	7.896728360022576831e-01	7.896728360022576831e-01	9.048353831369500000e-01	7.896728360022576831e-01	7.896728360022576831e-01	7.896728360022576831e-01	7.896728360022576831e-01	7.896728360022576831e-01	7.896728360022576831e-01	7.896728360022576831e-01	7.896728360022576831e-01	7.896728360022576831e-01	8.470465667640399987e-01	6.842701896354610458e-01	7.896728360022576831e-01	7.896728360022576831e-01	7.896728360022576831e-01	7.896728360022576831e-01	8.891912300538330483e-01	7.896728360022576831e-01	1.000000000000000021e-03	7.896728360022576831e-01	7.896728360022576831e-01	7.896728360022576831e-01	8.823355381534080388e-01	7.896728360022576831e-01	7.896728360022576831e-01	7.896728360022576831e-01	7.896728360022576831e-01	7.896728360022576831e-01	7.896728360022576831e-01	8.969307139944330265e-01	7.896728360022576831e-01	7.896728360022576831e-01	7.896728360022576831e-01	7.896728360022576831e-01	7.896728360022576831e-01	8.946464493698099707e-01	7.896728360022576831e-01	7.896728360022576831e-01	7.896728360022576831e-01	8.837130540751539920e-01	8.679222809368130065e-01	7.896728360022576831e-01	7.896728360022576831e-01	7.896728360022576831e-01	7.896728360022576831e-01	7.896728360022576831e-01	7.896728360022576831e-01	7.896728360022576831e-01	9.069847569199579462e-01	7.896728360022576831e-01	7.896728360022576831e-01	7.896728360022576831e-01	7.896728360022576831e-01	7.896728360022576831e-01
7.896728360022576831e-01	7.896728360022576831e-01	7.896728360022576831e-01	1.000000000000000000e+00	7.720447120532429874e-01	8.907195183720519882e-01	8.653885600067620087e-01	7.896728360022576831e-01	7.896728360022576831e-01	8.102205779823640208e-01	7.896728360022576831e-01	7.896728360022576831e-01	7.896728360022576831e-01	7.896728360022576831e-01	7.896728360022576831e-01	7.896728360022576831e-01	9.093516717146069572e-01	7.896728360022576831e-01	7.896728360022576831e-01	7.896728360022576831e-01	7.896728360022576831e-01	9.094344358134149875e-01	7.896728360022576831e-01	7.896728360022576831e-01	7.896728360022576831e-01	7.896728360022576831e-01	7.896728360022576831e-01	7.896728360022576831e-01	7.896728360022576831e-01	7.896728360022576831e-01	7.896728360022576831e-01	7.896728360022576831e-01	7.896728360022576831e-01	7.896728360022576831e-01	9.118298350214719683e-01	8.718858514687299888e-01	7.896728360022576831e-01	8.986949005671990287e-01	7.896728360022576831e-01	7.896728360022576831e-01	9.069204046365320071e-01	7.896728360022576831e-01	7.896728360022576831e-01	7.896728360022576831e-01	7.896728360022576831e-01	7.896728360022576831e-01	7.896728360022576831e-01	8.763689081026260208e-01	7.896728360022576831e-01	7.896728360022576831e-01	7.896728360022576831e-01	7.896728360022576831e-01	7.896728360022576831e-01	7.896728360022576831e-01	7.896728360022576831e-01	9.002542793588970138e-01	7.896728360022576831e-01	7.896728360022576831e-01	7.896728360022576831e-01	7.896728360022576831e-01	7.896728360022576831e-01	7.896728360022576831e-01	8.784360548797189860e-01	7.896728360022576831e-01	7.896728360022576831e-01	5.200097508983829719e-01	7.896728360022576831e-01	7.896728360022576831e-01	7.896728360022576831e-01	7.896728360022576831e-01	7.896728360022576831e-01	7.896728360022576831e-01	9.092640474213330437e-01	7.896728360022576831e-01	7.896728360022576831e-01	8.853662229625539615e-01	8.801630193997459495e-01	7.896728360022576831e-01	7.896728360022576831e-01	7.896728360022576831e-01	7.896728360022576831e-01	7.896728360022576831e-01	7.896728360022576831e-01	6.698666235244570277e-01	8.799830329403840468e-01	6.727309417712700190e-01	7.896728360022576831e-01	8.841564377804810304e-01	1.000000000000000021e-03	7.896728360022576831e-01	8.885802656544620204e-01	7.896728360022576831e-01	7.896728360022576831e-01	7.896728360022576831e-01	7.896728360022576831e-01	7.896728360022576831e-01	7.896728360022576831e-01	7.896728360022576831e-01	2.323096963433450013e-01	7.896728360022576831e-01	7.798096006359229726e-01	7.896728360022576831e-01	7.896728360022576831e-01	7.896728360022576831e-01	7.896728360022576831e-01	8.974376661706889857e-01	7.896728360022576831e-01	7.896728360022576831e-01	7.896728360022576831e-01	7.896728360022576831e-01	7.896728360022576831e-01	8.516962735074179447e-01	7.896728360022576831e-01	7.896728360022576831e-01	9.078785590240170400e-01	9.048060750958779597e-01	7.896728360022576831e-01	7.896728360022576831e-01	7.896728360022576831e-01	7.896728360022576831e-01	9.004419253271199741e-01	7.896728360022576831e-01	8.750741862359709966e-01	7.896728360022576831e-01
7.896728360022576831e-01	7.803670272541689545e-01	7.896728360022576831e-01	7.720447120532429874e-01	9.999999999999970024e-01	7.896728360022576831e-01	7.896728360022576831e-01	7.330656862008190222e-01	7.896728360022576831e-01	7.083487094393550176e-01	7.896728360022576831e-01	7.896728360022576831e-01	7.896728360022576831e-01	7.896728360022576831e-01	7.896728360022576831e-01	7.896728360022576831e-01	7.896728360022576831e-01	7.896728360022576831e-01	7.870893479010450111e-01	7.896728360022576831e-01	7.896728360022576831e-01	7.896728360022576831e-01	7.896728360022576831e-01	7.896728360022576831e-01	7.444950432520409667e-01	7.896728360022576831e-01	7.896728360022576831e-01	7.896728360022576831e-01	7.703160279416010336e-01	7.473072720980260542e-01	7.896728360022576831e-01	7.896728360022576831e-01	7.891017729020900484e-01	7.896728360022576831e-01	7.896728360022576831e-01	7.540345010543300086e-01	7.896728360022576831e-01	7.896728360022576831e-01	4.682770065904500179e-01	7.896728360022576831e-01	7.896728360022576831e-01	7.896728360022576831e-01	7.555529912042190377e-01	7.896728360022576831e-01	7.896728360022576831e-01	7.896728360022576831e-01	7.896728360022576831e-01	7.560176425729430161e-01	7.634805915829400158e-01	7.896728360022576831e-01	7.505159306656099538e-01	7.896728360022576831e-01	7.896728360022576831e-01	7.896728360022576831e-01	7.896728360022576831e-01	7.896728360022576831e-01	7.896728360022576831e-01	7.816561254012439619e-01	7.841328790831589846e-01	7.896728360022576831e-01	7.665875000259120275e-01	7.896728360022576831e-01	7.896728360022576831e-01	7.299217648631820543e-01	7.048621684886799965e-01	7.896728360022576831e-01	7.896728360022576831e-01	7.896728360022576831e-01	7.896728360022576831e-01	7.896728360022576831e-01	7.896728360022576831e-01	7.896728360022576831e-01	7.896728360022576831e-01	7.896728360022576831e-01	7.571043068291349876e-01	7.896728360022576831e-01	7.896728360022576831e-01	7.896728360022576831e-01	7.896728360022576831e-01	7.709269434090519901e-01	7.896728360022576831e-01	6.033344146853579781e-01	7.896728360022576831e-01	5.859278102452659676e-01	7.896728360022576831e-01	5.973660067086310477e-01	7.896728360022576831e-01	7.896728360022576831e-01	7.896728360022576831e-01	7.896728360022576831e-01	7.896728360022576831e-01	7.896728360022576831e-01	7.896728360022576831e-01	7.566210183203140316e-01	7.896728360022576831e-01	7.896728360022576831e-01	7.896728360022576831e-01	7.896728360022576831e-01	7.896728360022576831e-01	7.750532025830519922e-01	7.896728360022576831e-01	7.896728360022576831e-01	7.896728360022576831e-01	7.896728360022576831e-01	7.758281603650180047e-01	7.896728360022576831e-01	7.896728360022576831e-01	7.645024247018979979e-01	7.896728360022576831e-01	7.896728360022576831e-01	7.896728360022576831e-01	7.379964377576989643e-01	7.896728360022576831e-01	7.896728360022576831e-01	7.896728360022576831e-01	7.808206430753049654e-01	7.838652475962429866e-01	7.896728360022576831e-01	7.896728360022576831e-01	7.896728360022576831e-01	7.760495656038639556e-01	7.896728360022576831e-01	7.593668583568650154e-01	7.896728360022576831e-01
9.072868579518590382e-01	7.896728360022576831e-01	8.889066756030490346e-01	8.907195183720519882e-01	7.896728360022576831e-01	1.000000000000000000e+00	7.896728360022576831e-01	7.896728360022576831e-01	7.896728360022576831e-01	7.896728360022576831e-01	7.896728360022576831e-01	7.896728360022576831e-01	7.896728360022576831e-01	8.749011990419429674e-01	8.447713438787050055e-01	7.896728360022576831e-01	7.896728360022576831e-01	7.896728360022576831e-01	7.896728360022576831e-01	8.704692028671650039e-01	8.701048481403730328e-01	7.896728360022576831e-01	8.726053571608189952e-01	7.896728360022576831e-01	7.896728360022576831e-01	7.896728360022576831e-01	7.896728360022576831e-01	7.568614236866619827e-01	8.876969385291929582e-01	7.896728360022576831e-01	7.896728360022576831e-01	7.896728360022576831e-01	7.896728360022576831e-01	7.896728360022576831e-01	7.896728360022576831e-01	8.680619370311889460e-01	7.896728360022576831e-01	8.954519532369550339e-01	5.232150722565389600e-01	7.896728360022576831e-01	7.896728360022576831e-01	7.896728360022576831e-01	7.896728360022576831e-01	7.896728360022576831e-01	8.160545140908910255e-01	7.896728360022576831e-01	7.896728360022576831e-01	8.702539973587309907e-01	7.896728360022576831e-01	7.896728360022576831e-01	7.896728360022576831e-01	7.896728360022576831e-01	7.896728360022576831e-01	9.001781992933790555e-01	7.896728360022576831e-01	7.896728360022576831e-01	7.896728360022576831e-01	7.896728360022576831e-01	9.077993698121320509e-01	7.896728360022576831e-01	7.896728360022576831e-01	7.956615464694679618e-01	7.896728360022576831e-01	8.376515112336070379e-01	7.896728360022576831e-01	7.896728360022576831e-01	8.890127662454540003e-01	4.401890032783229989e-01	8.910241659777089485e-01	7.896728360022576831e-01	7.896728360022576831e-01	7.896728360022576831e-01	7.896728360022576831e-01	7.896728360022576831e-01	8.734827417247089665e-01	7.896728360022576831e-01	7.896728360022576831e-01	8.930366040836129615e-01	8.721093403006090483e-01	7.896728360022576831e-01	7.896728360022576831e-01	6.796223504619750555e-01	7.896728360022576831e-01	6.609881486352799929e-01	7.896728360022576831e-01	6.749346017597369629e-01	7.896728360022576831e-01	8.811790282318300305e-01	7.896728360022576831e-01	4.041607294259310090e-01	7.896728360022576831e-01	7.896728360022576831e-01	8.795457930149109815e-01	7.896728360022576831e-01	7.896728360022576831e-01	7.896728360022576831e-01	8.765529139827420435e-01	8.782939022575230181e-01	2.303576287779499909e-01	7.896728360022576831e-01	7.896728360022576831e-01	7.896728360022576831e-01	7.896728360022576831e-01	8.436198040954530075e-01	7.896728360022576831e-01	8.943793790344890526e-01	7.896728360022576831e-01	7.896728360022576831e-01	7.896728360022576831e-01	7.896728360022576831e-01	7.896728360022576831e-01	7.896728360022576831e-01	7.896728360022576831e-01	7.896728360022576831e-01	7.896728360022576831e-01	7.896728360022576831e-01	7.896728360022576831e-01	7.896728360022576831e-01	9.045676793573610430e-01	8.853320697481470436e-01	8.969322727213849822e-01	7.896728360022576831e-01	7.896728360022576831e-01	7.896728360022576831e-01
7.896728360022576831e-01	8.768713490610819949e-01	8.609749494463130315e-01	8.653885600067620087e-01	7.896728360022576831e-01	7.896728360022576831e-01	1.000000000000000000e+00	7.896728360022576831e-01	7.896728360022576831e-01	7.896728360022576831e-01	8.624894383748590299e-01	7.896728360022576831e-01	8.752230314592159832e-01	7.896728360022576831e-01	7.896728360022576831e-01	7.896728360022576831e-01	8.801253296325419750e-01	7.896728360022576831e-01	7.896728360022576831e-01	8.431030410442329481e-01	7.896728360022576831e-01	8.809658965038540401e-01	8.484077393118789612e-01	8.837458612041899642e-01	8.306398385971489606e-01	7.896728360022576831e-01	7.896728360022576831e-01	7.896728360022576831e-01	7.896728360022576831e-01	7.896728360022576831e-01	8.433664213414460153e-01	7.896728360022576831e-01	7.896728360022576831e-01	7.896728360022576831e-01	7.896728360022576831e-01	7.896728360022576831e-01	8.541025344173259759e-01	8.682003409120010451e-01	7.896728360022576831e-01	8.639514136652890475e-01	7.896728360022576831e-01	7.896728360022576831e-01	7.896728360022576831e-01	7.896728360022576831e-01	7.896728360022576831e-01	7.896728360022576831e-01	7.896728360022576831e-01	8.450858355107340181e-01	7.896728360022576831e-01	7.896728360022576831e-01	7.896728360022576831e-01	7.896728360022576831e-01	7.896728360022576831e-01	7.896728360022576831e-01	7.896728360022576831e-01	7.896728360022576831e-01	8.565656445898279792e-01	8.771771663920230333e-01	8.808480196694700171e-01	7.896728360022576831e-01	7.896728360022576831e-01	7.896728360022576831e-01	8.522810564176610537e-01	7.896728360022576831e-01	7.896728360022576831e-01	7.896728360022576831e-01	7.896728360022576831e-01	7.896728360022576831e-01	7.896728360022576831e-01	6.002400353161350122e-01	7.896728360022576831e-01	6.976538905597440277e-01	7.896728360022576831e-01	7.896728360022576831e-01	8.498503936769199463e-01	8.570370892696479448e-01	7.896728360022576831e-01	7.896728360022576831e-01	7.896728360022576831e-01	8.636018181822150419e-01	7.896728360022576831e-01	7.896728360022576831e-01	7.896728360022576831e-01	6.472682582543100027e-01	7.896728360022576831e-01	6.517754730870409796e-01	8.605859667601759577e-01	7.896728360022576831e-01	1.000000000000000021e-03	4.011625606941059963e-01	7.896728360022576831e-01	8.709262466033129702e-01	8.557958957904919783e-01	7.896728360022576831e-01	7.338238432625749930e-01	7.896728360022576831e-01	7.896728360022576831e-01	7.896728360022576831e-01	7.896728360022576831e-01	7.896728360022576831e-01	7.896728360022576831e-01	7.896728360022576831e-01	8.470140030710590073e-01	8.222103879698989815e-01	7.896728360022576831e-01	7.896728360022576831e-01	8.669101691027010226e-01	7.896728360022576831e-01	8.883497457232260031e-01	7.896728360022576831e-01	7.896728360022576831e-01	8.241733649232619863e-01	7.896728360022576831e-01	7.896728360022576831e-01	8.770310114551059799e-01	8.771096809782760184e-01	7.896728360022576831e-01	7.896728360022576831e-01	8.781633796129749703e-01	7.896728360022576831e-01	7.896728360022576831e-01	8.747178068398550055e-01	7.896728360022576831e-01	7.896728360022576831e-01
8.582467235089680235e-01	7.896728360022576831e-01	7.896728360022576831e-01	7.896728360022576831e-01	7.330656862008190222e-01	7.896728360022576831e-01	7.896728360022576831e-01	1.000000000000000000e+00	7.896728360022576831e-01	7.896728360022576831e-01	8.402818538536469539e-01	7.896728360022576831e-01	7.896728360022576831e-01	7.896728360022576831e-01	8.029243203967729725e-01	7.896728360022576831e-01	8.576645565491830547e-01	7.896728360022576831e-01	7.896728360022576831e-01	7.896728360022576831e-01	7.896728360022576831e-01	7.896728360022576831e-01	7.896728360022576831e-01	7.896728360022576831e-01	7.896728360022576831e-01	7.896728360022576831e-01	7.896728360022576831e-01	7.896728360022576831e-01	7.896728360022576831e-01	7.896728360022576831e-01	8.217365124150569633e-01	8.606803092433500391e-01	8.638065155410149520e-01	7.896728360022576831e-01	7.896728360022576831e-01	8.230880599712300238e-01	7.896728360022576831e-01	7.896728360022576831e-01	5.058482281424240279e-01	7.896728360022576831e-01	8.545222191938499634e-01	7.896728360022576831e-01	8.265771378249170409e-01	7.896728360022576831e-01	7.896728360022576831e-01	7.896728360022576831e-01	7.896728360022576831e-01	7.896728360022576831e-01	7.896728360022576831e-01	7.896728360022576831e-01	7.896728360022576831e-01	7.896728360022576831e-01	7.896728360022576831e-01	7.896728360022576831e-01	7.896728360022576831e-01	7.896728360022576831e-01	7.896728360022576831e-01	7.896728360022576831e-01	8.588922747988220197e-01	8.262133984518830188e-01	7.896728360022576831e-01	7.539078557825760196e-01	8.284284891291240349e-01	7.896728360022576831e-01	7.896728360022576831e-01	4.979806699105129852e-01	8.411441032319939559e-01	4.250172190095750091e-01	7.896728360022576831e-01	5.888611172620880074e-01	7.896728360022576831e-01	7.896728360022576831e-01	8.569601358559629789e-01	7.896728360022576831e-01	8.259037045346260264e-01	7.896728360022576831e-01	7.896728360022576831e-01	7.896728360022576831e-01	7.896728360022576831e-01	7.896728360022576831e-01	7.896728360022576831e-01	6.472963543242979956e-01	7.896728360022576831e-01	7.896728360022576831e-01	7.896728360022576831e-01	7.896728360022576831e-01	7.896728360022576831e-01	7.896728360022576831e-01	7.896728360022576831e-01	7.896728360022576831e-01	7.896728360022576831e-01	7.896728360022576831e-01	7.896728360022576831e-01	7.896728360022576831e-01	7.171135112172799531e-01	7.896728360022576831e-01	7.896728360022576831e-01	8.316604319251229560e-01	7.896728360022576831e-01	8.486479194767020395e-01	7.390030541415050225e-01	7.896728360022576831e-01	8.227589684071320297e-01	7.997053205907550533e-01	7.896728360022576831e-01	8.458131838000819691e-01	7.896728360022576831e-01	7.896728360022576831e-01	7.896728360022576831e-01	7.896728360022576831e-01	7.896728360022576831e-01	7.896728360022576831e-01	7.896728360022576831e-01	8.602060147113970157e-01	8.543817719467450278e-01	8.533283387755720151e-01	8.547123783155939902e-01	7.896728360022576831e-01	7.896728360022576831e-01	8.389447976878739999e-01	7.896728360022576831e-01	7.896728360022576831e-01	8.249230015499759983e-01	7.896728360022576831e-01
7.896728360022576831e-01	8.127824421197520355e-01	8.008368624160300264e-01	7.896728360022576831e-01	7.896728360022576831e-01	7.896728360022576831e-01	7.896728360022576831e-01	7.896728360022576831e-01	9.999999999999990008e-01	7.362144511814969761e-01	7.896728360022576831e-01	7.896728360022576831e-01	8.090861537090480171e-01	7.902719852796770139e-01	7.609135030549040168e-01	8.243168356648920003e-01	7.896728360022576831e-01	7.896728360022576831e-01	7.896728360022576831e-01	7.896728360022576831e-01	7.819247064199059682e-01	8.149813051315369927e-01	7.896728360022576831e-01	8.155043803429290472e-01	7.896728360022576831e-01	7.790603943432750089e-01	5.510582316319789786e-01	7.896728360022576831e-01	7.896728360022576831e-01	7.896728360022576831e-01	7.851179320552129637e-01	8.171474808864740424e-01	7.896728360022576831e-01	7.896728360022576831e-01	7.896728360022576831e-01	7.896728360022576831e-01	7.938466645932770183e-01	7.896728360022576831e-01	7.896728360022576831e-01	7.998304952748139796e-01	8.139887414974540381e-01	7.822972718609639831e-01	7.896728360022576831e-01	7.896728360022576831e-01	7.403235958342659906e-01	8.070127903802010172e-01	7.896728360022576831e-01	7.896728360022576831e-01	7.896728360022576831e-01	7.896728360022576831e-01	7.798711309409189774e-01	7.896728360022576831e-01	8.024447780128429741e-01	7.896728360022576831e-01	7.896728360022576831e-01	7.896728360022576831e-01	7.896728360022576831e-01	7.896728360022576831e-01	7.896728360022576831e-01	7.896728360022576831e-01	7.936835254506729997e-01	7.219553154209570334e-01	7.878982833973819933e-01	7.896728360022576831e-01	7.896728360022576831e-01	4.802949386340050197e-01	7.896728360022576831e-01	7.896728360022576831e-01	7.896728360022576831e-01	5.668460356964060143e-01	8.118802914272249538e-01	6.509478452809569493e-01	8.145575081785080274e-01	7.896728360022576831e-01	7.896728360022576831e-01	7.896728360022576831e-01	7.869686250916859693e-01	8.060746543603910519e-01	7.854472447255650414e-01	7.988213124566440060e-01	7.896728360022576831e-01	6.202822365499289781e-01	7.896728360022576831e-01	7.896728360022576831e-01	7.896728360022576831e-01	6.123831853037019490e-01	7.896728360022576831e-01	7.896728360022576831e-01	7.896728360022576831e-01	7.896728360022576831e-01	7.896728360022576831e-01	8.043782859880930225e-01	7.896728360022576831e-01	7.896728360022576831e-01	6.841209957588120227e-01	7.883857238957020508e-01	7.896728360022576831e-01	7.896728360022576831e-01	7.896728360022576831e-01	7.896728360022576831e-01	7.896728360022576831e-01	7.896728360022576831e-01	7.896728360022576831e-01	7.896728360022576831e-01	7.896728360022576831e-01	8.028206234472660130e-01	7.998976390861179953e-01	7.896728360022576831e-01	8.220025556390729848e-01	7.896728360022576831e-01	7.896728360022576831e-01	7.896728360022576831e-01	7.896728360022576831e-01	7.896728360022576831e-01	8.116233167788450276e-01	7.896728360022576831e-01	7.896728360022576831e-01	7.896728360022576831e-01	7.896728360022576831e-01	7.896728360022576831e-01	7.896728360022576831e-01	8.108935271265359512e-01	7.896728360022576831e-01	7.896728360022576831e-01
7.896728360022576831e-01	7.896728360022576831e-01	7.896728360022576831e-01	8.102205779823640208e-01	7.083487094393550176e-01	7.896728360022576831e-01	7.896728360022576831e-01	7.896728360022576831e-01	7.362144511814969761e-01	9.999999999999990008e-01	7.896728360022576831e-01	7.896728360022576831e-01	7.896728360022576831e-01	7.896728360022576831e-01	7.743223767500909682e-01	7.896728360022576831e-01	8.272536575200990505e-01	7.896728360022576831e-01	8.293855112182150213e-01	7.931616632741039785e-01	7.953236546798010398e-01	8.255735729257369648e-01	7.896728360022576831e-01	8.294048076689070070e-01	7.896728360022576831e-01	7.914522073612789699e-01	7.896728360022576831e-01	7.896728360022576831e-01	7.896728360022576831e-01	7.896728360022576831e-01	7.896728360022576831e-01	7.896728360022576831e-01	7.896728360022576831e-01	7.896728360022576831e-01	8.243435332422710538e-01	7.896728360022576831e-01	7.896728360022576831e-01	7.896728360022576831e-01	4.903199505131169977e-01	8.117882175055980420e-01	7.896728360022576831e-01	7.896728360022576831e-01	7.896728360022576831e-01	7.896728360022576831e-01	7.896728360022576831e-01	7.896728360022576831e-01	7.896728360022576831e-01	7.896728360022576831e-01	7.896728360022576831e-01	8.073373281549940383e-01	7.925092554557330304e-01	8.003768388480639873e-01	7.896728360022576831e-01	8.190210080819440019e-01	7.896728360022576831e-01	8.172830091011820119e-01	7.896728360022576831e-01	7.896728360022576831e-01	8.257245796508240199e-01	7.896728360022576831e-01	8.072467421248179509e-01	7.896728360022576831e-01	7.896728360022576831e-01	7.896728360022576831e-01	7.896728360022576831e-01	7.896728360022576831e-01	7.896728360022576831e-01	4.163668416417269924e-01	7.896728360022576831e-01	7.896728360022576831e-01	7.896728360022576831e-01	7.896728360022576831e-01	7.896728360022576831e-01	7.896728360022576831e-01	7.896728360022576831e-01	7.896728360022576831e-01	7.896728360022576831e-01	7.896728360022576831e-01	7.896728360022576831e-01	7.896728360022576831e-01	7.896728360022576831e-01	7.896728360022576831e-01	7.303403214879099492e-01	6.124675936045680391e-01	7.896728360022576831e-01	7.896728360022576831e-01	7.896728360022576831e-01	8.024036911105639769e-01	7.896728360022576831e-01	7.896728360022576831e-01	8.101474711258620509e-01	8.159769863936959799e-01	7.896728360022576831e-01	7.959174771579160534e-01	7.896728360022576831e-01	7.987106554543119685e-01	7.896728360022576831e-01	7.896728360022576831e-01	2.222958208045660022e-01	7.896728360022576831e-01	7.896728360022576831e-01	7.896728360022576831e-01	7.896728360022576831e-01	7.896728360022576831e-01	7.896728360022576831e-01	7.896728360022576831e-01	7.896728360022576831e-01	7.896728360022576831e-01	7.896728360022576831e-01	7.896728360022576831e-01	7.917824222866970407e-01	7.733782847062850019e-01	7.896728360022576831e-01	7.896728360022576831e-01	7.896728360022576831e-01	8.239674427606269447e-01	8.254341756451030188e-01	7.896728360022576831e-01	7.896728360022576831e-01	7.896728360022576831e-01	8.167727745619810520e-01	8.218163160985020310e-01	7.896728360022576831e-01	7.896728360022576831e-01
7.896728360022576831e-01	7.896728360022576831e-01	8.909169576643920507e-01	7.896728360022576831e-01	7.896728360022576831e-01	7.896728360022576831e-01	8.624894383748590299e-01	8.402818538536469539e-01	7.896728360022576831e-01	7.896728360022576831e-01	1.000000000000000000e+00	8.925142983282220444e-01	9.028098700172449975e-01	7.896728360022576831e-01	8.457128323433640293e-01	7.896728360022576831e-01	7.896728360022576831e-01	8.903625837958459854e-01	7.896728360022576831e-01	8.734942593592619486e-01	8.720185033768860228e-01	7.896728360022576831e-01	7.896728360022576831e-01	7.896728360022576831e-01	7.896728360022576831e-01	8.682668668302839787e-01	7.896728360022576831e-01	7.571275725445669735e-01	7.896728360022576831e-01	7.896728360022576831e-01	8.704862303990149597e-01	9.123295248583610517e-01	7.896728360022576831e-01	7.896728360022576831e-01	7.896728360022576831e-01	7.896728360022576831e-01	7.896728360022576831e-01	7.896728360022576831e-01	7.896728360022576831e-01	7.896728360022576831e-01	7.896728360022576831e-01	7.896728360022576831e-01	7.896728360022576831e-01	7.896728360022576831e-01	7.896728360022576831e-01	7.896728360022576831e-01	8.199939515255040279e-01	7.896728360022576831e-01	7.896728360022576831e-01	7.896728360022576831e-01	7.896728360022576831e-01	8.773158359694379627e-01	7.896728360022576831e-01	7.896728360022576831e-01	6.717620351830240200e-01	8.995626099034730316e-01	8.806190770933960410e-01	7.896728360022576831e-01	7.896728360022576831e-01	8.750899585723800334e-01	7.896728360022576831e-01	7.972602158937750483e-01	8.776471945773419714e-01	7.896728360022576831e-01	7.896728360022576831e-01	7.896728360022576831e-01	8.898927616587910538e-01	7.896728360022576831e-01	8.926305226611379595e-01	6.184966654777710460e-01	7.896728360022576831e-01	7.896728360022576831e-01	7.896728360022576831e-01	8.998997272410159676e-01	7.896728360022576831e-01	8.835323322682060443e-01	8.778006223387200269e-01	7.896728360022576831e-01	7.896728360022576831e-01	7.896728360022576831e-01	7.896728360022576831e-01	7.896728360022576831e-01	7.896728360022576831e-01	6.641820562227429559e-01	7.896728360022576831e-01	6.694586709256280521e-01	7.896728360022576831e-01	7.896728360022576831e-01	7.896728360022576831e-01	4.046053513483309771e-01	7.896728360022576831e-01	7.896728360022576831e-01	8.827174359885370247e-01	7.896728360022576831e-01	7.896728360022576831e-01	7.896728360022576831e-01	7.896728360022576831e-01	8.786440108454259823e-01	7.896728360022576831e-01	7.896728360022576831e-01	7.896728360022576831e-01	7.896728360022576831e-01	7.896728360022576831e-01	7.896728360022576831e-01	8.984089965741060002e-01	7.896728360022576831e-01	8.945520330421540267e-01	7.896728360022576831e-01	7.896728360022576831e-01	8.853221043289020153e-01	7.896728360022576831e-01	7.896728360022576831e-01	7.896728360022576831e-01	7.896728360022576831e-01	9.061582957350210465e-01	9.040908067052969566e-01	7.896728360022576831e-01	7.896728360022576831e-01	7.896728360022576831e-01	8.869768817362330138e-01	8.965049218748369908e-01	9.033468424399879737e-01	7.896728360022576831e-01	8.684737519751739576e-01
7.896728360022576831e-01	7.896728360022576831e-01	7.896728360022576831e-01	7.896728360022576831e-01	7.896728360022576831e-01	7.896728360022576831e-01	7.896728360022576831e-01	7.896728360022576831e-01	7.896728360022576831e-01	7.896728360022576831e-01	8.925142983282220444e-01	1.000000000000000000e+00	7.896728360022576831e-01	7.896728360022576831e-01	7.896728360022576831e-01	7.896728360022576831e-01	7.896728360022576831e-01	7.896728360022576831e-01	7.896728360022576831e-01	7.896728360022576831e-01	7.896728360022576831e-01	7.896728360022576831e-01	7.896728360022576831e-01	7.896728360022576831e-01	7.896728360022576831e-01	8.693214609901900314e-01	7.896728360022576831e-01	7.896728360022576831e-01	7.896728360022576831e-01	8.654079577241100552e-01	8.740465729833259978e-01	7.896728360022576831e-01	7.896728360022576831e-01	7.778668616954610426e-01	7.896728360022576831e-01	7.896728360022576831e-01	7.896728360022576831e-01	7.896728360022576831e-01	7.896728360022576831e-01	8.922006606410010088e-01	7.896728360022576831e-01	7.896728360022576831e-01	7.896728360022576831e-01	7.896728360022576831e-01	7.896728360022576831e-01	7.896728360022576831e-01	7.896728360022576831e-01	7.896728360022576831e-01	7.896728360022576831e-01	8.866082659970040414e-01	7.896728360022576831e-01	8.788839745660470548e-01	7.896728360022576831e-01	7.896728360022576831e-01	6.744459587079369989e-01	7.896728360022576831e-01	7.896728360022576831e-01	9.091162358996860426e-01	7.896728360022576831e-01	8.766720154383069730e-01	7.896728360022576831e-01	8.005146420349590342e-01	7.896728360022576831e-01	7.896728360022576831e-01	7.896728360022576831e-01	5.188525106321709712e-01	7.896728360022576831e-01	7.896728360022576831e-01	7.896728360022576831e-01	7.896728360022576831e-01	7.896728360022576831e-01	7.199690680436080514e-01	7.896728360022576831e-01	7.896728360022576831e-01	8.771272962268109596e-01	7.896728360022576831e-01	7.896728360022576831e-01	8.978459208566970107e-01	7.896728360022576831e-01	8.933836984991010421e-01	8.477010871065639996e-01	7.896728360022576831e-01	7.896728360022576831e-01	6.642702417393240300e-01	7.896728360022576831e-01	7.896728360022576831e-01	8.904849086489809995e-01	7.896728360022576831e-01	7.896728360022576831e-01	7.896728360022576831e-01	7.896728360022576831e-01	7.896728360022576831e-01	7.896728360022576831e-01	7.896728360022576831e-01	7.896728360022576831e-01	8.817186164001540316e-01	8.809233317578939459e-01	8.836120897477860447e-01	7.896728360022576831e-01	8.999899187535449485e-01	7.896728360022576831e-01	7.896728360022576831e-01	7.896728360022576831e-01	8.476583886870630025e-01	7.896728360022576831e-01	7.896728360022576831e-01	7.896728360022576831e-01	7.896728360022576831e-01	9.188493852840089460e-01	7.896728360022576831e-01	7.896728360022576831e-01	7.896728360022576831e-01	7.896728360022576831e-01	7.896728360022576831e-01	9.077118273940399940e-01	7.896728360022576831e-01	7.896728360022576831e-01	7.896728360022576831e-01	9.086327227446570065e-01	7.896728360022576831e-01	7.896728360022576831e-01	7.896728360022576831e-01	7.896728360022576831e-01	7.896728360022576831e-01
