1.000000000000150102e+00	6.939321640245106337e-01	9.182978493550190136e-01	6.939321640245106337e-01	7.683252089389099870e-01	6.939321640245106337e-01	6.939321640245106337e-01	7.627265791359759683e-01	6.939321640245106337e-01	6.939321640245106337e-01	6.939321640245106337e-01	6.939321640245106337e-01	6.939321640245106337e-01	6.939321640245106337e-01	1.000000000000000021e-03	6.939321640245106337e-01	6.939321640245106337e-01	7.658117146642200446e-01	6.939321640245106337e-01	6.939321640245106337e-01	6.939321640245106337e-01	6.507245548586819694e-01	6.939321640245106337e-01	7.348728792952760047e-01	6.939321640245106337e-01	6.939321640245106337e-01	6.939321640245106337e-01	6.939321640245106337e-01	6.939321640245106337e-01	7.125791454851929663e-01	6.939321640245106337e-01	6.939321640245106337e-01	8.008917387239929964e-01	6.939321640245106337e-01	6.939321640245106337e-01	6.939321640245106337e-01	7.371316093620200460e-01	6.939321640245106337e-01	6.939321640245106337e-01	6.939321640245106337e-01	6.939321640245106337e-01	7.201179888161060028e-01	6.939321640245106337e-01	6.939321640245106337e-01	7.982191144714110287e-01	6.939321640245106337e-01	6.939321640245106337e-01	6.939321640245106337e-01	7.460755874010660538e-01	6.939321640245106337e-01	6.939321640245106337e-01	6.939321640245106337e-01	7.300297657317199596e-01	6.939321640245106337e-01	6.939321640245106337e-01	6.939321640245106337e-01	6.939321640245106337e-01	6.939321640245106337e-01	6.939321640245106337e-01	6.939321640245106337e-01	6.939321640245106337e-01	6.939321640245106337e-01	6.939321640245106337e-01	6.939321640245106337e-01	6.939321640245106337e-01	7.427267292577039992e-01	6.939321640245106337e-01	6.939321640245106337e-01	6.939321640245106337e-01	6.939321640245106337e-01	6.889760115390990425e-01	6.770611726751190051e-01	6.939321640245106337e-01	6.939321640245106337e-01	7.758518787014390128e-01	6.939321640245106337e-01	8.046173868523499584e-01	6.939321640245106337e-01	6.939321640245106337e-01	6.939321640245106337e-01	6.939321640245106337e-01	6.939321640245106337e-01	6.939321640245106337e-01	6.939321640245106337e-01	6.939321640245106337e-01	6.728131021789089949e-01	6.939321640245106337e-01	6.939321640245106337e-01	9.054607392694300483e-01	7.411337685872300129e-01	6.939321640245106337e-01	6.939321640245106337e-01	6.939321640245106337e-01	6.939321640245106337e-01	6.939321640245106337e-01	6.939321640245106337e-01	6.939321640245106337e-01	6.939321640245106337e-01	7.179683690069299518e-01	6.939321640245106337e-01	6.939321640245106337e-01	6.705348598717679742e-01	6.939321640245106337e-01	6.939321640245106337e-01	6.939321640245106337e-01	6.939321640245106337e-01	6.939321640245106337e-01	6.939321640245106337e-01	6.939321640245106337e-01	6.934729773252820140e-01	7.903955447098279796e-01	6.939321640245106337e-01	6.939321640245106337e-01	6.939321640245106337e-01	7.967290296518160231e-01	6.939321640245106337e-01	8.997773220336759969e-01	6.939321640245106337e-01	6.939321640245106337e-01	6.939321640245106337e-01	6.939321640245106337e-01	7.882519794287480286e-01	6.939321640245106337e-01	7.844651749141120511e-01
6.939321640245106337e-01	1.000000000000039968e+00	6.939321640245106337e-01	6.939321640245106337e-01	6.939321640245106337e-01	7.307355580440310083e-01	6.939321640245106337e-01	6.939321640245106337e-01	7.343467722960129729e-01	7.164388723263820369e-01	6.939321640245106337e-01	7.055758206698360402e-01	7.337540184029219814e-01	6.649303312109580144e-01	1.000000000000000021e-03	7.307996607734019712e-01	6.939321640245106337e-01	6.939321640245106337e-01	6.939321640245106337e-01	6.939321640245106337e-01	7.023512051990590255e-01	6.493504876826400318e-01	6.939321640245106337e-01	6.939321640245106337e-01	7.080488826739870234e-01	6.939321640245106337e-01	6.939321640245106337e-01	6.939321640245106337e-01	6.939321640245106337e-01	6.939321640245106337e-01	7.393766454845079883e-01	6.939321640245106337e-01	6.939321640245106337e-01	6.939321640245106337e-01	6.939321640245106337e-01	7.566460162935190192e-01	6.939321640245106337e-01	6.939321640245106337e-01	6.339347730392990155e-01	6.939321640245106337e-01	6.939321640245106337e-01	7.032342425550299758e-01	6.939321640245106337e-01	6.939321640245106337e-01	6.939321640245106337e-01	6.939321640245106337e-01	6.939321640245106337e-01	6.939321640245106337e-01	7.286746893825080118e-01	7.175413595946570355e-01	6.939321640245106337e-01	6.939321640245106337e-01	6.963632868204180371e-01	6.000060046246239454e-01	6.939321640245106337e-01	6.939321640245106337e-01	6.939321640245106337e-01	6.376657116855519725e-01	6.939321640245106337e-01	6.939321640245106337e-01	6.939321640245106337e-01	6.882998502184239920e-01	7.785018049543920293e-01	6.939321640245106337e-01	5.910067758567599805e-01	6.939321640245106337e-01	6.939321640245106337e-01	6.939321640245106337e-01	6.939321640245106337e-01	5.741233552321759470e-01	6.939321640245106337e-01	6.939321640245106337e-01	7.165743487844969950e-01	6.939321640245106337e-01	6.939321640245106337e-01	6.939321640245106337e-01	7.650539900394599524e-01	6.939321640245106337e-01	6.939321640245106337e-01	6.939321640245106337e-01	6.939321640245106337e-01	6.939321640245106337e-01	6.314905143610100025e-01	6.939321640245106337e-01	6.111442726820109916e-01	6.108308507336229765e-01	7.009179415816559899e-01	7.696571704781479673e-01	6.939321640245106337e-01	7.126373081940160503e-01	6.939321640245106337e-01	7.030298755855649562e-01	6.939321640245106337e-01	6.939321640245106337e-01	6.939321640245106337e-01	6.939321640245106337e-01	6.939321640245106337e-01	6.939321640245106337e-01	6.730669271114280150e-01	6.939321640245106337e-01	6.939321640245106337e-01	6.086647961573180554e-01	6.939321640245106337e-01	6.939321640245106337e-01	6.939321640245106337e-01	6.513083715910340521e-01	6.939321640245106337e-01	6.939321640245106337e-01	6.559277581285669623e-01	6.939321640245106337e-01	6.939321640245106337e-01	6.939321640245106337e-01	6.939321640245106337e-01	7.453081826597539594e-01	6.939321640245106337e-01	6.939321640245106337e-01	8.471840368539600430e-01	8.642542102209369581e-01	6.939321640245106337e-01	6.939321640245106337e-01	6.939321640245106337e-01	6.939321640245106337e-01	6.939321640245106337e-01	7.491340276767020079e-01
9.182978493550190136e-01	6.939321640245106337e-01	1.000000000000049960e+00	6.939321640245106337e-01	6.939321640245106337e-01	8.020464947357589525e-01	7.777268175721000487e-01	7.614694629099449941e-01	6.939321640245106337e-01	7.090302181253169689e-01	6.939321640245106337e-01	6.740802842983280030e-01	6.939321640245106337e-01	6.939321640245106337e-01	6.939321640245106337e-01	7.525423935036510414e-01	7.425689570706209830e-01	6.939321640245106337e-01	6.939321640245106337e-01	6.939321640245106337e-01	6.939321640245106337e-01	6.939321640245106337e-01	7.148501550525040438e-01	6.939321640245106337e-01	6.939321640245106337e-01	6.939321640245106337e-01	6.939321640245106337e-01	6.939321640245106337e-01	6.939321640245106337e-01	7.170260735763770432e-01	6.939321640245106337e-01	6.939321640245106337e-01	6.939321640245106337e-01	6.939321640245106337e-01	6.939321640245106337e-01	7.706999394003849480e-01	6.939321640245106337e-01	6.939321640245106337e-01	6.939321640245106337e-01	6.939321640245106337e-01	6.989208123948249529e-01	6.939321640245106337e-01	6.939321640245106337e-01	6.939321640245106337e-01	6.939321640245106337e-01	6.939321640245106337e-01	6.816993652796410341e-01	6.939321640245106337e-01	6.939321640245106337e-01	6.939321640245106337e-01	6.939321640245106337e-01	6.939321640245106337e-01	7.065226684755420150e-01	6.939321640245106337e-01	6.939321640245106337e-01	6.939321640245106337e-01	5.819335729859029804e-01	6.939321640245106337e-01	6.939321640245106337e-01	5.942541882111069818e-01	6.939321640245106337e-01	6.939321640245106337e-01	8.043030640209819504e-01	6.939321640245106337e-01	6.716936677466790462e-01	7.148375899648109488e-01	6.939321640245106337e-01	7.089004800781629756e-01	6.939321640245106337e-01	6.939321640245106337e-01	6.939321640245106337e-01	6.939321640245106337e-01	6.939321640245106337e-01	6.939321640245106337e-01	7.652152204199129670e-01	5.722338118653269579e-01	6.939321640245106337e-01	6.939321640245106337e-01	7.636247514574280304e-01	6.939321640245106337e-01	6.939321640245106337e-01	6.939321640245106337e-01	6.939321640245106337e-01	6.939321640245106337e-01	6.939321640245106337e-01	6.939321640245106337e-01	6.939321640245106337e-01	6.939321640245106337e-01	6.939321640245106337e-01	7.094664932407149793e-01	6.939321640245106337e-01	6.939321640245106337e-01	6.648934348635110458e-01	6.939321640245106337e-01	6.939321640245106337e-01	6.939321640245106337e-01	7.722889158607459947e-01	6.939321640245106337e-01	6.939321640245106337e-01	6.939321640245106337e-01	6.939321640245106337e-01	6.759531724435019484e-01	6.341998811587059581e-01	6.939321640245106337e-01	6.939321640245106337e-01	6.939321640245106337e-01	7.390193379697049814e-01	6.939321640245106337e-01	6.939321640245106337e-01	6.939321640245106337e-01	6.939321640245106337e-01	7.756568123547590288e-01	6.939321640245106337e-01	6.939321640245106337e-01	6.939321640245106337e-01	8.556589773292549994e-01	6.939321640245106337e-01	8.905152584734250532e-01	6.939321640245106337e-01	6.939321640245106337e-01	6.939321640245106337e-01	6.939321640245106337e-01	6.939321640245106337e-01	6.939321640245106337e-01
6.939321640245106337e-01	6.939321640245106337e-01	6.939321640245106337e-01	9.999999999999239497e-01	7.445979031813190208e-01	6.939321640245106337e-01	6.939321640245106337e-01	6.939321640245106337e-01	6.939321640245106337e-01	7.262104973368059824e-01	6.939321640245106337e-01	7.023644559834839596e-01	6.939321640245106337e-01	6.939321640245106337e-01	1.000000000000000021e-03	6.939321640245106337e-01	6.939321640245106337e-01	6.939321640245106337e-01	7.662793653229149626e-01	7.250100634356250184e-01	6.939321640245106337e-01	7.075569162643370325e-01	6.939321640245106337e-01	6.939321640245106337e-01	6.939321640245106337e-01	7.528998560963729991e-01	6.939321640245106337e-01	6.939321640245106337e-01	6.939321640245106337e-01	6.939321640245106337e-01	7.938564783533389457e-01	6.939321640245106337e-01	7.596743307134860013e-01	6.939321640245106337e-01	6.939321640245106337e-01	6.939321640245106337e-01	7.303305984710170007e-01	6.939321640245106337e-01	6.939321640245106337e-01	6.939321640245106337e-01	5.934396006384360378e-01	6.939321640245106337e-01	6.939321640245106337e-01	6.939321640245106337e-01	7.911701392792089838e-01	6.893631842537569776e-01	6.939321640245106337e-01	6.939321640245106337e-01	8.230855833391129694e-01	7.331484515314260486e-01	6.939321640245106337e-01	6.939321640245106337e-01	6.939321640245106337e-01	6.939321640245106337e-01	6.939321640245106337e-01	6.939321640245106337e-01	6.939321640245106337e-01	6.939321640245106337e-01	6.885512013212200522e-01	6.939321640245106337e-01	6.939321640245106337e-01	6.939321640245106337e-01	6.939321640245106337e-01	6.518871973470760084e-01	6.020408706199319449e-01	6.939321640245106337e-01	6.939321640245106337e-01	7.415565200541830437e-01	6.939321640245106337e-01	6.939321640245106337e-01	6.939321640245106337e-01	6.335367000939590154e-01	7.487172100413079789e-01	6.939321640245106337e-01	6.939321640245106337e-01	6.985675835494710162e-01	6.939321640245106337e-01	6.939321640245106337e-01	6.939321640245106337e-01	6.939321640245106337e-01	7.401606222941450319e-01	6.545151890186460264e-01	6.562866490136860520e-01	6.939321640245106337e-01	6.939321640245106337e-01	6.048363638703260214e-01	7.247339822781739826e-01	6.939321640245106337e-01	6.939321640245106337e-01	6.939321640245106337e-01	6.939321640245106337e-01	6.939321640245106337e-01	6.939321640245106337e-01	6.939321640245106337e-01	6.939321640245106337e-01	7.639870691846739614e-01	6.939321640245106337e-01	6.939321640245106337e-01	7.460007638268599806e-01	6.939321640245106337e-01	6.939321640245106337e-01	6.939321640245106337e-01	6.939321640245106337e-01	6.939321640245106337e-01	5.820784190023460258e-01	6.939321640245106337e-01	7.722906350313859525e-01	6.939321640245106337e-01	6.939321640245106337e-01	6.939321640245106337e-01	6.939321640245106337e-01	7.444225792022209909e-01	7.412035829830030398e-01	6.939321640245106337e-01	6.939321640245106337e-01	6.939321640245106337e-01	6.939321640245106337e-01	6.939321640245106337e-01	6.939321640245106337e-01	6.939321640245106337e-01	6.939321640245106337e-01	6.939321640245106337e-01	6.939321640245106337e-01	6.939321640245106337e-01
7.683252089389099870e-01	6.939321640245106337e-01	6.939321640245106337e-01	7.445979031813190208e-01	9.999999999999039657e-01	6.939321640245106337e-01	8.002910712797880466e-01	6.939321640245106337e-01	6.939321640245106337e-01	6.939321640245106337e-01	7.881627668475169601e-01	6.939321640245106337e-01	7.380916297904730472e-01	6.939321640245106337e-01	6.939321640245106337e-01	6.939321640245106337e-01	6.121424203546750320e-01	6.939321640245106337e-01	6.989681494501299719e-01	6.939321640245106337e-01	6.939321640245106337e-01	6.939321640245106337e-01	6.939321640245106337e-01	6.939321640245106337e-01	6.939321640245106337e-01	6.939321640245106337e-01	6.939321640245106337e-01	7.655147549015419717e-01	6.154847332107370450e-01	6.275755332062680214e-01	7.312083089281700143e-01	6.939321640245106337e-01	6.939321640245106337e-01	6.939321640245106337e-01	6.206239883430909599e-01	6.939321640245106337e-01	6.939321640245106337e-01	7.510425424243659664e-01	6.939321640245106337e-01	6.939321640245106337e-01	6.939321640245106337e-01	6.939321640245106337e-01	6.971040535251820103e-01	6.402959774789449554e-01	6.939321640245106337e-01	6.939321640245106337e-01	6.939321640245106337e-01	6.939321640245106337e-01	6.939321640245106337e-01	6.939321640245106337e-01	7.339253853697209617e-01	6.939321640245106337e-01	6.939321640245106337e-01	6.939321640245106337e-01	6.939321640245106337e-01	6.939321640245106337e-01	6.250486253664260250e-01	6.939321640245106337e-01	6.939321640245106337e-01	6.939321640245106337e-01	6.939321640245106337e-01	6.660971453180379864e-01	7.943925000827950500e-01	6.939321640245106337e-01	6.939321640245106337e-01	7.259756399514409875e-01	6.939321640245106337e-01	6.939321640245106337e-01	6.939321640245106337e-01	6.939321640245106337e-01	6.438412916223520410e-01	6.119315774226790072e-01	7.129223621836400238e-01	6.939321640245106337e-01	6.939321640245106337e-01	6.939321640245106337e-01	7.799358296349390152e-01	7.456685411446910550e-01	6.875296830905549550e-01	6.939321640245106337e-01	6.939321640245106337e-01	6.939321640245106337e-01	6.939321640245106337e-01	6.939321640245106337e-01	6.939321640245106337e-01	6.939321640245106337e-01	6.939321640245106337e-01	7.528571146729959862e-01	6.939321640245106337e-01	6.939321640245106337e-01	6.939321640245106337e-01	6.940364653489220492e-01	6.939321640245106337e-01	6.939321640245106337e-01	6.291238732250109544e-01	6.939321640245106337e-01	6.939321640245106337e-01	6.939321640245106337e-01	6.892182156245439950e-01	6.939321640245106337e-01	7.582056792790919930e-01	6.939321640245106337e-01	5.892101797761919446e-01	6.581718745187770114e-01	5.601023999948759879e-01	6.939321640245106337e-01	7.592901136412369967e-01	6.939321640245106337e-01	6.772130449821720521e-01	6.939321640245106337e-01	7.335607207475030034e-01	6.939321640245106337e-01	6.939321640245106337e-01	6.939321640245106337e-01	6.939321640245106337e-01	7.647904251016459654e-01	7.790167840071190453e-01	7.717295958857750549e-01	6.939321640245106337e-01	7.637392768507229590e-01	6.939321640245106337e-01	7.824747044081550307e-01	6.939321640245106337e-01	7.752130567795799676e-01
6.939321640245106337e-01	7.307355580440310083e-01	8.020464947357589525e-01	6.939321640245106337e-01	6.939321640245106337e-01	1.000000000000019984e+00	6.939321640245106337e-01	6.939321640245106337e-01	6.939321640245106337e-01	6.939321640245106337e-01	6.939321640245106337e-01	6.339365051944759744e-01	6.939321640245106337e-01	6.939321640245106337e-01	6.939321640245106337e-01	6.939321640245106337e-01	6.939321640245106337e-01	6.939321640245106337e-01	6.838991519563929478e-01	6.662366694044470350e-01	7.602928361378430422e-01	6.939321640245106337e-01	6.939321640245106337e-01	6.939321640245106337e-01	6.939321640245106337e-01	6.939321640245106337e-01	6.939321640245106337e-01	6.939321640245106337e-01	6.939321640245106337e-01	7.395638556995209889e-01	7.367426418887670359e-01	6.939321640245106337e-01	6.939321640245106337e-01	6.939321640245106337e-01	6.757474509297709542e-01	6.939321640245106337e-01	6.939321640245106337e-01	7.313068305521880363e-01	6.749189817343189679e-01	6.939321640245106337e-01	6.939321640245106337e-01	6.713833933247009833e-01	6.939321640245106337e-01	6.939321640245106337e-01	6.939321640245106337e-01	6.939321640245106337e-01	6.939321640245106337e-01	6.972890437403920227e-01	6.939321640245106337e-01	6.939321640245106337e-01	6.939321640245106337e-01	6.939321640245106337e-01	6.939321640245106337e-01	6.939321640245106337e-01	6.939321640245106337e-01	6.939321640245106337e-01	6.939321640245106337e-01	5.688749703668259938e-01	6.820587379142679652e-01	6.939321640245106337e-01	6.939321640245106337e-01	6.939321640245106337e-01	6.939321640245106337e-01	6.939321640245106337e-01	6.939321640245106337e-01	6.816338344072520039e-01	6.939321640245106337e-01	6.939321640245106337e-01	6.939321640245106337e-01	6.236973482562649940e-01	6.939321640245106337e-01	6.939321640245106337e-01	6.939321640245106337e-01	7.553339892665810185e-01	7.645229345833499668e-01	6.939321640245106337e-01	6.939321640245106337e-01	6.939321640245106337e-01	7.145999551964680174e-01	7.425332976704710486e-01	7.653842136885740111e-01	6.238726554098370514e-01	6.939321640245106337e-01	6.939321640245106337e-01	6.939321640245106337e-01	6.659469559282350515e-01	6.939321640245106337e-01	6.939321640245106337e-01	6.939321640245106337e-01	6.939321640245106337e-01	6.939321640245106337e-01	7.531575748915669832e-01	6.536584818038939648e-01	6.939321640245106337e-01	6.939321640245106337e-01	6.939321640245106337e-01	7.436023792358510409e-01	6.939321640245106337e-01	6.939321640245106337e-01	6.659242072752810104e-01	7.450060393206270337e-01	6.478637494271709540e-01	6.073654759323100505e-01	5.449830625114540084e-01	6.939321640245106337e-01	6.939321640245106337e-01	6.939321640245106337e-01	6.939321640245106337e-01	6.411853204952630003e-01	6.939321640245106337e-01	6.939321640245106337e-01	7.545178499874229949e-01	6.939321640245106337e-01	7.193704539818239763e-01	7.525049405678070347e-01	6.939321640245106337e-01	6.939321640245106337e-01	6.939321640245106337e-01	6.939321640245106337e-01	7.080464514288370426e-01	7.579447187693100219e-01	7.349550433067499888e-01	6.939321640245106337e-01	6.939321640245106337e-01
6.939321640245106337e-01	6.939321640245106337e-01	7.777268175721000487e-01	6.939321640245106337e-01	8.002910712797880466e-01	6.939321640245106337e-01	1.000000000000029976e+00	6.939321640245106337e-01	6.939321640245106337e-01	7.538623245139830509e-01	7.535142710660649445e-01	6.939321640245106337e-01	7.702351754491040259e-01	6.939321640245106337e-01	6.939321640245106337e-01	7.294996252225219857e-01	6.939321640245106337e-01	6.939321640245106337e-01	6.939321640245106337e-01	6.939321640245106337e-01	6.939321640245106337e-01	6.939321640245106337e-01	7.937411043021169732e-01	6.939321640245106337e-01	6.939321640245106337e-01	6.939321640245106337e-01	6.939321640245106337e-01	8.042793406830629488e-01	6.939321640245106337e-01	6.939321640245106337e-01	6.939321640245106337e-01	6.939321640245106337e-01	6.939321640245106337e-01	6.939321640245106337e-01	6.939321640245106337e-01	6.939321640245106337e-01	6.939321640245106337e-01	6.939321640245106337e-01	6.939321640245106337e-01	6.939321640245106337e-01	6.939321640245106337e-01	6.939321640245106337e-01	7.373359425102210540e-01	6.939321640245106337e-01	6.939321640245106337e-01	6.939321640245106337e-01	6.939321640245106337e-01	6.939321640245106337e-01	7.233421108701489910e-01	6.939321640245106337e-01	6.939321640245106337e-01	7.005965951108410472e-01	6.939321640245106337e-01	6.206520801724230152e-01	6.939321640245106337e-01	6.939321640245106337e-01	6.939321640245106337e-01	6.939321640245106337e-01	6.939321640245106337e-01	6.012615466993740387e-01	6.939321640245106337e-01	6.939321640245106337e-01	6.939321640245106337e-01	6.432827384254490299e-01	6.939321640245106337e-01	7.250653221309379948e-01	6.939321640245106337e-01	6.939321640245106337e-01	6.939321640245106337e-01	5.982052939661239854e-01	6.939321640245106337e-01	6.488872557928280216e-01	6.939321640245106337e-01	7.562483569851139453e-01	6.939321640245106337e-01	6.306762792498159520e-01	6.939321640245106337e-01	7.606556009021140374e-01	6.939321640245106337e-01	7.370558995758980103e-01	6.939321640245106337e-01	6.467013297833400509e-01	6.939321640245106337e-01	6.939321640245106337e-01	6.939321640245106337e-01	6.939321640245106337e-01	6.995801770494629590e-01	6.939321640245106337e-01	6.939321640245106337e-01	6.939321640245106337e-01	6.939321640245106337e-01	6.939321640245106337e-01	6.939321640245106337e-01	6.939321640245106337e-01	6.939321640245106337e-01	6.939321640245106337e-01	6.939321640245106337e-01	6.119911516468750090e-01	7.103770502904079853e-01	6.939321640245106337e-01	6.939321640245106337e-01	6.314537537623089447e-01	6.939321640245106337e-01	6.939321640245106337e-01	6.025762316342000435e-01	6.939321640245106337e-01	7.647044274046510548e-01	6.939321640245106337e-01	6.832211311054440239e-01	6.572391054731560045e-01	7.510815606961379620e-01	6.939321640245106337e-01	6.939321640245106337e-01	6.939321640245106337e-01	6.939321640245106337e-01	6.939321640245106337e-01	6.939321640245106337e-01	7.875866611092540159e-01	7.983066737033429616e-01	6.939321640245106337e-01	6.939321640245106337e-01	6.939321640245106337e-01	7.726071911687919513e-01	7.747828164068439882e-01
7.627265791359759683e-01	6.939321640245106337e-01	7.614694629099449941e-01	6.939321640245106337e-01	6.939321640245106337e-01	6.939321640245106337e-01	6.939321640245106337e-01	9.999999999999610312e-01	8.364333748233809818e-01	6.939321640245106337e-01	7.280586777077570071e-01	6.939321640245106337e-01	6.939321640245106337e-01	6.939321640245106337e-01	1.000000000000000021e-03	6.939321640245106337e-01	6.710550096394599651e-01	7.220902466997080049e-01	6.638371564913559952e-01	7.197017193806699575e-01	7.093566344199879747e-01	5.856731107058249508e-01	6.939321640245106337e-01	6.939321640245106337e-01	6.939321640245106337e-01	6.939321640245106337e-01	6.939321640245106337e-01	7.984814879672149646e-01	6.939321640245106337e-01	6.939321640245106337e-01	6.939321640245106337e-01	6.939321640245106337e-01	6.939321640245106337e-01	6.939321640245106337e-01	6.939321640245106337e-01	6.939321640245106337e-01	6.939321640245106337e-01	6.939321640245106337e-01	6.939321640245106337e-01	6.654628820900739816e-01	6.939321640245106337e-01	7.793352781286130293e-01	7.381879839695979495e-01	6.939321640245106337e-01	6.939321640245106337e-01	6.845169783181620504e-01	6.082250523374329587e-01	6.939321640245106337e-01	6.939321640245106337e-01	6.939321640245106337e-01	6.939321640245106337e-01	6.939321640245106337e-01	6.939321640245106337e-01	5.922517430328320120e-01	6.939321640245106337e-01	6.939321640245106337e-01	5.521324195184289518e-01	6.939321640245106337e-01	6.939321640245106337e-01	5.526746976493199792e-01	6.874334867684089856e-01	6.544765593069810095e-01	6.939321640245106337e-01	6.939321640245106337e-01	6.939321640245106337e-01	6.939321640245106337e-01	6.863902297405749531e-01	6.939321640245106337e-01	6.939321640245106337e-01	5.804616512051830046e-01	6.939321640245106337e-01	6.180837645070980102e-01	6.947563217447669803e-01	6.939321640245106337e-01	6.939321640245106337e-01	6.939321640245106337e-01	6.939321640245106337e-01	6.939321640245106337e-01	6.939321640245106337e-01	6.960216112244760334e-01	6.939321640245106337e-01	6.939321640245106337e-01	6.939321640245106337e-01	6.939321640245106337e-01	6.939321640245106337e-01	6.249490334659729696e-01	6.629051172913410506e-01	6.939321640245106337e-01	6.939321640245106337e-01	6.939321640245106337e-01	6.939321640245106337e-01	6.939321640245106337e-01	6.939321640245106337e-01	6.939321640245106337e-01	5.726791118897059940e-01	7.305645204307480434e-01	6.939321640245106337e-01	6.939321640245106337e-01	6.939321640245106337e-01	6.939321640245106337e-01	6.939321640245106337e-01	6.939321640245106337e-01	6.939321640245106337e-01	6.939321640245106337e-01	6.939321640245106337e-01	6.939321640245106337e-01	7.079145344597209677e-01	6.963524346856420078e-01	6.267350978767519676e-01	6.939321640245106337e-01	7.194158053795239871e-01	6.939321640245106337e-01	6.939321640245106337e-01	6.939321640245106337e-01	7.280204197791400045e-01	6.939321640245106337e-01	6.939321640245106337e-01	6.939321640245106337e-01	6.939321640245106337e-01	7.254152871904849809e-01	6.939321640245106337e-01	6.939321640245106337e-01	6.939321640245106337e-01	6.939321640245106337e-01
6.939321640245106337e-01	7.343467722960129729e-01	6.939321640245106337e-01	6.939321640245106337e-01	6.939321640245106337e-01	6.939321640245106337e-01	6.939321640245106337e-01	8.364333748233809818e-01	1.000000000000129896e+00	6.939321640245106337e-01	6.939321640245106337e-01	6.501090204039750020e-01	6.939321640245106337e-01	6.939321640245106337e-01	1.000000000000000021e-03	7.254598811919540369e-01	6.939321640245106337e-01	7.682730725569479890e-01	6.939321640245106337e-01	6.939321640245106337e-01	6.939321640245106337e-01	6.939321640245106337e-01	6.939321640245106337e-01	6.939321640245106337e-01	7.683907080378129528e-01	6.939321640245106337e-01	6.939321640245106337e-01	6.939321640245106337e-01	4.834026200638369963e-01	6.939321640245106337e-01	7.498205861629969604e-01	7.298333792496329853e-01	6.939321640245106337e-01	6.939321640245106337e-01	6.939321640245106337e-01	7.276882037169769557e-01	7.148993871894999685e-01	6.939321640245106337e-01	6.939321640245106337e-01	6.939321640245106337e-01	6.810654445172740212e-01	7.690106913168289759e-01	6.939321640245106337e-01	6.939321640245106337e-01	6.939321640245106337e-01	6.939321640245106337e-01	6.939321640245106337e-01	7.089934255402150498e-01	6.939321640245106337e-01	6.939321640245106337e-01	6.939321640245106337e-01	6.939321640245106337e-01	6.939321640245106337e-01	6.939321640245106337e-01	6.831063178809589909e-01	7.801229341602710088e-01	5.608580118351079724e-01	6.939321640245106337e-01	6.939321640245106337e-01	6.939321640245106337e-01	6.939321640245106337e-01	6.830971577228569513e-01	7.710946918492640467e-01	6.660701718879940003e-01	6.939321640245106337e-01	6.891934437485760512e-01	7.370416854139569818e-01	6.939321640245106337e-01	6.939321640245106337e-01	6.939321640245106337e-01	6.939321640245106337e-01	6.939321640245106337e-01	6.939321640245106337e-01	6.939321640245106337e-01	6.939321640245106337e-01	5.575829886606710195e-01	6.939321640245106337e-01	6.939321640245106337e-01	6.939321640245106337e-01	6.939321640245106337e-01	6.939321640245106337e-01	6.939321640245106337e-01	6.939321640245106337e-01	6.939321640245106337e-01	6.677309381198079929e-01	6.939321640245106337e-01	6.939321640245106337e-01	7.435645125991969806e-01	6.939321640245106337e-01	6.779291688728119603e-01	6.939321640245106337e-01	6.939321640245106337e-01	6.939321640245106337e-01	6.939321640245106337e-01	5.843618840406750170e-01	6.939321640245106337e-01	6.939321640245106337e-01	6.939321640245106337e-01	6.939321640245106337e-01	6.939321640245106337e-01	6.939321640245106337e-01	6.939321640245106337e-01	6.197546412296659479e-01	6.939321640245106337e-01	6.443906069619810273e-01	6.939321640245106337e-01	7.080079284777609505e-01	6.939321640245106337e-01	6.939321640245106337e-01	6.699239689589270297e-01	6.939321640245106337e-01	6.939321640245106337e-01	7.445071235372250351e-01	6.939321640245106337e-01	6.939321640245106337e-01	6.939321640245106337e-01	6.939321640245106337e-01	7.749731383045259658e-01	6.939321640245106337e-01	7.269675955865639860e-01	6.939321640245106337e-01	6.939321640245106337e-01	6.939321640245106337e-01	7.449681703761129592e-01
6.939321640245106337e-01	7.164388723263820369e-01	7.090302181253169689e-01	7.262104973368059824e-01	6.939321640245106337e-01	6.939321640245106337e-01	7.538623245139830509e-01	6.939321640245106337e-01	6.939321640245106337e-01	1.000000000000069944e+00	7.818045553665550207e-01	7.270166221830339781e-01	6.939321640245106337e-01	6.939321640245106337e-01	1.000000000000000021e-03	7.043916401098679891e-01	6.939321640245106337e-01	6.939321640245106337e-01	7.071409673236309645e-01	6.939321640245106337e-01	6.939321640245106337e-01	6.939321640245106337e-01	6.939321640245106337e-01	6.939321640245106337e-01	7.326180900699239551e-01	8.068215683120369963e-01	7.311335981989349753e-01	6.939321640245106337e-01	6.939321640245106337e-01	6.939321640245106337e-01	6.939321640245106337e-01	6.939321640245106337e-01	6.939321640245106337e-01	6.939321640245106337e-01	6.939321640245106337e-01	6.939321640245106337e-01	6.939321640245106337e-01	6.939321640245106337e-01	6.186590113751709863e-01	6.939321640245106337e-01	6.939321640245106337e-01	6.939321640245106337e-01	6.939321640245106337e-01	6.939321640245106337e-01	7.037129453056399919e-01	6.939321640245106337e-01	6.939321640245106337e-01	6.939321640245106337e-01	6.939321640245106337e-01	6.939321640245106337e-01	7.243719331852409571e-01	6.939321640245106337e-01	6.939321640245106337e-01	6.939321640245106337e-01	6.939321640245106337e-01	6.939321640245106337e-01	6.939321640245106337e-01	6.939321640245106337e-01	6.552619869362169558e-01	6.163013404078699908e-01	7.536944710542400339e-01	6.939321640245106337e-01	7.421003473539390383e-01	6.939321640245106337e-01	6.939321640245106337e-01	7.409795875711989721e-01	6.564343892714400441e-01	6.939321640245106337e-01	6.939321640245106337e-01	6.939321640245106337e-01	6.698427783107360201e-01	6.014815033530449551e-01	6.818279802642479570e-01	7.301664483160279495e-01	6.939321640245106337e-01	6.939321640245106337e-01	6.939321640245106337e-01	6.939321640245106337e-01	7.136672410884179474e-01	6.914615715326659640e-01	6.939321640245106337e-01	6.939321640245106337e-01	6.939321640245106337e-01	6.939321640245106337e-01	6.019823893336779808e-01	5.705583367008779661e-01	7.188435555183420034e-01	6.939321640245106337e-01	7.352949539274880042e-01	6.939321640245106337e-01	7.367891041019339893e-01	6.939321640245106337e-01	6.939321640245106337e-01	6.939321640245106337e-01	6.939321640245106337e-01	6.939321640245106337e-01	7.343856626478509897e-01	6.939321640245106337e-01	6.847417165567150077e-01	6.939321640245106337e-01	6.939321640245106337e-01	6.939321640245106337e-01	6.014293586455109475e-01	6.939321640245106337e-01	6.939321640245106337e-01	6.863988819866729818e-01	6.939321640245106337e-01	6.939321640245106337e-01	6.939321640245106337e-01	6.939321640245106337e-01	7.580627096974700274e-01	6.984051378344859895e-01	6.939321640245106337e-01	6.939321640245106337e-01	7.091488662182230396e-01	7.074979256930860050e-01	6.939321640245106337e-01	7.230203192690619618e-01	7.343712208419720389e-01	6.939321640245106337e-01	6.939321640245106337e-01	7.428973998835820547e-01	6.939321640245106337e-01	7.284072042017469828e-01
6.939321640245106337e-01	6.939321640245106337e-01	6.939321640245106337e-01	6.939321640245106337e-01	7.881627668475169601e-01	6.939321640245106337e-01	7.535142710660649445e-01	7.280586777077570071e-01	6.939321640245106337e-01	7.818045553665550207e-01	9.999999999999910072e-01	6.939321640245106337e-01	6.939321640245106337e-01	6.939321640245106337e-01	1.000000000000000021e-03	6.939321640245106337e-01	6.939321640245106337e-01	6.844377720991130509e-01	6.939321640245106337e-01	7.977395490202150441e-01	6.939321640245106337e-01	6.939321640245106337e-01	6.939321640245106337e-01	6.939321640245106337e-01	6.939321640245106337e-01	6.939321640245106337e-01	6.939321640245106337e-01	6.939321640245106337e-01	6.939321640245106337e-01	6.939321640245106337e-01	6.939321640245106337e-01	6.939321640245106337e-01	6.939321640245106337e-01	6.939321640245106337e-01	6.939321640245106337e-01	6.939321640245106337e-01	6.939321640245106337e-01	6.939321640245106337e-01	6.107187661142150503e-01	6.939321640245106337e-01	6.939321640245106337e-01	6.939321640245106337e-01	6.939321640245106337e-01	6.939321640245106337e-01	6.939321640245106337e-01	6.939321640245106337e-01	6.939321640245106337e-01	6.298967754705929734e-01	6.939321640245106337e-01	7.264601767577379965e-01	6.939321640245106337e-01	6.939321640245106337e-01	6.939321640245106337e-01	5.871194353172159985e-01	6.939321640245106337e-01	6.939321640245106337e-01	6.517422735729410110e-01	6.939321640245106337e-01	6.430643544561800429e-01	6.939321640245106337e-01	6.939321640245106337e-01	6.939321640245106337e-01	6.939321640245106337e-01	6.939321640245106337e-01	5.612338123111599852e-01	6.939321640245106337e-01	6.572151940677000148e-01	6.939321640245106337e-01	6.770975952294490119e-01	6.939321640245106337e-01	6.939321640245106337e-01	6.939321640245106337e-01	6.939321640245106337e-01	7.351992129365809703e-01	6.939321640245106337e-01	6.939321640245106337e-01	6.939321640245106337e-01	7.321434100538389833e-01	6.841183381687550025e-01	6.939321640245106337e-01	6.939321640245106337e-01	6.939321640245106337e-01	6.181247017224219542e-01	6.939321640245106337e-01	5.821932962536130463e-01	6.939321640245106337e-01	6.810402794121039882e-01	6.939321640245106337e-01	7.801405584136269500e-01	6.939321640245106337e-01	7.458268965652280480e-01	6.686135380762749936e-01	5.778529123028099956e-01	6.939321640245106337e-01	6.334382498017879781e-01	6.939321640245106337e-01	6.939321640245106337e-01	6.383706473911350265e-01	6.939321640245106337e-01	6.939321640245106337e-01	7.871220722774739942e-01	5.801133294386620065e-01	5.887229637794769710e-01	6.939321640245106337e-01	5.570264098747780279e-01	6.939321640245106337e-01	7.462185355409409748e-01	6.529278675973230195e-01	6.939321640245106337e-01	6.270850817723510051e-01	6.939321640245106337e-01	6.939321640245106337e-01	6.939321640245106337e-01	6.939321640245106337e-01	7.234619277093109480e-01	6.939321640245106337e-01	6.939321640245106337e-01	7.532911814917070403e-01	6.939321640245106337e-01	7.447453086202210359e-01	7.788867646771809872e-01	6.939321640245106337e-01	6.939321640245106337e-01	6.939321640245106337e-01
6.939321640245106337e-01	7.055758206698360402e-01	6.740802842983280030e-01	7.023644559834839596e-01	6.939321640245106337e-01	6.339365051944759744e-01	6.939321640245106337e-01	6.939321640245106337e-01	6.501090204039750020e-01	7.270166221830339781e-01	6.939321640245106337e-01	1.000000000000039968e+00	6.853257187023239494e-01	6.159396433506499902e-01	1.000000000000000021e-03	6.939321640245106337e-01	6.939321640245106337e-01	6.403516856582219807e-01	6.708573263868929937e-01	6.939321640245106337e-01	6.939321640245106337e-01	6.939321640245106337e-01	7.403305082298560214e-01	6.988797772738569725e-01	6.939321640245106337e-01	6.939321640245106337e-01	6.939321640245106337e-01	6.939321640245106337e-01	6.507082475433050295e-01	6.939321640245106337e-01	6.939321640245106337e-01	6.939321640245106337e-01	6.939321640245106337e-01	6.939321640245106337e-01	6.939321640245106337e-01	6.939321640245106337e-01	6.257792659814600533e-01	7.393283548759279622e-01	6.939321640245106337e-01	6.939321640245106337e-01	6.939321640245106337e-01	6.939321640245106337e-01	6.939321640245106337e-01	6.939321640245106337e-01	6.939321640245106337e-01	6.939321640245106337e-01	5.854372624871869712e-01	5.978497422048779653e-01	6.939321640245106337e-01	6.939321640245106337e-01	7.017160356098890439e-01	6.859328003036110344e-01	6.939321640245106337e-01	6.939321640245106337e-01	6.361909603079799469e-01	6.939321640245106337e-01	6.939321640245106337e-01	6.939321640245106337e-01	6.163826216074099751e-01	6.007385604104139576e-01	6.939321640245106337e-01	6.579013970966000047e-01	6.939321640245106337e-01	5.792209818141259570e-01	6.939321640245106337e-01	6.939321640245106337e-01	6.939321640245106337e-01	6.939321640245106337e-01	6.939321640245106337e-01	6.939321640245106337e-01	6.301174123851229769e-01	6.939321640245106337e-01	6.842010664294470024e-01	7.028257490690550391e-01	6.686033756898029923e-01	6.939321640245106337e-01	6.939321640245106337e-01	7.091589932841599886e-01	6.501192223609030263e-01	6.939321640245106337e-01	6.939321640245106337e-01	6.939321640245106337e-01	6.939321640245106337e-01	6.939321640245106337e-01	5.456894806743820547e-01	6.939321640245106337e-01	6.939321640245106337e-01	6.939321640245106337e-01	6.939321640245106337e-01	6.939321640245106337e-01	7.144627625823749550e-01	6.939321640245106337e-01	5.417598382245929489e-01	6.939321640245106337e-01	6.939321640245106337e-01	6.453208218907250382e-01	6.961537648971549697e-01	6.309149560873400508e-01	6.939321640245106337e-01	7.048160106095779920e-01	7.054434364821430270e-01	6.939321640245106337e-01	5.694912797833560081e-01	6.939321640245106337e-01	6.939321640245106337e-01	6.939321640245106337e-01	6.939321640245106337e-01	5.914923574674260109e-01	6.939321640245106337e-01	5.965704624859949901e-01	6.939321640245106337e-01	6.214047185217720370e-01	6.307487337226469482e-01	7.343051258477539811e-01	6.939321640245106337e-01	6.939321640245106337e-01	6.939321640245106337e-01	6.939321640245106337e-01	6.939321640245106337e-01	6.939321640245106337e-01	6.939321640245106337e-01	6.939321640245106337e-01	6.939321640245106337e-01	6.939321640245106337e-01
