9.999999999999990008e-01	8.076220981493940076e-01	8.185061410891809608e-01	6.591214494896210363e-01	6.591214494896210363e-01	6.591214494896210363e-01	6.591214494896210363e-01	6.591214494896210363e-01	6.591214494896210363e-01	6.591214494896210363e-01	7.046713584866479696e-01	6.591214494896210363e-01	6.905599616143059949e-01	6.271140377251810394e-01	7.000711977285389853e-01	7.071865145681509590e-01	6.591214494896210363e-01	6.591214494896210363e-01	6.591214494896210363e-01	6.591214494896210363e-01	6.591214494896210363e-01	6.591214494896210363e-01	6.591214494896210363e-01	6.591214494896210363e-01	6.591214494896210363e-01	6.591214494896210363e-01	6.591214494896210363e-01	6.591214494896210363e-01	6.879654178523370023e-01	7.033776262916050515e-01	6.591214494896210363e-01	6.668676055993709717e-01	6.591214494896210363e-01	6.591214494896210363e-01	6.591214494896210363e-01	6.591214494896210363e-01	7.106909690651550537e-01	7.050207680689180023e-01	6.591214494896210363e-01	6.591214494896210363e-01	6.591214494896210363e-01	6.591214494896210363e-01	6.895942906515729609e-01	6.591214494896210363e-01	6.591214494896210363e-01	6.684145251726969494e-01	6.591214494896210363e-01	6.591214494896210363e-01	6.591214494896210363e-01	6.591214494896210363e-01	7.334082658689999867e-01	6.591214494896210363e-01	6.591214494896210363e-01	6.591214494896210363e-01	6.591214494896210363e-01	6.591214494896210363e-01	6.591214494896210363e-01	6.591214494896210363e-01	6.601910401475570289e-01	6.591214494896210363e-01	6.591214494896210363e-01	6.591214494896210363e-01	6.591214494896210363e-01	6.591214494896210363e-01	6.591214494896210363e-01	6.591214494896210363e-01	6.591214494896210363e-01	6.591214494896210363e-01	6.591214494896210363e-01	6.670517123503379997e-01	6.591214494896210363e-01	6.591214494896210363e-01	6.591214494896210363e-01	7.066360565965049689e-01	6.591214494896210363e-01	6.591214494896210363e-01	6.591214494896210363e-01	6.591214494896210363e-01	6.588748208655490490e-01	6.591214494896210363e-01	6.591214494896210363e-01	6.591214494896210363e-01	6.591214494896210363e-01	7.278501928726509584e-01	6.591214494896210363e-01	6.591214494896210363e-01	6.591214494896210363e-01	6.591214494896210363e-01	6.591214494896210363e-01	6.745065384317969759e-01	6.591214494896210363e-01	6.591214494896210363e-01	6.139504167381379940e-01	6.591214494896210363e-01	6.020848538981390385e-01	6.591214494896210363e-01	6.591214494896210363e-01	6.591214494896210363e-01	6.591214494896210363e-01	6.591214494896210363e-01	6.591214494896210363e-01	6.591214494896210363e-01	6.438597048132640444e-01	6.295389098902830494e-01	6.474715783174269657e-01	6.591214494896210363e-01	6.591214494896210363e-01	6.591214494896210363e-01	6.591214494896210363e-01	6.591214494896210363e-01	6.591214494896210363e-01	7.236798302870569577e-01	6.591214494896210363e-01	6.591214494896210363e-01	6.591214494896210363e-01	6.591214494896210363e-01	6.591214494896210363e-01	6.591214494896210363e-01	8.058006467054960043e-01	6.591214494896210363e-01	6.417383845317280455e-01	6.591214494896210363e-01	6.591214494896210363e-01	6.591214494896210363e-01
8.076220981493940076e-01	1.000000000000000000e+00	6.591214494896210363e-01	6.591214494896210363e-01	6.984522902778089737e-01	6.591214494896210363e-01	6.591214494896210363e-01	6.591214494896210363e-01	7.093046854009249502e-01	6.591214494896210363e-01	7.045032452873249973e-01	6.591214494896210363e-01	6.591214494896210363e-01	6.384363047914219935e-01	6.591214494896210363e-01	6.799911082654159777e-01	6.591214494896210363e-01	6.591214494896210363e-01	6.609154913896559957e-01	6.591214494896210363e-01	6.591214494896210363e-01	6.591214494896210363e-01	6.591214494896210363e-01	6.591214494896210363e-01	6.591214494896210363e-01	7.016140441816369755e-01	6.591214494896210363e-01	6.591214494896210363e-01	6.591214494896210363e-01	6.591214494896210363e-01	6.591214494896210363e-01	6.591214494896210363e-01	6.591214494896210363e-01	6.591214494896210363e-01	6.753584283102570529e-01	6.591214494896210363e-01	6.591214494896210363e-01	6.591214494896210363e-01	6.829301361983060037e-01	6.591214494896210363e-01	6.591214494896210363e-01	6.591214494896210363e-01	6.757346626593619954e-01	6.591214494896210363e-01	6.591214494896210363e-01	6.587506095209669787e-01	6.591214494896210363e-01	6.705066397255360355e-01	6.591214494896210363e-01	6.794311883816469555e-01	6.591214494896210363e-01	6.576677174908710510e-01	6.591214494896210363e-01	6.591214494896210363e-01	6.591214494896210363e-01	6.468991702968720503e-01	6.591214494896210363e-01	6.591214494896210363e-01	6.469766870973520101e-01	6.591214494896210363e-01	6.783030988835999642e-01	6.591214494896210363e-01	6.591214494896210363e-01	6.591214494896210363e-01	6.591214494896210363e-01	6.591214494896210363e-01	6.591214494896210363e-01	6.591214494896210363e-01	6.591214494896210363e-01	6.591214494896210363e-01	6.591214494896210363e-01	6.922222608069410477e-01	6.661791457422230334e-01	6.591214494896210363e-01	6.591214494896210363e-01	6.591214494896210363e-01	6.591214494896210363e-01	6.591214494896210363e-01	6.531387786620680425e-01	6.591214494896210363e-01	6.591214494896210363e-01	6.591214494896210363e-01	6.591214494896210363e-01	6.591214494896210363e-01	6.591214494896210363e-01	6.591214494896210363e-01	6.670445382932570499e-01	6.592156849254580120e-01	8.070517191128779855e-01	6.591214494896210363e-01	6.591214494896210363e-01	6.347978677780869994e-01	6.347909244586169564e-01	6.260587268911610437e-01	6.090028101556069773e-01	6.591214494896210363e-01	6.591214494896210363e-01	6.591214494896210363e-01	6.591214494896210363e-01	6.591214494896210363e-01	6.591214494896210363e-01	6.591214494896210363e-01	6.591214494896210363e-01	6.591214494896210363e-01	6.591214494896210363e-01	6.591214494896210363e-01	6.496124115728979520e-01	6.591214494896210363e-01	6.432327367637159510e-01	6.591214494896210363e-01	6.591214494896210363e-01	6.591214494896210363e-01	6.591214494896210363e-01	6.591214494896210363e-01	6.591214494896210363e-01	7.911270560235179605e-01	6.591214494896210363e-01	6.591214494896210363e-01	7.787029806065890458e-01	6.591214494896210363e-01	6.381643123998840261e-01	7.156130769185079510e-01	6.591214494896210363e-01	7.154611589023780471e-01
8.185061410891809608e-01	6.591214494896210363e-01	1.000000000000000000e+00	6.591214494896210363e-01	6.591214494896210363e-01	6.591214494896210363e-01	6.794559110714190053e-01	6.591214494896210363e-01	7.060441882014879544e-01	6.591214494896210363e-01	6.591214494896210363e-01	6.591214494896210363e-01	6.877195834211069503e-01	6.199327309152650178e-01	6.591214494896210363e-01	6.591214494896210363e-01	6.591214494896210363e-01	6.591214494896210363e-01	6.674027466200900260e-01	6.670462387706159735e-01	6.409165037922189834e-01	6.591214494896210363e-01	6.591214494896210363e-01	6.591214494896210363e-01	6.591214494896210363e-01	6.591214494896210363e-01	6.591214494896210363e-01	6.893476167977390379e-01	6.591214494896210363e-01	6.792242412745820301e-01	6.591214494896210363e-01	6.591214494896210363e-01	6.591214494896210363e-01	6.591214494896210363e-01	6.692053998123510539e-01	6.591214494896210363e-01	6.591214494896210363e-01	6.591214494896210363e-01	6.591214494896210363e-01	6.591214494896210363e-01	6.591214494896210363e-01	6.376972157723730383e-01	6.591214494896210363e-01	6.591214494896210363e-01	6.591214494896210363e-01	6.545946249509090320e-01	6.591214494896210363e-01	6.591214494896210363e-01	6.591214494896210363e-01	6.591214494896210363e-01	6.591214494896210363e-01	6.591214494896210363e-01	6.253530900452389796e-01	6.591214494896210363e-01	6.591214494896210363e-01	6.595788773509639880e-01	6.591214494896210363e-01	6.431487293420850015e-01	6.591214494896210363e-01	6.591214494896210363e-01	6.591214494896210363e-01	6.591214494896210363e-01	7.069426208932110267e-01	6.591214494896210363e-01	6.591214494896210363e-01	6.591214494896210363e-01	6.680009025704359837e-01	6.794225827454130062e-01	6.491637258387019660e-01	6.562703174651479676e-01	6.591214494896210363e-01	6.591214494896210363e-01	6.591214494896210363e-01	6.989572779258580448e-01	6.351830736769720209e-01	6.466868485330220517e-01	7.175258433542870407e-01	6.591214494896210363e-01	6.591214494896210363e-01	6.518360349192200420e-01	6.591214494896210363e-01	6.591214494896210363e-01	6.591214494896210363e-01	6.898997249390550479e-01	6.591214494896210363e-01	6.591214494896210363e-01	6.885136538802549833e-01	6.591214494896210363e-01	6.591214494896210363e-01	6.591214494896210363e-01	7.024601213268290012e-01	6.591214494896210363e-01	6.133586615348499693e-01	6.591214494896210363e-01	6.591214494896210363e-01	6.591214494896210363e-01	6.591214494896210363e-01	6.319832143623119736e-01	6.591214494896210363e-01	6.591214494896210363e-01	6.153094004879939849e-01	6.343514773010410224e-01	6.331332639795389516e-01	6.591214494896210363e-01	6.591214494896210363e-01	6.446689591492229532e-01	6.591214494896210363e-01	6.591214494896210363e-01	6.591214494896210363e-01	6.315178614638989885e-01	6.591214494896210363e-01	6.591214494896210363e-01	6.591214494896210363e-01	6.591214494896210363e-01	6.591214494896210363e-01	6.591214494896210363e-01	7.623677466053859764e-01	8.044083587664979662e-01	7.695510193401520205e-01	6.591214494896210363e-01	6.591214494896210363e-01	7.117660048815750429e-01	7.120751421587789842e-01	7.106795882554800547e-01
6.591214494896210363e-01	6.591214494896210363e-01	6.591214494896210363e-01	9.999999999999980016e-01	6.153594652815500554e-01	6.591214494896210363e-01	6.591214494896210363e-01	6.591214494896210363e-01	6.591214494896210363e-01	6.591214494896210363e-01	6.143026884895439466e-01	6.079186757486789716e-01	6.591214494896210363e-01	6.724238694464429456e-01	6.591214494896210363e-01	6.591214494896210363e-01	6.550020403343299602e-01	6.591214494896210363e-01	6.944435962719900379e-01	6.157080587050980380e-01	6.591214494896210363e-01	6.727743969946420322e-01	6.591214494896210363e-01	6.591214494896210363e-01	6.591214494896210363e-01	6.591214494896210363e-01	6.591214494896210363e-01	6.591214494896210363e-01	6.771144731706639774e-01	6.591214494896210363e-01	6.591214494896210363e-01	6.060386142810080257e-01	6.591214494896210363e-01	6.591214494896210363e-01	6.591214494896210363e-01	6.591214494896210363e-01	6.591214494896210363e-01	6.591214494896210363e-01	6.591214494896210363e-01	6.591214494896210363e-01	6.284041413764119843e-01	6.591214494896210363e-01	6.358441253975379848e-01	6.440915615191820098e-01	6.591214494896210363e-01	6.591214494896210363e-01	6.591214494896210363e-01	6.591214494896210363e-01	6.943555301992579976e-01	6.591214494896210363e-01	5.970018629015090283e-01	6.591214494896210363e-01	6.591214494896210363e-01	6.591214494896210363e-01	6.155896702810740306e-01	6.408556716808040399e-01	6.591214494896210363e-01	6.591214494896210363e-01	6.591214494896210363e-01	6.591214494896210363e-01	6.591214494896210363e-01	5.919251514920309543e-01	6.591214494896210363e-01	6.591214494896210363e-01	6.591214494896210363e-01	6.591214494896210363e-01	6.591214494896210363e-01	6.681678581073350331e-01	6.838010210886450446e-01	6.116434466959349558e-01	6.591214494896210363e-01	6.591214494896210363e-01	6.591214494896210363e-01	6.504364107687049534e-01	6.591214494896210363e-01	6.591214494896210363e-01	6.591214494896210363e-01	6.591214494896210363e-01	6.591214494896210363e-01	6.591214494896210363e-01	6.239373377005760224e-01	6.591214494896210363e-01	6.106957105263060015e-01	6.591214494896210363e-01	6.591214494896210363e-01	5.943531151591380235e-01	6.454443389916759699e-01	6.591214494896210363e-01	6.591214494896210363e-01	6.591214494896210363e-01	6.591214494896210363e-01	6.591214494896210363e-01	6.591214494896210363e-01	6.591214494896210363e-01	5.714523486875680014e-01	6.317604571686340487e-01	6.591214494896210363e-01	6.591214494896210363e-01	6.591214494896210363e-01	6.427050542478619510e-01	6.591214494896210363e-01	6.591214494896210363e-01	6.591214494896210363e-01	6.591214494896210363e-01	6.029016117791210494e-01	6.591214494896210363e-01	6.591214494896210363e-01	6.591214494896210363e-01	6.591214494896210363e-01	6.591214494896210363e-01	6.591214494896210363e-01	6.591214494896210363e-01	6.591214494896210363e-01	6.590949422466400032e-01	6.392500624789030361e-01	6.591214494896210363e-01	6.591214494896210363e-01	6.591214494896210363e-01	6.591214494896210363e-01	6.591214494896210363e-01	6.591214494896210363e-01	6.591214494896210363e-01	6.278822422883969523e-01	6.591214494896210363e-01
6.591214494896210363e-01	6.984522902778089737e-01	6.591214494896210363e-01	6.153594652815500554e-01	9.999999999999980016e-01	6.591214494896210363e-01	7.772437840436650092e-01	6.591214494896210363e-01	6.591214494896210363e-01	6.591214494896210363e-01	6.591214494896210363e-01	6.591214494896210363e-01	6.591214494896210363e-01	6.591214494896210363e-01	6.591214494896210363e-01	6.594066061730530226e-01	6.591214494896210363e-01	5.907938704696550358e-01	6.591214494896210363e-01	7.556915335267410105e-01	6.591214494896210363e-01	6.458428531323380239e-01	6.591214494896210363e-01	6.591214494896210363e-01	7.140940679340830322e-01	6.591214494896210363e-01	6.591214494896210363e-01	6.591214494896210363e-01	6.591214494896210363e-01	6.535882984578450516e-01	6.391242898700639774e-01	6.591214494896210363e-01	6.591214494896210363e-01	6.591214494896210363e-01	6.378259422697070136e-01	6.591214494896210363e-01	6.591214494896210363e-01	6.260170550200809814e-01	6.370860990039479699e-01	5.997368959970490465e-01	6.669032308186410019e-01	6.591214494896210363e-01	6.591214494896210363e-01	6.591214494896210363e-01	6.591214494896210363e-01	6.591214494896210363e-01	6.591214494896210363e-01	6.591214494896210363e-01	6.575555157811010520e-01	6.591214494896210363e-01	6.591214494896210363e-01	6.591214494896210363e-01	6.324820242080549937e-01	6.591214494896210363e-01	6.591214494896210363e-01	6.430484399451089628e-01	6.591214494896210363e-01	6.591214494896210363e-01	6.591214494896210363e-01	6.269138568120520283e-01	6.591214494896210363e-01	6.279013088538909493e-01	7.006327965576759631e-01	6.591214494896210363e-01	6.591214494896210363e-01	6.591214494896210363e-01	6.591214494896210363e-01	6.591214494896210363e-01	6.393604246106839861e-01	6.591214494896210363e-01	6.687449642682470330e-01	6.591214494896210363e-01	6.591214494896210363e-01	6.591214494896210363e-01	6.591214494896210363e-01	6.591214494896210363e-01	6.591214494896210363e-01	6.591214494896210363e-01	6.591214494896210363e-01	6.591214494896210363e-01	6.591214494896210363e-01	6.591214494896210363e-01	6.591214494896210363e-01	6.591214494896210363e-01	6.591214494896210363e-01	6.772436438640540013e-01	6.591214494896210363e-01	6.591214494896210363e-01	6.591214494896210363e-01	6.591214494896210363e-01	6.591214494896210363e-01	6.591214494896210363e-01	6.250798733952369624e-01	6.061111211448839686e-01	6.563524728632820215e-01	6.591214494896210363e-01	6.591214494896210363e-01	6.591214494896210363e-01	6.591214494896210363e-01	6.591214494896210363e-01	6.591214494896210363e-01	6.591214494896210363e-01	6.591214494896210363e-01	5.947655870829290370e-01	6.591214494896210363e-01	6.591214494896210363e-01	6.591214494896210363e-01	6.591214494896210363e-01	6.079761586594899514e-01	6.591214494896210363e-01	6.250624967675469934e-01	6.591214494896210363e-01	6.591214494896210363e-01	6.544334894920099677e-01	6.591214494896210363e-01	6.591214494896210363e-01	6.607072178572519494e-01	6.591214494896210363e-01	7.086560501622419794e-01	6.784200545508789482e-01	6.849110703602480088e-01	6.591214494896210363e-01	6.591214494896210363e-01	6.591214494896210363e-01
6.591214494896210363e-01	6.591214494896210363e-01	6.591214494896210363e-01	6.591214494896210363e-01	6.591214494896210363e-01	9.999999999999980016e-01	6.591214494896210363e-01	6.591214494896210363e-01	6.591214494896210363e-01	6.591214494896210363e-01	6.591214494896210363e-01	6.591214494896210363e-01	6.591214494896210363e-01	6.591214494896210363e-01	6.591214494896210363e-01	6.591214494896210363e-01	6.591214494896210363e-01	6.591214494896210363e-01	6.591214494896210363e-01	6.591214494896210363e-01	6.591214494896210363e-01	6.591214494896210363e-01	6.290518221339590488e-01	6.317053919985570198e-01	6.591214494896210363e-01	6.778564823477060131e-01	6.591214494896210363e-01	6.591214494896210363e-01	6.591214494896210363e-01	6.591214494896210363e-01	6.591214494896210363e-01	6.137652581458500345e-01	6.591214494896210363e-01	6.591214494896210363e-01	6.314241518987919743e-01	6.591214494896210363e-01	6.221586034869439619e-01	6.098354956040840102e-01	6.591214494896210363e-01	6.591214494896210363e-01	6.591214494896210363e-01	6.847572275237829853e-01	6.591214494896210363e-01	6.591214494896210363e-01	6.591214494896210363e-01	6.280632566099839664e-01	6.591214494896210363e-01	6.476399178786530486e-01	6.591214494896210363e-01	6.591214494896210363e-01	6.591214494896210363e-01	7.138945806134689986e-01	6.281735017059250081e-01	6.591214494896210363e-01	6.591214494896210363e-01	6.591214494896210363e-01	6.591214494896210363e-01	6.591214494896210363e-01	6.591214494896210363e-01	6.119388078980190215e-01	6.591214494896210363e-01	6.591214494896210363e-01	6.591214494896210363e-01	6.591214494896210363e-01	5.882051211709610206e-01	6.591214494896210363e-01	6.000232038129460488e-01	6.591214494896210363e-01	6.364175122467690127e-01	6.591214494896210363e-01	6.591214494896210363e-01	6.455205044483900423e-01	6.591214494896210363e-01	6.591214494896210363e-01	6.486175741314960108e-01	6.591214494896210363e-01	6.531669059271839606e-01	6.722443694905340106e-01	6.591214494896210363e-01	6.591214494896210363e-01	6.832617718801220486e-01	6.591214494896210363e-01	6.591214494896210363e-01	6.591214494896210363e-01	5.902456686821899723e-01	6.635461267299850308e-01	6.591214494896210363e-01	7.104075480276480503e-01	6.591214494896210363e-01	6.591214494896210363e-01	6.591214494896210363e-01	6.739739716871110398e-01	6.591214494896210363e-01	5.751665450138260249e-01	6.429329203099409806e-01	6.591214494896210363e-01	6.591214494896210363e-01	6.591214494896210363e-01	6.591214494896210363e-01	7.250456700238669949e-01	6.591214494896210363e-01	6.591214494896210363e-01	6.491660224400549462e-01	5.901384989367619571e-01	6.591214494896210363e-01	6.591214494896210363e-01	7.111830797056259978e-01	6.591214494896210363e-01	6.591214494896210363e-01	6.591214494896210363e-01	6.591214494896210363e-01	6.591214494896210363e-01	6.591214494896210363e-01	6.591214494896210363e-01	6.591214494896210363e-01	6.591214494896210363e-01	6.591214494896210363e-01	6.591214494896210363e-01	6.827659791555690250e-01	6.591214494896210363e-01	6.591214494896210363e-01	6.591214494896210363e-01	6.591214494896210363e-01	6.591214494896210363e-01
6.591214494896210363e-01	6.591214494896210363e-01	6.794559110714190053e-01	6.591214494896210363e-01	7.772437840436650092e-01	6.591214494896210363e-01	9.999999999999990008e-01	6.591214494896210363e-01	6.591214494896210363e-01	6.591214494896210363e-01	6.591214494896210363e-01	6.591214494896210363e-01	6.591214494896210363e-01	6.479461187913589937e-01	6.568788716055009580e-01	6.449950112822809833e-01	6.431444627956880433e-01	6.028074023554269578e-01	6.591214494896210363e-01	6.591214494896210363e-01	6.591214494896210363e-01	6.302196502416990143e-01	6.591214494896210363e-01	6.591214494896210363e-01	6.591214494896210363e-01	6.591214494896210363e-01	6.591214494896210363e-01	6.833183091281319621e-01	6.591214494896210363e-01	6.591214494896210363e-01	6.380103954383929965e-01	6.591214494896210363e-01	6.591214494896210363e-01	6.591214494896210363e-01	6.298424858083729871e-01	6.591214494896210363e-01	6.208555306296460463e-01	6.131908821853859770e-01	6.591214494896210363e-01	6.591214494896210363e-01	6.591214494896210363e-01	7.503989776076660512e-01	6.591214494896210363e-01	6.591214494896210363e-01	6.591214494896210363e-01	6.591214494896210363e-01	6.591214494896210363e-01	6.591214494896210363e-01	6.591214494896210363e-01	6.307988091604009862e-01	6.591214494896210363e-01	6.491470308997879801e-01	6.206739860633939676e-01	6.591214494896210363e-01	6.591214494896210363e-01	6.591214494896210363e-01	6.748821633928530073e-01	6.591214494896210363e-01	6.591214494896210363e-01	6.591214494896210363e-01	6.718300758875920264e-01	6.591214494896210363e-01	6.591214494896210363e-01	6.591214494896210363e-01	5.869894421833500298e-01	6.591214494896210363e-01	6.154538464426959621e-01	6.648019814495159663e-01	6.591214494896210363e-01	6.757065233340300292e-01	6.591214494896210363e-01	6.591214494896210363e-01	6.591214494896210363e-01	6.478218389913590336e-01	6.591214494896210363e-01	6.722533529057399537e-01	6.988311746450950324e-01	6.591214494896210363e-01	6.591214494896210363e-01	6.591214494896210363e-01	7.479087294248699669e-01	6.591214494896210363e-01	6.591214494896210363e-01	6.543262440647199529e-01	6.078946981759919543e-01	6.591214494896210363e-01	6.591214494896210363e-01	6.591214494896210363e-01	6.591214494896210363e-01	6.486613070019130456e-01	6.591214494896210363e-01	6.542139340498129840e-01	6.591214494896210363e-01	6.591214494896210363e-01	6.591214494896210363e-01	6.591214494896210363e-01	6.777560762864449639e-01	6.591214494896210363e-01	6.591214494896210363e-01	6.591214494896210363e-01	7.154109236884710343e-01	6.591214494896210363e-01	6.474594573143590548e-01	6.591214494896210363e-01	6.591214494896210363e-01	6.591214494896210363e-01	6.691476826010189782e-01	6.251794699866379812e-01	6.591214494896210363e-01	6.591214494896210363e-01	6.591214494896210363e-01	6.455499735917880066e-01	6.591214494896210363e-01	6.591214494896210363e-01	6.591214494896210363e-01	7.031681109300189636e-01	6.507373707222710024e-01	6.948641215966450124e-01	6.591214494896210363e-01	6.684136230713569882e-01	6.591214494896210363e-01	6.591214494896210363e-01	6.591214494896210363e-01	6.591214494896210363e-01
6.591214494896210363e-01	6.591214494896210363e-01	6.591214494896210363e-01	6.591214494896210363e-01	6.591214494896210363e-01	6.591214494896210363e-01	6.591214494896210363e-01	1.000000000000000000e+00	7.851903523378339633e-01	6.591214494896210363e-01	6.591214494896210363e-01	6.591214494896210363e-01	6.591214494896210363e-01	6.591214494896210363e-01	6.591214494896210363e-01	6.591214494896210363e-01	6.591214494896210363e-01	6.591214494896210363e-01	6.591214494896210363e-01	6.591214494896210363e-01	6.183631161036949875e-01	6.591214494896210363e-01	6.591214494896210363e-01	6.591214494896210363e-01	6.591214494896210363e-01	7.019610277766470396e-01	6.421009918557499807e-01	6.591214494896210363e-01	6.403248354011269461e-01	6.791147086806540445e-01	6.591214494896210363e-01	6.152120684545729912e-01	6.591214494896210363e-01	6.591214494896210363e-01	6.591214494896210363e-01	6.591214494896210363e-01	6.591214494896210363e-01	6.671760632177119454e-01	6.591214494896210363e-01	6.149356185722889556e-01	6.591214494896210363e-01	7.070747342523400203e-01	6.591214494896210363e-01	6.591214494896210363e-01	6.591214494896210363e-01	6.843943646914639745e-01	6.591214494896210363e-01	6.521509340211160133e-01	6.602341305803219873e-01	6.591214494896210363e-01	6.591214494896210363e-01	6.185964023948159474e-01	5.993063768041839712e-01	6.591214494896210363e-01	6.591214494896210363e-01	6.591214494896210363e-01	6.610588449239519493e-01	6.591214494896210363e-01	6.591214494896210363e-01	6.352129550098549737e-01	6.591214494896210363e-01	6.231583615838689472e-01	6.591214494896210363e-01	6.591214494896210363e-01	6.591214494896210363e-01	6.591214494896210363e-01	6.591214494896210363e-01	6.559350665804709601e-01	6.591214494896210363e-01	6.432239071432489519e-01	6.591214494896210363e-01	6.765065368879770169e-01	6.393902785078879880e-01	6.591214494896210363e-01	6.106104506428839951e-01	6.591214494896210363e-01	6.591214494896210363e-01	6.591214494896210363e-01	6.591214494896210363e-01	6.591214494896210363e-01	6.591214494896210363e-01	6.591214494896210363e-01	6.302727372741210310e-01	6.591214494896210363e-01	6.591214494896210363e-01	6.513982563055870090e-01	6.591214494896210363e-01	6.591214494896210363e-01	6.591214494896210363e-01	6.591214494896210363e-01	6.768314670732750171e-01	6.591214494896210363e-01	6.591214494896210363e-01	6.591214494896210363e-01	6.591214494896210363e-01	6.591214494896210363e-01	6.394105018991950162e-01	6.276314146703489971e-01	6.591214494896210363e-01	6.591214494896210363e-01	6.591214494896210363e-01	6.591214494896210363e-01	6.591214494896210363e-01	6.005947409292550221e-01	6.591214494896210363e-01	6.591214494896210363e-01	6.591214494896210363e-01	6.329511591622779543e-01	6.591214494896210363e-01	6.591214494896210363e-01	6.712629527577349542e-01	6.591214494896210363e-01	6.591214494896210363e-01	6.591214494896210363e-01	6.591214494896210363e-01	6.591214494896210363e-01	6.591214494896210363e-01	6.591214494896210363e-01	6.591214494896210363e-01	6.591214494896210363e-01	6.591214494896210363e-01	6.591214494896210363e-01	6.591214494896210363e-01	6.591214494896210363e-01
6.591214494896210363e-01	7.093046854009249502e-01	7.060441882014879544e-01	6.591214494896210363e-01	6.591214494896210363e-01	6.591214494896210363e-01	6.591214494896210363e-01	7.851903523378339633e-01	1.000000000000000000e+00	6.591214494896210363e-01	6.591214494896210363e-01	6.971862675536020237e-01	6.591214494896210363e-01	5.905110501845020066e-01	6.591214494896210363e-01	6.591214494896210363e-01	6.333365475085940277e-01	6.591214494896210363e-01	6.379342104857780305e-01	6.591214494896210363e-01	6.591214494896210363e-01	6.591214494896210363e-01	6.591214494896210363e-01	6.863025615515599975e-01	6.591214494896210363e-01	6.591214494896210363e-01	6.591214494896210363e-01	6.591214494896210363e-01	6.591214494896210363e-01	6.886058299585590126e-01	6.866324645723259623e-01	6.159930223825089701e-01	6.591214494896210363e-01	6.996850521753269492e-01	6.591214494896210363e-01	6.591214494896210363e-01	6.591214494896210363e-01	6.787493362244709783e-01	6.623613873939090402e-01	6.324204332913280213e-01	6.722109650260910119e-01	6.591214494896210363e-01	6.941200884664679993e-01	6.591214494896210363e-01	5.996027652331390456e-01	6.894470279667600510e-01	6.591214494896210363e-01	6.591214494896210363e-01	6.591214494896210363e-01	6.536691548388530171e-01	6.591214494896210363e-01	6.591214494896210363e-01	6.591214494896210363e-01	6.591214494896210363e-01	6.591214494896210363e-01	6.591214494896210363e-01	6.587014400793019808e-01	6.591214494896210363e-01	6.591214494896210363e-01	6.364381672300130077e-01	6.591214494896210363e-01	6.591214494896210363e-01	6.591214494896210363e-01	6.591214494896210363e-01	6.591214494896210363e-01	6.591214494896210363e-01	6.591214494896210363e-01	6.591214494896210363e-01	6.591214494896210363e-01	6.591214494896210363e-01	6.591214494896210363e-01	6.572959133101109463e-01	6.591214494896210363e-01	6.591214494896210363e-01	6.591214494896210363e-01	6.591214494896210363e-01	6.591214494896210363e-01	6.275587857359320454e-01	6.591214494896210363e-01	6.591214494896210363e-01	6.591214494896210363e-01	6.591214494896210363e-01	6.591214494896210363e-01	7.052368446919400347e-01	6.591214494896210363e-01	6.375005770950620265e-01	6.591214494896210363e-01	6.591214494896210363e-01	6.591214494896210363e-01	6.464751014706280330e-01	6.836575458850580045e-01	6.591214494896210363e-01	6.591214494896210363e-01	6.591214494896210363e-01	6.591214494896210363e-01	6.591214494896210363e-01	6.591214494896210363e-01	6.591214494896210363e-01	6.591214494896210363e-01	6.591214494896210363e-01	6.591214494896210363e-01	6.591214494896210363e-01	6.049848378708320151e-01	6.141753286716800098e-01	6.591214494896210363e-01	6.591214494896210363e-01	6.591214494896210363e-01	6.591214494896210363e-01	6.591214494896210363e-01	6.591214494896210363e-01	6.591214494896210363e-01	6.996293465748160134e-01	6.591214494896210363e-01	6.591214494896210363e-01	6.591214494896210363e-01	6.591214494896210363e-01	6.831959717608560023e-01	7.027203374399020319e-01	6.591214494896210363e-01	6.591214494896210363e-01	6.090135610963139934e-01	6.591214494896210363e-01	6.591214494896210363e-01	7.143846640997649766e-01
6.591214494896210363e-01	6.591214494896210363e-01	6.591214494896210363e-01	6.591214494896210363e-01	6.591214494896210363e-01	6.591214494896210363e-01	6.591214494896210363e-01	6.591214494896210363e-01	6.591214494896210363e-01	1.000000000000000000e+00	6.591214494896210363e-01	6.591214494896210363e-01	6.591214494896210363e-01	6.591214494896210363e-01	6.591214494896210363e-01	6.777273978138019794e-01	6.591214494896210363e-01	6.591214494896210363e-01	6.591214494896210363e-01	7.039527207961140398e-01	6.173468092146210395e-01	6.591214494896210363e-01	7.334014690602459474e-01	6.872121867658510519e-01	6.591214494896210363e-01	6.591214494896210363e-01	6.591214494896210363e-01	7.349473168420039837e-01	6.591214494896210363e-01	6.591214494896210363e-01	6.591214494896210363e-01	6.591214494896210363e-01	6.311645687743120403e-01	6.591214494896210363e-01	6.591214494896210363e-01	6.453965436095620012e-01	6.591214494896210363e-01	6.591214494896210363e-01	6.591214494896210363e-01	6.142671713306280257e-01	6.591214494896210363e-01	6.591214494896210363e-01	6.591214494896210363e-01	6.591214494896210363e-01	6.591214494896210363e-01	6.591214494896210363e-01	6.243562422195190198e-01	6.591214494896210363e-01	6.591214494896210363e-01	6.591214494896210363e-01	6.591214494896210363e-01	6.205419756584139579e-01	6.591214494896210363e-01	6.591214494896210363e-01	6.591214494896210363e-01	6.266283057086200481e-01	6.627111396624439932e-01	6.591214494896210363e-01	6.591214494896210363e-01	6.591214494896210363e-01	6.543040273143589936e-01	6.591214494896210363e-01	6.591214494896210363e-01	6.591214494896210363e-01	6.341203224446010367e-01	6.591214494896210363e-01	6.550289060588110335e-01	6.591214494896210363e-01	6.148120831925969476e-01	6.591214494896210363e-01	6.591214494896210363e-01	6.591214494896210363e-01	6.591214494896210363e-01	6.575509179970010498e-01	6.591214494896210363e-01	6.591214494896210363e-01	6.591214494896210363e-01	6.004507380621689761e-01	6.591214494896210363e-01	6.591214494896210363e-01	6.591214494896210363e-01	6.591214494896210363e-01	6.591214494896210363e-01	6.591214494896210363e-01	6.591214494896210363e-01	6.591214494896210363e-01	6.591214494896210363e-01	6.591214494896210363e-01	6.591214494896210363e-01	6.415931571607019768e-01	6.591214494896210363e-01	6.591214494896210363e-01	6.591214494896210363e-01	5.900955890630269485e-01	6.591214494896210363e-01	6.021742636173970098e-01	6.591214494896210363e-01	6.286859144833899515e-01	6.591214494896210363e-01	6.417292333186159770e-01	6.249053782245750366e-01	6.591214494896210363e-01	6.591214494896210363e-01	6.591214494896210363e-01	6.591214494896210363e-01	6.591214494896210363e-01	6.591214494896210363e-01	6.591214494896210363e-01	6.334246006505149795e-01	6.591214494896210363e-01	6.798672757692629798e-01	6.591214494896210363e-01	6.419712950657889827e-01	6.591214494896210363e-01	6.710148581823169867e-01	7.198365228305689811e-01	6.591214494896210363e-01	6.591214494896210363e-01	7.303913722529560282e-01	6.591214494896210363e-01	6.111199440225060231e-01	6.591214494896210363e-01	7.225917350707180553e-01	6.591214494896210363e-01
7.046713584866479696e-01	7.045032452873249973e-01	6.591214494896210363e-01	6.143026884895439466e-01	6.591214494896210363e-01	6.591214494896210363e-01	6.591214494896210363e-01	6.591214494896210363e-01	6.591214494896210363e-01	6.591214494896210363e-01	1.000000000000000000e+00	6.591214494896210363e-01	6.591214494896210363e-01	6.591214494896210363e-01	6.591214494896210363e-01	6.513793509603420517e-01	6.591214494896210363e-01	6.591214494896210363e-01	6.315675412162810032e-01	7.113889083366859989e-01	6.591214494896210363e-01	6.591214494896210363e-01	6.591214494896210363e-01	6.536483162543630376e-01	6.591214494896210363e-01	7.311711377386950206e-01	6.591214494896210363e-01	6.591214494896210363e-01	6.335163828253369545e-01	6.591214494896210363e-01	6.591214494896210363e-01	6.418900928551160012e-01	6.591214494896210363e-01	6.897120920214659945e-01	6.151098380928700093e-01	6.303450951349980347e-01	6.591214494896210363e-01	6.591214494896210363e-01	6.536863995281519957e-01	6.164547181714770119e-01	6.591214494896210363e-01	6.591214494896210363e-01	6.848339893646140375e-01	6.760877746141410460e-01	6.591214494896210363e-01	6.591214494896210363e-01	6.287894335661230460e-01	6.591214494896210363e-01	6.591214494896210363e-01	6.591214494896210363e-01	6.591214494896210363e-01	6.557746962313120154e-01	6.388268672439360030e-01	6.591214494896210363e-01	6.591214494896210363e-01	6.591214494896210363e-01	6.591214494896210363e-01	6.297011105573500078e-01	6.270535216907739962e-01	6.314164378499960151e-01	6.563364171476829823e-01	6.700716933967569844e-01	6.591214494896210363e-01	6.591214494896210363e-01	6.591214494896210363e-01	6.591214494896210363e-01	6.257946169643670009e-01	6.591214494896210363e-01	6.591214494896210363e-01	6.591214494896210363e-01	6.509119534873459845e-01	6.687392400191940478e-01	6.591214494896210363e-01	6.591214494896210363e-01	6.591214494896210363e-01	6.591214494896210363e-01	6.987426420658470194e-01	6.591214494896210363e-01	6.479357823244119574e-01	6.591214494896210363e-01	7.220860929555480423e-01	6.591214494896210363e-01	6.519479952902349496e-01	6.591214494896210363e-01	6.591214494896210363e-01	6.244347317774220363e-01	6.632617111330439963e-01	6.367393924948420159e-01	6.591214494896210363e-01	6.591214494896210363e-01	6.849364350276020419e-01	6.252613103934949734e-01	6.591214494896210363e-01	5.764016494577739458e-01	6.591214494896210363e-01	6.591214494896210363e-01	6.591214494896210363e-01	6.591214494896210363e-01	6.591214494896210363e-01	6.591214494896210363e-01	6.590233876098029464e-01	6.591214494896210363e-01	6.591214494896210363e-01	6.591214494896210363e-01	6.591214494896210363e-01	6.591214494896210363e-01	6.591214494896210363e-01	6.591214494896210363e-01	6.591214494896210363e-01	6.040069744397960072e-01	6.591214494896210363e-01	6.591214494896210363e-01	6.441656007984239984e-01	6.591214494896210363e-01	6.591214494896210363e-01	6.591214494896210363e-01	6.591214494896210363e-01	6.591214494896210363e-01	6.591214494896210363e-01	6.591214494896210363e-01	6.591214494896210363e-01	6.995333114522620521e-01	6.755047872724270208e-01	6.591214494896210363e-01
6.591214494896210363e-01	6.591214494896210363e-01	6.591214494896210363e-01	6.079186757486789716e-01	6.591214494896210363e-01	6.591214494896210363e-01	6.591214494896210363e-01	6.591214494896210363e-01	6.971862675536020237e-01	6.591214494896210363e-01	6.591214494896210363e-01	1.000000000000000000e+00	6.591214494896210363e-01	6.591214494896210363e-01	6.578573198002050093e-01	6.591214494896210363e-01	6.338248104386730031e-01	5.660862703632609794e-01	6.591214494896210363e-01	6.591214494896210363e-01	6.591214494896210363e-01	6.357821721313340335e-01	6.591214494896210363e-01	6.282188476597779792e-01	6.859397444254170528e-01	7.334635476363779993e-01	6.591214494896210363e-01	6.591214494896210363e-01	6.591214494896210363e-01	6.443308103392459962e-01	6.459175616202079695e-01	6.172836543697990397e-01	6.591214494896210363e-01	6.591214494896210363e-01	6.591214494896210363e-01	5.909881316315800381e-01	6.591214494896210363e-01	6.591214494896210363e-01	6.260778341120389889e-01	6.043224845253759581e-01	6.464264411507539831e-01	6.591214494896210363e-01	6.895093586019349630e-01	6.845170932693720456e-01	6.591214494896210363e-01	6.591214494896210363e-01	6.591214494896210363e-01	6.591214494896210363e-01	6.518984207037360479e-01	6.591214494896210363e-01	6.591214494896210363e-01	6.591214494896210363e-01	6.591214494896210363e-01	6.591214494896210363e-01	6.591214494896210363e-01	6.591214494896210363e-01	6.591214494896210363e-01	5.974319427267780203e-01	6.591214494896210363e-01	6.591214494896210363e-01	6.591214494896210363e-01	6.591214494896210363e-01	7.275108821357310074e-01	6.591214494896210363e-01	5.945935469313919919e-01	6.591214494896210363e-01	6.080813220968029897e-01	6.591214494896210363e-01	6.405862526605029528e-01	6.591214494896210363e-01	6.591214494896210363e-01	6.591214494896210363e-01	6.591214494896210363e-01	6.591214494896210363e-01	6.591214494896210363e-01	6.794164771332740216e-01	7.468317379492349639e-01	6.591214494896210363e-01	6.811165914052940140e-01	6.247159807446700519e-01	7.599161391711339864e-01	6.591214494896210363e-01	6.093096862983650164e-01	6.591214494896210363e-01	6.591214494896210363e-01	6.856662320874099548e-01	6.591214494896210363e-01	6.591214494896210363e-01	6.591214494896210363e-01	6.571442377921650202e-01	6.591214494896210363e-01	6.591214494896210363e-01	6.591214494896210363e-01	5.900612579043269523e-01	6.591214494896210363e-01	6.591214494896210363e-01	6.947839554653290062e-01	6.599799228484829472e-01	6.591214494896210363e-01	7.359177309289980373e-01	6.591214494896210363e-01	6.817135150201339977e-01	6.668620497941439851e-01	6.591214494896210363e-01	6.591214494896210363e-01	6.591214494896210363e-01	7.008057687918090028e-01	6.591214494896210363e-01	6.591214494896210363e-01	6.591214494896210363e-01	6.241029119107259771e-01	6.502165634635509450e-01	6.591214494896210363e-01	6.591214494896210363e-01	6.591214494896210363e-01	6.591214494896210363e-01	6.591214494896210363e-01	7.074708488587989619e-01	7.164296138175110240e-01	6.591214494896210363e-01	6.591214494896210363e-01	7.509838453029300531e-01	6.591214494896210363e-01	7.364608888703230161e-01
