9.999999999999990008e-01	7.771738044310210203e-01	7.895462857711329496e-01	6.118853664883635579e-01	6.118853664883635579e-01	6.118853664883635579e-01	6.118853664883635579e-01	6.118853664883635579e-01	6.118853664883635579e-01	6.118853664883635579e-01	6.616749071993129894e-01	6.118853664883635579e-01	6.118853664883635579e-01	5.766285798968320275e-01	6.565815042416049963e-01	6.118853664883635579e-01	6.118853664883635579e-01	5.758061610650110351e-01	6.324159895618669536e-01	6.118853664883635579e-01	6.118853664883635579e-01	6.697774028535430357e-01	6.118853664883635579e-01	6.759898896996689999e-01	6.584851213295209726e-01	6.739403912790610240e-01	6.118853664883635579e-01	6.118853664883635579e-01	6.118853664883635579e-01	6.602418511866300355e-01	6.118853664883635579e-01	6.118853664883635579e-01	6.118853664883635579e-01	6.118853664883635579e-01	6.341198256337160499e-01	6.118853664883635579e-01	6.118853664883635579e-01	6.118853664883635579e-01	6.118853664883635579e-01	6.106857655941539953e-01	6.118853664883635579e-01	5.878026602747019602e-01	6.450037402238140150e-01	6.118853664883635579e-01	6.118853664883635579e-01	6.118853664883635579e-01	6.118853664883635579e-01	6.118853664883635579e-01	6.118853664883635579e-01	6.587672098128719567e-01	6.118853664883635579e-01	6.118853664883635579e-01	6.118853664883635579e-01	6.118853664883635579e-01	6.118853664883635579e-01	6.023470276546110114e-01	6.118853664883635579e-01	6.118853664883635579e-01	6.118853664883635579e-01	6.118853664883635579e-01	6.118853664883635579e-01	6.118853664883635579e-01	6.118853664883635579e-01	6.174480720645549869e-01	6.118853664883635579e-01	6.118853664883635579e-01	6.386177519347460141e-01	6.118853664883635579e-01	6.082788222644309739e-01	6.118853664883635579e-01	6.118853664883635579e-01	6.118853664883635579e-01	6.118853664883635579e-01	6.118853664883635579e-01	6.118853664883635579e-01	6.118853664883635579e-01	6.118853664883635579e-01	5.722266477096999981e-01	6.118853664883635579e-01	6.118853664883635579e-01	6.118853664883635579e-01	6.118853664883635579e-01	6.319232977805849805e-01	6.874294349484529887e-01	6.118853664883635579e-01	6.118853664883635579e-01	6.396967476194900248e-01	6.118853664883635579e-01	8.012516906098130498e-01	6.118853664883635579e-01	6.118853664883635579e-01	6.118853664883635579e-01	6.118853664883635579e-01	6.118853664883635579e-01	5.495734403372890542e-01	6.118853664883635579e-01	6.118853664883635579e-01	6.118853664883635579e-01	6.118853664883635579e-01	6.118853664883635579e-01	6.118853664883635579e-01	6.118853664883635579e-01	5.948389494728419935e-01	6.118853664883635579e-01	6.118853664883635579e-01	6.118853664883635579e-01	6.118853664883635579e-01	6.118853664883635579e-01	6.329975272743200154e-01	6.065597559639439584e-01	6.118853664883635579e-01	6.118853664883635579e-01	6.118853664883635579e-01	6.553585601593380217e-01	6.118853664883635579e-01	7.869864924003789897e-01	6.118853664883635579e-01	6.118853664883635579e-01	6.118853664883635579e-01	6.118853664883635579e-01	6.118853664883635579e-01	6.787980909878550406e-01	7.158938574817830247e-01	6.118853664883635579e-01
7.771738044310210203e-01	1.000000000000000000e+00	6.118853664883635579e-01	6.118853664883635579e-01	6.118853664883635579e-01	6.453817402049619734e-01	6.362710493288780134e-01	6.118853664883635579e-01	6.118853664883635579e-01	6.118853664883635579e-01	6.118853664883635579e-01	6.118853664883635579e-01	6.118853664883635579e-01	6.118853664883635579e-01	6.118853664883635579e-01	6.118853664883635579e-01	6.118853664883635579e-01	6.118853664883635579e-01	6.118853664883635579e-01	6.118853664883635579e-01	6.118853664883635579e-01	6.118853664883635579e-01	6.118853664883635579e-01	6.118853664883635579e-01	6.118853664883635579e-01	6.118853664883635579e-01	6.118853664883635579e-01	6.118853664883635579e-01	6.118853664883635579e-01	6.118853664883635579e-01	6.267705958088369833e-01	5.970056174338479460e-01	6.118853664883635579e-01	6.118853664883635579e-01	6.118853664883635579e-01	6.118853664883635579e-01	6.118853664883635579e-01	6.118853664883635579e-01	6.376557680727870103e-01	6.118853664883635579e-01	6.118853664883635579e-01	6.118853664883635579e-01	6.118853664883635579e-01	6.301586414074950016e-01	6.118853664883635579e-01	6.111041132604999593e-01	6.118853664883635579e-01	6.118853664883635579e-01	6.118853664883635579e-01	6.118853664883635579e-01	6.118853664883635579e-01	6.118853664883635579e-01	6.118853664883635579e-01	5.952563009674209926e-01	6.118853664883635579e-01	6.118853664883635579e-01	6.118853664883635579e-01	6.118853664883635579e-01	6.118853664883635579e-01	6.051743429979039579e-01	6.325615174917750272e-01	6.158318544064730338e-01	6.575488315131600148e-01	6.227137089211709498e-01	6.118853664883635579e-01	6.365900511729020161e-01	6.118853664883635579e-01	6.118853664883635579e-01	6.118853664883635579e-01	6.118853664883635579e-01	6.118853664883635579e-01	6.118853664883635579e-01	6.118853664883635579e-01	6.118853664883635579e-01	6.118853664883635579e-01	6.118853664883635579e-01	6.118853664883635579e-01	5.786208247590429732e-01	6.049665271019220025e-01	6.118853664883635579e-01	6.392272692972710280e-01	6.118853664883635579e-01	6.062869356618639793e-01	6.764802940290649547e-01	6.118853664883635579e-01	6.195509563777550355e-01	6.118853664883635579e-01	6.118853664883635579e-01	6.118853664883635579e-01	6.118853664883635579e-01	6.467165562239209908e-01	6.118853664883635579e-01	6.118853664883635579e-01	6.118853664883635579e-01	6.118853664883635579e-01	5.736688313462779965e-01	6.118853664883635579e-01	6.118853664883635579e-01	6.118853664883635579e-01	6.295921034605650446e-01	6.118853664883635579e-01	6.118853664883635579e-01	5.963016067934420184e-01	6.118853664883635579e-01	5.983191929950909538e-01	5.981868702708730279e-01	6.118853664883635579e-01	6.118853664883635579e-01	6.118853664883635579e-01	6.118853664883635579e-01	6.118853664883635579e-01	6.118853664883635579e-01	6.118853664883635579e-01	6.118853664883635579e-01	6.118853664883635579e-01	7.584802055128030407e-01	6.118853664883635579e-01	6.118853664883635579e-01	7.444463138317749529e-01	6.118853664883635579e-01	6.118853664883635579e-01	6.738138131235610340e-01	6.714004717281050194e-01	6.118853664883635579e-01
7.895462857711329496e-01	6.118853664883635579e-01	1.000000000000000000e+00	6.118853664883635579e-01	6.335512169296499962e-01	6.118853664883635579e-01	6.338301515106260497e-01	6.118853664883635579e-01	6.631960964328620367e-01	6.118853664883635579e-01	6.118853664883635579e-01	6.341338838271589617e-01	6.429353701689409784e-01	6.118853664883635579e-01	6.118853664883635579e-01	6.118853664883635579e-01	6.118853664883635579e-01	6.118853664883635579e-01	6.118853664883635579e-01	6.201941550871830078e-01	6.118853664883635579e-01	6.331320254710050000e-01	6.490228494402190407e-01	6.512895305113950428e-01	6.476310213444870234e-01	6.118853664883635579e-01	6.118853664883635579e-01	6.118853664883635579e-01	6.118853664883635579e-01	6.335751749867419846e-01	6.118853664883635579e-01	6.118853664883635579e-01	6.118853664883635579e-01	6.879195675585370040e-01	6.118853664883635579e-01	6.118853664883635579e-01	6.353288578808720111e-01	6.118853664883635579e-01	6.421632158143699698e-01	6.118853664883635579e-01	6.426594792333319983e-01	5.881274149745829849e-01	6.118853664883635579e-01	6.118853664883635579e-01	6.118853664883635579e-01	6.118853664883635579e-01	6.121890852607250189e-01	6.118853664883635579e-01	6.118853664883635579e-01	6.544502676886509995e-01	6.118853664883635579e-01	6.118853664883635579e-01	6.118853664883635579e-01	6.118853664883635579e-01	6.123220298339600021e-01	6.118853664883635579e-01	6.170978986967540214e-01	6.118853664883635579e-01	6.118853664883635579e-01	6.118853664883635579e-01	6.315475320403129977e-01	6.118853664883635579e-01	6.118853664883635579e-01	6.118853664883635579e-01	6.118853664883635579e-01	6.118853664883635579e-01	6.118853664883635579e-01	6.337934692846719509e-01	6.006247942686629981e-01	6.118853664883635579e-01	6.118853664883635579e-01	6.118853664883635579e-01	6.118853664883635579e-01	6.118853664883635579e-01	5.853926183963480412e-01	6.118853664883635579e-01	6.759393095291820197e-01	6.118853664883635579e-01	6.118853664883635579e-01	6.118853664883635579e-01	6.118853664883635579e-01	6.106629267955400175e-01	6.118853664883635579e-01	6.118853664883635579e-01	6.118853664883635579e-01	6.118853664883635579e-01	6.438113468206999590e-01	6.118853664883635579e-01	6.118853664883635579e-01	6.118853664883635579e-01	6.118853664883635579e-01	6.118853664883635579e-01	5.617352485103249693e-01	5.364079954918320459e-01	6.118853664883635579e-01	6.118853664883635579e-01	6.118853664883635579e-01	5.819147381977629596e-01	6.118853664883635579e-01	6.118853664883635579e-01	6.118853664883635579e-01	6.118853664883635579e-01	6.118853664883635579e-01	6.118853664883635579e-01	6.118853664883635579e-01	5.957211650883690313e-01	6.118853664883635579e-01	6.089034660469390126e-01	6.118853664883635579e-01	6.118853664883635579e-01	6.118853664883635579e-01	6.584838108112179844e-01	6.118853664883635579e-01	6.583089990291159932e-01	6.118853664883635579e-01	7.371569717326239557e-01	6.118853664883635579e-01	6.118853664883635579e-01	6.118853664883635579e-01	6.508463339467850384e-01	6.118853664883635579e-01	6.118853664883635579e-01	6.118853664883635579e-01	6.683363633663109704e-01
6.118853664883635579e-01	6.118853664883635579e-01	6.118853664883635579e-01	9.999999999999980016e-01	6.118853664883635579e-01	6.118853664883635579e-01	5.502305638078229810e-01	5.582625743729500156e-01	6.118853664883635579e-01	6.118853664883635579e-01	6.118853664883635579e-01	5.558617071157869738e-01	6.118853664883635579e-01	6.118853664883635579e-01	6.118853664883635579e-01	6.107483063178820171e-01	6.070033043284079888e-01	6.453082323519719887e-01	6.118853664883635579e-01	5.642747912165819724e-01	6.118853664883635579e-01	6.118853664883635579e-01	6.118853664883635579e-01	6.118853664883635579e-01	6.118853664883635579e-01	6.118853664883635579e-01	6.118853664883635579e-01	6.118853664883635579e-01	6.118853664883635579e-01	6.118853664883635579e-01	6.118853664883635579e-01	6.118853664883635579e-01	6.118853664883635579e-01	6.312293360731670022e-01	6.118853664883635579e-01	6.106481807758410429e-01	6.317451661947980357e-01	6.118853664883635579e-01	6.118853664883635579e-01	5.703419934702850247e-01	6.118853664883635579e-01	6.118853664883635579e-01	6.118853664883635579e-01	5.950916896929829836e-01	6.118853664883635579e-01	6.118853664883635579e-01	5.581939462348930459e-01	5.656477450935539775e-01	6.118853664883635579e-01	6.118853664883635579e-01	6.118853664883635579e-01	6.104923156434439724e-01	6.118853664883635579e-01	6.118853664883635579e-01	6.118853664883635579e-01	6.118853664883635579e-01	6.118853664883635579e-01	6.118853664883635579e-01	5.793968038315320257e-01	6.118853664883635579e-01	5.885179218231390008e-01	6.118853664883635579e-01	6.118853664883635579e-01	5.852712199715980335e-01	5.446201463196389536e-01	6.256307405363550345e-01	6.118853664883635579e-01	6.118853664883635579e-01	6.118853664883635579e-01	6.118853664883635579e-01	6.118853664883635579e-01	6.118853664883635579e-01	5.586720247189730371e-01	6.020143594419999911e-01	6.118853664883635579e-01	6.118853664883635579e-01	6.118853664883635579e-01	6.019476576591109573e-01	6.118853664883635579e-01	5.758001368818329579e-01	6.118853664883635579e-01	5.149806414110179587e-01	6.118853664883635579e-01	6.118853664883635579e-01	5.756417574938560433e-01	5.412562993001059919e-01	5.965666390146470155e-01	6.118853664883635579e-01	5.997604166030300332e-01	5.806101704336780189e-01	6.118853664883635579e-01	6.035802636426710333e-01	6.118853664883635579e-01	6.118853664883635579e-01	5.167364827553290185e-01	6.118853664883635579e-01	6.041631072252400259e-01	6.118853664883635579e-01	6.102992800027969844e-01	6.118853664883635579e-01	6.118853664883635579e-01	6.118853664883635579e-01	6.118853664883635579e-01	6.118853664883635579e-01	6.118853664883635579e-01	6.118853664883635579e-01	6.118853664883635579e-01	6.118853664883635579e-01	6.118853664883635579e-01	6.118853664883635579e-01	6.118853664883635579e-01	6.118853664883635579e-01	6.217559917630419708e-01	6.118853664883635579e-01	6.118853664883635579e-01	6.118853664883635579e-01	6.118853664883635579e-01	6.118853664883635579e-01	6.118853664883635579e-01	6.118853664883635579e-01	6.118853664883635579e-01	5.800020538417209881e-01	6.118853664883635579e-01	5.956495938706439786e-01
6.118853664883635579e-01	6.118853664883635579e-01	6.335512169296499962e-01	6.118853664883635579e-01	9.999999999999980016e-01	6.455097636538660311e-01	6.118853664883635579e-01	6.118853664883635579e-01	6.118853664883635579e-01	6.118853664883635579e-01	6.118853664883635579e-01	6.118853664883635579e-01	6.118853664883635579e-01	6.118853664883635579e-01	6.118853664883635579e-01	6.118221838916969579e-01	5.873134666095689571e-01	6.118853664883635579e-01	6.118853664883635579e-01	7.185598478164190173e-01	5.862361844613529493e-01	6.118853664883635579e-01	6.118853664883635579e-01	6.118853664883635579e-01	6.118853664883635579e-01	7.236161194253110107e-01	6.118853664883635579e-01	6.118853664883635579e-01	6.118853664883635579e-01	6.118853664883635579e-01	5.896806002055390294e-01	6.118853664883635579e-01	5.294646527002310199e-01	6.118853664883635579e-01	6.118853664883635579e-01	5.406807707999979895e-01	5.870120203816560078e-01	6.118853664883635579e-01	5.874624846400939848e-01	6.118853664883635579e-01	6.200372792611780204e-01	6.118853664883635579e-01	6.118853664883635579e-01	6.118853664883635579e-01	6.118853664883635579e-01	6.118853664883635579e-01	6.118853664883635579e-01	6.118853664883635579e-01	6.118853664883635579e-01	6.118853664883635579e-01	6.118853664883635579e-01	6.118853664883635579e-01	5.824566793531780196e-01	6.091912331502959965e-01	6.118853664883635579e-01	6.118853664883635579e-01	6.118853664883635579e-01	6.118853664883635579e-01	6.118853664883635579e-01	5.764114136519490339e-01	6.150256705583639905e-01	5.774827718228420226e-01	6.572029975185019746e-01	6.118853664883635579e-01	6.118853664883635579e-01	6.118853664883635579e-01	5.656817737163299942e-01	6.118853664883635579e-01	5.899376624617049814e-01	6.397812962692029926e-01	6.118853664883635579e-01	6.118853664883635579e-01	6.118853664883635579e-01	6.118853664883635579e-01	6.118853664883635579e-01	6.118853664883635579e-01	6.118853664883635579e-01	6.118853664883635579e-01	6.118853664883635579e-01	6.118853664883635579e-01	6.118853664883635579e-01	6.001925464834230173e-01	6.118853664883635579e-01	6.349808912064099919e-01	6.118853664883635579e-01	6.118853664883635579e-01	6.118853664883635579e-01	6.118853664883635579e-01	6.118853664883635579e-01	6.118853664883635579e-01	6.118853664883635579e-01	6.118853664883635579e-01	5.744223978898149729e-01	6.118853664883635579e-01	6.118853664883635579e-01	5.941560256216900093e-01	6.294400176825459825e-01	6.118853664883635579e-01	6.118853664883635579e-01	6.615481556849890366e-01	6.766289621627109563e-01	6.118853664883635579e-01	6.111391968010919662e-01	6.118853664883635579e-01	6.118853664883635579e-01	5.978822477285929970e-01	6.118853664883635579e-01	5.670678767476490245e-01	6.118853664883635579e-01	6.118853664883635579e-01	5.744035573759610491e-01	6.118853664883635579e-01	6.118853664883635579e-01	6.118853664883635579e-01	6.118853664883635579e-01	6.118853664883635579e-01	6.118853664883635579e-01	6.118853664883635579e-01	6.118853664883635579e-01	6.118853664883635579e-01	6.118853664883635579e-01	6.118853664883635579e-01	6.172647836856499648e-01	6.118853664883635579e-01
6.118853664883635579e-01	6.453817402049619734e-01	6.118853664883635579e-01	6.118853664883635579e-01	6.455097636538660311e-01	9.999999999999980016e-01	6.369307263196349878e-01	6.118853664883635579e-01	6.118853664883635579e-01	6.118853664883635579e-01	6.380298626453250188e-01	6.809653181404380362e-01	6.118853664883635579e-01	6.149350471155790032e-01	5.860095452832190244e-01	6.118853664883635579e-01	6.176849720157010504e-01	6.118853664883635579e-01	5.612170608730859822e-01	6.118853664883635579e-01	6.118853664883635579e-01	5.707074913929669480e-01	6.118853664883635579e-01	6.118853664883635579e-01	6.118853664883635579e-01	6.118853664883635579e-01	5.334356049087900509e-01	6.118853664883635579e-01	6.118853664883635579e-01	6.118853664883635579e-01	6.118853664883635579e-01	6.118853664883635579e-01	5.360253407699779871e-01	6.552065471150909648e-01	5.813074259077519734e-01	6.118853664883635579e-01	5.712563519337320317e-01	6.118853664883635579e-01	6.118853664883635579e-01	6.118853664883635579e-01	6.118853664883635579e-01	6.118853664883635579e-01	6.118853664883635579e-01	6.118853664883635579e-01	6.118853664883635579e-01	5.776585096024280386e-01	6.118853664883635579e-01	5.989616880640340479e-01	6.118853664883635579e-01	6.118853664883635579e-01	6.118853664883635579e-01	6.719050639491279675e-01	6.118853664883635579e-01	6.118853664883635579e-01	6.118853664883635579e-01	6.118853664883635579e-01	6.118853664883635579e-01	6.118853664883635579e-01	6.118853664883635579e-01	6.118853664883635579e-01	6.300579457793860083e-01	6.118853664883635579e-01	5.827528282547059790e-01	6.118853664883635579e-01	6.118853664883635579e-01	6.118853664883635579e-01	5.473538052165209944e-01	6.118853664883635579e-01	6.118853664883635579e-01	6.118853664883635579e-01	6.135803739828730174e-01	5.966496996616420523e-01	6.118853664883635579e-01	6.118151556914509515e-01	6.000286355188919618e-01	6.298515731987860411e-01	6.118853664883635579e-01	6.259004606140560201e-01	6.118853664883635579e-01	5.666924091214650128e-01	6.380211295153189743e-01	5.476662044473520341e-01	6.118853664883635579e-01	6.118853664883635579e-01	6.118853664883635579e-01	6.118853664883635579e-01	6.118853664883635579e-01	6.118853664883635579e-01	6.118853664883635579e-01	6.118853664883635579e-01	6.118853664883635579e-01	6.118853664883635579e-01	5.970115555382869976e-01	6.118853664883635579e-01	6.118853664883635579e-01	6.118853664883635579e-01	6.118853664883635579e-01	6.118853664883635579e-01	6.118853664883635579e-01	6.118853664883635579e-01	6.118853664883635579e-01	6.299645006766090294e-01	6.118853664883635579e-01	6.118853664883635579e-01	6.118853664883635579e-01	6.118853664883635579e-01	6.118853664883635579e-01	6.118853664883635579e-01	6.118853664883635579e-01	6.118853664883635579e-01	5.542292399188259999e-01	6.118853664883635579e-01	6.118853664883635579e-01	6.118853664883635579e-01	6.118853664883635579e-01	6.118853664883635579e-01	6.118853664883635579e-01	6.118853664883635579e-01	6.118853664883635579e-01	6.118853664883635579e-01	6.606667648269299864e-01	6.314315662860240375e-01	6.118853664883635579e-01	6.100544551317580444e-01
6.118853664883635579e-01	6.362710493288780134e-01	6.338301515106260497e-01	5.502305638078229810e-01	6.118853664883635579e-01	6.369307263196349878e-01	9.999999999999990008e-01	7.120873098003710489e-01	6.118853664883635579e-01	6.118853664883635579e-01	6.118853664883635579e-01	7.083089120821139950e-01	6.118853664883635579e-01	6.118853664883635579e-01	6.118853664883635579e-01	6.118853664883635579e-01	5.940593882076430354e-01	6.118853664883635579e-01	6.118853664883635579e-01	6.118853664883635579e-01	6.118853664883635579e-01	6.118853664883635579e-01	6.644415881616539954e-01	6.118853664883635579e-01	6.118853664883635579e-01	7.147788507659720292e-01	6.118853664883635579e-01	6.380834195135759446e-01	6.118853664883635579e-01	6.118853664883635579e-01	6.118853664883635579e-01	6.118853664883635579e-01	6.118853664883635579e-01	6.026569102483190221e-01	6.118853664883635579e-01	6.118853664883635579e-01	6.118853664883635579e-01	6.118853664883635579e-01	5.826836760381119973e-01	6.118853664883635579e-01	6.118853664883635579e-01	7.126259211565949547e-01	6.118853664883635579e-01	6.235598563910109693e-01	6.118853664883635579e-01	6.298030263442320198e-01	5.573658494369440053e-01	6.259397172838030432e-01	6.118853664883635579e-01	6.118853664883635579e-01	6.196914881613250214e-01	6.118853664883635579e-01	5.696483606269090449e-01	6.118853664883635579e-01	6.118853664883635579e-01	6.118853664883635579e-01	6.118853664883635579e-01	6.118853664883635579e-01	5.677903239054240547e-01	6.118853664883635579e-01	6.118853664883635579e-01	6.118853664883635579e-01	6.716882558664950542e-01	6.118853664883635579e-01	6.118853664883635579e-01	6.118853664883635579e-01	6.118853664883635579e-01	6.118853664883635579e-01	6.118853664883635579e-01	6.118853664883635579e-01	6.118853664883635579e-01	6.118853664883635579e-01	6.118853664883635579e-01	6.118853664883635579e-01	6.118853664883635579e-01	6.118853664883635579e-01	6.118853664883635579e-01	6.118853664883635579e-01	6.118853664883635579e-01	6.118853664883635579e-01	6.118853664883635579e-01	5.831517159620790425e-01	6.118853664883635579e-01	6.118853664883635579e-01	6.118853664883635579e-01	6.118853664883635579e-01	6.118853664883635579e-01	6.118853664883635579e-01	6.118853664883635579e-01	6.118853664883635579e-01	6.520358083496500257e-01	6.118853664883635579e-01	6.118853664883635579e-01	6.118853664883635579e-01	6.118853664883635579e-01	6.118853664883635579e-01	6.319596717243549655e-01	6.118853664883635579e-01	6.118853664883635579e-01	6.581848489607939889e-01	6.118853664883635579e-01	6.118853664883635579e-01	6.118853664883635579e-01	6.118853664883635579e-01	6.183590397328080357e-01	5.949691308400130163e-01	6.225000787207080055e-01	5.745303867684450339e-01	5.553120798922329682e-01	6.118853664883635579e-01	5.668652927984400014e-01	5.966818370930510040e-01	6.118853664883635579e-01	6.118853664883635579e-01	6.118853664883635579e-01	6.118853664883635579e-01	6.118853664883635579e-01	6.118853664883635579e-01	6.450763313404780375e-01	6.118853664883635579e-01	6.430589575318600426e-01	6.118853664883635579e-01	6.059538022388269995e-01	6.118853664883635579e-01
6.118853664883635579e-01	6.118853664883635579e-01	6.118853664883635579e-01	5.582625743729500156e-01	6.118853664883635579e-01	6.118853664883635579e-01	7.120873098003710489e-01	1.000000000000000000e+00	6.118853664883635579e-01	6.118853664883635579e-01	6.118853664883635579e-01	6.720180253145470184e-01	6.118853664883635579e-01	6.118853664883635579e-01	6.118853664883635579e-01	6.118853664883635579e-01	6.118853664883635579e-01	6.118853664883635579e-01	5.760941733900889483e-01	6.118853664883635579e-01	6.118853664883635579e-01	6.140475245880050448e-01	6.118853664883635579e-01	6.346212289042719723e-01	6.118853664883635579e-01	6.586732409179100189e-01	6.118853664883635579e-01	6.118853664883635579e-01	6.118853664883635579e-01	6.118853664883635579e-01	6.118853664883635579e-01	6.118853664883635579e-01	5.817040415844659806e-01	6.118853664883635579e-01	6.118853664883635579e-01	5.685417601812879917e-01	6.118853664883635579e-01	6.118853664883635579e-01	6.118853664883635579e-01	6.118853664883635579e-01	6.118853664883635579e-01	6.643383616360970523e-01	6.118853664883635579e-01	6.118853664883635579e-01	6.118853664883635579e-01	6.118853664883635579e-01	5.752249136807350283e-01	6.118853664883635579e-01	6.118853664883635579e-01	6.118853664883635579e-01	6.118853664883635579e-01	6.118853664883635579e-01	6.118853664883635579e-01	5.748008579517239758e-01	6.118853664883635579e-01	6.118853664883635579e-01	6.136313356504949912e-01	6.118853664883635579e-01	6.118853664883635579e-01	6.118853664883635579e-01	6.070989433572699934e-01	6.118853664883635579e-01	6.779272084472970361e-01	6.118853664883635579e-01	6.118853664883635579e-01	6.118853664883635579e-01	6.118853664883635579e-01	6.118853664883635579e-01	6.118853664883635579e-01	6.118853664883635579e-01	6.118853664883635579e-01	6.118853664883635579e-01	6.118853664883635579e-01	6.222387436188140386e-01	6.118853664883635579e-01	6.118853664883635579e-01	6.118853664883635579e-01	6.118853664883635579e-01	6.118853664883635579e-01	5.847529311969159593e-01	6.118853664883635579e-01	6.118853664883635579e-01	6.118853664883635579e-01	6.118853664883635579e-01	5.918766419096830322e-01	6.030648630601029847e-01	6.127424848932190304e-01	6.118853664883635579e-01	6.118853664883635579e-01	6.118853664883635579e-01	6.118853664883635579e-01	5.743343890589539535e-01	5.262148149094419969e-01	5.397123386833799774e-01	6.118853664883635579e-01	6.118853664883635579e-01	6.118853664883635579e-01	6.118853664883635579e-01	6.118853664883635579e-01	6.118853664883635579e-01	6.118853664883635579e-01	5.648940668326200010e-01	6.118853664883635579e-01	6.118853664883635579e-01	5.810254815411639573e-01	5.602460747263510177e-01	5.875547492921999737e-01	6.118853664883635579e-01	6.118853664883635579e-01	5.818872846639889795e-01	6.248224898248450065e-01	6.118853664883635579e-01	6.118853664883635579e-01	6.118853664883635579e-01	6.118853664883635579e-01	6.118853664883635579e-01	6.118853664883635579e-01	6.118853664883635579e-01	6.118853664883635579e-01	6.118853664883635579e-01	5.659696699577100309e-01	6.118853664883635579e-01	6.617647922176800312e-01	6.787739895826929715e-01
6.118853664883635579e-01	6.118853664883635579e-01	6.631960964328620367e-01	6.118853664883635579e-01	6.118853664883635579e-01	6.118853664883635579e-01	6.118853664883635579e-01	6.118853664883635579e-01	1.000000000000000000e+00	6.118853664883635579e-01	6.118853664883635579e-01	6.118853664883635579e-01	6.107599308170029717e-01	6.118853664883635579e-01	6.118853664883635579e-01	6.118853664883635579e-01	6.118853664883635579e-01	6.118853664883635579e-01	6.118853664883635579e-01	6.118853664883635579e-01	6.118853664883635579e-01	6.118853664883635579e-01	6.969982106400149924e-01	6.118853664883635579e-01	7.172664767555819720e-01	6.118853664883635579e-01	6.069774703004899852e-01	6.118853664883635579e-01	6.118853664883635579e-01	6.439130423844290352e-01	6.118853664883635579e-01	6.118853664883635579e-01	6.118853664883635579e-01	6.118853664883635579e-01	6.084483128378059824e-01	6.118853664883635579e-01	6.285634129371240331e-01	6.330525418627319656e-01	6.150581540272670455e-01	6.118853664883635579e-01	6.118853664883635579e-01	6.118853664883635579e-01	6.118853664883635579e-01	5.857586798097239589e-01	6.118853664883635579e-01	6.448412282250599592e-01	6.118853664883635579e-01	5.961502549837760512e-01	6.118853664883635579e-01	6.118853664883635579e-01	6.118853664883635579e-01	6.118853664883635579e-01	6.118853664883635579e-01	5.752647142407439906e-01	6.040894581956309795e-01	5.842178482058320022e-01	6.118853664883635579e-01	6.118853664883635579e-01	6.118853664883635579e-01	6.118853664883635579e-01	6.118853664883635579e-01	5.749703661605829463e-01	6.118853664883635579e-01	5.951044763723849496e-01	6.118853664883635579e-01	6.118853664883635579e-01	6.118853664883635579e-01	6.118853664883635579e-01	5.818521566683030333e-01	6.118853664883635579e-01	5.754384952432629596e-01	6.118853664883635579e-01	6.118853664883635579e-01	6.118853664883635579e-01	6.118853664883635579e-01	6.118853664883635579e-01	6.118853664883635579e-01	6.118853664883635579e-01	6.118853664883635579e-01	6.118853664883635579e-01	6.118853664883635579e-01	6.118853664883635579e-01	5.859838355599570336e-01	6.118853664883635579e-01	5.814477853215309633e-01	6.118853664883635579e-01	6.118853664883635579e-01	6.118853664883635579e-01	6.937752640135850246e-01	5.976908649335570534e-01	6.118853664883635579e-01	5.705211180195840504e-01	6.118853664883635579e-01	5.330662180336650513e-01	6.118853664883635579e-01	5.585724774169680273e-01	6.118853664883635579e-01	6.118853664883635579e-01	6.118853664883635579e-01	6.118853664883635579e-01	6.118853664883635579e-01	5.613016939433179697e-01	6.118853664883635579e-01	6.118853664883635579e-01	6.118853664883635579e-01	6.118853664883635579e-01	6.118853664883635579e-01	6.118853664883635579e-01	5.961143125353539629e-01	5.885269142455800129e-01	6.393248648129179479e-01	6.118853664883635579e-01	6.118853664883635579e-01	6.118853664883635579e-01	6.484431206189109620e-01	6.646226568075970231e-01	6.118853664883635579e-01	6.118853664883635579e-01	6.118853664883635579e-01	6.851562015792730387e-01	6.118853664883635579e-01	6.118853664883635579e-01	6.118853664883635579e-01	6.118853664883635579e-01
6.118853664883635579e-01	6.118853664883635579e-01	6.118853664883635579e-01	6.118853664883635579e-01	6.118853664883635579e-01	6.118853664883635579e-01	6.118853664883635579e-01	6.118853664883635579e-01	6.118853664883635579e-01	1.000000000000000000e+00	6.118853664883635579e-01	6.118853664883635579e-01	6.091358149235139852e-01	6.118853664883635579e-01	6.118853664883635579e-01	6.319281214751879538e-01	6.118853664883635579e-01	6.118853664883635579e-01	6.118853664883635579e-01	6.608788199370130290e-01	6.118853664883635579e-01	6.118853664883635579e-01	6.118853664883635579e-01	6.118853664883635579e-01	6.118853664883635579e-01	6.118853664883635579e-01	6.224386708150539960e-01	6.118853664883635579e-01	6.118853664883635579e-01	6.395227038373919592e-01	6.118853664883635579e-01	6.118853664883635579e-01	6.118853664883635579e-01	6.118853664883635579e-01	5.906856131151819733e-01	6.118853664883635579e-01	6.118853664883635579e-01	6.118853664883635579e-01	6.118853664883635579e-01	6.118853664883635579e-01	6.118853664883635579e-01	6.118853664883635579e-01	6.118853664883635579e-01	6.118853664883635579e-01	6.118853664883635579e-01	6.118853664883635579e-01	5.736378844818560419e-01	6.118853664883635579e-01	6.118853664883635579e-01	6.140097300093440014e-01	6.118853664883635579e-01	6.118853664883635579e-01	6.118853664883635579e-01	5.727421587782569601e-01	6.118853664883635579e-01	6.118853664883635579e-01	6.118853664883635579e-01	6.118853664883635579e-01	6.118853664883635579e-01	5.840911881698820363e-01	6.118853664883635579e-01	6.118853664883635579e-01	6.118853664883635579e-01	6.118853664883635579e-01	6.118853664883635579e-01	6.118853664883635579e-01	6.118853664883635579e-01	6.118853664883635579e-01	5.633060950703320247e-01	6.118853664883635579e-01	6.118853664883635579e-01	6.118853664883635579e-01	6.118853664883635579e-01	6.118853664883635579e-01	6.118853664883635579e-01	6.118853664883635579e-01	6.118853664883635579e-01	6.118853664883635579e-01	6.118853664883635579e-01	5.845387595325359786e-01	6.118853664883635579e-01	6.118853664883635579e-01	6.118853664883635579e-01	6.445828552326210437e-01	6.215970415332360277e-01	6.118853664883635579e-01	6.118853664883635579e-01	6.118853664883635579e-01	6.118853664883635579e-01	6.118853664883635579e-01	6.118853664883635579e-01	6.118853664883635579e-01	6.118853664883635579e-01	6.118853664883635579e-01	5.355048050285230454e-01	6.118853664883635579e-01	5.836525511413640510e-01	5.783342633529759969e-01	5.692590824187350185e-01	5.925173516409839580e-01	6.118853664883635579e-01	6.118853664883635579e-01	5.734063457539809727e-01	5.420973313003100147e-01	5.747731621079299469e-01	6.118853664883635579e-01	6.118853664883635579e-01	5.855493625773739996e-01	5.834809687718109927e-01	5.904840166169980087e-01	6.118853664883635579e-01	6.118853664883635579e-01	6.118853664883635579e-01	6.118853664883635579e-01	6.118853664883635579e-01	6.118853664883635579e-01	6.118853664883635579e-01	6.118853664883635579e-01	6.902620668371709511e-01	6.118853664883635579e-01	6.118853664883635579e-01	6.118853664883635579e-01	6.118853664883635579e-01	6.118853664883635579e-01
6.616749071993129894e-01	6.118853664883635579e-01	6.118853664883635579e-01	6.118853664883635579e-01	6.118853664883635579e-01	6.380298626453250188e-01	6.118853664883635579e-01	6.118853664883635579e-01	6.118853664883635579e-01	6.118853664883635579e-01	1.000000000000000000e+00	6.946094801442129762e-01	6.118853664883635579e-01	6.118853664883635579e-01	6.118853664883635579e-01	6.118853664883635579e-01	6.118853664883635579e-01	5.322022321031899539e-01	6.118853664883635579e-01	6.118853664883635579e-01	5.975890662453869906e-01	6.118853664883635579e-01	6.118853664883635579e-01	6.055234115018840457e-01	6.367618610038410232e-01	6.911316208186579768e-01	5.843553893227589890e-01	6.118853664883635579e-01	5.835807222977880127e-01	6.090245512939129746e-01	6.053956620950240453e-01	6.118853664883635579e-01	5.428866564590170141e-01	6.118853664883635579e-01	5.636279886906889747e-01	5.801355147924079914e-01	5.981296591406689567e-01	6.118853664883635579e-01	6.055650366532610018e-01	5.650822460070650255e-01	5.932884673314480217e-01	6.118853664883635579e-01	6.118853664883635579e-01	6.118853664883635579e-01	6.118853664883635579e-01	6.118853664883635579e-01	5.784466214879260271e-01	6.118853664883635579e-01	6.118853664883635579e-01	6.118853664883635579e-01	6.118853664883635579e-01	6.118853664883635579e-01	5.893568427145320365e-01	6.118853664883635579e-01	6.118853664883635579e-01	6.118853664883635579e-01	6.118853664883635579e-01	5.794362863113079465e-01	6.118853664883635579e-01	6.118853664883635579e-01	6.118853664883635579e-01	6.118853664883635579e-01	6.118853664883635579e-01	6.118853664883635579e-01	6.118853664883635579e-01	6.118853664883635579e-01	6.118853664883635579e-01	6.118853664883635579e-01	6.118853664883635579e-01	6.118853664883635579e-01	6.118853664883635579e-01	6.118853664883635579e-01	6.108688214685880080e-01	6.118853664883635579e-01	6.118853664883635579e-01	6.118853664883635579e-01	6.118853664883635579e-01	6.118853664883635579e-01	5.992845438226950261e-01	5.871507420193089466e-01	6.118853664883635579e-01	6.196747335069699991e-01	6.036653995565770536e-01	6.118853664883635579e-01	5.908574202346980053e-01	6.118853664883635579e-01	6.118853664883635579e-01	6.118853664883635579e-01	6.118853664883635579e-01	6.168723041443739952e-01	6.398665848539409895e-01	5.746191255928460029e-01	5.716701366350049884e-01	6.118853664883635579e-01	6.118853664883635579e-01	5.821984523531239519e-01	6.118853664883635579e-01	6.066684330129540337e-01	6.137573630096020416e-01	6.118853664883635579e-01	6.118853664883635579e-01	6.118853664883635579e-01	6.029421038208290229e-01	5.587616748755089846e-01	6.023558943595289650e-01	6.118853664883635579e-01	6.118853664883635579e-01	6.118853664883635579e-01	6.118853664883635579e-01	6.118853664883635579e-01	6.118853664883635579e-01	6.118853664883635579e-01	6.118853664883635579e-01	6.118853664883635579e-01	6.118853664883635579e-01	6.118853664883635579e-01	6.118853664883635579e-01	6.118853664883635579e-01	6.730839449238139593e-01	6.107939800058469482e-01	6.118853664883635579e-01	6.559863365264020363e-01	6.118853664883635579e-01	6.118853664883635579e-01
6.118853664883635579e-01	6.118853664883635579e-01	6.341338838271589617e-01	5.558617071157869738e-01	6.118853664883635579e-01	6.809653181404380362e-01	7.083089120821139950e-01	6.720180253145470184e-01	6.118853664883635579e-01	6.118853664883635579e-01	6.946094801442129762e-01	1.000000000000000000e+00	6.118853664883635579e-01	6.118853664883635579e-01	6.118853664883635579e-01	6.118853664883635579e-01	6.118853664883635579e-01	6.118853664883635579e-01	6.118853664883635579e-01	6.118853664883635579e-01	6.057569863784779685e-01	6.118853664883635579e-01	6.635661480972570025e-01	6.118853664883635579e-01	6.118853664883635579e-01	6.118853664883635579e-01	6.118853664883635579e-01	6.247159789146740083e-01	6.118853664883635579e-01	6.118853664883635579e-01	6.118853664883635579e-01	6.118853664883635579e-01	6.118853664883635579e-01	6.118853664883635579e-01	6.118853664883635579e-01	6.118853664883635579e-01	6.118853664883635579e-01	5.577265032010739754e-01	6.118853664883635579e-01	5.519840888855039873e-01	5.976377851286589493e-01	6.645987493088210130e-01	6.118853664883635579e-01	6.118853664883635579e-01	6.118853664883635579e-01	6.118853664883635579e-01	6.118853664883635579e-01	6.118853664883635579e-01	6.118853664883635579e-01	6.118853664883635579e-01	6.118853664883635579e-01	6.167507892896919586e-01	5.830044634141640092e-01	6.118853664883635579e-01	6.118853664883635579e-01	6.118853664883635579e-01	6.118853664883635579e-01	6.118853664883635579e-01	5.635243371586200478e-01	5.621965326368809635e-01	6.118853664883635579e-01	6.118853664883635579e-01	6.118853664883635579e-01	6.205089207135809914e-01	6.118853664883635579e-01	6.118853664883635579e-01	6.118853664883635579e-01	6.118853664883635579e-01	6.118853664883635579e-01	6.386291617924769737e-01	6.118853664883635579e-01	6.118853664883635579e-01	6.118853664883635579e-01	5.904054885014600185e-01	6.118853664883635579e-01	6.118853664883635579e-01	6.118853664883635579e-01	6.118853664883635579e-01	6.118853664883635579e-01	6.118853664883635579e-01	6.118853664883635579e-01	6.118853664883635579e-01	6.118853664883635579e-01	6.118853664883635579e-01	6.118853664883635579e-01	6.118853664883635579e-01	6.458930948107469705e-01	6.118853664883635579e-01	6.118853664883635579e-01	6.093462811379020128e-01	6.118853664883635579e-01	6.118853664883635579e-01	6.118853664883635579e-01	5.366478640769509756e-01	6.172326893476890453e-01	6.118853664883635579e-01	6.118853664883635579e-01	6.124498561464889468e-01	6.118853664883635579e-01	6.964283680358640538e-01	6.118853664883635579e-01	6.118853664883635579e-01	6.118853664883635579e-01	6.118853664883635579e-01	6.118853664883635579e-01	6.118853664883635579e-01	6.118853664883635579e-01	6.118853664883635579e-01	5.455368054545589596e-01	5.397837795966610175e-01	6.118853664883635579e-01	6.017742869323069455e-01	6.118853664883635579e-01	6.118853664883635579e-01	6.270952567524580301e-01	6.665007187688529733e-01	6.118853664883635579e-01	6.118853664883635579e-01	6.747210370370859689e-01	6.118853664883635579e-01	6.891221223961609965e-01	6.118853664883635579e-01	6.118853664883635579e-01	6.970348733679849751e-01
