1.000000000000000000e+00	6.643605897172359942e-01	5.992234307865389464e-01	6.048456605862500002e-01	3.878459190935449885e-01	3.878459190935449885e-01	5.057393252035979891e-01	4.416292324044169826e-01	3.342008488036620206e-01	3.619680741360890019e-01	3.878459190935449885e-01	3.878459190935449885e-01	3.878459190935449885e-01	3.878459190935449885e-01	3.878459190935449885e-01	7.267922101633700338e-01	3.878459190935449885e-01	6.017209112605680366e-01	3.878459190935449885e-01	5.374357703196930292e-01	5.471869251853860305e-01	6.685572443779449481e-01	3.878459190935449885e-01	6.811684388066550078e-01	4.873338260543039757e-01	3.878459190935449885e-01	3.878459190935449885e-01	3.878459190935449885e-01	3.878459190935449885e-01	3.878459190935449885e-01	5.339752642825470463e-01	3.878459190935449885e-01	3.878459190935449885e-01	2.889108266924019786e-01	6.685696156873960350e-01	5.334324482684470459e-01	5.741367884187830173e-01	3.878459190935449885e-01	3.527452965672660257e-02	3.878459190935449885e-01	3.878459190935449885e-01	5.181218723220040179e-01	3.878459190935449885e-01	3.878459190935449885e-01	3.878459190935449885e-01	3.878459190935449885e-01	3.884020665298720254e-01	3.878459190935449885e-01	5.727759604950199979e-01	5.784575580536439610e-01	5.240746886757650103e-01	3.878459190935449885e-01	3.878459190935449885e-01	6.415051671225580066e-01	1.334112982412510029e-01	3.878459190935449885e-01	5.693510540973779621e-01	6.605757352756860268e-01	6.714713701484620323e-01	5.491068383182859947e-01	5.868737304911829655e-01	3.878459190935449885e-01	5.529238076357080311e-01	3.878459190935449885e-01	3.592454993321930190e-01	3.241434055253390040e-02	5.962569225583700394e-01	3.878459190935449885e-01	3.878459190935449885e-01	3.878459190935449885e-01	6.594047666598119584e-01	3.878459190935449885e-01	3.878459190935449885e-01	6.461217143003969987e-01	5.498624735247600315e-01	5.823574936563939985e-01	5.634203980786699484e-01	6.208965160106000303e-01	5.444424514409279547e-01	3.878459190935449885e-01	4.557371592680349859e-01	1.434155199266479996e-01	3.878459190935449885e-01	3.878459190935449885e-01	3.878459190935449885e-01	1.305382939136600084e-01	5.991819466147090267e-01	5.701718525537979865e-01	3.878459190935449885e-01	3.878459190935449885e-01	3.878459190935449885e-01	6.319131505668910131e-01	3.878459190935449885e-01	3.878459190935449885e-01	2.498133133540060002e-01	5.590280448171000005e-01	5.609650571915789641e-01	5.665392471888489601e-01	3.878459190935449885e-01	3.878459190935449885e-01	3.878459190935449885e-01	3.878459190935449885e-01	3.878459190935449885e-01	3.878459190935449885e-01	6.358304586525169722e-01	6.226682055216220535e-01	3.878459190935449885e-01	3.878459190935449885e-01	3.878459190935449885e-01	5.837818192487580493e-01	5.318439052486519936e-01	3.878459190935449885e-01	3.878459190935449885e-01	6.822266276716010269e-01	6.659336876813459760e-01	6.531555362483060234e-01	3.878459190935449885e-01	3.878459190935449885e-01	3.878459190935449885e-01	3.878459190935449885e-01	6.343446232613819680e-01	3.878459190935449885e-01	3.878459190935449885e-01	3.878459190935449885e-01
6.643605897172359942e-01	1.000000000000000000e+00	5.907660574717139568e-01	3.878459190935449885e-01	3.878459190935449885e-01	5.812222748684540141e-01	4.953441670989079948e-01	4.351203615925789969e-01	3.301248752797409924e-01	3.878459190935449885e-01	3.878459190935449885e-01	3.878459190935449885e-01	6.329264976908840490e-01	5.336078031327510240e-01	3.878459190935449885e-01	3.878459190935449885e-01	6.560615448173340303e-01	3.878459190935449885e-01	6.647180232023269797e-01	3.878459190935449885e-01	5.335464771537089534e-01	6.599275478859359945e-01	3.878459190935449885e-01	3.878459190935449885e-01	4.774567112588750106e-01	3.878459190935449885e-01	3.878459190935449885e-01	2.405587135174150071e-01	3.878459190935449885e-01	4.916383792546940024e-01	5.207926929574330233e-01	6.733219758525369469e-01	3.878459190935449885e-01	2.797293430202080211e-01	3.878459190935449885e-01	3.878459190935449885e-01	5.598630937432119703e-01	6.139526587186300288e-01	3.878459190935449885e-01	3.878459190935449885e-01	3.878459190935449885e-01	5.066252933424050253e-01	3.878459190935449885e-01	1.273384708997929993e-01	3.878459190935449885e-01	3.878459190935449885e-01	3.765619918578960168e-01	3.878459190935449885e-01	3.878459190935449885e-01	5.690376931884459921e-01	5.115564927111569959e-01	3.878459190935449885e-01	3.878459190935449885e-01	3.878459190935449885e-01	1.322606961065639908e-01	3.878459190935449885e-01	3.878459190935449885e-01	3.878459190935449885e-01	6.633488043395240341e-01	3.878459190935449885e-01	3.878459190935449885e-01	3.878459190935449885e-01	5.447336989190899592e-01	4.336809299432560216e-01	3.504597223241689985e-01	3.878459190935449885e-01	5.832058640623210000e-01	1.353996388558650031e-02	5.991460331079759838e-01	3.878459190935449885e-01	3.878459190935449885e-01	3.878459190935449885e-01	6.522079743083359915e-01	6.286264726621060284e-01	3.878459190935449885e-01	5.654549520079630298e-01	3.878459190935449885e-01	6.046927788044109686e-01	5.288381734363899467e-01	5.929916837880280234e-01	4.540936251178420147e-01	3.878459190935449885e-01	3.307916472328359947e-01	3.878459190935449885e-01	3.878459190935449885e-01	1.281650654603979922e-01	3.878459190935449885e-01	5.630164023741960344e-01	3.878459190935449885e-01	8.468694707642410516e-03	3.878459190935449885e-01	6.230980988583819657e-01	5.585642334227769457e-01	5.318383707751289657e-01	2.449221602673730125e-01	3.878459190935449885e-01	3.878459190935449885e-01	5.519737020728670007e-01	4.083987640704909885e-04	3.878459190935449885e-01	3.878459190935449885e-01	5.461592655921809758e-01	3.878459190935449885e-01	3.878459190935449885e-01	3.878459190935449885e-01	3.878459190935449885e-01	6.043569684695360156e-01	5.628924581361820501e-01	3.878459190935449885e-01	3.878459190935449885e-01	5.187171393568660305e-01	4.609227516602499852e-01	3.878459190935449885e-01	6.706134805885359818e-01	3.878459190935449885e-01	6.409653713929710506e-01	3.878459190935449885e-01	3.878459190935449885e-01	6.475187195579950039e-01	5.787284268414349953e-01	6.123129328997379828e-01	6.360333610112050007e-01	3.878459190935449885e-01	5.256032834339009474e-01
5.992234307865389464e-01	5.907660574717139568e-01	1.000000000000000000e+00	3.878459190935449885e-01	3.878459190935449885e-01	3.878459190935449885e-01	3.878459190935449885e-01	3.951233502583220147e-01	3.049993530143370046e-01	3.276568812950579890e-01	5.392684973750380140e-01	5.482582283240530208e-01	3.878459190935449885e-01	3.878459190935449885e-01	4.029319591344859841e-01	3.878459190935449885e-01	3.878459190935449885e-01	3.878459190935449885e-01	3.878459190935449885e-01	3.878459190935449885e-01	3.878459190935449885e-01	3.878459190935449885e-01	4.989067598536640058e-01	6.139052308202399555e-01	4.365714814893240092e-01	4.618896385448190145e-01	6.513911507251879396e-02	2.239098702255170048e-01	5.372405124804230381e-01	3.878459190935449885e-01	4.776337585095259963e-01	3.878459190935449885e-01	6.252707128220520438e-01	2.597460154993819770e-01	5.983631866153690249e-01	3.878459190935449885e-01	3.878459190935449885e-01	5.588195299238359892e-01	3.223116951641209760e-02	3.878459190935449885e-01	5.912092300759069774e-01	4.652808198223820080e-01	3.878459190935449885e-01	3.878459190935449885e-01	3.440234940951609754e-01	5.626582164803870523e-01	3.878459190935449885e-01	4.816241340461879794e-01	3.878459190935449885e-01	3.878459190935449885e-01	4.690620609209860126e-01	4.947066453837459798e-01	3.878459190935449885e-01	5.758706306121580409e-01	3.878459190935449885e-01	3.878459190935449885e-01	3.878459190935449885e-01	3.878459190935449885e-01	6.020829338430340183e-01	3.878459190935449885e-01	5.336605096616729993e-01	3.878459190935449885e-01	3.878459190935449885e-01	3.878459190935449885e-01	3.204091133452259821e-01	3.878459190935449885e-01	5.355761148352550238e-01	1.254288344722000008e-02	3.878459190935449885e-01	7.637861172065789350e-02	5.858676458826079791e-01	1.722514017081669957e-01	5.963708098159550275e-01	5.734163839891069925e-01	3.878459190935449885e-01	3.878459190935449885e-01	3.878459190935449885e-01	3.878459190935449885e-01	3.878459190935449885e-01	3.878459190935449885e-01	4.116771620286679978e-01	1.315362755340739875e-01	3.878459190935449885e-01	3.878459190935449885e-01	5.053980967515999678e-01	3.878459190935449885e-01	5.337071374738410201e-01	3.878459190935449885e-01	1.000000000000000082e-05	7.976358343059899297e-03	5.312997493758599976e-01	5.618881646407449804e-01	3.878459190935449885e-01	3.878459190935449885e-01	3.878459190935449885e-01	3.878459190935449885e-01	5.031086601689349624e-01	3.878459190935449885e-01	3.878459190935449885e-01	3.878459190935449885e-01	2.605374584868300203e-01	4.958007802633049854e-01	3.878459190935449885e-01	3.878459190935449885e-01	3.878459190935449885e-01	5.514482359814010248e-01	5.484670143301599854e-01	5.155087381359669818e-01	6.265981591782140425e-01	3.878459190935449885e-01	4.689085988566299990e-01	3.878459190935449885e-01	3.878459190935449885e-01	3.878459190935449885e-01	5.975655887359979657e-01	5.843204042632630379e-01	3.878459190935449885e-01	5.904617999904919756e-01	3.878459190935449885e-01	3.878459190935449885e-01	5.606970088397500440e-01	3.878459190935449885e-01	3.878459190935449885e-01	3.878459190935449885e-01
6.048456605862500002e-01	3.878459190935449885e-01	3.878459190935449885e-01	1.000000000000000000e+00	3.878459190935449885e-01	5.386298497648199790e-01	4.616361595700499976e-01	4.016395308064850123e-01	3.878459190935449885e-01	3.245995934777570202e-01	3.878459190935449885e-01	3.878459190935449885e-01	3.878459190935449885e-01	3.878459190935449885e-01	4.124428516084849838e-01	6.480785131697910373e-01	3.878459190935449885e-01	3.878459190935449885e-01	6.154096051081400232e-01	4.822917913158760173e-01	3.878459190935449885e-01	6.019654002363850065e-01	3.878459190935449885e-01	6.138119291763589613e-01	4.446231454664569815e-01	3.878459190935449885e-01	3.878459190935449885e-01	2.319228093921580081e-01	3.878459190935449885e-01	4.581679146336710140e-01	3.878459190935449885e-01	3.878459190935449885e-01	6.296804275433149911e-01	3.878459190935449885e-01	3.878459190935449885e-01	3.878459190935449885e-01	5.170618156469070081e-01	5.649218100778700125e-01	3.878459190935449885e-01	5.444770941783689810e-01	5.931217626045730551e-01	3.878459190935449885e-01	5.018078103224750119e-01	1.193650975377919948e-01	3.878459190935449885e-01	5.671388442647919970e-01	3.461996298896499735e-01	3.878459190935449885e-01	3.878459190935449885e-01	5.278262603704979572e-01	4.738174231099960276e-01	5.024754155937819489e-01	5.576663433789149638e-01	5.768566490312370121e-01	1.215769363268170006e-01	5.701824007074759448e-01	5.097790423396380000e-01	3.878459190935449885e-01	3.878459190935449885e-01	4.938746875617119891e-01	3.878459190935449885e-01	3.016685665008960182e-01	3.878459190935449885e-01	3.878459190935449885e-01	3.235594269266349743e-01	3.031497811283600033e-02	3.878459190935449885e-01	3.878459190935449885e-01	3.878459190935449885e-01	3.878459190935449885e-01	3.878459190935449885e-01	3.878459190935449885e-01	3.878459190935449885e-01	3.878459190935449885e-01	3.878459190935449885e-01	5.215466885755889459e-01	5.053672182673739632e-01	3.878459190935449885e-01	4.897558096326379840e-01	3.878459190935449885e-01	3.878459190935449885e-01	1.331367194629320128e-01	3.878459190935449885e-01	3.878459190935449885e-01	5.048149376227439866e-01	1.201033659504389950e-01	3.878459190935449885e-01	3.878459190935449885e-01	1.000000000000000082e-05	3.878459190935449885e-01	3.878459190935449885e-01	3.878459190935449885e-01	3.878459190935449885e-01	3.878459190935449885e-01	3.878459190935449885e-01	5.089320309453629898e-01	5.004230354782810419e-01	5.060074919461849952e-01	3.878459190935449885e-01	3.878459190935449885e-01	3.878459190935449885e-01	3.878459190935449885e-01	4.804496198647689731e-01	3.878459190935449885e-01	3.878459190935449885e-01	5.607092991363209489e-01	5.589741946844130061e-01	3.878459190935449885e-01	6.377488009663619950e-01	3.878459190935449885e-01	4.781563869172920089e-01	3.878459190935449885e-01	3.878459190935449885e-01	6.144770890484679837e-01	5.964797294309810427e-01	3.878459190935449885e-01	5.907284746584290369e-01	5.910993358230349770e-01	3.878459190935449885e-01	3.878459190935449885e-01	5.708181027770820037e-01	5.864253722147899639e-01	4.899404405198810042e-01	4.780123756624289899e-01
3.878459190935449885e-01	3.878459190935449885e-01	3.878459190935449885e-01	3.878459190935449885e-01	9.999999999999840128e-01	2.412736740331770102e-01	2.103247374952059989e-01	1.901022875138259904e-01	1.457165052532979899e-01	1.582512426071200073e-01	3.878459190935449885e-01	3.878459190935449885e-01	2.634361783213470254e-01	2.307389734255219926e-01	1.923456656760970107e-01	2.888899512550289761e-01	2.746974567967520042e-01	3.878459190935449885e-01	3.878459190935449885e-01	2.195865509570630036e-01	2.219060214629600125e-01	2.723273187934269757e-01	3.878459190935449885e-01	3.878459190935449885e-01	2.064952193672029979e-01	3.878459190935449885e-01	3.518952469484790124e-02	1.149510012631970030e-01	3.878459190935449885e-01	3.878459190935449885e-01	3.878459190935449885e-01	3.878459190935449885e-01	3.878459190935449885e-01	3.878459190935449885e-01	3.878459190935449885e-01	2.210410526322159896e-01	3.878459190935449885e-01	2.511098407408369759e-01	1.731193195994040063e-02	2.496665160151629870e-01	2.690977979004849918e-01	3.878459190935449885e-01	2.234314139779060016e-01	3.878459190935449885e-01	1.638275522815879903e-01	2.564923372677099800e-01	3.878459190935449885e-01	2.241670381946229973e-01	3.878459190935449885e-01	2.393189077005919985e-01	2.155820486785229861e-01	2.310420959327300072e-01	2.557396040316520236e-01	3.878459190935449885e-01	3.878459190935449885e-01	2.604335924288639914e-01	3.878459190935449885e-01	2.679225845825239927e-01	3.878459190935449885e-01	2.231091331634690034e-01	2.414404635354590045e-01	1.457234863025080041e-01	3.878459190935449885e-01	1.857837384886059928e-01	3.878459190935449885e-01	3.878459190935449885e-01	3.878459190935449885e-01	3.878459190935449885e-01	3.878459190935449885e-01	3.878459190935449885e-01	3.878459190935449885e-01	3.878459190935449885e-01	2.701942829397639967e-01	2.606303210523149838e-01	3.878459190935449885e-01	3.878459190935449885e-01	2.258554618772919964e-01	3.878459190935449885e-01	3.878459190935449885e-01	3.878459190935449885e-01	1.926862858071780038e-01	6.710506434788610086e-02	3.878459190935449885e-01	3.878459190935449885e-01	3.878459190935449885e-01	3.878459190935449885e-01	2.435301421722360082e-01	3.878459190935449885e-01	1.000000000000000082e-05	5.600481295622779764e-03	2.413044927223559899e-01	3.878459190935449885e-01	3.878459190935449885e-01	3.878459190935449885e-01	1.109676236832070062e-01	2.292030940912909986e-01	3.878459190935449885e-01	2.361286002743329948e-01	3.878459190935449885e-01	2.560422668547320257e-01	3.878459190935449885e-01	2.238622077733490034e-01	2.248011143467429918e-01	1.864047099774270022e-01	3.878459190935449885e-01	2.524351986017630001e-01	3.878459190935449885e-01	2.379500879790990009e-01	2.831903047791369810e-01	2.390536913507499972e-01	3.878459190935449885e-01	1.970393592104369984e-01	2.232997725698959990e-01	2.779193691781750020e-01	2.705394080827859815e-01	2.663950497984580168e-01	2.719959187667880252e-01	3.878459190935449885e-01	2.671903355502989741e-01	3.878459190935449885e-01	2.578070045783539821e-01	2.660907595926810254e-01	3.878459190935449885e-01	2.158680485168089913e-01
3.878459190935449885e-01	5.812222748684540141e-01	3.878459190935449885e-01	5.386298497648199790e-01	2.412736740331770102e-01	1.000000000000000000e+00	3.878459190935449885e-01	3.976237140312809948e-01	3.878459190935449885e-01	3.256262708240639792e-01	5.320272361309990039e-01	3.878459190935449885e-01	5.725944988206159714e-01	3.878459190935449885e-01	4.057994609789660201e-01	3.878459190935449885e-01	5.927602988453100075e-01	5.294733585428129663e-01	6.011026105351510163e-01	3.878459190935449885e-01	3.878459190935449885e-01	3.878459190935449885e-01	4.825953712068060120e-01	6.031026341971159610e-01	4.412528072069359930e-01	3.878459190935449885e-01	6.610552334626469684e-02	3.878459190935449885e-01	5.289293570712280124e-01	4.533543593560729890e-01	4.761294239152220054e-01	3.878459190935449885e-01	6.209540449149739683e-01	2.576278839336429982e-01	3.878459190935449885e-01	4.693121403221839905e-01	5.054740070019470011e-01	3.878459190935449885e-01	3.878459190935449885e-01	5.370264934020929637e-01	3.878459190935449885e-01	4.591803673147010212e-01	3.878459190935449885e-01	3.878459190935449885e-01	3.372928405671020147e-01	5.561314444148669489e-01	3.371322197901159834e-01	3.878459190935449885e-01	3.878459190935449885e-01	3.878459190935449885e-01	4.643822157354630109e-01	3.878459190935449885e-01	3.878459190935449885e-01	3.878459190935449885e-01	1.199867166368159960e-01	3.878459190935449885e-01	5.049272702997820161e-01	5.840643051794409679e-01	5.962016168279400397e-01	4.842061610704960217e-01	3.878459190935449885e-01	3.878459190935449885e-01	3.878459190935449885e-01	3.878459190935449885e-01	3.131084442040850124e-01	3.013752910430279874e-02	3.878459190935449885e-01	1.243710310825470004e-02	5.396155368750189529e-01	3.878459190935449885e-01	5.908446866014850363e-01	3.878459190935449885e-01	3.878459190935449885e-01	3.878459190935449885e-01	3.878459190935449885e-01	5.117232606401530548e-01	4.999209125159149725e-01	5.461636832296540289e-01	3.878459190935449885e-01	5.390986337683300045e-01	4.026625019850120224e-01	3.878459190935449885e-01	3.878459190935449885e-01	3.878459190935449885e-01	4.957849439625219845e-01	3.878459190935449885e-01	3.878459190935449885e-01	3.878459190935449885e-01	1.000000000000000082e-05	7.878510450880839636e-03	5.277912602205839798e-01	5.605434849199459890e-01	3.878459190935449885e-01	4.876749137444060245e-01	2.224919097112640076e-01	3.878459190935449885e-01	4.943831781945339787e-01	4.996557821900630136e-01	3.900224744325100023e-04	3.878459190935449885e-01	3.878459190935449885e-01	3.878459190935449885e-01	3.878459190935449885e-01	4.028507394190170010e-01	3.878459190935449885e-01	3.878459190935449885e-01	3.878459190935449885e-01	5.151005707783939958e-01	6.203692976581050011e-01	5.129056357139949451e-01	3.878459190935449885e-01	3.878459190935449885e-01	4.882065880244940148e-01	3.878459190935449885e-01	3.878459190935449885e-01	5.825736502906430081e-01	3.878459190935449885e-01	5.810420326309220229e-01	5.849415109851540118e-01	5.214391326199649956e-01	3.878459190935449885e-01	5.720117088875710243e-01	4.822385916211739953e-01	3.878459190935449885e-01
5.057393252035979891e-01	4.953441670989079948e-01	3.878459190935449885e-01	4.616361595700499976e-01	2.103247374952059989e-01	3.878459190935449885e-01	1.000000000000000000e+00	3.878459190935449885e-01	2.646782015387900144e-01	2.745861714893880201e-01	3.878459190935449885e-01	3.878459190935449885e-01	3.878459190935449885e-01	3.878459190935449885e-01	3.427744278116610088e-01	5.398823484657599980e-01	3.878459190935449885e-01	3.878459190935449885e-01	5.165565869554350487e-01	3.878459190935449885e-01	3.878459190935449885e-01	3.878459190935449885e-01	3.878459190935449885e-01	3.878459190935449885e-01	3.708009395946290088e-01	3.878459190935449885e-01	3.878459190935449885e-01	3.878459190935449885e-01	4.614661160802009943e-01	3.878459190935449885e-01	4.022042520904700047e-01	5.163634445668889850e-01	3.878459190935449885e-01	3.878459190935449885e-01	5.063513498157610204e-01	4.103107283078000211e-01	4.303469365413020165e-01	3.878459190935449885e-01	3.878459190935449885e-01	3.878459190935449885e-01	4.978231413790459858e-01	3.992276739150940057e-01	4.192110248707809905e-01	9.958068521553549435e-02	3.878459190935449885e-01	3.878459190935449885e-01	2.962921452243469922e-01	4.066078153733849732e-01	3.878459190935449885e-01	4.370542404053859853e-01	3.878459190935449885e-01	3.878459190935449885e-01	4.689810984990450127e-01	4.808421545261180041e-01	1.042086328829699982e-01	3.878459190935449885e-01	3.878459190935449885e-01	3.878459190935449885e-01	5.074736059288359469e-01	4.154427343694340191e-01	3.878459190935449885e-01	2.595052635136320118e-01	3.878459190935449885e-01	3.355650374616450105e-01	3.878459190935449885e-01	3.878459190935449885e-01	3.878459190935449885e-01	3.878459190935449885e-01	4.627245476781730038e-01	3.878459190935449885e-01	3.878459190935449885e-01	3.878459190935449885e-01	5.055881989675180543e-01	4.848053257269629990e-01	4.190154409266529933e-01	4.383115212529329896e-01	4.262832155326800043e-01	4.688355212549220052e-01	3.878459190935449885e-01	3.878459190935449885e-01	3.878459190935449885e-01	1.130138203994009993e-01	3.878459190935449885e-01	3.878459190935449885e-01	3.878459190935449885e-01	1.014089381267599954e-01	4.481030848081710150e-01	3.878459190935449885e-01	1.000000000000000082e-05	7.571031688040569599e-03	4.515673537546330274e-01	3.878459190935449885e-01	3.878459190935449885e-01	3.878459190935449885e-01	1.911558222121700068e-01	3.878459190935449885e-01	3.878459190935449885e-01	3.878459190935449885e-01	3.878459190935449885e-01	3.878459190935449885e-01	2.239299272283920006e-01	3.878459190935449885e-01	3.878459190935449885e-01	3.511211126825339868e-01	4.755301396341919951e-01	4.679172149576960038e-01	4.659924860865979901e-01	4.325646529668700224e-01	3.878459190935449885e-01	3.878459190935449885e-01	4.030973599153500064e-01	3.878459190935449885e-01	3.878459190935449885e-01	5.164317129270480367e-01	4.958265753301600021e-01	3.878459190935449885e-01	4.991739934176859794e-01	3.878459190935449885e-01	3.878459190935449885e-01	3.878459190935449885e-01	3.878459190935449885e-01	4.888745915453370228e-01	4.115448963839329899e-01	3.878459190935449885e-01
4.416292324044169826e-01	4.351203615925789969e-01	3.951233502583220147e-01	4.016395308064850123e-01	1.901022875138259904e-01	3.976237140312809948e-01	3.878459190935449885e-01	1.000000000000009992e+00	2.278254314737180042e-01	3.878459190935449885e-01	3.944016035999580172e-01	3.878459190935449885e-01	4.231941224402380186e-01	3.878459190935449885e-01	3.092740172915720009e-01	4.694979822765900090e-01	3.878459190935449885e-01	3.924198213810510261e-01	4.439398867971069973e-01	3.578723573323089879e-01	3.538221111725199930e-01	4.396419849410370118e-01	3.596044540869660078e-01	4.498419925091329818e-01	3.878459190935449885e-01	3.878459190935449885e-01	5.061543743410169827e-02	3.878459190935449885e-01	3.878459190935449885e-01	3.333549596334000054e-01	3.500405166360590070e-01	3.878459190935449885e-01	3.878459190935449885e-01	1.978550471824750134e-01	4.387052926985650081e-01	3.531296633805799945e-01	3.798292325694789806e-01	4.099815720052419898e-01	3.878459190935449885e-01	3.945724309480769798e-01	3.878459190935449885e-01	3.878459190935449885e-01	3.612070148185480001e-01	8.817359934272910038e-02	2.556455097036450241e-01	4.159091634675570193e-01	2.577030976378579807e-01	3.543050550363360252e-01	3.752283423628929859e-01	3.794091326235680128e-01	3.878459190935449885e-01	3.646434680312939935e-01	4.058209195759959753e-01	4.208859385986409851e-01	9.279208413981590575e-02	4.193813465977510035e-01	3.878459190935449885e-01	3.878459190935449885e-01	4.434081482166760124e-01	3.878459190935449885e-01	3.820801487746199876e-01	2.208426345602690077e-01	3.655535657419730078e-01	2.888289789205509828e-01	3.878459190935449885e-01	3.878459190935449885e-01	3.965702270693319820e-01	3.878459190935449885e-01	4.080826426646400051e-01	3.878459190935449885e-01	4.344192838584829963e-01	3.878459190935449885e-01	4.381011456093160117e-01	3.878459190935449885e-01	3.596364080332720148e-01	3.824543728273340215e-01	3.680462508195049831e-01	4.040000803048829914e-01	3.878459190935449885e-01	3.878459190935449885e-01	3.057246477229230153e-01	9.773818627089600475e-02	2.283666899145710139e-01	3.878459190935449885e-01	3.660480644394609739e-01	9.027354757285810383e-02	3.878459190935449885e-01	3.743929756640659856e-01	3.878459190935449885e-01	7.007363420687770170e-03	3.878459190935449885e-01	3.878459190935449885e-01	3.878459190935449885e-01	3.878459190935449885e-01	1.690058243372029867e-01	3.710337338872199964e-01	3.675529285899620247e-01	3.878459190935449885e-01	3.473667683853170107e-04	4.158553690066160158e-01	3.878459190935449885e-01	3.688669183334130075e-01	3.523754463577840057e-01	3.878459190935449885e-01	4.153173182589650070e-01	3.878459190935449885e-01	3.878459190935449885e-01	3.878459190935449885e-01	4.605029183660669934e-01	3.878459190935449885e-01	3.489004324298219939e-01	3.091077361780210087e-01	3.878459190935449885e-01	3.878459190935449885e-01	4.310997027432539874e-01	4.282654530703650098e-01	3.878459190935449885e-01	4.351891988691550250e-01	3.878459190935449885e-01	3.878459190935449885e-01	3.878459190935449885e-01	3.878459190935449885e-01	3.573591088720530218e-01	3.524574187715969753e-01
3.342008488036620206e-01	3.301248752797409924e-01	3.049993530143370046e-01	3.878459190935449885e-01	1.457165052532979899e-01	3.878459190935449885e-01	2.646782015387900144e-01	2.278254314737180042e-01	9.999999999999940048e-01	1.945089348544080110e-01	3.878459190935449885e-01	3.032362304499029992e-01	3.221770709969680180e-01	3.878459190935449885e-01	2.320384220877720061e-01	3.559573979638049890e-01	3.341923491027919968e-01	2.972839008324720256e-01	3.878459190935449885e-01	3.878459190935449885e-01	2.684151481172339926e-01	3.878459190935449885e-01	3.878459190935449885e-01	3.360789234810689918e-01	3.878459190935449885e-01	3.878459190935449885e-01	3.878459190935449885e-01	3.878459190935449885e-01	3.039635029130010047e-01	2.579493701278540163e-01	2.743279808087519811e-01	3.397151415843859823e-01	3.487898850208079882e-01	1.527512394117729877e-01	3.317075662061350072e-01	2.710099702540750277e-01	2.910331853634099963e-01	3.153605277497389947e-01	2.018972970928619923e-02	3.878459190935449885e-01	3.878459190935449885e-01	3.878459190935449885e-01	3.878459190935449885e-01	3.878459190935449885e-01	3.878459190935449885e-01	3.177874619333149742e-01	3.878459190935449885e-01	3.878459190935449885e-01	2.919982055766360274e-01	3.878459190935449885e-01	2.646676346233510224e-01	3.878459190935449885e-01	3.878459190935449885e-01	3.210843529115400274e-01	7.298347288596969407e-02	3.162895945727060010e-01	2.817849566365440150e-01	3.271760945571700052e-01	3.350033987456950135e-01	3.878459190935449885e-01	2.907135615358180103e-01	1.751968664923760077e-01	3.878459190935449885e-01	2.238381249943600104e-01	3.878459190935449885e-01	1.982369656791420007e-02	2.976252314321329862e-01	3.878459190935449885e-01	3.068488012118180119e-01	4.807317758123959978e-02	3.878459190935449885e-01	3.878459190935449885e-01	3.878459190935449885e-01	3.161618469646410023e-01	2.748979220271760004e-01	3.878459190935449885e-01	3.878459190935449885e-01	3.878459190935449885e-01	2.749437367101810192e-01	3.009176423460330208e-01	3.878459190935449885e-01	7.781803745004059469e-02	1.709312927625659950e-01	3.878459190935449885e-01	3.878459190935449885e-01	3.878459190935449885e-01	3.878459190935449885e-01	2.874463256798009958e-01	1.000000000000000082e-05	6.087567073453360039e-03	3.878459190935449885e-01	3.122801019383349974e-01	2.861249794848300110e-01	2.721029803388200219e-01	3.878459190935449885e-01	3.878459190935449885e-01	2.806484533248739810e-01	2.825738943229400002e-01	3.878459190935449885e-01	3.878459190935449885e-01	3.878459190935449885e-01	2.751467005909389862e-01	2.728051043856309921e-01	3.878459190935449885e-01	3.878459190935449885e-01	3.090605251205320037e-01	3.030917592614160161e-01	3.878459190935449885e-01	3.878459190935449885e-01	2.924750905206000007e-01	3.878459190935449885e-01	3.878459190935449885e-01	3.878459190935449885e-01	3.366981779429720212e-01	3.276155473296620269e-01	3.269285975757709739e-01	3.878459190935449885e-01	3.252842391065989824e-01	3.878459190935449885e-01	2.958291571142609988e-01	3.878459190935449885e-01	3.260436358324910189e-01	2.739965069325679958e-01	3.878459190935449885e-01
3.619680741360890019e-01	3.878459190935449885e-01	3.276568812950579890e-01	3.245995934777570202e-01	1.582512426071200073e-01	3.256262708240639792e-01	2.745861714893880201e-01	3.878459190935449885e-01	1.945089348544080110e-01	9.999999999999970024e-01	3.271285022544430099e-01	3.878459190935449885e-01	3.878459190935449885e-01	3.878459190935449885e-01	2.547540969856920134e-01	3.878459190935449885e-01	3.878459190935449885e-01	3.878459190935449885e-01	3.878459190935449885e-01	2.896930398973799892e-01	3.878459190935449885e-01	3.878459190935449885e-01	2.961956650201880148e-01	3.678628050287849893e-01	2.659348408216439807e-01	3.878459190935449885e-01	3.878459190935449885e-01	3.878459190935449885e-01	3.285555220076969984e-01	3.878459190935449885e-01	3.878459190935449885e-01	3.878459190935449885e-01	3.878459190935449885e-01	3.878459190935449885e-01	3.560190397649469762e-01	2.929560250550520273e-01	3.878459190935449885e-01	3.401334535528420244e-01	3.878459190935449885e-01	3.279715828801449962e-01	3.878459190935449885e-01	3.878459190935449885e-01	3.027725670526210111e-01	7.489993100122270542e-02	3.878459190935449885e-01	3.373800701452420170e-01	2.134883501720100107e-01	3.878459190935449885e-01	3.087428121305569872e-01	3.184713266562820277e-01	3.878459190935449885e-01	3.040638141459359733e-01	3.878459190935449885e-01	3.878459190935449885e-01	7.739693177808190661e-02	3.878459190935449885e-01	3.878459190935449885e-01	3.878459190935449885e-01	3.878459190935449885e-01	2.967291767842260009e-01	3.182803238819820191e-01	1.905589641920300004e-01	3.019238904238619736e-01	2.440715734517759916e-01	3.878459190935449885e-01	3.878459190935449885e-01	3.226447115061459869e-01	9.237014599838489631e-03	3.878459190935449885e-01	3.878459190935449885e-01	3.878459190935449885e-01	3.878459190935449885e-01	3.627565999080630266e-01	3.465548847888860196e-01	2.997070747211230124e-01	3.878459190935449885e-01	3.878459190935449885e-01	3.878459190935449885e-01	2.994920236000209735e-01	3.242263725268429986e-01	3.878459190935449885e-01	8.130652681482390676e-02	1.863540286435499960e-01	7.271788739417940628e-02	3.015978349881239806e-01	3.878459190935449885e-01	3.190614888435500118e-01	3.878459190935449885e-01	3.878459190935449885e-01	5.632600839907359568e-03	3.878459190935449885e-01	3.878459190935449885e-01	3.179368035648990065e-01	3.878459190935449885e-01	1.390351910501650134e-01	3.006948423345360277e-01	3.006599655589959896e-01	3.878459190935449885e-01	3.878459190935449885e-01	3.375026073954019989e-01	3.878459190935449885e-01	2.978803528853249949e-01	2.950531828350569929e-01	2.498101426101740075e-01	3.454078465250070007e-01	3.318869756155289896e-01	3.324268004701920187e-01	3.878459190935449885e-01	3.782228695829439880e-01	3.878459190935449885e-01	2.870098933728220114e-01	3.878459190935449885e-01	3.878459190935449885e-01	3.665151357143799915e-01	3.570120555386619987e-01	3.878459190935449885e-01	3.878459190935449885e-01	3.498126496504839755e-01	3.585144138218659959e-01	3.878459190935449885e-01	3.388831063171720004e-01	3.878459190935449885e-01	2.957460925120479756e-01	3.878459190935449885e-01
3.878459190935449885e-01	3.878459190935449885e-01	5.392684973750380140e-01	3.878459190935449885e-01	3.878459190935449885e-01	5.320272361309990039e-01	3.878459190935449885e-01	3.944016035999580172e-01	3.878459190935449885e-01	3.271285022544430099e-01	1.000000000000000000e+00	5.444580116586099638e-01	3.878459190935449885e-01	4.941063839132660007e-01	4.082233250480479803e-01	6.445732910375170377e-01	3.878459190935449885e-01	5.374768508459270011e-01	6.097501428974080318e-01	3.878459190935449885e-01	4.808626468148199939e-01	3.878459190935449885e-01	4.885659901324410082e-01	3.878459190935449885e-01	4.352991601401359767e-01	3.878459190935449885e-01	3.878459190935449885e-01	3.878459190935449885e-01	3.878459190935449885e-01	3.878459190935449885e-01	3.878459190935449885e-01	6.122819851253640255e-01	6.293461540444319491e-01	2.626490426735270112e-01	3.878459190935449885e-01	3.878459190935449885e-01	3.878459190935449885e-01	3.878459190935449885e-01	3.878459190935449885e-01	3.878459190935449885e-01	5.881375555712620162e-01	4.626619798711040232e-01	3.878459190935449885e-01	3.878459190935449885e-01	3.435828305506509750e-01	5.718652659397189808e-01	3.878459190935449885e-01	4.786350767416669982e-01	3.878459190935449885e-01	3.878459190935449885e-01	3.878459190935449885e-01	4.966881001245190275e-01	5.543971176078990037e-01	3.878459190935449885e-01	1.191814200702149967e-01	5.678441497362329837e-01	5.067688109908889960e-01	3.878459190935449885e-01	3.878459190935449885e-01	4.899876555752160079e-01	5.215043157752650149e-01	3.878459190935449885e-01	3.878459190935449885e-01	3.942246278879300014e-01	3.878459190935449885e-01	3.878459190935449885e-01	5.359622529275129832e-01	1.242626584720720080e-02	5.448371853739020221e-01	3.878459190935449885e-01	5.936662372799480503e-01	1.696958152194439906e-01	5.941376551080830293e-01	3.878459190935449885e-01	3.878459190935449885e-01	3.878459190935449885e-01	3.878459190935449885e-01	5.523285694204630447e-01	3.878459190935449885e-01	5.406169484741979447e-01	3.878459190935449885e-01	3.878459190935449885e-01	3.005541723126780029e-01	3.878459190935449885e-01	3.878459190935449885e-01	3.878459190935449885e-01	3.878459190935449885e-01	5.098185680471170045e-01	3.878459190935449885e-01	7.924960723712489233e-03	5.296938302114729824e-01	5.603621550978380439e-01	3.878459190935449885e-01	3.878459190935449885e-01	2.278286174179640078e-01	4.992363887302420089e-01	4.989182574745609777e-01	3.878459190935449885e-01	3.969426336575600255e-04	5.589294487439440129e-01	3.878459190935449885e-01	3.878459190935449885e-01	3.878459190935449885e-01	4.071513805052829893e-01	5.639616026305950269e-01	3.878459190935449885e-01	3.878459190935449885e-01	5.146747094894800201e-01	3.878459190935449885e-01	5.214077527297990011e-01	3.878459190935449885e-01	3.878459190935449885e-01	4.907740610229350264e-01	6.067510303898230317e-01	3.878459190935449885e-01	5.832946942382869482e-01	3.878459190935449885e-01	3.878459190935449885e-01	3.878459190935449885e-01	5.266395274143950145e-01	5.576005607171340417e-01	3.878459190935449885e-01	3.878459190935449885e-01	4.705037389305850026e-01
3.878459190935449885e-01	3.878459190935449885e-01	5.482582283240530208e-01	3.878459190935449885e-01	3.878459190935449885e-01	3.878459190935449885e-01	3.878459190935449885e-01	3.878459190935449885e-01	3.032362304499029992e-01	3.878459190935449885e-01	5.444580116586099638e-01	1.000000000000000000e+00	3.878459190935449885e-01	3.878459190935449885e-01	3.878459190935449885e-01	6.516972572348279646e-01	3.878459190935449885e-01	5.418591776290969664e-01	6.192623023409129512e-01	3.878459190935449885e-01	4.922799513220679768e-01	6.059917993347599952e-01	3.878459190935449885e-01	6.218583400087349666e-01	3.878459190935449885e-01	3.878459190935449885e-01	3.878459190935449885e-01	3.878459190935449885e-01	5.453323835263740316e-01	4.616914855986209987e-01	4.868722039562189963e-01	6.222997159136339773e-01	3.878459190935449885e-01	3.878459190935449885e-01	6.041591660184140178e-01	4.872641186946090053e-01	5.220807769460870107e-01	5.710184256776470457e-01	3.878459190935449885e-01	5.434358611934250183e-01	3.878459190935449885e-01	3.878459190935449885e-01	3.878459190935449885e-01	3.878459190935449885e-01	3.878459190935449885e-01	5.795514679769829813e-01	3.878459190935449885e-01	3.878459190935449885e-01	3.878459190935449885e-01	5.254704269500239944e-01	3.878459190935449885e-01	5.014531602748040218e-01	3.878459190935449885e-01	5.816051114544390499e-01	1.217494709894060001e-01	5.760861788851070475e-01	3.878459190935449885e-01	3.878459190935449885e-01	3.878459190935449885e-01	3.878459190935449885e-01	3.878459190935449885e-01	3.878459190935449885e-01	5.036733510329890473e-01	3.878459190935449885e-01	3.878459190935449885e-01	3.878459190935449885e-01	5.407558437259259998e-01	1.298704947488530000e-02	5.514428097540989837e-01	7.859368506320610348e-02	3.878459190935449885e-01	1.726352038223840091e-01	6.076254521514660167e-01	5.764155428855219920e-01	3.878459190935449885e-01	3.878459190935449885e-01	3.878459190935449885e-01	3.878459190935449885e-01	4.993694257293069816e-01	3.878459190935449885e-01	3.878459190935449885e-01	3.878459190935449885e-01	3.091128478720580053e-01	1.122451566456710015e-01	3.878459190935449885e-01	1.208096766614149969e-01	5.378717682568320280e-01	3.878459190935449885e-01	3.878459190935449885e-01	8.169782742563439989e-03	3.878459190935449885e-01	5.654642944822340089e-01	5.172557036637469574e-01	3.878459190935449885e-01	3.878459190935449885e-01	5.101610004312230329e-01	3.878459190935449885e-01	3.878459190935449885e-01	3.878459190935449885e-01	5.692877835116529894e-01	3.878459190935449885e-01	5.038440353092720203e-01	4.878935988344150210e-01	4.132694635483000201e-01	3.878459190935449885e-01	3.878459190935449885e-01	3.878459190935449885e-01	5.219605444274779682e-01	6.360423654455630293e-01	3.878459190935449885e-01	3.878459190935449885e-01	4.229240756591660100e-01	4.970384571796520046e-01	3.878459190935449885e-01	5.958942904491769665e-01	5.910813843663389466e-01	3.878459190935449885e-01	3.878459190935449885e-01	3.878459190935449885e-01	5.414287880264609942e-01	5.679923355520809514e-01	5.840088608278389826e-01	3.878459190935449885e-01	4.823186947358150123e-01
