1.000000000000309974e+00	4.867272886017469657e-01	8.398558934817229593e-01	5.732260642836739528e-01	5.829629340663730064e-01	4.867272886017469657e-01	6.225362558302960370e-01	4.867272886017469657e-01	6.206086186113409786e-01	5.379343573391529576e-01	4.867272886017469657e-01	4.867272886017469657e-01	4.867272886017469657e-01	4.867272886017469657e-01	4.867272886017469657e-01	4.867272886017469657e-01	4.908515817141009818e-01	5.790646251394739874e-01	4.867272886017469657e-01	4.867272886017469657e-01	4.867272886017469657e-01	4.867272886017469657e-01	5.329092573866479610e-01	5.321753751121479636e-01	5.339247822029240531e-01	6.332247073133679960e-01	5.930498875183140006e-01	4.867272886017469657e-01	4.867272886017469657e-01	4.996427256102179970e-01	4.867272886017469657e-01	4.867272886017469657e-01	6.346828400330399855e-01	4.867272886017469657e-01	4.870760429436319927e-01	4.867272886017469657e-01	4.867272886017469657e-01	6.327192562103459705e-01	4.765420334453759899e-01	4.867272886017469657e-01	4.867272886017469657e-01	4.867272886017469657e-01	5.816917713627099973e-01	4.564303422705400237e-01	4.867272886017469657e-01	4.805589073738890105e-01	4.867272886017469657e-01	4.867272886017469657e-01	4.867272886017469657e-01	5.615686217226849575e-01	4.867272886017469657e-01	5.093390424412800321e-01	5.250186747395809705e-01	4.867272886017469657e-01	5.095680629047329990e-01	4.867272886017469657e-01	3.801228417976810214e-01	4.867272886017469657e-01	5.029734505787469834e-01	4.867272886017469657e-01	5.648304013307380300e-01	5.312817754149019578e-01	4.867272886017469657e-01	4.639606103666650272e-01	4.224067791875290023e-01	4.867272886017469657e-01	4.867272886017469657e-01	4.867272886017469657e-01	4.649247237331239901e-01	4.867272886017469657e-01	4.663425732620259945e-01	4.867272886017469657e-01	5.785835217916750484e-01	4.867272886017469657e-01	4.867272886017469657e-01	3.758127799714229833e-01	6.407430698037870354e-01	6.230137326543060405e-01	4.867272886017469657e-01	5.922296249584180217e-01	6.207284393040539694e-01	4.438049927754330048e-01	4.867272886017469657e-01	5.749682970337669508e-01	4.529682109506210086e-01	4.442167167194649990e-01	5.600121430961489954e-01	6.580588559183759845e-01	4.867272886017469657e-01	4.867272886017469657e-01	4.867272886017469657e-01	5.850850081631440158e-01	4.412026906377909952e-01	4.867272886017469657e-01	4.006453089257169808e-01	6.065041186471740176e-01	4.867272886017469657e-01	4.867272886017469657e-01	5.074108687811590412e-01	4.867272886017469657e-01	4.867272886017469657e-01	4.411422010155630069e-01	4.118350683428009806e-01	4.867272886017469657e-01	4.127633564849860215e-01	4.504900087934859965e-01	6.029062306387490411e-01	5.490571721171799702e-01	4.867272886017469657e-01	4.725964635815440018e-01	4.867272886017469657e-01	4.867272886017469657e-01	5.643527259090620474e-01	6.010304139527530287e-01	6.279465248821579637e-01	7.426771477965999901e-01	8.055387664313180540e-01	8.214605469040130448e-01	7.810524881533670305e-01	5.442732876247380336e-01	4.867272886017469657e-01	4.867272886017469657e-01	4.867272886017469657e-01	6.083142174376410249e-01
4.867272886017469657e-01	1.000000000000069944e+00	4.867272886017469657e-01	4.867272886017469657e-01	4.867272886017469657e-01	4.867272886017469657e-01	5.603886425836860363e-01	4.867272886017469657e-01	5.313955431472310309e-01	4.867272886017469657e-01	5.547119743603009523e-01	4.867272886017469657e-01	5.305176235167660126e-01	4.867272886017469657e-01	1.000000000000000021e-03	5.261530397943250392e-01	4.867272886017469657e-01	4.867272886017469657e-01	4.821048969849829890e-01	5.050268905988829493e-01	4.867272886017469657e-01	4.130764492683199895e-01	4.867272886017469657e-01	4.867272886017469657e-01	4.867272886017469657e-01	5.628224264704190238e-01	4.867272886017469657e-01	4.867272886017469657e-01	4.867272886017469657e-01	4.867272886017469657e-01	5.388751121432500124e-01	5.008387157708380499e-01	5.259137811837210075e-01	5.727465244121809906e-01	3.988388807843120110e-01	4.867272886017469657e-01	4.867272886017469657e-01	5.669274985945750300e-01	4.867272886017469657e-01	5.017532641128840121e-01	3.667559940607120206e-01	4.863180825407980024e-01	4.867272886017469657e-01	3.902224064054000130e-01	4.867272886017469657e-01	4.120797845832939732e-01	4.867272886017469657e-01	4.867272886017469657e-01	4.867272886017469657e-01	4.867272886017469657e-01	5.666356728604839965e-01	4.867272886017469657e-01	4.867272886017469657e-01	4.867272886017469657e-01	4.867272886017469657e-01	4.867272886017469657e-01	4.867272886017469657e-01	4.867272886017469657e-01	4.867272886017469657e-01	4.867272886017469657e-01	4.867272886017469657e-01	4.654059277291690000e-01	4.867272886017469657e-01	3.774154409412029954e-01	4.867272886017469657e-01	5.198789451423739827e-01	4.648435637771439755e-01	4.867272886017469657e-01	4.867272886017469657e-01	3.210233445814970055e-01	4.107494712653109725e-01	4.867272886017469657e-01	4.867272886017469657e-01	5.599126785693320230e-01	4.867272886017469657e-01	4.867272886017469657e-01	5.778920556764439720e-01	5.534917235620669951e-01	4.867272886017469657e-01	4.867272886017469657e-01	5.528344789549130001e-01	3.907046765071710004e-01	4.867272886017469657e-01	4.867272886017469657e-01	4.867272886017469657e-01	4.867272886017469657e-01	4.830438253567440055e-01	4.867272886017469657e-01	4.867272886017469657e-01	4.867272886017469657e-01	5.507081110025060511e-01	4.867272886017469657e-01	4.867272886017469657e-01	3.651347001442329931e-01	3.555059641741110110e-01	4.867272886017469657e-01	5.782509370521869974e-01	3.576206243146040076e-01	4.445599329659489785e-01	4.867272886017469657e-01	5.332019892159070018e-01	4.867272886017469657e-01	3.432724951058560015e-01	4.867272886017469657e-01	3.360690953499830269e-01	4.867272886017469657e-01	4.867272886017469657e-01	4.654558462361479965e-01	4.216892168885579828e-01	3.951178842948749881e-01	4.867272886017469657e-01	4.867272886017469657e-01	4.867272886017469657e-01	4.867272886017469657e-01	5.454345108925430230e-01	6.577949906816450421e-01	7.120763039185680210e-01	7.417652712442199814e-01	6.670520405136870501e-01	4.867272886017469657e-01	5.884912752768509669e-01	4.867272886017469657e-01	4.867272886017469657e-01	4.867272886017469657e-01
8.398558934817229593e-01	4.867272886017469657e-01	1.000000000000089928e+00	5.428386331389559727e-01	5.367032675359220129e-01	4.867272886017469657e-01	4.867272886017469657e-01	4.867272886017469657e-01	4.867272886017469657e-01	4.945607041019660088e-01	4.867272886017469657e-01	4.867272886017469657e-01	4.867272886017469657e-01	5.111802161886159768e-01	4.867272886017469657e-01	5.587062810749949815e-01	5.436499222332410453e-01	5.949150455351249756e-01	5.045326600757680247e-01	4.867272886017469657e-01	4.867272886017469657e-01	3.660906992185650188e-01	5.029087328804290324e-01	4.886097928514629984e-01	5.248051488829830191e-01	4.867272886017469657e-01	5.543218069723240271e-01	4.867272886017469657e-01	4.867272886017469657e-01	5.060482004358599628e-01	5.706246795997339527e-01	4.867272886017469657e-01	6.367746156637440480e-01	6.116857608043100303e-01	4.867272886017469657e-01	5.866583220808250232e-01	4.867272886017469657e-01	4.867272886017469657e-01	4.734280367687199731e-01	4.827641203702179862e-01	4.802298248380060253e-01	4.817349123836809910e-01	4.867272886017469657e-01	4.867272886017469657e-01	4.867272886017469657e-01	4.867272886017469657e-01	4.867272886017469657e-01	5.261658327823169889e-01	5.028256488482190090e-01	5.192987801929650482e-01	4.867272886017469657e-01	4.521666405049080129e-01	4.909859475987680133e-01	4.867272886017469657e-01	4.867272886017469657e-01	6.681145296642050369e-01	3.300292249005870038e-01	4.867272886017469657e-01	4.867272886017469657e-01	4.867272886017469657e-01	4.867272886017469657e-01	5.086182493152520134e-01	4.867272886017469657e-01	4.661431635197270107e-01	4.427046611310869739e-01	4.867272886017469657e-01	4.867272886017469657e-01	4.867272886017469657e-01	4.221404874308259947e-01	4.867272886017469657e-01	4.236856040374110122e-01	4.867272886017469657e-01	4.867272886017469657e-01	6.126217402294980019e-01	4.867272886017469657e-01	3.188636802838890061e-01	4.867272886017469657e-01	5.842914905939570192e-01	5.756836366265180027e-01	4.867272886017469657e-01	6.211622007731399941e-01	4.187065768997160209e-01	4.084849959400930208e-01	4.867272886017469657e-01	4.867272886017469657e-01	4.709158511514440204e-01	4.867272886017469657e-01	4.867272886017469657e-01	7.628997181990500032e-01	4.867272886017469657e-01	5.178663267794449965e-01	4.867272886017469657e-01	4.867272886017469657e-01	4.002171680578989754e-01	4.867272886017469657e-01	4.867272886017469657e-01	5.891376469595269727e-01	4.867272886017469657e-01	4.867272886017469657e-01	4.867272886017469657e-01	6.048424081710930267e-01	4.867272886017469657e-01	4.867272886017469657e-01	3.031645763795480231e-01	4.293094615989910268e-01	4.274946799424980126e-01	5.383420204827420452e-01	5.728134865118910124e-01	4.080293252836619811e-01	4.650794547875179985e-01	4.867272886017469657e-01	5.944103581397790492e-01	5.476253373919920397e-01	5.431956042172749743e-01	6.002235209296139518e-01	7.267386281813580373e-01	4.867272886017469657e-01	4.867272886017469657e-01	4.867272886017469657e-01	4.867272886017469657e-01	6.152116125608849684e-01	6.016581081952749877e-01	4.867272886017469657e-01	5.883384065545109731e-01
5.732260642836739528e-01	4.867272886017469657e-01	5.428386331389559727e-01	9.999999999998450129e-01	5.466958632510979799e-01	4.867272886017469657e-01	4.867272886017469657e-01	5.076046272690579730e-01	5.220741479136620233e-01	5.194098743124140327e-01	5.477154248591250552e-01	4.850872500681360222e-01	4.867272886017469657e-01	5.162043824351899568e-01	4.867272886017469657e-01	4.867272886017469657e-01	4.288533659270710174e-01	4.867272886017469657e-01	4.867272886017469657e-01	5.176533384178070296e-01	5.431316168225299723e-01	4.867272886017469657e-01	4.867272886017469657e-01	4.867272886017469657e-01	5.566084955974770487e-01	4.867272886017469657e-01	4.867272886017469657e-01	4.867272886017469657e-01	4.867272886017469657e-01	4.751564095843249791e-01	4.867272886017469657e-01	5.109547044087150436e-01	4.867272886017469657e-01	4.867272886017469657e-01	4.867272886017469657e-01	4.867272886017469657e-01	4.867272886017469657e-01	6.180693071421450302e-01	4.867272886017469657e-01	5.907505885170729609e-01	4.867272886017469657e-01	5.557234756821379795e-01	5.409846619244880195e-01	4.275422339143549744e-01	6.190081722065440273e-01	4.867272886017469657e-01	4.062977843937159994e-01	4.326524133854779963e-01	4.867272886017469657e-01	4.867272886017469657e-01	4.867272886017469657e-01	5.771987510681959588e-01	5.214761800545230086e-01	4.867272886017469657e-01	4.630559269038779791e-01	4.867272886017469657e-01	4.867272886017469657e-01	4.876493254894370133e-01	4.657539967589979790e-01	3.800941677602949764e-01	4.867272886017469657e-01	4.867272886017469657e-01	5.404124768164689785e-01	4.867272886017469657e-01	3.538016840042699784e-01	4.867272886017469657e-01	5.582487711322440260e-01	4.867272886017469657e-01	4.867272886017469657e-01	3.148873149673310223e-01	4.867272886017469657e-01	4.867272886017469657e-01	5.529067299804739655e-01	6.292568258079149768e-01	6.039392695367820085e-01	4.797329927686079798e-01	5.340810451775369616e-01	4.867272886017469657e-01	5.272521743114150228e-01	4.867272886017469657e-01	5.400457270395510045e-01	4.867272886017469657e-01	4.867272886017469657e-01	4.501565029788279770e-01	3.717672810518860005e-01	4.867272886017469657e-01	5.172497930143450384e-01	4.867272886017469657e-01	4.867272886017469657e-01	4.867272886017469657e-01	5.941727211730479796e-01	4.867272886017469657e-01	3.826882663740769908e-01	3.794424069279350165e-01	4.867272886017469657e-01	4.867272886017469657e-01	4.867272886017469657e-01	4.867272886017469657e-01	5.488069894450440245e-01	4.867272886017469657e-01	5.359003519004460481e-01	4.867272886017469657e-01	4.867272886017469657e-01	4.867272886017469657e-01	3.301974494787520142e-01	4.867272886017469657e-01	4.867272886017469657e-01	4.867272886017469657e-01	4.867272886017469657e-01	4.867272886017469657e-01	5.871935866487979494e-01	5.464323156802569637e-01	4.867272886017469657e-01	5.905293722685840407e-01	5.697122277337800522e-01	5.744511226064610288e-01	5.904229432155579937e-01	5.723802752753639478e-01	4.867272886017469657e-01	4.867272886017469657e-01	4.867272886017469657e-01	4.867272886017469657e-01	4.867272886017469657e-01	5.303170570768289682e-01
5.829629340663730064e-01	4.867272886017469657e-01	5.367032675359220129e-01	5.466958632510979799e-01	9.999999999998030464e-01	4.940940848551440001e-01	4.867272886017469657e-01	5.659940643448010400e-01	4.867272886017469657e-01	5.993460592447860114e-01	4.867272886017469657e-01	5.513993687010579903e-01	5.369591691454620452e-01	4.217809808244170067e-01	1.000000000000000021e-03	5.374909136255590081e-01	3.660639431099029784e-01	4.867272886017469657e-01	4.867272886017469657e-01	6.660748687356370379e-01	4.867272886017469657e-01	4.369036561860979995e-01	4.867272886017469657e-01	4.867272886017469657e-01	5.808619131158310189e-01	4.867272886017469657e-01	5.381116733274460273e-01	5.786049386885410151e-01	3.701682447924349861e-01	4.867272886017469657e-01	5.267556517782420178e-01	4.867272886017469657e-01	4.867272886017469657e-01	5.790741426701560002e-01	3.765248455922379778e-01	5.414976702016539578e-01	4.252153910854040153e-01	4.867272886017469657e-01	3.746991636603659859e-01	5.231786973512759786e-01	4.867272886017469657e-01	5.477161912679640032e-01	4.776772761634199838e-01	4.013685080325680166e-01	5.259706125658889508e-01	4.867272886017469657e-01	4.867272886017469657e-01	3.982186709064450270e-01	4.867272886017469657e-01	4.867272886017469657e-01	5.307713564532999806e-01	4.765936620054890271e-01	4.867272886017469657e-01	3.357112260824710037e-01	4.867272886017469657e-01	4.867272886017469657e-01	3.820419220298160168e-01	4.867272886017469657e-01	4.867272886017469657e-01	4.867272886017469657e-01	5.657097229881310474e-01	4.867272886017469657e-01	4.867272886017469657e-01	3.632298883711990167e-01	4.867272886017469657e-01	5.190659795090639683e-01	4.867272886017469657e-01	4.867272886017469657e-01	4.867272886017469657e-01	4.867272886017469657e-01	4.867272886017469657e-01	4.867272886017469657e-01	5.001356175472789767e-01	5.421211426717440496e-01	4.867272886017469657e-01	4.867272886017469657e-01	4.867272886017469657e-01	5.483066605213440248e-01	4.867272886017469657e-01	4.867272886017469657e-01	4.867272886017469657e-01	3.936416102075649959e-01	4.867272886017469657e-01	4.867272886017469657e-01	4.867272886017469657e-01	3.394162999973620032e-01	4.508152666011450149e-01	4.867272886017469657e-01	6.055290950756060386e-01	4.867272886017469657e-01	4.867272886017469657e-01	4.867272886017469657e-01	4.867272886017469657e-01	4.867272886017469657e-01	3.871596752388100082e-01	4.967986186280379801e-01	4.867272886017469657e-01	4.867272886017469657e-01	4.666783183590920148e-01	5.157896118399849517e-01	5.673495323252050193e-01	4.867272886017469657e-01	4.867272886017469657e-01	4.867272886017469657e-01	4.867272886017469657e-01	4.867272886017469657e-01	4.867272886017469657e-01	4.867272886017469657e-01	4.501854209326189848e-01	3.862025850634069890e-01	4.867272886017469657e-01	4.698473409381139776e-01	4.867272886017469657e-01	5.632004749906750485e-01	5.436688214818270470e-01	5.774844772523619607e-01	5.996946162973320060e-01	5.882643140857279906e-01	4.867272886017469657e-01	5.758604385899469547e-01	4.867272886017469657e-01	4.867272886017469657e-01	5.474512311173119761e-01	5.937142484104309670e-01
4.867272886017469657e-01	4.867272886017469657e-01	4.867272886017469657e-01	4.867272886017469657e-01	4.940940848551440001e-01	1.000000000000039968e+00	5.855825695886179849e-01	5.223153104889539655e-01	6.042596165642869499e-01	4.198693809200609861e-01	4.867272886017469657e-01	3.932483226984179736e-01	4.867272886017469657e-01	4.867272886017469657e-01	4.867272886017469657e-01	4.762024422200120122e-01	4.867272886017469657e-01	4.867272886017469657e-01	4.867272886017469657e-01	4.353714853003500251e-01	5.705520522026310548e-01	4.867272886017469657e-01	4.867272886017469657e-01	4.357463891142530077e-01	4.559397976199550118e-01	4.867272886017469657e-01	5.077826498263869892e-01	4.867272886017469657e-01	4.867272886017469657e-01	4.867272886017469657e-01	5.349516006637250465e-01	5.617493142139390327e-01	5.928670264447090110e-01	6.936014735302330481e-01	4.867272886017469657e-01	5.370894792788799554e-01	4.867272886017469657e-01	5.269009892448229815e-01	4.867272886017469657e-01	4.867272886017469657e-01	4.867272886017469657e-01	4.422860304936530040e-01	5.566890690542960485e-01	4.867272886017469657e-01	5.912292193702649579e-01	4.815407835972569939e-01	4.867272886017469657e-01	4.779368694054970113e-01	4.831502431011889809e-01	4.541417809398770045e-01	4.867272886017469657e-01	4.867272886017469657e-01	4.445256617442889802e-01	3.771799576846889823e-01	4.867272886017469657e-01	6.060400523790889782e-01	4.867272886017469657e-01	4.867272886017469657e-01	4.867272886017469657e-01	3.176858318546280091e-01	4.867272886017469657e-01	4.867272886017469657e-01	4.867272886017469657e-01	4.867272886017469657e-01	3.931779303144449789e-01	4.562234591059949884e-01	5.510424718850269743e-01	4.867272886017469657e-01	4.867272886017469657e-01	4.867272886017469657e-01	4.867272886017469657e-01	4.867272886017469657e-01	5.322473346077689627e-01	4.867272886017469657e-01	4.867272886017469657e-01	4.867272886017469657e-01	4.867272886017469657e-01	5.351327812373259940e-01	5.025483792709110054e-01	4.867272886017469657e-01	5.784029231817979788e-01	3.805715997444290011e-01	4.867272886017469657e-01	5.709056383602519880e-01	4.217410605599899998e-01	4.349839167748960067e-01	4.549798360052759727e-01	5.534541158690540197e-01	6.061079228732280111e-01	4.316261771116650103e-01	4.867272886017469657e-01	5.596418784265979607e-01	4.867272886017469657e-01	3.592688619742769873e-01	3.379857431569159854e-01	6.090274210539380340e-01	4.867272886017469657e-01	3.055123557926319733e-01	4.445538823309669874e-01	4.349534919026650237e-01	5.473096266594950077e-01	4.111422022846050184e-01	3.602385757550140011e-01	2.885460600221200211e-01	3.776273742552839763e-01	4.867272886017469657e-01	5.069826040548089940e-01	4.867272886017469657e-01	4.025108469341779904e-01	4.867272886017469657e-01	4.867272886017469657e-01	5.617134935369030302e-01	4.867272886017469657e-01	5.094419164159089686e-01	4.867272886017469657e-01	4.867272886017469657e-01	6.128147017959669762e-01	6.172274275328939463e-01	6.130359685750800258e-01	4.867272886017469657e-01	5.669497648619069574e-01	4.867272886017469657e-01	5.703349565308080127e-01	4.867272886017469657e-01
6.225362558302960370e-01	5.603886425836860363e-01	4.867272886017469657e-01	4.867272886017469657e-01	4.867272886017469657e-01	5.855825695886179849e-01	1.000000000000049960e+00	6.933861538950629733e-01	4.867272886017469657e-01	5.607146797777320391e-01	5.601847259003059909e-01	5.124516262789809984e-01	5.859341489119229696e-01	4.867272886017469657e-01	4.867272886017469657e-01	4.867272886017469657e-01	4.867272886017469657e-01	5.389747755906030280e-01	4.867272886017469657e-01	5.760614641816840242e-01	4.867272886017469657e-01	3.908199173146960081e-01	4.867272886017469657e-01	4.867272886017469657e-01	4.867272886017469657e-01	4.867272886017469657e-01	4.867272886017469657e-01	6.401919801891069461e-01	3.091074773899000205e-01	4.867272886017469657e-01	4.867272886017469657e-01	5.307883718613749524e-01	4.867272886017469657e-01	6.244950026231560480e-01	4.867272886017469657e-01	4.867272886017469657e-01	4.867272886017469657e-01	5.715539568445290319e-01	4.867272886017469657e-01	4.867272886017469657e-01	3.890932445831309927e-01	4.867272886017469657e-01	5.358340787570500252e-01	4.867272886017469657e-01	4.867272886017469657e-01	4.835087385664549875e-01	4.867272886017469657e-01	4.867272886017469657e-01	4.867272886017469657e-01	4.867272886017469657e-01	5.719194858650440416e-01	4.825904730038890200e-01	4.659310734968459822e-01	3.765597437648570134e-01	4.867272886017469657e-01	4.867272886017469657e-01	4.867272886017469657e-01	3.956808274230559919e-01	4.867272886017469657e-01	3.528645436330309915e-01	5.423376471186529546e-01	4.656921377956970143e-01	6.319280658667989492e-01	4.052115063873110157e-01	4.867272886017469657e-01	5.177341289067709518e-01	4.867272886017469657e-01	4.863219397566639901e-01	4.867272886017469657e-01	4.867272886017469657e-01	4.867272886017469657e-01	4.124732862728670013e-01	4.867272886017469657e-01	4.867272886017469657e-01	5.520977396242330304e-01	3.891183735732069993e-01	4.867272886017469657e-01	4.867272886017469657e-01	4.867272886017469657e-01	4.867272886017469657e-01	6.680289273866379940e-01	4.867272886017469657e-01	3.805622419354309782e-01	4.867272886017469657e-01	4.867272886017469657e-01	4.867272886017469657e-01	4.867272886017469657e-01	4.867272886017469657e-01	6.245969810755900298e-01	4.761677470302310144e-01	5.264930407845209714e-01	4.867272886017469657e-01	4.867272886017469657e-01	3.764678649954780187e-01	4.867272886017469657e-01	5.613625982027400374e-01	5.726773323089749956e-01	3.658787415487779748e-01	4.964862219334980065e-01	4.867272886017469657e-01	4.867272886017469657e-01	3.901012276426120140e-01	3.690995071042220133e-01	4.867272886017469657e-01	3.544461947994019813e-01	4.867272886017469657e-01	4.867272886017469657e-01	4.879181404138990263e-01	4.584014763220630173e-01	4.867272886017469657e-01	5.564877854378269539e-01	5.351119334984449916e-01	5.044709104875889638e-01	4.867272886017469657e-01	5.803334482683779605e-01	6.190287006146000248e-01	4.867272886017469657e-01	4.867272886017469657e-01	6.304952239977209549e-01	4.867272886017469657e-01	4.867272886017469657e-01	6.088574441391899628e-01	4.867272886017469657e-01	5.930397381347769503e-01
4.867272886017469657e-01	4.867272886017469657e-01	4.867272886017469657e-01	5.076046272690579730e-01	5.659940643448010400e-01	5.223153104889539655e-01	6.933861538950629733e-01	9.999999999999209521e-01	6.936967295000909806e-01	5.137743151219740234e-01	4.867272886017469657e-01	4.593709486081379856e-01	5.319914057766269577e-01	4.369648553967280247e-01	4.867272886017469657e-01	5.088318808658840453e-01	4.867272886017469657e-01	5.133936208171500093e-01	4.867272886017469657e-01	4.867272886017469657e-01	4.867272886017469657e-01	3.343863870360039847e-01	5.980554820015220319e-01	4.867272886017469657e-01	4.867272886017469657e-01	4.867272886017469657e-01	4.867272886017469657e-01	4.867272886017469657e-01	2.487853114970960122e-01	4.867272886017469657e-01	4.867272886017469657e-01	4.860021456925640027e-01	5.203527562950710506e-01	4.867272886017469657e-01	3.896923803496150085e-01	5.062532402016950428e-01	4.867272886017469657e-01	4.979238094716230134e-01	4.867272886017469657e-01	4.867272886017469657e-01	3.712308326145249970e-01	6.001967565533270488e-01	4.867272886017469657e-01	3.721446776155309943e-01	5.321437840095579741e-01	4.867272886017469657e-01	3.612832808819639863e-01	4.867272886017469657e-01	4.661452790605800089e-01	4.867272886017469657e-01	5.753104084713680511e-01	4.213563280272690226e-01	4.160539867388080015e-01	3.421225289017100213e-01	4.084627424258360229e-01	5.259168508996500124e-01	2.963501288876549955e-01	4.867272886017469657e-01	3.975054303673110079e-01	2.969464148995760167e-01	4.642072147168950225e-01	4.197810905862259800e-01	4.867272886017469657e-01	4.867272886017469657e-01	3.390592308691460222e-01	4.867272886017469657e-01	4.867272886017469657e-01	4.334796514988890070e-01	3.944751742466149902e-01	3.283222180940350010e-01	4.867272886017469657e-01	3.733759931187780046e-01	4.743890175226950223e-01	5.200340337784430389e-01	4.867272886017469657e-01	3.108037075181009912e-01	4.867272886017469657e-01	4.867272886017469657e-01	4.716940263300309910e-01	4.867272886017469657e-01	4.867272886017469657e-01	4.867272886017469657e-01	4.867272886017469657e-01	4.867272886017469657e-01	4.867272886017469657e-01	4.867272886017469657e-01	4.309253119492389983e-01	4.867272886017469657e-01	5.633646825120149915e-01	4.867272886017469657e-01	4.867272886017469657e-01	4.867272886017469657e-01	3.404305277692299958e-01	4.867272886017469657e-01	4.867272886017469657e-01	5.258064506309489961e-01	4.867272886017469657e-01	4.867272886017469657e-01	4.235609081792829911e-01	4.792662210986249893e-01	4.867272886017469657e-01	3.586254046528509765e-01	3.264601120321309891e-01	3.054331057554099949e-01	4.867272886017469657e-01	3.651644862904540045e-01	4.867272886017469657e-01	4.766232859516609799e-01	3.841555918830539817e-01	3.846700810615110155e-01	5.095076813491710155e-01	5.150627381202019794e-01	4.867272886017469657e-01	4.867272886017469657e-01	4.867272886017469657e-01	4.867272886017469657e-01	4.867272886017469657e-01	5.648914281313619501e-01	4.867272886017469657e-01	5.182459420339949885e-01	4.867272886017469657e-01	4.867272886017469657e-01	5.409051716335649962e-01	4.867272886017469657e-01
6.206086186113409786e-01	5.313955431472310309e-01	4.867272886017469657e-01	5.220741479136620233e-01	4.867272886017469657e-01	6.042596165642869499e-01	4.867272886017469657e-01	6.936967295000909806e-01	1.000000000000270006e+00	4.972181074188249950e-01	4.886518334662440233e-01	4.140650900708249815e-01	5.770406305009400105e-01	4.867272886017469657e-01	1.000000000000000021e-03	5.183111779735920521e-01	5.421316273573719702e-01	4.867272886017469657e-01	4.645221083747220203e-01	4.743808763112289939e-01	4.867272886017469657e-01	3.266277996527959804e-01	5.465617292855290410e-01	4.583354739432090041e-01	5.830646989322929574e-01	6.016046680143110059e-01	4.867272886017469657e-01	4.867272886017469657e-01	4.867272886017469657e-01	5.156891430579589874e-01	5.545764361436069656e-01	4.867272886017469657e-01	4.867272886017469657e-01	4.867272886017469657e-01	4.867272886017469657e-01	4.867272886017469657e-01	4.867272886017469657e-01	5.160641098689709994e-01	4.794343827742910125e-01	4.867272886017469657e-01	4.867272886017469657e-01	4.867272886017469657e-01	6.065572007781639963e-01	4.867272886017469657e-01	4.867272886017469657e-01	5.234762105826900047e-01	4.230479081228509797e-01	4.867272886017469657e-01	4.756881215420660225e-01	4.867272886017469657e-01	6.164962765773139841e-01	4.304783243012130223e-01	4.540653897672909944e-01	3.966644255337279934e-01	4.867272886017469657e-01	6.014395045049719668e-01	3.060192105070840274e-01	3.083041609726229759e-01	4.521040302258290122e-01	4.867272886017469657e-01	4.867272886017469657e-01	4.582311745465439956e-01	4.867272886017469657e-01	4.351487291815859804e-01	4.867272886017469657e-01	4.666439737256959930e-01	5.353963063701130398e-01	4.867272886017469657e-01	4.218773945271129810e-01	4.867272886017469657e-01	4.021055019122040108e-01	4.867272886017469657e-01	4.867272886017469657e-01	5.558519997729309825e-01	5.486751646205919597e-01	4.867272886017469657e-01	5.956821230540250145e-01	5.213383799543459540e-01	5.182984932772529696e-01	5.111799577457509791e-01	4.867272886017469657e-01	3.884421157025489957e-01	3.896310968101939776e-01	4.867272886017469657e-01	4.373732700446750221e-01	4.867272886017469657e-01	4.795949855370659765e-01	4.867272886017469657e-01	5.815415905955350073e-01	4.511607295350920088e-01	4.635614702052969771e-01	5.455375024065509670e-01	4.867272886017469657e-01	3.793520273960029887e-01	4.867272886017469657e-01	4.867272886017469657e-01	4.867272886017469657e-01	3.222003256764029988e-01	4.585804710041320176e-01	4.867272886017469657e-01	4.867272886017469657e-01	4.867272886017469657e-01	4.867272886017469657e-01	2.921405571734809747e-01	4.066417400627330148e-01	4.867272886017469657e-01	4.931017285886359902e-01	5.777920017406330544e-01	4.867272886017469657e-01	4.403196536804749872e-01	5.238469216514010096e-01	6.060311489321239531e-01	4.867272886017469657e-01	4.881406829798020097e-01	4.867272886017469657e-01	5.895898314720640077e-01	5.866315283253450419e-01	4.867272886017469657e-01	4.867272886017469657e-01	4.867272886017469657e-01	4.867272886017469657e-01	5.622355631930999742e-01	5.842857797958550536e-01	5.472526637428359875e-01
5.379343573391529576e-01	4.867272886017469657e-01	4.945607041019660088e-01	5.194098743124140327e-01	5.993460592447860114e-01	4.198693809200609861e-01	5.607146797777320391e-01	5.137743151219740234e-01	4.972181074188249950e-01	1.000000000000140110e+00	6.040971342295770041e-01	5.205911458056420305e-01	4.867272886017469657e-01	4.240739390852670265e-01	4.867272886017469657e-01	4.867272886017469657e-01	3.436058252008519776e-01	4.867272886017469657e-01	4.867272886017469657e-01	4.867272886017469657e-01	4.867272886017469657e-01	4.867272886017469657e-01	4.867272886017469657e-01	4.867272886017469657e-01	5.288372909820380219e-01	6.443423188243999622e-01	5.266454534248460329e-01	5.191493339588130196e-01	3.716648404875850242e-01	3.619675520814920056e-01	4.867272886017469657e-01	4.114882690910440233e-01	4.554623868471049941e-01	4.867272886017469657e-01	4.867272886017469657e-01	4.867272886017469657e-01	4.478834262556660173e-01	5.853327982594409562e-01	3.740878821084739903e-01	5.412668879028460500e-01	3.209166677122790023e-01	5.107829121385869531e-01	4.714381304376180082e-01	4.867272886017469657e-01	4.867272886017469657e-01	3.858304457908119933e-01	3.937831068607309803e-01	4.867272886017469657e-01	5.190186463369940162e-01	5.538792855296109652e-01	4.867272886017469657e-01	4.760386424548829765e-01	4.867272886017469657e-01	4.867272886017469657e-01	4.867272886017469657e-01	4.600042481289279839e-01	4.286603015893299951e-01	4.867272886017469657e-01	4.867272886017469657e-01	4.867272886017469657e-01	5.604590703798909557e-01	4.542123756658230094e-01	5.429476628727269993e-01	4.867272886017469657e-01	3.373928481790089973e-01	5.412699738224510115e-01	4.223564096554079939e-01	4.867272886017469657e-01	4.535975333627609851e-01	3.020968390472910103e-01	4.402103918984690001e-01	4.867272886017469657e-01	4.867272886017469657e-01	4.867272886017469657e-01	4.718836323961819734e-01	4.110717777725549915e-01	4.867272886017469657e-01	4.867272886017469657e-01	5.012061901641640116e-01	4.867272886017469657e-01	5.190093947489570203e-01	4.867272886017469657e-01	4.058588410072320185e-01	3.926545796209989780e-01	4.867272886017469657e-01	4.867272886017469657e-01	4.867272886017469657e-01	5.486237308242789545e-01	4.867272886017469657e-01	5.301093046957340293e-01	4.867272886017469657e-01	4.867272886017469657e-01	4.867272886017469657e-01	3.842093501047709747e-01	4.867272886017469657e-01	4.368673992339450196e-01	5.314531690741409742e-01	4.104297033869669931e-01	4.867272886017469657e-01	5.516212929313130120e-01	4.867272886017469657e-01	4.867272886017469657e-01	3.530662307882789785e-01	4.249132660299830277e-01	3.268742902330850075e-01	4.627777926836689759e-01	4.867272886017469657e-01	4.867272886017469657e-01	4.867272886017469657e-01	4.867272886017469657e-01	4.867272886017469657e-01	4.795045939763680209e-01	4.559538024790319999e-01	4.867272886017469657e-01	4.947301772809640230e-01	4.923746952207200267e-01	4.867272886017469657e-01	4.867272886017469657e-01	4.867272886017469657e-01	4.867272886017469657e-01	4.867272886017469657e-01	4.867272886017469657e-01	4.867272886017469657e-01	5.226320905459910238e-01
4.867272886017469657e-01	5.547119743603009523e-01	4.867272886017469657e-01	5.477154248591250552e-01	4.867272886017469657e-01	4.867272886017469657e-01	5.601847259003059909e-01	4.867272886017469657e-01	4.886518334662440233e-01	6.040971342295770041e-01	9.999999999999820144e-01	4.867272886017469657e-01	5.106641236286260099e-01	4.867272886017469657e-01	1.000000000000000021e-03	4.867272886017469657e-01	4.867272886017469657e-01	4.600744895180799987e-01	4.867272886017469657e-01	4.867272886017469657e-01	4.867272886017469657e-01	4.867272886017469657e-01	4.867272886017469657e-01	5.216570209230220190e-01	4.867272886017469657e-01	6.210104497506769849e-01	4.867272886017469657e-01	5.742706163843469547e-01	4.022795187117029769e-01	4.867272886017469657e-01	4.867272886017469657e-01	4.867272886017469657e-01	4.605076159041279760e-01	4.867272886017469657e-01	3.723909441496550121e-01	4.867272886017469657e-01	4.195176313003249891e-01	5.700483967661880147e-01	3.643228302386820050e-01	4.867272886017469657e-01	4.867272886017469657e-01	5.337765631204770544e-01	4.867272886017469657e-01	4.867272886017469657e-01	4.867272886017469657e-01	3.958551704578309738e-01	4.867272886017469657e-01	3.881342276445909900e-01	5.517855789447949633e-01	5.197756003835279914e-01	4.867272886017469657e-01	4.867272886017469657e-01	4.867272886017469657e-01	4.867272886017469657e-01	4.189145006425369910e-01	4.557345889742420164e-01	4.867272886017469657e-01	4.791126462373769823e-01	4.049298817277809936e-01	3.576477943575530061e-01	5.791012884597029897e-01	4.867272886017469657e-01	4.867272886017469657e-01	3.675014634703370198e-01	4.867272886017469657e-01	4.867272886017469657e-01	4.233857240139800027e-01	4.400534169337290136e-01	4.867272886017469657e-01	2.841582492501389945e-01	4.867272886017469657e-01	4.867272886017469657e-01	4.896538052523840001e-01	4.867272886017469657e-01	4.912530190771480232e-01	4.391498627923899889e-01	5.635652571638609665e-01	4.867272886017469657e-01	4.867272886017469657e-01	4.867272886017469657e-01	4.867272886017469657e-01	4.867272886017469657e-01	3.734266314874229997e-01	4.867272886017469657e-01	3.303308994341510041e-01	3.167087399797759995e-01	4.554103729024550073e-01	4.867272886017469657e-01	6.014673267428140013e-01	4.867272886017469657e-01	5.485451154094710402e-01	4.867272886017469657e-01	4.867272886017469657e-01	3.594518324353109806e-01	4.867272886017469657e-01	4.867272886017469657e-01	4.867272886017469657e-01	4.867272886017469657e-01	4.560884433471960042e-01	4.867272886017469657e-01	4.867272886017469657e-01	3.279189274818130051e-01	3.379616057071210267e-01	4.521266587109620261e-01	4.867272886017469657e-01	4.867272886017469657e-01	5.491350813544300102e-01	4.867272886017469657e-01	4.529110594562790193e-01	4.867272886017469657e-01	5.356929132836719676e-01	4.867272886017469657e-01	4.383050999396280178e-01	5.460410617667730282e-01	5.153925220313160249e-01	5.517985226670839571e-01	4.867272886017469657e-01	4.867272886017469657e-01	4.867272886017469657e-01	4.867272886017469657e-01	4.867272886017469657e-01	6.015389971119560197e-01	5.393693826814399683e-01	5.597345426040120087e-01
4.867272886017469657e-01	4.867272886017469657e-01	4.867272886017469657e-01	4.850872500681360222e-01	5.513993687010579903e-01	3.932483226984179736e-01	5.124516262789809984e-01	4.593709486081379856e-01	4.140650900708249815e-01	5.205911458056420305e-01	4.867272886017469657e-01	1.000000000000089928e+00	4.867272886017469657e-01	3.707286767413520145e-01	4.867272886017469657e-01	4.867272886017469657e-01	4.867272886017469657e-01	4.867272886017469657e-01	4.867272886017469657e-01	5.564930364263569462e-01	4.867272886017469657e-01	4.867272886017469657e-01	5.402995678716350225e-01	4.867272886017469657e-01	4.867272886017469657e-01	5.354111111484249896e-01	4.899520017086940182e-01	5.071383358695940036e-01	4.867272886017469657e-01	4.867272886017469657e-01	4.391429832988730242e-01	4.867272886017469657e-01	4.867272886017469657e-01	5.018989844833170455e-01	3.382167724614689730e-01	4.867272886017469657e-01	4.867272886017469657e-01	5.388030482857479875e-01	3.300963436857859978e-01	5.165601722361039538e-01	2.697383576784300185e-01	4.840322128637800092e-01	4.867272886017469657e-01	3.818887375151360231e-01	4.867272886017469657e-01	4.867272886017469657e-01	3.341107220705760161e-01	4.867272886017469657e-01	4.867272886017469657e-01	5.204219624884249829e-01	4.841707105139609890e-01	4.621345856698260146e-01	4.867272886017469657e-01	4.867272886017469657e-01	3.961172417416479741e-01	3.966785278694350270e-01	4.867272886017469657e-01	4.867272886017469657e-01	3.712748259359660019e-01	3.522363633947209749e-01	5.632745982092689507e-01	4.242913856914750093e-01	6.311655067191790369e-01	3.268869150193680073e-01	4.867272886017469657e-01	4.723369087854589754e-01	3.715371989452370127e-01	4.867272886017469657e-01	4.159905890783510141e-01	2.525451693909500084e-01	4.867272886017469657e-01	4.867272886017469657e-01	4.597487492485070049e-01	4.857398258443699768e-01	4.867272886017469657e-01	4.584450693510719876e-01	4.867272886017469657e-01	4.947446438373029887e-01	4.140783951286799991e-01	4.564398092672680152e-01	5.091056649359719799e-01	3.799739686472309863e-01	3.214316661451310231e-01	3.449685389614239872e-01	4.867272886017469657e-01	2.847869506745410173e-01	4.177812849764779846e-01	4.867272886017469657e-01	4.867272886017469657e-01	4.867272886017469657e-01	5.023508419157249882e-01	4.867272886017469657e-01	2.850625058813640034e-01	4.867272886017469657e-01	4.867272886017469657e-01	4.867272886017469657e-01	4.867272886017469657e-01	4.867272886017469657e-01	4.867272886017469657e-01	4.867272886017469657e-01	4.894514809997400073e-01	2.935903096464430040e-01	3.157423552922030141e-01	4.428251805522059881e-01	4.867272886017469657e-01	4.867272886017469657e-01	5.267065646531710055e-01	3.412249075456300074e-01	4.867272886017469657e-01	3.472503571469520156e-01	4.991715518919410122e-01	4.867272886017469657e-01	3.892099141960659869e-01	5.313338369088630442e-01	4.867272886017469657e-01	5.051981135258929445e-01	4.867272886017469657e-01	4.867272886017469657e-01	5.110531856681369556e-01	5.577662371020869481e-01	6.274216912984019734e-01	6.474733467571850420e-01	4.867272886017469657e-01	5.948784813966829788e-01
