1.000000000000000000e+00	5.164764108475469739e-02	6.236899427362210119e-02	2.104157644066129984e-01	4.150656973851760134e-01	1.711842872138180094e-01	2.159797027415089887e-01	2.564803570587360082e-01	3.888894607352140209e-01	1.327486537399600042e-01	2.558357348245339780e-01	2.558357348245339780e-01	2.558357348245339780e-01	8.133292848908830249e-04	5.101411254600950462e-01	2.699567391329750210e-01	2.878564853295049741e-01	2.558357348245339780e-01	2.558357348245339780e-01	4.586731995903600145e-01	2.609089936602630028e-02	6.921343809469809871e-01	2.558357348245339780e-01	2.558357348245339780e-01	3.748623206343310033e-01	2.558357348245339780e-01	2.558357348245339780e-01	2.578906005566570236e-01	2.558357348245339780e-01	2.489691115675830013e-01	2.032992288082579868e-01	6.348043201631200505e-01	5.560163671329350077e-01	2.342580431566030075e-01	2.558357348245339780e-01	2.558357348245339780e-01	2.558357348245339780e-01	3.825535023992889805e-01	2.558357348245339780e-01	3.815644582362819892e-01	2.558357348245339780e-01	2.558357348245339780e-01	2.558357348245339780e-01	6.003390154943419876e-01	5.119090019973849826e-01	2.285911430401000102e-02	5.683390826193199935e-02	2.558357348245339780e-01	3.346320469373990081e-01	2.558357348245339780e-01	2.558357348245339780e-01	2.558357348245339780e-01	2.462536416995000088e-01	5.780044122899480330e-01	2.558357348245339780e-01	2.558357348245339780e-01	2.558357348245339780e-01	6.470822045586019922e-01	2.558357348245339780e-01	5.754527602638539463e-01	2.558357348245339780e-01	3.379516100737720019e-02	2.558357348245339780e-01	2.558357348245339780e-01	2.558357348245339780e-01	2.558357348245339780e-01	2.558357348245339780e-01	2.558357348245339780e-01	4.594510510748889831e-01	2.558357348245339780e-01	2.558357348245339780e-01	6.002825050205770063e-01	2.558357348245339780e-01	4.163962858931219979e-01	2.558357348245339780e-01	3.610983953125399687e-02	2.558357348245339780e-01	2.558357348245339780e-01	2.558357348245339780e-01	2.558357348245339780e-01	4.708349486359589831e-01	2.558357348245339780e-01	4.411312266067379806e-01	3.110768733605339884e-02	5.991252118506660285e-01	6.307092549720110242e-01	2.558357348245339780e-01	4.251697074868729942e-01	2.558357348245339780e-01	1.218360959277299954e-01	2.558357348245339780e-01	5.118541334273989801e-02	5.098890705581470284e-01	2.558357348245339780e-01	2.558357348245339780e-01	2.558357348245339780e-01	2.558357348245339780e-01	6.734952023853919556e-01	6.938794553475450266e-01	4.600677855907009950e-01	2.558357348245339780e-01	1.730411898846229840e-02	2.558357348245339780e-01	2.558357348245339780e-01	2.558357348245339780e-01	2.558357348245339780e-01	2.558357348245339780e-01	2.558357348245339780e-01	2.558357348245339780e-01	2.558357348245339780e-01	5.446198075162670404e-01	2.139057632411009990e-01	1.455400499722540042e-01	7.604797689859130183e-02	2.558357348245339780e-01	2.558357348245339780e-01	2.558357348245339780e-01	2.558357348245339780e-01	6.056463157432789846e-01	2.558357348245339780e-01	5.789089522217240324e-02	2.558357348245339780e-01	2.558357348245339780e-01	2.558357348245339780e-01
5.164764108475469739e-02	1.000000000000000000e+00	2.558357348245339780e-01	2.558357348245339780e-01	1.055282856639299938e-01	1.081149865188080067e-01	1.376901092684360006e-01	2.558357348245339780e-01	2.558357348245339780e-01	2.558357348245339780e-01	2.558357348245339780e-01	2.558357348245339780e-01	6.595889473804909808e-02	2.558357348245339780e-01	2.300753382147860057e-02	6.076657206632730263e-02	2.558357348245339780e-01	5.211281652592000130e-02	2.266519895745720131e-02	2.558357348245339780e-01	6.875795958236420591e-02	1.751676861769119881e-02	1.500756403446379950e-01	1.222352992347520012e-01	5.572535771145099848e-02	2.558357348245339780e-01	2.558357348245339780e-01	7.201565834412609890e-02	2.558357348245339780e-01	6.294258298864910395e-02	2.558357348245339780e-01	2.558357348245339780e-01	2.558357348245339780e-01	1.118916761328690029e-01	2.558357348245339780e-01	2.558357348245339780e-01	2.558357348245339780e-01	5.314199806296229789e-02	1.725369577925160020e-02	2.558357348245339780e-01	2.558357348245339780e-01	8.621117354779890551e-02	2.558357348245339780e-01	2.558357348245339780e-01	1.632385777784450126e-02	2.558357348245339780e-01	1.549457195690210065e-01	2.558357348245339780e-01	2.558357348245339780e-01	1.858552086389569924e-01	2.558357348245339780e-01	2.558357348245339780e-01	2.558357348245339780e-01	2.558357348245339780e-01	1.685477045643839905e-02	1.346839377175829966e-01	2.284566919010510080e-02	1.801850416468190122e-02	1.773077962546789829e-02	2.558357348245339780e-01	1.702459641753180028e-02	2.558357348245339780e-01	1.754028188594190102e-02	4.752707080332110173e-02	2.558357348245339780e-01	2.558357348245339780e-01	2.558357348245339780e-01	1.429937502758550083e-01	2.558357348245339780e-01	2.558357348245339780e-01	2.558357348245339780e-01	2.513383206241969967e-02	1.260578103151810056e-02	2.558357348245339780e-01	5.387741121782749915e-02	1.218705080434560051e-01	2.558357348245339780e-01	2.136413650574970138e-02	9.542798258282760016e-02	2.251792791955080017e-02	2.558357348245339780e-01	2.558357348245339780e-01	2.524290323884920140e-02	2.047203587874260045e-01	2.558357348245339780e-01	1.480496002804740016e-02	1.493373451790219915e-02	2.006821392722139830e-02	2.558357348245339780e-01	2.558357348245339780e-01	8.963521801368259934e-02	2.558357348245339780e-01	5.811475976015000044e-02	2.514152268194609977e-02	1.525089875606940037e-02	2.558357348245339780e-01	2.558357348245339780e-01	1.550786731407810017e-02	1.729434817049799872e-02	2.558357348245339780e-01	2.558357348245339780e-01	2.558357348245339780e-01	2.558357348245339780e-01	2.558357348245339780e-01	2.558357348245339780e-01	2.558357348245339780e-01	2.157510963657099934e-01	1.910367711881739983e-02	1.391363796652710094e-01	1.204688123358219932e-02	2.558357348245339780e-01	5.585534081665279732e-02	2.558357348245339780e-01	2.558357348245339780e-01	1.648156637676150005e-01	4.532377374132780246e-02	2.558357348245339780e-01	2.558357348245339780e-01	5.492980630593959773e-02	1.493830404275629971e-02	2.471419199607139960e-01	2.291567024343110076e-02	7.967815324849769967e-03	1.701818715774780152e-02
6.236899427362210119e-02	2.558357348245339780e-01	1.000000000000000000e+00	2.558357348245339780e-01	2.558357348245339780e-01	1.300797616279709967e-01	2.558357348245339780e-01	2.558357348245339780e-01	1.792948658853910082e-01	2.670060765126079927e-01	1.462404536801809873e-01	2.863901945062279908e-01	2.558357348245339780e-01	2.558357348245339780e-01	2.558357348245339780e-01	1.404523292354210029e-01	1.282921281005960090e-01	1.122503706222840042e-01	2.558357348245339780e-01	2.582455581919140125e-02	2.558357348245339780e-01	2.558357348245339780e-01	2.542746955224399752e-01	2.241881318533789913e-01	2.558357348245339780e-01	2.558357348245339780e-01	5.163670303643679710e-02	2.558357348245339780e-01	2.056641549932779894e-02	2.558357348245339780e-01	7.305006883476000690e-02	2.244650044198870029e-02	1.801002526772560106e-02	2.558357348245339780e-01	3.008743118848530157e-02	2.558357348245339780e-01	6.351845708803970092e-02	1.035430240073030028e-01	2.558357348245339780e-01	1.370983953121049925e-01	2.558357348245339780e-01	2.558357348245339780e-01	6.228538678644349874e-02	1.939450080559470060e-02	2.558357348245339780e-01	2.558357348245339780e-01	2.558357348245339780e-01	2.558357348245339780e-01	1.766021541007249951e-01	2.558357348245339780e-01	2.884766364851660062e-02	2.558357348245339780e-01	1.314863151613940018e-01	2.636867622407719838e-02	1.688772520395930010e-02	2.558357348245339780e-01	2.138526371407130020e-02	2.558357348245339780e-01	2.558357348245339780e-01	2.558357348245339780e-01	2.558357348245339780e-01	3.090159952859780068e-01	1.752336564941999950e-02	2.558357348245339780e-01	2.558357348245339780e-01	2.558357348245339780e-01	1.367149846573620098e-01	2.597789188287940032e-01	3.308377674917239997e-02	2.558357348245339780e-01	2.558357348245339780e-01	2.558357348245339780e-01	2.558357348245339780e-01	4.285394148793390118e-02	2.558357348245339780e-01	2.878632597781999869e-01	2.558357348245339780e-01	2.558357348245339780e-01	2.558357348245339780e-01	3.850957512139820127e-02	2.558357348245339780e-01	2.357593088096660017e-02	2.070189768504440003e-02	4.208690673135819793e-01	2.558357348245339780e-01	2.558357348245339780e-01	2.989404340755990111e-02	2.558357348245339780e-01	2.558357348245339780e-01	1.999022898750059951e-01	2.558357348245339780e-01	2.765153236073190079e-01	8.633502411145900501e-02	2.558357348245339780e-01	2.871017636434319842e-02	1.676536383312129952e-02	1.101464252866620058e-01	2.558357348245339780e-01	2.558357348245339780e-01	5.938114022294980338e-02	2.558357348245339780e-01	2.833732600294849857e-01	2.558357348245339780e-01	2.558357348245339780e-01	4.189563321329539680e-02	2.558357348245339780e-01	1.608685871903610121e-01	2.558357348245339780e-01	2.558357348245339780e-01	1.333261290531199961e-02	1.682742329850290056e-02	2.558357348245339780e-01	1.006574404393699995e-01	2.558357348245339780e-01	2.558357348245339780e-01	2.558357348245339780e-01	2.558357348245339780e-01	1.109189961611939945e-01	9.283188706214380581e-02	2.165061382904880094e-02	2.558357348245339780e-01	1.997256929323370025e-02	2.558357348245339780e-01	2.558357348245339780e-01
2.104157644066129984e-01	2.558357348245339780e-01	2.558357348245339780e-01	1.000000000000000000e+00	2.558357348245339780e-01	1.671594195515349879e-01	1.467990569874370044e-01	1.856934452553319903e-01	2.558357348245339780e-01	1.990104362078299882e-01	2.558357348245339780e-01	5.438186338149109816e-02	2.558357348245339780e-01	2.558357348245339780e-01	2.189118912536940076e-01	2.182483119542689975e-01	2.558357348245339780e-01	2.558357348245339780e-01	2.558357348245339780e-01	2.558357348245339780e-01	2.558357348245339780e-01	1.815836604651870079e-01	2.558357348245339780e-01	1.824532282452940024e-01	2.715560910797700234e-01	1.926510583977369961e-01	2.542567439747899782e-01	2.558357348245339780e-01	2.558357348245339780e-01	2.558357348245339780e-01	2.558357348245339780e-01	1.597255530502010024e-01	2.558357348245339780e-01	1.987109190980859974e-01	2.558357348245339780e-01	2.558357348245339780e-01	2.106932531302130041e-01	2.558357348245339780e-01	1.804462502631850040e-01	2.558357348245339780e-01	2.558357348245339780e-01	9.223520758739589542e-02	1.945509683825369929e-01	1.457594225931329868e-01	2.558357348245339780e-01	2.558357348245339780e-01	9.844821367608240503e-02	2.558357348245339780e-01	2.558357348245339780e-01	1.534325792225169904e-01	2.558357348245339780e-01	2.558357348245339780e-01	1.598157934737040042e-01	2.558357348245339780e-01	2.558357348245339780e-01	1.461922792209419952e-01	1.558343497984610027e-01	1.796792515622880060e-01	1.392149877876769914e-01	2.558357348245339780e-01	1.489251558027800126e-01	6.430962617339310017e-02	1.510287233217179892e-01	3.627289740383449982e-03	2.280084915959020020e-01	2.558357348245339780e-01	2.558357348245339780e-01	1.614716658957049966e-01	2.558357348245339780e-01	1.135335824705289987e-01	1.901914292527620010e-01	1.798908031573079880e-01	1.426374844454590118e-01	1.488585798483499922e-01	1.736081697662979900e-02	2.558357348245339780e-01	2.558357348245339780e-01	2.558357348245339780e-01	2.558357348245339780e-01	2.558357348245339780e-01	1.879798484460359909e-01	1.852613109190809904e-01	1.412212753223049955e-01	2.558357348245339780e-01	1.556144622230400121e-01	1.920128493055630048e-01	1.703042882392629964e-01	2.558357348245339780e-01	1.000000000000000048e-04	2.558357348245339780e-01	2.558357348245339780e-01	1.045174127019680016e-01	2.134029526875370064e-01	1.409456957864820004e-01	1.655971385128970075e-01	1.637678684666930007e-01	2.558357348245339780e-01	2.558357348245339780e-01	1.838410919286619927e-01	2.558357348245339780e-01	2.794789759836789900e-01	2.558357348245339780e-01	2.558357348245339780e-01	2.558357348245339780e-01	2.191851090137389990e-01	1.958602357341500122e-01	4.983982119580129821e-02	9.177617609188490344e-02	2.558357348245339780e-01	1.146937225799150029e-01	2.558357348245339780e-01	2.082383726503060084e-01	1.429836550553439944e-01	2.558357348245339780e-01	7.563033785907820328e-02	2.028213501563350118e-01	1.607020957466130107e-01	1.965158574235670030e-01	2.558357348245339780e-01	2.558357348245339780e-01	1.118127067828480065e-01	2.558357348245339780e-01	2.558357348245339780e-01	2.558357348245339780e-01
4.150656973851760134e-01	1.055282856639299938e-01	2.558357348245339780e-01	2.558357348245339780e-01	1.000000000000000000e+00	2.558357348245339780e-01	3.855723378389899758e-01	3.340183465196189805e-01	5.063137693609469636e-01	2.551378619825089844e-01	5.261009965307239522e-01	2.558357348245339780e-01	2.558357348245339780e-01	2.558357348245339780e-01	2.708667655917250117e-01	4.521144075470079904e-01	3.405427740908569811e-01	2.558357348245339780e-01	2.558357348245339780e-01	2.558357348245339780e-01	2.558357348245339780e-01	3.226682506353840130e-01	2.300296152914239889e-01	2.704527375274189960e-01	4.336276543290080165e-01	3.911289879339019948e-01	4.157108922944369733e-01	2.843084403758889822e-01	2.377962735290989893e-01	3.363611628698450207e-01	2.558357348245339780e-01	2.785727927400200032e-01	2.558357348245339780e-01	2.686448415138569801e-01	2.558357348245339780e-01	2.558357348245339780e-01	2.558357348245339780e-01	2.558357348245339780e-01	2.558357348245339780e-01	2.558357348245339780e-01	2.558357348245339780e-01	1.442646773275780003e-01	2.558357348245339780e-01	2.558357348245339780e-01	2.346277049608460064e-01	1.204533754336750001e-01	2.558357348245339780e-01	2.833132466320649745e-01	4.395250234616400187e-01	2.558357348245339780e-01	3.041960618833889907e-01	2.726896144614829876e-01	2.558357348245339780e-01	2.631942201482290189e-01	2.558357348245339780e-01	2.558357348245339780e-01	2.558357348245339780e-01	2.558357348245339780e-01	2.128011399066009890e-01	2.558357348245339780e-01	2.558357348245339780e-01	2.558357348245339780e-01	2.291704802734549906e-01	2.558357348245339780e-01	3.702592909841380120e-01	2.558357348245339780e-01	2.440555040041569868e-01	2.372875588012179904e-01	3.308576588127929985e-01	2.558357348245339780e-01	2.558357348245339780e-01	2.558357348245339780e-01	2.558357348245339780e-01	2.287340421760259979e-01	2.558357348245339780e-01	2.558357348245339780e-01	2.558357348245339780e-01	3.522313726136370171e-01	2.341643410425010008e-01	2.802693571809969919e-01	3.248855789427460006e-01	2.942884234372529773e-01	2.537486431120539732e-01	1.211242331168719960e-01	2.477883620007589882e-01	2.558357348245339780e-01	2.558357348245339780e-01	1.726123148800799978e-01	2.558357348245339780e-01	2.558357348245339780e-01	1.536963984115959914e-01	2.558357348245339780e-01	2.558357348245339780e-01	2.258296749916750001e-01	2.558357348245339780e-01	2.558357348245339780e-01	3.030385277022479840e-01	3.188786806531579976e-01	2.558357348245339780e-01	3.529034509306889777e-01	2.558357348245339780e-01	9.263111292326679791e-02	2.993949356611489976e-01	2.558357348245339780e-01	3.986845135879180102e-01	3.099847309277969920e-01	2.558357348245339780e-01	1.102813005616640057e-01	2.056716800625560115e-01	1.791978437146219960e-01	2.558357348245339780e-01	2.574176405674630241e-01	2.418599112979069876e-01	2.558357348245339780e-01	1.335225500318419911e-01	3.008003607562449999e-01	2.499259952527299877e-01	2.558357348245339780e-01	2.558357348245339780e-01	2.558357348245339780e-01	1.603998253636109983e-01	2.382500029005880093e-01	2.558357348245339780e-01	3.268795826865409926e-01
1.711842872138180094e-01	1.081149865188080067e-01	1.300797616279709967e-01	1.671594195515349879e-01	2.558357348245339780e-01	1.000000000000000000e+00	2.558357348245339780e-01	1.400859105323520037e-01	2.391994622535250081e-01	2.001470720025269878e-01	2.558357348245339780e-01	8.471681857437980689e-02	2.558357348245339780e-01	1.186874988393809942e-02	1.196538121833600060e-01	2.558357348245339780e-01	2.558357348245339780e-01	2.558357348245339780e-01	2.558357348245339780e-01	1.216097919211389933e-01	2.558357348245339780e-01	1.254557070788759887e-01	2.558357348245339780e-01	2.558357348245339780e-01	2.558357348245339780e-01	1.451911070662230130e-01	2.558357348245339780e-01	1.892627096856210056e-01	2.558357348245339780e-01	1.796200617104879993e-01	1.661240886237189962e-01	1.046626355783590034e-01	2.558357348245339780e-01	2.424411817490129961e-01	1.321875076656550130e-01	6.629971856775070116e-02	2.558357348245339780e-01	2.558357348245339780e-01	2.558357348245339780e-01	2.558357348245339780e-01	1.058865142976779944e-01	1.058292157274060008e-01	2.558357348245339780e-01	2.558357348245339780e-01	2.558357348245339780e-01	2.558357348245339780e-01	2.558357348245339780e-01	1.116838433521129964e-01	3.091250995452790029e-01	2.558357348245339780e-01	2.558357348245339780e-01	2.558357348245339780e-01	1.948029506693770008e-01	1.058541243384559932e-01	2.558357348245339780e-01	2.558357348245339780e-01	2.558357348245339780e-01	2.558357348245339780e-01	8.179766713706479453e-02	1.153759378768710042e-01	2.558357348245339780e-01	2.558357348245339780e-01	2.558357348245339780e-01	2.558357348245339780e-01	2.558357348245339780e-01	9.874057187171410288e-02	2.558357348245339780e-01	2.558357348245339780e-01	2.558357348245339780e-01	8.317786656742949536e-02	2.558357348245339780e-01	2.558357348245339780e-01	9.864534427623100621e-02	2.558357348245339780e-01	2.558357348245339780e-01	1.171351131778169963e-01	2.558357348245339780e-01	2.558357348245339780e-01	1.416706584900929988e-01	2.558357348245339780e-01	1.017937508583340034e-01	2.558357348245339780e-01	2.558357348245339780e-01	2.558357348245339780e-01	1.117706125876409967e-01	2.558357348245339780e-01	2.558357348245339780e-01	2.558357348245339780e-01	2.558357348245339780e-01	1.732308796661350125e-01	2.558357348245339780e-01	2.558357348245339780e-01	2.558357348245339780e-01	9.948229475726899640e-02	1.152266963352379936e-01	2.558357348245339780e-01	1.651340280063419985e-01	1.165960560826150016e-01	1.260564893322289881e-01	2.558357348245339780e-01	1.834521201587439865e-01	2.558357348245339780e-01	1.091272630488250017e-01	2.558357348245339780e-01	1.497122996821899921e-01	2.558357348245339780e-01	2.558357348245339780e-01	2.558357348245339780e-01	2.558357348245339780e-01	2.558357348245339780e-01	7.875452252810230536e-02	1.757315205526530089e-01	1.235773866096400025e-01	2.558357348245339780e-01	1.156967813707590054e-01	1.317496005502420131e-01	2.558357348245339780e-01	2.037686422729340086e-01	2.558357348245339780e-01	1.174719064197420060e-01	1.434386463284650082e-01	2.558357348245339780e-01	7.133923822755260102e-02	2.558357348245339780e-01
2.159797027415089887e-01	1.376901092684360006e-01	2.558357348245339780e-01	1.467990569874370044e-01	3.855723378389899758e-01	2.558357348245339780e-01	1.000000000000000000e+00	4.529237702920230202e-01	2.558357348245339780e-01	2.588147643063279935e-01	2.558357348245339780e-01	2.558357348245339780e-01	2.558357348245339780e-01	7.956197977413740144e-03	2.558357348245339780e-01	2.558357348245339780e-01	2.558357348245339780e-01	2.558357348245339780e-01	1.526546128822990067e-01	2.558357348245339780e-01	7.949376891591310168e-02	2.558357348245339780e-01	2.558357348245339780e-01	2.558357348245339780e-01	2.558357348245339780e-01	2.558357348245339780e-01	1.871940434071190096e-01	2.558357348245339780e-01	2.558357348245339780e-01	1.742530807858700126e-01	2.558357348245339780e-01	1.303095601095390077e-01	1.382225579821269867e-01	2.558357348245339780e-01	2.150717894474210024e-01	2.558357348245339780e-01	2.525690009132520175e-01	2.558357348245339780e-01	1.380015371481599917e-01	2.558357348245339780e-01	2.558357348245339780e-01	2.558357348245339780e-01	2.558357348245339780e-01	2.558357348245339780e-01	2.558357348245339780e-01	9.799976641391899834e-02	1.534109156037760102e-01	1.789028817777819913e-01	2.106337604709500044e-01	2.558357348245339780e-01	1.304476340140079960e-01	1.487675241378539903e-01	2.558357348245339780e-01	1.387113563939000038e-01	1.508049692122259977e-01	2.558357348245339780e-01	1.728399497774399940e-01	1.470099478175289909e-01	2.558357348245339780e-01	2.558357348245339780e-01	1.226531283286610013e-01	2.558357348245339780e-01	1.482572448637909934e-01	8.106836488448310521e-03	2.052558399651809862e-01	1.755661728781550135e-01	2.558357348245339780e-01	2.082236712225389863e-01	2.558357348245339780e-01	2.558357348245339780e-01	1.244178076640899966e-01	2.558357348245339780e-01	1.273386007821770138e-01	2.002554366066769953e-01	3.012214677033309834e-02	1.223792172013279944e-01	1.494518019645360019e-01	2.558357348245339780e-01	1.851479879227820036e-01	1.545014884944909961e-01	2.558357348245339780e-01	2.558357348245339780e-01	2.558357348245339780e-01	1.165494182092520065e-01	2.558357348245339780e-01	1.387374741413439916e-01	2.558357348245339780e-01	1.228929419106469939e-01	2.558357348245339780e-01	2.558357348245339780e-01	1.566985718845370079e-01	2.558357348245339780e-01	2.558357348245339780e-01	2.558357348245339780e-01	1.449828254257919946e-01	2.558357348245339780e-01	1.701480512961210112e-01	2.558357348245339780e-01	2.558357348245339780e-01	2.558357348245339780e-01	2.558357348245339780e-01	9.785687940052040235e-02	2.558357348245339780e-01	2.558357348245339780e-01	1.810886265837479969e-01	2.558357348245339780e-01	1.486870212854140005e-01	6.572182507241400296e-02	2.558357348245339780e-01	1.124566110880090009e-01	1.247784769872870014e-01	2.558357348245339780e-01	2.558357348245339780e-01	2.558357348245339780e-01	1.446862848544329949e-01	2.558357348245339780e-01	2.558357348245339780e-01	2.874841360647429900e-01	2.558357348245339780e-01	1.186415732073130003e-01	1.635714279344090138e-01	1.608383031942169916e-01	2.558357348245339780e-01	1.306381088476969987e-01
2.564803570587360082e-01	2.558357348245339780e-01	2.558357348245339780e-01	1.856934452553319903e-01	3.340183465196189805e-01	1.400859105323520037e-01	4.529237702920230202e-01	1.000000000000000000e+00	2.558357348245339780e-01	2.558357348245339780e-01	3.195848788836549992e-01	2.558357348245339780e-01	2.558357348245339780e-01	5.564992972369560247e-03	2.558357348245339780e-01	2.662656310009660077e-01	2.558357348245339780e-01	2.558357348245339780e-01	2.558357348245339780e-01	2.108569446003160097e-01	8.855540244053269894e-02	2.075827200507250059e-01	2.558357348245339780e-01	2.115428516055430086e-01	3.713763163822429991e-01	2.558357348245339780e-01	2.558357348245339780e-01	2.489046687126950097e-01	2.558357348245339780e-01	2.558357348245339780e-01	2.558357348245339780e-01	2.558357348245339780e-01	2.558357348245339780e-01	1.861791582804339928e-01	2.647161263567670009e-01	1.213153685073500021e-01	2.558357348245339780e-01	2.460856355035589971e-01	1.853965174547489991e-01	2.599685094534099905e-01	2.489281005479289932e-01	2.558357348245339780e-01	2.374216195660059925e-01	2.283736659845760075e-01	1.631946151439210013e-01	2.558357348245339780e-01	2.558357348245339780e-01	2.328071252375270017e-01	2.558357348245339780e-01	2.558357348245339780e-01	2.558357348245339780e-01	1.771391091527290129e-01	2.386933630065060097e-01	1.730434488834340090e-01	2.558357348245339780e-01	1.568055522489849862e-01	2.460856355035589971e-01	2.558357348245339780e-01	2.558357348245339780e-01	2.558357348245339780e-01	2.558357348245339780e-01	9.146137969540039936e-02	2.010960708933879904e-01	2.558357348245339780e-01	2.558357348245339780e-01	2.558357348245339780e-01	2.558357348245339780e-01	2.026400509436389885e-01	2.558357348245339780e-01	2.274350608959020137e-01	1.918366969553799983e-01	2.558357348245339780e-01	1.698759809138009891e-01	2.558357348245339780e-01	2.558357348245339780e-01	1.042202128085110008e-01	2.558357348245339780e-01	1.826680458779149918e-01	1.919495965259830073e-01	1.984959196524349878e-01	2.401640090314169917e-01	1.792990854320480054e-01	2.442508633151539987e-01	1.007759529659439934e-01	2.545561019655689927e-01	2.558357348245339780e-01	2.558357348245339780e-01	1.628684907570039919e-01	2.558357348245339780e-01	2.888404467154069843e-01	1.211270836689520014e-01	2.558357348245339780e-01	2.558357348245339780e-01	2.116623673383309923e-01	2.558357348245339780e-01	1.326518423983379935e-01	2.022541380713039905e-01	1.857065559586260073e-01	2.558357348245339780e-01	2.558357348245339780e-01	2.937210606046209982e-01	2.558357348245339780e-01	2.558357348245339780e-01	2.558357348245339780e-01	2.168965530888929960e-01	3.036810573844980210e-01	2.558357348245339780e-01	8.722339431107560548e-02	3.010623973837879830e-01	2.558357348245339780e-01	2.558357348245339780e-01	2.558357348245339780e-01	2.558357348245339780e-01	2.558357348245339780e-01	2.558357348245339780e-01	2.755668636566980245e-01	2.558357348245339780e-01	2.558357348245339780e-01	2.950304111325040002e-01	1.636908048620339950e-01	1.443190091894900051e-01	2.558357348245339780e-01	2.558357348245339780e-01	2.558357348245339780e-01
3.888894607352140209e-01	2.558357348245339780e-01	1.792948658853910082e-01	2.558357348245339780e-01	5.063137693609469636e-01	2.391994622535250081e-01	2.558357348245339780e-01	2.558357348245339780e-01	1.000000000000000000e+00	3.118138894454099974e-01	2.558357348245339780e-01	9.136672145653200461e-02	4.053067146518959940e-01	6.467303821695569860e-03	2.558357348245339780e-01	3.394705521355120270e-01	3.577955761090220177e-01	2.558357348245339780e-01	2.558357348245339780e-01	2.558357348245339780e-01	2.558357348245339780e-01	2.558357348245339780e-01	2.558357348245339780e-01	3.374315047467790207e-01	2.558357348245339780e-01	3.481191760902520027e-01	3.811695569156189900e-01	2.558357348245339780e-01	2.733707116661490133e-01	3.658935669354380082e-01	2.696392699919870073e-01	3.010269736938360197e-01	2.558357348245339780e-01	3.488737101296299770e-01	3.073044818312909987e-01	2.134230423983959901e-01	3.607463636515719774e-01	4.104613510921670261e-01	2.558357348245339780e-01	2.558357348245339780e-01	2.558357348245339780e-01	2.029550428355360037e-01	3.893748227078259738e-01	2.677107768468179883e-01	2.558357348245339780e-01	2.558357348245339780e-01	2.558357348245339780e-01	2.558357348245339780e-01	4.352430338268040155e-01	2.558357348245339780e-01	3.330763890280690198e-01	2.558357348245339780e-01	2.558357348245339780e-01	2.558357348245339780e-01	2.315340476847690121e-01	2.558357348245339780e-01	2.696075436190419894e-01	3.518916728728729848e-01	2.301162472898120037e-01	3.680439708334130033e-01	2.558357348245339780e-01	2.558357348245339780e-01	2.462246669330430127e-01	2.558357348245339780e-01	2.558357348245339780e-01	2.558357348245339780e-01	2.558357348245339780e-01	2.469384368157029885e-01	2.970787897858909732e-01	2.191696347569699888e-01	2.558357348245339780e-01	2.937625378427169975e-01	2.848174015058430042e-01	2.558357348245339780e-01	2.918430868257640073e-02	2.558357348245339780e-01	2.830799819942519946e-01	3.408955850349399963e-01	2.558357348245339780e-01	3.106712323521440000e-01	2.558357348245339780e-01	2.558357348245339780e-01	2.558357348245339780e-01	1.295817293942939930e-01	2.558357348245339780e-01	3.158686873232059988e-01	3.112347118875999907e-01	1.955976792773939932e-01	2.558357348245339780e-01	2.257021596499949878e-01	1.603394395474160017e-01	1.565916645072890079e-01	2.558357348245339780e-01	2.558357348245339780e-01	3.204735973722879772e-01	2.537844757243479799e-01	3.326064068982759747e-01	2.558357348245339780e-01	2.558357348245339780e-01	2.558357348245339780e-01	4.316930471069280184e-01	8.246061882731529902e-02	2.558357348245339780e-01	2.558357348245339780e-01	3.755510647263269886e-01	3.088633140130819799e-01	2.558357348245339780e-01	1.244617358521319939e-01	2.558357348245339780e-01	2.558357348245339780e-01	2.258934596759329949e-01	2.558357348245339780e-01	2.558357348245339780e-01	1.389956511003420103e-01	2.558357348245339780e-01	2.558357348245339780e-01	2.558357348245339780e-01	2.558357348245339780e-01	4.387912331008890221e-01	2.558357348245339780e-01	1.251048564749510095e-01	2.558357348245339780e-01	2.558357348245339780e-01	3.145038613759850166e-01
1.327486537399600042e-01	2.558357348245339780e-01	2.670060765126079927e-01	1.990104362078299882e-01	2.551378619825089844e-01	2.001470720025269878e-01	2.588147643063279935e-01	2.558357348245339780e-01	3.118138894454099974e-01	1.000000000000000000e+00	2.558357348245339780e-01	2.558357348245339780e-01	1.859777178361760042e-01	2.558357348245339780e-01	9.574741779091920646e-02	2.558357348245339780e-01	2.558357348245339780e-01	2.558357348245339780e-01	2.558357348245339780e-01	1.126526253891979995e-01	2.558357348245339780e-01	9.250476115019640178e-02	2.894528723427889916e-01	2.914145157988189960e-01	2.775192918580070001e-01	1.239968851174459985e-01	2.558357348245339780e-01	2.558357348245339780e-01	2.558357348245339780e-01	2.558357348245339780e-01	2.558357348245339780e-01	7.501347170809399834e-02	7.059935510090760424e-02	2.025875998451260041e-01	1.151345344992509984e-01	4.646098075919669751e-02	1.667429454797650090e-01	2.094720756790409977e-01	7.992521810253229442e-02	2.341478092664329991e-01	2.558357348245339780e-01	2.414731721138070053e-01	2.558357348245339780e-01	2.558357348245339780e-01	7.942644886124060333e-02	2.558357348245339780e-01	3.370346852774879776e-01	2.558357348245339780e-01	2.558357348245339780e-01	2.558357348245339780e-01	8.085982836752389491e-02	2.558357348245339780e-01	2.848978470364270099e-01	8.205602608469270143e-02	7.624330473298519817e-02	2.508865566084970133e-01	2.558357348245339780e-01	9.901981538598969568e-02	6.614542995062940023e-02	1.075035311422800066e-01	2.558357348245339780e-01	2.558357348245339780e-01	7.353994232154359434e-02	2.558357348245339780e-01	2.558357348245339780e-01	2.558357348245339780e-01	2.558357348245339780e-01	2.558357348245339780e-01	1.094384561473349948e-01	7.778381455218029428e-02	7.406272563956879662e-02	9.430723079659460162e-02	2.558357348245339780e-01	1.267645195863459917e-01	2.558357348245339780e-01	2.558357348245339780e-01	2.558357348245339780e-01	2.558357348245339780e-01	2.438947371971419975e-01	1.031247475276659969e-01	2.558357348245339780e-01	2.558357348245339780e-01	7.685038729020579606e-02	2.542148619587489833e-01	2.558357348245339780e-01	2.558357348245339780e-01	9.295649800554089959e-02	2.558357348245339780e-01	1.000000000000000048e-04	2.558357348245339780e-01	2.558357348245339780e-01	2.558357348245339780e-01	1.447748425725429999e-01	8.490043880478520544e-02	2.558357348245339780e-01	5.910230367547589930e-02	2.558357348245339780e-01	7.712941467966770437e-02	9.227211599927069574e-02	2.558357348245339780e-01	2.558357348245339780e-01	1.539280651022799928e-01	8.635940909210239325e-02	2.182585846385080020e-01	2.558357348245339780e-01	2.558357348245339780e-01	2.558357348245339780e-01	6.731219652518949381e-02	2.558357348245339780e-01	6.471803629130100377e-02	5.555120997195889948e-02	2.558357348245339780e-01	2.558357348245339780e-01	2.281963760158310095e-01	2.558357348245339780e-01	1.206462914405739967e-01	1.177098997894440030e-01	1.294841803408129932e-01	2.558357348245339780e-01	8.070583685164879617e-02	2.273922455605560111e-01	2.558357348245339780e-01	2.558357348245339780e-01	8.660363802888609852e-02
2.558357348245339780e-01	2.558357348245339780e-01	1.462404536801809873e-01	2.558357348245339780e-01	5.261009965307239522e-01	2.558357348245339780e-01	2.558357348245339780e-01	3.195848788836549992e-01	2.558357348245339780e-01	2.558357348245339780e-01	1.000000000000000000e+00	2.558357348245339780e-01	4.728002973824519950e-01	2.558357348245339780e-01	2.558357348245339780e-01	3.461259145645410040e-01	2.558357348245339780e-01	1.245919869869360069e-02	2.558357348245339780e-01	3.844668977247109876e-01	2.558357348245339780e-01	5.030475850789050130e-01	2.558357348245339780e-01	2.558357348245339780e-01	2.558357348245339780e-01	4.774405451590730265e-01	4.693083123675910184e-01	2.558357348245339780e-01	2.558357348245339780e-01	2.558357348245339780e-01	2.547298910705579900e-01	4.350177474569459912e-01	3.278271595653490245e-01	2.558357348245339780e-01	3.904300508233040090e-01	3.419884041975799760e-01	2.558357348245339780e-01	3.913960173086579730e-01	4.442148822337330105e-01	2.558357348245339780e-01	3.988158913251800275e-01	1.322684152931689894e-01	3.973450600183139891e-01	3.770388146046469990e-01	3.922720461539659920e-01	2.558357348245339780e-01	2.558357348245339780e-01	4.114865609425850113e-01	4.553069835352420158e-01	1.938790870697089941e-01	4.185380453523980249e-01	2.558357348245339780e-01	3.518005896703479962e-01	2.558357348245339780e-01	3.281204619290860047e-01	2.560822923850240018e-01	2.558357348245339780e-01	5.075425553775699816e-01	3.267872829315939809e-01	2.558357348245339780e-01	3.787017542048600194e-01	2.558357348245339780e-01	2.558357348245339780e-01	6.929311972319399972e-03	2.558357348245339780e-01	6.262785964767310365e-02	2.912979513648190077e-01	2.558357348245339780e-01	3.706428889928050086e-01	2.558357348245339780e-01	2.558357348245339780e-01	2.558357348245339780e-01	2.558357348245339780e-01	3.088705828389770036e-01	2.558357348245339780e-01	2.558357348245339780e-01	2.558357348245339780e-01	4.085531732797160198e-01	2.213623237397739918e-01	4.756909411677009980e-01	4.804047798093600274e-01	4.688667351375709891e-01	3.524303733848250242e-01	2.558357348245339780e-01	2.558357348245339780e-01	2.558357348245339780e-01	4.320487724449429967e-01	2.789204715892870112e-01	2.558357348245339780e-01	1.949084218332829965e-01	2.558357348245339780e-01	1.200571661997369977e-01	2.558357348245339780e-01	2.558357348245339780e-01	2.558357348245339780e-01	2.558357348245339780e-01	2.558357348245339780e-01	2.558357348245339780e-01	2.558357348245339780e-01	2.558357348245339780e-01	5.803624702168349581e-01	2.558357348245339780e-01	3.775982390363930019e-01	2.558357348245339780e-01	5.132721456713990049e-01	3.999061164949579972e-01	7.195467119855339377e-02	2.558357348245339780e-01	2.558357348245339780e-01	2.639944565150300071e-01	3.412728550336949773e-01	2.558357348245339780e-01	2.558357348245339780e-01	2.558357348245339780e-01	2.558357348245339780e-01	4.030998303739570243e-01	3.531028314071329999e-01	5.308019600650839553e-01	2.558357348245339780e-01	2.558357348245339780e-01	2.558357348245339780e-01	2.558357348245339780e-01	2.558357348245339780e-01	4.431707031174110245e-01
2.558357348245339780e-01	2.558357348245339780e-01	2.863901945062279908e-01	5.438186338149109816e-02	2.558357348245339780e-01	8.471681857437980689e-02	2.558357348245339780e-01	2.558357348245339780e-01	9.136672145653200461e-02	2.558357348245339780e-01	2.558357348245339780e-01	1.000000000000000000e+00	7.214457878981080097e-02	2.558357348245339780e-01	1.207299235466779974e-02	2.558357348245339780e-01	2.558357348245339780e-01	1.203428716562110062e-01	2.558357348245339780e-01	2.558357348245339780e-01	1.596579061730399873e-01	1.157061625344900022e-02	2.558357348245339780e-01	2.558357348245339780e-01	5.317953037182569787e-02	2.558357348245339780e-01	2.029762760079559941e-02	6.358426381928429516e-02	7.206897169604360373e-03	6.376408345112309639e-02	6.406039071404250052e-02	2.558357348245339780e-01	2.558357348245339780e-01	1.338151038303040108e-01	1.282723395842109981e-02	2.558357348245339780e-01	3.647539324881730188e-02	2.558357348245339780e-01	2.558357348245339780e-01	7.317223042851900283e-02	8.689035542378270235e-03	1.322590772709379969e-01	2.628441548798950145e-02	7.766390575502379878e-03	2.558357348245339780e-01	2.185978546109449971e-01	2.558357348245339780e-01	9.345979551636820343e-03	2.558357348245339780e-01	2.558357348245339780e-01	1.445890880185000081e-02	2.132043937660769994e-02	6.582553484522260523e-02	8.724483799696109571e-03	2.558357348245339780e-01	2.296185584799279866e-01	2.558357348245339780e-01	1.272171257455470030e-02	5.609303881719729726e-03	1.566117327718220126e-02	2.558357348245339780e-01	2.890648521799660253e-01	2.558357348245339780e-01	2.558357348245339780e-01	2.558357348245339780e-01	2.908800744273780103e-01	6.681032836099490280e-02	3.222584554078949948e-01	1.585475214215590137e-02	2.558357348245339780e-01	1.187126400571720045e-02	9.609380179900029600e-03	7.072981028535589576e-03	2.558357348245339780e-01	2.558357348245339780e-01	2.377347226376989864e-01	2.558357348245339780e-01	2.052000329766080072e-02	1.842092114041780082e-01	1.341349552966780018e-02	2.558357348245339780e-01	9.215155679526290319e-03	2.558357348245339780e-01	5.790800223396209701e-01	2.558357348245339780e-01	2.558357348245339780e-01	1.031840913806809923e-02	2.558357348245339780e-01	2.558357348245339780e-01	2.558357348245339780e-01	2.558357348245339780e-01	2.814657459180929799e-01	3.389552130772469779e-02	2.558357348245339780e-01	2.558357348245339780e-01	6.291658489545100090e-03	2.558357348245339780e-01	9.387642084225829298e-03	2.558357348245339780e-01	2.558357348245339780e-01	2.558139196504780055e-02	4.390598027885340149e-01	2.558357348245339780e-01	2.558357348245339780e-01	2.558357348245339780e-01	2.558357348245339780e-01	2.243095128854389886e-01	2.137167954017060029e-02	1.219135368565709976e-01	4.649209339792129830e-03	4.915887837858520272e-03	4.043011385005070013e-02	8.916813885603740164e-02	2.558357348245339780e-01	2.558357348245339780e-01	2.558357348245339780e-01	1.457300804819510083e-02	2.558357348245339780e-01	3.913632760026589802e-02	9.472862650041779381e-03	1.664371462706359939e-01	2.558357348245339780e-01	2.558357348245339780e-01	1.216969558897530029e-02
