9.999999999999990008e-01	8.076220981493940076e-01	8.185061410891809608e-01	6.563778433582949656e-01	7.038295853361680177e-01	6.809980607195279534e-01	6.591214494896210363e-01	7.306343756215379903e-01	6.591214494896210363e-01	7.419615855320319531e-01	6.591214494896210363e-01	6.591214494896210363e-01	6.591214494896210363e-01	6.271140377251810394e-01	7.000711977285389853e-01	6.591214494896210363e-01	6.591214494896210363e-01	6.263558824545140125e-01	6.781708346199569748e-01	6.886639373898399974e-01	6.591214494896210363e-01	7.119781147843220470e-01	6.591214494896210363e-01	7.175713500364450104e-01	6.591214494896210363e-01	6.591214494896210363e-01	6.591214494896210363e-01	6.591214494896210363e-01	6.591214494896210363e-01	7.033776262916050515e-01	6.591214494896210363e-01	6.591214494896210363e-01	6.591214494896210363e-01	7.434257543257960510e-01	6.591214494896210363e-01	6.591214494896210363e-01	7.106909690651550537e-01	7.050207680689180023e-01	6.591214494896210363e-01	6.591214494896210363e-01	6.591214494896210363e-01	6.373987570049619578e-01	6.895942906515729609e-01	6.772871160454909667e-01	6.418417296617859868e-01	6.591214494896210363e-01	6.591214494896210363e-01	6.797796522430370469e-01	6.591214494896210363e-01	7.020459047520589690e-01	7.334082658689999867e-01	6.571006687993260487e-01	6.390149994844630532e-01	6.443184014326389653e-01	6.591214494896210363e-01	6.591214494896210363e-01	6.867311505150589523e-01	6.591214494896210363e-01	6.601910401475570289e-01	6.591214494896210363e-01	6.591214494896210363e-01	6.779893951730540103e-01	6.591214494896210363e-01	6.591214494896210363e-01	6.380959005013560059e-01	6.591214494896210363e-01	6.591214494896210363e-01	6.591214494896210363e-01	6.561684098866239490e-01	6.591214494896210363e-01	6.723993477248290107e-01	6.591214494896210363e-01	6.797447818030060152e-01	6.591214494896210363e-01	6.336728190860849708e-01	6.591214494896210363e-01	7.578932242642140160e-01	6.230541446090599456e-01	6.588748208655490490e-01	6.591214494896210363e-01	6.856848558094790214e-01	6.591214494896210363e-01	6.591214494896210363e-01	7.278501928726509584e-01	6.858735039836889591e-01	6.552301958384220137e-01	6.847823465900489959e-01	6.637269027764139961e-01	6.591214494896210363e-01	6.591214494896210363e-01	7.042078430866259842e-01	6.273639840452760463e-01	6.139504167381379940e-01	6.591214494896210363e-01	6.020848538981390385e-01	6.591214494896210363e-01	6.547941938920710525e-01	6.505890677863840343e-01	6.421933657187479660e-01	6.591214494896210363e-01	6.591214494896210363e-01	6.441592089626430040e-01	6.591214494896210363e-01	6.295389098902830494e-01	6.591214494896210363e-01	6.591214494896210363e-01	6.536394963548900483e-01	6.595172321297529949e-01	6.786993422202159953e-01	6.545963596858059841e-01	6.591214494896210363e-01	6.591214494896210363e-01	6.591214494896210363e-01	6.591214494896210363e-01	6.591214494896210363e-01	6.591214494896210363e-01	7.986579804370510516e-01	6.591214494896210363e-01	8.058006467054960043e-01	7.272201993424100008e-01	6.591214494896210363e-01	6.591214494896210363e-01	6.591214494896210363e-01	6.591214494896210363e-01
8.076220981493940076e-01	1.000000000000000000e+00	6.591214494896210363e-01	6.591214494896210363e-01	6.984522902778089737e-01	6.899367991274679701e-01	6.816729748704269953e-01	7.079789994423579813e-01	7.093046854009249502e-01	6.591214494896210363e-01	7.045032452873249973e-01	6.986344230269589950e-01	6.768075255667740375e-01	6.591214494896210363e-01	6.782053705624320195e-01	6.799911082654159777e-01	6.591214494896210363e-01	6.135467990362040158e-01	6.591214494896210363e-01	6.942944130068019470e-01	6.591214494896210363e-01	6.591214494896210363e-01	6.591214494896210363e-01	6.591214494896210363e-01	6.591214494896210363e-01	6.591214494896210363e-01	6.594150236917259988e-01	6.591214494896210363e-01	6.591214494896210363e-01	6.591214494896210363e-01	6.591214494896210363e-01	6.458468577899589835e-01	6.591214494896210363e-01	6.591214494896210363e-01	6.753584283102570529e-01	6.568614968116039954e-01	6.883582521038169588e-01	6.591214494896210363e-01	6.829301361983060037e-01	6.591214494896210363e-01	7.111388873456859772e-01	6.591214494896210363e-01	6.757346626593619954e-01	6.761186301245279973e-01	6.591214494896210363e-01	6.591214494896210363e-01	6.502122548840180150e-01	6.591214494896210363e-01	6.591214494896210363e-01	6.591214494896210363e-01	6.591214494896210363e-01	6.576677174908710510e-01	6.405210288720070144e-01	6.591214494896210363e-01	6.591214494896210363e-01	6.591214494896210363e-01	6.797327744763039803e-01	6.402615221650359567e-01	6.591214494896210363e-01	6.533289342248660425e-01	6.783030988835999642e-01	6.630675057962159835e-01	7.009452668320339530e-01	6.693423088324299552e-01	6.591214494896210363e-01	6.591214494896210363e-01	6.591214494896210363e-01	6.591214494896210363e-01	6.358298542779550200e-01	6.631622980730540462e-01	6.591214494896210363e-01	6.922222608069410477e-01	6.591214494896210363e-01	6.773484094394079946e-01	6.591214494896210363e-01	6.549095014148610394e-01	7.214561588923229518e-01	6.289499264572649961e-01	6.591214494896210363e-01	6.591214494896210363e-01	6.591214494896210363e-01	6.591214494896210363e-01	6.591214494896210363e-01	7.180125370226210224e-01	6.660361737851290265e-01	6.591214494896210363e-01	6.591214494896210363e-01	6.591214494896210363e-01	6.591214494896210363e-01	6.528434357038559455e-01	6.591214494896210363e-01	6.591214494896210363e-01	6.591214494896210363e-01	6.260587268911610437e-01	6.591214494896210363e-01	6.591214494896210363e-01	6.591214494896210363e-01	6.416878460222940062e-01	6.591214494896210363e-01	6.756034023124040111e-01	6.591214494896210363e-01	6.591214494896210363e-01	6.591214494896210363e-01	6.591214494896210363e-01	6.470510641857619705e-01	6.591214494896210363e-01	6.591214494896210363e-01	6.382647036597129953e-01	6.432327367637159510e-01	6.395078367228710370e-01	6.899452777116450441e-01	7.043901638564660228e-01	6.815486530151120270e-01	6.591214494896210363e-01	6.591214494896210363e-01	6.591214494896210363e-01	6.591214494896210363e-01	8.022500284254060476e-01	6.591214494896210363e-01	6.591214494896210363e-01	6.591214494896210363e-01	7.156130769185079510e-01	6.591214494896210363e-01	6.591214494896210363e-01
8.185061410891809608e-01	6.591214494896210363e-01	1.000000000000000000e+00	6.591214494896210363e-01	6.792024724294729587e-01	6.591214494896210363e-01	6.591214494896210363e-01	6.591214494896210363e-01	7.060441882014879544e-01	7.019715568457179922e-01	6.591214494896210363e-01	6.797318614824020555e-01	6.591214494896210363e-01	6.591214494896210363e-01	6.689479038981770431e-01	6.591214494896210363e-01	6.591214494896210363e-01	6.228301659373649546e-01	6.591214494896210363e-01	6.591214494896210363e-01	6.591214494896210363e-01	6.788215650571309823e-01	6.591214494896210363e-01	6.952859291580140155e-01	6.919742571141890286e-01	6.857817747895129656e-01	6.591214494896210363e-01	6.591214494896210363e-01	6.495865164475900233e-01	6.591214494896210363e-01	6.729775509310900183e-01	6.591214494896210363e-01	6.591214494896210363e-01	6.591214494896210363e-01	6.591214494896210363e-01	6.662832189387980497e-01	6.808173377199370213e-01	6.591214494896210363e-01	6.591214494896210363e-01	6.734152717794309462e-01	6.874694548922379855e-01	6.376972157723730383e-01	6.591214494896210363e-01	6.600806987954469518e-01	6.357697172156570042e-01	6.591214494896210363e-01	6.597417452549190209e-01	6.553339747858060171e-01	7.064822320056529659e-01	6.981447363304720266e-01	6.591214494896210363e-01	6.642442822406929848e-01	6.591214494896210363e-01	6.323385960905260061e-01	6.598631733901350049e-01	6.591214494896210363e-01	6.642226707535170416e-01	6.431487293420850015e-01	6.544398889702589539e-01	6.594266895328290135e-01	6.591214494896210363e-01	6.591214494896210363e-01	7.069426208932110267e-01	6.591214494896210363e-01	6.591214494896210363e-01	6.890352222782819558e-01	6.591214494896210363e-01	6.794225827454130062e-01	6.591214494896210363e-01	6.562703174651479676e-01	6.444304955398639789e-01	6.591214494896210363e-01	6.648457585255389546e-01	6.989572779258580448e-01	6.351830736769720209e-01	6.466868485330220517e-01	6.591214494896210363e-01	6.348449716158990341e-01	6.591214494896210363e-01	6.518360349192200420e-01	6.591214494896210363e-01	6.583475033699139889e-01	6.532812573327999583e-01	6.591214494896210363e-01	6.450432670364260046e-01	6.579500255820649457e-01	6.885136538802549833e-01	6.591214494896210363e-01	7.888871476470850075e-01	6.591214494896210363e-01	7.024601213268290012e-01	6.265345454497249778e-01	6.591214494896210363e-01	6.591214494896210363e-01	5.884561882514910414e-01	6.591214494896210363e-01	6.625181202965469973e-01	6.319832143623119736e-01	6.438793080470419650e-01	6.650863127027729638e-01	6.153094004879939849e-01	6.591214494896210363e-01	6.331332639795389516e-01	6.591214494896210363e-01	6.591214494896210363e-01	6.446689591492229532e-01	6.591214494896210363e-01	6.591214494896210363e-01	6.610933480057770151e-01	6.591214494896210363e-01	6.591214494896210363e-01	6.591214494896210363e-01	6.584805580710340056e-01	6.591214494896210363e-01	6.591214494896210363e-01	7.722357322277759728e-01	7.623677466053859764e-01	6.591214494896210363e-01	7.695510193401520205e-01	6.948849001597759978e-01	6.406068076643269826e-01	7.117660048815750429e-01	7.120751421587789842e-01	7.106795882554800547e-01
6.563778433582949656e-01	6.591214494896210363e-01	6.591214494896210363e-01	9.999999999999980016e-01	6.153594652815500554e-01	6.043980900903499487e-01	6.026949621474619878e-01	6.591214494896210363e-01	6.591214494896210363e-01	6.591214494896210363e-01	6.143026884895439466e-01	6.591214494896210363e-01	6.733403688638209816e-01	6.724238694464429456e-01	6.591214494896210363e-01	6.591214494896210363e-01	6.591214494896210363e-01	6.591214494896210363e-01	6.591214494896210363e-01	6.591214494896210363e-01	6.591214494896210363e-01	6.727743969946420322e-01	6.328696865123110138e-01	6.793941103948699656e-01	6.014319458046100131e-01	6.458739244462170515e-01	6.591214494896210363e-01	6.358909313112629524e-01	6.771144731706639774e-01	6.783570820790719713e-01	6.591214494896210363e-01	6.060386142810080257e-01	6.376791258453780031e-01	6.591214494896210363e-01	6.591214494896210363e-01	6.591214494896210363e-01	6.775610912422039833e-01	6.236696936247539957e-01	7.063435942472799933e-01	6.591214494896210363e-01	6.284041413764119843e-01	6.591214494896210363e-01	6.358441253975379848e-01	6.440915615191820098e-01	6.412048494259620091e-01	6.337073503006049879e-01	6.100798044478129567e-01	6.591214494896210363e-01	6.943555301992579976e-01	6.366722157682219718e-01	5.970018629015090283e-01	6.591214494896210363e-01	5.988633089127429754e-01	6.058074522146009722e-01	6.155896702810740306e-01	6.591214494896210363e-01	6.591214494896210363e-01	6.591214494896210363e-01	6.296647439351700237e-01	6.591214494896210363e-01	6.591214494896210363e-01	5.919251514920309543e-01	5.943146441960299731e-01	6.350714287205909692e-01	5.974823635794049848e-01	6.719988324807889546e-01	6.591214494896210363e-01	6.591214494896210363e-01	6.591214494896210363e-01	6.591214494896210363e-01	6.259474969795839616e-01	6.591214494896210363e-01	6.591214494896210363e-01	6.504364107687049534e-01	6.638493734058680262e-01	6.745066000271200402e-01	6.591214494896210363e-01	6.503753297007860423e-01	6.591214494896210363e-01	6.591214494896210363e-01	6.239373377005760224e-01	6.591214494896210363e-01	6.591214494896210363e-01	6.158488119204029720e-01	6.591214494896210363e-01	5.943531151591380235e-01	6.591214494896210363e-01	6.591214494896210363e-01	6.483718270018179464e-01	6.591214494896210363e-01	6.591214494896210363e-01	6.518700658317739816e-01	6.074331936022989709e-01	6.301841344539820255e-01	6.591214494896210363e-01	6.317604571686340487e-01	6.591214494896210363e-01	6.156150411221029684e-01	6.580152107978639586e-01	6.591214494896210363e-01	5.888923476988350281e-01	6.126202950429150418e-01	6.068028326953079921e-01	6.591214494896210363e-01	6.029016117791210494e-01	6.591214494896210363e-01	6.206253678112190197e-01	6.591214494896210363e-01	6.796938084295299776e-01	6.591214494896210363e-01	6.591214494896210363e-01	6.874723293765170329e-01	6.684697080971200300e-01	6.591214494896210363e-01	6.392500624789030361e-01	6.558155008134509689e-01	6.591214494896210363e-01	6.591214494896210363e-01	6.606090869797169862e-01	6.591214494896210363e-01	6.157391365429260022e-01	6.591214494896210363e-01	6.591214494896210363e-01	6.446033138503830529e-01
7.038295853361680177e-01	6.984522902778089737e-01	6.792024724294729587e-01	6.153594652815500554e-01	9.999999999999980016e-01	6.591214494896210363e-01	7.772437840436650092e-01	7.355272375743010516e-01	7.259292594824450218e-01	6.591214494896210363e-01	7.207449645972660024e-01	7.562611321099980133e-01	6.591214494896210363e-01	6.591214494896210363e-01	6.591214494896210363e-01	6.594066061730530226e-01	6.369491267112490362e-01	5.907938704696550358e-01	6.591214494896210363e-01	7.556915335267410105e-01	6.359587680006140165e-01	6.458428531323380239e-01	6.591214494896210363e-01	6.591214494896210363e-01	7.140940679340830322e-01	7.601960393385199799e-01	6.591214494896210363e-01	6.805058153410870059e-01	6.591214494896210363e-01	6.591214494896210363e-01	6.591214494896210363e-01	6.242576271041230251e-01	6.591214494896210363e-01	6.591214494896210363e-01	6.378259422697070136e-01	5.938174281145529587e-01	6.591214494896210363e-01	6.591214494896210363e-01	6.370860990039479699e-01	5.997368959970490465e-01	6.669032308186410019e-01	6.591214494896210363e-01	6.591214494896210363e-01	6.775730554097300073e-01	6.591214494896210363e-01	6.796946111320150141e-01	6.152599049827840449e-01	6.591214494896210363e-01	6.575555157811010520e-01	6.230731258749649948e-01	6.591214494896210363e-01	6.464977168889559644e-01	6.324820242080549937e-01	6.570025153545170360e-01	6.591214494896210363e-01	6.430484399451089628e-01	6.591214494896210363e-01	6.082940405378030047e-01	6.591214494896210363e-01	6.591214494896210363e-01	6.591214494896210363e-01	6.591214494896210363e-01	6.591214494896210363e-01	6.591214494896210363e-01	5.991123699385010326e-01	6.803640056365050093e-01	6.591214494896210363e-01	6.591214494896210363e-01	6.393604246106839861e-01	6.848590559273940448e-01	6.591214494896210363e-01	6.822677107573500432e-01	6.364005666132439565e-01	6.591214494896210363e-01	6.591214494896210363e-01	6.909832566868899795e-01	7.075922990535290502e-01	6.591214494896210363e-01	6.758960495450549999e-01	6.591214494896210363e-01	6.591214494896210363e-01	6.591214494896210363e-01	6.254313306473320289e-01	6.805012880595300295e-01	6.591214494896210363e-01	6.772436438640540013e-01	6.686889400694580043e-01	6.593636300705220110e-01	6.591214494896210363e-01	6.421823155578220144e-01	6.591214494896210363e-01	6.591214494896210363e-01	6.591214494896210363e-01	6.591214494896210363e-01	6.563524728632820215e-01	6.591214494896210363e-01	6.754650785881409769e-01	6.591214494896210363e-01	6.591214494896210363e-01	7.045569471735769751e-01	7.181462750795769567e-01	6.775359169390039460e-01	6.591214494896210363e-01	5.947655870829290370e-01	6.859461341345800545e-01	6.591214494896210363e-01	6.591214494896210363e-01	6.591214494896210363e-01	6.591214494896210363e-01	6.069899195353489763e-01	6.591214494896210363e-01	6.591214494896210363e-01	6.616835663388259681e-01	6.544334894920099677e-01	6.591214494896210363e-01	7.143629446125200344e-01	6.607072178572519494e-01	7.091924408124360424e-01	7.086560501622419794e-01	6.784200545508789482e-01	6.849110703602480088e-01	7.101591966961610103e-01	6.643749130991269958e-01	6.591214494896210363e-01
6.809980607195279534e-01	6.899367991274679701e-01	6.591214494896210363e-01	6.043980900903499487e-01	6.591214494896210363e-01	9.999999999999980016e-01	6.591214494896210363e-01	6.591214494896210363e-01	6.591214494896210363e-01	6.426395934741050420e-01	6.591214494896210363e-01	7.220451840098359719e-01	7.088977543645720303e-01	6.591214494896210363e-01	6.591214494896210363e-01	6.358163227353289537e-01	6.591214494896210363e-01	5.745710915053939827e-01	6.591214494896210363e-01	6.737563642508880291e-01	6.591214494896210363e-01	6.591214494896210363e-01	6.591214494896210363e-01	6.591214494896210363e-01	6.591214494896210363e-01	6.778564823477060131e-01	6.591214494896210363e-01	6.302052903054380373e-01	6.591214494896210363e-01	6.398753188539350045e-01	6.591214494896210363e-01	6.591214494896210363e-01	5.894810692335910041e-01	6.591214494896210363e-01	6.314241518987919743e-01	6.591214494896210363e-01	6.221586034869439619e-01	6.591214494896210363e-01	6.330071081897760132e-01	6.279535289485279614e-01	6.591214494896210363e-01	6.847572275237829853e-01	6.846608032981359448e-01	6.677496113327999749e-01	6.591214494896210363e-01	6.591214494896210363e-01	5.951267788663170411e-01	6.591214494896210363e-01	6.767138796867590012e-01	6.591214494896210363e-01	6.591214494896210363e-01	7.138945806134689986e-01	6.591214494896210363e-01	6.591214494896210363e-01	6.662943430355799945e-01	6.591214494896210363e-01	6.692465278532240269e-01	5.878989947545479877e-01	6.115864765350239596e-01	6.591214494896210363e-01	6.760270594467290284e-01	6.179459464804649693e-01	6.327545736967780110e-01	6.405817775721980301e-01	5.882051211709610206e-01	6.945677735542149511e-01	6.591214494896210363e-01	6.591214494896210363e-01	6.364175122467690127e-01	6.686776823969750039e-01	6.591214494896210363e-01	6.591214494896210363e-01	6.591214494896210363e-01	6.591214494896210363e-01	6.591214494896210363e-01	6.758393811978230525e-01	6.591214494896210363e-01	6.591214494896210363e-01	7.044012672450069568e-01	6.179431627767080215e-01	6.591214494896210363e-01	6.591214494896210363e-01	5.944772205444289748e-01	6.591214494896210363e-01	5.902456686821899723e-01	6.635461267299850308e-01	6.970944020902649640e-01	7.104075480276480503e-01	6.591214494896210363e-01	6.591214494896210363e-01	7.079866671586190208e-01	6.591214494896210363e-01	6.591214494896210363e-01	6.591214494896210363e-01	6.429329203099409806e-01	6.591214494896210363e-01	7.065692014195239512e-01	6.591214494896210363e-01	6.902501044672190167e-01	6.591214494896210363e-01	6.876864431771030350e-01	6.591214494896210363e-01	6.591214494896210363e-01	5.901384989367619571e-01	6.793468258296420093e-01	6.591214494896210363e-01	7.111830797056259978e-01	6.353681336329629614e-01	6.591214494896210363e-01	6.591214494896210363e-01	6.064051562310249777e-01	6.538950125315440287e-01	6.519570274986740133e-01	6.591214494896210363e-01	6.591214494896210363e-01	6.790986397451289625e-01	6.591214494896210363e-01	6.993037903692520540e-01	6.827659791555690250e-01	6.591214494896210363e-01	7.037612738070639917e-01	6.591214494896210363e-01	6.344207704921459579e-01	6.577914781265800093e-01
6.591214494896210363e-01	6.816729748704269953e-01	6.591214494896210363e-01	6.026949621474619878e-01	7.772437840436650092e-01	6.591214494896210363e-01	9.999999999999990008e-01	7.499182504389100279e-01	7.308190037720440069e-01	6.591214494896210363e-01	7.062103377826489670e-01	6.591214494896210363e-01	6.591214494896210363e-01	6.591214494896210363e-01	6.568788716055009580e-01	6.591214494896210363e-01	6.431444627956880433e-01	6.028074023554269578e-01	6.591214494896210363e-01	7.426135682408430139e-01	6.591214494896210363e-01	6.591214494896210363e-01	7.071678514014839712e-01	6.323515969006440196e-01	6.591214494896210363e-01	6.591214494896210363e-01	6.591214494896210363e-01	6.591214494896210363e-01	6.091473312102410054e-01	6.591214494896210363e-01	6.591214494896210363e-01	6.591214494896210363e-01	5.723470010402780250e-01	6.510247633523910116e-01	6.591214494896210363e-01	6.591214494896210363e-01	6.591214494896210363e-01	6.591214494896210363e-01	6.591214494896210363e-01	6.071661335380490465e-01	6.482553472133220085e-01	6.591214494896210363e-01	6.591214494896210363e-01	6.701130853376290331e-01	5.725923304782509771e-01	6.757952306150140087e-01	6.591214494896210363e-01	6.591214494896210363e-01	6.472220776215390492e-01	6.591214494896210363e-01	6.591214494896210363e-01	6.491470308997879801e-01	6.206739860633939676e-01	6.505610805983219613e-01	6.674338763464969793e-01	6.496023215630649661e-01	6.591214494896210363e-01	6.027610516554410269e-01	6.189577121679510352e-01	6.591214494896210363e-01	6.591214494896210363e-01	6.217316738551690314e-01	6.591214494896210363e-01	6.591214494896210363e-01	5.869894421833500298e-01	6.591214494896210363e-01	6.591214494896210363e-01	6.648019814495159663e-01	6.591214494896210363e-01	6.591214494896210363e-01	6.591214494896210363e-01	6.563495628190819664e-01	6.591214494896210363e-01	6.478218389913590336e-01	6.337358144294390483e-01	6.722533529057399537e-01	6.988311746450950324e-01	6.493275490395079563e-01	6.591214494896210363e-01	6.591214494896210363e-01	7.479087294248699669e-01	6.591214494896210363e-01	6.591214494896210363e-01	6.543262440647199529e-01	6.078946981759919543e-01	6.591214494896210363e-01	6.591214494896210363e-01	6.634036641715550520e-01	6.966525112155740329e-01	6.591214494896210363e-01	6.959611090333549521e-01	6.591214494896210363e-01	6.223055841640230401e-01	5.873174545852529738e-01	6.322351041027779450e-01	6.487243888317679730e-01	6.591214494896210363e-01	6.442253528444239485e-01	6.591214494896210363e-01	6.591214494896210363e-01	6.591214494896210363e-01	6.591214494896210363e-01	6.591214494896210363e-01	5.878453982618410123e-01	6.653730027428680360e-01	6.439791313804640316e-01	6.591214494896210363e-01	6.591214494896210363e-01	6.591214494896210363e-01	5.971709767320869666e-01	6.181029391451310362e-01	6.591214494896210363e-01	6.506193711764599596e-01	6.556269231051670143e-01	6.598402071438029814e-01	6.591214494896210363e-01	6.591214494896210363e-01	6.591214494896210363e-01	6.896600683529390263e-01	6.684136230713569882e-01	6.591214494896210363e-01	6.591214494896210363e-01	6.540420658467279713e-01	6.999414810290780498e-01
7.306343756215379903e-01	7.079789994423579813e-01	6.591214494896210363e-01	6.591214494896210363e-01	7.355272375743010516e-01	6.591214494896210363e-01	7.499182504389100279e-01	1.000000000000000000e+00	6.591214494896210363e-01	6.591214494896210363e-01	6.591214494896210363e-01	7.139963033549110438e-01	6.591214494896210363e-01	6.591214494896210363e-01	6.860003863169320537e-01	6.591214494896210363e-01	6.170641055968180133e-01	5.945049773416080097e-01	6.591214494896210363e-01	6.591214494896210363e-01	6.183631161036949875e-01	6.614388314470029950e-01	6.591214494896210363e-01	6.591214494896210363e-01	6.591214494896210363e-01	6.591214494896210363e-01	6.421009918557499807e-01	7.549345763982699964e-01	6.591214494896210363e-01	6.591214494896210363e-01	6.591214494896210363e-01	6.591214494896210363e-01	6.317892672821440181e-01	6.717714006985090469e-01	6.471428304349300387e-01	6.196519189868380240e-01	6.591214494896210363e-01	6.591214494896210363e-01	6.591214494896210363e-01	6.149356185722889556e-01	6.591214494896210363e-01	6.591214494896210363e-01	6.591214494896210363e-01	6.591214494896210363e-01	6.591214494896210363e-01	6.843943646914639745e-01	6.258199540086619717e-01	6.521509340211160133e-01	6.602341305803219873e-01	6.424318735846570316e-01	6.847269560113939946e-01	6.591214494896210363e-01	6.591214494896210363e-01	6.591214494896210363e-01	6.591214494896210363e-01	6.306287443001280524e-01	6.591214494896210363e-01	6.229191547098390513e-01	6.294709131640600086e-01	6.591214494896210363e-01	6.591214494896210363e-01	6.231583615838689472e-01	7.193139540569849499e-01	6.591214494896210363e-01	6.591214494896210363e-01	6.657169097270669855e-01	6.591214494896210363e-01	6.559350665804709601e-01	6.213979183433260278e-01	6.432239071432489519e-01	6.245552398969830277e-01	6.591214494896210363e-01	6.393902785078879880e-01	6.689095813207199814e-01	6.106104506428839951e-01	6.404919551535820377e-01	7.256635566220469569e-01	6.591214494896210363e-01	6.451381677775289702e-01	6.591214494896210363e-01	6.591214494896210363e-01	6.516267046188439771e-01	6.591214494896210363e-01	6.591214494896210363e-01	6.411410463523500303e-01	6.591214494896210363e-01	6.591214494896210363e-01	6.383609399634979642e-01	6.591214494896210363e-01	6.336543830657880294e-01	6.591214494896210363e-01	6.249987020038180185e-01	5.803240508799110131e-01	5.929158402757610524e-01	6.070886793747940491e-01	6.114223033288329612e-01	6.394105018991950162e-01	6.591214494896210363e-01	6.591214494896210363e-01	6.501101147796719548e-01	6.591214494896210363e-01	6.162807220293939903e-01	6.591214494896210363e-01	6.591214494896210363e-01	6.311645772258900333e-01	6.591214494896210363e-01	6.371709028712609912e-01	6.591214494896210363e-01	6.591214494896210363e-01	6.591214494896210363e-01	6.712629527577349542e-01	6.881951623738049584e-01	6.566783304578389657e-01	6.591214494896210363e-01	6.591214494896210363e-01	6.591214494896210363e-01	6.836763990778009781e-01	6.591214494896210363e-01	6.591214494896210363e-01	7.089915432183799826e-01	6.591214494896210363e-01	6.591214494896210363e-01	6.591214494896210363e-01	7.200753889618489723e-01
6.591214494896210363e-01	7.093046854009249502e-01	7.060441882014879544e-01	6.591214494896210363e-01	7.259292594824450218e-01	6.591214494896210363e-01	7.308190037720440069e-01	6.591214494896210363e-01	1.000000000000000000e+00	7.343528234844830527e-01	6.717711670317250139e-01	6.591214494896210363e-01	6.591214494896210363e-01	5.905110501845020066e-01	7.050069868953929841e-01	6.803752283138559953e-01	6.333365475085940277e-01	6.026865965300469696e-01	6.591214494896210363e-01	6.591214494896210363e-01	6.591214494896210363e-01	6.614859194003019915e-01	6.591214494896210363e-01	6.863025615515599975e-01	6.591214494896210363e-01	6.591214494896210363e-01	6.591214494896210363e-01	7.539117724525520314e-01	6.465061435897290210e-01	6.591214494896210363e-01	6.591214494896210363e-01	6.591214494896210363e-01	6.591214494896210363e-01	6.996850521753269492e-01	6.563233687651189863e-01	6.591214494896210363e-01	6.746676973571279490e-01	6.787493362244709783e-01	6.623613873939090402e-01	6.591214494896210363e-01	6.722109650260910119e-01	7.036383574465949753e-01	6.941200884664679993e-01	6.591214494896210363e-01	5.996027652331390456e-01	6.591214494896210363e-01	6.591214494896210363e-01	6.591214494896210363e-01	6.591214494896210363e-01	6.591214494896210363e-01	6.766944724881569506e-01	6.591214494896210363e-01	6.591214494896210363e-01	6.591214494896210363e-01	6.523361339070510301e-01	6.341025393028429935e-01	6.591214494896210363e-01	6.271442972130659710e-01	6.332534235200859563e-01	6.364381672300130077e-01	6.681775041425800366e-01	6.591214494896210363e-01	6.591214494896210363e-01	6.591214494896210363e-01	6.156686491587830545e-01	6.667692438005869970e-01	6.591214494896210363e-01	6.591214494896210363e-01	6.319256089304780000e-01	6.417480548139390395e-01	6.260168925447490151e-01	6.572959133101109463e-01	6.591214494896210363e-01	6.591214494896210363e-01	6.591214494896210363e-01	6.591214494896210363e-01	6.591214494896210363e-01	6.591214494896210363e-01	6.532984681897350265e-01	6.591214494896210363e-01	6.883971248085279937e-01	6.485798936403309733e-01	6.357267404662150234e-01	6.591214494896210363e-01	6.315533679273720447e-01	6.375005770950620265e-01	6.708441926222039609e-01	6.591214494896210363e-01	6.591214494896210363e-01	6.591214494896210363e-01	6.591214494896210363e-01	6.591214494896210363e-01	5.871733401258499851e-01	6.591214494896210363e-01	5.824675282331850390e-01	6.104304337934739477e-01	6.440835369473709715e-01	6.591214494896210363e-01	6.221104393504059971e-01	6.591214494896210363e-01	6.591214494896210363e-01	6.591214494896210363e-01	6.049848378708320151e-01	6.141753286716800098e-01	6.223723438114350248e-01	6.591214494896210363e-01	6.292589660656630057e-01	6.479252428542230380e-01	6.450295335283050546e-01	6.591214494896210363e-01	6.844449262349799890e-01	6.996293465748160134e-01	6.752798054812360062e-01	6.591214494896210363e-01	6.927096127790830504e-01	7.073311819617850160e-01	6.831959717608560023e-01	6.591214494896210363e-01	6.591214494896210363e-01	6.591214494896210363e-01	6.090135610963139934e-01	6.591214494896210363e-01	6.591214494896210363e-01	6.591214494896210363e-01
7.419615855320319531e-01	6.591214494896210363e-01	7.019715568457179922e-01	6.591214494896210363e-01	6.591214494896210363e-01	6.426395934741050420e-01	6.591214494896210363e-01	6.591214494896210363e-01	7.343528234844830527e-01	1.000000000000000000e+00	7.119785354403620481e-01	6.591214494896210363e-01	6.591214494896210363e-01	5.967541256586760268e-01	6.591214494896210363e-01	6.777273978138019794e-01	6.591214494896210363e-01	5.948779882406159958e-01	6.591214494896210363e-01	6.591214494896210363e-01	6.173468092146210395e-01	6.768170917989579927e-01	7.334014690602459474e-01	6.872121867658510519e-01	6.591214494896210363e-01	6.591214494896210363e-01	6.690917354938139550e-01	7.349473168420039837e-01	6.671745247626870157e-01	6.591214494896210363e-01	7.052326714825749576e-01	6.290636587633290366e-01	6.311645687743120403e-01	6.878599126168439826e-01	6.591214494896210363e-01	6.591214494896210363e-01	6.719160391240239782e-01	6.591214494896210363e-01	6.567020713255019571e-01	6.591214494896210363e-01	6.759249149967739845e-01	6.396302576641950122e-01	6.715634322433079451e-01	6.407644791417530516e-01	5.957158819306850317e-01	6.603790456835679779e-01	6.243562422195190198e-01	6.456165268858149453e-01	6.745820639418760312e-01	6.591214494896210363e-01	6.591214494896210363e-01	6.591214494896210363e-01	6.127110734061169683e-01	6.235298448916239966e-01	6.591214494896210363e-01	6.591214494896210363e-01	6.591214494896210363e-01	6.358195041129459657e-01	6.591214494896210363e-01	6.591214494896210363e-01	6.543040273143589936e-01	6.439131330831929789e-01	6.591214494896210363e-01	6.392441281959769794e-01	6.591214494896210363e-01	6.591214494896210363e-01	6.550289060588110335e-01	6.547645156169490388e-01	6.591214494896210363e-01	6.334306905455290293e-01	6.211046335880100466e-01	6.634172497512640376e-01	6.591214494896210363e-01	6.591214494896210363e-01	6.591214494896210363e-01	6.591214494896210363e-01	7.270245485183769452e-01	6.004507380621689761e-01	6.591214494896210363e-01	6.343977411388369569e-01	6.901890549920339790e-01	6.591214494896210363e-01	6.405930650737780008e-01	6.591214494896210363e-01	6.591214494896210363e-01	6.253878875402020254e-01	6.568213332212929911e-01	6.213363584138940077e-01	6.591214494896210363e-01	6.415931571607019768e-01	6.591214494896210363e-01	6.137033073331490396e-01	5.843743806599640545e-01	5.900955890630269485e-01	5.889958536171370218e-01	6.021742636173970098e-01	6.335824703111430090e-01	6.286859144833899515e-01	6.591214494896210363e-01	6.591214494896210363e-01	6.249053782245750366e-01	6.062438843873589889e-01	6.591214494896210363e-01	6.591214494896210363e-01	6.591214494896210363e-01	6.089524580982069724e-01	6.591214494896210363e-01	6.591214494896210363e-01	6.591214494896210363e-01	6.398622478241470235e-01	6.798672757692629798e-01	7.008109967915480132e-01	6.591214494896210363e-01	6.616028202610869657e-01	6.710148581823169867e-01	6.591214494896210363e-01	6.924468733397259879e-01	6.591214494896210363e-01	7.303913722529560282e-01	7.129362424992029545e-01	6.111199440225060231e-01	6.591214494896210363e-01	7.225917350707180553e-01	6.591214494896210363e-01
6.591214494896210363e-01	7.045032452873249973e-01	6.591214494896210363e-01	6.143026884895439466e-01	7.207449645972660024e-01	6.591214494896210363e-01	7.062103377826489670e-01	6.591214494896210363e-01	6.717711670317250139e-01	7.119785354403620481e-01	1.000000000000000000e+00	7.342883868852879692e-01	6.591214494896210363e-01	6.388596394656720356e-01	6.591214494896210363e-01	6.513793509603420517e-01	6.591214494896210363e-01	5.859156928141450171e-01	6.315675412162810032e-01	6.591214494896210363e-01	6.463817780773279953e-01	6.591214494896210363e-01	6.591214494896210363e-01	6.591214494896210363e-01	6.821186216644810063e-01	6.591214494896210363e-01	6.342290644766049867e-01	6.784292138270939798e-01	6.591214494896210363e-01	6.591214494896210363e-01	6.591214494896210363e-01	6.591214494896210363e-01	5.958701384285990388e-01	6.897120920214659945e-01	6.591214494896210363e-01	6.303450951349980347e-01	6.468773359456010397e-01	6.591214494896210363e-01	6.591214494896210363e-01	6.591214494896210363e-01	6.591214494896210363e-01	6.591214494896210363e-01	6.591214494896210363e-01	6.760877746141410460e-01	5.962169350536109524e-01	6.591214494896210363e-01	6.591214494896210363e-01	6.591214494896210363e-01	6.880597004620010448e-01	6.630371429024090046e-01	6.591214494896210363e-01	6.591214494896210363e-01	6.388268672439360030e-01	6.407874848205119545e-01	6.814705238454810132e-01	6.591214494896210363e-01	6.591214494896210363e-01	6.297011105573500078e-01	6.270535216907739962e-01	6.591214494896210363e-01	6.563364171476829823e-01	6.700716933967569844e-01	6.992998411090860511e-01	6.516340544669400048e-01	6.591214494896210363e-01	6.926117097852100279e-01	6.257946169643670009e-01	6.591214494896210363e-01	6.591214494896210363e-01	6.591214494896210363e-01	6.591214494896210363e-01	6.591214494896210363e-01	6.591214494896210363e-01	6.628648690841669744e-01	6.591214494896210363e-01	6.591214494896210363e-01	6.987426420658470194e-01	6.591214494896210363e-01	6.591214494896210363e-01	6.591214494896210363e-01	7.220860929555480423e-01	6.665727131203950107e-01	6.591214494896210363e-01	6.471954109196560445e-01	6.591214494896210363e-01	6.591214494896210363e-01	6.632617111330439963e-01	6.367393924948420159e-01	7.211045501502859612e-01	6.591214494896210363e-01	6.849364350276020419e-01	6.591214494896210363e-01	6.225405372426250361e-01	6.591214494896210363e-01	6.591214494896210363e-01	6.591214494896210363e-01	6.581812120126550036e-01	6.546957626686570331e-01	6.591214494896210363e-01	6.591214494896210363e-01	6.591214494896210363e-01	6.500668504324289554e-01	6.591214494896210363e-01	6.106056717776969789e-01	6.507491496267580056e-01	6.591214494896210363e-01	6.451370807884999614e-01	6.591214494896210363e-01	6.215848911253579745e-01	6.040069744397960072e-01	6.206940177867550368e-01	6.745813748127149623e-01	6.441656007984239984e-01	6.591214494896210363e-01	6.591214494896210363e-01	6.591214494896210363e-01	6.607579306237929551e-01	6.591214494896210363e-01	6.591214494896210363e-01	6.591214494896210363e-01	6.591214494896210363e-01	6.995333114522620521e-01	6.591214494896210363e-01	6.952920754217950527e-01
6.591214494896210363e-01	6.986344230269589950e-01	6.797318614824020555e-01	6.591214494896210363e-01	7.562611321099980133e-01	7.220451840098359719e-01	6.591214494896210363e-01	7.139963033549110438e-01	6.591214494896210363e-01	6.591214494896210363e-01	7.342883868852879692e-01	1.000000000000000000e+00	7.168669099648290466e-01	6.473781918683190195e-01	6.578573198002050093e-01	6.340221925223950006e-01	6.591214494896210363e-01	5.660862703632609794e-01	6.212468780168759475e-01	6.591214494896210363e-01	6.538620111187649631e-01	6.357821721313340335e-01	6.591214494896210363e-01	6.282188476597779792e-01	6.591214494896210363e-01	7.334635476363779993e-01	6.591214494896210363e-01	6.711659680454209465e-01	6.591214494896210363e-01	6.443308103392459962e-01	6.591214494896210363e-01	6.591214494896210363e-01	5.741318791052150150e-01	6.591214494896210363e-01	6.591214494896210363e-01	6.591214494896210363e-01	6.591214494896210363e-01	6.096467669897970287e-01	6.260778341120389889e-01	6.591214494896210363e-01	6.591214494896210363e-01	7.073096169096909636e-01	6.591214494896210363e-01	6.845170932693720456e-01	6.591214494896210363e-01	6.512430681733669680e-01	6.591214494896210363e-01	6.591214494896210363e-01	6.591214494896210363e-01	6.591214494896210363e-01	6.591214494896210363e-01	6.591214494896210363e-01	6.329861400468109744e-01	6.545874327066809606e-01	6.758955899719260030e-01	6.732002792342079989e-01	6.591214494896210363e-01	5.974319427267780203e-01	6.591214494896210363e-01	6.137855276457120368e-01	6.591214494896210363e-01	6.293018728354510261e-01	6.591214494896210363e-01	6.673331623826049830e-01	6.591214494896210363e-01	6.990440802948120202e-01	6.591214494896210363e-01	6.711940461065509789e-01	6.591214494896210363e-01	6.591214494896210363e-01	6.591214494896210363e-01	6.591214494896210363e-01	6.141250905317130471e-01	6.591214494896210363e-01	6.591214494896210363e-01	6.794164771332740216e-01	6.591214494896210363e-01	6.449463538818099861e-01	6.591214494896210363e-01	6.247159807446700519e-01	7.599161391711339864e-01	6.591214494896210363e-01	6.093096862983650164e-01	6.658349818027119449e-01	6.203154110094509788e-01	6.856662320874099548e-01	6.904000925166370317e-01	6.591214494896210363e-01	7.281578994456420206e-01	6.591214494896210363e-01	6.591214494896210363e-01	6.591214494896210363e-01	6.591214494896210363e-01	6.591214494896210363e-01	6.591214494896210363e-01	6.711306048515810474e-01	6.591214494896210363e-01	6.591214494896210363e-01	6.771994053765749699e-01	6.591214494896210363e-01	7.140931019496560284e-01	6.591214494896210363e-01	6.591214494896210363e-01	6.591214494896210363e-01	6.591214494896210363e-01	6.591214494896210363e-01	7.008057687918090028e-01	6.231466728366490404e-01	5.983345823417749454e-01	6.591214494896210363e-01	6.591214494896210363e-01	6.591214494896210363e-01	6.535158190241660003e-01	6.773652657759360318e-01	6.733318464885249544e-01	6.591214494896210363e-01	6.680991437477460382e-01	6.591214494896210363e-01	6.591214494896210363e-01	6.830017928549430017e-01	7.293689094229579561e-01	7.509838453029300531e-01	7.088952353557329555e-01	7.364608888703230161e-01
