1.000000000000000000e+00	7.896728360022576831e-01	7.896728360022576831e-01	7.896728360022576831e-01	7.896728360022576831e-01	9.072868579518590382e-01	7.896728360022576831e-01	7.896728360022576831e-01	7.896728360022576831e-01	7.896728360022576831e-01	7.896728360022576831e-01	9.122186889543779653e-01	9.218844709949489680e-01	7.896728360022576831e-01	7.896728360022576831e-01	7.896728360022576831e-01	7.896728360022576831e-01	9.093653383964509507e-01	9.304423675962240070e-01	7.896728360022576831e-01	7.896728360022576831e-01	9.274578683428359449e-01	8.927158971997709580e-01	7.896728360022576831e-01	7.896728360022576831e-01	8.853704432507349953e-01	6.106278076128149879e-01	7.896728360022576831e-01	9.104670100935410293e-01	7.896728360022576831e-01	7.896728360022576831e-01	9.330011361918300050e-01	9.359436733513709639e-01	7.896728360022576831e-01	9.274610782978810475e-01	8.891056139253620261e-01	7.896728360022576831e-01	9.161766831990959536e-01	7.896728360022576831e-01	9.086018484577419452e-01	7.896728360022576831e-01	7.896728360022576831e-01	7.896728360022576831e-01	6.820944763919120080e-01	7.896728360022576831e-01	9.187850335643840127e-01	8.378761791253469537e-01	7.896728360022576831e-01	9.010187786432349855e-01	7.896728360022576831e-01	7.896728360022576831e-01	7.896728360022576831e-01	9.153105941387029709e-01	7.896728360022576831e-01	7.896728360022576831e-01	9.179322336063759913e-01	7.896728360022576831e-01	7.896728360022576831e-01	9.282126593303130502e-01	8.939347384216049797e-01	7.896728360022576831e-01	8.132089336022449988e-01	7.896728360022576831e-01	7.896728360022576831e-01	7.896728360022576831e-01	5.265632596481170102e-01	7.896728360022576831e-01	4.488294881284070059e-01	7.896728360022576831e-01	6.305204333546370332e-01	7.896728360022576831e-01	7.306313510032460545e-01	7.896728360022576831e-01	7.896728360022576831e-01	7.896728360022576831e-01	7.896728360022576831e-01	8.982476772377320229e-01	7.896728360022576831e-01	7.896728360022576831e-01	7.896728360022576831e-01	7.896728360022576831e-01	7.896728360022576831e-01	7.896728360022576831e-01	6.747548113590849939e-01	8.964070584662110486e-01	6.832961445831230440e-01	9.086464242258269763e-01	9.002511643301690514e-01	7.896728360022576831e-01	4.070383212234159886e-01	9.079981463894239990e-01	7.896728360022576831e-01	9.001323599740429504e-01	8.919897259774359766e-01	7.714911276079280400e-01	7.896728360022576831e-01	7.896728360022576831e-01	7.896728360022576831e-01	2.329807262604099982e-01	7.896728360022576831e-01	7.928380608507520355e-01	8.971846634769590212e-01	7.896728360022576831e-01	7.896728360022576831e-01	9.187921197991769651e-01	9.152043694346010394e-01	9.126925547697100072e-01	9.010178721834890547e-01	7.896728360022576831e-01	9.042319785317000091e-01	8.886097868996100102e-01	7.896728360022576831e-01	7.896728360022576831e-01	7.896728360022576831e-01	9.267760466056600421e-01	7.896728360022576831e-01	7.896728360022576831e-01	9.240221327007089869e-01	7.896728360022576831e-01	9.066135897158700274e-01	9.183901527043389912e-01	7.896728360022576831e-01	8.927114950269050553e-01	8.897607601724120130e-01
7.896728360022576831e-01	1.000000000000000000e+00	9.062455978341980023e-01	9.072999999888520239e-01	7.803670272541689545e-01	7.896728360022576831e-01	7.896728360022576831e-01	7.896728360022576831e-01	7.896728360022576831e-01	8.240280054538300369e-01	7.896728360022576831e-01	7.896728360022576831e-01	9.180057887924779614e-01	7.896728360022576831e-01	8.586404779106779905e-01	9.362529391780529675e-01	9.241906992255539688e-01	9.044284822896540010e-01	9.264593736359689746e-01	8.849111953087660520e-01	7.896728360022576831e-01	9.252068832232760442e-01	7.896728360022576831e-01	9.273524350044769493e-01	7.896728360022576831e-01	7.896728360022576831e-01	7.896728360022576831e-01	7.660630866511619619e-01	7.896728360022576831e-01	7.896728360022576831e-01	7.896728360022576831e-01	7.896728360022576831e-01	9.324012656387870024e-01	7.896728360022576831e-01	7.896728360022576831e-01	8.861116839392270128e-01	7.896728360022576831e-01	9.127946198382970167e-01	5.320893705312359501e-01	9.049800367512930155e-01	7.896728360022576831e-01	7.896728360022576831e-01	8.932118333385530295e-01	6.801316936360890519e-01	8.327969562002239812e-01	7.896728360022576831e-01	8.330385549459330408e-01	7.896728360022576831e-01	8.969185181613950064e-01	8.999159563205280099e-01	7.896728360022576831e-01	8.931185695911999511e-01	9.121707170977130241e-01	7.896728360022576831e-01	6.849734784659089470e-01	7.896728360022576831e-01	8.956029281023609734e-01	7.896728360022576831e-01	7.896728360022576831e-01	8.896383887897429954e-01	9.018958129263779933e-01	8.095137847972999623e-01	8.925988085173750530e-01	8.553362742357160098e-01	7.896728360022576831e-01	7.896728360022576831e-01	9.040650528417070175e-01	4.472399449066210009e-01	7.896728360022576831e-01	6.273780162311169972e-01	7.896728360022576831e-01	7.896728360022576831e-01	9.231729268882460371e-01	9.168360289683350484e-01	8.903725645523520305e-01	8.988534742792060328e-01	7.896728360022576831e-01	9.102037041605719470e-01	8.876683135393670376e-01	7.896728360022576831e-01	7.896728360022576831e-01	6.928520731564989932e-01	7.896728360022576831e-01	6.737277952059720354e-01	8.942700829290950448e-01	6.809552890619280374e-01	7.896728360022576831e-01	7.896728360022576831e-01	7.896728360022576831e-01	7.896728360022576831e-01	7.896728360022576831e-01	9.153225187525050321e-01	7.896728360022576831e-01	7.896728360022576831e-01	7.896728360022576831e-01	7.896728360022576831e-01	8.937283342236069794e-01	8.948058368453409850e-01	2.323498485203280006e-01	7.896728360022576831e-01	7.915713083367500458e-01	8.930352530414620293e-01	8.874793968973809788e-01	7.896728360022576831e-01	9.140528003322530015e-01	7.896728360022576831e-01	9.101091399313200325e-01	8.980901903172210377e-01	7.896728360022576831e-01	8.986506899013230187e-01	8.844658181701620103e-01	7.896728360022576831e-01	7.896728360022576831e-01	9.279907334335230074e-01	9.218617677593740067e-01	7.896728360022576831e-01	9.209645128360010036e-01	9.205040570527790456e-01	9.219278256970689922e-01	9.027627927201520297e-01	9.123381497113890459e-01	7.896728360022576831e-01	8.894839116370399923e-01	7.896728360022576831e-01
7.896728360022576831e-01	9.062455978341980023e-01	1.000000000000000000e+00	8.922080318773439878e-01	7.685667122028959630e-01	8.889066756030490346e-01	8.609749494463130315e-01	7.896728360022576831e-01	7.896728360022576831e-01	8.116424684099450282e-01	8.909169576643920507e-01	7.896728360022576831e-01	7.896728360022576831e-01	8.739432897017850310e-01	7.896728360022576831e-01	7.896728360022576831e-01	7.896728360022576831e-01	8.894584935750120547e-01	9.113461794799839755e-01	8.723764270756459993e-01	8.739149127204679512e-01	9.098583132297080045e-01	8.780474916103410132e-01	9.127814306927399812e-01	8.563996940704849958e-01	7.896728360022576831e-01	5.999883087037449769e-01	7.896728360022576831e-01	8.902893435221189700e-01	8.626748042698769714e-01	8.709203140541730281e-01	9.129405891881009483e-01	9.159186152504159573e-01	7.771379497713919449e-01	9.084140622117450325e-01	7.896728360022576831e-01	7.896728360022576831e-01	7.896728360022576831e-01	7.896728360022576831e-01	7.896728360022576831e-01	7.896728360022576831e-01	7.896728360022576831e-01	8.781001261822140025e-01	7.896728360022576831e-01	7.896728360022576831e-01	7.896728360022576831e-01	7.896728360022576831e-01	7.896728360022576831e-01	7.896728360022576831e-01	8.844245540936670480e-01	7.896728360022576831e-01	8.766601548138599487e-01	7.896728360022576831e-01	9.019273156987359652e-01	6.740943018772439510e-01	9.003626394575590108e-01	7.896728360022576831e-01	7.896728360022576831e-01	9.094676450138089452e-01	8.752643007967909616e-01	8.891766994528399470e-01	7.986157078231449491e-01	7.896728360022576831e-01	8.424402244245500215e-01	7.896728360022576831e-01	7.896728360022576831e-01	7.896728360022576831e-01	7.896728360022576831e-01	7.896728360022576831e-01	6.181199205846269473e-01	9.048353831369500000e-01	7.896728360022576831e-01	9.078475490529099856e-01	7.896728360022576831e-01	8.757654720425339656e-01	7.896728360022576831e-01	8.777543907501119680e-01	8.945550387080219989e-01	7.896728360022576831e-01	7.896728360022576831e-01	7.896728360022576831e-01	7.896728360022576831e-01	7.989798606234750356e-01	7.896728360022576831e-01	8.801730778759649931e-01	6.719301396795249737e-01	8.891912300538330483e-01	7.896728360022576831e-01	1.000000000000000021e-03	4.050948669333919727e-01	7.896728360022576831e-01	8.977902731557849680e-01	7.896728360022576831e-01	8.741896910695500234e-01	7.896728360022576831e-01	7.896728360022576831e-01	7.896728360022576831e-01	8.789308182385680013e-01	7.896728360022576831e-01	8.969307139944330265e-01	7.896728360022576831e-01	7.896728360022576831e-01	8.717442451890670130e-01	7.896728360022576831e-01	7.896728360022576831e-01	8.946464493698099707e-01	8.937398229874730093e-01	8.834400134304889463e-01	9.162819963004400492e-01	8.837130540751539920e-01	7.896728360022576831e-01	8.493316862717229521e-01	8.743734239153749810e-01	7.896728360022576831e-01	7.896728360022576831e-01	7.896728360022576831e-01	7.896728360022576831e-01	9.061582818943040296e-01	7.896728360022576831e-01	8.870429110248669868e-01	7.896728360022576831e-01	9.027707706287819711e-01	7.896728360022576831e-01	8.692364608766459666e-01
7.896728360022576831e-01	9.072999999888520239e-01	8.922080318773439878e-01	1.000000000000000000e+00	7.896728360022576831e-01	7.896728360022576831e-01	8.653885600067620087e-01	7.896728360022576831e-01	8.004234738911849556e-01	8.102205779823640208e-01	7.896728360022576831e-01	8.942525933102619673e-01	7.896728360022576831e-01	8.764659971217170220e-01	7.896728360022576831e-01	9.220768478816450120e-01	7.896728360022576831e-01	8.905853376878729577e-01	9.131993766728589978e-01	8.725026620528010257e-01	8.750391448855270315e-01	9.094344358134149875e-01	7.896728360022576831e-01	7.896728360022576831e-01	8.593319764395940252e-01	7.896728360022576831e-01	6.029878705105850001e-01	7.608425779731530225e-01	7.896728360022576831e-01	8.641687776759809925e-01	7.896728360022576831e-01	9.136199413220169596e-01	9.171233425826400554e-01	7.896728360022576831e-01	7.896728360022576831e-01	8.718858514687299888e-01	8.839372166387500229e-01	7.896728360022576831e-01	5.297710708394020029e-01	7.896728360022576831e-01	9.069204046365320071e-01	8.692244576840200132e-01	8.790002016482050262e-01	7.896728360022576831e-01	7.896728360022576831e-01	7.896728360022576831e-01	8.200424775644750142e-01	8.763689081026260208e-01	8.847055651319829517e-01	7.896728360022576831e-01	8.696145162084709668e-01	7.896728360022576831e-01	7.896728360022576831e-01	9.022159583721209852e-01	6.742670886285180298e-01	7.896728360022576831e-01	7.896728360022576831e-01	9.062377853333970501e-01	7.896728360022576831e-01	8.763842159531010090e-01	7.896728360022576831e-01	7.896728360022576831e-01	8.784360548797189860e-01	7.896728360022576831e-01	7.896728360022576831e-01	5.200097508983829719e-01	7.896728360022576831e-01	4.418502584330780136e-01	8.942894372325099761e-01	7.896728360022576831e-01	9.064917147448819934e-01	7.896728360022576831e-01	7.896728360022576831e-01	9.027743189038049954e-01	8.773087448115289844e-01	8.853662229625539615e-01	7.896728360022576831e-01	8.956423869705669727e-01	8.750124978465080305e-01	8.927075356495199898e-01	8.497464404668569893e-01	7.896728360022576831e-01	7.896728360022576831e-01	7.896728360022576831e-01	8.799830329403840468e-01	7.896728360022576831e-01	7.896728360022576831e-01	8.841564377804810304e-01	1.000000000000000021e-03	4.038613900118009914e-01	7.896728360022576831e-01	7.896728360022576831e-01	7.896728360022576831e-01	7.896728360022576831e-01	7.572787618399889897e-01	7.896728360022576831e-01	8.785459993020330316e-01	8.803714824610490153e-01	7.896728360022576831e-01	8.989590624565779731e-01	7.896728360022576831e-01	7.896728360022576831e-01	8.718783622243549969e-01	8.463983481134069731e-01	7.896728360022576831e-01	8.974376661706889857e-01	8.969175862705860425e-01	8.854209727136700403e-01	7.896728360022576831e-01	7.896728360022576831e-01	7.896728360022576831e-01	8.516962735074179447e-01	8.775479457301359476e-01	9.129404026101950453e-01	9.078785590240170400e-01	7.896728360022576831e-01	9.062348142819259822e-01	9.063412002501649578e-01	9.083543986753730426e-01	7.896728360022576831e-01	9.004419253271199741e-01	7.896728360022576831e-01	8.750741862359709966e-01	7.896728360022576831e-01
7.896728360022576831e-01	7.803670272541689545e-01	7.685667122028959630e-01	7.896728360022576831e-01	9.999999999999970024e-01	7.664884229159999451e-01	7.896728360022576831e-01	7.896728360022576831e-01	6.974995803376640158e-01	7.896728360022576831e-01	7.702594361556700520e-01	7.896728360022576831e-01	7.791911529073779485e-01	7.896728360022576831e-01	7.346760186495979728e-01	7.927499375306690244e-01	7.896728360022576831e-01	7.896728360022576831e-01	7.896728360022576831e-01	7.896728360022576831e-01	7.896728360022576831e-01	7.896728360022576831e-01	7.896728360022576831e-01	7.896728360022576831e-01	7.444950432520409667e-01	7.535292971520269889e-01	5.347162437682869696e-01	7.896728360022576831e-01	7.703160279416010336e-01	7.896728360022576831e-01	7.559937967026959527e-01	7.882758141780269456e-01	7.896728360022576831e-01	7.896728360022576831e-01	7.896728360022576831e-01	7.896728360022576831e-01	7.896728360022576831e-01	7.722384598304620207e-01	7.896728360022576831e-01	7.714063134695310353e-01	7.896728360022576831e-01	7.896728360022576831e-01	7.896728360022576831e-01	5.876694712185199787e-01	7.129517359978080338e-01	7.753078393911480015e-01	7.896728360022576831e-01	7.896728360022576831e-01	7.634805915829400158e-01	7.653230729202059601e-01	7.896728360022576831e-01	7.603013399126480332e-01	7.896728360022576831e-01	7.896728360022576831e-01	7.896728360022576831e-01	7.775223066602420241e-01	7.896728360022576831e-01	7.816561254012439619e-01	7.896728360022576831e-01	7.553490331388430512e-01	7.896728360022576831e-01	6.975058303144120453e-01	7.592506845442880126e-01	7.896728360022576831e-01	7.896728360022576831e-01	4.669657937921189994e-01	7.710530678914999658e-01	7.896728360022576831e-01	7.747185184092090227e-01	5.485001301027140341e-01	7.830460365099659592e-01	6.263952454819999849e-01	7.828914932372309510e-01	7.776321265629260182e-01	7.571043068291349876e-01	7.648664648186439541e-01	7.570794528560089720e-01	7.896728360022576831e-01	7.896728360022576831e-01	7.896728360022576831e-01	7.896728360022576831e-01	7.896728360022576831e-01	7.896728360022576831e-01	5.859278102452659676e-01	7.896728360022576831e-01	5.973660067086310477e-01	7.896728360022576831e-01	7.896728360022576831e-01	1.000000000000000021e-03	3.791678455224329891e-01	7.665067341761470088e-01	7.741658030534089852e-01	7.896728360022576831e-01	7.566210183203140316e-01	7.896728360022576831e-01	7.591657608069489749e-01	7.896728360022576831e-01	7.896728360022576831e-01	7.896728360022576831e-01	7.896728360022576831e-01	7.896728360022576831e-01	7.558252494143240519e-01	7.564171582080430056e-01	7.303774679519510205e-01	7.896728360022576831e-01	7.729991749303649629e-01	7.745869433963760153e-01	7.645024247018979979e-01	7.898008108475940148e-01	7.651643664010939760e-01	7.896728360022576831e-01	7.379964377576989643e-01	7.896728360022576831e-01	7.896728360022576831e-01	7.830784355454379897e-01	7.808206430753049654e-01	7.838652475962429866e-01	7.808239797139460148e-01	7.812561077300670398e-01	7.649260872657640542e-01	7.760495656038639556e-01	7.806537471235389658e-01	7.896728360022576831e-01	7.896728360022576831e-01
9.072868579518590382e-01	7.896728360022576831e-01	8.889066756030490346e-01	7.896728360022576831e-01	7.664884229159999451e-01	1.000000000000000000e+00	7.896728360022576831e-01	8.415615892749089832e-01	7.973694326180149616e-01	7.896728360022576831e-01	8.886670708085939729e-01	8.898074876937289712e-01	7.896728360022576831e-01	8.749011990419429674e-01	7.896728360022576831e-01	7.896728360022576831e-01	9.068170027076599693e-01	7.896728360022576831e-01	9.091904924875390259e-01	7.896728360022576831e-01	8.701048481403730328e-01	9.084440063666070486e-01	7.896728360022576831e-01	9.097555410502869977e-01	8.581098515434180118e-01	7.896728360022576831e-01	7.896728360022576831e-01	7.568614236866619827e-01	8.876969385291929582e-01	7.896728360022576831e-01	8.704066070267989508e-01	9.119198068707560223e-01	7.896728360022576831e-01	7.896728360022576831e-01	7.896728360022576831e-01	8.680619370311889460e-01	7.896728360022576831e-01	7.896728360022576831e-01	5.232150722565389600e-01	7.896728360022576831e-01	7.896728360022576831e-01	7.896728360022576831e-01	8.751713326961180206e-01	7.896728360022576831e-01	8.160545140908910255e-01	7.896728360022576831e-01	8.159818150287070360e-01	7.896728360022576831e-01	8.809292731701979795e-01	7.896728360022576831e-01	7.896728360022576831e-01	7.896728360022576831e-01	8.931729924146899480e-01	7.896728360022576831e-01	7.896728360022576831e-01	7.896728360022576831e-01	8.800196547572759487e-01	9.043138008290180219e-01	7.896728360022576831e-01	7.896728360022576831e-01	8.847719563202830484e-01	7.896728360022576831e-01	7.896728360022576831e-01	7.896728360022576831e-01	8.047769334814699471e-01	7.896728360022576831e-01	7.896728360022576831e-01	7.896728360022576831e-01	8.910241659777089485e-01	6.170797839325640188e-01	7.896728360022576831e-01	7.145278950633729975e-01	9.070961247880340306e-01	7.896728360022576831e-01	7.896728360022576831e-01	7.896728360022576831e-01	8.783810519097869918e-01	8.930366040836129615e-01	7.896728360022576831e-01	7.896728360022576831e-01	8.435460608828619922e-01	6.796223504619750555e-01	8.012268409132290437e-01	6.609881486352799929e-01	7.896728360022576831e-01	6.749346017597369629e-01	8.872563018403150092e-01	7.896728360022576831e-01	1.000000000000000021e-03	4.041607294259310090e-01	8.873393715546510352e-01	8.973880216337930538e-01	8.795457930149109815e-01	7.896728360022576831e-01	7.549577486636169787e-01	7.896728360022576831e-01	7.896728360022576831e-01	7.896728360022576831e-01	7.896728360022576831e-01	8.939762638453390142e-01	7.752267683736130399e-01	7.896728360022576831e-01	8.705505989235100550e-01	8.436198040954530075e-01	8.986950124960330077e-01	7.896728360022576831e-01	8.916120847322389631e-01	7.896728360022576831e-01	7.896728360022576831e-01	7.896728360022576831e-01	7.896728360022576831e-01	7.896728360022576831e-01	8.744941297226720422e-01	7.896728360022576831e-01	7.896728360022576831e-01	7.896728360022576831e-01	9.036718082282709785e-01	7.896728360022576831e-01	7.896728360022576831e-01	7.896728360022576831e-01	8.969322727213849822e-01	7.896728360022576831e-01	8.724846602309459520e-01	7.896728360022576831e-01
7.896728360022576831e-01	7.896728360022576831e-01	8.609749494463130315e-01	8.653885600067620087e-01	7.896728360022576831e-01	7.896728360022576831e-01	1.000000000000000000e+00	8.160724253716760135e-01	7.798769545759229871e-01	7.896728360022576831e-01	8.624894383748590299e-01	8.638303811337380012e-01	7.896728360022576831e-01	8.479133016039800408e-01	8.185188443307940265e-01	7.896728360022576831e-01	8.801253296325419750e-01	8.620701907236799633e-01	7.896728360022576831e-01	7.896728360022576831e-01	7.896728360022576831e-01	7.896728360022576831e-01	7.896728360022576831e-01	7.896728360022576831e-01	8.306398385971489606e-01	8.425731287657840518e-01	7.896728360022576831e-01	7.362681371620209969e-01	7.896728360022576831e-01	7.896728360022576831e-01	8.433664213414460153e-01	8.837137901202719581e-01	7.896728360022576831e-01	7.552135232698650169e-01	8.804833486938099529e-01	8.465199959745329794e-01	8.541025344173259759e-01	8.682003409120010451e-01	5.131455850286430476e-01	7.896728360022576831e-01	8.776904739210269479e-01	8.421954985807400540e-01	7.896728360022576831e-01	6.495613850615290508e-01	7.942889037619640380e-01	7.896728360022576831e-01	7.896728360022576831e-01	7.896728360022576831e-01	7.896728360022576831e-01	7.896728360022576831e-01	8.415057431598810256e-01	8.506722485714169890e-01	7.896728360022576831e-01	7.896728360022576831e-01	6.551039291633800055e-01	8.719224363017969992e-01	7.896728360022576831e-01	7.896728360022576831e-01	8.808480196694700171e-01	8.484903554362349665e-01	8.592896900274999972e-01	7.770031734058040485e-01	8.522810564176610537e-01	8.152710061259029750e-01	7.857647049543869944e-01	5.056372860861879648e-01	8.614687515871519707e-01	7.896728360022576831e-01	8.657698103656039645e-01	6.002400353161350122e-01	8.769890949749250542e-01	6.976538905597440277e-01	7.896728360022576831e-01	7.896728360022576831e-01	8.498503936769199463e-01	8.570370892696479448e-01	7.896728360022576831e-01	8.678969800702589499e-01	7.896728360022576831e-01	7.896728360022576831e-01	8.226416226000939913e-01	7.896728360022576831e-01	7.771240674339999766e-01	6.472682582543100027e-01	8.511578368290459995e-01	6.517754730870409796e-01	8.605859667601759577e-01	7.896728360022576831e-01	1.000000000000000021e-03	7.896728360022576831e-01	7.896728360022576831e-01	8.709262466033129702e-01	7.896728360022576831e-01	7.896728360022576831e-01	7.338238432625749930e-01	8.535811868078539977e-01	8.533433537184169637e-01	8.526326340427680117e-01	7.896728360022576831e-01	7.896728360022576831e-01	7.896728360022576831e-01	7.896728360022576831e-01	7.896728360022576831e-01	7.896728360022576831e-01	7.896728360022576831e-01	8.675787712363770554e-01	7.896728360022576831e-01	7.896728360022576831e-01	7.896728360022576831e-01	8.575751923550239963e-01	8.437163768635369543e-01	8.241733649232619863e-01	7.896728360022576831e-01	7.896728360022576831e-01	8.770310114551059799e-01	8.771096809782760184e-01	7.896728360022576831e-01	8.761986386436110275e-01	7.896728360022576831e-01	7.896728360022576831e-01	7.896728360022576831e-01	8.747178068398550055e-01	8.469956588566970312e-01	7.896728360022576831e-01
7.896728360022576831e-01	7.896728360022576831e-01	7.896728360022576831e-01	7.896728360022576831e-01	7.896728360022576831e-01	8.415615892749089832e-01	8.160724253716760135e-01	1.000000000000000000e+00	7.896728360022576831e-01	7.896728360022576831e-01	7.896728360022576831e-01	7.896728360022576831e-01	7.896728360022576831e-01	8.279637261376270319e-01	8.029243203967729725e-01	8.681262196780910045e-01	8.576645565491830547e-01	7.896728360022576831e-01	8.590848288043210212e-01	7.896728360022576831e-01	7.896728360022576831e-01	8.575230660415330552e-01	8.258899787586879704e-01	7.896728360022576831e-01	7.896728360022576831e-01	7.896728360022576831e-01	7.896728360022576831e-01	7.191156895620990364e-01	8.391962011226480334e-01	8.142640059061929669e-01	8.217365124150569633e-01	7.896728360022576831e-01	7.896728360022576831e-01	7.896728360022576831e-01	7.896728360022576831e-01	7.896728360022576831e-01	7.896728360022576831e-01	8.463929388151429922e-01	7.896728360022576831e-01	8.403499148369709681e-01	7.896728360022576831e-01	8.194038023259629933e-01	7.896728360022576831e-01	6.349473765101909528e-01	7.748284269181220374e-01	7.896728360022576831e-01	7.759910540782799515e-01	7.896728360022576831e-01	8.324859339449209861e-01	8.342130137948090551e-01	7.896728360022576831e-01	8.280423330104610402e-01	7.896728360022576831e-01	7.896728360022576831e-01	6.410395390958260053e-01	7.896728360022576831e-01	8.300279525369469447e-01	7.896728360022576831e-01	8.588922747988220197e-01	8.262133984518830188e-01	8.353083245903879517e-01	7.539078557825760196e-01	8.284284891291240349e-01	7.927186403784930446e-01	7.896728360022576831e-01	7.896728360022576831e-01	7.896728360022576831e-01	4.250172190095750091e-01	7.896728360022576831e-01	5.888611172620880074e-01	7.896728360022576831e-01	6.830541939739750434e-01	7.896728360022576831e-01	7.896728360022576831e-01	7.896728360022576831e-01	7.896728360022576831e-01	8.294821525117860306e-01	8.440694590037050027e-01	8.236674781080299823e-01	7.896728360022576831e-01	7.896728360022576831e-01	6.472963543242979956e-01	7.586468312244669665e-01	7.896728360022576831e-01	8.286379782315419495e-01	7.896728360022576831e-01	7.896728360022576831e-01	8.321389712782529813e-01	1.000000000000000021e-03	7.896728360022576831e-01	8.396383119033340448e-01	7.896728360022576831e-01	8.321851192631160021e-01	7.896728360022576831e-01	7.171135112172799531e-01	7.896728360022576831e-01	7.896728360022576831e-01	8.316604319251229560e-01	2.254209671489300071e-01	7.896728360022576831e-01	7.896728360022576831e-01	8.298277810277370214e-01	8.227589684071320297e-01	7.997053205907550533e-01	7.896728360022576831e-01	7.896728360022576831e-01	7.896728360022576831e-01	8.345110037121169499e-01	7.896728360022576831e-01	8.356423267839879765e-01	8.212352583900679459e-01	8.028435597124670142e-01	7.896728360022576831e-01	7.896728360022576831e-01	7.896728360022576831e-01	8.533283387755720151e-01	8.547123783155939902e-01	8.558918754795360462e-01	8.559741196302940169e-01	7.896728360022576831e-01	8.472770145969950040e-01	7.896728360022576831e-01	7.896728360022576831e-01	8.227947635914399926e-01
7.896728360022576831e-01	7.896728360022576831e-01	7.896728360022576831e-01	8.004234738911849556e-01	6.974995803376640158e-01	7.973694326180149616e-01	7.798769545759229871e-01	7.896728360022576831e-01	9.999999999999990008e-01	7.896728360022576831e-01	7.896728360022576831e-01	7.896728360022576831e-01	8.090861537090480171e-01	7.896728360022576831e-01	7.896728360022576831e-01	8.243168356648920003e-01	7.896728360022576831e-01	7.970081818064650436e-01	8.158886531933490227e-01	7.860436917968699477e-01	7.819247064199059682e-01	7.896728360022576831e-01	7.896728360022576831e-01	8.155043803429290472e-01	7.716738415314210453e-01	7.896728360022576831e-01	7.896728360022576831e-01	6.902125876820199846e-01	7.896728360022576831e-01	7.896728360022576831e-01	7.851179320552129637e-01	7.896728360022576831e-01	8.211865838850830324e-01	7.896728360022576831e-01	7.896728360022576831e-01	7.833330106076870081e-01	7.896728360022576831e-01	8.058564520155500066e-01	4.819413526220769906e-01	7.896728360022576831e-01	7.896728360022576831e-01	7.896728360022576831e-01	7.879059511258159620e-01	6.099005349753650052e-01	7.403235958342659906e-01	7.896728360022576831e-01	7.896728360022576831e-01	7.896728360022576831e-01	7.943383382059580056e-01	7.973690157614360396e-01	7.896728360022576831e-01	7.856874593305950283e-01	8.024447780128429741e-01	7.896728360022576831e-01	7.896728360022576831e-01	7.896728360022576831e-01	7.890662430682560124e-01	8.114195796890150136e-01	8.150156131502129808e-01	7.896728360022576831e-01	7.896728360022576831e-01	7.219553154209570334e-01	7.896728360022576831e-01	7.558100405368469721e-01	7.313491599683590305e-01	4.802949386340050197e-01	7.896728360022576831e-01	4.146844935039000202e-01	7.896728360022576831e-01	7.896728360022576831e-01	7.896728360022576831e-01	7.896728360022576831e-01	7.896728360022576831e-01	8.062390465491450220e-01	7.854227632128409908e-01	7.896728360022576831e-01	7.869686250916859693e-01	8.060746543603910519e-01	7.896728360022576831e-01	7.988213124566440060e-01	7.624482968510409853e-01	7.896728360022576831e-01	7.186345892784770095e-01	6.055315999296000395e-01	7.896728360022576831e-01	7.896728360022576831e-01	7.896728360022576831e-01	7.896728360022576831e-01	1.000000000000000021e-03	3.851285696917979839e-01	7.896728360022576831e-01	7.896728360022576831e-01	7.896728360022576831e-01	7.839229473712869822e-01	7.896728360022576831e-01	7.896728360022576831e-01	7.884700176714179998e-01	7.896728360022576831e-01	7.896728360022576831e-01	7.896728360022576831e-01	7.896728360022576831e-01	7.855556605372969736e-01	7.843008934426459744e-01	7.896728360022576831e-01	8.057086545993440430e-01	8.028206234472660130e-01	7.896728360022576831e-01	7.913053101078639795e-01	7.896728360022576831e-01	7.945808214805939462e-01	7.896728360022576831e-01	7.896728360022576831e-01	7.896728360022576831e-01	7.896728360022576831e-01	7.896728360022576831e-01	7.896728360022576831e-01	7.896728360022576831e-01	7.896728360022576831e-01	8.128594356629940121e-01	7.896728360022576831e-01	8.052655270610300509e-01	7.896728360022576831e-01	7.896728360022576831e-01	7.800102751125399525e-01
7.896728360022576831e-01	8.240280054538300369e-01	8.116424684099450282e-01	8.102205779823640208e-01	7.896728360022576831e-01	7.896728360022576831e-01	7.896728360022576831e-01	7.896728360022576831e-01	7.896728360022576831e-01	9.999999999999990008e-01	8.113975018138299689e-01	8.120088197748289716e-01	7.896728360022576831e-01	7.896728360022576831e-01	7.896728360022576831e-01	7.896728360022576831e-01	8.272536575200990505e-01	8.090378632848309604e-01	8.293855112182150213e-01	7.931616632741039785e-01	7.953236546798010398e-01	7.896728360022576831e-01	7.964616788415610493e-01	8.294048076689070070e-01	7.896728360022576831e-01	7.914522073612789699e-01	5.587621602373910035e-01	6.975364479638199722e-01	7.896728360022576831e-01	7.870410753557589567e-01	7.896728360022576831e-01	8.289719383320499624e-01	7.896728360022576831e-01	7.139489410823189885e-01	8.243435332422710538e-01	7.896728360022576831e-01	7.896728360022576831e-01	8.173355855315560525e-01	7.896728360022576831e-01	8.117882175055980420e-01	7.896728360022576831e-01	7.902337352515930169e-01	7.896728360022576831e-01	7.896728360022576831e-01	7.475127636629109729e-01	8.160939835456479940e-01	7.896728360022576831e-01	7.896728360022576831e-01	8.026661967230309669e-01	8.073373281549940383e-01	7.925092554557330304e-01	7.896728360022576831e-01	7.896728360022576831e-01	8.190210080819440019e-01	6.196530368789829879e-01	8.172830091011820119e-01	7.896728360022576831e-01	7.896728360022576831e-01	8.257245796508240199e-01	7.896728360022576831e-01	7.896728360022576831e-01	7.333947436051240221e-01	7.993202526491519633e-01	7.896728360022576831e-01	7.896728360022576831e-01	4.841758897341960077e-01	7.896728360022576831e-01	4.163668416417269924e-01	8.122062773650969847e-01	5.739809909265649601e-01	8.238004296815629734e-01	7.896728360022576831e-01	8.272392286508759573e-01	8.201998032765820401e-01	7.982192613934480097e-01	8.080814424739199975e-01	8.008867323364109447e-01	8.149935876857260508e-01	7.981121033981519730e-01	7.896728360022576831e-01	7.896728360022576831e-01	6.253908420489510123e-01	7.896728360022576831e-01	6.124675936045680391e-01	7.991587288715360504e-01	6.234752360055629827e-01	8.076169429459969518e-01	7.896728360022576831e-01	7.896728360022576831e-01	3.795736308723369756e-01	8.101474711258620509e-01	7.896728360022576831e-01	7.896728360022576831e-01	7.959174771579160534e-01	7.896728360022576831e-01	7.896728360022576831e-01	7.896728360022576831e-01	7.896728360022576831e-01	7.896728360022576831e-01	7.896728360022576831e-01	7.140473893811190020e-01	7.896728360022576831e-01	7.958861745673579957e-01	7.896728360022576831e-01	7.896728360022576831e-01	7.896728360022576831e-01	8.138394803915840470e-01	8.054249877908420396e-01	8.337245484286970321e-01	8.042521703133369559e-01	7.896728360022576831e-01	7.896728360022576831e-01	7.896728360022576831e-01	7.896728360022576831e-01	7.896728360022576831e-01	7.896728360022576831e-01	8.254341756451030188e-01	8.216364337326369505e-01	8.254211584778320399e-01	8.063462118538909928e-01	7.896728360022576831e-01	8.218163160985020310e-01	7.962354307125949493e-01	7.934789418990669807e-01
7.896728360022576831e-01	7.896728360022576831e-01	8.909169576643920507e-01	7.896728360022576831e-01	7.702594361556700520e-01	8.886670708085939729e-01	8.624894383748590299e-01	7.896728360022576831e-01	7.896728360022576831e-01	8.113975018138299689e-01	1.000000000000000000e+00	7.896728360022576831e-01	9.028098700172449975e-01	8.764611015742369560e-01	7.896728360022576831e-01	7.896728360022576831e-01	9.085853460969199880e-01	7.896728360022576831e-01	9.116227208007370297e-01	8.734942593592619486e-01	7.896728360022576831e-01	9.092756947748269480e-01	8.746145043399790042e-01	9.118942077051149786e-01	7.896728360022576831e-01	8.682668668302839787e-01	7.896728360022576831e-01	7.571275725445669735e-01	7.896728360022576831e-01	8.610903540183050264e-01	7.896728360022576831e-01	7.896728360022576831e-01	7.896728360022576831e-01	7.896728360022576831e-01	7.896728360022576831e-01	8.697569845753270190e-01	7.896728360022576831e-01	8.976059400773039876e-01	7.896728360022576831e-01	8.911407922257460479e-01	9.054900595444339562e-01	7.896728360022576831e-01	7.896728360022576831e-01	7.896728360022576831e-01	7.896728360022576831e-01	7.896728360022576831e-01	8.199939515255040279e-01	7.896728360022576831e-01	7.896728360022576831e-01	7.896728360022576831e-01	8.688460925602109475e-01	8.773158359694379627e-01	8.955393291615779683e-01	7.896728360022576831e-01	7.896728360022576831e-01	7.896728360022576831e-01	7.896728360022576831e-01	7.896728360022576831e-01	7.896728360022576831e-01	8.750899585723800334e-01	7.896728360022576831e-01	7.896728360022576831e-01	7.896728360022576831e-01	7.896728360022576831e-01	8.061147332548980193e-01	5.173805747324200510e-01	7.896728360022576831e-01	7.896728360022576831e-01	8.926305226611379595e-01	7.896728360022576831e-01	9.070760628208930365e-01	7.176602010530079845e-01	7.896728360022576831e-01	7.896728360022576831e-01	8.766589100587960370e-01	7.896728360022576831e-01	8.778006223387200269e-01	7.896728360022576831e-01	8.746162446562669723e-01	7.896728360022576831e-01	7.896728360022576831e-01	6.828352489597560027e-01	7.896728360022576831e-01	6.641820562227429559e-01	7.896728360022576831e-01	6.694586709256280521e-01	8.878837372574539533e-01	7.896728360022576831e-01	7.896728360022576831e-01	4.046053513483309771e-01	7.896728360022576831e-01	8.973337180785150302e-01	7.896728360022576831e-01	8.750490850797399967e-01	7.583121780293039516e-01	7.896728360022576831e-01	8.780512763280350352e-01	7.896728360022576831e-01	2.311166429087370133e-01	7.896728360022576831e-01	7.896728360022576831e-01	8.778304047115490505e-01	8.733681350810800215e-01	8.452970247469130394e-01	7.896728360022576831e-01	7.896728360022576831e-01	8.945520330421540267e-01	7.896728360022576831e-01	7.896728360022576831e-01	8.853221043289020153e-01	8.698594347944179628e-01	7.896728360022576831e-01	7.896728360022576831e-01	9.107823770934440066e-01	9.061582957350210465e-01	7.896728360022576831e-01	7.896728360022576831e-01	9.060428580044640468e-01	7.896728360022576831e-01	8.869768817362330138e-01	7.896728360022576831e-01	7.896728360022576831e-01	8.733719058037510141e-01	8.684737519751739576e-01
9.122186889543779653e-01	7.896728360022576831e-01	7.896728360022576831e-01	8.942525933102619673e-01	7.896728360022576831e-01	8.898074876937289712e-01	8.638303811337380012e-01	7.896728360022576831e-01	7.896728360022576831e-01	8.120088197748289716e-01	7.896728360022576831e-01	1.000000000000000000e+00	7.896728360022576831e-01	7.896728360022576831e-01	8.489296066267330021e-01	7.896728360022576831e-01	9.102620359023050334e-01	7.896728360022576831e-01	9.142659599699110018e-01	7.896728360022576831e-01	8.758542251098210274e-01	9.105691069688259809e-01	7.896728360022576831e-01	7.896728360022576831e-01	8.603577011472339775e-01	7.896728360022576831e-01	6.023491138026979552e-01	7.568242308517320049e-01	7.896728360022576831e-01	8.654079577241100552e-01	7.896728360022576831e-01	7.896728360022576831e-01	7.896728360022576831e-01	7.778668616954610426e-01	9.100534187452610224e-01	7.896728360022576831e-01	8.855357321067169885e-01	7.896728360022576831e-01	7.896728360022576831e-01	8.922006606410010088e-01	7.896728360022576831e-01	7.896728360022576831e-01	8.798996123994510254e-01	7.896728360022576831e-01	7.896728360022576831e-01	7.896728360022576831e-01	7.896728360022576831e-01	8.729171233574379851e-01	7.896728360022576831e-01	8.866082659970040414e-01	7.896728360022576831e-01	8.788839745660470548e-01	8.975187589856510328e-01	7.896728360022576831e-01	6.744459587079369989e-01	9.019904486435219582e-01	7.896728360022576831e-01	7.896728360022576831e-01	9.115684990062360438e-01	7.896728360022576831e-01	8.895274719628429860e-01	7.896728360022576831e-01	7.896728360022576831e-01	7.896728360022576831e-01	8.118246033048149846e-01	5.188525106321709712e-01	7.896728360022576831e-01	4.437658494991280067e-01	8.946448028105500327e-01	7.896728360022576831e-01	7.896728360022576831e-01	7.199690680436080514e-01	7.896728360022576831e-01	9.020868805298469795e-01	8.771272962268109596e-01	7.896728360022576831e-01	7.896728360022576831e-01	7.896728360022576831e-01	8.781997332296630487e-01	8.933836984991010421e-01	8.477010871065639996e-01	6.829583798791140081e-01	7.896728360022576831e-01	6.642702417393240300e-01	7.896728360022576831e-01	7.896728360022576831e-01	7.896728360022576831e-01	7.896728360022576831e-01	1.000000000000000021e-03	7.896728360022576831e-01	7.896728360022576831e-01	7.896728360022576831e-01	7.896728360022576831e-01	8.746676716494510284e-01	7.588523470410389882e-01	8.817186164001540316e-01	7.896728360022576831e-01	7.896728360022576831e-01	7.896728360022576831e-01	7.896728360022576831e-01	7.808406413744110042e-01	8.796662306032440037e-01	7.896728360022576831e-01	7.896728360022576831e-01	9.009069813748580291e-01	8.972774089071859915e-01	8.981100721615199456e-01	8.854975849699889823e-01	9.188493852840089460e-01	8.862895997301759587e-01	8.711103727686669851e-01	7.896728360022576831e-01	7.896728360022576831e-01	9.142983610582769982e-01	7.896728360022576831e-01	7.896728360022576831e-01	7.896728360022576831e-01	9.071339699987409633e-01	9.086327227446570065e-01	8.915834102662389959e-01	8.996065128600200245e-01	7.896728360022576831e-01	7.896728360022576831e-01	7.896728360022576831e-01
