1.000000000000000000e+00	7.824998244898494493e-01	7.824998244898494493e-01	8.268945554789060015e-01	8.983173025263599953e-01	8.063465959714080089e-01	8.295305453929020523e-01	7.824998244898494493e-01	8.912093790823839567e-01	7.817258591054480066e-01	7.824998244898494493e-01	6.267540648415620419e-01	7.824998244898494493e-01	7.824998244898494493e-01	9.211983569214829970e-01	8.524068744724659918e-01	8.591066963452780314e-01	7.824998244898494493e-01	9.270091101042320370e-01	9.093282926205690231e-01	7.824998244898494493e-01	9.561177835345620046e-01	7.824998244898494493e-01	7.824998244898494493e-01	7.824998244898494493e-01	9.392393512056299576e-01	7.824998244898494493e-01	8.476668542650750426e-01	7.824998244898494493e-01	8.440352745310819582e-01	7.824998244898494493e-01	7.824998244898494493e-01	7.824998244898494493e-01	8.377895361012219766e-01	9.397974953730100500e-01	7.824998244898494493e-01	9.036906102313869704e-01	7.824998244898494493e-01	9.529099672367059570e-01	8.891451474881040262e-01	9.459481561053070253e-01	7.824998244898494493e-01	8.909152915045830401e-01	9.396707378895160501e-01	7.824998244898494493e-01	7.824998244898494493e-01	7.048971310846160465e-01	9.441282771009029684e-01	7.824998244898494493e-01	7.419209905609740474e-01	7.824998244898494493e-01	7.824998244898494493e-01	7.824998244898494493e-01	9.353362437748780067e-01	9.283029899183600220e-01	7.627467522978099712e-01	7.824998244898494493e-01	7.824998244898494493e-01	9.253212641190680099e-01	9.348317228139629842e-01	7.824998244898494493e-01	7.824998244898494493e-01	7.824998244898494493e-01	7.824998244898494493e-01	8.457762928103980116e-01	7.824998244898494493e-01	8.133377081373539541e-01	7.674500899938979659e-01	9.095162108139279722e-01	9.151508391861360447e-01	9.373651224183600084e-01	7.824998244898494493e-01	7.824998244898494493e-01	7.824998244898494493e-01	7.824998244898494493e-01	7.824998244898494493e-01	9.264053851062790113e-01	7.824998244898494493e-01	7.824998244898494493e-01	9.424579463717099870e-01	9.122349204494479835e-01	7.824998244898494493e-01	9.050142767147789646e-01	7.824998244898494493e-01	7.824998244898494493e-01	9.453429490393150392e-01	9.490835069363849907e-01	9.009559931899829843e-01	1.000000000000000021e-03	7.735909407795390491e-01	6.969333905336430046e-01	6.959560043820860464e-01	7.824998244898494493e-01	7.824998244898494493e-01	7.824998244898494493e-01	9.347753836489159918e-01	8.481365034255820001e-01	9.529400503076049800e-01	7.824998244898494493e-01	9.096650069247079751e-01	9.513360343911200223e-01	6.097393852337430475e-01	7.824998244898494493e-01	7.583246520780889677e-01	7.824998244898494493e-01	9.401131148663679493e-01	7.824998244898494493e-01	7.870768793974810551e-01	7.824998244898494493e-01	7.824998244898494493e-01	7.824998244898494493e-01	8.285550358753609457e-01	7.824998244898494493e-01	7.824998244898494493e-01	6.731952989304510471e-01	7.824998244898494493e-01	7.824998244898494493e-01	7.824998244898494493e-01	7.824998244898494493e-01	9.268042782486199949e-01	7.064829234281500003e-01	9.195712323945519628e-01	7.824998244898494493e-01	9.308641112044639954e-01
7.824998244898494493e-01	1.000000000000000000e+00	8.483945561440570104e-01	6.904908755223060357e-01	7.824998244898494493e-01	7.824998244898494493e-01	7.852177838477539806e-01	7.800853440636840164e-01	7.460825435716980092e-01	7.824998244898494493e-01	7.518366166414409690e-01	7.936594434260489939e-01	7.824998244898494493e-01	6.539507240026539714e-01	7.824998244898494493e-01	7.106720556092429586e-01	7.824998244898494493e-01	6.974816464911329783e-01	6.301412145574210033e-01	7.824998244898494493e-01	7.214609064705890251e-01	7.824998244898494493e-01	7.824998244898494493e-01	7.824998244898494493e-01	7.824998244898494493e-01	7.824998244898494493e-01	7.824998244898494493e-01	7.255451753450270491e-01	7.824998244898494493e-01	7.824998244898494493e-01	7.824998244898494493e-01	5.932768423731129559e-01	6.176544000021509939e-01	7.655999998413729468e-01	7.824998244898494493e-01	7.824998244898494493e-01	7.824998244898494493e-01	7.824998244898494493e-01	6.095224353524030247e-01	7.473555022681429572e-01	7.824998244898494493e-01	7.824998244898494493e-01	7.824998244898494493e-01	7.824998244898494493e-01	6.054184979038680359e-01	7.932814279442580441e-01	7.824998244898494493e-01	6.276360664938730460e-01	7.824998244898494493e-01	7.824998244898494493e-01	7.824998244898494493e-01	6.364113877989719947e-01	7.824998244898494493e-01	7.824998244898494493e-01	6.077861243095780130e-01	7.831068272919150530e-01	6.307509600211950174e-01	6.127549079048949521e-01	6.115532317022179809e-01	6.163794294060369605e-01	7.824998244898494493e-01	7.761772879848890527e-01	6.107481653187749604e-01	7.824998244898494493e-01	7.600786278176180355e-01	8.519495306946830437e-01	6.701746194513370503e-01	7.824998244898494493e-01	7.824998244898494493e-01	7.824998244898494493e-01	7.824998244898494493e-01	7.824998244898494493e-01	7.824998244898494493e-01	7.824998244898494493e-01	7.003198406561049749e-01	7.824998244898494493e-01	6.160275061558160292e-01	7.824998244898494493e-01	7.508835109209279768e-01	6.296404705068829877e-01	6.375008857990259736e-01	6.017997054483360531e-01	7.824998244898494493e-01	8.241321145782789515e-01	7.824998244898494493e-01	5.982506160020889530e-01	5.988827819331680180e-01	7.824998244898494493e-01	1.000000000000000021e-03	7.824998244898494493e-01	7.451709488950070126e-01	7.565247852868349776e-01	7.068155205467600011e-01	6.381598751865720232e-01	7.824998244898494493e-01	7.824998244898494493e-01	7.430503563330780326e-01	7.824998244898494493e-01	6.096973889084570386e-01	6.534666912904559810e-01	7.007762289728870497e-01	8.013634815890170460e-01	7.824998244898494493e-01	7.824998244898494493e-01	6.294001824693209457e-01	7.096468887669740155e-01	7.824998244898494493e-01	6.171405532920739567e-01	7.862189832534870471e-01	7.824998244898494493e-01	6.111479350165980318e-01	7.034057349120209635e-01	7.824998244898494493e-01	7.955567909044249930e-01	7.824998244898494493e-01	6.857099100712350515e-01	6.650207229451989832e-01	7.358921370413950003e-01	7.824998244898494493e-01	7.824998244898494493e-01	7.824998244898494493e-01	7.824998244898494493e-01	5.547158909061840060e-01	7.824998244898494493e-01
7.824998244898494493e-01	8.483945561440570104e-01	1.000000000000000000e+00	7.824998244898494493e-01	8.190085310692459819e-01	7.824998244898494493e-01	7.824998244898494493e-01	7.865123687585170442e-01	8.109114119917889552e-01	8.512651966071239640e-01	7.910080324412229746e-01	8.585718335758739661e-01	7.824998244898494493e-01	7.824998244898494493e-01	7.824998244898494493e-01	7.871220577481480296e-01	7.784773154774909942e-01	7.658988794926610000e-01	6.923541618900159733e-01	7.824998244898494493e-01	7.824998244898494493e-01	7.824998244898494493e-01	8.462084653826370539e-01	7.824998244898494493e-01	7.782896675993939972e-01	7.824998244898494493e-01	7.824998244898494493e-01	7.695365098751879573e-01	7.824998244898494493e-01	7.824998244898494493e-01	7.824998244898494493e-01	7.824998244898494493e-01	6.127197376846860166e-01	7.824998244898494493e-01	6.522899999758700051e-01	7.824998244898494493e-01	7.824998244898494493e-01	7.824998244898494493e-01	7.824998244898494493e-01	7.848054984682230062e-01	7.824998244898494493e-01	7.824998244898494493e-01	7.128147951386759607e-01	7.824998244898494493e-01	7.824998244898494493e-01	7.824998244898494493e-01	7.824998244898494493e-01	7.824998244898494493e-01	8.094163662211200094e-01	8.754667304362430125e-01	6.489513937932830379e-01	6.925409656011489723e-01	7.808155303193190511e-01	6.418794034510669766e-01	7.824998244898494493e-01	8.719462426859490023e-01	7.824998244898494493e-01	6.590093716418680136e-01	6.051718222449310458e-01	6.731682511805030522e-01	6.181881899464299890e-01	7.824998244898494493e-01	7.824998244898494493e-01	7.824998244898494493e-01	7.824998244898494493e-01	7.824998244898494493e-01	7.824998244898494493e-01	7.824998244898494493e-01	6.598856294702950542e-01	7.824998244898494493e-01	7.824998244898494493e-01	6.353857480926129453e-01	7.824998244898494493e-01	6.810402249960110233e-01	7.824998244898494493e-01	7.824998244898494493e-01	6.237967436133660115e-01	7.020706091967540141e-01	8.490424681803200313e-01	7.824998244898494493e-01	6.915836328482120043e-01	6.331758585221339830e-01	6.232169719692549625e-01	8.998396727171880105e-01	7.824998244898494493e-01	7.824998244898494493e-01	7.824998244898494493e-01	6.103206312739779538e-01	1.000000000000000021e-03	8.217420062485329968e-01	8.185244723682170154e-01	8.549058021556700249e-01	7.824998244898494493e-01	7.824998244898494493e-01	6.485734280305059940e-01	6.073920400011170173e-01	7.824998244898494493e-01	7.824998244898494493e-01	7.824998244898494493e-01	7.824998244898494493e-01	7.422510990653420349e-01	8.574637321859019945e-01	6.390340855068330495e-01	8.328845601531339460e-01	6.791645043679580551e-01	6.817716136514889724e-01	8.002580149059560499e-01	6.633528275635629523e-01	7.723287068550229728e-01	5.906571402448279606e-01	6.076657794265469814e-01	7.212621620396869604e-01	7.557847783266310460e-01	7.773275664747689717e-01	7.824998244898494493e-01	6.686991119333109967e-01	7.824998244898494493e-01	7.647852666559989965e-01	7.824998244898494493e-01	7.824998244898494493e-01	8.174774417822410211e-01	7.824998244898494493e-01	7.824998244898494493e-01	6.517174120047739549e-01
8.268945554789060015e-01	6.904908755223060357e-01	7.824998244898494493e-01	1.000000000000000000e+00	7.824998244898494493e-01	8.040103757947789642e-01	7.824998244898494493e-01	7.824998244898494493e-01	8.551511890380929515e-01	7.824998244898494493e-01	8.454802121315190266e-01	7.824998244898494493e-01	8.634595606509299914e-01	7.824998244898494493e-01	8.308958039344569446e-01	8.305882462068280292e-01	7.824998244898494493e-01	6.285012715631459468e-01	8.119640143041260139e-01	7.983082147263209638e-01	7.196535224716680279e-01	7.824998244898494493e-01	7.806474821736529845e-01	8.126400759163879828e-01	7.824998244898494493e-01	8.180477429405440537e-01	8.462011797459899620e-01	7.824998244898494493e-01	7.824998244898494493e-01	8.429290003287690514e-01	8.249579823827839498e-01	7.995624228661529775e-01	7.839185804050590178e-01	7.824998244898494493e-01	7.824998244898494493e-01	7.854386595965170415e-01	7.824998244898494493e-01	8.097881260304370388e-01	8.115446727756130407e-01	8.270464495243240455e-01	8.057913899119549805e-01	7.824998244898494493e-01	8.190273352386669981e-01	7.906902774054089811e-01	7.994729351477789514e-01	6.996769786511569666e-01	7.537421326033909574e-01	7.824998244898494493e-01	7.824998244898494493e-01	7.956526906399500332e-01	8.202693654673399726e-01	7.824998244898494493e-01	7.996174972099320266e-01	7.973282319930730111e-01	7.795482200625669655e-01	7.909762511921519801e-01	7.971612055368529903e-01	7.824998244898494493e-01	7.862731384930670142e-01	8.157431699502549760e-01	7.927647945873239621e-01	7.156003654096589894e-01	7.824998244898494493e-01	7.824998244898494493e-01	7.824998244898494493e-01	7.824998244898494493e-01	7.824998244898494493e-01	7.824998244898494493e-01	8.138584056561789515e-01	7.669612851164210321e-01	7.824998244898494493e-01	7.824998244898494493e-01	7.824998244898494493e-01	7.824998244898494493e-01	6.099826708502019690e-01	7.824998244898494493e-01	7.989889572924100403e-01	7.984136116305140529e-01	7.824998244898494493e-01	7.824998244898494493e-01	7.824998244898494493e-01	7.824998244898494493e-01	7.824998244898494493e-01	7.179351385724099810e-01	7.824998244898494493e-01	8.177167790196739894e-01	8.058399551768340441e-01	7.824998244898494493e-01	7.824998244898494493e-01	7.630664172109300480e-01	7.824998244898494493e-01	7.592610542007619534e-01	7.824998244898494493e-01	7.824998244898494493e-01	7.824998244898494493e-01	7.824998244898494493e-01	8.148072581132990155e-01	7.824998244898494493e-01	8.133913969543390410e-01	7.824998244898494493e-01	8.560179680235889821e-01	7.006254069909549909e-01	7.824998244898494493e-01	7.798637355833919482e-01	8.310221978658589581e-01	7.824998244898494493e-01	6.936986814027720216e-01	7.824998244898494493e-01	7.760547812113589572e-01	7.824998244898494493e-01	7.824998244898494493e-01	8.258462985655780075e-01	7.824998244898494493e-01	7.180464099282900525e-01	7.298913263700039789e-01	8.231960279991860086e-01	8.001569672959659707e-01	7.824998244898494493e-01	7.824998244898494493e-01	7.824998244898494493e-01	7.824998244898494493e-01	7.847536964957230188e-01	7.824998244898494493e-01	8.079611765818890401e-01
8.983173025263599953e-01	7.824998244898494493e-01	8.190085310692459819e-01	7.824998244898494493e-01	1.000000000000000000e+00	7.824998244898494493e-01	8.902788604675959672e-01	8.748312923143829467e-01	9.203527384079039919e-01	8.465582497197630119e-01	7.824998244898494493e-01	7.824998244898494493e-01	8.874498313138540206e-01	7.824998244898494493e-01	7.824998244898494493e-01	9.077325547837850062e-01	8.768975251187830500e-01	6.360370748843180433e-01	8.636107358713329685e-01	8.340542459232309636e-01	7.824998244898494493e-01	7.824998244898494493e-01	8.359306003286499642e-01	7.824998244898494493e-01	7.824998244898494493e-01	8.918336777396409509e-01	7.824998244898494493e-01	7.824998244898494493e-01	8.393225361127359951e-01	8.755772885196579924e-01	7.824998244898494493e-01	8.556790093698140032e-01	7.824998244898494493e-01	7.824998244898494493e-01	7.824998244898494493e-01	8.229054903059529469e-01	8.935245466379140300e-01	7.824998244898494493e-01	7.824998244898494493e-01	9.061422177906820474e-01	8.530407133631620065e-01	7.824998244898494493e-01	9.008758407567980520e-01	7.824998244898494493e-01	8.379506460080949903e-01	7.824998244898494493e-01	7.824998244898494493e-01	8.574415847518119804e-01	7.824998244898494493e-01	7.824998244898494493e-01	7.824998244898494493e-01	8.534545534397549593e-01	7.824998244898494493e-01	7.824998244898494493e-01	8.312488011460630322e-01	8.303213116718070053e-01	8.442969255420540442e-01	7.824998244898494493e-01	8.280320647591780103e-01	7.824998244898494493e-01	7.824998244898494493e-01	7.537745810683510461e-01	8.355492369201039660e-01	7.824998244898494493e-01	8.858899445264819539e-01	7.454960848435719933e-01	8.419860618988359580e-01	7.824998244898494493e-01	8.738175567463299931e-01	7.824998244898494493e-01	7.824998244898494493e-01	7.824998244898494493e-01	7.824998244898494493e-01	7.824998244898494493e-01	7.824998244898494493e-01	7.824998244898494493e-01	8.486307675236810510e-01	8.805138107302580286e-01	7.824998244898494493e-01	7.824998244898494493e-01	8.718786799223290362e-01	8.614249917094249920e-01	7.824998244898494493e-01	7.824998244898494493e-01	8.435461078764999732e-01	8.640024275503439544e-01	7.824998244898494493e-01	7.824998244898494493e-01	7.824998244898494493e-01	8.317403847559590169e-01	7.824998244898494493e-01	7.824998244898494493e-01	8.967640498850170117e-01	8.340542459232309636e-01	7.824998244898494493e-01	8.446944025586580196e-01	8.645084188224739785e-01	8.698966696481189587e-01	7.824998244898494493e-01	7.824998244898494493e-01	7.824998244898494493e-01	7.481645503081240101e-01	8.632340861457250547e-01	8.572078411657529928e-01	7.824998244898494493e-01	7.824998244898494493e-01	7.824998244898494493e-01	7.642477106973459833e-01	7.824998244898494493e-01	7.824998244898494493e-01	7.824998244898494493e-01	7.824998244898494493e-01	8.410586608163640454e-01	7.688080455503949473e-01	7.822801989907790521e-01	7.824998244898494493e-01	8.444302049119569720e-01	9.187692953431400023e-01	7.824998244898494493e-01	7.824998244898494493e-01	7.999732770563430240e-01	8.395176710981659962e-01	8.347199529037929722e-01	7.824998244898494493e-01
8.063465959714080089e-01	7.824998244898494493e-01	7.824998244898494493e-01	8.040103757947789642e-01	7.824998244898494493e-01	1.000000000000000000e+00	7.782360622282480378e-01	7.868713506408050451e-01	8.399249506709529633e-01	8.218646490311569686e-01	8.443793139424660144e-01	7.400602266012960007e-01	7.824998244898494493e-01	5.823388751017459786e-01	7.718877440068360185e-01	7.824998244898494493e-01	7.824998244898494493e-01	7.824998244898494493e-01	7.824998244898494493e-01	7.734155688855790522e-01	7.036621594203430474e-01	7.824998244898494493e-01	7.824998244898494493e-01	7.824998244898494493e-01	7.824998244898494493e-01	7.824998244898494493e-01	7.824998244898494493e-01	7.824998244898494493e-01	7.824998244898494493e-01	7.824998244898494493e-01	8.034014395508880524e-01	7.593896274625370202e-01	7.553055709963439890e-01	7.824998244898494493e-01	7.824998244898494493e-01	7.182648816334049613e-01	8.245011681526289715e-01	8.023760566265240035e-01	7.824998244898494493e-01	8.281532695737739980e-01	7.824998244898494493e-01	7.824998244898494493e-01	7.989132905723570488e-01	7.824998244898494493e-01	7.561991798100979878e-01	7.824998244898494493e-01	7.824998244898494493e-01	7.654264394816140404e-01	7.824998244898494493e-01	7.824998244898494493e-01	7.787745171492299612e-01	7.824998244898494493e-01	7.824998244898494493e-01	7.604386390525309514e-01	7.474777690191749535e-01	7.824998244898494493e-01	7.824998244898494493e-01	7.804234742387079482e-01	7.369023448903080364e-01	7.824998244898494493e-01	7.824998244898494493e-01	7.824998244898494493e-01	7.824998244898494493e-01	5.780512181500040425e-01	7.824998244898494493e-01	7.824998244898494493e-01	7.824998244898494493e-01	8.312678863481030023e-01	7.824998244898494493e-01	7.824998244898494493e-01	7.671880342388429641e-01	7.663078302863429725e-01	7.539260257092650352e-01	7.649191658986700393e-01	7.824998244898494493e-01	7.824998244898494493e-01	7.526634761228759851e-01	7.824998244898494493e-01	7.824998244898494493e-01	7.805175497410899998e-01	7.824998244898494493e-01	7.824998244898494493e-01	7.412080317039300148e-01	7.824998244898494493e-01	7.654989345931629829e-01	7.824998244898494493e-01	7.681640400633950039e-01	7.487681504507669450e-01	7.824998244898494493e-01	8.075160917125360216e-01	7.824998244898494493e-01	7.824998244898494493e-01	7.824998244898494493e-01	7.547031986805510240e-01	7.824998244898494493e-01	7.501361049409069892e-01	7.824998244898494493e-01	7.694547992275709847e-01	7.824998244898494493e-01	7.824998244898494493e-01	8.131813304759270000e-01	7.824998244898494493e-01	7.632679187003089671e-01	7.954928641690269808e-01	7.824998244898494493e-01	7.939692770960350421e-01	7.824998244898494493e-01	7.432636369190369630e-01	7.772584124913269887e-01	7.824998244898494493e-01	7.824998244898494493e-01	7.824998244898494493e-01	7.824998244898494493e-01	7.585357860498630478e-01	7.824998244898494493e-01	7.824998244898494493e-01	7.824998244898494493e-01	7.824998244898494493e-01	8.126517370860389944e-01	7.824998244898494493e-01	7.824998244898494493e-01	7.533506978960929912e-01	7.824998244898494493e-01	7.824998244898494493e-01
8.295305453929020523e-01	7.852177838477539806e-01	7.824998244898494493e-01	7.824998244898494493e-01	8.902788604675959672e-01	7.782360622282480378e-01	1.000000000000000000e+00	7.824998244898494493e-01	7.824998244898494493e-01	7.824998244898494493e-01	8.509110253792729894e-01	7.824998244898494493e-01	8.291092699876909666e-01	7.824998244898494493e-01	7.900392785762320180e-01	7.824998244898494493e-01	7.824998244898494493e-01	6.392138409008449873e-01	7.951596151207449559e-01	7.824998244898494493e-01	7.824998244898494493e-01	7.956915104860069476e-01	7.824998244898494493e-01	8.177191258100019455e-01	7.824998244898494493e-01	8.117123833923129972e-01	7.824998244898494493e-01	7.824998244898494493e-01	7.710065734729639741e-01	8.080956775436219930e-01	7.841593447526240546e-01	7.824998244898494493e-01	7.855874476623030400e-01	7.824998244898494493e-01	8.291045110362059711e-01	7.824998244898494493e-01	7.824998244898494493e-01	7.824998244898494493e-01	7.854341513071859682e-01	8.527861422948149750e-01	7.824998244898494493e-01	7.824998244898494493e-01	8.219165418722950145e-01	7.824998244898494493e-01	7.824998244898494493e-01	7.824998244898494493e-01	7.956389899700000434e-01	8.106950060593249852e-01	8.269989796381139735e-01	7.824998244898494493e-01	7.800607177897590505e-01	7.824998244898494493e-01	8.253700422094220057e-01	7.824998244898494493e-01	7.824998244898494493e-01	7.824998244898494493e-01	7.824998244898494493e-01	7.915144345368609891e-01	7.824998244898494493e-01	7.961095146628770491e-01	7.742217201370720225e-01	7.824998244898494493e-01	7.923303549374429711e-01	7.824998244898494493e-01	7.824998244898494493e-01	8.088358331600640216e-01	7.960044219176859448e-01	8.258391882419360286e-01	7.824998244898494493e-01	8.023576347562659805e-01	7.755716249151110020e-01	7.824998244898494493e-01	7.824998244898494493e-01	8.219189007156509907e-01	6.523817356158050362e-01	7.824998244898494493e-01	7.824998244898494493e-01	7.994431081340529488e-01	8.140943469348720374e-01	7.824998244898494493e-01	7.824998244898494493e-01	7.824998244898494493e-01	7.824998244898494493e-01	7.694172594065979975e-01	8.072102380998910087e-01	7.824998244898494493e-01	7.824998244898494493e-01	7.744061647294570028e-01	1.000000000000000021e-03	8.496567360039040118e-01	7.824998244898494493e-01	7.687264122523139731e-01	7.824998244898494493e-01	8.080052347759989484e-01	7.901753315640950293e-01	7.493206239044150063e-01	8.057497648716109850e-01	7.895632775696860284e-01	7.947900090186079680e-01	7.824998244898494493e-01	8.513800285687429525e-01	7.531885607677929473e-01	7.824998244898494493e-01	8.340039802779040112e-01	8.118964390846890034e-01	7.824998244898494493e-01	7.824998244898494493e-01	7.174984621765310155e-01	8.491618743557219906e-01	7.824998244898494493e-01	7.824998244898494493e-01	7.824998244898494493e-01	8.653573632088960021e-01	7.824998244898494493e-01	7.824998244898494493e-01	8.324209676502879462e-01	7.824998244898494493e-01	8.589711005334490501e-01	7.824998244898494493e-01	7.824998244898494493e-01	8.018857185859730174e-01	7.824998244898494493e-01	7.495077403310730357e-01	7.824998244898494493e-01
7.824998244898494493e-01	7.800853440636840164e-01	7.865123687585170442e-01	7.824998244898494493e-01	8.748312923143829467e-01	7.868713506408050451e-01	7.824998244898494493e-01	1.000000000000000000e+00	8.950362258970080420e-01	8.684573584516029898e-01	8.701313760095990002e-01	7.824998244898494493e-01	7.824998244898494493e-01	7.824998244898494493e-01	8.211337799748820165e-01	7.824998244898494493e-01	7.824998244898494493e-01	7.824998244898494493e-01	7.824998244898494493e-01	7.824998244898494493e-01	7.824998244898494493e-01	8.255287638034569664e-01	7.887004077920960476e-01	8.274334307076559591e-01	7.824998244898494493e-01	7.824998244898494493e-01	7.824998244898494493e-01	7.824998244898494493e-01	8.034936729644750475e-01	7.824998244898494493e-01	8.144472184073470178e-01	7.824998244898494493e-01	8.248301435802010140e-01	7.824998244898494493e-01	8.503715030013729859e-01	7.824998244898494493e-01	8.555881519704440219e-01	7.824998244898494493e-01	8.142275321064960103e-01	8.484968251643030257e-01	7.824998244898494493e-01	7.824998244898494493e-01	7.824998244898494493e-01	8.351944134901210237e-01	8.016602177064949819e-01	7.209124220480499501e-01	7.837431165326700366e-01	7.824998244898494493e-01	8.449659578040950025e-01	7.824998244898494493e-01	8.014853831324360023e-01	8.097160842335500153e-01	7.824998244898494493e-01	7.824998244898494493e-01	7.824998244898494493e-01	7.824998244898494493e-01	7.824998244898494493e-01	7.824998244898494493e-01	8.156237814224259752e-01	7.824998244898494493e-01	8.025672084902020220e-01	7.824998244898494493e-01	8.223388826996740342e-01	5.444107272954430421e-01	8.473287706390210117e-01	7.824998244898494493e-01	8.384726624377299986e-01	7.824998244898494493e-01	7.824998244898494493e-01	8.347750531731360502e-01	7.824998244898494493e-01	8.481267671241430328e-01	7.824998244898494493e-01	8.625060323647679716e-01	7.824998244898494493e-01	7.589974381517949897e-01	7.824998244898494493e-01	8.127566951432489972e-01	8.176839246622490398e-01	8.210348090127309595e-01	7.824998244898494493e-01	8.109137392511870379e-01	7.824998244898494493e-01	7.558932384421660489e-01	8.463226152132720115e-01	7.824998244898494493e-01	7.824998244898494493e-01	7.824998244898494493e-01	1.000000000000000021e-03	8.594642788238510134e-01	7.824998244898494493e-01	7.824998244898494493e-01	8.407907743025969660e-01	7.824998244898494493e-01	8.191660293220679456e-01	7.816563138333539884e-01	7.824998244898494493e-01	7.824998244898494493e-01	8.246502558626389590e-01	8.324520250593460124e-01	7.824998244898494493e-01	7.194366931167079926e-01	7.824998244898494493e-01	7.824998244898494493e-01	7.824998244898494493e-01	7.824998244898494493e-01	7.859166850434510243e-01	7.426964456718100349e-01	8.638189549044710258e-01	8.202364085516830050e-01	7.824998244898494493e-01	8.296853047813279591e-01	7.824998244898494493e-01	7.965163086338830079e-01	7.574893994117729568e-01	7.824998244898494493e-01	8.508743953876489741e-01	7.824998244898494493e-01	7.824998244898494493e-01	8.019570637021069537e-01	7.824998244898494493e-01	8.324042449099630092e-01	7.824998244898494493e-01	8.090099493456850421e-01
8.912093790823839567e-01	7.460825435716980092e-01	8.109114119917889552e-01	8.551511890380929515e-01	9.203527384079039919e-01	8.399249506709529633e-01	7.824998244898494493e-01	8.950362258970080420e-01	1.000000000000000000e+00	7.824998244898494493e-01	9.180497307990640454e-01	7.824998244898494493e-01	7.824998244898494493e-01	5.407793322759809618e-01	7.824998244898494493e-01	8.765603613541379513e-01	7.824998244898494493e-01	7.824998244898494493e-01	7.824998244898494493e-01	7.824998244898494493e-01	7.643837095461010200e-01	7.824998244898494493e-01	8.247307270966609538e-01	7.824998244898494493e-01	9.053909671184130481e-01	7.824998244898494493e-01	8.890328762075749847e-01	8.844064037745960061e-01	7.824998244898494493e-01	8.846094815884339990e-01	7.824998244898494493e-01	8.638065595093450399e-01	8.363217384722020364e-01	7.824998244898494493e-01	8.659834345822869928e-01	8.283267896909880523e-01	7.824998244898494493e-01	7.824998244898494493e-01	7.824998244898494493e-01	7.824998244898494493e-01	8.535598820637040340e-01	8.232621809931750523e-01	7.824998244898494493e-01	8.515388642539040154e-01	7.824998244898494493e-01	7.442626040184210368e-01	8.256424935623369876e-01	8.583328551590220235e-01	7.824998244898494493e-01	8.205942973597980528e-01	8.745300600190419882e-01	8.626595164064000398e-01	7.824998244898494493e-01	8.571315807326860270e-01	7.824998244898494493e-01	7.824998244898494493e-01	8.522723361169339817e-01	8.804102094230059627e-01	7.824998244898494493e-01	8.852418597731760430e-01	7.824998244898494493e-01	7.680780664791979628e-01	8.428951329906270162e-01	7.824998244898494493e-01	9.006974625521220190e-01	7.497874266673290045e-01	7.824998244898494493e-01	8.431927282922270228e-01	8.624169251304479866e-01	7.824998244898494493e-01	7.824998244898494493e-01	7.824998244898494493e-01	8.579954422563179639e-01	8.494104880137309799e-01	7.824998244898494493e-01	7.824998244898494493e-01	7.824998244898494493e-01	7.824998244898494493e-01	8.458709634207109973e-01	7.824998244898494493e-01	8.924097505403669750e-01	8.673240526039209808e-01	7.824998244898494493e-01	7.824998244898494493e-01	8.561064141004649519e-01	7.824998244898494493e-01	7.824998244898494493e-01	7.824998244898494493e-01	1.000000000000000021e-03	7.824998244898494493e-01	7.999365440690510143e-01	7.976326304370110476e-01	7.824998244898494493e-01	7.824998244898494493e-01	7.824998244898494493e-01	7.824998244898494493e-01	8.743794827700589467e-01	8.697468901798039997e-01	7.824998244898494493e-01	7.824998244898494493e-01	7.824998244898494493e-01	7.376280974726630024e-01	7.824998244898494493e-01	7.824998244898494493e-01	8.874243625224440546e-01	8.665179408421930241e-01	7.824998244898494493e-01	7.756050131358379618e-01	8.326455627123839909e-01	7.824998244898494493e-01	7.824998244898494493e-01	8.597455171381519490e-01	8.292330123145980059e-01	7.861219644439479959e-01	7.824998244898494493e-01	8.580988686074410010e-01	7.824998244898494493e-01	8.915982350989369865e-01	7.824998244898494493e-01	7.824998244898494493e-01	7.824998244898494493e-01	8.545648313461190471e-01	8.361777399609999772e-01	7.824998244898494493e-01
7.817258591054480066e-01	7.824998244898494493e-01	8.512651966071239640e-01	7.824998244898494493e-01	8.465582497197630119e-01	8.218646490311569686e-01	7.824998244898494493e-01	8.684573584516029898e-01	7.824998244898494493e-01	1.000000000000000000e+00	7.824998244898494493e-01	7.977677015412459882e-01	8.145383822480569691e-01	6.325401690060790116e-01	7.511895804999020321e-01	7.824998244898494493e-01	8.493787979124509668e-01	7.206724619854020242e-01	7.730494140378949552e-01	7.662330595342450312e-01	7.824998244898494493e-01	7.480400243957260331e-01	7.824998244898494493e-01	8.603946899710299689e-01	8.552837272399089752e-01	7.824998244898494493e-01	7.824998244898494493e-01	7.824998244898494493e-01	7.253744500125729466e-01	7.824998244898494493e-01	7.824998244898494493e-01	7.824998244898494493e-01	7.237898735752880119e-01	7.824998244898494493e-01	7.682720717974279578e-01	7.824998244898494493e-01	7.824998244898494493e-01	8.264414125244969878e-01	7.348242627348039457e-01	7.824998244898494493e-01	7.824998244898494493e-01	7.824998244898494493e-01	7.840603299022109729e-01	7.824998244898494493e-01	7.824998244898494493e-01	7.824998244898494493e-01	7.824998244898494493e-01	7.824998244898494493e-01	8.523628414001549469e-01	7.824998244898494493e-01	7.824998244898494493e-01	7.708738209764079974e-01	8.580249913702520104e-01	7.824998244898494493e-01	7.306101740146410117e-01	7.824998244898494493e-01	7.824998244898494493e-01	7.824998244898494493e-01	7.180608352555609697e-01	7.824998244898494493e-01	7.824998244898494493e-01	8.311390697374559933e-01	7.274007566378759559e-01	6.476155367249469830e-01	8.715559523019760224e-01	8.472217794617340481e-01	7.824998244898494493e-01	8.560032278991740462e-01	7.635330179785370097e-01	7.323946274653979627e-01	7.824998244898494493e-01	7.824998244898494493e-01	7.824998244898494493e-01	7.824998244898494493e-01	7.824998244898494493e-01	8.371694319763609560e-01	7.373868059758430515e-01	7.530221362862570267e-01	8.419184043528219474e-01	7.580200262499080521e-01	7.824998244898494493e-01	7.824998244898494493e-01	7.824998244898494493e-01	8.461841801710859867e-01	7.824998244898494493e-01	7.373508306739640084e-01	7.484845481223429964e-01	7.824998244898494493e-01	1.000000000000000021e-03	7.824998244898494493e-01	8.244183532939199921e-01	7.824998244898494493e-01	7.900370112249139876e-01	7.824998244898494493e-01	7.314346802846030116e-01	7.824998244898494493e-01	7.824998244898494493e-01	7.316404272582479607e-01	7.478103499429109569e-01	7.824998244898494493e-01	7.824998244898494493e-01	7.959655868054440475e-01	7.824998244898494493e-01	8.305930136747590176e-01	7.544021926984010307e-01	7.789622819259489628e-01	7.983127969110920263e-01	7.824998244898494493e-01	8.299496529528519462e-01	7.161530294932100249e-01	7.029375471327909963e-01	8.300735207046560094e-01	8.345858109336159458e-01	7.824998244898494493e-01	8.371141736633419539e-01	7.824998244898494493e-01	7.824998244898494493e-01	7.824998244898494493e-01	7.824998244898494493e-01	7.356957513181769936e-01	8.347558874495359937e-01	7.824998244898494493e-01	6.876451499016069668e-01	7.824998244898494493e-01
7.824998244898494493e-01	7.518366166414409690e-01	7.910080324412229746e-01	8.454802121315190266e-01	7.824998244898494493e-01	8.443793139424660144e-01	8.509110253792729894e-01	8.701313760095990002e-01	9.180497307990640454e-01	7.824998244898494493e-01	1.000000000000000000e+00	7.132936557947280320e-01	9.126984324974619645e-01	5.137959334261940070e-01	7.824998244898494493e-01	7.824998244898494493e-01	8.675680242172489898e-01	5.857969313835620362e-01	7.824998244898494493e-01	7.824998244898494493e-01	7.268477564955519998e-01	7.824998244898494493e-01	8.216995572417670202e-01	7.824998244898494493e-01	9.028662453435110091e-01	7.824998244898494493e-01	9.118737014889679582e-01	7.824998244898494493e-01	8.802687248932019592e-01	7.824998244898494493e-01	8.463930557690919620e-01	7.824998244898494493e-01	7.824998244898494493e-01	7.824998244898494493e-01	7.824998244898494493e-01	8.773506357864619964e-01	9.017501459447989642e-01	8.919079062416680470e-01	7.824998244898494493e-01	7.824998244898494493e-01	8.939528956743020283e-01	7.813804371106819469e-01	7.824998244898494493e-01	7.824998244898494493e-01	8.921511118476229685e-01	7.824998244898494493e-01	7.939487696604740075e-01	7.824998244898494493e-01	7.824998244898494493e-01	7.824998244898494493e-01	8.992304152918170201e-01	7.824998244898494493e-01	7.824998244898494493e-01	7.824998244898494493e-01	7.824998244898494493e-01	8.469397765650450438e-01	8.869813225400430268e-01	9.206248371171900091e-01	7.824998244898494493e-01	7.824998244898494493e-01	7.824998244898494493e-01	7.446343571575310127e-01	8.754164813769570452e-01	5.453489861106739500e-01	8.891017682672720523e-01	7.132916086973819514e-01	7.824998244898494493e-01	7.824998244898494493e-01	7.824998244898494493e-01	8.638611005783870533e-01	9.033457371594240115e-01	7.824998244898494493e-01	7.824998244898494493e-01	8.665204276884640455e-01	7.824998244898494493e-01	7.824998244898494493e-01	7.824998244898494493e-01	7.824998244898494493e-01	7.824998244898494493e-01	7.824998244898494493e-01	7.824998244898494493e-01	7.824998244898494493e-01	8.805744610546439866e-01	7.824998244898494493e-01	8.893620753413730151e-01	7.824998244898494493e-01	7.824998244898494493e-01	7.824998244898494493e-01	1.000000000000000021e-03	8.192106985177840528e-01	7.586925420594019531e-01	7.722045913429870234e-01	7.824998244898494493e-01	8.748036750348040513e-01	7.824998244898494493e-01	8.913654127641550406e-01	7.824998244898494493e-01	9.072429232701529900e-01	7.824998244898494493e-01	9.234403552100900470e-01	7.824998244898494493e-01	7.824998244898494493e-01	8.880128782193159598e-01	7.824998244898494493e-01	7.824998244898494493e-01	7.824998244898494493e-01	7.254702178125309597e-01	8.019731747681060341e-01	7.824998244898494493e-01	7.824998244898494493e-01	8.771265684788229766e-01	7.824998244898494493e-01	7.824998244898494493e-01	7.824998244898494493e-01	7.824998244898494493e-01	7.824998244898494493e-01	7.824998244898494493e-01	7.824998244898494493e-01	7.824998244898494493e-01	9.020503988792849537e-01	7.632788713925939827e-01	8.842769660024649703e-01	7.824998244898494493e-01	9.055234954937939618e-01
6.267540648415620419e-01	7.936594434260489939e-01	8.585718335758739661e-01	7.824998244898494493e-01	7.824998244898494493e-01	7.400602266012960007e-01	7.824998244898494493e-01	7.824998244898494493e-01	7.824998244898494493e-01	7.977677015412459882e-01	7.132936557947280320e-01	1.000000000000000000e+00	7.824998244898494493e-01	7.824998244898494493e-01	7.824998244898494493e-01	6.922905806343310209e-01	7.117436403454999727e-01	7.724284569901670450e-01	7.824998244898494493e-01	5.855834586422820065e-01	7.995211195976820173e-01	7.824998244898494493e-01	7.824998244898494493e-01	8.147113878429299572e-01	7.824998244898494493e-01	6.101770189997619553e-01	7.824998244898494493e-01	7.824998244898494493e-01	5.479674231417399621e-01	7.824998244898494493e-01	7.152615817681859944e-01	7.824998244898494493e-01	5.434600453360129979e-01	7.824998244898494493e-01	7.824998244898494493e-01	5.040527327223409682e-01	6.677862358087589545e-01	7.824998244898494493e-01	5.734428341901459669e-01	7.269562365668189585e-01	5.606086919603989749e-01	7.824998244898494493e-01	6.416289203946099473e-01	7.824998244898494493e-01	5.679332080833080498e-01	7.824998244898494493e-01	8.723241902245040258e-01	5.656136824785900075e-01	7.824998244898494493e-01	7.824998244898494493e-01	5.965275821442129756e-01	7.824998244898494493e-01	7.824998244898494493e-01	7.824998244898494493e-01	7.824998244898494493e-01	8.357482917055909510e-01	7.824998244898494493e-01	7.824998244898494493e-01	7.824998244898494493e-01	6.023664678035579589e-01	5.382632090485059972e-01	7.824998244898494493e-01	7.824998244898494493e-01	8.028828238397649475e-01	7.811876055356119508e-01	7.824998244898494493e-01	7.824998244898494493e-01	8.710158386207760284e-01	6.032695502427920520e-01	7.824998244898494493e-01	5.823539167233360292e-01	5.675340164494819817e-01	7.824998244898494493e-01	7.824998244898494493e-01	7.980974626557699736e-01	8.392960397981430454e-01	5.644801543590850512e-01	7.824998244898494493e-01	7.824998244898494493e-01	5.910929525720439726e-01	7.824998244898494493e-01	5.646421792569370490e-01	7.824998244898494493e-01	7.824998244898494493e-01	7.824998244898494493e-01	5.736732839041770449e-01	5.724825277563110326e-01	7.824998244898494493e-01	1.000000000000000021e-03	7.956937940653460162e-01	8.227401894379160474e-01	7.824998244898494493e-01	6.618391532553330459e-01	5.644655743989720476e-01	5.804650604306460515e-01	7.824998244898494493e-01	7.824998244898494493e-01	5.659205636601859490e-01	7.824998244898494493e-01	6.595088662552720526e-01	7.824998244898494493e-01	9.044949608981990297e-01	7.824998244898494493e-01	7.824998244898494493e-01	7.824998244898494493e-01	7.824998244898494493e-01	7.824998244898494493e-01	7.824998244898494493e-01	7.736508871265179721e-01	7.824998244898494493e-01	5.229899851421120349e-01	7.824998244898494493e-01	7.824998244898494493e-01	7.824998244898494493e-01	7.824998244898494493e-01	7.824998244898494493e-01	5.970996610280689953e-01	7.824998244898494493e-01	7.824998244898494493e-01	7.824998244898494493e-01	8.035859169667940449e-01	7.824998244898494493e-01	7.824998244898494493e-01	5.841198238367180107e-01
