1.000000000000000000e+00	7.896728360022576831e-01	7.896728360022576831e-01	9.102467415460819833e-01	7.830872606041300310e-01	7.896728360022576831e-01	7.896728360022576831e-01	8.582467235089680235e-01	7.896728360022576831e-01	7.896728360022576831e-01	9.098105195694750069e-01	9.122186889543779653e-01	7.896728360022576831e-01	8.943886264699429933e-01	7.896728360022576831e-01	9.420596159430429939e-01	7.896728360022576831e-01	7.896728360022576831e-01	7.896728360022576831e-01	8.903498549922840288e-01	8.933493021890179797e-01	9.274578683428359449e-01	7.896728360022576831e-01	9.307052826896150544e-01	7.896728360022576831e-01	7.896728360022576831e-01	6.106278076128149879e-01	7.896728360022576831e-01	9.104670100935410293e-01	8.807921071603189711e-01	7.896728360022576831e-01	7.896728360022576831e-01	7.896728360022576831e-01	7.896728360022576831e-01	9.274610782978810475e-01	7.896728360022576831e-01	7.896728360022576831e-01	9.161766831990959536e-01	7.896728360022576831e-01	7.896728360022576831e-01	7.896728360022576831e-01	7.896728360022576831e-01	7.896728360022576831e-01	7.896728360022576831e-01	7.896728360022576831e-01	7.896728360022576831e-01	7.896728360022576831e-01	8.897833418099410085e-01	9.010187786432349855e-01	7.896728360022576831e-01	7.896728360022576831e-01	7.896728360022576831e-01	9.153105941387029709e-01	7.896728360022576831e-01	7.896728360022576831e-01	7.896728360022576831e-01	9.000086263921750485e-01	7.896728360022576831e-01	7.896728360022576831e-01	7.896728360022576831e-01	7.896728360022576831e-01	7.896728360022576831e-01	7.896728360022576831e-01	7.896728360022576831e-01	8.257357220416300381e-01	7.896728360022576831e-01	7.896728360022576831e-01	4.488294881284070059e-01	7.896728360022576831e-01	6.305204333546370332e-01	7.896728360022576831e-01	7.306313510032460545e-01	7.896728360022576831e-01	7.896728360022576831e-01	8.941646968367999992e-01	7.896728360022576831e-01	7.896728360022576831e-01	7.896728360022576831e-01	7.896728360022576831e-01	7.896728360022576831e-01	7.896728360022576831e-01	7.896728360022576831e-01	7.896728360022576831e-01	7.896728360022576831e-01	7.896728360022576831e-01	7.896728360022576831e-01	7.896728360022576831e-01	7.896728360022576831e-01	7.896728360022576831e-01	4.070383212234159886e-01	7.896728360022576831e-01	7.896728360022576831e-01	7.896728360022576831e-01	8.919897259774359766e-01	7.896728360022576831e-01	7.896728360022576831e-01	7.896728360022576831e-01	7.896728360022576831e-01	7.896728360022576831e-01	9.160194827953299646e-01	7.896728360022576831e-01	8.971846634769590212e-01	8.906672489551680227e-01	7.896728360022576831e-01	7.896728360022576831e-01	7.896728360022576831e-01	9.126925547697100072e-01	7.896728360022576831e-01	9.365268736480839573e-01	7.896728360022576831e-01	7.896728360022576831e-01	8.689215415151430033e-01	7.896728360022576831e-01	7.896728360022576831e-01	9.267760466056600421e-01	7.896728360022576831e-01	7.896728360022576831e-01	9.240221327007089869e-01	7.896728360022576831e-01	7.896728360022576831e-01	7.896728360022576831e-01	7.896728360022576831e-01	7.896728360022576831e-01	7.896728360022576831e-01
7.896728360022576831e-01	1.000000000000000000e+00	9.062455978341980023e-01	7.896728360022576831e-01	7.896728360022576831e-01	9.034891334149539599e-01	7.896728360022576831e-01	7.896728360022576831e-01	7.896728360022576831e-01	7.896728360022576831e-01	9.048823454158489987e-01	7.896728360022576831e-01	9.180057887924779614e-01	8.891602733017029969e-01	8.586404779106779905e-01	7.896728360022576831e-01	7.896728360022576831e-01	7.896728360022576831e-01	7.896728360022576831e-01	7.896728360022576831e-01	7.896728360022576831e-01	9.252068832232760442e-01	7.896728360022576831e-01	9.273524350044769493e-01	7.896728360022576831e-01	8.810561880218470421e-01	6.092436739098869847e-01	7.660630866511619619e-01	7.896728360022576831e-01	7.896728360022576831e-01	7.896728360022576831e-01	7.896728360022576831e-01	9.324012656387870024e-01	7.896728360022576831e-01	9.238201906481650072e-01	8.861116839392270128e-01	7.896728360022576831e-01	7.896728360022576831e-01	7.896728360022576831e-01	7.896728360022576831e-01	7.896728360022576831e-01	7.896728360022576831e-01	7.896728360022576831e-01	7.896728360022576831e-01	7.896728360022576831e-01	7.896728360022576831e-01	7.896728360022576831e-01	7.896728360022576831e-01	7.896728360022576831e-01	7.896728360022576831e-01	7.896728360022576831e-01	7.896728360022576831e-01	9.121707170977130241e-01	7.896728360022576831e-01	7.896728360022576831e-01	7.896728360022576831e-01	7.896728360022576831e-01	7.896728360022576831e-01	9.261021364289150348e-01	8.896383887897429954e-01	7.896728360022576831e-01	8.095137847972999623e-01	7.896728360022576831e-01	7.896728360022576831e-01	7.896728360022576831e-01	7.896728360022576831e-01	9.040650528417070175e-01	4.472399449066210009e-01	7.896728360022576831e-01	7.896728360022576831e-01	7.896728360022576831e-01	7.259781961908240433e-01	9.231729268882460371e-01	7.896728360022576831e-01	8.903725645523520305e-01	7.896728360022576831e-01	7.896728360022576831e-01	9.102037041605719470e-01	7.896728360022576831e-01	9.068831996145310104e-01	7.896728360022576831e-01	7.896728360022576831e-01	7.896728360022576831e-01	6.737277952059720354e-01	8.942700829290950448e-01	7.896728360022576831e-01	9.036451270224400423e-01	7.896728360022576831e-01	1.000000000000000021e-03	7.896728360022576831e-01	7.896728360022576831e-01	7.896728360022576831e-01	8.967945129077860011e-01	7.896728360022576831e-01	7.896728360022576831e-01	7.896728360022576831e-01	7.896728360022576831e-01	8.948058368453409850e-01	2.323498485203280006e-01	7.896728360022576831e-01	7.896728360022576831e-01	7.896728360022576831e-01	7.896728360022576831e-01	7.896728360022576831e-01	9.140528003322530015e-01	7.896728360022576831e-01	9.101091399313200325e-01	8.980901903172210377e-01	9.335913209409369973e-01	7.896728360022576831e-01	8.844658181701620103e-01	8.651382644230569685e-01	7.896728360022576831e-01	7.896728360022576831e-01	9.218617677593740067e-01	9.201754278126109687e-01	7.896728360022576831e-01	9.205040570527790456e-01	7.896728360022576831e-01	7.896728360022576831e-01	7.896728360022576831e-01	7.896728360022576831e-01	7.896728360022576831e-01	7.896728360022576831e-01
7.896728360022576831e-01	9.062455978341980023e-01	1.000000000000000000e+00	7.896728360022576831e-01	7.896728360022576831e-01	7.896728360022576831e-01	7.896728360022576831e-01	7.896728360022576831e-01	7.896728360022576831e-01	7.896728360022576831e-01	7.896728360022576831e-01	7.896728360022576831e-01	7.896728360022576831e-01	7.896728360022576831e-01	7.896728360022576831e-01	7.896728360022576831e-01	7.896728360022576831e-01	7.896728360022576831e-01	7.896728360022576831e-01	8.723764270756459993e-01	8.739149127204679512e-01	7.896728360022576831e-01	7.896728360022576831e-01	7.896728360022576831e-01	7.896728360022576831e-01	7.896728360022576831e-01	7.896728360022576831e-01	7.558553455245919928e-01	7.896728360022576831e-01	7.896728360022576831e-01	8.709203140541730281e-01	7.896728360022576831e-01	7.896728360022576831e-01	7.896728360022576831e-01	9.084140622117450325e-01	7.896728360022576831e-01	7.896728360022576831e-01	7.896728360022576831e-01	7.896728360022576831e-01	7.896728360022576831e-01	9.063727143110730244e-01	7.896728360022576831e-01	7.896728360022576831e-01	6.682685252083230276e-01	8.190758945702030225e-01	7.896728360022576831e-01	8.236605148330500281e-01	7.896728360022576831e-01	7.896728360022576831e-01	7.896728360022576831e-01	7.896728360022576831e-01	8.766601548138599487e-01	7.896728360022576831e-01	7.896728360022576831e-01	7.896728360022576831e-01	7.896728360022576831e-01	8.817231728120940026e-01	9.057506081559230093e-01	7.896728360022576831e-01	7.896728360022576831e-01	8.891766994528399470e-01	7.896728360022576831e-01	7.896728360022576831e-01	7.896728360022576831e-01	7.896728360022576831e-01	7.896728360022576831e-01	7.896728360022576831e-01	7.896728360022576831e-01	8.924900342423019994e-01	7.896728360022576831e-01	7.896728360022576831e-01	7.896728360022576831e-01	7.896728360022576831e-01	7.896728360022576831e-01	7.896728360022576831e-01	7.896728360022576831e-01	8.777543907501119680e-01	7.896728360022576831e-01	7.896728360022576831e-01	7.896728360022576831e-01	8.470465667640399987e-01	7.896728360022576831e-01	7.896728360022576831e-01	7.896728360022576831e-01	7.896728360022576831e-01	7.896728360022576831e-01	7.896728360022576831e-01	7.896728360022576831e-01	7.896728360022576831e-01	7.896728360022576831e-01	7.896728360022576831e-01	7.896728360022576831e-01	7.896728360022576831e-01	7.896728360022576831e-01	7.896728360022576831e-01	7.896728360022576831e-01	8.794259495628620193e-01	7.896728360022576831e-01	2.296995231527370063e-01	7.896728360022576831e-01	7.896728360022576831e-01	7.896728360022576831e-01	7.896728360022576831e-01	7.896728360022576831e-01	7.896728360022576831e-01	7.896728360022576831e-01	7.896728360022576831e-01	8.834400134304889463e-01	7.896728360022576831e-01	7.896728360022576831e-01	7.896728360022576831e-01	8.493316862717229521e-01	7.896728360022576831e-01	7.896728360022576831e-01	7.896728360022576831e-01	7.896728360022576831e-01	7.896728360022576831e-01	7.896728360022576831e-01	7.896728360022576831e-01	7.896728360022576831e-01	7.896728360022576831e-01	7.896728360022576831e-01	7.896728360022576831e-01	8.692364608766459666e-01
9.102467415460819833e-01	7.896728360022576831e-01	7.896728360022576831e-01	1.000000000000000000e+00	7.896728360022576831e-01	8.907195183720519882e-01	7.896728360022576831e-01	7.896728360022576831e-01	7.896728360022576831e-01	7.896728360022576831e-01	7.896728360022576831e-01	7.896728360022576831e-01	9.032199891562520122e-01	7.896728360022576831e-01	8.473410130708759480e-01	7.896728360022576831e-01	7.896728360022576831e-01	7.896728360022576831e-01	7.896728360022576831e-01	8.725026620528010257e-01	7.896728360022576831e-01	7.896728360022576831e-01	7.896728360022576831e-01	7.896728360022576831e-01	7.896728360022576831e-01	7.896728360022576831e-01	6.029878705105850001e-01	7.608425779731530225e-01	7.896728360022576831e-01	7.896728360022576831e-01	7.896728360022576831e-01	9.136199413220169596e-01	9.171233425826400554e-01	7.810222941533859764e-01	7.896728360022576831e-01	7.896728360022576831e-01	7.896728360022576831e-01	7.896728360022576831e-01	7.896728360022576831e-01	7.896728360022576831e-01	7.896728360022576831e-01	8.692244576840200132e-01	8.790002016482050262e-01	7.896728360022576831e-01	8.188225932063509793e-01	7.896728360022576831e-01	7.896728360022576831e-01	7.896728360022576831e-01	7.896728360022576831e-01	7.896728360022576831e-01	8.696145162084709668e-01	7.896728360022576831e-01	8.965247030026569641e-01	7.896728360022576831e-01	7.896728360022576831e-01	7.896728360022576831e-01	7.896728360022576831e-01	9.062377853333970501e-01	7.896728360022576831e-01	7.896728360022576831e-01	7.896728360022576831e-01	7.896728360022576831e-01	8.784360548797189860e-01	7.896728360022576831e-01	7.896728360022576831e-01	7.896728360022576831e-01	8.910638339738610192e-01	7.896728360022576831e-01	8.942894372325099761e-01	6.203293855035959536e-01	7.896728360022576831e-01	7.896728360022576831e-01	7.896728360022576831e-01	7.896728360022576831e-01	7.896728360022576831e-01	7.896728360022576831e-01	7.896728360022576831e-01	7.896728360022576831e-01	7.896728360022576831e-01	8.927075356495199898e-01	7.896728360022576831e-01	6.858197766960769659e-01	7.896728360022576831e-01	7.896728360022576831e-01	7.896728360022576831e-01	6.727309417712700190e-01	8.912779333459219799e-01	7.896728360022576831e-01	7.896728360022576831e-01	7.896728360022576831e-01	7.896728360022576831e-01	7.896728360022576831e-01	7.896728360022576831e-01	7.896728360022576831e-01	7.896728360022576831e-01	8.813209485463150417e-01	7.896728360022576831e-01	7.896728360022576831e-01	7.896728360022576831e-01	7.896728360022576831e-01	7.798096006359229726e-01	8.793497779053529584e-01	8.718783622243549969e-01	7.896728360022576831e-01	7.896728360022576831e-01	7.896728360022576831e-01	7.896728360022576831e-01	7.896728360022576831e-01	7.896728360022576831e-01	7.896728360022576831e-01	8.710984757330180184e-01	8.516962735074179447e-01	7.896728360022576831e-01	7.896728360022576831e-01	7.896728360022576831e-01	7.896728360022576831e-01	7.896728360022576831e-01	7.896728360022576831e-01	9.083543986753730426e-01	8.905962633228120540e-01	9.004419253271199741e-01	9.049964307070490488e-01	8.750741862359709966e-01	8.710493987499270396e-01
7.830872606041300310e-01	7.896728360022576831e-01	7.896728360022576831e-01	7.896728360022576831e-01	9.999999999999970024e-01	7.896728360022576831e-01	7.896728360022576831e-01	7.896728360022576831e-01	7.896728360022576831e-01	7.896728360022576831e-01	7.896728360022576831e-01	7.896728360022576831e-01	7.896728360022576831e-01	7.896728360022576831e-01	7.896728360022576831e-01	7.896728360022576831e-01	7.896728360022576831e-01	7.697945668145039777e-01	7.870893479010450111e-01	7.896728360022576831e-01	7.545855116797179907e-01	7.840437925316610102e-01	7.896728360022576831e-01	7.896728360022576831e-01	7.896728360022576831e-01	7.535292971520269889e-01	7.896728360022576831e-01	7.896728360022576831e-01	7.896728360022576831e-01	7.896728360022576831e-01	7.896728360022576831e-01	7.896728360022576831e-01	7.896728360022576831e-01	7.896728360022576831e-01	7.896728360022576831e-01	7.896728360022576831e-01	7.896728360022576831e-01	7.896728360022576831e-01	4.682770065904500179e-01	7.896728360022576831e-01	7.896728360022576831e-01	7.896728360022576831e-01	7.896728360022576831e-01	7.896728360022576831e-01	7.896728360022576831e-01	7.753078393911480015e-01	7.896728360022576831e-01	7.896728360022576831e-01	7.634805915829400158e-01	7.896728360022576831e-01	7.896728360022576831e-01	7.896728360022576831e-01	7.896728360022576831e-01	7.896728360022576831e-01	7.896728360022576831e-01	7.896728360022576831e-01	7.896728360022576831e-01	7.816561254012439619e-01	7.896728360022576831e-01	7.896728360022576831e-01	7.896728360022576831e-01	6.975058303144120453e-01	7.896728360022576831e-01	7.299217648631820543e-01	7.048621684886799965e-01	7.896728360022576831e-01	7.896728360022576831e-01	7.896728360022576831e-01	7.896728360022576831e-01	7.896728360022576831e-01	7.896728360022576831e-01	7.896728360022576831e-01	7.896728360022576831e-01	7.896728360022576831e-01	7.896728360022576831e-01	7.648664648186439541e-01	7.896728360022576831e-01	7.896728360022576831e-01	7.552948007951389986e-01	7.896728360022576831e-01	7.896728360022576831e-01	7.896728360022576831e-01	7.896728360022576831e-01	7.896728360022576831e-01	7.896728360022576831e-01	7.896728360022576831e-01	7.896728360022576831e-01	7.896728360022576831e-01	7.896728360022576831e-01	7.896728360022576831e-01	7.896728360022576831e-01	7.896728360022576831e-01	7.896728360022576831e-01	7.896728360022576831e-01	7.896728360022576831e-01	7.591657608069489749e-01	7.591829344720679718e-01	7.896728360022576831e-01	2.188024065499959980e-01	7.896728360022576831e-01	7.896728360022576831e-01	7.896728360022576831e-01	7.564171582080430056e-01	7.896728360022576831e-01	7.896728360022576831e-01	7.896728360022576831e-01	7.896728360022576831e-01	7.896728360022576831e-01	7.896728360022576831e-01	7.651643664010939760e-01	7.896728360022576831e-01	7.896728360022576831e-01	7.896728360022576831e-01	7.896728360022576831e-01	7.830784355454379897e-01	7.896728360022576831e-01	7.896728360022576831e-01	7.896728360022576831e-01	7.812561077300670398e-01	7.896728360022576831e-01	7.760495656038639556e-01	7.896728360022576831e-01	7.593668583568650154e-01	7.896728360022576831e-01
7.896728360022576831e-01	9.034891334149539599e-01	7.896728360022576831e-01	8.907195183720519882e-01	7.896728360022576831e-01	1.000000000000000000e+00	8.604449263336639842e-01	7.896728360022576831e-01	7.896728360022576831e-01	7.896728360022576831e-01	7.896728360022576831e-01	8.898074876937289712e-01	7.896728360022576831e-01	8.749011990419429674e-01	7.896728360022576831e-01	9.185643831913270496e-01	7.896728360022576831e-01	8.878676318753859764e-01	9.091904924875390259e-01	7.896728360022576831e-01	7.896728360022576831e-01	9.084440063666070486e-01	8.726053571608189952e-01	7.896728360022576831e-01	7.896728360022576831e-01	7.896728360022576831e-01	7.896728360022576831e-01	7.896728360022576831e-01	8.876969385291929582e-01	7.896728360022576831e-01	7.896728360022576831e-01	7.896728360022576831e-01	7.896728360022576831e-01	7.896728360022576831e-01	9.058517401095830257e-01	7.896728360022576831e-01	7.896728360022576831e-01	8.954519532369550339e-01	7.896728360022576831e-01	7.896728360022576831e-01	7.896728360022576831e-01	8.645256310735800476e-01	7.896728360022576831e-01	7.896728360022576831e-01	8.160545140908910255e-01	8.960626572388320499e-01	7.896728360022576831e-01	8.702539973587309907e-01	7.896728360022576831e-01	8.815258163675919745e-01	7.896728360022576831e-01	8.768835966167960461e-01	7.896728360022576831e-01	7.896728360022576831e-01	7.896728360022576831e-01	7.896728360022576831e-01	7.896728360022576831e-01	7.896728360022576831e-01	7.896728360022576831e-01	7.896728360022576831e-01	7.896728360022576831e-01	7.896728360022576831e-01	7.896728360022576831e-01	7.896728360022576831e-01	8.047769334814699471e-01	7.896728360022576831e-01	7.896728360022576831e-01	4.401890032783229989e-01	7.896728360022576831e-01	6.170797839325640188e-01	7.896728360022576831e-01	7.896728360022576831e-01	7.896728360022576831e-01	7.896728360022576831e-01	7.896728360022576831e-01	7.896728360022576831e-01	8.783810519097869918e-01	7.896728360022576831e-01	8.721093403006090483e-01	7.896728360022576831e-01	7.896728360022576831e-01	6.796223504619750555e-01	8.012268409132290437e-01	7.896728360022576831e-01	7.896728360022576831e-01	7.896728360022576831e-01	8.872563018403150092e-01	7.896728360022576831e-01	7.896728360022576831e-01	4.041607294259310090e-01	8.873393715546510352e-01	8.973880216337930538e-01	8.795457930149109815e-01	7.896728360022576831e-01	7.549577486636169787e-01	7.896728360022576831e-01	7.896728360022576831e-01	7.896728360022576831e-01	7.896728360022576831e-01	7.896728360022576831e-01	7.896728360022576831e-01	8.782826799240700533e-01	7.896728360022576831e-01	7.896728360022576831e-01	7.896728360022576831e-01	8.943793790344890526e-01	7.896728360022576831e-01	8.833091404242350286e-01	7.896728360022576831e-01	7.896728360022576831e-01	8.674110418987950322e-01	7.896728360022576831e-01	7.896728360022576831e-01	7.896728360022576831e-01	7.896728360022576831e-01	7.896728360022576831e-01	7.896728360022576831e-01	7.896728360022576831e-01	7.896728360022576831e-01	8.853320697481470436e-01	8.969322727213849822e-01	9.007937944281799725e-01	8.724846602309459520e-01	7.896728360022576831e-01
7.896728360022576831e-01	7.896728360022576831e-01	7.896728360022576831e-01	7.896728360022576831e-01	7.896728360022576831e-01	8.604449263336639842e-01	1.000000000000000000e+00	7.896728360022576831e-01	7.896728360022576831e-01	7.852560882053899460e-01	7.896728360022576831e-01	7.896728360022576831e-01	8.752230314592159832e-01	7.896728360022576831e-01	7.896728360022576831e-01	7.896728360022576831e-01	8.801253296325419750e-01	7.896728360022576831e-01	7.896728360022576831e-01	7.896728360022576831e-01	7.896728360022576831e-01	8.809658965038540401e-01	7.896728360022576831e-01	7.896728360022576831e-01	8.306398385971489606e-01	7.896728360022576831e-01	7.896728360022576831e-01	7.896728360022576831e-01	8.653289296605549685e-01	7.896728360022576831e-01	7.896728360022576831e-01	7.896728360022576831e-01	8.884087845908520409e-01	7.896728360022576831e-01	7.896728360022576831e-01	7.896728360022576831e-01	7.896728360022576831e-01	8.682003409120010451e-01	5.131455850286430476e-01	8.639514136652890475e-01	7.896728360022576831e-01	8.421954985807400540e-01	7.896728360022576831e-01	7.896728360022576831e-01	7.896728360022576831e-01	7.896728360022576831e-01	7.896728360022576831e-01	8.450858355107340181e-01	7.896728360022576831e-01	7.896728360022576831e-01	8.415057431598810256e-01	7.896728360022576831e-01	7.896728360022576831e-01	8.720115525959329927e-01	6.551039291633800055e-01	8.719224363017969992e-01	8.565656445898279792e-01	7.896728360022576831e-01	7.896728360022576831e-01	7.896728360022576831e-01	7.896728360022576831e-01	7.896728360022576831e-01	7.896728360022576831e-01	7.896728360022576831e-01	7.896728360022576831e-01	7.896728360022576831e-01	7.896728360022576831e-01	7.896728360022576831e-01	7.896728360022576831e-01	7.896728360022576831e-01	8.769890949749250542e-01	7.896728360022576831e-01	7.896728360022576831e-01	7.896728360022576831e-01	7.896728360022576831e-01	8.570370892696479448e-01	8.525882081358220344e-01	8.678969800702589499e-01	7.896728360022576831e-01	8.636018181822150419e-01	7.896728360022576831e-01	7.896728360022576831e-01	7.771240674339999766e-01	7.896728360022576831e-01	7.896728360022576831e-01	6.517754730870409796e-01	8.605859667601759577e-01	7.896728360022576831e-01	7.896728360022576831e-01	7.896728360022576831e-01	7.896728360022576831e-01	7.896728360022576831e-01	7.896728360022576831e-01	7.896728360022576831e-01	7.896728360022576831e-01	8.535811868078539977e-01	8.533433537184169637e-01	7.896728360022576831e-01	7.896728360022576831e-01	7.896728360022576831e-01	7.896728360022576831e-01	7.896728360022576831e-01	7.896728360022576831e-01	8.222103879698989815e-01	7.896728360022576831e-01	7.896728360022576831e-01	7.896728360022576831e-01	7.896728360022576831e-01	8.883497457232260031e-01	7.896728360022576831e-01	7.896728360022576831e-01	8.241733649232619863e-01	7.896728360022576831e-01	8.837356417197409497e-01	8.770310114551059799e-01	7.896728360022576831e-01	8.781354396250730110e-01	8.761986386436110275e-01	7.896728360022576831e-01	7.896728360022576831e-01	8.682227451348969449e-01	8.747178068398550055e-01	7.896728360022576831e-01	7.896728360022576831e-01
8.582467235089680235e-01	7.896728360022576831e-01	7.896728360022576831e-01	7.896728360022576831e-01	7.896728360022576831e-01	7.896728360022576831e-01	7.896728360022576831e-01	1.000000000000000000e+00	7.896728360022576831e-01	7.695866097052810328e-01	8.402818538536469539e-01	7.896728360022576831e-01	7.896728360022576831e-01	7.896728360022576831e-01	7.896728360022576831e-01	7.896728360022576831e-01	7.896728360022576831e-01	7.896728360022576831e-01	7.896728360022576831e-01	7.896728360022576831e-01	7.896728360022576831e-01	8.575230660415330552e-01	7.896728360022576831e-01	7.896728360022576831e-01	7.896728360022576831e-01	7.896728360022576831e-01	7.896728360022576831e-01	7.896728360022576831e-01	7.896728360022576831e-01	8.142640059061929669e-01	7.896728360022576831e-01	7.896728360022576831e-01	7.896728360022576831e-01	7.896728360022576831e-01	7.896728360022576831e-01	7.896728360022576831e-01	7.896728360022576831e-01	7.896728360022576831e-01	5.058482281424240279e-01	7.896728360022576831e-01	8.545222191938499634e-01	7.896728360022576831e-01	7.896728360022576831e-01	7.896728360022576831e-01	7.896728360022576831e-01	8.486684514607789609e-01	7.896728360022576831e-01	8.235997875879450536e-01	7.896728360022576831e-01	7.896728360022576831e-01	7.896728360022576831e-01	7.896728360022576831e-01	7.896728360022576831e-01	7.896728360022576831e-01	7.896728360022576831e-01	7.896728360022576831e-01	7.896728360022576831e-01	7.896728360022576831e-01	8.588922747988220197e-01	7.896728360022576831e-01	8.353083245903879517e-01	7.896728360022576831e-01	7.896728360022576831e-01	7.927186403784930446e-01	7.896728360022576831e-01	7.896728360022576831e-01	7.896728360022576831e-01	4.250172190095750091e-01	8.456583122459799817e-01	7.896728360022576831e-01	8.556084577120699475e-01	7.896728360022576831e-01	7.896728360022576831e-01	7.896728360022576831e-01	7.896728360022576831e-01	8.354612860975150213e-01	7.896728360022576831e-01	7.896728360022576831e-01	7.896728360022576831e-01	7.896728360022576831e-01	8.011927158854910136e-01	6.472963543242979956e-01	7.896728360022576831e-01	6.345609002528099785e-01	7.896728360022576831e-01	7.896728360022576831e-01	7.896728360022576831e-01	7.896728360022576831e-01	7.896728360022576831e-01	7.896728360022576831e-01	8.396383119033340448e-01	7.896728360022576831e-01	7.896728360022576831e-01	7.896728360022576831e-01	7.896728360022576831e-01	8.307373520227300245e-01	7.896728360022576831e-01	7.896728360022576831e-01	2.254209671489300071e-01	8.486479194767020395e-01	7.896728360022576831e-01	7.896728360022576831e-01	8.227589684071320297e-01	7.896728360022576831e-01	7.896728360022576831e-01	7.896728360022576831e-01	7.896728360022576831e-01	7.896728360022576831e-01	8.649908207771519475e-01	8.356423267839879765e-01	7.896728360022576831e-01	7.896728360022576831e-01	7.896728360022576831e-01	8.602060147113970157e-01	8.543817719467450278e-01	7.896728360022576831e-01	7.896728360022576831e-01	8.558918754795360462e-01	7.896728360022576831e-01	7.896728360022576831e-01	8.472770145969950040e-01	8.523364722223859546e-01	7.896728360022576831e-01	8.227947635914399926e-01
7.896728360022576831e-01	7.896728360022576831e-01	7.896728360022576831e-01	7.896728360022576831e-01	7.896728360022576831e-01	7.896728360022576831e-01	7.896728360022576831e-01	7.896728360022576831e-01	9.999999999999990008e-01	7.896728360022576831e-01	7.896728360022576831e-01	7.896728360022576831e-01	8.090861537090480171e-01	7.896728360022576831e-01	7.609135030549040168e-01	8.243168356648920003e-01	7.896728360022576831e-01	7.896728360022576831e-01	8.158886531933490227e-01	7.896728360022576831e-01	7.896728360022576831e-01	7.896728360022576831e-01	7.896728360022576831e-01	8.155043803429290472e-01	7.896728360022576831e-01	7.790603943432750089e-01	7.896728360022576831e-01	6.902125876820199846e-01	8.003274454910610514e-01	7.896728360022576831e-01	7.896728360022576831e-01	7.896728360022576831e-01	8.211865838850830324e-01	7.036776376707980507e-01	7.896728360022576831e-01	7.896728360022576831e-01	7.896728360022576831e-01	7.896728360022576831e-01	7.896728360022576831e-01	7.998304952748139796e-01	7.896728360022576831e-01	7.896728360022576831e-01	7.896728360022576831e-01	6.099005349753650052e-01	7.403235958342659906e-01	8.070127903802010172e-01	7.896728360022576831e-01	7.896728360022576831e-01	7.896728360022576831e-01	7.896728360022576831e-01	7.798711309409189774e-01	7.896728360022576831e-01	7.896728360022576831e-01	7.896728360022576831e-01	7.896728360022576831e-01	8.062999675153530443e-01	7.896728360022576831e-01	7.896728360022576831e-01	8.150156131502129808e-01	7.896728360022576831e-01	7.896728360022576831e-01	7.896728360022576831e-01	7.896728360022576831e-01	7.558100405368469721e-01	7.896728360022576831e-01	7.896728360022576831e-01	7.971792601251319610e-01	7.896728360022576831e-01	7.896728360022576831e-01	5.668460356964060143e-01	8.118802914272249538e-01	7.896728360022576831e-01	7.896728360022576831e-01	7.896728360022576831e-01	7.896728360022576831e-01	7.896728360022576831e-01	7.896728360022576831e-01	7.896728360022576831e-01	7.896728360022576831e-01	7.896728360022576831e-01	7.896728360022576831e-01	7.896728360022576831e-01	7.896728360022576831e-01	6.055315999296000395e-01	7.896728360022576831e-01	7.896728360022576831e-01	7.896728360022576831e-01	7.896728360022576831e-01	7.896728360022576831e-01	7.896728360022576831e-01	7.896728360022576831e-01	7.896728360022576831e-01	7.896728360022576831e-01	7.896728360022576831e-01	7.896728360022576831e-01	7.896728360022576831e-01	7.884700176714179998e-01	7.894789821743459779e-01	7.896728360022576831e-01	8.056779950496090192e-01	7.896728360022576831e-01	7.855556605372969736e-01	7.843008934426459744e-01	7.896728360022576831e-01	8.057086545993440430e-01	7.896728360022576831e-01	7.896728360022576831e-01	7.913053101078639795e-01	7.896728360022576831e-01	7.896728360022576831e-01	7.896728360022576831e-01	7.896728360022576831e-01	7.896728360022576831e-01	7.896728360022576831e-01	7.896728360022576831e-01	7.896728360022576831e-01	7.896728360022576831e-01	7.896728360022576831e-01	7.896728360022576831e-01	7.962772541624030254e-01	7.896728360022576831e-01	7.896728360022576831e-01	7.896728360022576831e-01	7.800102751125399525e-01
7.896728360022576831e-01	7.896728360022576831e-01	7.896728360022576831e-01	7.896728360022576831e-01	7.896728360022576831e-01	7.896728360022576831e-01	7.852560882053899460e-01	7.695866097052810328e-01	7.896728360022576831e-01	9.999999999999990008e-01	8.113975018138299689e-01	7.896728360022576831e-01	8.210509370222760506e-01	7.896728360022576831e-01	7.896728360022576831e-01	7.896728360022576831e-01	7.896728360022576831e-01	8.090378632848309604e-01	7.896728360022576831e-01	7.896728360022576831e-01	7.953236546798010398e-01	8.255735729257369648e-01	7.896728360022576831e-01	7.896728360022576831e-01	7.805681692522420390e-01	7.914522073612789699e-01	7.896728360022576831e-01	6.975364479638199722e-01	7.896728360022576831e-01	7.870410753557589567e-01	7.896728360022576831e-01	7.896728360022576831e-01	8.335312207950910102e-01	7.896728360022576831e-01	7.896728360022576831e-01	7.896728360022576831e-01	7.896728360022576831e-01	8.173355855315560525e-01	4.903199505131169977e-01	8.117882175055980420e-01	8.257322455079529888e-01	7.902337352515930169e-01	7.896728360022576831e-01	7.896728360022576831e-01	7.896728360022576831e-01	7.896728360022576831e-01	7.896728360022576831e-01	7.934869649429999727e-01	8.026661967230309669e-01	7.896728360022576831e-01	7.896728360022576831e-01	8.003768388480639873e-01	7.896728360022576831e-01	8.190210080819440019e-01	7.896728360022576831e-01	8.172830091011820119e-01	7.896728360022576831e-01	7.896728360022576831e-01	8.257245796508240199e-01	7.967298076014639463e-01	7.896728360022576831e-01	7.896728360022576831e-01	7.896728360022576831e-01	7.896728360022576831e-01	7.896728360022576831e-01	7.896728360022576831e-01	8.093056802996340116e-01	4.163668416417269924e-01	8.122062773650969847e-01	7.896728360022576831e-01	7.896728360022576831e-01	6.590747186599059670e-01	7.896728360022576831e-01	8.201998032765820401e-01	7.982192613934480097e-01	7.896728360022576831e-01	7.896728360022576831e-01	7.896728360022576831e-01	7.896728360022576831e-01	8.100462547231870314e-01	7.896728360022576831e-01	7.896728360022576831e-01	7.896728360022576831e-01	6.124675936045680391e-01	7.896728360022576831e-01	6.234752360055629827e-01	8.076169429459969518e-01	8.024036911105639769e-01	7.896728360022576831e-01	7.896728360022576831e-01	8.101474711258620509e-01	8.159769863936959799e-01	7.896728360022576831e-01	7.896728360022576831e-01	7.896728360022576831e-01	7.896728360022576831e-01	7.896728360022576831e-01	7.896728360022576831e-01	7.896728360022576831e-01	7.896728360022576831e-01	7.896728360022576831e-01	7.896728360022576831e-01	7.958861745673579957e-01	7.896728360022576831e-01	8.196913611026349633e-01	7.896728360022576831e-01	7.896728360022576831e-01	7.896728360022576831e-01	7.896728360022576831e-01	7.896728360022576831e-01	7.917824222866970407e-01	7.896728360022576831e-01	7.896728360022576831e-01	7.896728360022576831e-01	7.896728360022576831e-01	8.239674427606269447e-01	7.896728360022576831e-01	7.896728360022576831e-01	7.896728360022576831e-01	7.896728360022576831e-01	7.896728360022576831e-01	7.896728360022576831e-01	7.896728360022576831e-01	7.896728360022576831e-01
9.098105195694750069e-01	9.048823454158489987e-01	7.896728360022576831e-01	7.896728360022576831e-01	7.896728360022576831e-01	7.896728360022576831e-01	7.896728360022576831e-01	8.402818538536469539e-01	7.896728360022576831e-01	8.113975018138299689e-01	1.000000000000000000e+00	7.896728360022576831e-01	7.896728360022576831e-01	7.896728360022576831e-01	7.896728360022576831e-01	7.896728360022576831e-01	7.896728360022576831e-01	7.896728360022576831e-01	7.896728360022576831e-01	7.896728360022576831e-01	7.896728360022576831e-01	7.896728360022576831e-01	7.896728360022576831e-01	7.896728360022576831e-01	7.896728360022576831e-01	7.896728360022576831e-01	6.006623276948499512e-01	7.571275725445669735e-01	8.899075022542439761e-01	7.896728360022576831e-01	7.896728360022576831e-01	9.123295248583610517e-01	7.896728360022576831e-01	7.787551621964909909e-01	9.082371949625599461e-01	7.896728360022576831e-01	7.896728360022576831e-01	8.976059400773039876e-01	7.896728360022576831e-01	7.896728360022576831e-01	7.896728360022576831e-01	7.896728360022576831e-01	7.896728360022576831e-01	7.896728360022576831e-01	7.896728360022576831e-01	7.896728360022576831e-01	7.896728360022576831e-01	7.896728360022576831e-01	8.825077444640190283e-01	8.861156835623159589e-01	8.688460925602109475e-01	7.896728360022576831e-01	7.896728360022576831e-01	9.007587961430539858e-01	7.896728360022576831e-01	7.896728360022576831e-01	8.806190770933960410e-01	9.048084036665560159e-01	7.896728360022576831e-01	8.750899585723800334e-01	7.896728360022576831e-01	7.972602158937750483e-01	7.896728360022576831e-01	7.896728360022576831e-01	7.896728360022576831e-01	7.896728360022576831e-01	7.896728360022576831e-01	7.896728360022576831e-01	7.896728360022576831e-01	7.896728360022576831e-01	7.896728360022576831e-01	7.176602010530079845e-01	7.896728360022576831e-01	7.896728360022576831e-01	7.896728360022576831e-01	7.896728360022576831e-01	8.778006223387200269e-01	8.949134075350220208e-01	7.896728360022576831e-01	8.913332106404260324e-01	8.463701459221270040e-01	7.896728360022576831e-01	7.896728360022576831e-01	7.896728360022576831e-01	8.769614932303649857e-01	7.896728360022576831e-01	8.878837372574539533e-01	7.896728360022576831e-01	1.000000000000000021e-03	7.896728360022576831e-01	7.896728360022576831e-01	8.973337180785150302e-01	8.827174359885370247e-01	7.896728360022576831e-01	7.583121780293039516e-01	8.781559687486579779e-01	7.896728360022576831e-01	8.786440108454259823e-01	2.311166429087370133e-01	7.896728360022576831e-01	7.896728360022576831e-01	8.778304047115490505e-01	7.896728360022576831e-01	8.452970247469130394e-01	8.984089965741060002e-01	7.896728360022576831e-01	8.945520330421540267e-01	7.896728360022576831e-01	7.896728360022576831e-01	8.853221043289020153e-01	8.698594347944179628e-01	7.896728360022576831e-01	7.896728360022576831e-01	7.896728360022576831e-01	7.896728360022576831e-01	7.896728360022576831e-01	7.896728360022576831e-01	9.060428580044640468e-01	7.896728360022576831e-01	7.896728360022576831e-01	7.896728360022576831e-01	7.896728360022576831e-01	7.896728360022576831e-01	7.896728360022576831e-01
9.122186889543779653e-01	7.896728360022576831e-01	7.896728360022576831e-01	7.896728360022576831e-01	7.896728360022576831e-01	8.898074876937289712e-01	7.896728360022576831e-01	7.896728360022576831e-01	7.896728360022576831e-01	7.896728360022576831e-01	7.896728360022576831e-01	1.000000000000000000e+00	7.896728360022576831e-01	7.896728360022576831e-01	7.896728360022576831e-01	7.896728360022576831e-01	7.896728360022576831e-01	7.896728360022576831e-01	7.896728360022576831e-01	7.896728360022576831e-01	7.896728360022576831e-01	9.105691069688259809e-01	7.896728360022576831e-01	7.896728360022576831e-01	8.603577011472339775e-01	8.693214609901900314e-01	7.896728360022576831e-01	7.896728360022576831e-01	7.896728360022576831e-01	7.896728360022576831e-01	8.740465729833259978e-01	7.896728360022576831e-01	7.896728360022576831e-01	7.896728360022576831e-01	9.100534187452610224e-01	7.896728360022576831e-01	7.896728360022576831e-01	9.005010212585690121e-01	5.257014517519790209e-01	7.896728360022576831e-01	7.896728360022576831e-01	7.896728360022576831e-01	7.896728360022576831e-01	6.695430262161180535e-01	8.187456064108590281e-01	7.896728360022576831e-01	7.896728360022576831e-01	7.896728360022576831e-01	7.896728360022576831e-01	8.866082659970040414e-01	7.896728360022576831e-01	7.896728360022576831e-01	7.896728360022576831e-01	7.896728360022576831e-01	7.896728360022576831e-01	9.019904486435219582e-01	8.832384626696320185e-01	7.896728360022576831e-01	7.896728360022576831e-01	7.896728360022576831e-01	8.895274719628429860e-01	8.005146420349590342e-01	8.796104855826389901e-01	8.410940612332660216e-01	7.896728360022576831e-01	7.896728360022576831e-01	7.896728360022576831e-01	7.896728360022576831e-01	7.896728360022576831e-01	6.214339697928470407e-01	7.896728360022576831e-01	7.896728360022576831e-01	7.896728360022576831e-01	9.020868805298469795e-01	8.771272962268109596e-01	8.880146768458889728e-01	8.811273215476580489e-01	7.896728360022576831e-01	7.896728360022576831e-01	8.933836984991010421e-01	7.896728360022576831e-01	7.896728360022576831e-01	7.896728360022576831e-01	7.896728360022576831e-01	7.896728360022576831e-01	7.896728360022576831e-01	7.896728360022576831e-01	8.856074958325269586e-01	7.896728360022576831e-01	7.896728360022576831e-01	7.896728360022576831e-01	7.896728360022576831e-01	7.896728360022576831e-01	7.896728360022576831e-01	7.896728360022576831e-01	7.896728360022576831e-01	7.896728360022576831e-01	7.896728360022576831e-01	7.896728360022576831e-01	7.896728360022576831e-01	7.896728360022576831e-01	8.796662306032440037e-01	7.896728360022576831e-01	7.896728360022576831e-01	7.896728360022576831e-01	7.896728360022576831e-01	7.896728360022576831e-01	8.854975849699889823e-01	9.188493852840089460e-01	7.896728360022576831e-01	7.896728360022576831e-01	8.513275549199329495e-01	8.774315509397460078e-01	9.142983610582769982e-01	9.077118273940399940e-01	7.896728360022576831e-01	7.896728360022576831e-01	7.896728360022576831e-01	7.896728360022576831e-01	7.896728360022576831e-01	7.896728360022576831e-01	7.896728360022576831e-01	7.896728360022576831e-01	7.896728360022576831e-01
