9.999999999999990008e-01	8.076220981493940076e-01	6.591214494896210363e-01	6.591214494896210363e-01	6.591214494896210363e-01	6.591214494896210363e-01	6.591214494896210363e-01	6.591214494896210363e-01	6.591214494896210363e-01	6.591214494896210363e-01	6.591214494896210363e-01	6.981417201675880202e-01	6.591214494896210363e-01	6.591214494896210363e-01	6.591214494896210363e-01	7.071865145681509590e-01	6.591214494896210363e-01	6.263558824545140125e-01	6.591214494896210363e-01	6.591214494896210363e-01	6.480312921980380114e-01	7.119781147843220470e-01	6.591214494896210363e-01	6.591214494896210363e-01	7.017911040700489655e-01	6.591214494896210363e-01	6.591214494896210363e-01	6.591214494896210363e-01	6.591214494896210363e-01	7.033776262916050515e-01	6.591214494896210363e-01	6.591214494896210363e-01	6.591214494896210363e-01	6.591214494896210363e-01	6.591214494896210363e-01	6.803332210989609941e-01	6.591214494896210363e-01	6.591214494896210363e-01	6.591214494896210363e-01	6.591214494896210363e-01	6.591214494896210363e-01	6.591214494896210363e-01	6.591214494896210363e-01	6.772871160454909667e-01	6.591214494896210363e-01	6.684145251726969494e-01	6.725669483272780358e-01	6.591214494896210363e-01	6.591214494896210363e-01	6.591214494896210363e-01	7.334082658689999867e-01	6.571006687993260487e-01	6.591214494896210363e-01	6.591214494896210363e-01	6.591214494896210363e-01	6.591214494896210363e-01	6.867311505150589523e-01	6.591214494896210363e-01	6.591214494896210363e-01	6.591214494896210363e-01	6.591214494896210363e-01	6.591214494896210363e-01	6.591214494896210363e-01	6.645421123561610077e-01	6.380959005013560059e-01	6.591214494896210363e-01	6.591214494896210363e-01	6.591214494896210363e-01	6.591214494896210363e-01	6.591214494896210363e-01	6.723993477248290107e-01	6.591214494896210363e-01	6.591214494896210363e-01	6.591214494896210363e-01	6.591214494896210363e-01	6.591214494896210363e-01	7.578932242642140160e-01	6.591214494896210363e-01	6.588748208655490490e-01	6.716800892497369890e-01	6.591214494896210363e-01	6.833157825898730220e-01	6.591214494896210363e-01	6.591214494896210363e-01	6.591214494896210363e-01	6.591214494896210363e-01	6.591214494896210363e-01	6.637269027764139961e-01	8.287794425176689961e-01	6.591214494896210363e-01	6.591214494896210363e-01	6.273639840452760463e-01	6.139504167381379940e-01	6.229523559549490219e-01	6.591214494896210363e-01	6.591214494896210363e-01	6.591214494896210363e-01	6.591214494896210363e-01	6.591214494896210363e-01	6.591214494896210363e-01	6.591214494896210363e-01	6.441592089626430040e-01	6.591214494896210363e-01	6.591214494896210363e-01	6.591214494896210363e-01	6.444839234428260122e-01	6.536394963548900483e-01	6.591214494896210363e-01	6.591214494896210363e-01	6.591214494896210363e-01	6.591214494896210363e-01	6.591214494896210363e-01	6.591214494896210363e-01	6.591214494896210363e-01	6.591214494896210363e-01	8.162564431068519699e-01	7.986579804370510516e-01	6.591214494896210363e-01	8.058006467054960043e-01	6.591214494896210363e-01	6.591214494896210363e-01	7.200970590900579449e-01	7.533145253528840124e-01	6.591214494896210363e-01
8.076220981493940076e-01	1.000000000000000000e+00	6.591214494896210363e-01	6.591214494896210363e-01	6.591214494896210363e-01	6.899367991274679701e-01	6.816729748704269953e-01	7.079789994423579813e-01	6.591214494896210363e-01	6.591214494896210363e-01	7.045032452873249973e-01	6.591214494896210363e-01	6.591214494896210363e-01	6.384363047914219935e-01	6.591214494896210363e-01	6.591214494896210363e-01	6.591214494896210363e-01	6.135467990362040158e-01	6.591214494896210363e-01	6.942944130068019470e-01	6.471863671776130200e-01	6.591214494896210363e-01	7.102195550792530510e-01	6.942700323021480102e-01	6.591214494896210363e-01	6.591214494896210363e-01	6.594150236917259988e-01	6.591214494896210363e-01	6.591214494896210363e-01	6.910183100062320394e-01	6.730363785619110084e-01	6.591214494896210363e-01	6.591214494896210363e-01	6.591214494896210363e-01	6.591214494896210363e-01	6.591214494896210363e-01	6.883582521038169588e-01	6.591214494896210363e-01	6.591214494896210363e-01	6.591214494896210363e-01	6.591214494896210363e-01	6.457768178814039528e-01	6.591214494896210363e-01	6.591214494896210363e-01	6.591214494896210363e-01	6.587506095209669787e-01	6.502122548840180150e-01	6.591214494896210363e-01	6.591214494896210363e-01	6.794311883816469555e-01	6.984987615408070338e-01	6.591214494896210363e-01	6.591214494896210363e-01	6.442425631584549617e-01	6.591214494896210363e-01	6.468991702968720503e-01	6.591214494896210363e-01	6.402615221650359567e-01	6.469766870973520101e-01	6.591214494896210363e-01	6.591214494896210363e-01	6.630675057962159835e-01	7.009452668320339530e-01	6.693423088324299552e-01	6.219792659692759962e-01	6.819626278699090216e-01	6.559262474115860053e-01	6.591214494896210363e-01	6.591214494896210363e-01	6.591214494896210363e-01	6.591669656578950098e-01	6.922222608069410477e-01	6.591214494896210363e-01	6.773484094394079946e-01	6.591214494896210363e-01	6.591214494896210363e-01	6.591214494896210363e-01	6.591214494896210363e-01	6.591214494896210363e-01	6.565336150877789656e-01	6.591214494896210363e-01	6.671536979669669964e-01	6.591214494896210363e-01	6.591214494896210363e-01	6.591214494896210363e-01	6.664598639740939579e-01	6.591214494896210363e-01	6.591214494896210363e-01	6.591214494896210363e-01	6.528434357038559455e-01	6.911460409122029969e-01	6.591214494896210363e-01	6.591214494896210363e-01	6.591214494896210363e-01	6.591214494896210363e-01	6.591214494896210363e-01	6.715868291685109792e-01	6.591214494896210363e-01	6.591214494896210363e-01	6.591214494896210363e-01	6.474366927288930373e-01	6.591214494896210363e-01	6.452012973249660055e-01	6.591214494896210363e-01	6.591214494896210363e-01	6.591214494896210363e-01	6.496124115728979520e-01	6.382647036597129953e-01	6.591214494896210363e-01	6.591214494896210363e-01	6.899452777116450441e-01	7.043901638564660228e-01	6.591214494896210363e-01	6.591214494896210363e-01	6.591214494896210363e-01	7.911270560235179605e-01	6.591214494896210363e-01	8.022500284254060476e-01	6.591214494896210363e-01	6.961619443764930359e-01	6.591214494896210363e-01	6.591214494896210363e-01	6.591214494896210363e-01	7.154611589023780471e-01
6.591214494896210363e-01	6.591214494896210363e-01	1.000000000000000000e+00	6.591214494896210363e-01	6.792024724294729587e-01	6.991187441597369601e-01	6.591214494896210363e-01	6.591214494896210363e-01	6.591214494896210363e-01	7.019715568457179922e-01	6.855994375795949614e-01	6.797318614824020555e-01	6.591214494896210363e-01	6.591214494896210363e-01	6.591214494896210363e-01	6.591214494896210363e-01	6.591214494896210363e-01	6.591214494896210363e-01	6.674027466200900260e-01	6.591214494896210363e-01	6.591214494896210363e-01	6.591214494896210363e-01	6.932344711763209766e-01	6.591214494896210363e-01	6.591214494896210363e-01	6.591214494896210363e-01	6.591214494896210363e-01	6.591214494896210363e-01	6.591214494896210363e-01	6.591214494896210363e-01	6.591214494896210363e-01	6.591214494896210363e-01	6.590625387464059681e-01	7.282900092489520416e-01	6.591214494896210363e-01	6.591214494896210363e-01	6.591214494896210363e-01	6.836640155841250399e-01	6.591214494896210363e-01	6.591214494896210363e-01	6.591214494896210363e-01	6.591214494896210363e-01	6.808745411190030294e-01	6.600806987954469518e-01	6.591214494896210363e-01	6.591214494896210363e-01	6.591214494896210363e-01	6.553339747858060171e-01	6.591214494896210363e-01	6.591214494896210363e-01	7.122542394204139926e-01	6.591214494896210363e-01	6.253530900452389796e-01	6.323385960905260061e-01	6.598631733901350049e-01	6.591214494896210363e-01	6.591214494896210363e-01	6.591214494896210363e-01	6.591214494896210363e-01	6.594266895328290135e-01	6.591214494896210363e-01	6.595741353969399867e-01	6.591214494896210363e-01	6.428257460437689641e-01	6.354338830659399528e-01	6.591214494896210363e-01	6.680009025704359837e-01	6.591214494896210363e-01	6.591214494896210363e-01	6.591214494896210363e-01	6.444304955398639789e-01	6.773799602594600122e-01	6.648457585255389546e-01	6.591214494896210363e-01	6.591214494896210363e-01	6.591214494896210363e-01	6.591214494896210363e-01	6.348449716158990341e-01	6.591214494896210363e-01	6.591214494896210363e-01	6.591214494896210363e-01	6.591214494896210363e-01	6.591214494896210363e-01	6.591214494896210363e-01	6.450432670364260046e-01	6.591214494896210363e-01	6.885136538802549833e-01	6.668560159428880141e-01	6.591214494896210363e-01	6.591214494896210363e-01	6.591214494896210363e-01	6.265345454497249778e-01	6.591214494896210363e-01	5.898377137155500494e-01	5.884561882514910414e-01	6.277267035789360072e-01	6.591214494896210363e-01	6.591214494896210363e-01	6.591214494896210363e-01	6.591214494896210363e-01	6.591214494896210363e-01	6.591214494896210363e-01	6.591214494896210363e-01	6.591214494896210363e-01	6.338186309989169986e-01	6.446689591492229532e-01	6.591214494896210363e-01	6.591214494896210363e-01	6.591214494896210363e-01	6.591214494896210363e-01	6.915379144748270424e-01	6.591214494896210363e-01	6.591214494896210363e-01	6.591214494896210363e-01	6.591214494896210363e-01	7.722357322277759728e-01	6.591214494896210363e-01	6.591214494896210363e-01	7.695510193401520205e-01	6.591214494896210363e-01	6.591214494896210363e-01	6.591214494896210363e-01	6.591214494896210363e-01	7.106795882554800547e-01
6.591214494896210363e-01	6.591214494896210363e-01	6.591214494896210363e-01	9.999999999999980016e-01	6.591214494896210363e-01	6.043980900903499487e-01	6.026949621474619878e-01	6.101433766403330239e-01	6.591214494896210363e-01	6.267136264620549735e-01	6.591214494896210363e-01	6.591214494896210363e-01	6.591214494896210363e-01	6.724238694464429456e-01	6.591214494896210363e-01	6.591214494896210363e-01	6.591214494896210363e-01	6.591214494896210363e-01	6.591214494896210363e-01	6.157080587050980380e-01	6.591214494896210363e-01	6.727743969946420322e-01	6.328696865123110138e-01	6.793941103948699656e-01	6.591214494896210363e-01	6.591214494896210363e-01	6.591214494896210363e-01	6.591214494896210363e-01	6.591214494896210363e-01	6.783570820790719713e-01	6.680745021427370034e-01	6.060386142810080257e-01	6.376791258453780031e-01	6.591214494896210363e-01	6.591214494896210363e-01	6.591214494896210363e-01	6.775610912422039833e-01	6.236696936247539957e-01	6.591214494896210363e-01	6.591214494896210363e-01	6.591214494896210363e-01	5.950903726010390304e-01	6.591214494896210363e-01	6.440915615191820098e-01	6.591214494896210363e-01	6.591214494896210363e-01	6.591214494896210363e-01	6.591214494896210363e-01	6.591214494896210363e-01	6.591214494896210363e-01	6.591214494896210363e-01	6.581916063476129786e-01	6.591214494896210363e-01	6.591214494896210363e-01	6.155896702810740306e-01	6.408556716808040399e-01	6.527409360685030304e-01	6.591214494896210363e-01	6.591214494896210363e-01	6.591214494896210363e-01	6.591214494896210363e-01	5.919251514920309543e-01	6.591214494896210363e-01	6.591214494896210363e-01	6.591214494896210363e-01	6.719988324807889546e-01	6.600494304698389936e-01	6.591214494896210363e-01	6.838010210886450446e-01	6.591214494896210363e-01	6.591214494896210363e-01	6.226267641137620545e-01	6.105226373676949647e-01	6.591214494896210363e-01	6.591214494896210363e-01	6.591214494896210363e-01	6.591214494896210363e-01	6.503753297007860423e-01	6.331613792623159709e-01	6.263503283904460206e-01	6.591214494896210363e-01	6.591214494896210363e-01	6.591214494896210363e-01	6.158488119204029720e-01	6.591214494896210363e-01	6.591214494896210363e-01	6.591214494896210363e-01	6.591214494896210363e-01	6.591214494896210363e-01	6.591214494896210363e-01	6.591214494896210363e-01	6.591214494896210363e-01	6.074331936022989709e-01	6.591214494896210363e-01	6.591214494896210363e-01	6.591214494896210363e-01	6.591214494896210363e-01	6.591214494896210363e-01	6.591214494896210363e-01	6.427050542478619510e-01	6.591214494896210363e-01	6.591214494896210363e-01	6.068028326953079921e-01	6.591214494896210363e-01	6.591214494896210363e-01	6.170866732837999580e-01	6.591214494896210363e-01	6.163922142559019601e-01	6.591214494896210363e-01	6.133606959185300411e-01	6.591214494896210363e-01	6.874723293765170329e-01	6.684697080971200300e-01	6.591214494896210363e-01	6.392500624789030361e-01	6.591214494896210363e-01	6.591214494896210363e-01	6.452480500101950289e-01	6.606090869797169862e-01	6.484569258323650276e-01	6.591214494896210363e-01	6.302221876670049960e-01	6.591214494896210363e-01	6.591214494896210363e-01
6.591214494896210363e-01	6.591214494896210363e-01	6.792024724294729587e-01	6.591214494896210363e-01	9.999999999999980016e-01	6.591214494896210363e-01	6.591214494896210363e-01	6.591214494896210363e-01	7.259292594824450218e-01	6.591214494896210363e-01	7.207449645972660024e-01	7.562611321099980133e-01	6.879720530563280256e-01	6.487306730161159773e-01	6.591214494896210363e-01	6.591214494896210363e-01	6.591214494896210363e-01	6.591214494896210363e-01	6.591214494896210363e-01	7.556915335267410105e-01	6.591214494896210363e-01	6.591214494896210363e-01	6.591214494896210363e-01	6.591214494896210363e-01	6.591214494896210363e-01	6.591214494896210363e-01	6.591214494896210363e-01	6.591214494896210363e-01	6.591214494896210363e-01	6.591214494896210363e-01	6.591214494896210363e-01	6.242576271041230251e-01	6.591214494896210363e-01	6.546828851339909772e-01	6.591214494896210363e-01	6.591214494896210363e-01	6.366720314161440353e-01	6.591214494896210363e-01	6.591214494896210363e-01	6.591214494896210363e-01	6.669032308186410019e-01	7.146024539756480332e-01	6.591214494896210363e-01	6.591214494896210363e-01	5.653240597027660019e-01	6.591214494896210363e-01	6.152599049827840449e-01	6.591214494896210363e-01	6.591214494896210363e-01	6.591214494896210363e-01	6.786627159231070072e-01	6.591214494896210363e-01	6.591214494896210363e-01	6.570025153545170360e-01	6.591214494896210363e-01	6.430484399451089628e-01	6.591214494896210363e-01	6.591214494896210363e-01	6.215523670683410495e-01	6.269138568120520283e-01	6.591214494896210363e-01	6.591214494896210363e-01	6.591214494896210363e-01	6.655589803912289604e-01	6.591214494896210363e-01	6.803640056365050093e-01	6.170090006972099861e-01	6.637357002912029902e-01	6.591214494896210363e-01	6.848590559273940448e-01	6.687449642682470330e-01	6.591214494896210363e-01	6.591214494896210363e-01	6.591214494896210363e-01	6.591214494896210363e-01	6.591214494896210363e-01	6.591214494896210363e-01	6.370283570300919740e-01	6.591214494896210363e-01	6.591214494896210363e-01	6.591214494896210363e-01	6.487677441434609449e-01	6.254313306473320289e-01	6.805012880595300295e-01	6.350873570154670356e-01	6.591214494896210363e-01	6.591214494896210363e-01	6.591214494896210363e-01	6.591214494896210363e-01	6.591214494896210363e-01	6.591214494896210363e-01	6.591214494896210363e-01	6.591214494896210363e-01	6.591214494896210363e-01	6.591214494896210363e-01	6.591214494896210363e-01	6.591214494896210363e-01	6.591214494896210363e-01	6.591214494896210363e-01	6.591214494896210363e-01	6.591214494896210363e-01	6.591214494896210363e-01	6.591214494896210363e-01	5.947655870829290370e-01	6.591214494896210363e-01	6.466505440468750532e-01	6.591214494896210363e-01	6.591214494896210363e-01	6.591214494896210363e-01	6.591214494896210363e-01	6.591214494896210363e-01	6.591214494896210363e-01	6.616835663388259681e-01	6.591214494896210363e-01	6.591214494896210363e-01	6.591214494896210363e-01	6.591214494896210363e-01	6.591214494896210363e-01	6.591214494896210363e-01	6.591214494896210363e-01	6.849110703602480088e-01	6.591214494896210363e-01	6.643749130991269958e-01	6.591214494896210363e-01
6.591214494896210363e-01	6.899367991274679701e-01	6.991187441597369601e-01	6.043980900903499487e-01	6.591214494896210363e-01	9.999999999999980016e-01	6.822719357503550519e-01	6.591214494896210363e-01	6.591214494896210363e-01	6.591214494896210363e-01	6.591214494896210363e-01	6.591214494896210363e-01	7.088977543645720303e-01	6.591214494896210363e-01	6.591214494896210363e-01	6.591214494896210363e-01	6.591214494896210363e-01	6.591214494896210363e-01	6.591214494896210363e-01	6.591214494896210363e-01	6.604230753646710417e-01	6.216519262296880122e-01	6.290518221339590488e-01	6.591214494896210363e-01	6.408541947776890124e-01	6.591214494896210363e-01	6.591214494896210363e-01	6.591214494896210363e-01	5.984964377938190028e-01	6.398753188539350045e-01	6.591214494896210363e-01	6.591214494896210363e-01	5.894810692335910041e-01	6.591214494896210363e-01	6.591214494896210363e-01	6.591214494896210363e-01	6.591214494896210363e-01	6.098354956040840102e-01	6.330071081897760132e-01	6.591214494896210363e-01	6.591214494896210363e-01	6.847572275237829853e-01	6.846608032981359448e-01	6.591214494896210363e-01	6.591214494896210363e-01	6.591214494896210363e-01	5.951267788663170411e-01	6.476399178786530486e-01	6.767138796867590012e-01	6.591214494896210363e-01	6.591214494896210363e-01	6.591214494896210363e-01	6.591214494896210363e-01	6.591214494896210363e-01	6.662943430355799945e-01	6.870226812660580329e-01	6.692465278532240269e-01	6.591214494896210363e-01	6.591214494896210363e-01	6.591214494896210363e-01	6.760270594467290284e-01	6.179459464804649693e-01	6.327545736967780110e-01	6.591214494896210363e-01	6.591214494896210363e-01	6.945677735542149511e-01	6.000232038129460488e-01	6.591214494896210363e-01	6.591214494896210363e-01	6.686776823969750039e-01	6.591214494896210363e-01	6.591214494896210363e-01	6.591214494896210363e-01	6.591214494896210363e-01	6.486175741314960108e-01	6.591214494896210363e-01	6.591214494896210363e-01	6.591214494896210363e-01	6.591214494896210363e-01	6.591214494896210363e-01	6.591214494896210363e-01	6.003134446293030280e-01	6.591214494896210363e-01	6.318464368772690465e-01	6.591214494896210363e-01	6.591214494896210363e-01	6.591214494896210363e-01	7.104075480276480503e-01	6.591214494896210363e-01	6.591214494896210363e-01	6.591214494896210363e-01	6.739739716871110398e-01	6.591214494896210363e-01	6.591214494896210363e-01	6.591214494896210363e-01	6.591214494896210363e-01	6.591214494896210363e-01	6.331258428699140239e-01	6.902501044672190167e-01	6.591214494896210363e-01	6.591214494896210363e-01	6.759420802621119995e-01	6.591214494896210363e-01	5.901384989367619571e-01	6.591214494896210363e-01	6.780029669688579785e-01	6.591214494896210363e-01	6.591214494896210363e-01	6.591214494896210363e-01	6.591214494896210363e-01	6.591214494896210363e-01	6.591214494896210363e-01	6.591214494896210363e-01	7.067859007509169622e-01	6.591214494896210363e-01	6.591214494896210363e-01	6.591214494896210363e-01	6.591214494896210363e-01	6.591214494896210363e-01	6.591214494896210363e-01	7.037612738070639917e-01	6.591214494896210363e-01	6.591214494896210363e-01	6.591214494896210363e-01
6.591214494896210363e-01	6.816729748704269953e-01	6.591214494896210363e-01	6.026949621474619878e-01	6.591214494896210363e-01	6.822719357503550519e-01	9.999999999999990008e-01	7.499182504389100279e-01	6.591214494896210363e-01	6.909741243990970005e-01	6.591214494896210363e-01	6.591214494896210363e-01	6.591214494896210363e-01	6.479461187913589937e-01	6.591214494896210363e-01	6.591214494896210363e-01	6.431444627956880433e-01	6.028074023554269578e-01	6.591214494896210363e-01	6.591214494896210363e-01	6.591214494896210363e-01	6.591214494896210363e-01	6.591214494896210363e-01	6.591214494896210363e-01	6.591214494896210363e-01	6.591214494896210363e-01	5.884939601612100279e-01	6.591214494896210363e-01	6.591214494896210363e-01	6.591214494896210363e-01	6.591214494896210363e-01	6.056458581661570140e-01	6.591214494896210363e-01	6.510247633523910116e-01	6.591214494896210363e-01	6.591214494896210363e-01	6.591214494896210363e-01	6.591214494896210363e-01	6.591214494896210363e-01	6.591214494896210363e-01	6.591214494896210363e-01	7.503989776076660512e-01	6.591214494896210363e-01	6.591214494896210363e-01	6.591214494896210363e-01	6.591214494896210363e-01	6.591214494896210363e-01	6.591214494896210363e-01	6.472220776215390492e-01	6.591214494896210363e-01	6.591214494896210363e-01	6.491470308997879801e-01	6.206739860633939676e-01	6.591214494896210363e-01	6.591214494896210363e-01	6.591214494896210363e-01	6.748821633928530073e-01	6.027610516554410269e-01	6.591214494896210363e-01	6.591214494896210363e-01	6.591214494896210363e-01	6.591214494896210363e-01	7.136993356501839525e-01	6.589756883763140394e-01	6.591214494896210363e-01	6.591214494896210363e-01	6.591214494896210363e-01	6.591214494896210363e-01	6.591214494896210363e-01	6.591214494896210363e-01	6.499394908761639833e-01	6.591214494896210363e-01	6.591214494896210363e-01	6.478218389913590336e-01	6.591214494896210363e-01	6.722533529057399537e-01	6.988311746450950324e-01	6.591214494896210363e-01	6.591214494896210363e-01	6.591214494896210363e-01	7.479087294248699669e-01	6.591214494896210363e-01	6.591214494896210363e-01	6.591214494896210363e-01	6.591214494896210363e-01	6.591214494896210363e-01	6.775588986546270398e-01	6.591214494896210363e-01	6.966525112155740329e-01	6.591214494896210363e-01	6.591214494896210363e-01	6.542139340498129840e-01	6.591214494896210363e-01	6.591214494896210363e-01	6.591214494896210363e-01	6.487243888317679730e-01	6.591214494896210363e-01	6.442253528444239485e-01	6.591214494896210363e-01	7.015198602345970036e-01	6.591214494896210363e-01	6.687040556575399863e-01	6.591214494896210363e-01	5.878453982618410123e-01	6.653730027428680360e-01	6.439791313804640316e-01	6.691476826010189782e-01	6.591214494896210363e-01	6.591214494896210363e-01	6.591214494896210363e-01	6.181029391451310362e-01	6.455499735917880066e-01	6.506193711764599596e-01	6.556269231051670143e-01	6.591214494896210363e-01	6.591214494896210363e-01	6.507373707222710024e-01	6.591214494896210363e-01	6.591214494896210363e-01	6.684136230713569882e-01	6.591214494896210363e-01	6.591214494896210363e-01	6.591214494896210363e-01	6.591214494896210363e-01
6.591214494896210363e-01	7.079789994423579813e-01	6.591214494896210363e-01	6.101433766403330239e-01	6.591214494896210363e-01	6.591214494896210363e-01	7.499182504389100279e-01	1.000000000000000000e+00	6.591214494896210363e-01	7.463781274849400349e-01	6.591214494896210363e-01	6.591214494896210363e-01	6.591214494896210363e-01	5.963582418056839751e-01	6.591214494896210363e-01	6.840982777127320169e-01	6.591214494896210363e-01	5.945049773416080097e-01	6.591214494896210363e-01	6.591214494896210363e-01	6.591214494896210363e-01	6.591214494896210363e-01	6.591214494896210363e-01	6.591214494896210363e-01	7.534324586528919898e-01	7.019610277766470396e-01	6.591214494896210363e-01	6.591214494896210363e-01	6.591214494896210363e-01	6.791147086806540445e-01	6.591214494896210363e-01	6.152120684545729912e-01	6.317892672821440181e-01	6.591214494896210363e-01	6.471428304349300387e-01	6.591214494896210363e-01	6.602203448309450495e-01	6.591214494896210363e-01	6.490989956698399732e-01	6.149356185722889556e-01	6.591214494896210363e-01	6.591214494896210363e-01	6.591214494896210363e-01	6.591214494896210363e-01	6.591214494896210363e-01	6.591214494896210363e-01	6.591214494896210363e-01	6.591214494896210363e-01	6.591214494896210363e-01	6.591214494896210363e-01	6.591214494896210363e-01	6.591214494896210363e-01	6.591214494896210363e-01	6.591214494896210363e-01	6.591214494896210363e-01	6.591214494896210363e-01	6.591214494896210363e-01	6.591214494896210363e-01	6.591214494896210363e-01	6.352129550098549737e-01	6.550895083061899493e-01	6.231583615838689472e-01	6.591214494896210363e-01	6.396256722116929749e-01	6.094829676042200495e-01	6.591214494896210363e-01	6.750851955703679463e-01	6.591214494896210363e-01	6.591214494896210363e-01	6.591214494896210363e-01	6.245552398969830277e-01	6.591214494896210363e-01	6.591214494896210363e-01	6.591214494896210363e-01	6.591214494896210363e-01	6.591214494896210363e-01	6.591214494896210363e-01	6.174909877088949894e-01	6.591214494896210363e-01	6.345947409072469902e-01	6.591214494896210363e-01	6.516267046188439771e-01	6.591214494896210363e-01	6.591214494896210363e-01	6.591214494896210363e-01	6.591214494896210363e-01	6.602471797181179713e-01	6.383609399634979642e-01	6.591214494896210363e-01	6.336543830657880294e-01	6.591214494896210363e-01	6.591214494896210363e-01	6.591214494896210363e-01	6.591214494896210363e-01	6.070886793747940491e-01	6.591214494896210363e-01	6.394105018991950162e-01	6.591214494896210363e-01	6.591214494896210363e-01	6.591214494896210363e-01	6.591214494896210363e-01	6.591214494896210363e-01	6.196717917980489876e-01	6.005947409292550221e-01	6.591214494896210363e-01	6.591214494896210363e-01	6.591214494896210363e-01	6.329511591622779543e-01	6.591214494896210363e-01	6.591214494896210363e-01	6.591214494896210363e-01	6.591214494896210363e-01	6.591214494896210363e-01	6.453276474868300250e-01	6.591214494896210363e-01	7.136812347449249527e-01	6.591214494896210363e-01	6.591214494896210363e-01	6.591214494896210363e-01	7.089915432183799826e-01	6.591214494896210363e-01	6.591214494896210363e-01	6.591214494896210363e-01	6.591214494896210363e-01
6.591214494896210363e-01	6.591214494896210363e-01	6.591214494896210363e-01	6.591214494896210363e-01	7.259292594824450218e-01	6.591214494896210363e-01	6.591214494896210363e-01	6.591214494896210363e-01	1.000000000000000000e+00	6.591214494896210363e-01	6.591214494896210363e-01	6.971862675536020237e-01	6.591214494896210363e-01	6.591214494896210363e-01	6.591214494896210363e-01	6.591214494896210363e-01	6.591214494896210363e-01	6.026865965300469696e-01	6.591214494896210363e-01	6.591214494896210363e-01	6.591214494896210363e-01	6.614859194003019915e-01	6.591214494896210363e-01	6.591214494896210363e-01	7.545385266746390540e-01	6.913656919240149801e-01	6.591214494896210363e-01	7.539117724525520314e-01	6.465061435897290210e-01	6.591214494896210363e-01	6.591214494896210363e-01	6.591214494896210363e-01	6.452049284831740117e-01	6.996850521753269492e-01	6.591214494896210363e-01	6.591214494896210363e-01	6.591214494896210363e-01	6.591214494896210363e-01	6.591214494896210363e-01	6.591214494896210363e-01	6.591214494896210363e-01	6.591214494896210363e-01	6.591214494896210363e-01	6.355197033908379645e-01	6.591214494896210363e-01	6.894470279667600510e-01	6.591214494896210363e-01	6.450624962626000380e-01	6.780300914618709873e-01	6.591214494896210363e-01	6.591214494896210363e-01	6.591214494896210363e-01	6.591214494896210363e-01	6.591214494896210363e-01	6.591214494896210363e-01	6.591214494896210363e-01	6.591214494896210363e-01	6.271442972130659710e-01	6.591214494896210363e-01	6.591214494896210363e-01	6.591214494896210363e-01	6.591214494896210363e-01	6.955073093656950478e-01	6.441032912570210378e-01	6.156686491587830545e-01	6.591214494896210363e-01	6.591214494896210363e-01	6.643337402163740357e-01	6.591214494896210363e-01	6.591214494896210363e-01	6.260168925447490151e-01	6.591214494896210363e-01	6.591214494896210363e-01	6.591214494896210363e-01	6.277991514841170240e-01	6.591214494896210363e-01	6.591214494896210363e-01	6.275587857359320454e-01	6.532984681897350265e-01	6.591214494896210363e-01	6.591214494896210363e-01	6.591214494896210363e-01	6.591214494896210363e-01	6.591214494896210363e-01	6.591214494896210363e-01	6.591214494896210363e-01	6.591214494896210363e-01	6.591214494896210363e-01	6.591214494896210363e-01	6.591214494896210363e-01	6.836575458850580045e-01	6.591214494896210363e-01	6.591214494896210363e-01	5.867217742425929750e-01	6.591214494896210363e-01	6.591214494896210363e-01	6.591214494896210363e-01	6.591214494896210363e-01	6.591214494896210363e-01	6.469075216211910284e-01	6.591214494896210363e-01	6.129574072670750384e-01	6.591214494896210363e-01	6.591214494896210363e-01	6.591214494896210363e-01	6.061594883098599951e-01	6.591214494896210363e-01	6.591214494896210363e-01	6.591214494896210363e-01	6.591214494896210363e-01	6.591214494896210363e-01	6.591214494896210363e-01	6.591214494896210363e-01	6.591214494896210363e-01	6.927096127790830504e-01	7.073311819617850160e-01	6.831959717608560023e-01	6.591214494896210363e-01	6.591214494896210363e-01	6.591214494896210363e-01	6.591214494896210363e-01	6.591214494896210363e-01	7.064089121886120148e-01	6.591214494896210363e-01
6.591214494896210363e-01	6.591214494896210363e-01	7.019715568457179922e-01	6.267136264620549735e-01	6.591214494896210363e-01	6.591214494896210363e-01	6.909741243990970005e-01	7.463781274849400349e-01	6.591214494896210363e-01	1.000000000000000000e+00	7.119785354403620481e-01	6.591214494896210363e-01	6.591214494896210363e-01	6.591214494896210363e-01	6.847197629938800434e-01	6.591214494896210363e-01	6.591214494896210363e-01	6.591214494896210363e-01	6.547387388354639626e-01	6.591214494896210363e-01	6.591214494896210363e-01	6.591214494896210363e-01	6.591214494896210363e-01	6.591214494896210363e-01	6.591214494896210363e-01	6.591214494896210363e-01	6.591214494896210363e-01	6.591214494896210363e-01	6.591214494896210363e-01	6.591214494896210363e-01	6.591214494896210363e-01	6.591214494896210363e-01	6.591214494896210363e-01	6.878599126168439826e-01	6.591214494896210363e-01	6.591214494896210363e-01	6.591214494896210363e-01	6.591214494896210363e-01	6.567020713255019571e-01	6.142671713306280257e-01	6.591214494896210363e-01	6.591214494896210363e-01	6.591214494896210363e-01	6.591214494896210363e-01	6.591214494896210363e-01	6.591214494896210363e-01	6.591214494896210363e-01	6.591214494896210363e-01	6.591214494896210363e-01	6.591214494896210363e-01	6.591214494896210363e-01	6.205419756584139579e-01	6.591214494896210363e-01	6.591214494896210363e-01	6.507249950221629664e-01	6.591214494896210363e-01	6.591214494896210363e-01	6.591214494896210363e-01	6.175487746327610328e-01	6.339860197061479852e-01	6.543040273143589936e-01	6.439131330831929789e-01	6.591214494896210363e-01	6.392441281959769794e-01	6.591214494896210363e-01	6.591214494896210363e-01	6.591214494896210363e-01	6.547645156169490388e-01	6.591214494896210363e-01	6.591214494896210363e-01	6.591214494896210363e-01	6.634172497512640376e-01	6.394441715514129765e-01	6.591214494896210363e-01	6.100560711486100463e-01	6.413617558016919684e-01	6.591214494896210363e-01	6.591214494896210363e-01	6.347910811088329774e-01	6.343977411388369569e-01	6.591214494896210363e-01	6.591214494896210363e-01	6.405930650737780008e-01	6.591214494896210363e-01	6.683248646362830447e-01	6.591214494896210363e-01	6.568213332212929911e-01	6.591214494896210363e-01	7.375717452612009506e-01	6.415931571607019768e-01	6.591214494896210363e-01	6.591214494896210363e-01	6.591214494896210363e-01	6.591214494896210363e-01	6.591214494896210363e-01	6.021742636173970098e-01	6.591214494896210363e-01	6.286859144833899515e-01	6.203144794136340456e-01	6.417292333186159770e-01	6.249053782245750366e-01	6.591214494896210363e-01	6.591214494896210363e-01	6.591214494896210363e-01	6.591214494896210363e-01	6.591214494896210363e-01	6.591214494896210363e-01	6.591214494896210363e-01	6.334246006505149795e-01	6.591214494896210363e-01	6.591214494896210363e-01	7.008109967915480132e-01	6.591214494896210363e-01	6.591214494896210363e-01	6.710148581823169867e-01	6.591214494896210363e-01	6.591214494896210363e-01	6.591214494896210363e-01	6.591214494896210363e-01	7.129362424992029545e-01	6.591214494896210363e-01	7.067554208401569671e-01	7.225917350707180553e-01	6.591214494896210363e-01
6.591214494896210363e-01	7.045032452873249973e-01	6.855994375795949614e-01	6.591214494896210363e-01	7.207449645972660024e-01	6.591214494896210363e-01	6.591214494896210363e-01	6.591214494896210363e-01	6.591214494896210363e-01	7.119785354403620481e-01	1.000000000000000000e+00	6.591214494896210363e-01	6.591214494896210363e-01	6.591214494896210363e-01	6.591214494896210363e-01	6.513793509603420517e-01	6.359927463659139635e-01	5.859156928141450171e-01	6.315675412162810032e-01	6.591214494896210363e-01	6.591214494896210363e-01	6.591214494896210363e-01	6.798574782827879748e-01	6.591214494896210363e-01	6.821186216644810063e-01	7.311711377386950206e-01	6.591214494896210363e-01	6.591214494896210363e-01	6.591214494896210363e-01	6.591214494896210363e-01	6.591214494896210363e-01	6.591214494896210363e-01	6.591214494896210363e-01	6.897120920214659945e-01	6.151098380928700093e-01	6.591214494896210363e-01	6.591214494896210363e-01	6.591214494896210363e-01	6.591214494896210363e-01	6.591214494896210363e-01	6.591214494896210363e-01	6.591214494896210363e-01	6.848339893646140375e-01	6.760877746141410460e-01	6.591214494896210363e-01	6.591214494896210363e-01	6.287894335661230460e-01	6.591214494896210363e-01	6.591214494896210363e-01	6.591214494896210363e-01	6.591214494896210363e-01	6.591214494896210363e-01	6.591214494896210363e-01	6.407874848205119545e-01	6.814705238454810132e-01	6.591214494896210363e-01	6.833495440050240122e-01	6.297011105573500078e-01	6.591214494896210363e-01	6.591214494896210363e-01	6.563364171476829823e-01	6.591214494896210363e-01	6.591214494896210363e-01	6.591214494896210363e-01	6.309546625814189680e-01	6.591214494896210363e-01	6.591214494896210363e-01	6.935055995270370532e-01	6.591214494896210363e-01	6.623917506034560088e-01	6.591214494896210363e-01	6.591214494896210363e-01	6.591214494896210363e-01	6.591214494896210363e-01	6.591214494896210363e-01	6.591214494896210363e-01	6.591214494896210363e-01	6.591214494896210363e-01	6.591214494896210363e-01	6.591214494896210363e-01	6.591214494896210363e-01	6.665727131203950107e-01	6.591214494896210363e-01	6.471954109196560445e-01	6.591214494896210363e-01	6.591214494896210363e-01	6.591214494896210363e-01	6.591214494896210363e-01	6.591214494896210363e-01	6.591214494896210363e-01	6.849364350276020419e-01	6.591214494896210363e-01	6.591214494896210363e-01	5.764016494577739458e-01	6.591214494896210363e-01	6.591214494896210363e-01	6.581812120126550036e-01	6.591214494896210363e-01	6.591214494896210363e-01	6.591214494896210363e-01	6.590233876098029464e-01	6.591214494896210363e-01	6.512858706171029688e-01	6.106056717776969789e-01	6.591214494896210363e-01	6.591214494896210363e-01	6.591214494896210363e-01	6.591214494896210363e-01	6.591214494896210363e-01	6.591214494896210363e-01	6.591214494896210363e-01	6.591214494896210363e-01	6.591214494896210363e-01	6.591214494896210363e-01	6.473687991419779797e-01	7.006232368296140267e-01	6.591214494896210363e-01	6.591214494896210363e-01	6.591214494896210363e-01	6.591214494896210363e-01	6.548193193170790405e-01	6.591214494896210363e-01	6.591214494896210363e-01	6.591214494896210363e-01
6.981417201675880202e-01	6.591214494896210363e-01	6.797318614824020555e-01	6.591214494896210363e-01	7.562611321099980133e-01	6.591214494896210363e-01	6.591214494896210363e-01	6.591214494896210363e-01	6.971862675536020237e-01	6.591214494896210363e-01	6.591214494896210363e-01	1.000000000000000000e+00	7.168669099648290466e-01	6.591214494896210363e-01	6.578573198002050093e-01	6.591214494896210363e-01	6.591214494896210363e-01	6.591214494896210363e-01	6.591214494896210363e-01	6.591214494896210363e-01	6.591214494896210363e-01	6.357821721313340335e-01	6.591214494896210363e-01	6.591214494896210363e-01	6.859397444254170528e-01	6.591214494896210363e-01	5.919824866805509789e-01	6.591214494896210363e-01	6.210980319424930229e-01	6.591214494896210363e-01	6.591214494896210363e-01	6.591214494896210363e-01	5.741318791052150150e-01	6.591214494896210363e-01	6.591214494896210363e-01	5.909881316315800381e-01	6.591214494896210363e-01	6.591214494896210363e-01	6.260778341120389889e-01	6.591214494896210363e-01	6.591214494896210363e-01	6.591214494896210363e-01	6.895093586019349630e-01	6.591214494896210363e-01	6.591214494896210363e-01	6.512430681733669680e-01	6.591214494896210363e-01	6.591214494896210363e-01	6.518984207037360479e-01	6.591214494896210363e-01	6.591214494896210363e-01	6.591214494896210363e-01	6.329861400468109744e-01	6.591214494896210363e-01	6.591214494896210363e-01	6.591214494896210363e-01	6.591214494896210363e-01	5.974319427267780203e-01	6.591214494896210363e-01	6.591214494896210363e-01	6.591214494896210363e-01	6.293018728354510261e-01	6.591214494896210363e-01	6.673331623826049830e-01	6.591214494896210363e-01	6.990440802948120202e-01	6.080813220968029897e-01	6.591214494896210363e-01	6.591214494896210363e-01	6.591214494896210363e-01	6.591214494896210363e-01	6.719814300339760349e-01	6.591214494896210363e-01	6.591214494896210363e-01	6.591214494896210363e-01	6.591214494896210363e-01	6.591214494896210363e-01	6.591214494896210363e-01	6.811165914052940140e-01	6.591214494896210363e-01	6.591214494896210363e-01	6.591214494896210363e-01	6.591214494896210363e-01	6.591214494896210363e-01	6.591214494896210363e-01	6.591214494896210363e-01	6.591214494896210363e-01	6.758537551732359816e-01	7.281578994456420206e-01	6.591214494896210363e-01	6.591214494896210363e-01	6.686437991390850044e-01	6.591214494896210363e-01	5.900612579043269523e-01	6.591214494896210363e-01	6.711306048515810474e-01	6.947839554653290062e-01	6.599799228484829472e-01	6.771994053765749699e-01	6.591214494896210363e-01	7.140931019496560284e-01	6.591214494896210363e-01	6.591214494896210363e-01	6.591214494896210363e-01	6.936148902776709813e-01	6.591214494896210363e-01	6.591214494896210363e-01	6.591214494896210363e-01	6.591214494896210363e-01	6.591214494896210363e-01	6.591214494896210363e-01	6.591214494896210363e-01	6.591214494896210363e-01	6.591214494896210363e-01	6.591214494896210363e-01	6.591214494896210363e-01	6.591214494896210363e-01	7.074708488587989619e-01	6.591214494896210363e-01	6.830017928549430017e-01	6.591214494896210363e-01	6.591214494896210363e-01	6.591214494896210363e-01	6.591214494896210363e-01
