9.999999999999990008e-01	6.069196667448555349e-01	6.069196667448555349e-01	6.085078976457329869e-01	6.607424284922910340e-01	6.069196667448555349e-01	6.423141624495839475e-01	6.905330336750610254e-01	6.069196667448555349e-01	6.069196667448555349e-01	6.069196667448555349e-01	6.069196667448555349e-01	6.069196667448555349e-01	6.069196667448555349e-01	6.069196667448555349e-01	6.069196667448555349e-01	6.069196667448555349e-01	6.069196667448555349e-01	6.069196667448555349e-01	6.439771521195689630e-01	5.993887725951589918e-01	6.069196667448555349e-01	6.069196667448555349e-01	6.759898896996689999e-01	6.584851213295209726e-01	6.739403912790610240e-01	6.069196667448555349e-01	6.775108280012209772e-01	6.069196667448555349e-01	6.602418511866300355e-01	6.069196667448555349e-01	6.199982003078450266e-01	6.069196667448555349e-01	6.069196667448555349e-01	6.069196667448555349e-01	6.347958634482809837e-01	6.069196667448555349e-01	6.620620263914670511e-01	6.069196667448555349e-01	6.069196667448555349e-01	6.069196667448555349e-01	6.069196667448555349e-01	6.069196667448555349e-01	6.314437813538860134e-01	5.926399054981430492e-01	6.069196667448555349e-01	6.069196667448555349e-01	6.069196667448555349e-01	6.069196667448555349e-01	6.069196667448555349e-01	6.069196667448555349e-01	6.069196667448555349e-01	5.895616297075989554e-01	6.069196667448555349e-01	6.069196667448555349e-01	6.069196667448555349e-01	6.418452372755939495e-01	6.069196667448555349e-01	6.069196667448555349e-01	6.069196667448555349e-01	6.069196667448555349e-01	6.069196667448555349e-01	6.069196667448555349e-01	6.069196667448555349e-01	5.885612687698480450e-01	6.069196667448555349e-01	6.069196667448555349e-01	6.422893485221909948e-01	6.069196667448555349e-01	6.069196667448555349e-01	6.069196667448555349e-01	6.069196667448555349e-01	6.069196667448555349e-01	6.069196667448555349e-01	6.069196667448555349e-01	6.069196667448555349e-01	6.069196667448555349e-01	5.722266477096999981e-01	6.069196667448555349e-01	6.069196667448555349e-01	6.069196667448555349e-01	6.069196667448555349e-01	6.069196667448555349e-01	6.874294349484529887e-01	6.069196667448555349e-01	6.069196667448555349e-01	6.069196667448555349e-01	6.069196667448555349e-01	6.069196667448555349e-01	6.069196667448555349e-01	6.611614207348860406e-01	6.069196667448555349e-01	5.623747321122100074e-01	6.069196667448555349e-01	6.069196667448555349e-01	6.069196667448555349e-01	6.069196667448555349e-01	6.021810689725659582e-01	5.930230037943430288e-01	6.069196667448555349e-01	6.069196667448555349e-01	6.069196667448555349e-01	6.069196667448555349e-01	5.792601916103869986e-01	6.069196667448555349e-01	5.955194292372270048e-01	6.069196667448555349e-01	6.069196667448555349e-01	6.329975272743200154e-01	6.069196667448555349e-01	6.686884516773790033e-01	6.827846220362979723e-01	6.069196667448555349e-01	6.553585601593380217e-01	6.069196667448555349e-01	6.069196667448555349e-01	6.069196667448555349e-01	6.069196667448555349e-01	7.751061788750860382e-01	6.069196667448555349e-01	5.925273208559049820e-01	6.069196667448555349e-01	6.069196667448555349e-01	6.069196667448555349e-01
6.069196667448555349e-01	1.000000000000000000e+00	6.069196667448555349e-01	5.989637868989720060e-01	6.069196667448555349e-01	6.069196667448555349e-01	6.069196667448555349e-01	6.653409028551660054e-01	6.668110813916700019e-01	6.069196667448555349e-01	6.069196667448555349e-01	6.069196667448555349e-01	6.069196667448555349e-01	6.069196667448555349e-01	6.069196667448555349e-01	6.344192510480489711e-01	6.069196667448555349e-01	6.069196667448555349e-01	6.069196667448555349e-01	6.501938417438539730e-01	6.069196667448555349e-01	6.069196667448555349e-01	6.069196667448555349e-01	6.069196667448555349e-01	6.325339928879779583e-01	6.069196667448555349e-01	6.069196667448555349e-01	6.559152555304990084e-01	6.069196667448555349e-01	6.069196667448555349e-01	6.267705958088369833e-01	6.069196667448555349e-01	6.069196667448555349e-01	6.743336273504759726e-01	6.069196667448555349e-01	6.069196667448555349e-01	6.069196667448555349e-01	6.069196667448555349e-01	6.069196667448555349e-01	6.069196667448555349e-01	6.688460163302789585e-01	6.069196667448555349e-01	6.069196667448555349e-01	6.069196667448555349e-01	6.069196667448555349e-01	6.069196667448555349e-01	6.069196667448555349e-01	6.069196667448555349e-01	6.069196667448555349e-01	6.338029408932890352e-01	6.069196667448555349e-01	6.069196667448555349e-01	6.069196667448555349e-01	6.069196667448555349e-01	6.242838970171470381e-01	6.069196667448555349e-01	6.069196667448555349e-01	6.069196667448555349e-01	6.069196667448555349e-01	6.069196667448555349e-01	6.069196667448555349e-01	6.069196667448555349e-01	6.069196667448555349e-01	6.069196667448555349e-01	5.710620745219939787e-01	6.069196667448555349e-01	6.069196667448555349e-01	6.069196667448555349e-01	6.069196667448555349e-01	6.159357304561230428e-01	6.115598523823230215e-01	6.069196667448555349e-01	6.069196667448555349e-01	6.069196667448555349e-01	5.809208787274350305e-01	6.069196667448555349e-01	6.803099353311600206e-01	6.069196667448555349e-01	6.069196667448555349e-01	6.069196667448555349e-01	6.069196667448555349e-01	6.203120388778220473e-01	6.069196667448555349e-01	6.764802940290649547e-01	6.190862709138800213e-01	6.069196667448555349e-01	6.201922896743200520e-01	6.069196667448555349e-01	6.069196667448555349e-01	6.069196667448555349e-01	6.467165562239209908e-01	6.069196667448555349e-01	5.849662273816750302e-01	6.069196667448555349e-01	5.570314933214179920e-01	5.736688313462779965e-01	6.251781986308639905e-01	6.069196667448555349e-01	6.069196667448555349e-01	6.069196667448555349e-01	6.069196667448555349e-01	6.069196667448555349e-01	6.069196667448555349e-01	5.680673489466450121e-01	5.983191929950909538e-01	6.069196667448555349e-01	6.069196667448555349e-01	6.069196667448555349e-01	6.069196667448555349e-01	6.069196667448555349e-01	6.453910977874389721e-01	6.069196667448555349e-01	6.069196667448555349e-01	6.069196667448555349e-01	6.069196667448555349e-01	6.069196667448555349e-01	6.069196667448555349e-01	6.069196667448555349e-01	6.069196667448555349e-01	6.069196667448555349e-01	6.069196667448555349e-01	6.069196667448555349e-01	6.069196667448555349e-01	6.069196667448555349e-01
6.069196667448555349e-01	6.069196667448555349e-01	1.000000000000000000e+00	6.069196667448555349e-01	6.069196667448555349e-01	6.069196667448555349e-01	6.338301515106260497e-01	6.615508430281099583e-01	6.069196667448555349e-01	6.069196667448555349e-01	6.069196667448555349e-01	6.069196667448555349e-01	6.429353701689409784e-01	6.069196667448555349e-01	6.222808045674610433e-01	6.069196667448555349e-01	6.069196667448555349e-01	6.069196667448555349e-01	6.069196667448555349e-01	6.069196667448555349e-01	6.069196667448555349e-01	6.069196667448555349e-01	6.069196667448555349e-01	6.069196667448555349e-01	6.476310213444870234e-01	6.407984458352380397e-01	6.069196667448555349e-01	6.069196667448555349e-01	6.010863586205470455e-01	6.335751749867419846e-01	6.069196667448555349e-01	6.069196667448555349e-01	6.114455428990439589e-01	6.069196667448555349e-01	6.069196667448555349e-01	6.069196667448555349e-01	6.353288578808720111e-01	6.384643222845659549e-01	6.069196667448555349e-01	6.069196667448555349e-01	6.426594792333319983e-01	6.069196667448555349e-01	6.069196667448555349e-01	6.125601966972430423e-01	5.860305750365339961e-01	6.069196667448555349e-01	6.069196667448555349e-01	6.069196667448555349e-01	6.636815909515380030e-01	6.544502676886509995e-01	6.069196667448555349e-01	6.069196667448555349e-01	5.747186439371170241e-01	6.069196667448555349e-01	6.123220298339600021e-01	6.069196667448555349e-01	6.069196667448555349e-01	6.069196667448555349e-01	6.063886929098070144e-01	6.069196667448555349e-01	6.315475320403129977e-01	6.120055862466889929e-01	6.069196667448555349e-01	5.937120605684399477e-01	5.856653528590880509e-01	6.443868124662199826e-01	6.069196667448555349e-01	6.337934692846719509e-01	6.069196667448555349e-01	6.069196667448555349e-01	6.069196667448555349e-01	6.315459116420220065e-01	6.069196667448555349e-01	6.069196667448555349e-01	6.069196667448555349e-01	6.069196667448555349e-01	6.069196667448555349e-01	6.069196667448555349e-01	6.211692899112589705e-01	6.035430863268219648e-01	6.069196667448555349e-01	6.069196667448555349e-01	6.069196667448555349e-01	6.453408226757350041e-01	6.069196667448555349e-01	6.069196667448555349e-01	6.069196667448555349e-01	6.069196667448555349e-01	6.069196667448555349e-01	6.069196667448555349e-01	6.069196667448555349e-01	6.069196667448555349e-01	6.069196667448555349e-01	5.364079954918320459e-01	6.069196667448555349e-01	6.069196667448555349e-01	6.152298748950260077e-01	6.069196667448555349e-01	6.069196667448555349e-01	6.069196667448555349e-01	6.069196667448555349e-01	6.069196667448555349e-01	6.069196667448555349e-01	6.069196667448555349e-01	6.069196667448555349e-01	6.069196667448555349e-01	6.172365641208880094e-01	6.069196667448555349e-01	6.069196667448555349e-01	6.069196667448555349e-01	6.069196667448555349e-01	6.069196667448555349e-01	6.069196667448555349e-01	6.069196667448555349e-01	6.069196667448555349e-01	6.069196667448555349e-01	6.069196667448555349e-01	6.069196667448555349e-01	6.069196667448555349e-01	6.069196667448555349e-01	5.912947894370980118e-01	6.695419816162100357e-01	6.069196667448555349e-01	6.069196667448555349e-01
6.085078976457329869e-01	5.989637868989720060e-01	6.069196667448555349e-01	9.999999999999980016e-01	6.069196667448555349e-01	5.520655684949540287e-01	6.069196667448555349e-01	6.069196667448555349e-01	6.069196667448555349e-01	5.761942062522870112e-01	6.069196667448555349e-01	6.069196667448555349e-01	6.069196667448555349e-01	6.260976508266350438e-01	6.327096254781140461e-01	6.107483063178820171e-01	6.069196667448555349e-01	6.453082323519719887e-01	6.503586808172200362e-01	6.069196667448555349e-01	6.069196667448555349e-01	6.069196667448555349e-01	5.828779153079000075e-01	6.069196667448555349e-01	6.069196667448555349e-01	6.069196667448555349e-01	6.069196667448555349e-01	6.069196667448555349e-01	6.069196667448555349e-01	6.069196667448555349e-01	6.069196667448555349e-01	5.538340015434629615e-01	6.069196667448555349e-01	6.312293360731670022e-01	6.069196667448555349e-01	6.069196667448555349e-01	6.069196667448555349e-01	6.069196667448555349e-01	6.069196667448555349e-01	6.069196667448555349e-01	6.069196667448555349e-01	6.069196667448555349e-01	6.069196667448555349e-01	6.069196667448555349e-01	6.069196667448555349e-01	6.069196667448555349e-01	6.069196667448555349e-01	5.656477450935539775e-01	6.069196667448555349e-01	6.069196667448555349e-01	5.441034163131249768e-01	6.069196667448555349e-01	6.069196667448555349e-01	6.069196667448555349e-01	6.069196667448555349e-01	6.069196667448555349e-01	6.045317708448240124e-01	6.069196667448555349e-01	6.069196667448555349e-01	6.069196667448555349e-01	6.069196667448555349e-01	6.069196667448555349e-01	6.069196667448555349e-01	6.069196667448555349e-01	6.069196667448555349e-01	6.069196667448555349e-01	6.069196667448555349e-01	6.069196667448555349e-01	6.069196667448555349e-01	6.069196667448555349e-01	6.069196667448555349e-01	5.717635606203359533e-01	6.069196667448555349e-01	6.069196667448555349e-01	6.069196667448555349e-01	6.069196667448555349e-01	5.824928695604679740e-01	6.069196667448555349e-01	6.069196667448555349e-01	6.069196667448555349e-01	6.069196667448555349e-01	6.069196667448555349e-01	6.069196667448555349e-01	6.069196667448555349e-01	6.069196667448555349e-01	6.069196667448555349e-01	6.069196667448555349e-01	6.069196667448555349e-01	5.997604166030300332e-01	6.069196667448555349e-01	6.069196667448555349e-01	6.035802636426710333e-01	6.069196667448555349e-01	6.069196667448555349e-01	6.069196667448555349e-01	6.069196667448555349e-01	6.041631072252400259e-01	6.069196667448555349e-01	6.102992800027969844e-01	6.069196667448555349e-01	6.069196667448555349e-01	5.609374842040779630e-01	6.069196667448555349e-01	6.069196667448555349e-01	6.069196667448555349e-01	6.069196667448555349e-01	5.695957138153739940e-01	6.069196667448555349e-01	6.069196667448555349e-01	5.617374467885090095e-01	6.069196667448555349e-01	6.069196667448555349e-01	6.069196667448555349e-01	6.069196667448555349e-01	6.069196667448555349e-01	6.069196667448555349e-01	6.069196667448555349e-01	6.069196667448555349e-01	6.131387835717470036e-01	5.998532950329059643e-01	6.069196667448555349e-01	6.069196667448555349e-01	5.774620822554099586e-01	6.069196667448555349e-01
6.607424284922910340e-01	6.069196667448555349e-01	6.069196667448555349e-01	6.069196667448555349e-01	9.999999999999980016e-01	6.069196667448555349e-01	7.428006747392289499e-01	6.069196667448555349e-01	6.069196667448555349e-01	6.069196667448555349e-01	6.795187484057350069e-01	6.069196667448555349e-01	6.069196667448555349e-01	6.069196667448555349e-01	6.069196667448555349e-01	6.069196667448555349e-01	6.069196667448555349e-01	5.374340904806439445e-01	6.069196667448555349e-01	6.069196667448555349e-01	5.862361844613529493e-01	5.970012497972190246e-01	6.069196667448555349e-01	5.814542029238839449e-01	6.069196667448555349e-01	6.069196667448555349e-01	6.069196667448555349e-01	6.069196667448555349e-01	6.069196667448555349e-01	6.069196667448555349e-01	5.896806002055390294e-01	6.069196667448555349e-01	6.069196667448555349e-01	6.066543538670300384e-01	6.069196667448555349e-01	6.069196667448555349e-01	5.870120203816560078e-01	6.069196667448555349e-01	6.069196667448555349e-01	6.069196667448555349e-01	6.069196667448555349e-01	6.069196667448555349e-01	6.069196667448555349e-01	6.317583278081110310e-01	6.069196667448555349e-01	6.069196667448555349e-01	6.069196667448555349e-01	6.069196667448555349e-01	6.069196667448555349e-01	5.722472161393300505e-01	6.069196667448555349e-01	5.977155346007200221e-01	5.824566793531780196e-01	6.091912331502959965e-01	6.069196667448555349e-01	6.069196667448555349e-01	6.069196667448555349e-01	6.069196667448555349e-01	6.069196667448555349e-01	6.069196667448555349e-01	6.069196667448555349e-01	5.774827718228420226e-01	6.069196667448555349e-01	6.069196667448555349e-01	5.463736103230439900e-01	6.348297540511179671e-01	6.069196667448555349e-01	6.165641377015449454e-01	5.899376624617049814e-01	6.069196667448555349e-01	6.069196667448555349e-01	6.069196667448555349e-01	5.867167223319480485e-01	6.069196667448555349e-01	5.834791541774569934e-01	6.069196667448555349e-01	6.649121474553749689e-01	6.069196667448555349e-01	6.299138851037170417e-01	6.069196667448555349e-01	6.069196667448555349e-01	6.069196667448555349e-01	5.748034837182020018e-01	6.349808912064099919e-01	6.069196667448555349e-01	6.069196667448555349e-01	6.069196667448555349e-01	6.117751372215129990e-01	6.929838021036910378e-01	6.069196667448555349e-01	6.069196667448555349e-01	6.069196667448555349e-01	5.744223978898149729e-01	6.069196667448555349e-01	6.069196667448555349e-01	6.069196667448555349e-01	6.069196667448555349e-01	6.132776659527320318e-01	6.069196667448555349e-01	6.069196667448555349e-01	6.766289621627109563e-01	6.069196667448555349e-01	6.069196667448555349e-01	6.069196667448555349e-01	6.069196667448555349e-01	6.069196667448555349e-01	6.069196667448555349e-01	6.069196667448555349e-01	5.559237220374350086e-01	6.069196667448555349e-01	5.744035573759610491e-01	6.069196667448555349e-01	6.143155988512739585e-01	6.063816967777120315e-01	6.069196667448555349e-01	6.069196667448555349e-01	6.069196667448555349e-01	6.069196667448555349e-01	6.069196667448555349e-01	6.069196667448555349e-01	6.069196667448555349e-01	6.069196667448555349e-01	6.172647836856499648e-01	6.069196667448555349e-01
6.069196667448555349e-01	6.069196667448555349e-01	6.069196667448555349e-01	5.520655684949540287e-01	6.069196667448555349e-01	9.999999999999980016e-01	6.369307263196349878e-01	6.069196667448555349e-01	6.078623185606569779e-01	6.069196667448555349e-01	6.069196667448555349e-01	6.069196667448555349e-01	6.069196667448555349e-01	6.069196667448555349e-01	6.069196667448555349e-01	6.069196667448555349e-01	6.069196667448555349e-01	6.069196667448555349e-01	6.069196667448555349e-01	6.275617628550279603e-01	6.069196667448555349e-01	6.069196667448555349e-01	6.069196667448555349e-01	6.069196667448555349e-01	6.069196667448555349e-01	6.069196667448555349e-01	5.334356049087900509e-01	6.069196667448555349e-01	6.069196667448555349e-01	6.069196667448555349e-01	6.069196667448555349e-01	6.069196667448555349e-01	6.069196667448555349e-01	6.069196667448555349e-01	6.069196667448555349e-01	6.069196667448555349e-01	5.712563519337320317e-01	6.069196667448555349e-01	6.069196667448555349e-01	6.069196667448555349e-01	5.593802108752969904e-01	6.069196667448555349e-01	6.069196667448555349e-01	6.069196667448555349e-01	6.069196667448555349e-01	6.069196667448555349e-01	6.069196667448555349e-01	6.069196667448555349e-01	6.308132669354959976e-01	6.069196667448555349e-01	6.173664243797170048e-01	6.069196667448555349e-01	6.069196667448555349e-01	5.844020592635680300e-01	6.069196667448555349e-01	6.069196667448555349e-01	6.069196667448555349e-01	5.343283872239229515e-01	6.069196667448555349e-01	5.602013283498089580e-01	6.069196667448555349e-01	6.069196667448555349e-01	5.827528282547059790e-01	6.069196667448555349e-01	6.069196667448555349e-01	6.069196667448555349e-01	6.069196667448555349e-01	6.069196667448555349e-01	6.069196667448555349e-01	6.069196667448555349e-01	6.135803739828730174e-01	5.966496996616420523e-01	6.069196667448555349e-01	6.118151556914509515e-01	6.069196667448555349e-01	6.069196667448555349e-01	6.049972659471150038e-01	6.259004606140560201e-01	6.069196667448555349e-01	5.666924091214650128e-01	6.069196667448555349e-01	6.069196667448555349e-01	5.413896482763379536e-01	6.069196667448555349e-01	6.069196667448555349e-01	6.163563680180580429e-01	6.069196667448555349e-01	6.069196667448555349e-01	6.069196667448555349e-01	6.069196667448555349e-01	6.653494048881900547e-01	6.069196667448555349e-01	6.069196667448555349e-01	6.069196667448555349e-01	5.938288523065780034e-01	6.069196667448555349e-01	6.069196667448555349e-01	6.069196667448555349e-01	6.069196667448555349e-01	6.843053206851940073e-01	6.428988155526289550e-01	6.299645006766090294e-01	6.069196667448555349e-01	6.069196667448555349e-01	6.069196667448555349e-01	6.069196667448555349e-01	6.069196667448555349e-01	6.069196667448555349e-01	6.069196667448555349e-01	5.280664544115080128e-01	5.542292399188259999e-01	6.069196667448555349e-01	6.069196667448555349e-01	6.069196667448555349e-01	6.267069768115119954e-01	6.334369440780339700e-01	6.074408208448079938e-01	6.069196667448555349e-01	6.069196667448555349e-01	6.069196667448555349e-01	6.606667648269299864e-01	6.069196667448555349e-01	6.069196667448555349e-01	6.069196667448555349e-01
6.423141624495839475e-01	6.069196667448555349e-01	6.338301515106260497e-01	6.069196667448555349e-01	7.428006747392289499e-01	6.369307263196349878e-01	9.999999999999990008e-01	6.069196667448555349e-01	6.069196667448555349e-01	6.465267613337200014e-01	6.069196667448555349e-01	7.083089120821139950e-01	6.380891554574390501e-01	6.069196667448555349e-01	6.090559686259160443e-01	6.069196667448555349e-01	6.069196667448555349e-01	5.503516817710309983e-01	6.069196667448555349e-01	7.039107333011780376e-01	6.069196667448555349e-01	6.069196667448555349e-01	6.644415881616539954e-01	6.069196667448555349e-01	6.813231552872029972e-01	6.069196667448555349e-01	6.069196667448555349e-01	6.069196667448555349e-01	5.571874605397060254e-01	6.069196667448555349e-01	5.884682169641539673e-01	6.069196667448555349e-01	6.069196667448555349e-01	6.069196667448555349e-01	6.069196667448555349e-01	6.069196667448555349e-01	5.698449547220629796e-01	6.069196667448555349e-01	5.826836760381119973e-01	6.069196667448555349e-01	6.069196667448555349e-01	7.126259211565949547e-01	6.069196667448555349e-01	6.069196667448555349e-01	6.069196667448555349e-01	6.069196667448555349e-01	6.069196667448555349e-01	6.069196667448555349e-01	6.069196667448555349e-01	6.069196667448555349e-01	6.069196667448555349e-01	6.006065693614840439e-01	5.696483606269090449e-01	6.021505049574360502e-01	6.069196667448555349e-01	6.011036142567890428e-01	6.069196667448555349e-01	5.503017533883409751e-01	6.069196667448555349e-01	5.683010656308480346e-01	6.069196667448555349e-01	6.069196667448555349e-01	6.069196667448555349e-01	6.069196667448555349e-01	5.333531610185080485e-01	6.069196667448555349e-01	5.639999203815959650e-01	6.177329641059360332e-01	6.069196667448555349e-01	6.069196667448555349e-01	6.069196667448555349e-01	6.069196667448555349e-01	6.069196667448555349e-01	5.991602024533360105e-01	5.838192222381689556e-01	6.069196667448555349e-01	6.552095505054400526e-01	6.008036351320880097e-01	6.069196667448555349e-01	6.069196667448555349e-01	7.098364957935979769e-01	6.069196667448555349e-01	6.069196667448555349e-01	6.069196667448555349e-01	5.558358394387400425e-01	6.069196667448555349e-01	6.069196667448555349e-01	6.069196667448555349e-01	6.069196667448555349e-01	6.069196667448555349e-01	6.069196667448555349e-01	6.061416785893090076e-01	5.714155844962199859e-01	6.069196667448555349e-01	6.069196667448555349e-01	6.001452233454820373e-01	6.069196667448555349e-01	6.069196667448555349e-01	6.091952683013249770e-01	6.069196667448555349e-01	6.069196667448555349e-01	6.220131763028680094e-01	5.987647773507990268e-01	6.069196667448555349e-01	6.069196667448555349e-01	6.069196667448555349e-01	6.069196667448555349e-01	5.745303867684450339e-01	6.069196667448555349e-01	6.069196667448555349e-01	6.069196667448555349e-01	5.966818370930510040e-01	6.069196667448555349e-01	6.069196667448555349e-01	6.069196667448555349e-01	6.069196667448555349e-01	6.069196667448555349e-01	6.508233718038649585e-01	6.069196667448555349e-01	6.069196667448555349e-01	6.430589575318600426e-01	6.069196667448555349e-01	6.059538022388269995e-01	6.069196667448555349e-01
6.905330336750610254e-01	6.653409028551660054e-01	6.615508430281099583e-01	6.069196667448555349e-01	6.069196667448555349e-01	6.069196667448555349e-01	6.069196667448555349e-01	1.000000000000000000e+00	7.517692852747409615e-01	6.069196667448555349e-01	6.069196667448555349e-01	6.069196667448555349e-01	6.159144918019180404e-01	6.069196667448555349e-01	6.069196667448555349e-01	6.069196667448555349e-01	5.657413820351629985e-01	5.414194731346050338e-01	6.069196667448555349e-01	6.566450832966299611e-01	6.069196667448555349e-01	6.140475245880050448e-01	7.194607458323439841e-01	6.069196667448555349e-01	6.069196667448555349e-01	6.069196667448555349e-01	5.929223612294599599e-01	6.069196667448555349e-01	6.069196667448555349e-01	6.069196667448555349e-01	6.069196667448555349e-01	6.069196667448555349e-01	6.069196667448555349e-01	6.069196667448555349e-01	6.069196667448555349e-01	6.069196667448555349e-01	6.069196667448555349e-01	6.069196667448555349e-01	6.005541325265359998e-01	6.069196667448555349e-01	6.069196667448555349e-01	6.069196667448555349e-01	6.069196667448555349e-01	5.894793770386049792e-01	6.069196667448555349e-01	6.392691420030099936e-01	6.069196667448555349e-01	6.038871134505640059e-01	6.069196667448555349e-01	6.069196667448555349e-01	6.069196667448555349e-01	6.069196667448555349e-01	6.069196667448555349e-01	6.069196667448555349e-01	6.069196667448555349e-01	6.069196667448555349e-01	6.136313356504949912e-01	6.069196667448555349e-01	5.791863727436009635e-01	5.854251108577329665e-01	6.069196667448555349e-01	6.069196667448555349e-01	6.069196667448555349e-01	5.902264380794469689e-01	6.069196667448555349e-01	6.187361507334979693e-01	6.290223683014990463e-01	6.069196667448555349e-01	6.069196667448555349e-01	5.941459690165420415e-01	5.738536084029109974e-01	6.069196667448555349e-01	5.899701633860180428e-01	6.222387436188140386e-01	6.069196667448555349e-01	6.069196667448555349e-01	6.849934326160790343e-01	6.069196667448555349e-01	6.069196667448555349e-01	6.069196667448555349e-01	6.069196667448555349e-01	6.069196667448555349e-01	5.800569433376929762e-01	6.689026735013019476e-01	6.069196667448555349e-01	6.069196667448555349e-01	6.069196667448555349e-01	6.069196667448555349e-01	7.016431154510039958e-01	6.069196667448555349e-01	6.069196667448555349e-01	6.069196667448555349e-01	6.069196667448555349e-01	6.069196667448555349e-01	6.069196667448555349e-01	6.069196667448555349e-01	6.069196667448555349e-01	5.771899139781100363e-01	6.069196667448555349e-01	6.069196667448555349e-01	6.069196667448555349e-01	6.069196667448555349e-01	6.069196667448555349e-01	6.069196667448555349e-01	5.810254815411639573e-01	6.069196667448555349e-01	5.875547492921999737e-01	5.829664498325429767e-01	6.069196667448555349e-01	6.069196667448555349e-01	6.248224898248450065e-01	6.434599819506650054e-01	6.069196667448555349e-01	5.964393869524250436e-01	6.312827101753210046e-01	6.069196667448555349e-01	6.069196667448555349e-01	6.069196667448555349e-01	6.069196667448555349e-01	6.069196667448555349e-01	5.659696699577100309e-01	6.566291145032699950e-01	6.617647922176800312e-01	6.069196667448555349e-01
6.069196667448555349e-01	6.668110813916700019e-01	6.069196667448555349e-01	6.069196667448555349e-01	6.069196667448555349e-01	6.078623185606569779e-01	6.069196667448555349e-01	7.517692852747409615e-01	1.000000000000000000e+00	6.069196667448555349e-01	6.253806680356289727e-01	6.533903113159650333e-01	6.069196667448555349e-01	5.371305521305239639e-01	6.069196667448555349e-01	6.348421091307500097e-01	6.069196667448555349e-01	6.069196667448555349e-01	5.883853097585209913e-01	6.069196667448555349e-01	5.777022692305180396e-01	6.069196667448555349e-01	6.069196667448555349e-01	6.069196667448555349e-01	6.069196667448555349e-01	6.069196667448555349e-01	6.069196667448555349e-01	6.069196667448555349e-01	5.977247267720979806e-01	6.069196667448555349e-01	6.069196667448555349e-01	6.069196667448555349e-01	6.069196667448555349e-01	6.069196667448555349e-01	6.084483128378059824e-01	6.069196667448555349e-01	6.069196667448555349e-01	6.330525418627319656e-01	6.150581540272670455e-01	6.069196667448555349e-01	6.069196667448555349e-01	6.069196667448555349e-01	6.069196667448555349e-01	6.069196667448555349e-01	6.069196667448555349e-01	6.069196667448555349e-01	5.847190596801939977e-01	6.069196667448555349e-01	6.322611380671050441e-01	6.069196667448555349e-01	6.307919222407779580e-01	6.069196667448555349e-01	6.069196667448555349e-01	5.752647142407439906e-01	6.069196667448555349e-01	5.842178482058320022e-01	6.069196667448555349e-01	6.069196667448555349e-01	6.069196667448555349e-01	6.069196667448555349e-01	6.069196667448555349e-01	6.069196667448555349e-01	6.069196667448555349e-01	6.069196667448555349e-01	5.642321777142810246e-01	6.198903046438829501e-01	6.069196667448555349e-01	6.069196667448555349e-01	5.818521566683030333e-01	6.069196667448555349e-01	6.069196667448555349e-01	6.069196667448555349e-01	6.069196667448555349e-01	6.069196667448555349e-01	5.773719198376580097e-01	5.886518161090950052e-01	6.069196667448555349e-01	6.069196667448555349e-01	6.069196667448555349e-01	6.069196667448555349e-01	6.069196667448555349e-01	6.069196667448555349e-01	6.069196667448555349e-01	6.623014400949419622e-01	6.069196667448555349e-01	5.879134482266630268e-01	6.069196667448555349e-01	6.011775856678159835e-01	6.937752640135850246e-01	6.069196667448555349e-01	6.069196667448555349e-01	5.705211180195840504e-01	6.069196667448555349e-01	5.330662180336650513e-01	6.069196667448555349e-01	6.069196667448555349e-01	5.950829420683170223e-01	6.069196667448555349e-01	6.069196667448555349e-01	6.069196667448555349e-01	5.826769248522749578e-01	6.069196667448555349e-01	6.069196667448555349e-01	6.069196667448555349e-01	6.069196667448555349e-01	6.069196667448555349e-01	6.069196667448555349e-01	6.069196667448555349e-01	6.069196667448555349e-01	5.885269142455800129e-01	6.393248648129179479e-01	6.069196667448555349e-01	6.292363202274989797e-01	6.069196667448555349e-01	6.069196667448555349e-01	6.646226568075970231e-01	6.379486353020280553e-01	6.069196667448555349e-01	6.069196667448555349e-01	6.069196667448555349e-01	6.069196667448555349e-01	6.069196667448555349e-01	6.069196667448555349e-01	6.069196667448555349e-01
6.069196667448555349e-01	6.069196667448555349e-01	6.069196667448555349e-01	5.761942062522870112e-01	6.069196667448555349e-01	6.069196667448555349e-01	6.465267613337200014e-01	6.069196667448555349e-01	6.069196667448555349e-01	1.000000000000000000e+00	6.069196667448555349e-01	6.530486697073110136e-01	6.069196667448555349e-01	5.438370291212529795e-01	6.396277695532189833e-01	6.069196667448555349e-01	6.069196667448555349e-01	5.418203000555460447e-01	6.069196667448555349e-01	6.069196667448555349e-01	5.660472045133919661e-01	6.069196667448555349e-01	6.069196667448555349e-01	6.069196667448555349e-01	6.069196667448555349e-01	6.069196667448555349e-01	6.069196667448555349e-01	6.069196667448555349e-01	6.203348864717810329e-01	6.069196667448555349e-01	6.069196667448555349e-01	6.069196667448555349e-01	6.069196667448555349e-01	6.069196667448555349e-01	6.069196667448555349e-01	5.965145176598209975e-01	6.069196667448555349e-01	6.449620685932599962e-01	6.088625595593929463e-01	6.069196667448555349e-01	6.069196667448555349e-01	6.069196667448555349e-01	6.069196667448555349e-01	5.914665042397260208e-01	5.427208416235349553e-01	6.128868773283669968e-01	6.069196667448555349e-01	6.069196667448555349e-01	6.284692825224570401e-01	6.140097300093440014e-01	6.069196667448555349e-01	6.069196667448555349e-01	6.069196667448555349e-01	6.069196667448555349e-01	6.069196667448555349e-01	6.069196667448555349e-01	6.154413622476799794e-01	5.860847216177610397e-01	6.069196667448555349e-01	6.069196667448555349e-01	6.069196667448555349e-01	6.069196667448555349e-01	6.069196667448555349e-01	6.069196667448555349e-01	6.069196667448555349e-01	6.069196667448555349e-01	6.069196667448555349e-01	6.067436021870860063e-01	6.069196667448555349e-01	6.069196667448555349e-01	5.701147244354229926e-01	6.162151269438199686e-01	6.069196667448555349e-01	6.069196667448555349e-01	6.069196667448555349e-01	6.069196667448555349e-01	6.069196667448555349e-01	6.069196667448555349e-01	5.849663977008620064e-01	6.069196667448555349e-01	6.069196667448555349e-01	6.019753939527759945e-01	6.069196667448555349e-01	6.069196667448555349e-01	6.069196667448555349e-01	5.747563761801319782e-01	6.069196667448555349e-01	6.069196667448555349e-01	6.069196667448555349e-01	6.069196667448555349e-01	6.069196667448555349e-01	5.621076784507830215e-01	6.069196667448555349e-01	5.366847037291460065e-01	6.069196667448555349e-01	5.496697325237179799e-01	6.069196667448555349e-01	5.783342633529759969e-01	6.069196667448555349e-01	6.069196667448555349e-01	6.069196667448555349e-01	6.069196667448555349e-01	5.734063457539809727e-01	6.069196667448555349e-01	6.069196667448555349e-01	6.069196667448555349e-01	5.783401325391680503e-01	5.855493625773739996e-01	6.069196667448555349e-01	6.069196667448555349e-01	6.069196667448555349e-01	6.069196667448555349e-01	6.069196667448555349e-01	6.069196667448555349e-01	6.069196667448555349e-01	6.069196667448555349e-01	6.069196667448555349e-01	6.069196667448555349e-01	6.069196667448555349e-01	6.069196667448555349e-01	6.069196667448555349e-01	6.639844001455550426e-01	6.069196667448555349e-01	6.922635586140449826e-01
6.069196667448555349e-01	6.069196667448555349e-01	6.069196667448555349e-01	6.069196667448555349e-01	6.795187484057350069e-01	6.069196667448555349e-01	6.069196667448555349e-01	6.069196667448555349e-01	6.253806680356289727e-01	6.069196667448555349e-01	1.000000000000000000e+00	6.946094801442129762e-01	6.069196667448555349e-01	5.893925153773319492e-01	6.069196667448555349e-01	6.069196667448555349e-01	6.069196667448555349e-01	5.322022321031899539e-01	6.069196667448555349e-01	6.691234725101220526e-01	6.069196667448555349e-01	6.069196667448555349e-01	6.069196667448555349e-01	6.069196667448555349e-01	6.069196667448555349e-01	6.069196667448555349e-01	6.069196667448555349e-01	6.069196667448555349e-01	6.069196667448555349e-01	6.090245512939129746e-01	6.069196667448555349e-01	5.926925936950859786e-01	6.069196667448555349e-01	6.069196667448555349e-01	6.069196667448555349e-01	6.069196667448555349e-01	6.069196667448555349e-01	6.069196667448555349e-01	6.069196667448555349e-01	6.069196667448555349e-01	6.069196667448555349e-01	6.069196667448555349e-01	6.069196667448555349e-01	6.069196667448555349e-01	6.069196667448555349e-01	6.069196667448555349e-01	6.069196667448555349e-01	6.255989058108509804e-01	6.433105470902029666e-01	6.069196667448555349e-01	6.069196667448555349e-01	6.069196667448555349e-01	6.069196667448555349e-01	5.914915596006330434e-01	6.360480995999580056e-01	6.069196667448555349e-01	6.381178329838389507e-01	6.069196667448555349e-01	6.069196667448555349e-01	6.069196667448555349e-01	6.069196667448555349e-01	6.235144124579520275e-01	6.069196667448555349e-01	6.069196667448555349e-01	6.069196667448555349e-01	6.483349912649359892e-01	6.069196667448555349e-01	6.069196667448555349e-01	6.028158249771750077e-01	6.069196667448555349e-01	6.069196667448555349e-01	6.069196667448555349e-01	6.069196667448555349e-01	6.069196667448555349e-01	5.901202887207239733e-01	6.069196667448555349e-01	6.069196667448555349e-01	5.608011301248480018e-01	6.069196667448555349e-01	6.069196667448555349e-01	6.069196667448555349e-01	6.069196667448555349e-01	6.036653995565770536e-01	5.984766792066450458e-01	6.069196667448555349e-01	6.069196667448555349e-01	6.069196667448555349e-01	5.870852989323119830e-01	6.069196667448555349e-01	6.069196667448555349e-01	6.069196667448555349e-01	6.069196667448555349e-01	5.716701366350049884e-01	6.069196667448555349e-01	5.517329321923439833e-01	5.821984523531239519e-01	6.069196667448555349e-01	6.069196667448555349e-01	6.069196667448555349e-01	6.069196667448555349e-01	6.114026874851119508e-01	6.069196667448555349e-01	6.069196667448555349e-01	6.069196667448555349e-01	6.069196667448555349e-01	6.069196667448555349e-01	6.069196667448555349e-01	6.069196667448555349e-01	6.069196667448555349e-01	6.069196667448555349e-01	6.069196667448555349e-01	6.069196667448555349e-01	6.069196667448555349e-01	6.069196667448555349e-01	6.069196667448555349e-01	6.069196667448555349e-01	6.069196667448555349e-01	6.654373701592080081e-01	6.730839449238139593e-01	6.069196667448555349e-01	6.068035213453639720e-01	6.069196667448555349e-01	6.069196667448555349e-01	6.069196667448555349e-01
6.069196667448555349e-01	6.069196667448555349e-01	6.069196667448555349e-01	6.069196667448555349e-01	6.069196667448555349e-01	6.069196667448555349e-01	7.083089120821139950e-01	6.069196667448555349e-01	6.533903113159650333e-01	6.530486697073110136e-01	6.946094801442129762e-01	1.000000000000000000e+00	6.069196667448555349e-01	6.069196667448555349e-01	6.101265024158809558e-01	6.069196667448555349e-01	6.069196667448555349e-01	5.110162890659359913e-01	5.702687788619830167e-01	6.069196667448555349e-01	6.069196667448555349e-01	6.069196667448555349e-01	6.635661480972570025e-01	6.069196667448555349e-01	6.069196667448555349e-01	6.069196667448555349e-01	6.069196667448555349e-01	6.069196667448555349e-01	5.701075748352210093e-01	6.069196667448555349e-01	6.069196667448555349e-01	5.659788828231659963e-01	6.069196667448555349e-01	6.152622180717229883e-01	5.776534541191370442e-01	6.069196667448555349e-01	6.069196667448555349e-01	6.069196667448555349e-01	5.755045893539699753e-01	6.069196667448555349e-01	6.069196667448555349e-01	6.069196667448555349e-01	6.069196667448555349e-01	6.069196667448555349e-01	6.069196667448555349e-01	6.069196667448555349e-01	6.069196667448555349e-01	6.069196667448555349e-01	6.069196667448555349e-01	6.069196667448555349e-01	6.069196667448555349e-01	6.167507892896919586e-01	6.069196667448555349e-01	6.069196667448555349e-01	6.299133797582689986e-01	6.069196667448555349e-01	6.069196667448555349e-01	6.069196667448555349e-01	6.069196667448555349e-01	6.069196667448555349e-01	6.069196667448555349e-01	6.069196667448555349e-01	6.069196667448555349e-01	6.069196667448555349e-01	6.069196667448555349e-01	6.554450768631600033e-01	6.069196667448555349e-01	6.247468146223269514e-01	5.912724042208450381e-01	6.386291617924769737e-01	6.289188986906549816e-01	6.256116247860930013e-01	6.069196667448555349e-01	5.904054885014600185e-01	6.069196667448555349e-01	6.069196667448555349e-01	7.086306321461339763e-01	6.069196667448555349e-01	6.069196667448555349e-01	6.069196667448555349e-01	6.069196667448555349e-01	6.069196667448555349e-01	5.573626821971909839e-01	6.188656306798030471e-01	5.692600911096780125e-01	6.069196667448555349e-01	6.458930948107469705e-01	6.069196667448555349e-01	6.877723384255930439e-01	6.093462811379020128e-01	6.069196667448555349e-01	6.069196667448555349e-01	5.753494927029280115e-01	5.366478640769509756e-01	6.069196667448555349e-01	6.069196667448555349e-01	6.069196667448555349e-01	6.069196667448555349e-01	6.069196667448555349e-01	6.069196667448555349e-01	6.721255211871559609e-01	6.363156957077600318e-01	6.069196667448555349e-01	5.262865800583289566e-01	6.494430881599090322e-01	6.129222656620609833e-01	6.069196667448555349e-01	6.069196667448555349e-01	6.069196667448555349e-01	6.069196667448555349e-01	6.069196667448555349e-01	6.069196667448555349e-01	6.069196667448555349e-01	6.069196667448555349e-01	6.069196667448555349e-01	6.069196667448555349e-01	6.069196667448555349e-01	6.069196667448555349e-01	6.747210370370859689e-01	6.069196667448555349e-01	6.069196667448555349e-01	6.069196667448555349e-01	6.069196667448555349e-01	6.970348733679849751e-01
