1.000000000000000000e+00	1.804887243943374964e-01	6.236899427362210119e-02	2.104157644066129984e-01	1.804887243943374964e-01	1.711842872138180094e-01	2.159797027415089887e-01	2.564803570587360082e-01	1.804887243943374964e-01	1.804887243943374964e-01	1.804887243943374964e-01	2.168528907124750091e-02	1.804887243943374964e-01	1.804887243943374964e-01	5.101411254600950462e-01	2.699567391329750210e-01	1.804887243943374964e-01	1.804887243943374964e-01	1.804887243943374964e-01	1.804887243943374964e-01	1.804887243943374964e-01	1.804887243943374964e-01	1.804887243943374964e-01	1.804887243943374964e-01	1.804887243943374964e-01	1.804887243943374964e-01	6.169535749858660045e-01	1.804887243943374964e-01	1.804887243943374964e-01	1.804887243943374964e-01	1.804887243943374964e-01	1.804887243943374964e-01	1.804887243943374964e-01	1.804887243943374964e-01	1.804887243943374964e-01	5.033910228865350334e-01	4.358683019080770160e-01	1.804887243943374964e-01	1.804887243943374964e-01	3.815644582362819892e-01	1.804887243943374964e-01	1.804887243943374964e-01	1.804887243943374964e-01	6.003390154943419876e-01	1.804887243943374964e-01	1.804887243943374964e-01	1.804887243943374964e-01	1.804887243943374964e-01	1.804887243943374964e-01	1.804887243943374964e-01	1.804887243943374964e-01	4.092941860556529865e-01	1.804887243943374964e-01	1.804887243943374964e-01	1.804887243943374964e-01	1.804887243943374964e-01	1.804887243943374964e-01	6.470822045586019922e-01	1.804887243943374964e-01	5.754527602638539463e-01	6.572268305036009783e-01	1.804887243943374964e-01	1.804887243943374964e-01	1.804887243943374964e-01	1.804887243943374964e-01	3.301688586297590183e-02	1.804887243943374964e-01	1.141282923158289941e-01	4.594510510748889831e-01	4.833191672306400011e-01	5.883662057344419827e-01	1.804887243943374964e-01	1.804887243943374964e-01	1.804887243943374964e-01	6.681102848603600111e-03	1.804887243943374964e-01	1.804887243943374964e-01	1.804887243943374964e-01	1.804887243943374964e-01	1.804887243943374964e-01	1.804887243943374964e-01	1.804887243943374964e-01	1.804887243943374964e-01	3.110768733605339884e-02	1.804887243943374964e-01	1.804887243943374964e-01	1.804887243943374964e-01	1.804887243943374964e-01	1.000000000000000048e-04	1.804887243943374964e-01	5.177785998268490120e-02	1.804887243943374964e-01	1.804887243943374964e-01	1.804887243943374964e-01	5.920052004887409458e-01	1.804887243943374964e-01	1.804887243943374964e-01	6.734952023853919556e-01	1.804887243943374964e-01	1.804887243943374964e-01	6.642552626426520002e-01	1.730411898846229840e-02	1.804887243943374964e-01	1.804887243943374964e-01	1.804887243943374964e-01	1.804887243943374964e-01	1.804887243943374964e-01	1.403862371327699865e-01	1.804887243943374964e-01	4.305972255431420037e-01	5.446198075162670404e-01	1.804887243943374964e-01	1.804887243943374964e-01	1.804887243943374964e-01	3.896997605578390172e-02	1.804887243943374964e-01	1.804887243943374964e-01	1.804887243943374964e-01	6.056463157432789846e-01	5.361628532179689710e-01	1.804887243943374964e-01	1.804887243943374964e-01	5.035687551254109939e-01	1.804887243943374964e-01
1.804887243943374964e-01	1.000000000000000000e+00	2.597116779768520178e-01	1.804887243943374964e-01	1.804887243943374964e-01	1.081149865188080067e-01	1.804887243943374964e-01	1.804887243943374964e-01	1.804887243943374964e-01	1.804887243943374964e-01	9.642580109222330387e-02	1.804887243943374964e-01	1.804887243943374964e-01	1.804887243943374964e-01	1.804887243943374964e-01	1.804887243943374964e-01	1.804887243943374964e-01	1.804887243943374964e-01	1.804887243943374964e-01	1.804887243943374964e-01	1.804887243943374964e-01	1.804887243943374964e-01	1.804887243943374964e-01	1.222352992347520012e-01	1.804887243943374964e-01	1.804887243943374964e-01	1.804887243943374964e-01	1.804887243943374964e-01	1.804887243943374964e-01	1.804887243943374964e-01	4.179026765382749808e-02	1.804887243943374964e-01	1.804887243943374964e-01	1.118916761328690029e-01	1.804887243943374964e-01	8.194688628377470169e-03	8.752978371349640074e-02	5.314199806296229789e-02	1.804887243943374964e-01	1.804887243943374964e-01	2.928544590128310046e-02	1.804887243943374964e-01	5.712758131918480031e-02	2.070141049559250102e-02	1.804887243943374964e-01	1.804887243943374964e-01	1.804887243943374964e-01	1.804887243943374964e-01	1.804887243943374964e-01	1.858552086389569924e-01	1.804887243943374964e-01	1.804887243943374964e-01	1.125572244413799994e-01	1.804887243943374964e-01	1.685477045643839905e-02	1.804887243943374964e-01	1.804887243943374964e-01	1.804887243943374964e-01	1.804887243943374964e-01	1.891133133348840006e-02	1.702459641753180028e-02	1.804887243943374964e-01	1.804887243943374964e-01	1.804887243943374964e-01	1.054438809134280036e-01	2.687713161797830042e-01	1.804887243943374964e-01	1.804887243943374964e-01	1.804887243943374964e-01	1.804887243943374964e-01	1.804887243943374964e-01	2.513383206241969967e-02	1.804887243943374964e-01	5.749308654203309776e-02	5.387741121782749915e-02	1.804887243943374964e-01	1.882297219864249860e-02	1.804887243943374964e-01	1.804887243943374964e-01	1.804887243943374964e-01	1.804887243943374964e-01	1.804887243943374964e-01	1.804887243943374964e-01	1.804887243943374964e-01	1.804887243943374964e-01	1.804887243943374964e-01	1.493373451790219915e-02	1.804887243943374964e-01	1.804887243943374964e-01	1.804887243943374964e-01	1.804887243943374964e-01	1.804887243943374964e-01	5.811475976015000044e-02	1.804887243943374964e-01	1.804887243943374964e-01	1.804887243943374964e-01	8.756480922482899609e-02	1.804887243943374964e-01	1.804887243943374964e-01	3.053540312645559862e-02	1.804887243943374964e-01	1.804887243943374964e-01	1.804887243943374964e-01	1.804887243943374964e-01	1.804887243943374964e-01	6.005148717426069677e-02	1.804887243943374964e-01	1.804887243943374964e-01	1.804887243943374964e-01	1.204688123358219932e-02	1.804887243943374964e-01	1.804887243943374964e-01	1.508227153577189894e-01	1.804887243943374964e-01	1.804887243943374964e-01	4.532377374132780246e-02	1.804887243943374964e-01	1.804887243943374964e-01	1.804887243943374964e-01	1.804887243943374964e-01	1.804887243943374964e-01	2.291567024343110076e-02	1.804887243943374964e-01	1.701818715774780152e-02
6.236899427362210119e-02	2.597116779768520178e-01	1.000000000000000000e+00	1.804887243943374964e-01	1.804887243943374964e-01	1.804887243943374964e-01	1.687007041390989892e-01	1.804887243943374964e-01	1.804887243943374964e-01	1.804887243943374964e-01	1.804887243943374964e-01	2.863901945062279908e-01	1.804887243943374964e-01	1.804887243943374964e-01	1.804887243943374964e-01	1.404523292354210029e-01	1.804887243943374964e-01	1.804887243943374964e-01	1.804887243943374964e-01	1.804887243943374964e-01	1.804887243943374964e-01	1.804887243943374964e-01	1.804887243943374964e-01	1.804887243943374964e-01	1.804887243943374964e-01	1.804887243943374964e-01	1.804887243943374964e-01	1.166976265635940035e-01	1.804887243943374964e-01	1.804887243943374964e-01	1.804887243943374964e-01	1.804887243943374964e-01	1.801002526772560106e-02	1.804887243943374964e-01	3.008743118848530157e-02	1.804887243943374964e-01	1.804887243943374964e-01	1.804887243943374964e-01	2.410612106050409945e-02	1.370983953121049925e-01	1.804887243943374964e-01	2.079836947707910111e-01	1.804887243943374964e-01	1.939450080559470060e-02	1.804887243943374964e-01	1.804887243943374964e-01	1.804887243943374964e-01	1.804887243943374964e-01	1.804887243943374964e-01	3.360130448400600045e-01	2.884766364851660062e-02	4.916183401161530048e-02	1.314863151613940018e-01	1.804887243943374964e-01	1.688772520395930010e-02	1.804887243943374964e-01	2.138526371407130020e-02	1.804887243943374964e-01	1.804887243943374964e-01	1.804887243943374964e-01	1.804887243943374964e-01	1.804887243943374964e-01	1.804887243943374964e-01	1.804887243943374964e-01	2.004723418606199903e-01	1.804887243943374964e-01	1.804887243943374964e-01	2.597789188287940032e-01	1.804887243943374964e-01	1.804887243943374964e-01	2.367378386444310076e-02	1.804887243943374964e-01	1.804887243943374964e-01	4.285394148793390118e-02	1.804887243943374964e-01	2.878632597781999869e-01	1.804887243943374964e-01	1.804887243943374964e-01	2.613425729549890275e-01	1.804887243943374964e-01	4.860732692188630272e-02	1.804887243943374964e-01	2.070189768504440003e-02	4.208690673135819793e-01	2.236213898720210147e-02	2.531071728987319830e-02	2.989404340755990111e-02	1.804887243943374964e-01	1.804887243943374964e-01	1.804887243943374964e-01	1.804887243943374964e-01	1.804887243943374964e-01	1.804887243943374964e-01	2.291351316992979933e-02	1.804887243943374964e-01	1.804887243943374964e-01	1.101464252866620058e-01	1.804887243943374964e-01	3.160430183617240346e-02	5.938114022294980338e-02	1.804887243943374964e-01	1.804887243943374964e-01	1.804887243943374964e-01	1.804887243943374964e-01	4.189563321329539680e-02	4.323279198483109820e-02	1.608685871903610121e-01	3.453646867904790196e-02	1.804887243943374964e-01	1.804887243943374964e-01	1.804887243943374964e-01	1.804887243943374964e-01	1.006574404393699995e-01	1.804887243943374964e-01	1.804887243943374964e-01	1.804887243943374964e-01	1.804887243943374964e-01	1.804887243943374964e-01	9.283188706214380581e-02	1.804887243943374964e-01	1.804887243943374964e-01	1.997256929323370025e-02	1.804887243943374964e-01	1.804887243943374964e-01
2.104157644066129984e-01	1.804887243943374964e-01	1.804887243943374964e-01	1.000000000000000000e+00	2.601521159933830041e-01	1.804887243943374964e-01	1.804887243943374964e-01	1.804887243943374964e-01	1.804887243943374964e-01	1.990104362078299882e-01	1.804887243943374964e-01	5.438186338149109816e-02	1.804887243943374964e-01	1.804887243943374964e-01	1.804887243943374964e-01	1.804887243943374964e-01	2.450627002432720081e-01	1.804887243943374964e-01	1.804887243943374964e-01	1.804887243943374964e-01	1.804887243943374964e-01	1.804887243943374964e-01	1.804887243943374964e-01	1.824532282452940024e-01	1.804887243943374964e-01	1.804887243943374964e-01	1.804887243943374964e-01	1.804887243943374964e-01	1.804887243943374964e-01	2.463058048716819937e-01	1.804887243943374964e-01	1.804887243943374964e-01	1.804887243943374964e-01	1.987109190980859974e-01	1.804887243943374964e-01	1.804887243943374964e-01	2.106932531302130041e-01	1.804887243943374964e-01	1.804887243943374964e-01	1.804887243943374964e-01	1.804887243943374964e-01	1.804887243943374964e-01	1.804887243943374964e-01	1.804887243943374964e-01	1.804887243943374964e-01	5.347319358443269888e-02	1.804887243943374964e-01	1.627420534573640054e-01	1.804887243943374964e-01	1.804887243943374964e-01	1.804887243943374964e-01	1.754381354460539943e-01	1.804887243943374964e-01	1.804887243943374964e-01	1.804887243943374964e-01	1.804887243943374964e-01	1.804887243943374964e-01	1.804887243943374964e-01	1.804887243943374964e-01	1.804887243943374964e-01	1.804887243943374964e-01	1.804887243943374964e-01	1.510287233217179892e-01	3.627289740383449982e-03	1.804887243943374964e-01	1.804887243943374964e-01	1.804887243943374964e-01	1.804887243943374964e-01	1.804887243943374964e-01	1.804887243943374964e-01	1.804887243943374964e-01	1.804887243943374964e-01	1.804887243943374964e-01	1.804887243943374964e-01	1.736081697662979900e-02	6.340345914813830253e-02	1.804887243943374964e-01	1.804887243943374964e-01	1.804887243943374964e-01	1.804887243943374964e-01	1.804887243943374964e-01	1.804887243943374964e-01	1.412212753223049955e-01	1.804887243943374964e-01	1.804887243943374964e-01	1.804887243943374964e-01	1.804887243943374964e-01	1.804887243943374964e-01	1.804887243943374964e-01	1.088912457388249988e-01	1.161523819618320019e-01	1.045174127019680016e-01	1.804887243943374964e-01	1.409456957864820004e-01	1.804887243943374964e-01	1.637678684666930007e-01	1.804887243943374964e-01	1.851915654848579895e-01	1.804887243943374964e-01	2.187779844421799957e-01	1.804887243943374964e-01	5.407048359140829985e-02	1.804887243943374964e-01	1.804887243943374964e-01	1.804887243943374964e-01	1.958602357341500122e-01	4.983982119580129821e-02	1.804887243943374964e-01	1.804887243943374964e-01	1.804887243943374964e-01	1.804887243943374964e-01	1.804887243943374964e-01	1.804887243943374964e-01	1.804887243943374964e-01	1.804887243943374964e-01	1.804887243943374964e-01	1.804887243943374964e-01	1.804887243943374964e-01	1.804887243943374964e-01	1.804887243943374964e-01	1.118127067828480065e-01	1.804887243943374964e-01	1.270213394175259969e-01	1.804887243943374964e-01
1.804887243943374964e-01	1.804887243943374964e-01	1.804887243943374964e-01	2.601521159933830041e-01	1.000000000000000000e+00	2.473630343717319879e-01	1.804887243943374964e-01	1.804887243943374964e-01	1.804887243943374964e-01	2.551378619825089844e-01	1.804887243943374964e-01	1.804887243943374964e-01	3.756394567203160118e-01	1.804887243943374964e-01	2.708667655917250117e-01	1.804887243943374964e-01	3.405427740908569811e-01	1.804887243943374964e-01	3.004678322528659962e-01	1.804887243943374964e-01	1.804887243943374964e-01	1.804887243943374964e-01	1.804887243943374964e-01	2.704527375274189960e-01	4.336276543290080165e-01	1.804887243943374964e-01	1.804887243943374964e-01	1.804887243943374964e-01	2.377962735290989893e-01	3.363611628698450207e-01	1.804887243943374964e-01	1.804887243943374964e-01	1.804887243943374964e-01	1.804887243943374964e-01	1.804887243943374964e-01	1.804887243943374964e-01	3.972515604630130204e-01	1.804887243943374964e-01	1.804887243943374964e-01	1.804887243943374964e-01	1.804887243943374964e-01	1.442646773275780003e-01	1.804887243943374964e-01	1.804887243943374964e-01	2.346277049608460064e-01	1.204533754336750001e-01	1.804887243943374964e-01	1.804887243943374964e-01	1.804887243943374964e-01	1.992681943944769885e-01	3.041960618833889907e-01	2.726896144614829876e-01	2.836668419081950221e-01	1.804887243943374964e-01	1.804887243943374964e-01	2.176738126375570015e-01	1.804887243943374964e-01	1.804887243943374964e-01	2.128011399066009890e-01	1.804887243943374964e-01	1.804887243943374964e-01	1.804887243943374964e-01	1.804887243943374964e-01	7.772424427426030333e-03	1.804887243943374964e-01	8.995643026028379841e-02	2.440555040041569868e-01	1.804887243943374964e-01	3.308576588127929985e-01	1.804887243943374964e-01	1.804887243943374964e-01	1.804887243943374964e-01	1.804887243943374964e-01	2.287340421760259979e-01	1.804887243943374964e-01	1.804887243943374964e-01	1.804887243943374964e-01	1.804887243943374964e-01	1.804887243943374964e-01	2.802693571809969919e-01	3.248855789427460006e-01	1.804887243943374964e-01	1.804887243943374964e-01	1.804887243943374964e-01	1.804887243943374964e-01	1.804887243943374964e-01	1.804887243943374964e-01	1.804887243943374964e-01	1.804887243943374964e-01	1.804887243943374964e-01	1.804887243943374964e-01	1.804887243943374964e-01	1.804887243943374964e-01	2.258296749916750001e-01	1.804887243943374964e-01	2.505679255893720203e-01	1.804887243943374964e-01	3.188786806531579976e-01	3.247632690785680065e-01	1.804887243943374964e-01	1.804887243943374964e-01	1.804887243943374964e-01	1.804887243943374964e-01	1.804887243943374964e-01	1.804887243943374964e-01	1.804887243943374964e-01	8.935089267316620454e-02	1.804887243943374964e-01	1.804887243943374964e-01	1.804887243943374964e-01	1.804887243943374964e-01	1.804887243943374964e-01	1.804887243943374964e-01	1.804887243943374964e-01	1.804887243943374964e-01	1.804887243943374964e-01	1.804887243943374964e-01	1.804887243943374964e-01	1.804887243943374964e-01	2.792948746548439831e-01	1.603998253636109983e-01	1.804887243943374964e-01	1.804887243943374964e-01	1.804887243943374964e-01
1.711842872138180094e-01	1.081149865188080067e-01	1.804887243943374964e-01	1.804887243943374964e-01	2.473630343717319879e-01	1.000000000000000000e+00	1.279664678163300040e-01	1.400859105323520037e-01	1.804887243943374964e-01	1.804887243943374964e-01	2.498025096737719886e-01	1.804887243943374964e-01	1.804887243943374964e-01	1.804887243943374964e-01	1.196538121833600060e-01	2.171621448424939926e-01	1.804887243943374964e-01	1.804887243943374964e-01	1.804887243943374964e-01	1.804887243943374964e-01	5.602253086651699798e-02	1.804887243943374964e-01	1.804887243943374964e-01	1.804887243943374964e-01	1.745732404106090097e-01	1.804887243943374964e-01	1.804887243943374964e-01	1.804887243943374964e-01	1.804887243943374964e-01	1.796200617104879993e-01	1.804887243943374964e-01	1.046626355783590034e-01	1.804887243943374964e-01	1.804887243943374964e-01	1.321875076656550130e-01	1.804887243943374964e-01	1.804887243943374964e-01	1.804887243943374964e-01	1.804887243943374964e-01	1.804887243943374964e-01	1.804887243943374964e-01	1.804887243943374964e-01	1.586653031244900092e-01	9.529108785726900233e-02	1.804887243943374964e-01	8.024939672758210629e-02	1.347758883752629977e-01	1.804887243943374964e-01	1.804887243943374964e-01	2.028308967121290052e-01	1.804887243943374964e-01	1.804887243943374964e-01	1.804887243943374964e-01	1.804887243943374964e-01	1.804887243943374964e-01	1.804887243943374964e-01	1.804887243943374964e-01	1.309459125542490054e-01	1.804887243943374964e-01	1.804887243943374964e-01	9.412098438550929591e-02	1.804887243943374964e-01	1.804887243943374964e-01	1.117086716222069967e-02	1.914668522618100110e-01	9.874057187171410288e-02	1.804887243943374964e-01	1.804887243943374964e-01	1.804887243943374964e-01	1.804887243943374964e-01	1.138091200659869934e-01	1.804887243943374964e-01	9.864534427623100621e-02	1.804887243943374964e-01	1.804887243943374964e-01	1.804887243943374964e-01	9.729886005942910143e-02	1.804887243943374964e-01	1.804887243943374964e-01	1.310754062771830042e-01	1.017937508583340034e-01	1.804887243943374964e-01	1.804887243943374964e-01	1.804887243943374964e-01	1.804887243943374964e-01	1.172757861808740032e-01	1.804887243943374964e-01	1.804887243943374964e-01	1.804887243943374964e-01	1.732308796661350125e-01	1.804887243943374964e-01	1.804887243943374964e-01	1.804887243943374964e-01	9.948229475726899640e-02	1.804887243943374964e-01	1.804887243943374964e-01	1.651340280063419985e-01	1.804887243943374964e-01	1.804887243943374964e-01	1.472003550056669996e-01	1.804887243943374964e-01	8.569132501540729918e-02	1.091272630488250017e-01	1.531800272397260132e-01	1.497122996821899921e-01	1.507907737992399966e-01	1.804887243943374964e-01	1.804887243943374964e-01	1.266541871519629991e-01	1.804887243943374964e-01	1.804887243943374964e-01	1.804887243943374964e-01	1.804887243943374964e-01	1.804887243943374964e-01	1.804887243943374964e-01	1.317496005502420131e-01	1.076326371306949997e-01	1.804887243943374964e-01	1.804887243943374964e-01	1.804887243943374964e-01	1.434386463284650082e-01	9.802975304370549481e-02	7.133923822755260102e-02	1.804887243943374964e-01
2.159797027415089887e-01	1.804887243943374964e-01	1.687007041390989892e-01	1.804887243943374964e-01	1.804887243943374964e-01	1.279664678163300040e-01	1.000000000000000000e+00	4.529237702920230202e-01	2.971976674533189922e-01	1.804887243943374964e-01	1.804887243943374964e-01	1.804887243943374964e-01	1.804887243943374964e-01	7.956197977413740144e-03	1.447782497208729979e-01	1.804887243943374964e-01	2.143441720184930122e-01	1.804887243943374964e-01	1.804887243943374964e-01	1.804887243943374964e-01	1.804887243943374964e-01	1.804887243943374964e-01	1.804887243943374964e-01	1.804887243943374964e-01	1.804887243943374964e-01	1.807522641828349930e-01	1.804887243943374964e-01	1.804887243943374964e-01	1.804887243943374964e-01	1.804887243943374964e-01	1.804887243943374964e-01	1.303095601095390077e-01	1.382225579821269867e-01	1.804887243943374964e-01	1.804887243943374964e-01	7.378090037218859587e-02	1.804887243943374964e-01	2.088911800669379926e-01	1.804887243943374964e-01	1.804887243943374964e-01	1.902406709111829908e-01	1.804887243943374964e-01	1.804887243943374964e-01	1.669078392466800120e-01	1.804887243943374964e-01	1.804887243943374964e-01	1.804887243943374964e-01	1.804887243943374964e-01	2.106337604709500044e-01	1.569347637534329876e-01	1.804887243943374964e-01	1.804887243943374964e-01	1.804887243943374964e-01	1.804887243943374964e-01	1.508049692122259977e-01	1.804887243943374964e-01	1.728399497774399940e-01	1.804887243943374964e-01	1.804887243943374964e-01	1.804887243943374964e-01	1.226531283286610013e-01	9.364154847659010572e-02	1.804887243943374964e-01	1.804887243943374964e-01	1.804887243943374964e-01	1.804887243943374964e-01	1.539896602412139937e-01	1.804887243943374964e-01	1.804887243943374964e-01	1.804887243943374964e-01	1.244178076640899966e-01	1.804887243943374964e-01	1.804887243943374964e-01	2.002554366066769953e-01	3.012214677033309834e-02	1.804887243943374964e-01	1.494518019645360019e-01	1.595302068964770115e-01	1.804887243943374964e-01	1.804887243943374964e-01	1.804887243943374964e-01	1.804887243943374964e-01	1.804887243943374964e-01	1.165494182092520065e-01	1.804887243943374964e-01	1.804887243943374964e-01	1.804887243943374964e-01	1.228929419106469939e-01	1.804887243943374964e-01	2.628970773952090112e-01	1.804887243943374964e-01	1.804887243943374964e-01	1.804887243943374964e-01	1.804887243943374964e-01	1.449828254257919946e-01	9.381139071088880066e-02	1.804887243943374964e-01	1.804887243943374964e-01	1.804887243943374964e-01	1.804887243943374964e-01	1.804887243943374964e-01	1.804887243943374964e-01	1.804887243943374964e-01	1.804887243943374964e-01	1.804887243943374964e-01	1.804887243943374964e-01	1.804887243943374964e-01	6.572182507241400296e-02	2.616441161284460137e-01	1.124566110880090009e-01	1.247784769872870014e-01	1.804887243943374964e-01	1.804887243943374964e-01	1.804887243943374964e-01	1.804887243943374964e-01	1.804887243943374964e-01	1.804887243943374964e-01	1.804887243943374964e-01	1.804887243943374964e-01	1.186415732073130003e-01	1.804887243943374964e-01	1.804887243943374964e-01	9.400366106622559670e-02	1.804887243943374964e-01
2.564803570587360082e-01	1.804887243943374964e-01	1.804887243943374964e-01	1.804887243943374964e-01	1.804887243943374964e-01	1.400859105323520037e-01	4.529237702920230202e-01	1.000000000000000000e+00	1.804887243943374964e-01	1.804887243943374964e-01	1.804887243943374964e-01	1.804887243943374964e-01	1.804887243943374964e-01	1.804887243943374964e-01	1.804887243943374964e-01	1.804887243943374964e-01	1.804887243943374964e-01	1.804887243943374964e-01	2.210915951199859952e-01	2.108569446003160097e-01	8.855540244053269894e-02	2.075827200507250059e-01	1.804887243943374964e-01	1.804887243943374964e-01	1.804887243943374964e-01	1.804887243943374964e-01	2.137598263391169984e-01	1.804887243943374964e-01	1.804887243943374964e-01	2.283736659845760075e-01	1.804887243943374964e-01	1.795862476927780060e-01	2.061465714651939951e-01	1.861791582804339928e-01	1.804887243943374964e-01	1.213153685073500021e-01	1.804887243943374964e-01	1.804887243943374964e-01	1.853965174547489991e-01	2.599685094534099905e-01	2.489281005479289932e-01	1.804887243943374964e-01	1.804887243943374964e-01	2.283736659845760075e-01	1.631946151439210013e-01	1.804887243943374964e-01	1.804887243943374964e-01	1.804887243943374964e-01	1.804887243943374964e-01	1.804887243943374964e-01	1.804887243943374964e-01	1.804887243943374964e-01	2.386933630065060097e-01	1.730434488834340090e-01	2.167740818588499985e-01	1.804887243943374964e-01	1.804887243943374964e-01	1.804887243943374964e-01	1.804887243943374964e-01	1.804887243943374964e-01	1.804887243943374964e-01	1.804887243943374964e-01	2.010960708933879904e-01	1.804887243943374964e-01	1.804887243943374964e-01	1.476131713815209967e-01	1.804887243943374964e-01	2.026400509436389885e-01	1.804887243943374964e-01	1.804887243943374964e-01	1.804887243943374964e-01	1.804887243943374964e-01	1.804887243943374964e-01	1.804887243943374964e-01	1.804887243943374964e-01	1.804887243943374964e-01	1.804887243943374964e-01	1.826680458779149918e-01	1.804887243943374964e-01	1.804887243943374964e-01	1.804887243943374964e-01	1.792990854320480054e-01	1.804887243943374964e-01	1.804887243943374964e-01	1.804887243943374964e-01	1.809480447140789927e-01	1.804887243943374964e-01	1.628684907570039919e-01	1.000000000000000048e-04	2.888404467154069843e-01	1.804887243943374964e-01	1.804887243943374964e-01	1.804887243943374964e-01	1.804887243943374964e-01	1.804887243943374964e-01	1.326518423983379935e-01	2.022541380713039905e-01	1.804887243943374964e-01	1.804887243943374964e-01	1.804887243943374964e-01	2.937210606046209982e-01	1.804887243943374964e-01	1.804887243943374964e-01	1.804887243943374964e-01	1.804887243943374964e-01	1.804887243943374964e-01	1.804887243943374964e-01	8.722339431107560548e-02	1.804887243943374964e-01	1.804887243943374964e-01	1.804887243943374964e-01	1.804887243943374964e-01	3.090232677050929744e-01	1.804887243943374964e-01	1.804887243943374964e-01	1.804887243943374964e-01	1.804887243943374964e-01	1.804887243943374964e-01	1.804887243943374964e-01	1.804887243943374964e-01	1.804887243943374964e-01	2.221921868345189954e-01	1.237228847293079942e-01	1.804887243943374964e-01
1.804887243943374964e-01	1.804887243943374964e-01	1.804887243943374964e-01	1.804887243943374964e-01	1.804887243943374964e-01	1.804887243943374964e-01	2.971976674533189922e-01	1.804887243943374964e-01	1.000000000000000000e+00	1.804887243943374964e-01	1.804887243943374964e-01	9.136672145653200461e-02	1.804887243943374964e-01	6.467303821695569860e-03	1.804887243943374964e-01	1.804887243943374964e-01	1.804887243943374964e-01	1.804887243943374964e-01	1.804887243943374964e-01	1.804887243943374964e-01	1.104423292575249932e-01	1.804887243943374964e-01	1.804887243943374964e-01	3.374315047467790207e-01	1.804887243943374964e-01	3.481191760902520027e-01	1.804887243943374964e-01	1.804887243943374964e-01	1.804887243943374964e-01	1.804887243943374964e-01	2.696392699919870073e-01	1.804887243943374964e-01	1.804887243943374964e-01	3.488737101296299770e-01	3.073044818312909987e-01	1.804887243943374964e-01	1.804887243943374964e-01	4.104613510921670261e-01	1.804887243943374964e-01	1.804887243943374964e-01	1.804887243943374964e-01	1.804887243943374964e-01	1.804887243943374964e-01	2.677107768468179883e-01	2.777937334620830256e-01	1.804887243943374964e-01	2.078173430504419994e-01	1.804887243943374964e-01	1.804887243943374964e-01	1.804887243943374964e-01	1.804887243943374964e-01	2.977647382019910083e-01	3.125485714748130195e-01	1.804887243943374964e-01	2.315340476847690121e-01	1.804887243943374964e-01	2.696075436190419894e-01	1.804887243943374964e-01	1.804887243943374964e-01	1.804887243943374964e-01	1.804887243943374964e-01	1.148963401352089964e-01	1.804887243943374964e-01	1.804887243943374964e-01	1.804887243943374964e-01	1.804887243943374964e-01	1.804887243943374964e-01	1.804887243943374964e-01	1.804887243943374964e-01	1.804887243943374964e-01	1.804887243943374964e-01	2.937625378427169975e-01	1.804887243943374964e-01	2.622729346564730002e-01	2.918430868257640073e-02	1.413775652618169953e-01	1.804887243943374964e-01	1.804887243943374964e-01	2.534442701053959968e-01	3.106712323521440000e-01	1.804887243943374964e-01	1.804887243943374964e-01	1.804887243943374964e-01	1.804887243943374964e-01	2.797158560181359777e-01	1.804887243943374964e-01	1.804887243943374964e-01	1.804887243943374964e-01	1.000000000000000048e-04	1.804887243943374964e-01	1.804887243943374964e-01	1.804887243943374964e-01	1.804887243943374964e-01	1.804887243943374964e-01	3.204735973722879772e-01	1.804887243943374964e-01	1.804887243943374964e-01	1.804887243943374964e-01	1.804887243943374964e-01	4.113122883837480037e-01	1.804887243943374964e-01	1.804887243943374964e-01	2.936312133446680184e-01	2.641933411145970245e-01	1.804887243943374964e-01	3.088633140130819799e-01	9.473878100329929941e-02	1.804887243943374964e-01	1.804887243943374964e-01	1.804887243943374964e-01	1.804887243943374964e-01	2.896164050354950170e-01	1.804887243943374964e-01	1.804887243943374964e-01	1.804887243943374964e-01	2.850990602835620225e-01	2.936726778951619932e-01	3.902830653934100114e-01	1.804887243943374964e-01	1.804887243943374964e-01	1.804887243943374964e-01	2.756122634248909797e-01	1.804887243943374964e-01	3.145038613759850166e-01
1.804887243943374964e-01	1.804887243943374964e-01	1.804887243943374964e-01	1.990104362078299882e-01	2.551378619825089844e-01	1.804887243943374964e-01	1.804887243943374964e-01	1.804887243943374964e-01	1.804887243943374964e-01	1.000000000000000000e+00	2.384238813933790002e-01	1.804887243943374964e-01	1.804887243943374964e-01	1.804887243943374964e-01	1.804887243943374964e-01	1.804887243943374964e-01	1.804887243943374964e-01	6.814420434297040197e-02	1.211384865481409945e-01	1.126526253891979995e-01	1.804887243943374964e-01	1.804887243943374964e-01	1.804887243943374964e-01	1.804887243943374964e-01	1.804887243943374964e-01	1.239968851174459985e-01	1.804887243943374964e-01	2.251663211939030074e-01	1.804887243943374964e-01	2.021779953374910066e-01	1.804887243943374964e-01	1.804887243943374964e-01	1.804887243943374964e-01	1.804887243943374964e-01	1.804887243943374964e-01	1.804887243943374964e-01	1.804887243943374964e-01	1.804887243943374964e-01	1.804887243943374964e-01	2.341478092664329991e-01	9.833706696007479819e-02	1.804887243943374964e-01	1.804887243943374964e-01	8.315829392310210288e-02	1.804887243943374964e-01	1.804887243943374964e-01	3.370346852774879776e-01	1.804887243943374964e-01	2.698424072053510203e-01	1.804887243943374964e-01	1.804887243943374964e-01	1.183710491733550030e-01	2.848978470364270099e-01	1.804887243943374964e-01	1.804887243943374964e-01	1.804887243943374964e-01	1.804887243943374964e-01	1.804887243943374964e-01	1.804887243943374964e-01	1.804887243943374964e-01	1.804887243943374964e-01	1.804887243943374964e-01	7.353994232154359434e-02	1.804887243943374964e-01	1.804887243943374964e-01	1.804887243943374964e-01	1.804887243943374964e-01	1.804887243943374964e-01	1.804887243943374964e-01	1.804887243943374964e-01	1.804887243943374964e-01	1.804887243943374964e-01	1.804887243943374964e-01	1.804887243943374964e-01	1.804887243943374964e-01	1.804887243943374964e-01	1.804887243943374964e-01	9.767971295076480209e-02	2.438947371971419975e-01	1.031247475276659969e-01	1.804887243943374964e-01	1.804887243943374964e-01	1.804887243943374964e-01	1.804887243943374964e-01	9.676679303388510678e-02	8.220678971194360363e-02	1.804887243943374964e-01	6.392936481626469714e-02	1.804887243943374964e-01	1.804887243943374964e-01	1.804887243943374964e-01	1.804887243943374964e-01	1.804887243943374964e-01	1.804887243943374964e-01	7.695173481013820038e-02	1.804887243943374964e-01	2.023445948141620043e-01	1.804887243943374964e-01	1.804887243943374964e-01	1.804887243943374964e-01	1.804887243943374964e-01	1.804887243943374964e-01	8.635940909210239325e-02	2.182585846385080020e-01	1.804887243943374964e-01	1.804887243943374964e-01	1.804887243943374964e-01	1.804887243943374964e-01	1.804887243943374964e-01	1.804887243943374964e-01	1.804887243943374964e-01	1.804887243943374964e-01	2.270126124816760071e-01	2.281963760158310095e-01	1.804887243943374964e-01	1.804887243943374964e-01	1.177098997894440030e-01	1.804887243943374964e-01	1.804887243943374964e-01	1.804887243943374964e-01	1.804887243943374964e-01	8.486647902907369645e-02	1.804887243943374964e-01	8.660363802888609852e-02
1.804887243943374964e-01	9.642580109222330387e-02	1.804887243943374964e-01	1.804887243943374964e-01	1.804887243943374964e-01	2.498025096737719886e-01	1.804887243943374964e-01	1.804887243943374964e-01	1.804887243943374964e-01	2.384238813933790002e-01	1.000000000000000000e+00	1.804887243943374964e-01	4.728002973824519950e-01	1.804887243943374964e-01	1.804887243943374964e-01	3.461259145645410040e-01	3.119460046433489842e-01	1.804887243943374964e-01	4.475306864134719897e-01	1.804887243943374964e-01	7.308273996502889780e-02	1.804887243943374964e-01	1.804887243943374964e-01	1.804887243943374964e-01	1.804887243943374964e-01	4.774405451590730265e-01	1.804887243943374964e-01	1.804887243943374964e-01	1.804887243943374964e-01	3.669024283411900234e-01	2.547298910705579900e-01	4.350177474569459912e-01	1.804887243943374964e-01	1.804887243943374964e-01	3.904300508233040090e-01	3.419884041975799760e-01	1.804887243943374964e-01	3.913960173086579730e-01	1.804887243943374964e-01	1.804887243943374964e-01	3.988158913251800275e-01	1.804887243943374964e-01	1.804887243943374964e-01	1.804887243943374964e-01	1.804887243943374964e-01	1.804887243943374964e-01	1.804887243943374964e-01	1.804887243943374964e-01	4.553069835352420158e-01	1.804887243943374964e-01	1.804887243943374964e-01	1.804887243943374964e-01	1.804887243943374964e-01	1.804887243943374964e-01	3.281204619290860047e-01	1.804887243943374964e-01	3.740163693491789787e-01	1.804887243943374964e-01	3.267872829315939809e-01	1.804887243943374964e-01	1.804887243943374964e-01	8.910730402043880172e-02	3.358549284971529825e-01	1.804887243943374964e-01	1.804887243943374964e-01	1.804887243943374964e-01	2.912979513648190077e-01	1.804887243943374964e-01	1.804887243943374964e-01	1.804887243943374964e-01	1.804887243943374964e-01	4.210176635304510029e-01	1.804887243943374964e-01	1.804887243943374964e-01	1.804887243943374964e-01	9.856644471276840291e-02	1.804887243943374964e-01	4.085531732797160198e-01	1.804887243943374964e-01	1.804887243943374964e-01	1.804887243943374964e-01	1.804887243943374964e-01	3.524303733848250242e-01	9.126142189335430255e-02	3.823284947569959846e-01	1.804887243943374964e-01	1.804887243943374964e-01	1.804887243943374964e-01	1.804887243943374964e-01	1.804887243943374964e-01	1.804887243943374964e-01	1.200571661997369977e-01	1.804887243943374964e-01	1.804887243943374964e-01	1.804887243943374964e-01	1.804887243943374964e-01	1.804887243943374964e-01	1.804887243943374964e-01	1.804887243943374964e-01	1.804887243943374964e-01	1.804887243943374964e-01	1.804887243943374964e-01	3.775982390363930019e-01	2.208471829887969917e-01	5.132721456713990049e-01	1.804887243943374964e-01	7.195467119855339377e-02	1.637177729978160079e-01	1.804887243943374964e-01	2.639944565150300071e-01	1.804887243943374964e-01	1.804887243943374964e-01	1.944502667560600029e-01	1.804887243943374964e-01	1.804887243943374964e-01	1.804887243943374964e-01	3.531028314071329999e-01	5.308019600650839553e-01	1.804887243943374964e-01	1.804887243943374964e-01	1.091401047230580040e-01	1.804887243943374964e-01	1.804887243943374964e-01	1.804887243943374964e-01
2.168528907124750091e-02	1.804887243943374964e-01	2.863901945062279908e-01	5.438186338149109816e-02	1.804887243943374964e-01	1.804887243943374964e-01	1.804887243943374964e-01	1.804887243943374964e-01	9.136672145653200461e-02	1.804887243943374964e-01	1.804887243943374964e-01	1.000000000000000000e+00	1.804887243943374964e-01	1.804887243943374964e-01	1.804887243943374964e-01	1.804887243943374964e-01	1.804887243943374964e-01	1.804887243943374964e-01	1.804887243943374964e-01	1.242201626477850047e-02	1.596579061730399873e-01	1.157061625344900022e-02	1.804887243943374964e-01	1.863018810138289960e-01	5.317953037182569787e-02	1.804887243943374964e-01	1.804887243943374964e-01	1.804887243943374964e-01	1.804887243943374964e-01	6.376408345112309639e-02	1.804887243943374964e-01	1.804887243943374964e-01	6.734934678919520142e-03	1.804887243943374964e-01	1.804887243943374964e-01	1.804887243943374964e-01	1.804887243943374964e-01	4.354730002692130258e-02	1.046120192144119922e-02	1.804887243943374964e-01	8.689035542378270235e-03	1.804887243943374964e-01	1.804887243943374964e-01	7.766390575502379878e-03	1.804887243943374964e-01	1.804887243943374964e-01	3.262493868949549736e-01	1.804887243943374964e-01	1.804887243943374964e-01	1.804887243943374964e-01	1.445890880185000081e-02	1.804887243943374964e-01	1.804887243943374964e-01	1.804887243943374964e-01	6.788720938921580066e-03	1.804887243943374964e-01	1.804887243943374964e-01	1.804887243943374964e-01	1.804887243943374964e-01	1.566117327718220126e-02	6.224647466008069625e-03	1.804887243943374964e-01	1.804887243943374964e-01	1.804887243943374964e-01	1.804887243943374964e-01	1.804887243943374964e-01	1.804887243943374964e-01	1.804887243943374964e-01	1.585475214215590137e-02	1.804887243943374964e-01	1.804887243943374964e-01	9.609380179900029600e-03	7.072981028535589576e-03	1.513540960059529990e-02	1.804887243943374964e-01	1.804887243943374964e-01	1.804887243943374964e-01	1.804887243943374964e-01	1.804887243943374964e-01	1.341349552966780018e-02	2.057416106579380149e-02	1.804887243943374964e-01	8.607624770130800629e-03	1.804887243943374964e-01	9.144296805569910799e-03	1.804887243943374964e-01	1.804887243943374964e-01	1.804887243943374964e-01	1.804887243943374964e-01	1.534975884355780085e-01	1.804887243943374964e-01	2.814657459180929799e-01	3.389552130772469779e-02	1.804887243943374964e-01	1.804887243943374964e-01	6.291658489545100090e-03	4.234765442542939851e-02	1.804887243943374964e-01	1.156108964062129915e-02	1.804887243943374964e-01	1.804887243943374964e-01	1.804887243943374964e-01	1.115536721372309935e-02	1.619473713308549889e-01	1.804887243943374964e-01	1.693030412757360118e-02	1.804887243943374964e-01	2.137167954017060029e-02	1.804887243943374964e-01	4.649209339792129830e-03	1.804887243943374964e-01	4.043011385005070013e-02	1.804887243943374964e-01	9.824454055793739593e-02	1.804887243943374964e-01	1.804887243943374964e-01	1.804887243943374964e-01	1.804887243943374964e-01	3.913632760026589802e-02	1.804887243943374964e-01	1.804887243943374964e-01	9.458160502777359854e-03	1.804887243943374964e-01	1.216969558897530029e-02
