1.000000000000150102e+00	7.078899260707700591e-01	9.182978493550190136e-01	7.620309648537080260e-01	7.683252089389099870e-01	7.078899260707700591e-01	7.078899260707700591e-01	7.078899260707700591e-01	7.921684836817090014e-01	7.078899260707700591e-01	7.078899260707700591e-01	7.113825770629480516e-01	7.078899260707700591e-01	7.293698717857040048e-01	7.078899260707700591e-01	7.078899260707700591e-01	7.078899260707700591e-01	7.078899260707700591e-01	7.078899260707700591e-01	7.078899260707700591e-01	7.078899260707700591e-01	7.078899260707700591e-01	7.078899260707700591e-01	7.078899260707700591e-01	7.078899260707700591e-01	7.999926091443969600e-01	7.078899260707700591e-01	7.328921782905120086e-01	7.078899260707700591e-01	7.078899260707700591e-01	7.784842168861919598e-01	7.078899260707700591e-01	7.078899260707700591e-01	7.078899260707700591e-01	7.037693066013640530e-01	7.078899260707700591e-01	7.371316093620200460e-01	7.078899260707700591e-01	7.078899260707700591e-01	7.078899260707700591e-01	7.078899260707700591e-01	7.078899260707700591e-01	7.675065548303440233e-01	7.078899260707700591e-01	7.078899260707700591e-01	6.991546747294650199e-01	7.078899260707700591e-01	7.238652130334459756e-01	7.078899260707700591e-01	7.078899260707700591e-01	7.078899260707700591e-01	7.078899260707700591e-01	7.300297657317199596e-01	6.571397540738069809e-01	7.078899260707700591e-01	7.078899260707700591e-01	7.078899260707700591e-01	6.405664632266879766e-01	7.148950799731199623e-01	7.078899260707700591e-01	7.078899260707700591e-01	7.078899260707700591e-01	8.108134399905400080e-01	7.078899260707700591e-01	6.564726206198769898e-01	7.427267292577039992e-01	7.078899260707700591e-01	7.244013745199300303e-01	7.078899260707700591e-01	6.379335347150290048e-01	6.889760115390990425e-01	7.078899260707700591e-01	7.655009165359469847e-01	8.098372210880060429e-01	7.078899260707700591e-01	7.078899260707700591e-01	7.078899260707700591e-01	7.078899260707700591e-01	7.756380314871750281e-01	7.742657498663220172e-01	7.078899260707700591e-01	6.725084800934120199e-01	7.078899260707700591e-01	7.078899260707700591e-01	7.078899260707700591e-01	6.728131021789089949e-01	7.078899260707700591e-01	7.078899260707700591e-01	7.078899260707700591e-01	7.078899260707700591e-01	7.652956897007640036e-01	7.696898346054800166e-01	7.078899260707700591e-01	6.560161178793399994e-01	6.397322770189179941e-01	7.833243167714799560e-01	7.925125574038509590e-01	6.320038790620770008e-01	7.078899260707700591e-01	7.449305868031900202e-01	7.078899260707700591e-01	6.705348598717679742e-01	6.483967240307649815e-01	7.078899260707700591e-01	7.078899260707700591e-01	6.774367748903139530e-01	7.078899260707700591e-01	7.078899260707700591e-01	7.078899260707700591e-01	7.078899260707700591e-01	7.078899260707700591e-01	7.078899260707700591e-01	7.078899260707700591e-01	7.798637438007349765e-01	7.967290296518160231e-01	7.078899260707700591e-01	7.078899260707700591e-01	9.084193006170380169e-01	8.863143654298449858e-01	7.078899260707700591e-01	8.117270309997279831e-01	7.882519794287480286e-01	8.155507699420599943e-01	7.844651749141120511e-01
7.078899260707700591e-01	1.000000000000039968e+00	7.078899260707700591e-01	7.078899260707700591e-01	7.078899260707700591e-01	7.078899260707700591e-01	7.536482156798800514e-01	7.078899260707700591e-01	7.078899260707700591e-01	7.078899260707700591e-01	7.078899260707700591e-01	7.055758206698360402e-01	7.337540184029219814e-01	6.649303312109580144e-01	7.078899260707700591e-01	7.307996607734019712e-01	6.327479093900070239e-01	7.078899260707700591e-01	7.078899260707700591e-01	7.163189787159119915e-01	7.078899260707700591e-01	7.078899260707700591e-01	7.118731691044170029e-01	7.078899260707700591e-01	7.078899260707700591e-01	7.078899260707700591e-01	7.471817028383119785e-01	7.078899260707700591e-01	7.078899260707700591e-01	7.078899260707700591e-01	7.078899260707700591e-01	7.078899260707700591e-01	7.078899260707700591e-01	7.078899260707700591e-01	7.078899260707700591e-01	7.566460162935190192e-01	7.078899260707700591e-01	7.579301810109250193e-01	7.078899260707700591e-01	7.078899260707700591e-01	7.078899260707700591e-01	7.032342425550299758e-01	7.059348011157390301e-01	7.078899260707700591e-01	7.078899260707700591e-01	7.078899260707700591e-01	6.262391107686620106e-01	7.078899260707700591e-01	7.078899260707700591e-01	7.175413595946570355e-01	7.577396195048480276e-01	7.078899260707700591e-01	7.078899260707700591e-01	7.078899260707700591e-01	6.599687616274310109e-01	7.078899260707700591e-01	7.078899260707700591e-01	7.078899260707700591e-01	6.586062367169019938e-01	5.857316036449780050e-01	7.078899260707700591e-01	7.078899260707700591e-01	7.078899260707700591e-01	7.078899260707700591e-01	5.910067758567599805e-01	7.078899260707700591e-01	6.878935470062450541e-01	7.078899260707700591e-01	7.078899260707700591e-01	5.741233552321759470e-01	7.078899260707700591e-01	7.078899260707700591e-01	7.165743487844969950e-01	7.078899260707700591e-01	7.078899260707700591e-01	6.122869373920759584e-01	7.650539900394599524e-01	7.078899260707700591e-01	7.078899260707700591e-01	7.078899260707700591e-01	7.486694266260750519e-01	6.319306080162500061e-01	6.314905143610100025e-01	6.925299712713669509e-01	7.078899260707700591e-01	7.078899260707700591e-01	7.078899260707700591e-01	7.078899260707700591e-01	7.078899260707700591e-01	7.126373081940160503e-01	7.078899260707700591e-01	7.078899260707700591e-01	7.078899260707700591e-01	6.113830392146829551e-01	7.078899260707700591e-01	7.174238695472290317e-01	7.078899260707700591e-01	7.078899260707700591e-01	7.078899260707700591e-01	7.078899260707700591e-01	7.078899260707700591e-01	6.086647961573180554e-01	7.078899260707700591e-01	6.124735774816439937e-01	7.078899260707700591e-01	7.078899260707700591e-01	7.483546655394229807e-01	7.078899260707700591e-01	7.078899260707700591e-01	7.078899260707700591e-01	7.078899260707700591e-01	7.078899260707700591e-01	7.078899260707700591e-01	7.078899260707700591e-01	7.078899260707700591e-01	8.150047196105160152e-01	7.078899260707700591e-01	7.078899260707700591e-01	7.078899260707700591e-01	7.078899260707700591e-01	7.078899260707700591e-01	7.078899260707700591e-01	7.078899260707700591e-01	7.078899260707700591e-01
9.182978493550190136e-01	7.078899260707700591e-01	1.000000000000049960e+00	7.078899260707700591e-01	7.078899260707700591e-01	7.078899260707700591e-01	7.078899260707700591e-01	7.078899260707700591e-01	7.078899260707700591e-01	7.078899260707700591e-01	7.078899260707700591e-01	7.078899260707700591e-01	7.078899260707700591e-01	7.078899260707700591e-01	7.078899260707700591e-01	7.078899260707700591e-01	7.078899260707700591e-01	7.078899260707700591e-01	7.078899260707700591e-01	7.078899260707700591e-01	7.078899260707700591e-01	7.078899260707700591e-01	7.148501550525040438e-01	7.078899260707700591e-01	7.078899260707700591e-01	7.078899260707700591e-01	7.078899260707700591e-01	7.078899260707700591e-01	7.078899260707700591e-01	7.078899260707700591e-01	7.078899260707700591e-01	7.741004113906110318e-01	7.078899260707700591e-01	7.078899260707700591e-01	6.996987263033610516e-01	7.706999394003849480e-01	7.078899260707700591e-01	7.078899260707700591e-01	7.078899260707700591e-01	7.007196985600450123e-01	7.078899260707700591e-01	6.999897332152410501e-01	7.078899260707700591e-01	7.078899260707700591e-01	7.078899260707700591e-01	7.126013780771449646e-01	7.078899260707700591e-01	7.078899260707700591e-01	7.078899260707700591e-01	7.078899260707700591e-01	8.131012135627589954e-01	7.078899260707700591e-01	7.065226684755420150e-01	7.078899260707700591e-01	7.047688854336060515e-01	7.078899260707700591e-01	5.819335729859029804e-01	7.078899260707700591e-01	7.078899260707700591e-01	5.942541882111069818e-01	7.096889700257069666e-01	7.078899260707700591e-01	7.078899260707700591e-01	7.078899260707700591e-01	6.716936677466790462e-01	7.148375899648109488e-01	7.393952752606679502e-01	7.078899260707700591e-01	7.078899260707700591e-01	6.540359107377140546e-01	7.078899260707700591e-01	6.758748871486349730e-01	7.078899260707700591e-01	7.871731295809050177e-01	7.078899260707700591e-01	7.078899260707700591e-01	7.078899260707700591e-01	7.078899260707700591e-01	7.078899260707700591e-01	7.078899260707700591e-01	7.925134967070649461e-01	6.536578673169950449e-01	6.458154691067460318e-01	7.078899260707700591e-01	7.078899260707700591e-01	7.078899260707700591e-01	7.312472995808430021e-01	7.885581207871490417e-01	7.078899260707700591e-01	7.078899260707700591e-01	7.078899260707700591e-01	7.584921942167710540e-01	7.078899260707700591e-01	7.078899260707700591e-01	7.078899260707700591e-01	7.078899260707700591e-01	7.078899260707700591e-01	5.959826557824909887e-01	7.078899260707700591e-01	7.078899260707700591e-01	7.078899260707700591e-01	6.759531724435019484e-01	7.078899260707700591e-01	7.078899260707700591e-01	6.616899938697859973e-01	7.078899260707700591e-01	7.078899260707700591e-01	7.078899260707700591e-01	7.078899260707700591e-01	6.880640068747789773e-01	7.078899260707700591e-01	7.078899260707700591e-01	7.078899260707700591e-01	7.078899260707700591e-01	7.078899260707700591e-01	8.556589773292549994e-01	7.078899260707700591e-01	7.078899260707700591e-01	7.078899260707700591e-01	7.078899260707700591e-01	7.078899260707700591e-01	7.078899260707700591e-01	7.078899260707700591e-01	7.078899260707700591e-01
7.620309648537080260e-01	7.078899260707700591e-01	7.078899260707700591e-01	9.999999999999239497e-01	7.078899260707700591e-01	7.078899260707700591e-01	7.078899260707700591e-01	7.078899260707700591e-01	7.078899260707700591e-01	7.262104973368059824e-01	7.078899260707700591e-01	7.078899260707700591e-01	7.078899260707700591e-01	7.240182631668620195e-01	1.000000000000000021e-03	7.708721225608220484e-01	7.078899260707700591e-01	7.078899260707700591e-01	7.078899260707700591e-01	7.078899260707700591e-01	7.422231277022039997e-01	7.075569162643370325e-01	7.375225905197410059e-01	7.856320168511530255e-01	7.078899260707700591e-01	7.078899260707700591e-01	7.078899260707700591e-01	7.518317519579660324e-01	6.392708231505489502e-01	7.078899260707700591e-01	7.078899260707700591e-01	7.078899260707700591e-01	7.078899260707700591e-01	8.122932262999119635e-01	7.078899260707700591e-01	7.078899260707700591e-01	7.078899260707700591e-01	7.078899260707700591e-01	7.078899260707700591e-01	7.078899260707700591e-01	7.078899260707700591e-01	7.078899260707700591e-01	7.407888116861349737e-01	7.078899260707700591e-01	7.911701392792089838e-01	6.893631842537569776e-01	6.441243589140489556e-01	6.642013271648250505e-01	7.078899260707700591e-01	7.078899260707700591e-01	7.078899260707700591e-01	7.078899260707700591e-01	7.078899260707700591e-01	6.191762967883119861e-01	7.078899260707700591e-01	7.479021830595959930e-01	6.596569612534169957e-01	7.078899260707700591e-01	6.885512013212200522e-01	7.078899260707700591e-01	7.824143472063630478e-01	7.078899260707700591e-01	7.078899260707700591e-01	6.518871973470760084e-01	6.020408706199319449e-01	7.078899260707700591e-01	7.078899260707700591e-01	7.078899260707700591e-01	7.078899260707700591e-01	7.078899260707700591e-01	7.078899260707700591e-01	7.078899260707700591e-01	7.078899260707700591e-01	7.078899260707700591e-01	7.817047719941010442e-01	7.078899260707700591e-01	7.078899260707700591e-01	7.078899260707700591e-01	7.078899260707700591e-01	7.078899260707700591e-01	7.401606222941450319e-01	7.078899260707700591e-01	7.078899260707700591e-01	7.078899260707700591e-01	7.078899260707700591e-01	6.048363638703260214e-01	7.247339822781739826e-01	7.078899260707700591e-01	7.078899260707700591e-01	7.078899260707700591e-01	7.078899260707700591e-01	7.078899260707700591e-01	6.255648415439869492e-01	6.229679433040929970e-01	7.078899260707700591e-01	7.078899260707700591e-01	7.078899260707700591e-01	6.431115070991409999e-01	7.460007638268599806e-01	7.078899260707700591e-01	7.078899260707700591e-01	7.078899260707700591e-01	7.078899260707700591e-01	7.078899260707700591e-01	5.820784190023460258e-01	7.078899260707700591e-01	7.078899260707700591e-01	7.078899260707700591e-01	7.078899260707700591e-01	6.715693910340470030e-01	7.710432758936910380e-01	7.444225792022209909e-01	7.412035829830030398e-01	7.731793607557370107e-01	7.078899260707700591e-01	7.078899260707700591e-01	7.078899260707700591e-01	7.078899260707700591e-01	7.078899260707700591e-01	7.078899260707700591e-01	7.078899260707700591e-01	7.284865372881420553e-01	7.354607771269500160e-01	7.078899260707700591e-01
7.683252089389099870e-01	7.078899260707700591e-01	7.078899260707700591e-01	7.078899260707700591e-01	9.999999999999039657e-01	7.087034306836850206e-01	7.078899260707700591e-01	7.078899260707700591e-01	7.078899260707700591e-01	7.078899260707700591e-01	7.881627668475169601e-01	7.477196496438449635e-01	7.078899260707700591e-01	7.078899260707700591e-01	7.078899260707700591e-01	7.078899260707700591e-01	7.078899260707700591e-01	7.006784419187289670e-01	7.078899260707700591e-01	7.078899260707700591e-01	7.078899260707700591e-01	6.673807009663880185e-01	7.078899260707700591e-01	7.078899260707700591e-01	7.078899260707700591e-01	7.078899260707700591e-01	7.078899260707700591e-01	7.078899260707700591e-01	7.078899260707700591e-01	7.078899260707700591e-01	7.078899260707700591e-01	7.078899260707700591e-01	7.078899260707700591e-01	7.078899260707700591e-01	6.206239883430909599e-01	7.078899260707700591e-01	7.078899260707700591e-01	7.510425424243659664e-01	7.078899260707700591e-01	7.078899260707700591e-01	7.078899260707700591e-01	7.078899260707700591e-01	6.971040535251820103e-01	7.078899260707700591e-01	7.078899260707700591e-01	7.078899260707700591e-01	7.078899260707700591e-01	7.078899260707700591e-01	7.382274103956939504e-01	7.078899260707700591e-01	7.078899260707700591e-01	7.078899260707700591e-01	6.816846996436980444e-01	5.868052060696909988e-01	7.078899260707700591e-01	7.078899260707700591e-01	7.078899260707700591e-01	7.078899260707700591e-01	7.078899260707700591e-01	7.078899260707700591e-01	7.571346438040930105e-01	7.078899260707700591e-01	7.078899260707700591e-01	7.078899260707700591e-01	5.594590327854810363e-01	7.078899260707700591e-01	7.078899260707700591e-01	7.078899260707700591e-01	7.078899260707700591e-01	7.078899260707700591e-01	6.438412916223520410e-01	7.078899260707700591e-01	7.078899260707700591e-01	7.078899260707700591e-01	7.078899260707700591e-01	7.078899260707700591e-01	7.078899260707700591e-01	7.078899260707700591e-01	6.875296830905549550e-01	7.133306055216840358e-01	7.078899260707700591e-01	7.078899260707700591e-01	7.078899260707700591e-01	6.549440546313389788e-01	7.078899260707700591e-01	7.078899260707700591e-01	7.078899260707700591e-01	7.078899260707700591e-01	7.078899260707700591e-01	7.078899260707700591e-01	7.428635067072779652e-01	6.940364653489220492e-01	7.078899260707700591e-01	6.003557818462810225e-01	7.078899260707700591e-01	7.078899260707700591e-01	7.078899260707700591e-01	6.222034446684580056e-01	6.892182156245439950e-01	7.078899260707700591e-01	7.582056792790919930e-01	7.078899260707700591e-01	7.078899260707700591e-01	7.078899260707700591e-01	5.601023999948759879e-01	7.078899260707700591e-01	7.078899260707700591e-01	7.078899260707700591e-01	6.772130449821720521e-01	6.283638506037140248e-01	7.078899260707700591e-01	6.914999477952500362e-01	7.078899260707700591e-01	7.078899260707700591e-01	7.078899260707700591e-01	7.078899260707700591e-01	7.078899260707700591e-01	7.717295958857750549e-01	7.078899260707700591e-01	7.078899260707700591e-01	7.078899260707700591e-01	7.078899260707700591e-01	7.078899260707700591e-01	7.078899260707700591e-01
7.078899260707700591e-01	7.078899260707700591e-01	7.078899260707700591e-01	7.078899260707700591e-01	7.087034306836850206e-01	1.000000000000019984e+00	7.078899260707700591e-01	7.078899260707700591e-01	7.819072435345539862e-01	7.078899260707700591e-01	7.078899260707700591e-01	7.078899260707700591e-01	7.078899260707700591e-01	7.078899260707700591e-01	7.078899260707700591e-01	6.960520861310269813e-01	7.078899260707700591e-01	7.465139266551550357e-01	7.078899260707700591e-01	7.078899260707700591e-01	7.078899260707700591e-01	7.078899260707700591e-01	6.655303399375389617e-01	7.078899260707700591e-01	6.814268223194559493e-01	7.078899260707700591e-01	7.182252335284230460e-01	6.968951102886560278e-01	4.880306829109850031e-01	7.395638556995209889e-01	7.367426418887670359e-01	7.078899260707700591e-01	7.078899260707700591e-01	7.078899260707700591e-01	6.757474509297709542e-01	7.078899260707700591e-01	7.090224275359969797e-01	7.078899260707700591e-01	7.078899260707700591e-01	7.078899260707700591e-01	7.078899260707700591e-01	7.078899260707700591e-01	7.078899260707700591e-01	7.078899260707700591e-01	7.078899260707700591e-01	7.078899260707700591e-01	7.078899260707700591e-01	6.972890437403920227e-01	7.078899260707700591e-01	7.078899260707700591e-01	7.078899260707700591e-01	7.078899260707700591e-01	7.078899260707700591e-01	6.211511090478759600e-01	7.078899260707700591e-01	7.078899260707700591e-01	7.078899260707700591e-01	5.688749703668259938e-01	6.820587379142679652e-01	7.078899260707700591e-01	7.078899260707700591e-01	7.078899260707700591e-01	7.078899260707700591e-01	6.625258274743269782e-01	6.338810838372730405e-01	6.816338344072520039e-01	7.078899260707700591e-01	6.914312950237859745e-01	7.078899260707700591e-01	7.078899260707700591e-01	7.078899260707700591e-01	7.078899260707700591e-01	7.078899260707700591e-01	7.078899260707700591e-01	7.078899260707700591e-01	5.588041021513689977e-01	7.078899260707700591e-01	7.078899260707700591e-01	7.078899260707700591e-01	7.078899260707700591e-01	7.078899260707700591e-01	7.078899260707700591e-01	7.078899260707700591e-01	7.078899260707700591e-01	6.559671401785099887e-01	6.659469559282350515e-01	7.078899260707700591e-01	7.078899260707700591e-01	7.078899260707700591e-01	7.078899260707700591e-01	6.984692427576040252e-01	7.531575748915669832e-01	7.078899260707700591e-01	6.065664598337210389e-01	7.078899260707700591e-01	7.849142115277020215e-01	7.078899260707700591e-01	7.078899260707700591e-01	6.730624532439930530e-01	6.659242072752810104e-01	7.078899260707700591e-01	7.078899260707700591e-01	7.078899260707700591e-01	7.078899260707700591e-01	7.078899260707700591e-01	6.142278582920770447e-01	7.078899260707700591e-01	7.078899260707700591e-01	6.411853204952630003e-01	7.078899260707700591e-01	7.078899260707700591e-01	7.078899260707700591e-01	7.078899260707700591e-01	7.193704539818239763e-01	7.525049405678070347e-01	7.078899260707700591e-01	7.078899260707700591e-01	7.078899260707700591e-01	7.078899260707700591e-01	7.078899260707700591e-01	7.579447187693100219e-01	7.078899260707700591e-01	7.078899260707700591e-01	7.078899260707700591e-01
7.078899260707700591e-01	7.536482156798800514e-01	7.078899260707700591e-01	7.078899260707700591e-01	7.078899260707700591e-01	7.078899260707700591e-01	1.000000000000029976e+00	7.078899260707700591e-01	7.078899260707700591e-01	7.078899260707700591e-01	7.078899260707700591e-01	7.078899260707700591e-01	7.078899260707700591e-01	7.078899260707700591e-01	1.000000000000000021e-03	7.078899260707700591e-01	7.078899260707700591e-01	7.394434253706749782e-01	7.078899260707700591e-01	7.638694715089879850e-01	7.219760260247619632e-01	7.078899260707700591e-01	7.078899260707700591e-01	7.078899260707700591e-01	7.704026662431749939e-01	7.078899260707700591e-01	7.078899260707700591e-01	7.078899260707700591e-01	7.078899260707700591e-01	6.774017516528210159e-01	7.078899260707700591e-01	7.078899260707700591e-01	7.078899260707700591e-01	7.078899260707700591e-01	7.078899260707700591e-01	7.078899260707700591e-01	6.939045876103070443e-01	7.078899260707700591e-01	7.078899260707700591e-01	7.078899260707700591e-01	7.078899260707700591e-01	7.078899260707700591e-01	7.078899260707700591e-01	6.584467932982880356e-01	7.078899260707700591e-01	7.078899260707700591e-01	7.078899260707700591e-01	6.818205208775529602e-01	7.078899260707700591e-01	7.078899260707700591e-01	7.078899260707700591e-01	7.078899260707700591e-01	6.886790368707219612e-01	7.078899260707700591e-01	6.877076305356339958e-01	7.078899260707700591e-01	7.078899260707700591e-01	6.358485570389339481e-01	7.078899260707700591e-01	7.078899260707700591e-01	7.078899260707700591e-01	7.078899260707700591e-01	7.991921698439230504e-01	7.078899260707700591e-01	7.078899260707700591e-01	7.078899260707700591e-01	7.078899260707700591e-01	7.032369665441440265e-01	7.078899260707700591e-01	7.078899260707700591e-01	7.078899260707700591e-01	7.078899260707700591e-01	7.078899260707700591e-01	7.078899260707700591e-01	7.481819995220000408e-01	7.078899260707700591e-01	7.078899260707700591e-01	7.078899260707700591e-01	7.078899260707700591e-01	7.370558995758980103e-01	8.211727508751169857e-01	7.078899260707700591e-01	7.078899260707700591e-01	7.193252453056869777e-01	6.302925494615350122e-01	7.078899260707700591e-01	7.078899260707700591e-01	7.078899260707700591e-01	7.946506726070700077e-01	7.078899260707700591e-01	7.078899260707700591e-01	7.344212254737180201e-01	6.197083940421670434e-01	7.078899260707700591e-01	6.257884476757019643e-01	7.078899260707700591e-01	7.616746236366119804e-01	7.078899260707700591e-01	7.078899260707700591e-01	7.156552545557050005e-01	7.078899260707700591e-01	7.078899260707700591e-01	6.146162467141460528e-01	7.078899260707700591e-01	7.078899260707700591e-01	7.078899260707700591e-01	7.078899260707700591e-01	7.078899260707700591e-01	6.832211311054440239e-01	7.078899260707700591e-01	7.078899260707700591e-01	7.368504727826870049e-01	7.078899260707700591e-01	7.078899260707700591e-01	7.078899260707700591e-01	7.911829530751940398e-01	7.078899260707700591e-01	7.078899260707700591e-01	7.983066737033429616e-01	7.078899260707700591e-01	7.974195207997699653e-01	7.078899260707700591e-01	7.726071911687919513e-01	7.078899260707700591e-01
7.078899260707700591e-01	7.078899260707700591e-01	7.078899260707700591e-01	7.078899260707700591e-01	7.078899260707700591e-01	7.078899260707700591e-01	7.078899260707700591e-01	9.999999999999610312e-01	7.078899260707700591e-01	7.078899260707700591e-01	7.078899260707700591e-01	7.078899260707700591e-01	7.078899260707700591e-01	6.674263541361570296e-01	7.078899260707700591e-01	7.078899260707700591e-01	7.078899260707700591e-01	7.220902466997080049e-01	6.638371564913559952e-01	7.078899260707700591e-01	7.093566344199879747e-01	5.856731107058249508e-01	7.078899260707700591e-01	6.773190177492449671e-01	7.078899260707700591e-01	7.078899260707700591e-01	7.021526042592789452e-01	7.984814879672149646e-01	7.078899260707700591e-01	7.078899260707700591e-01	7.226385646273969510e-01	7.078899260707700591e-01	7.078899260707700591e-01	7.078899260707700591e-01	7.078899260707700591e-01	7.171679430200930128e-01	6.698236723964080541e-01	7.078899260707700591e-01	7.078899260707700591e-01	6.654628820900739816e-01	7.078899260707700591e-01	7.078899260707700591e-01	7.078899260707700591e-01	7.078899260707700591e-01	7.078899260707700591e-01	7.078899260707700591e-01	7.078899260707700591e-01	6.558162402678500147e-01	7.078899260707700591e-01	7.078899260707700591e-01	7.078899260707700591e-01	7.078899260707700591e-01	7.078899260707700591e-01	5.922517430328320120e-01	6.457982864741620421e-01	7.306394291178970324e-01	7.078899260707700591e-01	7.078899260707700591e-01	7.078899260707700591e-01	5.526746976493199792e-01	6.874334867684089856e-01	7.078899260707700591e-01	7.078899260707700591e-01	7.078899260707700591e-01	5.896559817225489608e-01	7.078899260707700591e-01	7.078899260707700591e-01	7.078899260707700591e-01	7.078899260707700591e-01	7.078899260707700591e-01	7.078899260707700591e-01	7.078899260707700591e-01	7.078899260707700591e-01	7.078899260707700591e-01	7.078899260707700591e-01	5.651234768294629562e-01	7.727754938988290467e-01	7.078899260707700591e-01	6.928259522684310223e-01	7.078899260707700591e-01	8.101232047112519874e-01	6.078461867685619469e-01	7.078899260707700591e-01	7.080206301270649538e-01	7.078899260707700591e-01	7.078899260707700591e-01	7.078899260707700591e-01	7.078899260707700591e-01	7.078899260707700591e-01	7.078899260707700591e-01	7.078899260707700591e-01	7.078899260707700591e-01	7.078899260707700591e-01	7.078899260707700591e-01	5.726791118897059940e-01	7.305645204307480434e-01	7.369895092126209635e-01	7.078899260707700591e-01	7.078899260707700591e-01	7.078899260707700591e-01	7.787966383659949976e-01	6.060356604787799917e-01	7.078899260707700591e-01	7.078899260707700591e-01	5.816380623500230218e-01	6.114073959034189709e-01	7.079145344597209677e-01	7.078899260707700591e-01	7.078899260707700591e-01	7.078899260707700591e-01	7.078899260707700591e-01	7.078899260707700591e-01	7.078899260707700591e-01	7.078899260707700591e-01	7.078899260707700591e-01	7.078899260707700591e-01	7.078899260707700591e-01	7.078899260707700591e-01	7.078899260707700591e-01	7.078899260707700591e-01	7.078899260707700591e-01	7.078899260707700591e-01	7.078899260707700591e-01	7.386738876253069463e-01
7.921684836817090014e-01	7.078899260707700591e-01	7.078899260707700591e-01	7.078899260707700591e-01	7.078899260707700591e-01	7.819072435345539862e-01	7.078899260707700591e-01	7.078899260707700591e-01	1.000000000000129896e+00	7.078899260707700591e-01	7.048803365377800390e-01	7.078899260707700591e-01	7.645032985873539966e-01	7.078899260707700591e-01	7.078899260707700591e-01	7.078899260707700591e-01	7.078899260707700591e-01	7.078899260707700591e-01	7.078899260707700591e-01	7.078899260707700591e-01	7.078899260707700591e-01	7.078899260707700591e-01	7.445086764961069692e-01	6.831730866161860316e-01	7.078899260707700591e-01	7.078899260707700591e-01	7.078899260707700591e-01	7.078899260707700591e-01	7.078899260707700591e-01	7.236652421793710044e-01	7.078899260707700591e-01	7.078899260707700591e-01	7.078899260707700591e-01	7.655365566777280195e-01	7.078899260707700591e-01	7.078899260707700591e-01	7.078899260707700591e-01	7.078899260707700591e-01	7.078899260707700591e-01	7.078899260707700591e-01	7.078899260707700591e-01	7.078899260707700591e-01	7.078899260707700591e-01	6.453394557115700314e-01	7.758808313372990151e-01	7.078899260707700591e-01	6.569590449619689965e-01	7.078899260707700591e-01	7.078899260707700591e-01	7.078899260707700591e-01	7.078899260707700591e-01	7.078899260707700591e-01	6.800572468414129990e-01	7.078899260707700591e-01	6.831063178809589909e-01	7.078899260707700591e-01	7.078899260707700591e-01	7.078899260707700591e-01	6.786210377428270046e-01	7.078899260707700591e-01	6.716016635903879761e-01	7.078899260707700591e-01	7.078899260707700591e-01	7.078899260707700591e-01	6.528532795823920321e-01	6.891934437485760512e-01	7.370416854139569818e-01	7.078899260707700591e-01	7.078899260707700591e-01	6.441340697564289508e-01	6.408698959672060047e-01	7.078899260707700591e-01	7.078899260707700591e-01	7.506623600996610302e-01	7.459132460572369672e-01	5.575829886606710195e-01	7.764668501566149850e-01	7.078899260707700591e-01	7.078899260707700591e-01	7.078899260707700591e-01	7.078899260707700591e-01	7.078899260707700591e-01	6.310819877954220170e-01	7.078899260707700591e-01	7.078899260707700591e-01	7.078899260707700591e-01	7.078899260707700591e-01	7.078899260707700591e-01	7.078899260707700591e-01	7.078899260707700591e-01	7.078899260707700591e-01	7.078899260707700591e-01	7.078899260707700591e-01	7.078899260707700591e-01	5.843618840406750170e-01	7.707573805715770554e-01	7.078899260707700591e-01	7.078899260707700591e-01	7.078899260707700591e-01	6.890793863315870516e-01	7.841773710931440045e-01	7.078899260707700591e-01	6.197546412296659479e-01	7.078899260707700591e-01	7.078899260707700591e-01	7.078899260707700591e-01	7.078899260707700591e-01	7.078899260707700591e-01	7.078899260707700591e-01	7.078899260707700591e-01	7.078899260707700591e-01	7.078899260707700591e-01	7.078899260707700591e-01	7.078899260707700591e-01	7.435984497543459693e-01	7.725783476136910410e-01	7.078899260707700591e-01	7.078899260707700591e-01	7.078899260707700591e-01	7.078899260707700591e-01	7.078899260707700591e-01	7.078899260707700591e-01	7.691761787753029767e-01	7.078899260707700591e-01
7.078899260707700591e-01	7.078899260707700591e-01	7.078899260707700591e-01	7.262104973368059824e-01	7.078899260707700591e-01	7.078899260707700591e-01	7.078899260707700591e-01	7.078899260707700591e-01	7.078899260707700591e-01	1.000000000000069944e+00	7.818045553665550207e-01	7.078899260707700591e-01	7.079819749992110056e-01	7.078899260707700591e-01	7.078899260707700591e-01	7.043916401098679891e-01	5.935043776495589896e-01	7.078899260707700591e-01	7.078899260707700591e-01	7.078899260707700591e-01	6.669252882462559651e-01	7.078899260707700591e-01	7.078899260707700591e-01	7.078899260707700591e-01	7.326180900699239551e-01	7.078899260707700591e-01	7.078899260707700591e-01	7.078899260707700591e-01	7.078899260707700591e-01	7.078899260707700591e-01	7.159419687089350059e-01	7.078899260707700591e-01	6.810782659484380108e-01	7.078899260707700591e-01	7.078899260707700591e-01	7.078899260707700591e-01	7.078899260707700591e-01	7.078899260707700591e-01	6.186590113751709863e-01	7.078899260707700591e-01	7.078899260707700591e-01	7.202946112289010383e-01	7.078899260707700591e-01	7.078899260707700591e-01	7.078899260707700591e-01	6.280680756981019686e-01	6.343573860052580393e-01	7.078899260707700591e-01	7.259433082963719919e-01	7.078899260707700591e-01	7.078899260707700591e-01	7.078899260707700591e-01	7.078899260707700591e-01	6.055728305282019885e-01	6.526674148398490249e-01	7.078899260707700591e-01	7.078899260707700591e-01	7.078899260707700591e-01	7.078899260707700591e-01	7.078899260707700591e-01	7.078899260707700591e-01	7.078899260707700591e-01	7.078899260707700591e-01	7.078899260707700591e-01	7.078899260707700591e-01	7.409795875711989721e-01	7.078899260707700591e-01	6.820502632958079792e-01	7.078899260707700591e-01	5.573356288738480213e-01	7.078899260707700591e-01	7.078899260707700591e-01	6.818279802642479570e-01	7.301664483160279495e-01	7.078899260707700591e-01	7.078899260707700591e-01	7.078899260707700591e-01	7.225775987655139732e-01	7.078899260707700591e-01	7.078899260707700591e-01	7.259369886798680005e-01	6.434287857663799626e-01	6.437844155519499845e-01	6.334688799048220353e-01	7.078899260707700591e-01	5.705583367008779661e-01	7.078899260707700591e-01	7.458790965276870244e-01	7.078899260707700591e-01	7.334781586637240114e-01	7.078899260707700591e-01	6.721595457649259808e-01	7.078899260707700591e-01	7.078899260707700591e-01	6.179715534719459891e-01	7.078899260707700591e-01	7.078899260707700591e-01	7.078899260707700591e-01	6.847417165567150077e-01	7.078899260707700591e-01	7.078899260707700591e-01	7.078899260707700591e-01	7.078899260707700591e-01	7.078899260707700591e-01	7.078899260707700591e-01	7.078899260707700591e-01	7.078899260707700591e-01	7.078899260707700591e-01	6.750690091295360462e-01	6.450529651875299697e-01	7.580627096974700274e-01	6.984051378344859895e-01	7.078899260707700591e-01	7.078899260707700591e-01	7.091488662182230396e-01	7.078899260707700591e-01	7.078899260707700591e-01	7.230203192690619618e-01	7.078899260707700591e-01	7.219754121090899979e-01	7.078899260707700591e-01	7.078899260707700591e-01	7.078899260707700591e-01	7.078899260707700591e-01
7.078899260707700591e-01	7.078899260707700591e-01	7.078899260707700591e-01	7.078899260707700591e-01	7.881627668475169601e-01	7.078899260707700591e-01	7.078899260707700591e-01	7.078899260707700591e-01	7.048803365377800390e-01	7.818045553665550207e-01	9.999999999999910072e-01	7.078899260707700591e-01	7.078899260707700591e-01	7.078899260707700591e-01	1.000000000000000021e-03	7.295471562334859827e-01	7.078899260707700591e-01	7.078899260707700591e-01	7.078899260707700591e-01	7.977395490202150441e-01	7.078899260707700591e-01	7.078899260707700591e-01	7.078899260707700591e-01	7.078899260707700591e-01	7.078899260707700591e-01	7.078899260707700591e-01	7.078899260707700591e-01	7.078899260707700591e-01	7.078899260707700591e-01	7.078899260707700591e-01	7.078899260707700591e-01	6.833000472582869689e-01	6.847523792695789924e-01	7.078899260707700591e-01	7.078899260707700591e-01	7.484180985393089625e-01	7.078899260707700591e-01	7.078899260707700591e-01	7.078899260707700591e-01	7.078899260707700591e-01	5.622765465117319783e-01	7.078899260707700591e-01	7.078899260707700591e-01	6.369379104199860420e-01	7.078899260707700591e-01	7.078899260707700591e-01	6.147193442762509674e-01	6.298967754705929734e-01	7.078899260707700591e-01	7.078899260707700591e-01	7.337797815245410415e-01	7.078899260707700591e-01	7.078899260707700591e-01	7.078899260707700591e-01	7.078899260707700591e-01	6.812770229102990127e-01	6.517422735729410110e-01	7.078899260707700591e-01	7.078899260707700591e-01	7.078899260707700591e-01	7.078899260707700591e-01	7.078899260707700591e-01	7.078899260707700591e-01	6.133152275031299450e-01	5.612338123111599852e-01	7.078899260707700591e-01	6.572151940677000148e-01	7.078899260707700591e-01	6.770975952294490119e-01	7.078899260707700591e-01	7.078899260707700591e-01	7.078899260707700591e-01	7.055858355971680318e-01	7.078899260707700591e-01	7.078899260707700591e-01	7.078899260707700591e-01	7.557315940743000171e-01	7.078899260707700591e-01	6.841183381687550025e-01	7.091204940035970017e-01	7.078899260707700591e-01	7.078899260707700591e-01	7.078899260707700591e-01	7.078899260707700591e-01	7.078899260707700591e-01	7.078899260707700591e-01	7.078899260707700591e-01	7.078899260707700591e-01	7.078899260707700591e-01	7.078899260707700591e-01	7.078899260707700591e-01	6.686135380762749936e-01	5.778529123028099956e-01	7.078899260707700591e-01	7.078899260707700591e-01	7.078899260707700591e-01	7.443219129716740490e-01	6.383706473911350265e-01	6.815353100562070443e-01	7.078899260707700591e-01	7.078899260707700591e-01	7.078899260707700591e-01	7.078899260707700591e-01	7.078899260707700591e-01	5.570264098747780279e-01	7.078899260707700591e-01	7.078899260707700591e-01	7.078899260707700591e-01	6.792123715860309829e-01	7.078899260707700591e-01	7.078899260707700591e-01	6.771401785665149831e-01	6.684253259591890206e-01	7.441622192767020083e-01	7.078899260707700591e-01	7.479839424179930418e-01	7.078899260707700591e-01	7.532911814917070403e-01	7.078899260707700591e-01	7.078899260707700591e-01	7.078899260707700591e-01	7.078899260707700591e-01	7.397077714002230353e-01	7.532184755286850386e-01
7.113825770629480516e-01	7.055758206698360402e-01	7.078899260707700591e-01	7.078899260707700591e-01	7.477196496438449635e-01	7.078899260707700591e-01	7.078899260707700591e-01	7.078899260707700591e-01	7.078899260707700591e-01	7.078899260707700591e-01	7.078899260707700591e-01	1.000000000000039968e+00	7.078899260707700591e-01	7.078899260707700591e-01	7.078899260707700591e-01	6.704343578961550199e-01	5.354432534055579840e-01	7.078899260707700591e-01	7.078899260707700591e-01	7.078899260707700591e-01	7.078899260707700591e-01	7.078899260707700591e-01	7.078899260707700591e-01	6.988797772738569725e-01	7.078899260707700591e-01	7.078899260707700591e-01	7.078899260707700591e-01	7.078899260707700591e-01	7.078899260707700591e-01	7.078899260707700591e-01	7.078899260707700591e-01	7.078899260707700591e-01	7.078899260707700591e-01	7.078899260707700591e-01	5.889400021681570063e-01	7.078899260707700591e-01	6.257792659814600533e-01	7.078899260707700591e-01	5.819913686450980395e-01	7.078899260707700591e-01	7.078899260707700591e-01	7.016179986606050356e-01	7.078899260707700591e-01	7.078899260707700591e-01	7.078899260707700591e-01	7.078899260707700591e-01	7.078899260707700591e-01	5.978497422048779653e-01	6.926321302562009619e-01	7.078899260707700591e-01	7.078899260707700591e-01	7.078899260707700591e-01	7.078899260707700591e-01	7.078899260707700591e-01	7.078899260707700591e-01	7.078899260707700591e-01	7.078899260707700591e-01	7.078899260707700591e-01	6.163826216074099751e-01	7.078899260707700591e-01	7.078899260707700591e-01	7.078899260707700591e-01	7.987210363839559735e-01	5.792209818141259570e-01	5.145014082624960183e-01	6.932869478012989584e-01	7.078899260707700591e-01	7.078899260707700591e-01	7.078899260707700591e-01	5.106435133699800399e-01	7.078899260707700591e-01	7.078899260707700591e-01	7.078899260707700591e-01	7.078899260707700591e-01	6.686033756898029923e-01	7.078899260707700591e-01	7.078899260707700591e-01	7.078899260707700591e-01	7.078899260707700591e-01	7.078899260707700591e-01	7.191385286506040142e-01	7.078899260707700591e-01	7.078899260707700591e-01	7.078899260707700591e-01	7.078899260707700591e-01	7.078899260707700591e-01	6.529520083895550275e-01	7.078899260707700591e-01	7.360462408348370511e-01	7.078899260707700591e-01	7.144627625823749550e-01	7.078899260707700591e-01	7.078899260707700591e-01	7.078899260707700591e-01	7.078899260707700591e-01	6.453208218907250382e-01	7.078899260707700591e-01	7.078899260707700591e-01	7.078899260707700591e-01	7.078899260707700591e-01	7.078899260707700591e-01	7.078899260707700591e-01	5.694912797833560081e-01	6.717829647053300546e-01	7.078899260707700591e-01	7.078899260707700591e-01	7.311750305174919973e-01	7.078899260707700591e-01	7.078899260707700591e-01	7.078899260707700591e-01	7.078899260707700591e-01	6.214047185217720370e-01	7.078899260707700591e-01	7.343051258477539811e-01	7.078899260707700591e-01	7.078899260707700591e-01	7.078899260707700591e-01	7.078899260707700591e-01	7.078899260707700591e-01	7.078899260707700591e-01	7.078899260707700591e-01	8.087338929802959653e-01	7.523093356949930310e-01	7.759550817573600545e-01
