1.000000000000000000e+00	2.485372112917025034e-01	2.485372112917025034e-01	2.485372112917025034e-01	1.808510638297869955e-01	2.485372112917025034e-01	1.131386861313870007e-01	3.629032258064520122e-01	2.485372112917025034e-01	2.485372112917025034e-01	2.485372112917025034e-01	2.485372112917025034e-01	2.485372112917025034e-01	2.485372112917025034e-01	2.485372112917025034e-01	2.485372112917025034e-01	2.485372112917025034e-01	2.485372112917025034e-01	2.485372112917025034e-01	2.485372112917025034e-01	3.429394812680119919e-01	4.270833333333329818e-01	3.323262839879150277e-01	2.485372112917025034e-01	2.485372112917025034e-01	2.485372112917025034e-01	2.485372112917025034e-01	2.841328413284129883e-01	3.972125435540069804e-01	2.485372112917025034e-01	2.485372112917025034e-01	2.485372112917025034e-01	2.485372112917025034e-01	3.322259136212620256e-01	1.962025316455699997e-01	4.155405405405410146e-01	3.357664233576639901e-01	2.485372112917025034e-01	2.485372112917025034e-01	2.485372112917025034e-01	2.435064935064940039e-01	2.485372112917025034e-01	2.485372112917025034e-01	2.485372112917025034e-01	2.485372112917025034e-01	2.056737588652479964e-01	1.974522292993630135e-01	2.485372112917025034e-01	2.485372112917025034e-01	2.655826558265579895e-01	2.485372112917025034e-01	2.485372112917025034e-01	2.485372112917025034e-01	2.485372112917025034e-01	2.485372112917025034e-01	2.485372112917025034e-01	2.485372112917025034e-01	2.485372112917025034e-01	1.925675675675679877e-01	2.485372112917025034e-01	1.336405529953919868e-01	4.159292035398229892e-01	4.257812500000000000e-01	2.013651877133109946e-01	4.176706827309240033e-01	2.485372112917025034e-01	2.485372112917025034e-01	1.926605504587159956e-01	2.485372112917025034e-01	2.485372112917025034e-01	2.534246575342469776e-01	2.485372112917025034e-01	2.485372112917025034e-01	2.485372112917025034e-01	2.485372112917025034e-01	2.485372112917025034e-01	2.399999999999999911e-01	2.485372112917025034e-01	2.485372112917025034e-01	2.485372112917025034e-01	2.500000000000000000e-01	2.485372112917025034e-01	2.485372112917025034e-01	2.485372112917025034e-01	2.485372112917025034e-01	2.485372112917025034e-01	2.485372112917025034e-01	1.933962264150939914e-01	2.485372112917025034e-01	4.392156862745100199e-01	2.485372112917025034e-01	2.544169611307420253e-01	2.026666666666669947e-01	2.485372112917025034e-01	2.730496453900709830e-01	4.751773049645390268e-01	2.485372112917025034e-01	2.485372112917025034e-01	2.812500000000000000e-01	2.485372112917025034e-01	2.485372112917025034e-01	2.485372112917025034e-01	2.485372112917025034e-01	2.485372112917025034e-01	2.485372112917025034e-01	2.485372112917025034e-01	2.485372112917025034e-01	2.485372112917025034e-01	2.485372112917025034e-01	3.483870967741939939e-01	2.485372112917025034e-01	2.485372112917025034e-01	2.485372112917025034e-01	2.485372112917025034e-01	2.485372112917025034e-01	3.354037267080750007e-01	2.853535353535350261e-01	2.564102564102559989e-01	2.485372112917025034e-01	2.485372112917025034e-01	2.485372112917025034e-01	2.485372112917025034e-01	2.485372112917025034e-01	2.714285714285710194e-01
2.485372112917025034e-01	1.000000000000000000e+00	2.485372112917025034e-01	2.485372112917025034e-01	2.485372112917025034e-01	5.149700598802390283e-01	2.485372112917025034e-01	1.862464183381090099e-01	2.485372112917025034e-01	2.055427251732100113e-01	2.485372112917025034e-01	2.485372112917025034e-01	2.518159806295400260e-01	2.485372112917025034e-01	1.705685618729100017e-01	3.018867924528300106e-01	2.332563510392610118e-01	2.485372112917025034e-01	1.600000000000000033e-01	2.250000000000000056e-01	2.485372112917025034e-01	2.485372112917025034e-01	2.579075425790749998e-01	2.485372112917025034e-01	2.387267904509280114e-01	2.485372112917025034e-01	2.485372112917025034e-01	2.011331444759210108e-01	2.485372112917025034e-01	2.485372112917025034e-01	2.485372112917025034e-01	3.163265306122450271e-01	2.485372112917025034e-01	2.454308093994780060e-01	2.485372112917025034e-01	2.485372112917025034e-01	2.485372112917025034e-01	1.826086956521739968e-01	2.485372112917025034e-01	2.485372112917025034e-01	2.485372112917025034e-01	4.515151515151519801e-01	2.485372112917025034e-01	3.602015113350129916e-01	3.697674418604650071e-01	1.397260273972600053e-01	1.589743589743589924e-01	2.485372112917025034e-01	1.815789473684210065e-01	2.485372112917025034e-01	2.551020408163269804e-01	2.485372112917025034e-01	2.485372112917025034e-01	2.485372112917025034e-01	1.634349030470909903e-01	2.485372112917025034e-01	2.485372112917025034e-01	2.485372112917025034e-01	2.485372112917025034e-01	2.485372112917025034e-01	2.485372112917025034e-01	2.374999999999999889e-01	2.485372112917025034e-01	2.485372112917025034e-01	2.485372112917025034e-01	2.500000000000000000e-01	2.485372112917025034e-01	2.485372112917025034e-01	3.605072463768119739e-01	2.485372112917025034e-01	2.485372112917025034e-01	2.485372112917025034e-01	1.806930693069309923e-01	2.485372112917025034e-01	2.485372112917025034e-01	2.485372112917025034e-01	2.485372112917025034e-01	2.485372112917025034e-01	2.412060301507540083e-01	2.485372112917025034e-01	3.886255924170620157e-01	3.816793893129769976e-03	2.485372112917025034e-01	2.485372112917025034e-01	3.118279569892469794e-01	2.380952380952379988e-01	2.526595744680850131e-01	2.485372112917025034e-01	2.485372112917025034e-01	2.485372112917025034e-01	1.787439613526569937e-01	1.840659340659339949e-01	9.737827715355810154e-01	2.485372112917025034e-01	2.485372112917025034e-01	2.485372112917025034e-01	3.137254901960779829e-01	2.485372112917025034e-01	2.891246684350129992e-01	2.485372112917025034e-01	2.485372112917025034e-01	2.077562326869810128e-01	2.485372112917025034e-01	2.349999999999999867e-01	1.134969325153370040e-01	2.485372112917025034e-01	2.485372112917025034e-01	2.485372112917025034e-01	2.439613526570049984e-01	2.485372112917025034e-01	1.226993865030669983e-01	2.485372112917025034e-01	2.000000000000000111e-01	2.485372112917025034e-01	2.485372112917025034e-01	2.485372112917025034e-01	2.485372112917025034e-01	2.485372112917025034e-01	2.485372112917025034e-01	2.485372112917025034e-01	2.485372112917025034e-01	1.732522796352579941e-01	2.485372112917025034e-01	2.100840336134449926e-01
2.485372112917025034e-01	2.485372112917025034e-01	1.000000000000000000e+00	5.802919708029200541e-01	2.485372112917025034e-01	2.485372112917025034e-01	1.259842519685039908e-01	2.485372112917025034e-01	2.485372112917025034e-01	2.485372112917025034e-01	4.380530973451329801e-01	2.708333333333329818e-01	2.485372112917025034e-01	2.485372112917025034e-01	2.485372112917025034e-01	2.485372112917025034e-01	2.485372112917025034e-01	2.485372112917025034e-01	2.485372112917025034e-01	3.206106870229010197e-01	2.485372112917025034e-01	2.485372112917025034e-01	2.485372112917025034e-01	3.294797687861270030e-01	2.485372112917025034e-01	2.485372112917025034e-01	2.620087336244539822e-01	5.302325581395349596e-01	3.498233215547699726e-01	2.782369146005509997e-01	3.499999999999999778e-01	2.485372112917025034e-01	2.485372112917025034e-01	3.498233215547699726e-01	2.508710801393729817e-01	2.485372112917025034e-01	2.485372112917025034e-01	2.933884297520660267e-01	2.485372112917025034e-01	2.485372112917025034e-01	2.485372112917025034e-01	2.485372112917025034e-01	2.759856630824369939e-01	2.485372112917025034e-01	2.485372112917025034e-01	2.251908396946560031e-01	2.395833333333330095e-01	2.485372112917025034e-01	3.511450381679390165e-01	2.485372112917025034e-01	3.549488054607510268e-01	2.485372112917025034e-01	2.485372112917025034e-01	3.609958506224070218e-01	2.485372112917025034e-01	2.485372112917025034e-01	2.485372112917025034e-01	1.869158878504670052e-01	2.485372112917025034e-01	2.485372112917025034e-01	1.127450980392159935e-01	2.485372112917025034e-01	2.485372112917025034e-01	2.485372112917025034e-01	2.485372112917025034e-01	2.485372112917025034e-01	2.485372112917025034e-01	2.485372112917025034e-01	2.330827067669170027e-01	2.590909090909089829e-01	3.045112781954890102e-01	2.485372112917025034e-01	3.127147766323020162e-01	2.485372112917025034e-01	2.485372112917025034e-01	2.485372112917025034e-01	2.485372112917025034e-01	2.485372112917025034e-01	2.485372112917025034e-01	2.485372112917025034e-01	2.485372112917025034e-01	5.988023952095809614e-03	2.485372112917025034e-01	2.034883720930230067e-01	2.485372112917025034e-01	2.485372112917025034e-01	2.485372112917025034e-01	2.583979328165370015e-01	2.485372112917025034e-01	2.485372112917025034e-01	2.167182662538700011e-01	2.485372112917025034e-01	2.100840336134449926e-01	2.485372112917025034e-01	2.485372112917025034e-01	2.485372112917025034e-01	2.485372112917025034e-01	2.485372112917025034e-01	2.485372112917025034e-01	2.485372112917025034e-01	2.485372112917025034e-01	4.327731092436969962e-01	2.485372112917025034e-01	2.485372112917025034e-01	2.237442922374429932e-01	2.485372112917025034e-01	2.485372112917025034e-01	2.485372112917025034e-01	2.485372112917025034e-01	2.485372112917025034e-01	2.485372112917025034e-01	2.485372112917025034e-01	2.929687500000000000e-01	3.505535055350549878e-01	2.474576271186439969e-01	2.485372112917025034e-01	2.628865979381440066e-01	2.485372112917025034e-01	3.346007604562740156e-01	3.464285714285709750e-01	2.386363636363640073e-01	2.485372112917025034e-01	2.996108949416340095e-01	4.780701754385959790e-01
2.485372112917025034e-01	2.485372112917025034e-01	5.802919708029200541e-01	1.000000000000000000e+00	2.485372112917025034e-01	2.485372112917025034e-01	1.681681681681679863e-01	2.485372112917025034e-01	3.241590214067279763e-01	2.485372112917025034e-01	3.209876543209880251e-01	2.485372112917025034e-01	2.485372112917025034e-01	2.995049504950489938e-01	2.485372112917025034e-01	2.303206997084550067e-01	2.485372112917025034e-01	2.578616352201260065e-01	2.937500000000000111e-01	2.792022792022790245e-01	2.485372112917025034e-01	2.485372112917025034e-01	2.485372112917025034e-01	2.485372112917025034e-01	4.179104477611940149e-01	3.948051948051949922e-01	2.485372112917025034e-01	2.485372112917025034e-01	2.485372112917025034e-01	2.485372112917025034e-01	2.485372112917025034e-01	2.485372112917025034e-01	2.485372112917025034e-01	2.485372112917025034e-01	2.485372112917025034e-01	2.485372112917025034e-01	2.485372112917025034e-01	2.682926829268290070e-01	2.485372112917025034e-01	2.485372112917025034e-01	2.485372112917025034e-01	2.485372112917025034e-01	2.485372112917025034e-01	3.110047846889950063e-01	2.485372112917025034e-01	2.485372112917025034e-01	2.485372112917025034e-01	2.485372112917025034e-01	2.485372112917025034e-01	2.485372112917025034e-01	3.089005235602089727e-01	2.485372112917025034e-01	2.485372112917025034e-01	2.485372112917025034e-01	2.485372112917025034e-01	2.485372112917025034e-01	2.485372112917025034e-01	2.485372112917025034e-01	2.485372112917025034e-01	2.485372112917025034e-01	1.301369863013699946e-01	2.485372112917025034e-01	2.865329512893979858e-01	2.485372112917025034e-01	2.485372112917025034e-01	2.874999999999999778e-01	2.485372112917025034e-01	2.485372112917025034e-01	3.154246100519930152e-01	1.987381703470030014e-01	2.485372112917025034e-01	1.856435643564360027e-01	3.509749303621170213e-01	2.893081761006289776e-01	2.485372112917025034e-01	2.485372112917025034e-01	2.485372112917025034e-01	3.308080808080809954e-01	2.485372112917025034e-01	2.485372112917025034e-01	2.941176470588239833e-01	7.434944237918219602e-03	2.828571428571429736e-01	2.368421052631579926e-01	3.191489361702130045e-01	1.610738255033559996e-01	3.051771117166209857e-01	2.485372112917025034e-01	2.485372112917025034e-01	3.264705882352940125e-01	2.485372112917025034e-01	2.485372112917025034e-01	2.485372112917025034e-01	3.119533527696790043e-01	3.106508875739639741e-01	3.513513513513509823e-01	3.213296398891969941e-01	2.724458204334370137e-01	3.837535014005600265e-01	2.485372112917025034e-01	1.677419354838710075e-01	2.485372112917025034e-01	2.485372112917025034e-01	2.485372112917025034e-01	2.485372112917025034e-01	3.400000000000000244e-01	2.485372112917025034e-01	2.485372112917025034e-01	2.485372112917025034e-01	2.485372112917025034e-01	2.485372112917025034e-01	2.485372112917025034e-01	2.653061224489799974e-01	2.485372112917025034e-01	2.939560439560440219e-01	2.485372112917025034e-01	2.485372112917025034e-01	2.633136094674560224e-01	2.485372112917025034e-01	2.485372112917025034e-01	2.485372112917025034e-01	2.485372112917025034e-01	3.656249999999999778e-01	2.485372112917025034e-01
1.808510638297869955e-01	2.485372112917025034e-01	2.485372112917025034e-01	2.485372112917025034e-01	1.000000000000000000e+00	2.485372112917025034e-01	2.485372112917025034e-01	2.485372112917025034e-01	2.485372112917025034e-01	2.485372112917025034e-01	2.485372112917025034e-01	2.485372112917025034e-01	2.011834319526629999e-01	1.768115942028989918e-01	2.070707070707069886e-01	2.485372112917025034e-01	2.485372112917025034e-01	2.485372112917025034e-01	2.485372112917025034e-01	2.485372112917025034e-01	2.485372112917025034e-01	2.485372112917025034e-01	2.485372112917025034e-01	2.485372112917025034e-01	2.485372112917025034e-01	2.222222222222219878e-01	2.485372112917025034e-01	2.485372112917025034e-01	1.806451612903229864e-01	2.485372112917025034e-01	3.873873873873869833e-01	2.485372112917025034e-01	2.485372112917025034e-01	1.844660194174760071e-01	2.485372112917025034e-01	2.485372112917025034e-01	2.485372112917025034e-01	1.556420233463040037e-01	2.179104477611940038e-01	1.743869209809260079e-01	2.428571428571429935e-01	2.485372112917025034e-01	2.485372112917025034e-01	2.485372112917025034e-01	2.485372112917025034e-01	2.485372112917025034e-01	2.485372112917025034e-01	2.485372112917025034e-01	2.485372112917025034e-01	1.612903225806449903e-01	2.485372112917025034e-01	2.485372112917025034e-01	2.198952879581149988e-01	2.430278884462150069e-01	2.485372112917025034e-01	2.485372112917025034e-01	2.196721311475409999e-01	2.485372112917025034e-01	2.485372112917025034e-01	2.092050209205019995e-01	9.895833333333330095e-02	2.485372112917025034e-01	2.485372112917025034e-01	2.485372112917025034e-01	1.648351648351649990e-01	1.686182669789229871e-01	2.485372112917025034e-01	2.485372112917025034e-01	2.485372112917025034e-01	2.485372112917025034e-01	2.485372112917025034e-01	2.286689419795220057e-01	2.485372112917025034e-01	2.485372112917025034e-01	2.379182156133829995e-01	2.485372112917025034e-01	2.485372112917025034e-01	1.690544412607450087e-01	2.485372112917025034e-01	2.485372112917025034e-01	2.485372112917025034e-01	2.485372112917025034e-01	2.485372112917025034e-01	3.178807947019869906e-01	2.485372112917025034e-01	2.485372112917025034e-01	2.485372112917025034e-01	1.745635910224440090e-01	1.887755102040820088e-01	2.485372112917025034e-01	1.564417177914110002e-01	2.485372112917025034e-01	2.800000000000000266e-01	2.485372112917025034e-01	2.485372112917025034e-01	2.485372112917025034e-01	2.485372112917025034e-01	2.485372112917025034e-01	2.485372112917025034e-01	2.485372112917025034e-01	2.485372112917025034e-01	2.485372112917025034e-01	1.549295774647889978e-01	2.485372112917025034e-01	2.485372112917025034e-01	2.485372112917025034e-01	2.000000000000000111e-01	2.485372112917025034e-01	2.023809523809519950e-01	2.485372112917025034e-01	2.485372112917025034e-01	2.485372112917025034e-01	2.485372112917025034e-01	2.485372112917025034e-01	2.485372112917025034e-01	2.485372112917025034e-01	2.485372112917025034e-01	2.485372112917025034e-01	2.093862815884479922e-01	1.758957654723130037e-01	2.485372112917025034e-01	2.485372112917025034e-01	2.485372112917025034e-01	2.485372112917025034e-01
2.485372112917025034e-01	5.149700598802390283e-01	2.485372112917025034e-01	2.485372112917025034e-01	2.485372112917025034e-01	1.000000000000000000e+00	2.485372112917025034e-01	2.485372112917025034e-01	2.485372112917025034e-01	2.485372112917025034e-01	1.976401179941000008e-01	2.485372112917025034e-01	2.606516290726820229e-01	2.485372112917025034e-01	1.748251748251750115e-01	2.485372112917025034e-01	1.981566820276499941e-01	2.485372112917025034e-01	2.485372112917025034e-01	2.485372112917025034e-01	2.394366197183100120e-01	2.485372112917025034e-01	2.419753086419750010e-01	2.485372112917025034e-01	2.485372112917025034e-01	2.485372112917025034e-01	2.485372112917025034e-01	2.485372112917025034e-01	2.485372112917025034e-01	2.485372112917025034e-01	2.485372112917025034e-01	2.485372112917025034e-01	2.485372112917025034e-01	2.485372112917025034e-01	2.485372112917025034e-01	2.270408163265310031e-01	2.485372112917025034e-01	2.485372112917025034e-01	2.485372112917025034e-01	2.485372112917025034e-01	5.033783783783779553e-01	2.485372112917025034e-01	2.485372112917025034e-01	2.485372112917025034e-01	2.485372112917025034e-01	2.485372112917025034e-01	2.485372112917025034e-01	3.961748633879780268e-01	2.485372112917025034e-01	2.485372112917025034e-01	2.485372112917025034e-01	2.269662921348309936e-01	2.087912087912089931e-01	2.485372112917025034e-01	2.485372112917025034e-01	2.676579925650560132e-01	2.485372112917025034e-01	2.485372112917025034e-01	1.624649859943979868e-01	2.485372112917025034e-01	1.119133574007220022e-01	2.485372112917025034e-01	2.485372112917025034e-01	2.485372112917025034e-01	1.959654178674349878e-01	2.485372112917025034e-01	2.485372112917025034e-01	2.485372112917025034e-01	2.485372112917025034e-01	2.485372112917025034e-01	3.169230769230769740e-01	2.485372112917025034e-01	1.902313624678660109e-01	2.485372112917025034e-01	2.485372112917025034e-01	2.485372112917025034e-01	2.593750000000000222e-01	2.485372112917025034e-01	2.485372112917025034e-01	4.707520891364900262e-01	2.485372112917025034e-01	2.485372112917025034e-01	2.485372112917025034e-01	2.485372112917025034e-01	2.485372112917025034e-01	2.857142857142859760e-01	2.485372112917025034e-01	2.764044943820220257e-01	2.485372112917025034e-01	2.485372112917025034e-01	1.939546599496219936e-01	2.485372112917025034e-01	2.485372112917025034e-01	2.662721893491120095e-01	2.485372112917025034e-01	2.513089005235599749e-01	2.485372112917025034e-01	2.485372112917025034e-01	3.524355300859600137e-01	2.485372112917025034e-01	2.485372112917025034e-01	2.485372112917025034e-01	2.485372112917025034e-01	3.114754098360659751e-01	2.485372112917025034e-01	2.485372112917025034e-01	2.485372112917025034e-01	2.485372112917025034e-01	2.485372112917025034e-01	2.485372112917025034e-01	2.485372112917025034e-01	3.808219178082190015e-01	2.485372112917025034e-01	2.485372112917025034e-01	2.037533512064340080e-01	2.485372112917025034e-01	2.485372112917025034e-01	2.485372112917025034e-01	2.485372112917025034e-01	2.485372112917025034e-01	2.485372112917025034e-01	2.485372112917025034e-01	2.485372112917025034e-01	2.485372112917025034e-01
1.131386861313870007e-01	2.485372112917025034e-01	1.259842519685039908e-01	1.681681681681679863e-01	2.485372112917025034e-01	2.485372112917025034e-01	1.000000000000000000e+00	2.485372112917025034e-01	2.485372112917025034e-01	1.101449275362320068e-01	1.239999999999999991e-01	2.485372112917025034e-01	2.485372112917025034e-01	1.812499999999999944e-01	2.485372112917025034e-01	2.485372112917025034e-01	2.485372112917025034e-01	2.485372112917025034e-01	2.485372112917025034e-01	2.485372112917025034e-01	2.485372112917025034e-01	2.485372112917025034e-01	1.559633027522940030e-01	2.485372112917025034e-01	2.485372112917025034e-01	2.485372112917025034e-01	2.485372112917025034e-01	1.309523809523809867e-01	2.485372112917025034e-01	1.764705882352939903e-01	2.485372112917025034e-01	2.485372112917025034e-01	2.485372112917025034e-01	2.485372112917025034e-01	2.485372112917025034e-01	2.485372112917025034e-01	1.520912547528520120e-01	2.485372112917025034e-01	1.620795107033639881e-01	2.485372112917025034e-01	2.485372112917025034e-01	2.485372112917025034e-01	2.485372112917025034e-01	2.485372112917025034e-01	2.485372112917025034e-01	2.485372112917025034e-01	2.485372112917025034e-01	2.485372112917025034e-01	2.485372112917025034e-01	2.485372112917025034e-01	1.766666666666669994e-01	1.286863270777479917e-01	2.485372112917025034e-01	2.485372112917025034e-01	8.914728682170540430e-02	2.485372112917025034e-01	2.485372112917025034e-01	1.731843575418990089e-01	2.485372112917025034e-01	1.250000000000000000e-01	2.485372112917025034e-01	2.485372112917025034e-01	2.485372112917025034e-01	2.485372112917025034e-01	2.485372112917025034e-01	2.485372112917025034e-01	2.485372112917025034e-01	2.160493827160490099e-01	2.485372112917025034e-01	2.485372112917025034e-01	2.485372112917025034e-01	3.606557377049179891e-01	2.485372112917025034e-01	2.485372112917025034e-01	2.485372112917025034e-01	2.485372112917025034e-01	1.300813008130080051e-01	1.176470588235289938e-01	2.485372112917025034e-01	2.485372112917025034e-01	2.881844380403459915e-01	2.485372112917025034e-01	1.936758893280630112e-01	2.485372112917025034e-01	2.485372112917025034e-01	2.485372112917025034e-01	2.296296296296299888e-01	2.485372112917025034e-01	2.485372112917025034e-01	1.054545454545449956e-01	2.485372112917025034e-01	2.485372112917025034e-01	2.485372112917025034e-01	1.263940520446099891e-01	2.485372112917025034e-01	1.766666666666669994e-01	2.000000000000000111e-01	2.485372112917025034e-01	2.485372112917025034e-01	2.558139534883719923e-01	2.485372112917025034e-01	2.485372112917025034e-01	2.485372112917025034e-01	2.485372112917025034e-01	2.485372112917025034e-01	2.485372112917025034e-01	2.485372112917025034e-01	1.837606837606839960e-01	2.485372112917025034e-01	2.485372112917025034e-01	2.485372112917025034e-01	2.485372112917025034e-01	2.485372112917025034e-01	2.485372112917025034e-01	1.328671328671330032e-01	2.485372112917025034e-01	1.435897435897439955e-01	2.485372112917025034e-01	1.717557251908400084e-01	2.485372112917025034e-01	2.485372112917025034e-01	2.485372112917025034e-01	1.196911196911199932e-01	2.485372112917025034e-01
3.629032258064520122e-01	1.862464183381090099e-01	2.485372112917025034e-01	2.485372112917025034e-01	2.485372112917025034e-01	2.485372112917025034e-01	2.485372112917025034e-01	1.000000000000000000e+00	2.485372112917025034e-01	2.760736196319020230e-01	5.242718446601940530e-01	2.530120481927710108e-01	2.485372112917025034e-01	2.485372112917025034e-01	2.485372112917025034e-01	2.485372112917025034e-01	2.485372112917025034e-01	2.485372112917025034e-01	2.485372112917025034e-01	2.485372112917025034e-01	2.485372112917025034e-01	3.137931034482759896e-01	2.485372112917025034e-01	2.485372112917025034e-01	2.485372112917025034e-01	2.975460122699389864e-01	2.485372112917025034e-01	2.485372112917025034e-01	2.485372112917025034e-01	2.485372112917025034e-01	3.319148936170209785e-01	2.485372112917025034e-01	2.485372112917025034e-01	2.485372112917025034e-01	2.485372112917025034e-01	2.485372112917025034e-01	2.485372112917025034e-01	2.485372112917025034e-01	2.485372112917025034e-01	2.485372112917025034e-01	1.845637583892620059e-01	2.485372112917025034e-01	2.825278810408919927e-01	2.485372112917025034e-01	2.074999999999999900e-01	2.550607287449390137e-01	2.485372112917025034e-01	2.485372112917025034e-01	2.485372112917025034e-01	2.928994082840239987e-01	2.485372112917025034e-01	2.485372112917025034e-01	1.609756097560980093e-01	2.485372112917025034e-01	2.485372112917025034e-01	2.485372112917025034e-01	2.485372112917025034e-01	2.485372112917025034e-01	2.485372112917025034e-01	2.485372112917025034e-01	2.485372112917025034e-01	4.077669902912620103e-01	2.485372112917025034e-01	2.485372112917025034e-01	2.485372112917025034e-01	2.485372112917025034e-01	2.485372112917025034e-01	2.485372112917025034e-01	2.485372112917025034e-01	2.485372112917025034e-01	2.923076923076919909e-01	2.485372112917025034e-01	2.485372112917025034e-01	2.485372112917025034e-01	2.485372112917025034e-01	2.485372112917025034e-01	2.485372112917025034e-01	2.485372112917025034e-01	2.485372112917025034e-01	2.485372112917025034e-01	2.485372112917025034e-01	2.485372112917025034e-01	2.485372112917025034e-01	2.485372112917025034e-01	2.485372112917025034e-01	2.485372112917025034e-01	2.485372112917025034e-01	2.485372112917025034e-01	2.485372112917025034e-01	2.485372112917025034e-01	1.900311526479749880e-01	2.485372112917025034e-01	1.825842696629209894e-01	3.228346456692909872e-01	2.485372112917025034e-01	2.485372112917025034e-01	2.485372112917025034e-01	2.485372112917025034e-01	3.103448275862070171e-01	2.485372112917025034e-01	2.485372112917025034e-01	2.485372112917025034e-01	2.485372112917025034e-01	2.485372112917025034e-01	2.485372112917025034e-01	2.909090909090910060e-01	2.485372112917025034e-01	2.485372112917025034e-01	3.322475570032569769e-01	2.485372112917025034e-01	2.485372112917025034e-01	3.162939297124600091e-01	2.485372112917025034e-01	2.485372112917025034e-01	2.485372112917025034e-01	2.485372112917025034e-01	2.739361702127660059e-01	2.485372112917025034e-01	2.485372112917025034e-01	2.485372112917025034e-01	2.485372112917025034e-01	2.485372112917025034e-01	2.485372112917025034e-01	4.173913043478260088e-01
2.485372112917025034e-01	2.485372112917025034e-01	2.485372112917025034e-01	3.241590214067279763e-01	2.485372112917025034e-01	2.485372112917025034e-01	2.485372112917025034e-01	2.485372112917025034e-01	1.000000000000000000e+00	2.633136094674560224e-01	2.485372112917025034e-01	2.485372112917025034e-01	3.354430379746839996e-01	2.485372112917025034e-01	2.485372112917025034e-01	2.485372112917025034e-01	2.485372112917025034e-01	2.485372112917025034e-01	2.485372112917025034e-01	2.536231884057970065e-01	2.919075144508669895e-01	3.470790378006869958e-01	2.485372112917025034e-01	2.485372112917025034e-01	2.485372112917025034e-01	2.485372112917025034e-01	2.485372112917025034e-01	2.485372112917025034e-01	2.485372112917025034e-01	2.485372112917025034e-01	2.485372112917025034e-01	2.485372112917025034e-01	2.485372112917025034e-01	2.485372112917025034e-01	2.485372112917025034e-01	2.485372112917025034e-01	2.485372112917025034e-01	2.485372112917025034e-01	3.546325878594249748e-01	2.485372112917025034e-01	2.485372112917025034e-01	2.075471698113209862e-01	2.318339100346019921e-01	2.485372112917025034e-01	1.961259079903150127e-01	2.485372112917025034e-01	2.485372112917025034e-01	2.427745664739880127e-01	2.485372112917025034e-01	2.485372112917025034e-01	3.102310231023099885e-01	2.485372112917025034e-01	2.485372112917025034e-01	2.485372112917025034e-01	2.485372112917025034e-01	2.485372112917025034e-01	3.519163763066199824e-01	2.485372112917025034e-01	2.462686567164180107e-01	1.914062500000000000e-01	2.485372112917025034e-01	2.485372112917025034e-01	2.485372112917025034e-01	1.562500000000000000e-01	2.485372112917025034e-01	2.485372112917025034e-01	2.485372112917025034e-01	2.485372112917025034e-01	2.103321033210329982e-01	2.485372112917025034e-01	2.485372112917025034e-01	2.129032258064519900e-01	2.485372112917025034e-01	2.039215686274510053e-01	1.750841750841750089e-01	3.390804597701149725e-01	2.485372112917025034e-01	2.485372112917025034e-01	2.485372112917025034e-01	2.485372112917025034e-01	1.917475728155340065e-01	1.818181818181819828e-02	2.485372112917025034e-01	2.485372112917025034e-01	2.485372112917025034e-01	2.149999999999999967e-01	3.722627737226280042e-01	2.485372112917025034e-01	2.485372112917025034e-01	4.089068825910929794e-01	1.873111782477339948e-01	2.631578947368419796e-01	2.485372112917025034e-01	2.485372112917025034e-01	2.485372112917025034e-01	3.457627118644069908e-01	2.384105960264900070e-01	2.485372112917025034e-01	2.485372112917025034e-01	2.485372112917025034e-01	2.485372112917025034e-01	3.268482490272370256e-01	2.485372112917025034e-01	2.485372112917025034e-01	2.485372112917025034e-01	2.485372112917025034e-01	2.485372112917025034e-01	2.485372112917025034e-01	2.485372112917025034e-01	2.485372112917025034e-01	3.969072164948450054e-01	3.386075949367089999e-01	2.485372112917025034e-01	2.485372112917025034e-01	2.485372112917025034e-01	3.475409836065569968e-01	2.760416666666670182e-01	2.319391634980990102e-01	3.097014925373129945e-01	2.485372112917025034e-01	2.485372112917025034e-01	2.226890756302520036e-01	2.485372112917025034e-01	2.485372112917025034e-01
2.485372112917025034e-01	2.055427251732100113e-01	2.485372112917025034e-01	2.485372112917025034e-01	2.485372112917025034e-01	2.485372112917025034e-01	1.101449275362320068e-01	2.760736196319020230e-01	2.633136094674560224e-01	1.000000000000000000e+00	2.485372112917025034e-01	2.485372112917025034e-01	2.485372112917025034e-01	2.485372112917025034e-01	2.485372112917025034e-01	2.485372112917025034e-01	5.056179775280900124e-01	3.265993265993270001e-01	2.485372112917025034e-01	2.485372112917025034e-01	2.485372112917025034e-01	2.485372112917025034e-01	2.485372112917025034e-01	2.485372112917025034e-01	2.485372112917025034e-01	3.341708542713570096e-01	2.909698996655519787e-01	2.870090634441089805e-01	2.485372112917025034e-01	3.138173302107730156e-01	2.485372112917025034e-01	2.485372112917025034e-01	2.797356828193829914e-01	2.485372112917025034e-01	2.192513368983959876e-01	2.485372112917025034e-01	2.485372112917025034e-01	2.485372112917025034e-01	2.485372112917025034e-01	2.485372112917025034e-01	2.485372112917025034e-01	2.485372112917025034e-01	2.485372112917025034e-01	2.485372112917025034e-01	2.485372112917025034e-01	2.477611940298510007e-01	2.485372112917025034e-01	2.485372112917025034e-01	3.502994011976049982e-01	3.325183374083129917e-01	2.485372112917025034e-01	3.707317073170730004e-01	1.381578947368420074e-01	2.485372112917025034e-01	3.312302839116719744e-01	2.485372112917025034e-01	2.485372112917025034e-01	2.485372112917025034e-01	2.485372112917025034e-01	2.072072072072070059e-01	2.485372112917025034e-01	2.485372112917025034e-01	2.485372112917025034e-01	2.485372112917025034e-01	2.485372112917025034e-01	4.606205250596659972e-01	2.485372112917025034e-01	2.485372112917025034e-01	2.485372112917025034e-01	1.651090342679130130e-01	2.485372112917025034e-01	2.485372112917025034e-01	2.485372112917025034e-01	2.485372112917025034e-01	2.485372112917025034e-01	2.485372112917025034e-01	2.485372112917025034e-01	2.485372112917025034e-01	2.485372112917025034e-01	2.485372112917025034e-01	2.484076433121019944e-01	7.604562737642589845e-03	2.485372112917025034e-01	1.828703703703699890e-01	2.485372112917025034e-01	2.485372112917025034e-01	2.485372112917025034e-01	2.485372112917025034e-01	2.485372112917025034e-01	2.485372112917025034e-01	2.485372112917025034e-01	2.485372112917025034e-01	2.050113895216399973e-01	2.402234636871510010e-01	3.529411764705879806e-01	2.485372112917025034e-01	2.485372112917025034e-01	2.898089171974519984e-01	2.485372112917025034e-01	2.485372112917025034e-01	2.485372112917025034e-01	2.485372112917025034e-01	2.485372112917025034e-01	2.485372112917025034e-01	2.485372112917025034e-01	2.485372112917025034e-01	2.485372112917025034e-01	2.485372112917025034e-01	2.485372112917025034e-01	2.485372112917025034e-01	2.485372112917025034e-01	2.485372112917025034e-01	2.485372112917025034e-01	2.485372112917025034e-01	2.485372112917025034e-01	2.485372112917025034e-01	2.485372112917025034e-01	2.485372112917025034e-01	2.947976878612719731e-01	3.130193905817170164e-01	2.690476190476189799e-01	2.435897435897440011e-01	2.485372112917025034e-01	2.259887005649720004e-01
2.485372112917025034e-01	2.485372112917025034e-01	4.380530973451329801e-01	3.209876543209880251e-01	2.485372112917025034e-01	1.976401179941000008e-01	1.239999999999999991e-01	5.242718446601940530e-01	2.485372112917025034e-01	2.485372112917025034e-01	1.000000000000000000e+00	2.485372112917025034e-01	2.485372112917025034e-01	2.485372112917025034e-01	1.467889908256879983e-01	2.485372112917025034e-01	2.485372112917025034e-01	2.485372112917025034e-01	2.485372112917025034e-01	2.485372112917025034e-01	2.485372112917025034e-01	2.485372112917025034e-01	2.485372112917025034e-01	2.485372112917025034e-01	2.485372112917025034e-01	3.159509202453990029e-01	2.485372112917025034e-01	2.485372112917025034e-01	2.485372112917025034e-01	2.485372112917025034e-01	2.485372112917025034e-01	2.485372112917025034e-01	2.485372112917025034e-01	2.485372112917025034e-01	2.377622377622380101e-01	2.485372112917025034e-01	4.249999999999999889e-01	2.485372112917025034e-01	4.013377926421399788e-01	3.313253012048190116e-01	2.485372112917025034e-01	2.485372112917025034e-01	2.485372112917025034e-01	2.359550561797749968e-01	2.485372112917025034e-01	2.485372112917025034e-01	2.485372112917025034e-01	2.485372112917025034e-01	4.663865546218490254e-01	2.485372112917025034e-01	4.848484848484849730e-01	2.485372112917025034e-01	2.485372112917025034e-01	2.519379844961239789e-01	3.223140495867770072e-01	2.485372112917025034e-01	2.485372112917025034e-01	2.485372112917025034e-01	2.485372112917025034e-01	3.392857142857140240e-01	2.485372112917025034e-01	2.485372112917025034e-01	2.485372112917025034e-01	2.485372112917025034e-01	2.485372112917025034e-01	2.485372112917025034e-01	4.016064257028110207e-01	2.485372112917025034e-01	2.485372112917025034e-01	2.485372112917025034e-01	2.485372112917025034e-01	2.485372112917025034e-01	2.485372112917025034e-01	2.485372112917025034e-01	2.485372112917025034e-01	4.451410658307209944e-01	3.782608695652169839e-01	3.828382838283829748e-01	2.485372112917025034e-01	2.485372112917025034e-01	2.485372112917025034e-01	6.172839506172840031e-03	2.445255474452550093e-01	2.485372112917025034e-01	2.485372112917025034e-01	1.900000000000000022e-01	2.485372112917025034e-01	2.485372112917025034e-01	2.261306532663319990e-01	2.485372112917025034e-01	1.722054380664649886e-01	2.485372112917025034e-01	2.485372112917025034e-01	3.053435114503820214e-01	2.485372112917025034e-01	2.485372112917025034e-01	2.947368421052630194e-01	2.485372112917025034e-01	2.781456953642379992e-01	2.485372112917025034e-01	2.485372112917025034e-01	5.700934579439249639e-01	2.194244604316550051e-01	2.485372112917025034e-01	2.232558139534880082e-01	2.485372112917025034e-01	4.169611307420489910e-01	2.200772200772199982e-01	3.741721854304639883e-01	3.177257525083609924e-01	2.485372112917025034e-01	2.941176470588239833e-01	2.485372112917025034e-01	2.485372112917025034e-01	2.485372112917025034e-01	2.485372112917025034e-01	2.485372112917025034e-01	2.485372112917025034e-01	2.485372112917025034e-01	2.485372112917025034e-01	2.676470588235290160e-01	3.750000000000000000e-01	2.485372112917025034e-01	2.485372112917025034e-01
2.485372112917025034e-01	2.485372112917025034e-01	2.708333333333329818e-01	2.485372112917025034e-01	2.485372112917025034e-01	2.485372112917025034e-01	2.485372112917025034e-01	2.530120481927710108e-01	2.485372112917025034e-01	2.485372112917025034e-01	2.485372112917025034e-01	1.000000000000000000e+00	2.485372112917025034e-01	4.786324786324789859e-01	1.210191082802550000e-01	2.485372112917025034e-01	2.485372112917025034e-01	3.824561403508769941e-01	2.485372112917025034e-01	2.485372112917025034e-01	2.485372112917025034e-01	3.971428571428570198e-01	4.297520661157019917e-01	2.485372112917025034e-01	2.485372112917025034e-01	3.143564356435640250e-01	2.485372112917025034e-01	2.485372112917025034e-01	2.773333333333329875e-01	2.485372112917025034e-01	1.694444444444440090e-01	2.485372112917025034e-01	2.485372112917025034e-01	2.485372112917025034e-01	1.906005221932109972e-01	2.485372112917025034e-01	3.413897280966770031e-01	2.485372112917025034e-01	2.485372112917025034e-01	2.485372112917025034e-01	2.485372112917025034e-01	2.485372112917025034e-01	2.410958904109589962e-01	2.723004694835680084e-01	2.485372112917025034e-01	2.485372112917025034e-01	2.485372112917025034e-01	2.485372112917025034e-01	2.485372112917025034e-01	2.485372112917025034e-01	2.485372112917025034e-01	2.485372112917025034e-01	1.270358306188930086e-01	2.648809523809519950e-01	2.485372112917025034e-01	1.121495327102799977e-01	3.509749303621170213e-01	1.396103896103899900e-01	2.485372112917025034e-01	2.485372112917025034e-01	2.485372112917025034e-01	2.485372112917025034e-01	2.485372112917025034e-01	2.485372112917025034e-01	3.510971786833860242e-01	3.275488069414320136e-01	2.485372112917025034e-01	2.485372112917025034e-01	2.806122448979589956e-01	1.578947368421050046e-01	2.333333333333330040e-01	1.914357682619650114e-01	2.485372112917025034e-01	2.485372112917025034e-01	2.485372112917025034e-01	4.973404255319149869e-01	2.485372112917025034e-01	3.532467532467529758e-01	2.485372112917025034e-01	2.142857142857139963e-01	2.485372112917025034e-01	2.485372112917025034e-01	2.485372112917025034e-01	1.856148491879349993e-01	2.485372112917025034e-01	1.258278145695360117e-01	4.290030211480360123e-01	2.485372112917025034e-01	2.485372112917025034e-01	2.485372112917025034e-01	2.485372112917025034e-01	2.485372112917025034e-01	2.188940092165899964e-01	2.485372112917025034e-01	3.829113924050630002e-01	3.798882681564250130e-01	2.485372112917025034e-01	2.500000000000000000e-01	2.485372112917025034e-01	2.240566037735849947e-01	2.485372112917025034e-01	2.485372112917025034e-01	2.485372112917025034e-01	2.485372112917025034e-01	2.485372112917025034e-01	2.485372112917025034e-01	4.089635854341739929e-01	2.485372112917025034e-01	2.485372112917025034e-01	2.485372112917025034e-01	2.474576271186439969e-01	2.485372112917025034e-01	2.485372112917025034e-01	2.485372112917025034e-01	2.485372112917025034e-01	3.368421052631579982e-01	4.076738609112710021e-01	2.485372112917025034e-01	2.485372112917025034e-01	2.485372112917025034e-01	2.485372112917025034e-01	2.485372112917025034e-01	2.485372112917025034e-01	2.485372112917025034e-01
