1.000000000000150102e+00	6.939321640245106337e-01	6.939321640245106337e-01	7.620309648537080260e-01	6.939321640245106337e-01	7.950816367389690331e-01	6.939321640245106337e-01	6.939321640245106337e-01	7.921684836817090014e-01	7.387459774205850094e-01	6.939321640245106337e-01	6.939321640245106337e-01	7.839156119132190126e-01	7.293698717857040048e-01	6.939321640245106337e-01	6.939321640245106337e-01	6.939321640245106337e-01	6.939321640245106337e-01	6.939321640245106337e-01	7.333781186773179472e-01	7.708276305114289961e-01	6.939321640245106337e-01	6.939321640245106337e-01	7.348728792952760047e-01	7.360516688544329611e-01	6.939321640245106337e-01	6.939321640245106337e-01	6.939321640245106337e-01	6.939321640245106337e-01	7.125791454851929663e-01	7.784842168861919598e-01	7.666392806525880177e-01	8.008917387239929964e-01	6.939321640245106337e-01	7.037693066013640530e-01	7.904441236260929537e-01	6.939321640245106337e-01	6.939321640245106337e-01	6.962944568149560531e-01	6.939321640245106337e-01	6.765103054361609747e-01	7.201179888161060028e-01	6.939321640245106337e-01	6.939321640245106337e-01	6.939321640245106337e-01	6.991546747294650199e-01	6.939321640245106337e-01	7.238652130334459756e-01	7.460755874010660538e-01	7.544228070326539637e-01	8.029095538142260180e-01	7.192995062379490268e-01	7.300297657317199596e-01	6.939321640245106337e-01	6.939321640245106337e-01	6.939321640245106337e-01	6.939321640245106337e-01	6.405664632266879766e-01	7.148950799731199623e-01	6.238107884288019989e-01	7.565596637937950231e-01	6.939321640245106337e-01	8.108134399905400080e-01	6.872551128817130373e-01	6.939321640245106337e-01	6.939321640245106337e-01	6.939321640245106337e-01	6.939321640245106337e-01	6.879521999120290499e-01	6.939321640245106337e-01	6.939321640245106337e-01	6.939321640245106337e-01	7.655009165359469847e-01	8.098372210880060429e-01	6.939321640245106337e-01	6.200505088368699624e-01	6.939321640245106337e-01	7.936662988326470547e-01	7.756380314871750281e-01	6.939321640245106337e-01	6.939321640245106337e-01	6.725084800934120199e-01	6.939321640245106337e-01	6.939321640245106337e-01	6.792542277040399812e-01	6.939321640245106337e-01	7.534008889170860090e-01	6.939321640245106337e-01	9.054607392694300483e-01	6.939321640245106337e-01	7.652956897007640036e-01	6.939321640245106337e-01	6.939321640245106337e-01	6.560161178793399994e-01	6.939321640245106337e-01	7.833243167714799560e-01	6.939321640245106337e-01	6.939321640245106337e-01	7.179683690069299518e-01	7.449305868031900202e-01	6.939321640245106337e-01	6.705348598717679742e-01	6.483967240307649815e-01	6.099926251554520507e-01	6.491100742456999972e-01	6.939321640245106337e-01	7.810514774412500305e-01	6.939321640245106337e-01	6.939321640245106337e-01	6.934729773252820140e-01	7.903955447098279796e-01	6.939321640245106337e-01	7.562471244380419844e-01	7.798637438007349765e-01	7.967290296518160231e-01	6.939321640245106337e-01	8.997773220336759969e-01	9.084193006170380169e-01	6.939321640245106337e-01	7.429846623362790226e-01	8.117270309997279831e-01	7.882519794287480286e-01	6.939321640245106337e-01	6.939321640245106337e-01
6.939321640245106337e-01	1.000000000000039968e+00	6.939321640245106337e-01	7.399396764504879709e-01	7.426002790712500357e-01	7.307355580440310083e-01	6.939321640245106337e-01	6.939321640245106337e-01	7.343467722960129729e-01	6.939321640245106337e-01	7.499100779699819919e-01	6.939321640245106337e-01	6.939321640245106337e-01	6.649303312109580144e-01	1.000000000000000021e-03	6.939321640245106337e-01	6.939321640245106337e-01	7.076479031565540145e-01	7.002522364194050386e-01	6.939321640245106337e-01	7.023512051990590255e-01	6.493504876826400318e-01	6.939321640245106337e-01	6.939321640245106337e-01	7.080488826739870234e-01	6.939321640245106337e-01	7.471817028383119785e-01	7.180684839159799937e-01	6.939321640245106337e-01	6.939321640245106337e-01	6.939321640245106337e-01	7.134116530012559743e-01	6.939321640245106337e-01	6.939321640245106337e-01	6.383219709518489493e-01	6.939321640245106337e-01	6.744995616564369856e-01	7.579301810109250193e-01	6.339347730392990155e-01	6.939321640245106337e-01	6.939321640245106337e-01	7.032342425550299758e-01	6.939321640245106337e-01	6.315495412873870507e-01	7.323118158445850456e-01	6.939321640245106337e-01	6.939321640245106337e-01	6.576416556991460105e-01	7.286746893825080118e-01	6.939321640245106337e-01	6.939321640245106337e-01	6.838037344524769967e-01	6.963632868204180371e-01	6.939321640245106337e-01	6.939321640245106337e-01	7.312040549925440391e-01	6.064043430674700419e-01	6.939321640245106337e-01	6.939321640245106337e-01	6.939321640245106337e-01	7.422640706227630059e-01	6.939321640245106337e-01	7.785018049543920293e-01	6.939321640245106337e-01	5.910067758567599805e-01	6.939321640245106337e-01	6.939321640245106337e-01	6.734525485162500269e-01	6.557558572286059650e-01	5.741233552321759470e-01	6.939321640245106337e-01	6.179395644862120118e-01	6.939321640245106337e-01	6.939321640245106337e-01	6.939321640245106337e-01	6.939321640245106337e-01	6.939321640245106337e-01	6.939321640245106337e-01	6.939321640245106337e-01	6.939321640245106337e-01	6.939321640245106337e-01	6.319306080162500061e-01	6.314905143610100025e-01	6.939321640245106337e-01	6.939321640245106337e-01	6.108308507336229765e-01	7.009179415816559899e-01	7.696571704781479673e-01	6.939321640245106337e-01	7.126373081940160503e-01	6.939321640245106337e-01	6.939321640245106337e-01	6.939321640245106337e-01	6.113830392146829551e-01	6.034554443362539766e-01	7.174238695472290317e-01	7.652859857826349588e-01	6.939321640245106337e-01	6.939321640245106337e-01	7.285125067615280114e-01	7.355648747167969903e-01	6.939321640245106337e-01	5.932231238083269798e-01	6.124735774816439937e-01	5.871106185834720215e-01	6.939321640245106337e-01	6.939321640245106337e-01	6.883359037779940293e-01	6.559277581285669623e-01	6.354065959205920100e-01	6.939321640245106337e-01	6.939321640245106337e-01	6.939321640245106337e-01	7.453081826597539594e-01	6.939321640245106337e-01	6.939321640245106337e-01	8.471840368539600430e-01	6.939321640245106337e-01	6.939321640245106337e-01	7.257599209402649798e-01	7.718749924385389649e-01	6.939321640245106337e-01	7.616632835359370413e-01	7.491340276767020079e-01
6.939321640245106337e-01	6.939321640245106337e-01	1.000000000000049960e+00	6.939321640245106337e-01	7.379198200808559927e-01	6.939321640245106337e-01	7.777268175721000487e-01	7.614694629099449941e-01	6.939321640245106337e-01	7.090302181253169689e-01	7.246107028628659963e-01	6.740802842983280030e-01	6.939321640245106337e-01	6.939321640245106337e-01	6.939321640245106337e-01	6.939321640245106337e-01	7.425689570706209830e-01	7.759783739059039620e-01	6.939321640245106337e-01	6.939321640245106337e-01	7.736648048767640340e-01	6.939321640245106337e-01	6.939321640245106337e-01	6.939321640245106337e-01	6.939321640245106337e-01	6.939321640245106337e-01	7.496524319181320228e-01	7.197870852485519499e-01	5.039649690826220052e-01	6.939321640245106337e-01	7.603400995070730417e-01	7.741004113906110318e-01	6.939321640245106337e-01	6.939321640245106337e-01	6.939321640245106337e-01	7.706999394003849480e-01	6.939321640245106337e-01	6.939321640245106337e-01	6.939321640245106337e-01	6.939321640245106337e-01	6.989208123948249529e-01	6.999897332152410501e-01	7.891969096164860309e-01	6.672959005555529899e-01	7.881534457843329955e-01	6.939321640245106337e-01	6.816993652796410341e-01	7.308083385458350456e-01	6.939321640245106337e-01	7.261346361087910317e-01	8.131012135627589954e-01	6.786669334333039760e-01	6.939321640245106337e-01	6.529865639970979796e-01	6.939321640245106337e-01	8.212241390339319880e-01	5.819335729859029804e-01	5.929186568209410257e-01	6.939321640245106337e-01	5.942541882111069818e-01	6.939321640245106337e-01	7.188022005250239710e-01	8.043030640209819504e-01	6.939321640245106337e-01	6.716936677466790462e-01	6.939321640245106337e-01	6.939321640245106337e-01	7.089004800781629756e-01	6.562704741189949731e-01	6.939321640245106337e-01	6.939321640245106337e-01	6.939321640245106337e-01	6.939321640245106337e-01	7.871731295809050177e-01	7.652152204199129670e-01	5.722338118653269579e-01	6.939321640245106337e-01	7.691798503210379723e-01	7.636247514574280304e-01	6.939321640245106337e-01	6.939321640245106337e-01	6.536578673169950449e-01	6.939321640245106337e-01	6.939321640245106337e-01	6.869233596240159612e-01	6.922675113209220132e-01	7.312472995808430021e-01	7.885581207871490417e-01	8.761937220453700492e-01	6.939321640245106337e-01	6.939321640245106337e-01	6.939321640245106337e-01	6.939321640245106337e-01	6.393983155449749489e-01	6.939321640245106337e-01	7.945071145258859602e-01	7.722889158607459947e-01	6.939321640245106337e-01	6.872777785192499822e-01	6.939321640245106337e-01	6.939321640245106337e-01	6.759531724435019484e-01	6.939321640245106337e-01	5.582967887208000191e-01	6.616899938697859973e-01	6.939321640245106337e-01	6.939321640245106337e-01	6.939321640245106337e-01	6.454635360246010478e-01	6.939321640245106337e-01	7.627071108704639446e-01	7.756568123547590288e-01	6.939321640245106337e-01	7.422658312001829684e-01	6.939321640245106337e-01	8.556589773292549994e-01	6.939321640245106337e-01	6.939321640245106337e-01	6.939321640245106337e-01	7.324936725015599448e-01	7.887965836265039554e-01	7.802613994509519646e-01	8.044544146789019967e-01	6.939321640245106337e-01
7.620309648537080260e-01	7.399396764504879709e-01	6.939321640245106337e-01	9.999999999999239497e-01	6.939321640245106337e-01	6.939321640245106337e-01	7.504874391728569849e-01	6.939321640245106337e-01	6.939321640245106337e-01	7.262104973368059824e-01	7.452757556154859797e-01	6.939321640245106337e-01	7.720951282191450549e-01	7.240182631668620195e-01	1.000000000000000021e-03	7.708721225608220484e-01	6.613465855219620160e-01	7.807630397813940526e-01	6.939321640245106337e-01	7.250100634356250184e-01	6.939321640245106337e-01	6.939321640245106337e-01	7.375225905197410059e-01	7.856320168511530255e-01	7.511611223686249783e-01	6.939321640245106337e-01	7.925564497384219864e-01	7.518317519579660324e-01	6.939321640245106337e-01	6.939321640245106337e-01	6.939321640245106337e-01	7.204129134166760151e-01	7.596743307134860013e-01	6.939321640245106337e-01	6.939321640245106337e-01	7.896155863862930335e-01	7.303305984710170007e-01	6.939321640245106337e-01	6.939321640245106337e-01	7.733207990050640079e-01	6.939321640245106337e-01	7.505775888840829912e-01	7.407888116861349737e-01	6.603583522364250280e-01	7.911701392792089838e-01	6.893631842537569776e-01	6.939321640245106337e-01	6.939321640245106337e-01	6.939321640245106337e-01	6.939321640245106337e-01	6.939321640245106337e-01	6.939321640245106337e-01	7.276199753555000482e-01	6.191762967883119861e-01	6.939321640245106337e-01	6.939321640245106337e-01	6.596569612534169957e-01	6.939321640245106337e-01	6.939321640245106337e-01	6.234903035232890467e-01	6.939321640245106337e-01	6.939321640245106337e-01	6.939321640245106337e-01	6.518871973470760084e-01	6.020408706199319449e-01	7.926283921056349602e-01	6.939321640245106337e-01	6.939321640245106337e-01	6.939321640245106337e-01	5.687375863906429796e-01	6.844664528831689854e-01	6.335367000939590154e-01	7.487172100413079789e-01	7.975405139110860464e-01	6.939321640245106337e-01	6.985675835494710162e-01	6.939321640245106337e-01	7.773240461859060035e-01	6.939321640245106337e-01	6.939321640245106337e-01	7.401606222941450319e-01	6.939321640245106337e-01	6.939321640245106337e-01	6.939321640245106337e-01	6.167817631787659849e-01	6.939321640245106337e-01	7.247339822781739826e-01	7.822626984905890479e-01	7.793225939581059913e-01	6.939321640245106337e-01	7.755053536015410476e-01	7.476937424995609982e-01	6.939321640245106337e-01	6.229679433040929970e-01	6.939321640245106337e-01	6.939321640245106337e-01	7.807049432923239829e-01	6.431115070991409999e-01	7.460007638268599806e-01	7.581466953940489972e-01	6.939321640245106337e-01	6.118582054683080473e-01	6.150504582390999841e-01	7.110510595361629882e-01	5.820784190023460258e-01	6.935235719379230224e-01	7.722906350313859525e-01	7.244020726531269494e-01	7.513587715322369576e-01	6.939321640245106337e-01	6.939321640245106337e-01	6.939321640245106337e-01	7.412035829830030398e-01	7.731793607557370107e-01	7.597460840064029775e-01	6.939321640245106337e-01	7.731113039308870061e-01	6.939321640245106337e-01	6.939321640245106337e-01	7.051822517835989457e-01	7.683349648557410427e-01	6.939321640245106337e-01	7.354607771269500160e-01	7.336185295196600009e-01
6.939321640245106337e-01	7.426002790712500357e-01	7.379198200808559927e-01	6.939321640245106337e-01	9.999999999999039657e-01	7.087034306836850206e-01	8.002910712797880466e-01	7.573204740445179661e-01	7.522234967789780402e-01	7.787956233666749606e-01	7.881627668475169601e-01	7.477196496438449635e-01	6.939321640245106337e-01	6.559974631533099787e-01	1.000000000000000021e-03	6.939321640245106337e-01	6.121424203546750320e-01	6.939321640245106337e-01	6.989681494501299719e-01	8.199987865471870530e-01	6.689993277181079945e-01	6.673807009663880185e-01	6.939321640245106337e-01	6.939321640245106337e-01	6.939321640245106337e-01	8.164298119281210298e-01	6.939321640245106337e-01	6.939321640245106337e-01	6.154847332107370450e-01	6.939321640245106337e-01	7.312083089281700143e-01	6.939321640245106337e-01	7.041659277311099752e-01	7.658178617623050410e-01	6.206239883430909599e-01	7.411318015075739618e-01	6.586007269466730429e-01	7.510425424243659664e-01	6.191525149188039645e-01	7.287791586509869690e-01	5.785567122111839877e-01	6.939321640245106337e-01	6.939321640245106337e-01	6.939321640245106337e-01	6.939321640245106337e-01	6.939321640245106337e-01	6.939321640245106337e-01	6.939321640245106337e-01	7.382274103956939504e-01	7.105436868432160047e-01	6.939321640245106337e-01	6.963312970518330536e-01	6.939321640245106337e-01	6.939321640245106337e-01	6.591719515230050064e-01	6.939321640245106337e-01	6.250486253664260250e-01	6.939321640245106337e-01	6.439135315792819947e-01	5.981144175732769908e-01	7.571346438040930105e-01	6.939321640245106337e-01	7.943925000827950500e-01	6.939321640245106337e-01	5.594590327854810363e-01	6.939321640245106337e-01	6.939321640245106337e-01	6.694610043303399483e-01	6.939321640245106337e-01	5.519522780957250019e-01	6.438412916223520410e-01	6.939321640245106337e-01	6.939321640245106337e-01	7.415484223468690184e-01	7.156806643940260004e-01	6.609952827220150207e-01	6.939321640245106337e-01	6.939321640245106337e-01	6.875296830905549550e-01	7.133306055216840358e-01	6.939321640245106337e-01	6.342460551037339966e-01	6.073258968470649499e-01	6.549440546313389788e-01	6.939321640245106337e-01	6.939321640245106337e-01	6.776756021284620068e-01	6.939321640245106337e-01	6.939321640245106337e-01	6.939321640245106337e-01	6.939321640245106337e-01	6.940364653489220492e-01	6.939321640245106337e-01	6.939321640245106337e-01	6.291238732250109544e-01	7.105953086949789999e-01	7.554924797671880299e-01	6.939321640245106337e-01	6.939321640245106337e-01	7.237340934457650032e-01	7.582056792790919930e-01	5.879089209216390444e-01	6.939321640245106337e-01	6.581718745187770114e-01	6.939321640245106337e-01	6.356231699675469748e-01	7.592901136412369967e-01	6.648121829305799757e-01	6.772130449821720521e-01	6.939321640245106337e-01	6.939321640245106337e-01	6.914999477952500362e-01	6.939321640245106337e-01	7.554926580601839525e-01	7.425815640443399479e-01	7.647904251016459654e-01	6.939321640245106337e-01	7.717295958857750549e-01	6.939321640245106337e-01	6.939321640245106337e-01	8.075192387356849855e-01	7.824747044081550307e-01	7.451001692218740535e-01	7.752130567795799676e-01
7.950816367389690331e-01	7.307355580440310083e-01	6.939321640245106337e-01	6.939321640245106337e-01	7.087034306836850206e-01	1.000000000000019984e+00	7.700094309093700184e-01	7.281915509258010122e-01	7.819072435345539862e-01	6.939321640245106337e-01	6.766704655714459449e-01	6.339365051944759744e-01	7.555625907980190181e-01	6.963415999299380488e-01	6.939321640245106337e-01	6.939321640245106337e-01	6.939321640245106337e-01	7.465139266551550357e-01	6.939321640245106337e-01	6.662366694044470350e-01	6.939321640245106337e-01	5.674497962059860123e-01	6.939321640245106337e-01	6.939321640245106337e-01	6.814268223194559493e-01	6.939321640245106337e-01	7.182252335284230460e-01	6.968951102886560278e-01	4.880306829109850031e-01	7.395638556995209889e-01	6.939321640245106337e-01	7.545413481595120153e-01	7.746726109776540525e-01	8.363772801170490379e-01	6.757474509297709542e-01	6.939321640245106337e-01	7.090224275359969797e-01	6.939321640245106337e-01	6.939321640245106337e-01	6.723379048668349789e-01	6.939321640245106337e-01	6.939321640245106337e-01	6.939321640245106337e-01	6.939321640245106337e-01	6.939321640245106337e-01	6.998519580382009941e-01	6.443392891840870051e-01	6.939321640245106337e-01	7.009933505380769869e-01	6.801131201349559507e-01	6.939321640245106337e-01	6.939321640245106337e-01	6.939321640245106337e-01	6.939321640245106337e-01	6.939321640245106337e-01	7.830315474274259779e-01	6.939321640245106337e-01	6.939321640245106337e-01	6.939321640245106337e-01	6.939321640245106337e-01	6.939321640245106337e-01	6.754548058080079853e-01	6.939321640245106337e-01	6.939321640245106337e-01	6.338810838372730405e-01	6.816338344072520039e-01	7.474832537971799473e-01	6.939321640245106337e-01	6.446495733906010273e-01	6.939321640245106337e-01	6.939321640245106337e-01	6.939321640245106337e-01	6.939321640245106337e-01	6.939321640245106337e-01	6.939321640245106337e-01	6.939321640245106337e-01	6.939321640245106337e-01	7.368644925909290100e-01	6.939321640245106337e-01	6.939321640245106337e-01	6.939321640245106337e-01	6.939321640245106337e-01	6.168376265199669861e-01	6.939321640245106337e-01	6.939321640245106337e-01	6.939321640245106337e-01	6.807257668206130319e-01	7.490791214733739656e-01	6.939321640245106337e-01	6.634314446811899746e-01	6.984692427576040252e-01	7.531575748915669832e-01	6.939321640245106337e-01	6.065664598337210389e-01	5.887434980733530221e-01	6.939321640245106337e-01	6.939321640245106337e-01	6.939321640245106337e-01	6.939321640245106337e-01	6.659242072752810104e-01	6.939321640245106337e-01	6.478637494271709540e-01	6.939321640245106337e-01	6.939321640245106337e-01	6.215108432305700426e-01	6.939321640245106337e-01	6.939321640245106337e-01	6.939321640245106337e-01	6.411853204952630003e-01	6.691247116282720286e-01	6.939321640245106337e-01	7.545178499874229949e-01	6.939321640245106337e-01	6.939321640245106337e-01	7.525049405678070347e-01	7.831067518994320187e-01	6.939321640245106337e-01	7.900577729827860107e-01	7.874330229999649822e-01	6.939321640245106337e-01	6.939321640245106337e-01	7.349550433067499888e-01	6.939321640245106337e-01	6.939321640245106337e-01
6.939321640245106337e-01	6.939321640245106337e-01	7.777268175721000487e-01	7.504874391728569849e-01	8.002910712797880466e-01	7.700094309093700184e-01	1.000000000000029976e+00	6.939321640245106337e-01	8.440413644076200095e-01	7.538623245139830509e-01	6.939321640245106337e-01	7.214428863491080257e-01	6.939321640245106337e-01	6.961572725293370123e-01	1.000000000000000021e-03	6.939321640245106337e-01	6.729808752033690222e-01	7.394434253706749782e-01	7.049388304259589511e-01	6.939321640245106337e-01	6.939321640245106337e-01	6.320216301520460433e-01	7.937411043021169732e-01	6.939321640245106337e-01	7.704026662431749939e-01	8.052508817397789898e-01	6.939321640245106337e-01	6.939321640245106337e-01	6.939321640245106337e-01	6.939321640245106337e-01	7.482468290878440120e-01	6.939321640245106337e-01	7.448597599731969776e-01	7.945873067016879787e-01	6.939321640245106337e-01	7.506605786146169912e-01	6.939321640245106337e-01	7.609445692183729459e-01	6.939321640245106337e-01	6.939321640245106337e-01	6.306563881094939816e-01	6.939321640245106337e-01	6.939321640245106337e-01	6.939321640245106337e-01	7.607533188939620272e-01	7.012473224356320367e-01	6.939321640245106337e-01	6.818205208775529602e-01	7.233421108701489910e-01	6.939321640245106337e-01	6.939321640245106337e-01	7.005965951108410472e-01	6.939321640245106337e-01	6.939321640245106337e-01	6.877076305356339958e-01	7.529279567903139903e-01	6.057400038680219589e-01	6.358485570389339481e-01	6.754047195501250433e-01	6.012615466993740387e-01	7.416930390117939531e-01	6.885065381294139808e-01	7.991921698439230504e-01	6.432827384254490299e-01	6.033502077657509899e-01	7.250653221309379948e-01	7.204358670913709739e-01	7.032369665441440265e-01	6.838509629484750274e-01	6.939321640245106337e-01	6.939321640245106337e-01	6.939321640245106337e-01	7.358422913885810379e-01	7.562483569851139453e-01	6.939321640245106337e-01	6.939321640245106337e-01	6.939321640245106337e-01	7.606556009021140374e-01	7.229642269288639733e-01	6.939321640245106337e-01	8.211727508751169857e-01	6.939321640245106337e-01	6.238651635577230348e-01	7.193252453056869777e-01	6.302925494615350122e-01	6.381384440192350294e-01	6.995801770494629590e-01	6.939321640245106337e-01	6.939321640245106337e-01	6.960273187437100439e-01	7.310302544392049962e-01	7.344212254737180201e-01	6.939321640245106337e-01	6.939321640245106337e-01	6.257884476757019643e-01	6.939321640245106337e-01	6.939321640245106337e-01	6.939321640245106337e-01	7.103770502904079853e-01	6.939321640245106337e-01	6.939321640245106337e-01	6.939321640245106337e-01	6.146162467141460528e-01	6.939321640245106337e-01	6.025762316342000435e-01	6.939321640245106337e-01	6.939321640245106337e-01	6.939321640245106337e-01	6.832211311054440239e-01	6.572391054731560045e-01	6.939321640245106337e-01	7.368504727826870049e-01	6.939321640245106337e-01	7.604635761669350513e-01	7.666307554644640199e-01	7.911829530751940398e-01	6.939321640245106337e-01	6.939321640245106337e-01	7.983066737033429616e-01	6.939321640245106337e-01	6.939321640245106337e-01	7.848072176295609603e-01	6.939321640245106337e-01	6.939321640245106337e-01
6.939321640245106337e-01	6.939321640245106337e-01	7.614694629099449941e-01	6.939321640245106337e-01	7.573204740445179661e-01	7.281915509258010122e-01	6.939321640245106337e-01	9.999999999999610312e-01	8.364333748233809818e-01	6.939321640245106337e-01	7.280586777077570071e-01	6.939321640245106337e-01	6.939321640245106337e-01	6.939321640245106337e-01	6.939321640245106337e-01	6.939321640245106337e-01	6.710550096394599651e-01	6.939321640245106337e-01	6.638371564913559952e-01	6.939321640245106337e-01	6.939321640245106337e-01	6.939321640245106337e-01	6.939321640245106337e-01	6.939321640245106337e-01	7.768407421811469593e-01	7.680043671504239722e-01	6.939321640245106337e-01	6.939321640245106337e-01	6.939321640245106337e-01	6.939321640245106337e-01	6.939321640245106337e-01	7.030110885024289935e-01	7.268540155337449571e-01	7.365795284572399515e-01	6.311304620627169459e-01	7.171679430200930128e-01	6.939321640245106337e-01	6.939321640245106337e-01	6.450402023052289602e-01	6.939321640245106337e-01	6.163469512458019661e-01	7.793352781286130293e-01	7.381879839695979495e-01	6.170874651757259910e-01	6.939321640245106337e-01	6.845169783181620504e-01	6.082250523374329587e-01	6.939321640245106337e-01	6.888336433110250345e-01	6.811047831457329726e-01	6.939321640245106337e-01	6.556748264538579951e-01	6.939321640245106337e-01	5.922517430328320120e-01	6.939321640245106337e-01	7.306394291178970324e-01	6.939321640245106337e-01	6.939321640245106337e-01	6.372788280817399675e-01	6.939321640245106337e-01	6.939321640245106337e-01	6.939321640245106337e-01	6.939321640245106337e-01	6.939321640245106337e-01	6.939321640245106337e-01	6.939321640245106337e-01	6.939321640245106337e-01	6.648212413694639666e-01	6.939321640245106337e-01	6.939321640245106337e-01	6.939321640245106337e-01	6.939321640245106337e-01	6.947563217447669803e-01	6.939321640245106337e-01	7.098063439837889455e-01	5.651234768294629562e-01	6.939321640245106337e-01	7.181925607455169613e-01	6.928259522684310223e-01	6.960216112244760334e-01	8.101232047112519874e-01	6.078461867685619469e-01	6.939321640245106337e-01	6.939321640245106337e-01	6.076845909198039797e-01	6.249490334659729696e-01	6.629051172913410506e-01	6.939321640245106337e-01	6.939321640245106337e-01	6.620524785216009844e-01	6.939321640245106337e-01	6.939321640245106337e-01	6.939321640245106337e-01	5.823949842721319881e-01	5.726791118897059940e-01	7.305645204307480434e-01	7.369895092126209635e-01	6.939321640245106337e-01	6.939321640245106337e-01	6.939321640245106337e-01	7.787966383659949976e-01	6.939321640245106337e-01	5.788515178891310287e-01	5.603331498394820143e-01	6.939321640245106337e-01	6.114073959034189709e-01	6.939321640245106337e-01	6.939321640245106337e-01	6.939321640245106337e-01	6.271448838591600072e-01	6.939321640245106337e-01	6.939321640245106337e-01	6.939321640245106337e-01	7.029549557981930041e-01	7.280204197791400045e-01	7.599031433582630335e-01	6.939321640245106337e-01	6.939321640245106337e-01	6.939321640245106337e-01	6.939321640245106337e-01	6.939321640245106337e-01	6.939321640245106337e-01	6.939321640245106337e-01	7.386738876253069463e-01
7.921684836817090014e-01	7.343467722960129729e-01	6.939321640245106337e-01	6.939321640245106337e-01	7.522234967789780402e-01	7.819072435345539862e-01	8.440413644076200095e-01	8.364333748233809818e-01	1.000000000000129896e+00	6.939321640245106337e-01	7.048803365377800390e-01	6.501090204039750020e-01	6.939321640245106337e-01	7.098210932437609699e-01	1.000000000000000021e-03	6.939321640245106337e-01	7.415554263954120540e-01	7.682730725569479890e-01	6.939321640245106337e-01	6.947504988152140015e-01	7.770797125852559883e-01	6.939321640245106337e-01	7.445086764961069692e-01	6.831730866161860316e-01	6.939321640245106337e-01	7.802275523988769779e-01	6.939321640245106337e-01	6.939321640245106337e-01	4.834026200638369963e-01	6.939321640245106337e-01	7.498205861629969604e-01	6.939321640245106337e-01	7.696761003405909740e-01	7.655365566777280195e-01	6.794303615124199780e-01	7.276882037169769557e-01	7.148993871894999685e-01	7.239221719967799951e-01	6.983551930615620185e-01	6.939321640245106337e-01	6.810654445172740212e-01	6.939321640245106337e-01	7.833577978310110046e-01	6.453394557115700314e-01	6.939321640245106337e-01	6.939321640245106337e-01	6.569590449619689965e-01	6.939321640245106337e-01	6.939321640245106337e-01	6.994328320129139520e-01	6.939321640245106337e-01	6.939321640245106337e-01	6.939321640245106337e-01	6.366199988393580478e-01	6.831063178809589909e-01	6.939321640245106337e-01	6.939321640245106337e-01	5.628993103701409595e-01	6.939321640245106337e-01	6.939321640245106337e-01	6.939321640245106337e-01	6.830971577228569513e-01	7.710946918492640467e-01	6.660701718879940003e-01	6.528532795823920321e-01	6.891934437485760512e-01	7.370416854139569818e-01	7.078167684367739909e-01	6.939321640245106337e-01	6.441340697564289508e-01	6.939321640245106337e-01	6.939321640245106337e-01	6.939321640245106337e-01	7.506623600996610302e-01	7.459132460572369672e-01	6.939321640245106337e-01	7.764668501566149850e-01	7.275260675386450160e-01	7.254512104086620061e-01	6.939321640245106337e-01	6.939321640245106337e-01	6.939321640245106337e-01	6.939321640245106337e-01	7.669085747385190333e-01	6.939321640245106337e-01	6.786223246607949733e-01	6.984694324064329995e-01	6.939321640245106337e-01	6.939321640245106337e-01	6.939321640245106337e-01	6.869663039520109704e-01	6.939321640245106337e-01	6.497058651767499970e-01	6.228954714957399830e-01	6.939321640245106337e-01	7.707573805715770554e-01	7.479120813936189771e-01	6.939321640245106337e-01	6.833514072053690214e-01	6.939321640245106337e-01	6.939321640245106337e-01	6.658924324962409713e-01	6.939321640245106337e-01	6.939321640245106337e-01	6.443906069619810273e-01	6.939321640245106337e-01	6.939321640245106337e-01	6.939321640245106337e-01	6.417209982789640055e-01	6.939321640245106337e-01	7.292336012541119628e-01	7.830259293146399902e-01	6.939321640245106337e-01	6.939321640245106337e-01	6.939321640245106337e-01	6.939321640245106337e-01	6.939321640245106337e-01	6.939321640245106337e-01	6.939321640245106337e-01	7.269675955865639860e-01	6.939321640245106337e-01	6.939321640245106337e-01	6.939321640245106337e-01	6.939321640245106337e-01
7.387459774205850094e-01	6.939321640245106337e-01	7.090302181253169689e-01	7.262104973368059824e-01	7.787956233666749606e-01	6.939321640245106337e-01	7.538623245139830509e-01	6.939321640245106337e-01	6.939321640245106337e-01	1.000000000000069944e+00	6.939321640245106337e-01	7.270166221830339781e-01	6.939321640245106337e-01	6.577367102594999793e-01	1.000000000000000021e-03	6.939321640245106337e-01	6.939321640245106337e-01	6.879773517517390191e-01	7.071409673236309645e-01	6.939321640245106337e-01	6.669252882462559651e-01	6.997076175305639856e-01	7.415759147228500048e-01	6.939321640245106337e-01	7.326180900699239551e-01	6.939321640245106337e-01	7.311335981989349753e-01	7.260325728302959858e-01	6.939321640245106337e-01	6.087873770162139930e-01	6.939321640245106337e-01	6.939321640245106337e-01	6.939321640245106337e-01	7.198969925955349680e-01	6.939321640245106337e-01	7.362097562601149781e-01	6.755196428390279895e-01	6.939321640245106337e-01	6.186590113751709863e-01	7.409775244237749581e-01	5.740301739899099642e-01	6.939321640245106337e-01	6.939321640245106337e-01	6.939321640245106337e-01	6.939321640245106337e-01	6.939321640245106337e-01	6.343573860052580393e-01	6.939321640245106337e-01	6.939321640245106337e-01	7.493601016802099446e-01	6.939321640245106337e-01	6.959351484901830087e-01	7.153827719433200061e-01	6.055728305282019885e-01	6.526674148398490249e-01	6.843867370445450016e-01	6.612011652045099996e-01	6.749784658864099729e-01	6.552619869362169558e-01	6.163013404078699908e-01	6.939321640245106337e-01	6.801647495726059756e-01	6.939321640245106337e-01	6.280579013027159929e-01	5.882388911044079682e-01	6.939321640245106337e-01	6.564343892714400441e-01	6.939321640245106337e-01	6.939321640245106337e-01	5.573356288738480213e-01	6.698427783107360201e-01	6.939321640245106337e-01	6.818279802642479570e-01	6.939321640245106337e-01	6.929619476188569882e-01	6.478095509339589775e-01	6.939321640245106337e-01	6.939321640245106337e-01	7.136672410884179474e-01	6.914615715326659640e-01	7.259369886798680005e-01	6.939321640245106337e-01	6.437844155519499845e-01	6.939321640245106337e-01	6.019823893336779808e-01	6.939321640245106337e-01	6.939321640245106337e-01	7.458790965276870244e-01	7.352949539274880042e-01	6.939321640245106337e-01	7.367891041019339893e-01	6.721595457649259808e-01	6.939321640245106337e-01	6.267779289461400394e-01	6.939321640245106337e-01	6.673536525906490491e-01	6.939321640245106337e-01	6.473151931520140234e-01	6.847417165567150077e-01	6.939321640245106337e-01	6.939321640245106337e-01	5.981289397962169518e-01	6.939321640245106337e-01	6.583721504119139922e-01	5.792100566545930196e-01	6.939321640245106337e-01	7.485563512862399849e-01	6.939321640245106337e-01	6.750690091295360462e-01	6.450529651875299697e-01	7.580627096974700274e-01	6.984051378344859895e-01	6.939321640245106337e-01	7.337169446590630084e-01	6.939321640245106337e-01	6.939321640245106337e-01	6.939321640245106337e-01	7.230203192690619618e-01	7.343712208419720389e-01	7.219754121090899979e-01	7.452023028677879912e-01	6.939321640245106337e-01	7.331383291121800205e-01	7.284072042017469828e-01
6.939321640245106337e-01	7.499100779699819919e-01	7.246107028628659963e-01	7.452757556154859797e-01	7.881627668475169601e-01	6.766704655714459449e-01	6.939321640245106337e-01	7.280586777077570071e-01	7.048803365377800390e-01	6.939321640245106337e-01	9.999999999999910072e-01	7.682858605721080147e-01	6.939321640245106337e-01	6.465669055885689964e-01	1.000000000000000021e-03	6.939321640245106337e-01	6.939321640245106337e-01	6.939321640245106337e-01	7.012390996199120430e-01	7.977395490202150441e-01	6.939321640245106337e-01	6.939321640245106337e-01	6.939321640245106337e-01	7.277431952725780251e-01	7.446108617716139522e-01	7.924189354733469637e-01	7.436707549061869482e-01	6.939321640245106337e-01	6.410053293338090485e-01	6.015826255227200159e-01	7.279217407547300400e-01	6.833000472582869689e-01	6.847523792695789924e-01	7.509409951788830195e-01	6.939321640245106337e-01	6.939321640245106337e-01	6.542759240784640218e-01	6.939321640245106337e-01	6.939321640245106337e-01	6.939321640245106337e-01	5.622765465117319783e-01	6.939321640245106337e-01	6.837927874540640216e-01	6.369379104199860420e-01	7.110375487605620215e-01	6.359853667902900520e-01	6.939321640245106337e-01	6.939321640245106337e-01	6.939321640245106337e-01	7.264601767577379965e-01	6.939321640245106337e-01	7.024200572125739450e-01	7.073409109747550438e-01	6.939321640245106337e-01	6.538163720910740162e-01	6.812770229102990127e-01	6.939321640245106337e-01	6.939321640245106337e-01	6.430643544561800429e-01	6.939321640245106337e-01	6.939321640245106337e-01	6.939321640245106337e-01	6.939321640245106337e-01	6.133152275031299450e-01	6.939321640245106337e-01	6.939321640245106337e-01	6.572151940677000148e-01	6.697261147257850267e-01	6.770975952294490119e-01	5.409198678625599666e-01	6.515387553503579898e-01	6.939321640245106337e-01	6.939321640245106337e-01	7.351992129365809703e-01	6.939321640245106337e-01	6.690541800993939914e-01	7.557315940743000171e-01	7.321434100538389833e-01	6.841183381687550025e-01	6.939321640245106337e-01	7.817087807777649555e-01	6.430960323665190215e-01	6.181247017224219542e-01	6.939321640245106337e-01	6.939321640245106337e-01	5.703418640438610021e-01	6.810402794121039882e-01	7.509477223810939739e-01	6.939321640245106337e-01	6.939321640245106337e-01	7.458268965652280480e-01	6.686135380762749936e-01	6.939321640245106337e-01	6.067173065772929474e-01	6.334382498017879781e-01	6.939321640245106337e-01	7.443219129716740490e-01	6.939321640245106337e-01	6.939321640245106337e-01	7.659885812306720387e-01	7.871220722774739942e-01	5.801133294386620065e-01	5.887229637794769710e-01	6.786376256491329917e-01	5.570264098747780279e-01	6.664468595439509979e-01	7.462185355409409748e-01	6.529278675973230195e-01	6.939321640245106337e-01	6.939321640245106337e-01	7.372410688738220141e-01	6.939321640245106337e-01	6.684253259591890206e-01	7.441622192767020083e-01	7.234619277093109480e-01	7.479839424179930418e-01	6.939321640245106337e-01	7.532911814917070403e-01	6.939321640245106337e-01	6.939321640245106337e-01	6.939321640245106337e-01	7.801859567494160430e-01	6.939321640245106337e-01	6.939321640245106337e-01
6.939321640245106337e-01	6.939321640245106337e-01	6.740802842983280030e-01	6.939321640245106337e-01	7.477196496438449635e-01	6.339365051944759744e-01	7.214428863491080257e-01	6.939321640245106337e-01	6.501090204039750020e-01	7.270166221830339781e-01	7.682858605721080147e-01	1.000000000000039968e+00	6.939321640245106337e-01	6.159396433506499902e-01	6.939321640245106337e-01	6.704343578961550199e-01	6.939321640245106337e-01	6.939321640245106337e-01	6.708573263868929937e-01	6.939321640245106337e-01	5.974242462789499664e-01	6.939321640245106337e-01	6.939321640245106337e-01	6.988797772738569725e-01	6.939321640245106337e-01	6.939321640245106337e-01	7.057956562665239630e-01	6.939321640245106337e-01	6.507082475433050295e-01	5.607807439805100325e-01	6.690490614020000448e-01	6.939321640245106337e-01	6.939321640245106337e-01	6.939321640245106337e-01	6.939321640245106337e-01	6.921531119641080032e-01	6.257792659814600533e-01	6.939321640245106337e-01	5.819913686450980395e-01	7.242619305995200429e-01	6.939321640245106337e-01	6.939321640245106337e-01	6.231447240691549982e-01	6.249262159257049642e-01	6.667767918606940514e-01	6.939321640245106337e-01	6.939321640245106337e-01	6.939321640245106337e-01	6.926321302562009619e-01	6.939321640245106337e-01	6.939321640245106337e-01	6.859328003036110344e-01	6.652592331034079542e-01	5.741670156866159891e-01	6.939321640245106337e-01	6.366310522635330038e-01	6.939321640245106337e-01	6.939321640245106337e-01	6.163826216074099751e-01	6.939321640245106337e-01	7.555412159266630123e-01	6.939321640245106337e-01	7.987210363839559735e-01	5.792209818141259570e-01	5.145014082624960183e-01	6.939321640245106337e-01	6.165953121903250400e-01	6.283079312291179885e-01	6.939321640245106337e-01	6.939321640245106337e-01	6.301174123851229769e-01	5.820030570688580207e-01	6.842010664294470024e-01	6.939321640245106337e-01	6.939321640245106337e-01	6.832528614272550538e-01	7.716681485585169531e-01	6.939321640245106337e-01	6.501192223609030263e-01	6.817916793917779827e-01	7.191385286506040142e-01	6.233940032297170530e-01	5.744798739904990459e-01	5.946527449351329819e-01	6.939321640245106337e-01	6.939321640245106337e-01	6.939321640245106337e-01	6.939321640245106337e-01	7.360462408348370511e-01	6.939321640245106337e-01	7.144627625823749550e-01	6.367979338899799613e-01	5.417598382245929489e-01	5.848247339413350510e-01	6.939321640245106337e-01	6.939321640245106337e-01	6.961537648971549697e-01	6.309149560873400508e-01	6.658853977372950483e-01	6.939321640245106337e-01	7.054434364821430270e-01	6.939321640245106337e-01	6.939321640245106337e-01	6.717829647053300546e-01	6.939321640245106337e-01	6.159678242189210451e-01	7.311750305174919973e-01	5.914923574674260109e-01	6.609424723885839459e-01	6.939321640245106337e-01	6.939321640245106337e-01	6.214047185217720370e-01	6.939321640245106337e-01	7.343051258477539811e-01	6.939321640245106337e-01	6.939321640245106337e-01	7.190578822495670153e-01	6.939321640245106337e-01	7.204807218924139667e-01	7.519237572835240080e-01	6.939321640245106337e-01	6.939321640245106337e-01	6.939321640245106337e-01	6.939321640245106337e-01
