1.000000000000000000e+00	2.772451099466674007e-01	2.292768959435630138e-01	2.772451099466674007e-01	2.283737024221449974e-01	2.772451099466674007e-01	1.862745098039219893e-01	2.772451099466674007e-01	2.894736842105259944e-01	2.772451099466674007e-01	2.772451099466674007e-01	2.772451099466674007e-01	2.977624784853700191e-01	2.772451099466674007e-01	2.772451099466674007e-01	2.318104906937389909e-01	3.072289156626509810e-01	3.674698795180719735e-01	2.772451099466674007e-01	2.677304964539010124e-01	3.366708385481850252e-01	2.772451099466674007e-01	2.866242038216559873e-01	2.772451099466674007e-01	2.768987341772150002e-01	2.988047808764939806e-01	2.772451099466674007e-01	3.256814921090390169e-01	2.563636363636360160e-01	2.772451099466674007e-01	2.456747404844289995e-01	2.772451099466674007e-01	3.053691275167790264e-01	2.435233160621760040e-01	2.308998302207130038e-01	2.772451099466674007e-01	2.772451099466674007e-01	2.772451099466674007e-01	3.746397694524499777e-01	3.312020460358059970e-01	2.772451099466674007e-01	2.772451099466674007e-01	1.773195876288659878e-01	1.980769230769230116e-01	2.772451099466674007e-01	2.772451099466674007e-01	2.244165170556549904e-01	2.516339869281050134e-01	2.772451099466674007e-01	2.772451099466674007e-01	2.772451099466674007e-01	3.101361573373679903e-01	1.028277634961440035e-01	2.772451099466674007e-01	2.336283185840709875e-01	1.801242236024840071e-01	2.984375000000000222e-01	2.772451099466674007e-01	2.772451099466674007e-01	2.140522875816990023e-01	1.024999999999999939e-01	2.155339805825239874e-01	2.950257289879930078e-01	2.772451099466674007e-01	2.772451099466674007e-01	3.151693667157580148e-01	2.772451099466674007e-01	2.772451099466674007e-01	3.505859375000000000e-01	2.772451099466674007e-01	2.772451099466674007e-01	2.772451099466674007e-01	2.772451099466674007e-01	2.772451099466674007e-01	2.772451099466674007e-01	2.772451099466674007e-01	2.500000000000000000e-01	2.503912363067289926e-01	2.772451099466674007e-01	2.772451099466674007e-01	2.772451099466674007e-01	2.772451099466674007e-01	2.772451099466674007e-01	2.772451099466674007e-01	2.772451099466674007e-01	1.197339246119730055e-01	5.020325203252029578e-01	3.259345794392520257e-01	1.359649122807020105e-01	2.772451099466674007e-01	2.286689419795220057e-01	2.369942196531789891e-01	2.772451099466674007e-01	2.772451099466674007e-01	1.385681293302540029e-01	2.772451099466674007e-01	2.772451099466674007e-01	2.772451099466674007e-01	2.772451099466674007e-01	3.079847908745250162e-01	2.772451099466674007e-01	2.234432234432230102e-01	2.243478260869569973e-01	4.547069271758439890e-01	2.639138240574510075e-01	2.298025134649910040e-01	2.772451099466674007e-01	2.750000000000000222e-01	2.772451099466674007e-01	2.772451099466674007e-01	2.165991902834009941e-01	2.772451099466674007e-01	2.772451099466674007e-01	4.839797639123100126e-01	2.545787545787550066e-01	2.772451099466674007e-01	2.772451099466674007e-01	2.343173431734320022e-01	2.772451099466674007e-01	2.862190812720850075e-01	2.404458598726109952e-01	2.364425162689799964e-01	2.772451099466674007e-01	2.089843750000000000e-01
2.772451099466674007e-01	1.000000000000000000e+00	2.772451099466674007e-01	2.772451099466674007e-01	3.315217391304349781e-01	2.772451099466674007e-01	2.584269662921350186e-01	2.772451099466674007e-01	2.772451099466674007e-01	2.772451099466674007e-01	2.772451099466674007e-01	4.507936507936510240e-01	3.778501628664500123e-01	4.550321199143469997e-01	2.772451099466674007e-01	2.772451099466674007e-01	2.772451099466674007e-01	2.999999999999999889e-01	2.850924918389550200e-01	2.772451099466674007e-01	2.772451099466674007e-01	4.795811518324609724e-01	4.059511158342190007e-01	4.227902023429179756e-01	4.063829787234040092e-01	2.772451099466674007e-01	1.451068616422949986e-01	2.772451099466674007e-01	2.772451099466674007e-01	2.772451099466674007e-01	2.772451099466674007e-01	1.050228310502279994e-01	2.772451099466674007e-01	3.453159041394340267e-01	2.772451099466674007e-01	2.772451099466674007e-01	2.682660850599780100e-01	3.430420711974109804e-01	5.414480587618050178e-01	5.877551020408160465e-01	2.772451099466674007e-01	2.772451099466674007e-01	2.772451099466674007e-01	2.844243792325060194e-01	2.772451099466674007e-01	2.772451099466674007e-01	2.772451099466674007e-01	2.772451099466674007e-01	4.538626609442060200e-01	4.838709677419349986e-01	2.772451099466674007e-01	4.536842105263160230e-01	7.885714285714290339e-02	3.989189189189190077e-01	3.304061470911089926e-01	2.772451099466674007e-01	2.772451099466674007e-01	1.864406779661020030e-01	1.973684210526319982e-01	2.772451099466674007e-01	7.657657657657659933e-02	2.524698133918770182e-01	3.626609442060089727e-01	2.772451099466674007e-01	2.772451099466674007e-01	4.852320675105489811e-01	3.867822318526539793e-01	2.772451099466674007e-01	8.535156250000000000e-01	1.649831649831650093e-01	4.358974358974360142e-01	7.994011976047900037e-01	2.772451099466674007e-01	2.772451099466674007e-01	3.879781420765029964e-01	7.212121212121209712e-01	3.700107874865160018e-01	2.772451099466674007e-01	2.772451099466674007e-01	4.282678002125400174e-01	2.772451099466674007e-01	2.772451099466674007e-01	2.772451099466674007e-01	2.772451099466674007e-01	2.772451099466674007e-01	2.772451099466674007e-01	3.750000000000000000e-01	2.772451099466674007e-01	1.619797525309339958e-01	2.772451099466674007e-01	2.772451099466674007e-01	2.772451099466674007e-01	9.458874458874459989e-01	2.772451099466674007e-01	1.313131313131309930e-01	2.772451099466674007e-01	1.577181208053690109e-01	2.772451099466674007e-01	2.516483516483519756e-01	6.114583333333329929e-01	3.347732181425490117e-01	2.772451099466674007e-01	3.192640692640689726e-01	4.191489361702129823e-01	2.772451099466674007e-01	2.772451099466674007e-01	4.642857142857140240e-01	2.772451099466674007e-01	2.772451099466674007e-01	2.772451099466674007e-01	2.772451099466674007e-01	4.336188436830840098e-01	2.772451099466674007e-01	4.746300211416489834e-01	2.772451099466674007e-01	2.772451099466674007e-01	3.888888888888890061e-01	2.800000000000000266e-01	2.772451099466674007e-01	2.772451099466674007e-01	2.772451099466674007e-01	2.772451099466674007e-01	4.184322033898310034e-01	2.772451099466674007e-01
2.292768959435630138e-01	2.772451099466674007e-01	1.000000000000000000e+00	2.772451099466674007e-01	2.459312839059669964e-01	3.130128956623680070e-01	2.091097308488610029e-01	2.772451099466674007e-01	2.772451099466674007e-01	2.676518883415440198e-01	3.135725429017159893e-01	2.670713201820940075e-01	2.465986394557820038e-01	2.772451099466674007e-01	2.772451099466674007e-01	2.557726465364120183e-01	2.990797546012269881e-01	2.716763005780349904e-01	2.239089184060719939e-01	2.772451099466674007e-01	3.286802030456850154e-01	2.802919708029200097e-01	3.094841930116469797e-01	2.772451099466674007e-01	2.596153846153850253e-01	2.772451099466674007e-01	2.772451099466674007e-01	3.144104803493449896e-01	2.772451099466674007e-01	2.772451099466674007e-01	2.772451099466674007e-01	2.772451099466674007e-01	2.772451099466674007e-01	2.617328519855600111e-01	2.772451099466674007e-01	2.772451099466674007e-01	2.127659574468090120e-01	2.772451099466674007e-01	2.772451099466674007e-01	3.010204081632649742e-01	2.772451099466674007e-01	2.772451099466674007e-01	1.853448275862069894e-01	2.285714285714290084e-01	2.772451099466674007e-01	2.569558101473000122e-01	2.448210922787190102e-01	2.772451099466674007e-01	2.772451099466674007e-01	3.283582089552239958e-01	2.864238410596030016e-01	3.080495356037150079e-01	1.208791208791210048e-01	3.091537132987909886e-01	2.772451099466674007e-01	1.960784313725489891e-01	2.836767036450080215e-01	1.371681415929200121e-01	1.880341880341880045e-01	2.733686067019400201e-01	7.692307692307689959e-02	2.772451099466674007e-01	2.590051457975989790e-01	2.772988505747129850e-01	2.772451099466674007e-01	3.093093093093089996e-01	2.399999999999999911e-01	1.682242990654209958e-01	3.300781250000000000e-01	2.772451099466674007e-01	2.772451099466674007e-01	2.772451099466674007e-01	2.772451099466674007e-01	3.069105691056909779e-01	2.772451099466674007e-01	3.394495412844040216e-01	3.225225225225230030e-01	2.588996763754050079e-01	2.772451099466674007e-01	2.772451099466674007e-01	2.772451099466674007e-01	2.772451099466674007e-01	2.772451099466674007e-01	3.153374233128830029e-01	3.087774294670849740e-01	2.772451099466674007e-01	2.867383512544799951e-01	2.772451099466674007e-01	2.772451099466674007e-01	2.772451099466674007e-01	2.135416666666669905e-01	2.345924453280320010e-01	2.772451099466674007e-01	2.772451099466674007e-01	1.859296482412060025e-01	2.772451099466674007e-01	2.772451099466674007e-01	3.136882129277570042e-01	2.772451099466674007e-01	2.772451099466674007e-01	2.773722627737230106e-01	2.837301587301589989e-01	2.671614100185529805e-01	3.081967213114750193e-01	2.578268876611419791e-01	2.772451099466674007e-01	2.772451099466674007e-01	2.179261862917399872e-01	2.772451099466674007e-01	2.772451099466674007e-01	2.314225053078559913e-01	2.772451099466674007e-01	2.772451099466674007e-01	2.772451099466674007e-01	2.720306513409960214e-01	2.854914196567859830e-01	2.861952861952860028e-01	2.461538461538460010e-01	2.772451099466674007e-01	2.772451099466674007e-01	2.847457627118640255e-01	2.772451099466674007e-01	2.705696202531649996e-01	2.860215053763440207e-01
2.772451099466674007e-01	2.772451099466674007e-01	2.772451099466674007e-01	1.000000000000000000e+00	2.772451099466674007e-01	2.772451099466674007e-01	2.772451099466674007e-01	3.541076487252119986e-01	2.772451099466674007e-01	2.772451099466674007e-01	3.968462549277270157e-01	3.968253968253970254e-01	3.140495867768600124e-01	2.772451099466674007e-01	1.542372881355930092e-01	2.979020979020979842e-01	3.906250000000000000e-01	2.805232558139529875e-01	2.772451099466674007e-01	3.184438040345820009e-01	4.574712643678159885e-01	3.881163084702909938e-01	2.772451099466674007e-01	2.772451099466674007e-01	2.772451099466674007e-01	2.772451099466674007e-01	2.772451099466674007e-01	4.318471337579620206e-01	2.772451099466674007e-01	2.772451099466674007e-01	2.772451099466674007e-01	2.772451099466674007e-01	3.378932968536250137e-01	2.772451099466674007e-01	2.772451099466674007e-01	2.772451099466674007e-01	2.772451099466674007e-01	3.117066290550070118e-01	2.772451099466674007e-01	2.772451099466674007e-01	4.245283018867920255e-01	2.772451099466674007e-01	2.122641509433960127e-01	2.772451099466674007e-01	4.820457018498370272e-01	2.772451099466674007e-01	2.772451099466674007e-01	2.772451099466674007e-01	2.772451099466674007e-01	2.772451099466674007e-01	3.578231292517010109e-01	2.772451099466674007e-01	2.772451099466674007e-01	3.788732394366199907e-01	2.772451099466674007e-01	2.772451099466674007e-01	2.772451099466674007e-01	1.538461538461539935e-01	2.216981132075470096e-01	3.413940256045520094e-01	9.948542024013720675e-02	2.515151515151520245e-01	3.337988826815639909e-01	3.805970149253730117e-01	2.772451099466674007e-01	2.772451099466674007e-01	2.772451099466674007e-01	2.772451099466674007e-01	5.458984375000000000e-01	1.970198675496689922e-01	2.772451099466674007e-01	5.230296827021490014e-01	3.338192419825070090e-01	3.170731707317069881e-01	3.394109396914449794e-01	5.081433224755700362e-01	2.772451099466674007e-01	3.591836734693880095e-01	2.772451099466674007e-01	2.772451099466674007e-01	2.772451099466674007e-01	8.928571428571429811e-03	2.066772655007949877e-01	2.772451099466674007e-01	3.858267716535430103e-01	2.772451099466674007e-01	2.772451099466674007e-01	2.772451099466674007e-01	1.732026143790849904e-01	2.772451099466674007e-01	2.707182320441989809e-01	2.604790419161679971e-01	2.772451099466674007e-01	3.662952646239550081e-01	1.492537313432840129e-01	2.772451099466674007e-01	2.203389830508470093e-01	2.772451099466674007e-01	2.772451099466674007e-01	4.226327944572749740e-01	2.772451099466674007e-01	2.916666666666670182e-01	3.101449275362320179e-01	2.772451099466674007e-01	2.772451099466674007e-01	2.772451099466674007e-01	2.772451099466674007e-01	2.819074333800840049e-01	3.423772609819120127e-01	2.772451099466674007e-01	2.437888198757759972e-01	2.772451099466674007e-01	4.062500000000000000e-01	3.846153846153850253e-01	2.772451099466674007e-01	3.642297650130549846e-01	2.772451099466674007e-01	2.630813953488370105e-01	2.772451099466674007e-01	2.772451099466674007e-01	3.711484593837540147e-01	2.145110410094639986e-01	2.772451099466674007e-01	2.772451099466674007e-01
2.283737024221449974e-01	3.315217391304349781e-01	2.459312839059669964e-01	2.772451099466674007e-01	1.000000000000000000e+00	3.266978922716630152e-01	2.085020242914980004e-01	2.772451099466674007e-01	2.665505226480839873e-01	2.323390894819470087e-01	2.742175856929959799e-01	2.772451099466674007e-01	2.772451099466674007e-01	2.772451099466674007e-01	2.772451099466674007e-01	2.772451099466674007e-01	2.835820895522390139e-01	2.060931899641580134e-01	2.772451099466674007e-01	2.295652173913040051e-01	2.772451099466674007e-01	2.772451099466674007e-01	2.841091492776889882e-01	2.772451099466674007e-01	2.772451099466674007e-01	3.055181695827730026e-01	2.772451099466674007e-01	2.772451099466674007e-01	2.306306306306309950e-01	2.772451099466674007e-01	2.759856630824369939e-01	2.772451099466674007e-01	2.772451099466674007e-01	2.772451099466674007e-01	2.772451099466674007e-01	2.772451099466674007e-01	1.895910780669139983e-01	2.600349040139620094e-01	2.772451099466674007e-01	2.772451099466674007e-01	2.772451099466674007e-01	2.831737346101230179e-01	2.239130434782609924e-01	2.974683544303799998e-01	3.264367816091949814e-01	2.637540453074430080e-01	2.716981132075469985e-01	2.772451099466674007e-01	2.772451099466674007e-01	2.772451099466674007e-01	2.660256410256410242e-01	2.772451099466674007e-01	2.772451099466674007e-01	2.772451099466674007e-01	2.436823104693139896e-01	2.772451099466674007e-01	2.779503105590059864e-01	1.607929515418499988e-01	1.780538302277429874e-01	2.585616438356159730e-01	2.772451099466674007e-01	2.384769539078160083e-01	2.429284525790350036e-01	2.772451099466674007e-01	2.772451099466674007e-01	2.772451099466674007e-01	2.409836065573769948e-01	2.772451099466674007e-01	3.427734375000000000e-01	2.772451099466674007e-01	2.772451099466674007e-01	2.772451099466674007e-01	2.772451099466674007e-01	2.772451099466674007e-01	2.533557046979870164e-01	3.374858437146089907e-01	2.772451099466674007e-01	2.456692913385830068e-01	2.772451099466674007e-01	2.788161993769470159e-01	2.772451099466674007e-01	1.133144475920679940e-02	2.030567685589519944e-01	2.772451099466674007e-01	3.006134969325149897e-01	1.347031963470320115e-01	2.772451099466674007e-01	2.772451099466674007e-01	2.772451099466674007e-01	2.772451099466674007e-01	2.318339100346019921e-01	2.772451099466674007e-01	3.364779874213840172e-01	2.772451099466674007e-01	1.575178997613370102e-01	2.895522388059699748e-01	2.427184466019420006e-01	2.416225749559079983e-01	2.772451099466674007e-01	2.772451099466674007e-01	2.508771929824559765e-01	2.772451099466674007e-01	2.723948811700179773e-01	2.772451099466674007e-01	2.473118279569889999e-01	2.772451099466674007e-01	2.496413199426109897e-01	2.772451099466674007e-01	2.772451099466674007e-01	2.699186991869920171e-01	2.772451099466674007e-01	2.870662460567819929e-01	3.025568181818180102e-01	2.729927007299269848e-01	2.046263345195729888e-01	2.857142857142859760e-01	2.552504038772209771e-01	2.772451099466674007e-01	2.306425041186160041e-01	2.772451099466674007e-01	2.772451099466674007e-01	2.772451099466674007e-01	2.612055641421949792e-01	2.269076305220880108e-01
2.772451099466674007e-01	2.772451099466674007e-01	3.130128956623680070e-01	2.772451099466674007e-01	3.266978922716630152e-01	1.000000000000000000e+00	2.772451099466674007e-01	3.536165327210100129e-01	3.465116279069769822e-01	3.709131905298759802e-01	2.772451099466674007e-01	2.772451099466674007e-01	2.772451099466674007e-01	4.124860646599780023e-01	2.772451099466674007e-01	3.414918414918409750e-01	2.772451099466674007e-01	2.942555685814770006e-01	2.772451099466674007e-01	2.772451099466674007e-01	5.645330535152149887e-01	2.772451099466674007e-01	3.956916099773239992e-01	2.772451099466674007e-01	4.089347079037800037e-01	5.178764897074760176e-01	2.772451099466674007e-01	2.772451099466674007e-01	2.772451099466674007e-01	4.404086265607259909e-01	2.772451099466674007e-01	1.159235668789810048e-01	3.772935779816509738e-01	2.772451099466674007e-01	3.585798816568049885e-01	3.186558516801850094e-01	2.482517482517480056e-01	2.772451099466674007e-01	2.772451099466674007e-01	2.772451099466674007e-01	5.639344262295079568e-01	5.279017857142860315e-01	2.107186358099880086e-01	2.725060827250609941e-01	6.323377960865089742e-01	2.772451099466674007e-01	2.984723854289070277e-01	2.772451099466674007e-01	4.159192825112110192e-01	2.772451099466674007e-01	2.772451099466674007e-01	4.532130777903040086e-01	7.984790874524720639e-02	2.772451099466674007e-01	3.008130081300809944e-01	2.199017199017199997e-01	2.772451099466674007e-01	2.772451099466674007e-01	2.772451099466674007e-01	3.417721518987340001e-01	2.772451099466674007e-01	2.623345367027680175e-01	3.401592718998859843e-01	5.481997677119629930e-01	2.772451099466674007e-01	2.772451099466674007e-01	2.772451099466674007e-01	2.772451099466674007e-01	2.772451099466674007e-01	1.693448702101360004e-01	4.507531865585169828e-01	2.772451099466674007e-01	3.095512082853860147e-01	2.955899880810490266e-01	2.772451099466674007e-01	2.772451099466674007e-01	3.571428571428569843e-01	2.772451099466674007e-01	2.772451099466674007e-01	4.457274826789839883e-01	2.772451099466674007e-01	2.772451099466674007e-01	2.078720787207870013e-01	2.772451099466674007e-01	2.772451099466674007e-01	2.772451099466674007e-01	3.371691599539700102e-01	2.772451099466674007e-01	1.531862745098039880e-01	4.525386313465780130e-01	3.137931034482759896e-01	2.648456057007130271e-01	7.267206477732790493e-01	2.772451099466674007e-01	2.772451099466674007e-01	4.485458612975389836e-01	2.772451099466674007e-01	2.772451099466674007e-01	2.772451099466674007e-01	2.772451099466674007e-01	3.286875725900120226e-01	2.772451099466674007e-01	3.227699530516430215e-01	3.955056179775279790e-01	2.772451099466674007e-01	2.772451099466674007e-01	2.772451099466674007e-01	2.772451099466674007e-01	4.163860830527499890e-01	2.772451099466674007e-01	2.772451099466674007e-01	4.267734553775739959e-01	2.772451099466674007e-01	4.240437158469950174e-01	2.772451099466674007e-01	2.772451099466674007e-01	3.821510297482840213e-01	2.772451099466674007e-01	2.772451099466674007e-01	3.337195828505210016e-01	3.831990794016110202e-01	2.772451099466674007e-01	3.809523809523809867e-01	2.772451099466674007e-01
1.862745098039219893e-01	2.584269662921350186e-01	2.091097308488610029e-01	2.772451099466674007e-01	2.085020242914980004e-01	2.772451099466674007e-01	1.000000000000000000e+00	2.018691588785050117e-01	1.938579654510559913e-01	2.772451099466674007e-01	2.175324675324679935e-01	2.772451099466674007e-01	1.958955223880599894e-01	1.944444444444440034e-01	1.393188854489159911e-01	2.772451099466674007e-01	2.772451099466674007e-01	2.772451099466674007e-01	1.841541755888649878e-01	2.772451099466674007e-01	2.275064267352190084e-01	2.170542635658909980e-01	2.772451099466674007e-01	2.334494773519160127e-01	2.326820603907640006e-01	2.772451099466674007e-01	1.239193083573490034e-01	2.772451099466674007e-01	1.942148760330580093e-01	1.938110749185670001e-01	2.772451099466674007e-01	2.772451099466674007e-01	2.003610108303250092e-01	2.772451099466674007e-01	2.772451099466674007e-01	1.920792079207920000e-01	1.888888888888889950e-01	1.934235976789170086e-01	2.241630276564769986e-01	2.083333333333330095e-01	2.772451099466674007e-01	2.772451099466674007e-01	1.896103896103900066e-01	3.043478260869569851e-01	2.562874251497009870e-01	2.772451099466674007e-01	1.978947368421050124e-01	2.772451099466674007e-01	2.772451099466674007e-01	2.772451099466674007e-01	2.772451099466674007e-01	2.772451099466674007e-01	1.087719298245610061e-01	2.772451099466674007e-01	2.772451099466674007e-01	2.284946236559139976e-01	2.046979865771809959e-01	2.772451099466674007e-01	1.234866828087169965e-01	2.045889101338430049e-01	6.493506493506490118e-02	1.712328767123290074e-01	1.977611940298510118e-01	2.772451099466674007e-01	2.313883299798789872e-01	2.074303405572759940e-01	2.772451099466674007e-01	1.333333333333329984e-01	2.772451099466674007e-01	2.772451099466674007e-01	2.772451099466674007e-01	2.772451099466674007e-01	2.772451099466674007e-01	2.772451099466674007e-01	2.772451099466674007e-01	2.772451099466674007e-01	2.772451099466674007e-01	2.035087719298249997e-01	1.738148984198649993e-01	2.772451099466674007e-01	2.627824019024970204e-01	8.000000000000000167e-03	2.772451099466674007e-01	2.877792378449410271e-01	2.220394736842110084e-01	2.772451099466674007e-01	1.923809523809519861e-01	2.357920193470370018e-01	2.772451099466674007e-01	2.772451099466674007e-01	2.772451099466674007e-01	1.499999999999999944e-01	2.772451099466674007e-01	2.101449275362320124e-01	1.275964391691389865e-01	2.772451099466674007e-01	2.772451099466674007e-01	1.768172888015719924e-01	1.883720930232559987e-01	3.035460992907800248e-01	1.875000000000000000e-01	1.858974358974359864e-01	2.772451099466674007e-01	2.130584192439859970e-01	1.819999999999999951e-01	1.991614255765200014e-01	2.772451099466674007e-01	2.772451099466674007e-01	2.140468227424749958e-01	2.136445242369839903e-01	1.619047619047619957e-01	1.889632107023410112e-01	2.772451099466674007e-01	2.772451099466674007e-01	2.772451099466674007e-01	2.406779661016950067e-01	1.914893617021279915e-01	2.772451099466674007e-01	2.772451099466674007e-01	2.772451099466674007e-01	2.087114337568060085e-01	1.598984771573599972e-01	2.772451099466674007e-01	1.712962962962960023e-01
2.772451099466674007e-01	2.772451099466674007e-01	2.772451099466674007e-01	3.541076487252119986e-01	2.772451099466674007e-01	3.536165327210100129e-01	2.018691588785050117e-01	1.000000000000000000e+00	2.672131147540979801e-01	3.468395461912480160e-01	3.589743589743589758e-01	2.772451099466674007e-01	2.772451099466674007e-01	2.772451099466674007e-01	1.533333333333329884e-01	2.557377049180329931e-01	2.772451099466674007e-01	2.504347826086960049e-01	2.438162544169610035e-01	2.676767676767680126e-01	3.894472361809049876e-01	2.772451099466674007e-01	2.772451099466674007e-01	3.094512195121950082e-01	2.772451099466674007e-01	3.439153439153440073e-01	2.772451099466674007e-01	3.723252496433669956e-01	2.772451099466674007e-01	2.772451099466674007e-01	2.772451099466674007e-01	8.388520971302429463e-02	2.534562211981569724e-01	2.772451099466674007e-01	2.772451099466674007e-01	2.982758620689660023e-01	2.772451099466674007e-01	2.772451099466674007e-01	3.052631578947370139e-01	3.521303258145360160e-01	2.772451099466674007e-01	3.279352226720649854e-01	1.802325581395350096e-01	1.888489208633090111e-01	3.777267508610789859e-01	2.742681047765789804e-01	2.743362831858410233e-01	2.772451099466674007e-01	2.772451099466674007e-01	3.635057471264370177e-01	2.772451099466674007e-01	3.313696612665680274e-01	9.112149532710279998e-02	2.772451099466674007e-01	2.772451099466674007e-01	2.772451099466674007e-01	2.772451099466674007e-01	1.346534653465349951e-01	1.964980544747080005e-01	2.803278688524589723e-01	7.882882882882880082e-02	2.094717668488159934e-01	2.772451099466674007e-01	2.772451099466674007e-01	2.772451099466674007e-01	2.772451099466674007e-01	2.449612403100779878e-01	1.893617021276599865e-01	3.876953125000000000e-01	2.116630669546440136e-01	2.998500749625189754e-01	3.670103092783499887e-01	2.529118136439270081e-01	2.402826855123670058e-01	2.772451099466674007e-01	3.817567567567570208e-01	3.085808580858089845e-01	2.772451099466674007e-01	2.772451099466674007e-01	2.772451099466674007e-01	3.629213483146069841e-01	4.987531172069829648e-03	1.637426900584799949e-01	2.772451099466674007e-01	3.323397913561850214e-01	1.336116910229639965e-01	2.675367047308320201e-01	3.639534883720930147e-01	2.772451099466674007e-01	2.772451099466674007e-01	2.772451099466674007e-01	2.363636363636359983e-01	3.674948240165630264e-01	3.083067092651760044e-01	1.644736842105259944e-01	2.772451099466674007e-01	2.104121475054230028e-01	2.690355329949239982e-01	2.420262664165100108e-01	2.772451099466674007e-01	2.545454545454550188e-01	2.772451099466674007e-01	2.284768211920530090e-01	2.772451099466674007e-01	2.772451099466674007e-01	2.595818815331010221e-01	2.772451099466674007e-01	2.491694352159470049e-01	2.772451099466674007e-01	2.772451099466674007e-01	2.772451099466674007e-01	2.772451099466674007e-01	3.246217331499309799e-01	3.440702781844799940e-01	2.772451099466674007e-01	2.772451099466674007e-01	2.772451099466674007e-01	2.772451099466674007e-01	2.772451099466674007e-01	2.766666666666670049e-01	2.772451099466674007e-01	2.208835341365459892e-01	2.772451099466674007e-01	2.419659735349720120e-01
2.894736842105259944e-01	2.772451099466674007e-01	2.772451099466674007e-01	2.772451099466674007e-01	2.665505226480839873e-01	3.465116279069769822e-01	1.938579654510559913e-01	2.672131147540979801e-01	1.000000000000000000e+00	2.772451099466674007e-01	2.941176470588239833e-01	3.049327354260090162e-01	2.772451099466674007e-01	2.908545727136430115e-01	2.772451099466674007e-01	2.735042735042739759e-01	2.772451099466674007e-01	2.772451099466674007e-01	2.772451099466674007e-01	2.598967297762480033e-01	2.772451099466674007e-01	2.772451099466674007e-01	2.772451099466674007e-01	2.772451099466674007e-01	2.772451099466674007e-01	3.284379172229640043e-01	1.659192825112109915e-01	3.197755960729309899e-01	2.421052631578949899e-01	3.135464231354639919e-01	2.772451099466674007e-01	9.557109557109559617e-02	2.864077669902910239e-01	2.772451099466674007e-01	2.926829268292679975e-01	3.094812164579610059e-01	2.772451099466674007e-01	2.901554404145080257e-01	2.772451099466674007e-01	2.772451099466674007e-01	2.772451099466674007e-01	2.772451099466674007e-01	1.951219512195120076e-01	2.772451099466674007e-01	3.567318757192169953e-01	2.772451099466674007e-01	2.825688073394500011e-01	2.772451099466674007e-01	2.867867867867869847e-01	3.468795355587809826e-01	2.977707006369429976e-01	3.139880952380950108e-01	9.852216748768470589e-02	3.049180327868850071e-01	2.772808586762069982e-01	2.772451099466674007e-01	2.986217457886680138e-01	2.772451099466674007e-01	1.739130434782610035e-01	2.666666666666669960e-01	2.772451099466674007e-01	2.247619047619049959e-01	2.772451099466674007e-01	2.910863509749300193e-01	2.428810720268010093e-01	2.772451099466674007e-01	2.772451099466674007e-01	2.772451099466674007e-01	3.671875000000000000e-01	2.080536912751680123e-01	2.857142857142859760e-01	3.565488565488569850e-01	2.772451099466674007e-01	2.772451099466674007e-01	2.253968253968250124e-01	3.611738148984199870e-01	2.866666666666670138e-01	2.730109204368170173e-01	2.772451099466674007e-01	2.772451099466674007e-01	2.772451099466674007e-01	2.772451099466674007e-01	2.772451099466674007e-01	3.487241798298910123e-01	3.267477203647419781e-01	1.472527472527470072e-01	3.170731707317069881e-01	3.426573426573429892e-01	2.772451099466674007e-01	3.304093567251459862e-01	2.772451099466674007e-01	2.772451099466674007e-01	3.499480789200419828e-01	2.772451099466674007e-01	2.772451099466674007e-01	2.772451099466674007e-01	2.772451099466674007e-01	2.772451099466674007e-01	2.718253968253970254e-01	2.772451099466674007e-01	2.772451099466674007e-01	2.772451099466674007e-01	2.517361111111109939e-01	2.772451099466674007e-01	2.772451099466674007e-01	2.880733944954130266e-01	2.772451099466674007e-01	2.453151618398639877e-01	2.772451099466674007e-01	2.937399678972710260e-01	2.772451099466674007e-01	2.772451099466674007e-01	2.772451099466674007e-01	2.772451099466674007e-01	2.833638025594150123e-01	2.772451099466674007e-01	2.610062893081759872e-01	2.495446265938069952e-01	2.772451099466674007e-01	2.772451099466674007e-01	2.772451099466674007e-01	1.882591093117410019e-01	2.772451099466674007e-01	2.772451099466674007e-01
2.772451099466674007e-01	2.772451099466674007e-01	2.676518883415440198e-01	2.772451099466674007e-01	2.323390894819470087e-01	3.709131905298759802e-01	2.772451099466674007e-01	3.468395461912480160e-01	2.772451099466674007e-01	1.000000000000000000e+00	3.574529667149060064e-01	3.731563421828910099e-01	2.772451099466674007e-01	2.772451099466674007e-01	2.772451099466674007e-01	2.772451099466674007e-01	2.772451099466674007e-01	2.772451099466674007e-01	2.753872633390709868e-01	3.166666666666669849e-01	2.772451099466674007e-01	2.772451099466674007e-01	3.358547655068079840e-01	2.772451099466674007e-01	3.590138674884439940e-01	3.431122448979589956e-01	2.772451099466674007e-01	2.772451099466674007e-01	2.703150912106139780e-01	3.157142857142860026e-01	3.032786885245900010e-01	8.196721311475410610e-02	2.772451099466674007e-01	2.772451099466674007e-01	2.924071082390949927e-01	2.772451099466674007e-01	2.772451099466674007e-01	2.777777777777780122e-01	3.629139072847680225e-01	3.811881188118810271e-01	2.772451099466674007e-01	2.772451099466674007e-01	2.029795158286779866e-01	2.245614035087719895e-01	2.772451099466674007e-01	3.231240428790200236e-01	2.772451099466674007e-01	3.181818181818180102e-01	3.052781740370900110e-01	2.772451099466674007e-01	3.127819548872179944e-01	2.772451099466674007e-01	9.327548806941429738e-02	2.772451099466674007e-01	2.772451099466674007e-01	2.772451099466674007e-01	3.226277372262770227e-01	1.296296296296300110e-01	2.772451099466674007e-01	2.623456790123460114e-01	8.631578947368420685e-02	2.149046793760830132e-01	3.195548489666140135e-01	2.772451099466674007e-01	2.772451099466674007e-01	3.789173789173789775e-01	2.772451099466674007e-01	2.772451099466674007e-01	2.772451099466674007e-01	2.772451099466674007e-01	2.772451099466674007e-01	2.772451099466674007e-01	2.772451099466674007e-01	2.772451099466674007e-01	2.351190476190480050e-01	2.772451099466674007e-01	2.772451099466674007e-01	3.262518968133539810e-01	2.399299474605950111e-01	2.988505747126439793e-01	4.013452914798210092e-01	9.174311926605510301e-03	2.772451099466674007e-01	3.613053613053610058e-01	3.551673944687039897e-01	2.772451099466674007e-01	3.214285714285710083e-01	3.860252004581899987e-01	1.955645161290320011e-01	2.772451099466674007e-01	2.772451099466674007e-01	2.152542372881360022e-01	2.772451099466674007e-01	2.772451099466674007e-01	2.772451099466674007e-01	2.772451099466674007e-01	1.782178217821779875e-01	2.772451099466674007e-01	2.772451099466674007e-01	2.772451099466674007e-01	2.476489028213169907e-01	3.197158081705149812e-01	2.772451099466674007e-01	2.772451099466674007e-01	3.270868824531519836e-01	2.520593080724879975e-01	2.772451099466674007e-01	2.787682333873580109e-01	3.265602322206099806e-01	2.772451099466674007e-01	2.772451099466674007e-01	2.772451099466674007e-01	3.568521031207599892e-01	2.772451099466674007e-01	2.666666666666669960e-01	2.772451099466674007e-01	2.772451099466674007e-01	2.236842105263160130e-01	2.808641975308640015e-01	2.772451099466674007e-01	3.158705701078580175e-01	2.500000000000000000e-01	2.772451099466674007e-01	2.370766488413549866e-01
2.772451099466674007e-01	2.772451099466674007e-01	3.135725429017159893e-01	3.968462549277270157e-01	2.742175856929959799e-01	2.772451099466674007e-01	2.175324675324679935e-01	3.589743589743589758e-01	2.941176470588239833e-01	3.574529667149060064e-01	1.000000000000000000e+00	3.637602179836509908e-01	2.772451099466674007e-01	2.772451099466674007e-01	2.772451099466674007e-01	2.772451099466674007e-01	3.953168044077129961e-01	3.301127214170689883e-01	3.449419568822549853e-01	2.772451099466674007e-01	4.389086595492289744e-01	2.772451099466674007e-01	3.791606367583210124e-01	2.772451099466674007e-01	2.772451099466674007e-01	4.125786163522009997e-01	1.955719557195569891e-01	2.772451099466674007e-01	2.685887708649469796e-01	2.772451099466674007e-01	2.772451099466674007e-01	2.772451099466674007e-01	3.166904422253919993e-01	2.872023809523809867e-01	2.850812407680949900e-01	2.772451099466674007e-01	2.772451099466674007e-01	2.811127379209369948e-01	3.964421855146120222e-01	2.772451099466674007e-01	2.772451099466674007e-01	3.637500000000000178e-01	2.772451099466674007e-01	2.387096774193550042e-01	4.554565701559020185e-01	2.772451099466674007e-01	2.772451099466674007e-01	3.222060957910010126e-01	4.011379800853490107e-01	4.308943089430889994e-01	3.263009845288329935e-01	3.717774762550880019e-01	2.772451099466674007e-01	2.772451099466674007e-01	3.156249999999999889e-01	2.016806722689080122e-01	2.772451099466674007e-01	2.772451099466674007e-01	1.953642384105959973e-01	2.772451099466674007e-01	2.772451099466674007e-01	2.772451099466674007e-01	2.772451099466674007e-01	2.772451099466674007e-01	2.946428571428569843e-01	3.766578249336869910e-01	2.772451099466674007e-01	2.772451099466674007e-01	2.772451099466674007e-01	1.949910554561720133e-01	3.490304709141269779e-01	2.772451099466674007e-01	3.395638629283490029e-01	2.700156985871269844e-01	2.772451099466674007e-01	4.905027932960889792e-01	2.772451099466674007e-01	3.352192362093350253e-01	2.329635499207609872e-01	3.546592489568849982e-01	2.772451099466674007e-01	5.917159763313610196e-03	1.617161716171620078e-01	4.246260069044879848e-01	3.787878787878790066e-01	1.403508771929820043e-01	2.772451099466674007e-01	2.772451099466674007e-01	1.797153024911030128e-01	5.355029585798819491e-01	2.772451099466674007e-01	2.772451099466674007e-01	2.772451099466674007e-01	2.772451099466674007e-01	2.772451099466674007e-01	2.772451099466674007e-01	1.917562724014340025e-01	2.772451099466674007e-01	2.772451099466674007e-01	2.772451099466674007e-01	3.680884676145340095e-01	3.595317725752509852e-01	2.540620384047270197e-01	3.388888888888890172e-01	3.433544303797469999e-01	2.772451099466674007e-01	2.772451099466674007e-01	2.936746987951809884e-01	3.190348525469169916e-01	3.654970760233919869e-01	2.371475953565509998e-01	3.365517241379309965e-01	2.772451099466674007e-01	2.772451099466674007e-01	2.772451099466674007e-01	2.772451099466674007e-01	3.818722139673110250e-01	2.772451099466674007e-01	2.772451099466674007e-01	3.227272727272729735e-01	3.294964028776979914e-01	2.057335581787519962e-01	3.803418803418799898e-01	2.949152542372879826e-01
2.772451099466674007e-01	4.507936507936510240e-01	2.670713201820940075e-01	3.968253968253970254e-01	2.772451099466674007e-01	2.772451099466674007e-01	2.772451099466674007e-01	2.772451099466674007e-01	3.049327354260090162e-01	3.731563421828910099e-01	3.637602179836509908e-01	1.000000000000000000e+00	2.772451099466674007e-01	4.028571428571430246e-01	1.275045537340619983e-01	2.772451099466674007e-01	3.594594594594590076e-01	2.772451099466674007e-01	2.863999999999999879e-01	3.183925811437400277e-01	2.772451099466674007e-01	2.772451099466674007e-01	4.098360655737710023e-01	3.938953488372090028e-01	3.385269121813029858e-01	2.772451099466674007e-01	2.772451099466674007e-01	2.772451099466674007e-01	2.772451099466674007e-01	2.772451099466674007e-01	3.079268292682930119e-01	2.772451099466674007e-01	3.256150506512299758e-01	2.772451099466674007e-01	2.772451099466674007e-01	2.772451099466674007e-01	2.772451099466674007e-01	2.878338278931750205e-01	4.368421052631579760e-01	4.221954161640529835e-01	3.992673992673990147e-01	3.601003764115430217e-01	2.772451099466674007e-01	2.772451099466674007e-01	2.772451099466674007e-01	3.318965517241380114e-01	2.913385826771650033e-01	2.772451099466674007e-01	3.434065934065930192e-01	2.772451099466674007e-01	2.772451099466674007e-01	3.886583679114800072e-01	2.772451099466674007e-01	2.772451099466674007e-01	2.537537537537539745e-01	2.772451099466674007e-01	3.647887323943659887e-01	2.772451099466674007e-01	2.772451099466674007e-01	2.772451099466674007e-01	2.772451099466674007e-01	2.772451099466674007e-01	2.772451099466674007e-01	2.772451099466674007e-01	2.772451099466674007e-01	2.772451099466674007e-01	3.049132947976879726e-01	2.772451099466674007e-01	4.853515625000000000e-01	1.952983725135619963e-01	2.772451099466674007e-01	2.772451099466674007e-01	2.772451099466674007e-01	2.772451099466674007e-01	2.684659090909090051e-01	2.772451099466674007e-01	2.772451099466674007e-01	3.599419448476049999e-01	2.336000000000000021e-01	2.772451099466674007e-01	2.772451099466674007e-01	2.772451099466674007e-01	2.772451099466674007e-01	2.772451099466674007e-01	3.710344827586209981e-01	1.320422535211270010e-01	3.724569640062599940e-01	4.615384615384620082e-01	2.772451099466674007e-01	3.477124183006540248e-01	2.772451099466674007e-01	2.772451099466674007e-01	4.544524053224159865e-01	3.035460992907800248e-01	1.599264705882350035e-01	2.772451099466674007e-01	1.771019677996419905e-01	2.772451099466674007e-01	2.772451099466674007e-01	2.772451099466674007e-01	3.215384615384619948e-01	2.772451099466674007e-01	2.854961832061069793e-01	2.772451099466674007e-01	2.815829528158300121e-01	2.759689922480619839e-01	3.912448700410400271e-01	3.007633587786259777e-01	2.772451099466674007e-01	3.592375366568920092e-01	2.772451099466674007e-01	3.160054719562240266e-01	2.772451099466674007e-01	2.772451099466674007e-01	2.661538461538460187e-01	2.772451099466674007e-01	3.261494252873560207e-01	2.772451099466674007e-01	2.772451099466674007e-01	2.772451099466674007e-01	3.328488372093019732e-01	2.442882249560630048e-01	3.762517882689560000e-01	2.772451099466674007e-01
