9.999999999999990008e-01	2.000507499938058986e-01	2.000507499938058986e-01	2.000507499938058986e-01	2.000507499938058986e-01	2.000507499938058986e-01	2.000507499938058986e-01	2.000507499938058986e-01	2.000507499938058986e-01	2.000507499938058986e-01	2.000507499938058986e-01	6.981417201675880202e-01	2.000507499938058986e-01	6.271140377251810394e-01	7.000711977285389853e-01	7.071865145681509590e-01	2.000507499938058986e-01	2.000507499938058986e-01	2.000507499938058986e-01	2.000507499938058986e-01	2.000507499938058986e-01	2.000507499938058986e-01	7.185009816164320551e-01	2.000507499938058986e-01	2.000507499938058986e-01	2.000507499938058986e-01	2.000507499938058986e-01	7.189394870151889494e-01	2.000507499938058986e-01	7.033776262916050515e-01	2.000507499938058986e-01	2.000507499938058986e-01	2.000507499938058986e-01	2.000507499938058986e-01	2.000507499938058986e-01	2.000507499938058986e-01	7.106909690651550537e-01	2.000507499938058986e-01	2.000507499938058986e-01	2.000507499938058986e-01	2.000507499938058986e-01	2.000507499938058986e-01	2.000507499938058986e-01	6.772871160454909667e-01	6.418417296617859868e-01	2.000507499938058986e-01	6.725669483272780358e-01	6.797796522430370469e-01	7.072476572699349928e-01	2.000507499938058986e-01	2.000507499938058986e-01	2.000507499938058986e-01	6.390149994844630532e-01	2.000507499938058986e-01	2.000507499938058986e-01	2.000507499938058986e-01	2.000507499938058986e-01	2.000507499938058986e-01	6.601910401475570289e-01	2.000507499938058986e-01	2.000507499938058986e-01	2.000507499938058986e-01	2.000507499938058986e-01	2.000507499938058986e-01	6.380959005013560059e-01	2.000507499938058986e-01	2.000507499938058986e-01	2.000507499938058986e-01	2.000507499938058986e-01	2.000507499938058986e-01	2.000507499938058986e-01	2.000507499938058986e-01	2.000507499938058986e-01	2.000507499938058986e-01	2.000507499938058986e-01	2.000507499938058986e-01	7.578932242642140160e-01	6.230541446090599456e-01	6.588748208655490490e-01	2.000507499938058986e-01	2.000507499938058986e-01	2.000507499938058986e-01	2.000507499938058986e-01	2.000507499938058986e-01	6.858735039836889591e-01	2.000507499938058986e-01	2.000507499938058986e-01	2.000507499938058986e-01	2.000507499938058986e-01	2.000507499938058986e-01	7.042078430866259842e-01	6.273639840452760463e-01	2.000507499938058986e-01	2.000507499938058986e-01	2.000507499938058986e-01	2.000507499938058986e-01	2.000507499938058986e-01	2.000507499938058986e-01	2.000507499938058986e-01	2.000507499938058986e-01	6.257169764169759896e-01	2.000507499938058986e-01	2.000507499938058986e-01	6.295389098902830494e-01	2.000507499938058986e-01	2.000507499938058986e-01	2.000507499938058986e-01	2.000507499938058986e-01	2.000507499938058986e-01	6.545963596858059841e-01	7.109968958296779551e-01	7.236798302870569577e-01	2.000507499938058986e-01	2.000507499938058986e-01	2.000507499938058986e-01	2.000507499938058986e-01	2.000507499938058986e-01	2.000507499938058986e-01	2.000507499938058986e-01	2.000507499938058986e-01	2.000507499938058986e-01	2.000507499938058986e-01	2.000507499938058986e-01	2.000507499938058986e-01
2.000507499938058986e-01	1.000000000000000000e+00	7.970377696582710003e-01	2.000507499938058986e-01	2.000507499938058986e-01	2.000507499938058986e-01	2.000507499938058986e-01	2.000507499938058986e-01	2.000507499938058986e-01	2.000507499938058986e-01	7.045032452873249973e-01	2.000507499938058986e-01	6.768075255667740375e-01	6.384363047914219935e-01	6.782053705624320195e-01	2.000507499938058986e-01	2.000507499938058986e-01	2.000507499938058986e-01	2.000507499938058986e-01	6.942944130068019470e-01	6.471863671776130200e-01	2.000507499938058986e-01	2.000507499938058986e-01	6.942700323021480102e-01	2.000507499938058986e-01	7.016140441816369755e-01	2.000507499938058986e-01	2.000507499938058986e-01	2.000507499938058986e-01	2.000507499938058986e-01	6.730363785619110084e-01	2.000507499938058986e-01	2.000507499938058986e-01	2.000507499938058986e-01	6.753584283102570529e-01	2.000507499938058986e-01	6.883582521038169588e-01	2.000507499938058986e-01	2.000507499938058986e-01	2.000507499938058986e-01	2.000507499938058986e-01	2.000507499938058986e-01	6.757346626593619954e-01	2.000507499938058986e-01	2.000507499938058986e-01	6.587506095209669787e-01	2.000507499938058986e-01	2.000507499938058986e-01	2.000507499938058986e-01	2.000507499938058986e-01	2.000507499938058986e-01	2.000507499938058986e-01	6.405210288720070144e-01	2.000507499938058986e-01	6.707725051330409860e-01	2.000507499938058986e-01	6.797327744763039803e-01	2.000507499938058986e-01	2.000507499938058986e-01	6.533289342248660425e-01	2.000507499938058986e-01	2.000507499938058986e-01	7.009452668320339530e-01	2.000507499938058986e-01	6.219792659692759962e-01	2.000507499938058986e-01	6.559262474115860053e-01	6.615390920534619523e-01	2.000507499938058986e-01	2.000507499938058986e-01	2.000507499938058986e-01	6.922222608069410477e-01	2.000507499938058986e-01	2.000507499938058986e-01	2.000507499938058986e-01	6.549095014148610394e-01	2.000507499938058986e-01	2.000507499938058986e-01	6.531387786620680425e-01	2.000507499938058986e-01	6.843563699587229543e-01	6.671536979669669964e-01	2.000507499938058986e-01	2.000507499938058986e-01	2.000507499938058986e-01	2.000507499938058986e-01	2.000507499938058986e-01	2.000507499938058986e-01	2.000507499938058986e-01	6.528434357038559455e-01	2.000507499938058986e-01	6.347978677780869994e-01	2.000507499938058986e-01	2.000507499938058986e-01	6.090028101556069773e-01	2.000507499938058986e-01	2.000507499938058986e-01	6.416878460222940062e-01	6.405191224369399805e-01	6.756034023124040111e-01	6.474366927288930373e-01	2.000507499938058986e-01	2.000507499938058986e-01	2.000507499938058986e-01	2.000507499938058986e-01	2.000507499938058986e-01	6.496124115728979520e-01	2.000507499938058986e-01	2.000507499938058986e-01	2.000507499938058986e-01	2.000507499938058986e-01	7.043901638564660228e-01	6.815486530151120270e-01	6.862828400119019845e-01	2.000507499938058986e-01	2.000507499938058986e-01	2.000507499938058986e-01	8.022500284254060476e-01	7.787029806065890458e-01	6.961619443764930359e-01	2.000507499938058986e-01	7.156130769185079510e-01	2.000507499938058986e-01	7.154611589023780471e-01
2.000507499938058986e-01	7.970377696582710003e-01	1.000000000000000000e+00	2.000507499938058986e-01	2.000507499938058986e-01	2.000507499938058986e-01	2.000507499938058986e-01	2.000507499938058986e-01	2.000507499938058986e-01	2.000507499938058986e-01	2.000507499938058986e-01	6.797318614824020555e-01	6.877195834211069503e-01	2.000507499938058986e-01	6.689479038981770431e-01	2.000507499938058986e-01	2.000507499938058986e-01	6.228301659373649546e-01	2.000507499938058986e-01	6.670462387706159735e-01	2.000507499938058986e-01	2.000507499938058986e-01	2.000507499938058986e-01	6.952859291580140155e-01	2.000507499938058986e-01	2.000507499938058986e-01	2.000507499938058986e-01	2.000507499938058986e-01	2.000507499938058986e-01	2.000507499938058986e-01	6.729775509310900183e-01	2.000507499938058986e-01	6.590625387464059681e-01	7.282900092489520416e-01	2.000507499938058986e-01	6.662832189387980497e-01	2.000507499938058986e-01	2.000507499938058986e-01	6.870194908203489659e-01	2.000507499938058986e-01	6.874694548922379855e-01	2.000507499938058986e-01	2.000507499938058986e-01	2.000507499938058986e-01	6.357697172156570042e-01	6.545946249509090320e-01	2.000507499938058986e-01	6.553339747858060171e-01	2.000507499938058986e-01	2.000507499938058986e-01	7.122542394204139926e-01	2.000507499938058986e-01	2.000507499938058986e-01	2.000507499938058986e-01	2.000507499938058986e-01	2.000507499938058986e-01	2.000507499938058986e-01	2.000507499938058986e-01	6.544398889702589539e-01	2.000507499938058986e-01	2.000507499938058986e-01	2.000507499938058986e-01	2.000507499938058986e-01	2.000507499938058986e-01	2.000507499938058986e-01	2.000507499938058986e-01	2.000507499938058986e-01	6.794225827454130062e-01	2.000507499938058986e-01	2.000507499938058986e-01	6.444304955398639789e-01	2.000507499938058986e-01	2.000507499938058986e-01	2.000507499938058986e-01	2.000507499938058986e-01	6.466868485330220517e-01	2.000507499938058986e-01	2.000507499938058986e-01	2.000507499938058986e-01	6.518360349192200420e-01	2.000507499938058986e-01	2.000507499938058986e-01	6.532812573327999583e-01	2.000507499938058986e-01	2.000507499938058986e-01	2.000507499938058986e-01	2.000507499938058986e-01	2.000507499938058986e-01	2.000507499938058986e-01	2.000507499938058986e-01	7.024601213268290012e-01	2.000507499938058986e-01	6.133586615348499693e-01	2.000507499938058986e-01	5.884561882514910414e-01	2.000507499938058986e-01	6.625181202965469973e-01	6.319832143623119736e-01	2.000507499938058986e-01	2.000507499938058986e-01	2.000507499938058986e-01	6.343514773010410224e-01	2.000507499938058986e-01	6.246997675346940282e-01	6.338186309989169986e-01	6.446689591492229532e-01	2.000507499938058986e-01	6.567394657281580006e-01	6.610933480057770151e-01	6.315178614638989885e-01	2.000507499938058986e-01	7.017899202857760255e-01	2.000507499938058986e-01	2.000507499938058986e-01	2.000507499938058986e-01	7.722357322277759728e-01	7.623677466053859764e-01	8.044083587664979662e-01	2.000507499938058986e-01	2.000507499938058986e-01	2.000507499938058986e-01	2.000507499938058986e-01	2.000507499938058986e-01	2.000507499938058986e-01
2.000507499938058986e-01	2.000507499938058986e-01	2.000507499938058986e-01	9.999999999999980016e-01	2.000507499938058986e-01	2.000507499938058986e-01	2.000507499938058986e-01	6.101433766403330239e-01	2.000507499938058986e-01	2.000507499938058986e-01	2.000507499938058986e-01	2.000507499938058986e-01	2.000507499938058986e-01	6.724238694464429456e-01	2.000507499938058986e-01	6.584255169570529809e-01	6.550020403343299602e-01	6.898701955340099667e-01	2.000507499938058986e-01	6.157080587050980380e-01	6.836966351670730191e-01	2.000507499938058986e-01	2.000507499938058986e-01	2.000507499938058986e-01	2.000507499938058986e-01	2.000507499938058986e-01	2.000507499938058986e-01	2.000507499938058986e-01	6.771144731706639774e-01	2.000507499938058986e-01	6.680745021427370034e-01	6.060386142810080257e-01	6.376791258453780031e-01	6.770921614947610356e-01	2.000507499938058986e-01	2.000507499938058986e-01	6.775610912422039833e-01	2.000507499938058986e-01	7.063435942472799933e-01	2.000507499938058986e-01	2.000507499938058986e-01	2.000507499938058986e-01	2.000507499938058986e-01	2.000507499938058986e-01	6.412048494259620091e-01	2.000507499938058986e-01	2.000507499938058986e-01	2.000507499938058986e-01	2.000507499938058986e-01	2.000507499938058986e-01	2.000507499938058986e-01	6.581916063476129786e-01	5.988633089127429754e-01	2.000507499938058986e-01	2.000507499938058986e-01	6.408556716808040399e-01	6.527409360685030304e-01	2.000507499938058986e-01	6.296647439351700237e-01	2.000507499938058986e-01	2.000507499938058986e-01	5.919251514920309543e-01	2.000507499938058986e-01	2.000507499938058986e-01	5.974823635794049848e-01	2.000507499938058986e-01	2.000507499938058986e-01	6.681678581073350331e-01	2.000507499938058986e-01	2.000507499938058986e-01	6.259474969795839616e-01	2.000507499938058986e-01	2.000507499938058986e-01	2.000507499938058986e-01	6.638493734058680262e-01	2.000507499938058986e-01	2.000507499938058986e-01	2.000507499938058986e-01	2.000507499938058986e-01	2.000507499938058986e-01	6.239373377005760224e-01	2.000507499938058986e-01	2.000507499938058986e-01	2.000507499938058986e-01	2.000507499938058986e-01	2.000507499938058986e-01	6.454443389916759699e-01	2.000507499938058986e-01	2.000507499938058986e-01	6.307821822578729698e-01	6.613899317319580362e-01	2.000507499938058986e-01	2.000507499938058986e-01	2.000507499938058986e-01	2.000507499938058986e-01	2.000507499938058986e-01	2.000507499938058986e-01	2.000507499938058986e-01	6.580152107978639586e-01	2.000507499938058986e-01	5.888923476988350281e-01	2.000507499938058986e-01	2.000507499938058986e-01	2.000507499938058986e-01	2.000507499938058986e-01	2.000507499938058986e-01	2.000507499938058986e-01	6.163922142559019601e-01	6.796938084295299776e-01	2.000507499938058986e-01	6.488060749345699874e-01	2.000507499938058986e-01	6.684697080971200300e-01	2.000507499938058986e-01	6.392500624789030361e-01	2.000507499938058986e-01	2.000507499938058986e-01	6.452480500101950289e-01	2.000507499938058986e-01	6.484569258323650276e-01	2.000507499938058986e-01	2.000507499938058986e-01	6.278822422883969523e-01	6.446033138503830529e-01
2.000507499938058986e-01	2.000507499938058986e-01	2.000507499938058986e-01	2.000507499938058986e-01	9.999999999999980016e-01	2.000507499938058986e-01	7.772437840436650092e-01	2.000507499938058986e-01	7.259292594824450218e-01	2.000507499938058986e-01	2.000507499938058986e-01	7.562611321099980133e-01	2.000507499938058986e-01	2.000507499938058986e-01	2.000507499938058986e-01	2.000507499938058986e-01	2.000507499938058986e-01	2.000507499938058986e-01	6.010704689652459631e-01	2.000507499938058986e-01	6.359587680006140165e-01	6.458428531323380239e-01	2.000507499938058986e-01	2.000507499938058986e-01	7.140940679340830322e-01	2.000507499938058986e-01	2.000507499938058986e-01	2.000507499938058986e-01	2.000507499938058986e-01	2.000507499938058986e-01	2.000507499938058986e-01	2.000507499938058986e-01	2.000507499938058986e-01	6.546828851339909772e-01	2.000507499938058986e-01	2.000507499938058986e-01	2.000507499938058986e-01	6.260170550200809814e-01	2.000507499938058986e-01	2.000507499938058986e-01	2.000507499938058986e-01	2.000507499938058986e-01	2.000507499938058986e-01	2.000507499938058986e-01	2.000507499938058986e-01	6.796946111320150141e-01	2.000507499938058986e-01	6.848459808341430533e-01	6.575555157811010520e-01	2.000507499938058986e-01	2.000507499938058986e-01	2.000507499938058986e-01	2.000507499938058986e-01	2.000507499938058986e-01	6.803065941020619567e-01	6.430484399451089628e-01	6.852394996501780522e-01	2.000507499938058986e-01	2.000507499938058986e-01	2.000507499938058986e-01	6.623317383636609934e-01	2.000507499938058986e-01	2.000507499938058986e-01	6.655589803912289604e-01	2.000507499938058986e-01	2.000507499938058986e-01	2.000507499938058986e-01	2.000507499938058986e-01	6.393604246106839861e-01	6.848590559273940448e-01	2.000507499938058986e-01	2.000507499938058986e-01	2.000507499938058986e-01	6.424412162890760225e-01	2.000507499938058986e-01	2.000507499938058986e-01	2.000507499938058986e-01	2.000507499938058986e-01	2.000507499938058986e-01	6.251890108568399773e-01	2.000507499938058986e-01	2.000507499938058986e-01	2.000507499938058986e-01	2.000507499938058986e-01	2.000507499938058986e-01	2.000507499938058986e-01	2.000507499938058986e-01	6.593636300705220110e-01	2.000507499938058986e-01	2.000507499938058986e-01	6.914489450348120236e-01	2.000507499938058986e-01	2.000507499938058986e-01	2.000507499938058986e-01	6.563524728632820215e-01	2.000507499938058986e-01	2.000507499938058986e-01	6.607359084921089476e-01	2.000507499938058986e-01	7.045569471735769751e-01	2.000507499938058986e-01	2.000507499938058986e-01	2.000507499938058986e-01	5.947655870829290370e-01	2.000507499938058986e-01	2.000507499938058986e-01	2.000507499938058986e-01	2.000507499938058986e-01	2.000507499938058986e-01	2.000507499938058986e-01	2.000507499938058986e-01	2.000507499938058986e-01	2.000507499938058986e-01	6.544334894920099677e-01	2.000507499938058986e-01	2.000507499938058986e-01	2.000507499938058986e-01	7.091924408124360424e-01	2.000507499938058986e-01	2.000507499938058986e-01	6.849110703602480088e-01	2.000507499938058986e-01	2.000507499938058986e-01	2.000507499938058986e-01
2.000507499938058986e-01	2.000507499938058986e-01	2.000507499938058986e-01	2.000507499938058986e-01	2.000507499938058986e-01	9.999999999999980016e-01	6.822719357503550519e-01	6.453095057616450303e-01	2.000507499938058986e-01	2.000507499938058986e-01	2.000507499938058986e-01	2.000507499938058986e-01	7.088977543645720303e-01	6.622490212683780353e-01	2.000507499938058986e-01	2.000507499938058986e-01	2.000507499938058986e-01	2.000507499938058986e-01	2.000507499938058986e-01	2.000507499938058986e-01	2.000507499938058986e-01	6.216519262296880122e-01	2.000507499938058986e-01	2.000507499938058986e-01	2.000507499938058986e-01	2.000507499938058986e-01	2.000507499938058986e-01	2.000507499938058986e-01	2.000507499938058986e-01	2.000507499938058986e-01	6.282942369437689578e-01	2.000507499938058986e-01	2.000507499938058986e-01	2.000507499938058986e-01	2.000507499938058986e-01	2.000507499938058986e-01	2.000507499938058986e-01	6.098354956040840102e-01	2.000507499938058986e-01	2.000507499938058986e-01	6.111785074978990373e-01	2.000507499938058986e-01	2.000507499938058986e-01	2.000507499938058986e-01	2.000507499938058986e-01	2.000507499938058986e-01	5.951267788663170411e-01	2.000507499938058986e-01	2.000507499938058986e-01	2.000507499938058986e-01	6.644676326700440505e-01	2.000507499938058986e-01	2.000507499938058986e-01	2.000507499938058986e-01	6.662943430355799945e-01	2.000507499938058986e-01	6.692465278532240269e-01	5.878989947545479877e-01	2.000507499938058986e-01	2.000507499938058986e-01	6.760270594467290284e-01	2.000507499938058986e-01	2.000507499938058986e-01	6.405817775721980301e-01	5.882051211709610206e-01	2.000507499938058986e-01	6.000232038129460488e-01	2.000507499938058986e-01	2.000507499938058986e-01	2.000507499938058986e-01	2.000507499938058986e-01	2.000507499938058986e-01	6.157458263581869762e-01	2.000507499938058986e-01	2.000507499938058986e-01	2.000507499938058986e-01	2.000507499938058986e-01	2.000507499938058986e-01	7.044012672450069568e-01	2.000507499938058986e-01	6.832617718801220486e-01	2.000507499938058986e-01	5.944772205444289748e-01	6.318464368772690465e-01	2.000507499938058986e-01	6.635461267299850308e-01	2.000507499938058986e-01	7.104075480276480503e-01	2.000507499938058986e-01	6.731981938984540337e-01	2.000507499938058986e-01	2.000507499938058986e-01	2.000507499938058986e-01	2.000507499938058986e-01	2.000507499938058986e-01	2.000507499938058986e-01	7.065692014195239512e-01	2.000507499938058986e-01	2.000507499938058986e-01	2.000507499938058986e-01	2.000507499938058986e-01	2.000507499938058986e-01	2.000507499938058986e-01	2.000507499938058986e-01	6.793468258296420093e-01	2.000507499938058986e-01	2.000507499938058986e-01	6.353681336329629614e-01	2.000507499938058986e-01	2.000507499938058986e-01	6.064051562310249777e-01	2.000507499938058986e-01	2.000507499938058986e-01	7.067859007509169622e-01	2.000507499938058986e-01	2.000507499938058986e-01	6.554021598299499818e-01	6.993037903692520540e-01	2.000507499938058986e-01	2.000507499938058986e-01	2.000507499938058986e-01	2.000507499938058986e-01	6.344207704921459579e-01	2.000507499938058986e-01
2.000507499938058986e-01	2.000507499938058986e-01	2.000507499938058986e-01	2.000507499938058986e-01	7.772437840436650092e-01	6.822719357503550519e-01	9.999999999999990008e-01	2.000507499938058986e-01	7.308190037720440069e-01	2.000507499938058986e-01	7.062103377826489670e-01	2.000507499938058986e-01	2.000507499938058986e-01	2.000507499938058986e-01	2.000507499938058986e-01	6.449950112822809833e-01	2.000507499938058986e-01	2.000507499938058986e-01	2.000507499938058986e-01	2.000507499938058986e-01	2.000507499938058986e-01	2.000507499938058986e-01	2.000507499938058986e-01	2.000507499938058986e-01	2.000507499938058986e-01	7.523199806889879770e-01	2.000507499938058986e-01	2.000507499938058986e-01	2.000507499938058986e-01	2.000507499938058986e-01	2.000507499938058986e-01	2.000507499938058986e-01	2.000507499938058986e-01	6.510247633523910116e-01	2.000507499938058986e-01	2.000507499938058986e-01	6.208555306296460463e-01	2.000507499938058986e-01	2.000507499938058986e-01	2.000507499938058986e-01	6.482553472133220085e-01	2.000507499938058986e-01	2.000507499938058986e-01	2.000507499938058986e-01	2.000507499938058986e-01	2.000507499938058986e-01	2.000507499938058986e-01	2.000507499938058986e-01	2.000507499938058986e-01	2.000507499938058986e-01	2.000507499938058986e-01	2.000507499938058986e-01	2.000507499938058986e-01	2.000507499938058986e-01	2.000507499938058986e-01	6.496023215630649661e-01	2.000507499938058986e-01	6.027610516554410269e-01	2.000507499938058986e-01	6.194295709905750513e-01	2.000507499938058986e-01	6.217316738551690314e-01	2.000507499938058986e-01	2.000507499938058986e-01	2.000507499938058986e-01	2.000507499938058986e-01	2.000507499938058986e-01	2.000507499938058986e-01	2.000507499938058986e-01	2.000507499938058986e-01	6.499394908761639833e-01	2.000507499938058986e-01	6.272718893350199831e-01	2.000507499938058986e-01	2.000507499938058986e-01	2.000507499938058986e-01	2.000507499938058986e-01	2.000507499938058986e-01	2.000507499938058986e-01	2.000507499938058986e-01	2.000507499938058986e-01	2.000507499938058986e-01	2.000507499938058986e-01	2.000507499938058986e-01	6.078946981759919543e-01	2.000507499938058986e-01	2.000507499938058986e-01	2.000507499938058986e-01	6.966525112155740329e-01	2.000507499938058986e-01	2.000507499938058986e-01	6.542139340498129840e-01	2.000507499938058986e-01	5.873174545852529738e-01	6.322351041027779450e-01	6.487243888317679730e-01	2.000507499938058986e-01	2.000507499938058986e-01	6.570062037754600404e-01	2.000507499938058986e-01	2.000507499938058986e-01	2.000507499938058986e-01	6.474594573143590548e-01	2.000507499938058986e-01	2.000507499938058986e-01	6.439791313804640316e-01	6.691476826010189782e-01	2.000507499938058986e-01	6.074091721871639482e-01	5.971709767320869666e-01	2.000507499938058986e-01	2.000507499938058986e-01	2.000507499938058986e-01	6.556269231051670143e-01	6.598402071438029814e-01	2.000507499938058986e-01	6.507373707222710024e-01	2.000507499938058986e-01	2.000507499938058986e-01	6.684136230713569882e-01	2.000507499938058986e-01	7.019984957644650470e-01	6.540420658467279713e-01	2.000507499938058986e-01
2.000507499938058986e-01	2.000507499938058986e-01	2.000507499938058986e-01	6.101433766403330239e-01	2.000507499938058986e-01	6.453095057616450303e-01	2.000507499938058986e-01	1.000000000000000000e+00	2.000507499938058986e-01	2.000507499938058986e-01	6.829559120011360340e-01	2.000507499938058986e-01	2.000507499938058986e-01	2.000507499938058986e-01	2.000507499938058986e-01	2.000507499938058986e-01	2.000507499938058986e-01	2.000507499938058986e-01	2.000507499938058986e-01	7.001286532731879619e-01	2.000507499938058986e-01	6.614388314470029950e-01	2.000507499938058986e-01	2.000507499938058986e-01	7.534324586528919898e-01	2.000507499938058986e-01	6.421009918557499807e-01	2.000507499938058986e-01	6.403248354011269461e-01	6.791147086806540445e-01	2.000507499938058986e-01	2.000507499938058986e-01	6.317892672821440181e-01	2.000507499938058986e-01	2.000507499938058986e-01	2.000507499938058986e-01	2.000507499938058986e-01	2.000507499938058986e-01	2.000507499938058986e-01	6.149356185722889556e-01	2.000507499938058986e-01	7.070747342523400203e-01	2.000507499938058986e-01	2.000507499938058986e-01	5.934143486893249664e-01	2.000507499938058986e-01	2.000507499938058986e-01	6.521509340211160133e-01	6.602341305803219873e-01	2.000507499938058986e-01	2.000507499938058986e-01	2.000507499938058986e-01	2.000507499938058986e-01	2.000507499938058986e-01	2.000507499938058986e-01	2.000507499938058986e-01	2.000507499938058986e-01	2.000507499938058986e-01	2.000507499938058986e-01	6.352129550098549737e-01	2.000507499938058986e-01	2.000507499938058986e-01	2.000507499938058986e-01	2.000507499938058986e-01	2.000507499938058986e-01	2.000507499938058986e-01	6.750851955703679463e-01	2.000507499938058986e-01	2.000507499938058986e-01	2.000507499938058986e-01	2.000507499938058986e-01	2.000507499938058986e-01	2.000507499938058986e-01	6.689095813207199814e-01	2.000507499938058986e-01	6.404919551535820377e-01	7.256635566220469569e-01	6.174909877088949894e-01	2.000507499938058986e-01	2.000507499938058986e-01	2.000507499938058986e-01	2.000507499938058986e-01	2.000507499938058986e-01	2.000507499938058986e-01	2.000507499938058986e-01	6.513982563055870090e-01	6.602471797181179713e-01	6.383609399634979642e-01	7.405854679102069626e-01	2.000507499938058986e-01	2.000507499938058986e-01	6.249987020038180185e-01	2.000507499938058986e-01	5.929158402757610524e-01	2.000507499938058986e-01	6.114223033288329612e-01	2.000507499938058986e-01	2.000507499938058986e-01	2.000507499938058986e-01	2.000507499938058986e-01	2.000507499938058986e-01	2.000507499938058986e-01	2.000507499938058986e-01	6.005947409292550221e-01	2.000507499938058986e-01	6.119802351959410247e-01	6.371709028712609912e-01	6.329511591622779543e-01	2.000507499938058986e-01	2.000507499938058986e-01	6.712629527577349542e-01	2.000507499938058986e-01	6.566783304578389657e-01	2.000507499938058986e-01	6.771406854185759716e-01	2.000507499938058986e-01	2.000507499938058986e-01	7.049943215103070537e-01	2.000507499938058986e-01	2.000507499938058986e-01	2.000507499938058986e-01	2.000507499938058986e-01	2.000507499938058986e-01	2.000507499938058986e-01
2.000507499938058986e-01	2.000507499938058986e-01	2.000507499938058986e-01	2.000507499938058986e-01	7.259292594824450218e-01	2.000507499938058986e-01	7.308190037720440069e-01	2.000507499938058986e-01	1.000000000000000000e+00	7.343528234844830527e-01	2.000507499938058986e-01	6.971862675536020237e-01	6.584361384488459645e-01	2.000507499938058986e-01	7.050069868953929841e-01	2.000507499938058986e-01	2.000507499938058986e-01	6.026865965300469696e-01	6.379342104857780305e-01	6.898800667377830154e-01	2.000507499938058986e-01	2.000507499938058986e-01	7.364280574844539462e-01	2.000507499938058986e-01	7.545385266746390540e-01	2.000507499938058986e-01	6.549784131130940157e-01	7.539117724525520314e-01	2.000507499938058986e-01	6.886058299585590126e-01	2.000507499938058986e-01	6.159930223825089701e-01	2.000507499938058986e-01	6.996850521753269492e-01	2.000507499938058986e-01	2.000507499938058986e-01	2.000507499938058986e-01	2.000507499938058986e-01	2.000507499938058986e-01	2.000507499938058986e-01	6.722109650260910119e-01	7.036383574465949753e-01	2.000507499938058986e-01	2.000507499938058986e-01	2.000507499938058986e-01	2.000507499938058986e-01	6.345635858796889739e-01	2.000507499938058986e-01	2.000507499938058986e-01	6.536691548388530171e-01	2.000507499938058986e-01	2.000507499938058986e-01	2.000507499938058986e-01	2.000507499938058986e-01	2.000507499938058986e-01	6.341025393028429935e-01	2.000507499938058986e-01	2.000507499938058986e-01	2.000507499938058986e-01	6.364381672300130077e-01	2.000507499938058986e-01	2.000507499938058986e-01	2.000507499938058986e-01	2.000507499938058986e-01	2.000507499938058986e-01	6.667692438005869970e-01	2.000507499938058986e-01	6.643337402163740357e-01	2.000507499938058986e-01	6.417480548139390395e-01	2.000507499938058986e-01	2.000507499938058986e-01	2.000507499938058986e-01	2.000507499938058986e-01	2.000507499938058986e-01	2.000507499938058986e-01	2.000507499938058986e-01	2.000507499938058986e-01	2.000507499938058986e-01	6.367124599986879740e-01	6.883971248085279937e-01	2.000507499938058986e-01	6.357267404662150234e-01	2.000507499938058986e-01	2.000507499938058986e-01	2.000507499938058986e-01	2.000507499938058986e-01	2.000507499938058986e-01	7.335408858019789591e-01	2.000507499938058986e-01	2.000507499938058986e-01	2.000507499938058986e-01	2.000507499938058986e-01	5.867217742425929750e-01	2.000507499938058986e-01	6.104304337934739477e-01	2.000507499938058986e-01	2.000507499938058986e-01	2.000507499938058986e-01	6.469075216211910284e-01	2.000507499938058986e-01	2.000507499938058986e-01	2.000507499938058986e-01	2.000507499938058986e-01	2.000507499938058986e-01	2.000507499938058986e-01	2.000507499938058986e-01	6.479252428542230380e-01	6.450295335283050546e-01	6.380643324580800302e-01	6.844449262349799890e-01	2.000507499938058986e-01	6.752798054812360062e-01	2.000507499938058986e-01	2.000507499938058986e-01	7.073311819617850160e-01	2.000507499938058986e-01	2.000507499938058986e-01	2.000507499938058986e-01	2.000507499938058986e-01	2.000507499938058986e-01	2.000507499938058986e-01	2.000507499938058986e-01	7.143846640997649766e-01
2.000507499938058986e-01	2.000507499938058986e-01	2.000507499938058986e-01	2.000507499938058986e-01	2.000507499938058986e-01	2.000507499938058986e-01	2.000507499938058986e-01	2.000507499938058986e-01	7.343528234844830527e-01	1.000000000000000000e+00	2.000507499938058986e-01	2.000507499938058986e-01	6.569518586957100448e-01	2.000507499938058986e-01	2.000507499938058986e-01	2.000507499938058986e-01	2.000507499938058986e-01	2.000507499938058986e-01	2.000507499938058986e-01	2.000507499938058986e-01	2.000507499938058986e-01	6.768170917989579927e-01	7.334014690602459474e-01	6.872121867658510519e-01	7.162004868537660274e-01	2.000507499938058986e-01	6.690917354938139550e-01	2.000507499938058986e-01	6.671745247626870157e-01	2.000507499938058986e-01	7.052326714825749576e-01	2.000507499938058986e-01	2.000507499938058986e-01	2.000507499938058986e-01	2.000507499938058986e-01	2.000507499938058986e-01	2.000507499938058986e-01	2.000507499938058986e-01	2.000507499938058986e-01	2.000507499938058986e-01	6.759249149967739845e-01	2.000507499938058986e-01	6.715634322433079451e-01	6.407644791417530516e-01	2.000507499938058986e-01	2.000507499938058986e-01	2.000507499938058986e-01	2.000507499938058986e-01	2.000507499938058986e-01	2.000507499938058986e-01	2.000507499938058986e-01	6.205419756584139579e-01	6.127110734061169683e-01	2.000507499938058986e-01	2.000507499938058986e-01	6.266283057086200481e-01	2.000507499938058986e-01	6.358195041129459657e-01	2.000507499938058986e-01	2.000507499938058986e-01	2.000507499938058986e-01	6.439131330831929789e-01	2.000507499938058986e-01	6.392441281959769794e-01	6.341203224446010367e-01	2.000507499938058986e-01	6.550289060588110335e-01	2.000507499938058986e-01	6.148120831925969476e-01	6.334306905455290293e-01	2.000507499938058986e-01	6.634172497512640376e-01	6.394441715514129765e-01	2.000507499938058986e-01	2.000507499938058986e-01	2.000507499938058986e-01	2.000507499938058986e-01	6.004507380621689761e-01	2.000507499938058986e-01	2.000507499938058986e-01	2.000507499938058986e-01	6.504007288838740131e-01	6.405930650737780008e-01	2.000507499938058986e-01	2.000507499938058986e-01	2.000507499938058986e-01	2.000507499938058986e-01	6.213363584138940077e-01	2.000507499938058986e-01	2.000507499938058986e-01	6.703395291900720032e-01	2.000507499938058986e-01	5.843743806599640545e-01	2.000507499938058986e-01	2.000507499938058986e-01	6.021742636173970098e-01	2.000507499938058986e-01	2.000507499938058986e-01	6.203144794136340456e-01	2.000507499938058986e-01	6.249053782245750366e-01	2.000507499938058986e-01	2.000507499938058986e-01	2.000507499938058986e-01	2.000507499938058986e-01	6.089524580982069724e-01	2.000507499938058986e-01	6.353272193982879568e-01	6.334246006505149795e-01	2.000507499938058986e-01	2.000507499938058986e-01	7.008109967915480132e-01	2.000507499938058986e-01	2.000507499938058986e-01	2.000507499938058986e-01	7.198365228305689811e-01	2.000507499938058986e-01	2.000507499938058986e-01	7.303913722529560282e-01	7.129362424992029545e-01	2.000507499938058986e-01	2.000507499938058986e-01	2.000507499938058986e-01	7.321859697751049723e-01
2.000507499938058986e-01	7.045032452873249973e-01	2.000507499938058986e-01	2.000507499938058986e-01	2.000507499938058986e-01	2.000507499938058986e-01	7.062103377826489670e-01	6.829559120011360340e-01	2.000507499938058986e-01	2.000507499938058986e-01	1.000000000000000000e+00	2.000507499938058986e-01	6.872990918287249507e-01	2.000507499938058986e-01	2.000507499938058986e-01	2.000507499938058986e-01	2.000507499938058986e-01	2.000507499938058986e-01	2.000507499938058986e-01	2.000507499938058986e-01	2.000507499938058986e-01	2.000507499938058986e-01	6.798574782827879748e-01	2.000507499938058986e-01	2.000507499938058986e-01	2.000507499938058986e-01	2.000507499938058986e-01	6.784292138270939798e-01	6.335163828253369545e-01	2.000507499938058986e-01	2.000507499938058986e-01	2.000507499938058986e-01	5.958701384285990388e-01	6.897120920214659945e-01	2.000507499938058986e-01	6.303450951349980347e-01	6.468773359456010397e-01	6.456737375082129970e-01	2.000507499938058986e-01	2.000507499938058986e-01	6.424370075481929954e-01	2.000507499938058986e-01	6.848339893646140375e-01	2.000507499938058986e-01	2.000507499938058986e-01	2.000507499938058986e-01	2.000507499938058986e-01	6.719698509881300019e-01	6.880597004620010448e-01	2.000507499938058986e-01	2.000507499938058986e-01	2.000507499938058986e-01	6.388268672439360030e-01	2.000507499938058986e-01	2.000507499938058986e-01	2.000507499938058986e-01	6.833495440050240122e-01	2.000507499938058986e-01	2.000507499938058986e-01	6.314164378499960151e-01	2.000507499938058986e-01	6.700716933967569844e-01	6.992998411090860511e-01	2.000507499938058986e-01	6.309546625814189680e-01	2.000507499938058986e-01	2.000507499938058986e-01	2.000507499938058986e-01	2.000507499938058986e-01	6.623917506034560088e-01	2.000507499938058986e-01	6.687392400191940478e-01	2.000507499938058986e-01	6.628648690841669744e-01	2.000507499938058986e-01	6.760851204268589765e-01	6.987426420658470194e-01	2.000507499938058986e-01	2.000507499938058986e-01	2.000507499938058986e-01	7.220860929555480423e-01	2.000507499938058986e-01	2.000507499938058986e-01	2.000507499938058986e-01	2.000507499938058986e-01	2.000507499938058986e-01	6.632617111330439963e-01	6.367393924948420159e-01	2.000507499938058986e-01	2.000507499938058986e-01	2.000507499938058986e-01	6.252613103934949734e-01	2.000507499938058986e-01	2.000507499938058986e-01	2.000507499938058986e-01	6.322443574719830428e-01	2.000507499938058986e-01	2.000507499938058986e-01	6.611739138727470433e-01	2.000507499938058986e-01	2.000507499938058986e-01	6.500668504324289554e-01	6.512858706171029688e-01	2.000507499938058986e-01	2.000507499938058986e-01	2.000507499938058986e-01	2.000507499938058986e-01	2.000507499938058986e-01	2.000507499938058986e-01	2.000507499938058986e-01	2.000507499938058986e-01	2.000507499938058986e-01	6.441656007984239984e-01	6.667265040017009703e-01	2.000507499938058986e-01	7.006232368296140267e-01	2.000507499938058986e-01	2.000507499938058986e-01	2.000507499938058986e-01	2.000507499938058986e-01	6.548193193170790405e-01	2.000507499938058986e-01	6.755047872724270208e-01	2.000507499938058986e-01
6.981417201675880202e-01	2.000507499938058986e-01	6.797318614824020555e-01	2.000507499938058986e-01	7.562611321099980133e-01	2.000507499938058986e-01	2.000507499938058986e-01	2.000507499938058986e-01	6.971862675536020237e-01	2.000507499938058986e-01	2.000507499938058986e-01	1.000000000000000000e+00	7.168669099648290466e-01	2.000507499938058986e-01	2.000507499938058986e-01	2.000507499938058986e-01	2.000507499938058986e-01	2.000507499938058986e-01	2.000507499938058986e-01	2.000507499938058986e-01	6.538620111187649631e-01	2.000507499938058986e-01	7.063780766026539482e-01	6.282188476597779792e-01	2.000507499938058986e-01	2.000507499938058986e-01	5.919824866805509789e-01	6.711659680454209465e-01	2.000507499938058986e-01	6.443308103392459962e-01	2.000507499938058986e-01	2.000507499938058986e-01	2.000507499938058986e-01	2.000507499938058986e-01	2.000507499938058986e-01	2.000507499938058986e-01	2.000507499938058986e-01	6.096467669897970287e-01	2.000507499938058986e-01	2.000507499938058986e-01	2.000507499938058986e-01	7.073096169096909636e-01	6.895093586019349630e-01	2.000507499938058986e-01	2.000507499938058986e-01	2.000507499938058986e-01	2.000507499938058986e-01	6.799279667074850098e-01	2.000507499938058986e-01	2.000507499938058986e-01	2.000507499938058986e-01	2.000507499938058986e-01	2.000507499938058986e-01	2.000507499938058986e-01	2.000507499938058986e-01	2.000507499938058986e-01	6.866703611386949513e-01	2.000507499938058986e-01	2.000507499938058986e-01	6.137855276457120368e-01	2.000507499938058986e-01	2.000507499938058986e-01	7.275108821357310074e-01	2.000507499938058986e-01	2.000507499938058986e-01	2.000507499938058986e-01	2.000507499938058986e-01	2.000507499938058986e-01	6.405862526605029528e-01	6.838136137842010243e-01	2.000507499938058986e-01	6.719814300339760349e-01	2.000507499938058986e-01	2.000507499938058986e-01	2.000507499938058986e-01	6.794164771332740216e-01	2.000507499938058986e-01	6.449463538818099861e-01	2.000507499938058986e-01	2.000507499938058986e-01	7.599161391711339864e-01	2.000507499938058986e-01	2.000507499938058986e-01	2.000507499938058986e-01	6.203154110094509788e-01	6.856662320874099548e-01	6.904000925166370317e-01	2.000507499938058986e-01	2.000507499938058986e-01	6.571442377921650202e-01	2.000507499938058986e-01	2.000507499938058986e-01	2.000507499938058986e-01	5.900612579043269523e-01	2.000507499938058986e-01	6.711306048515810474e-01	2.000507499938058986e-01	2.000507499938058986e-01	2.000507499938058986e-01	2.000507499938058986e-01	7.140931019496560284e-01	2.000507499938058986e-01	2.000507499938058986e-01	2.000507499938058986e-01	6.936148902776709813e-01	2.000507499938058986e-01	2.000507499938058986e-01	2.000507499938058986e-01	2.000507499938058986e-01	2.000507499938058986e-01	2.000507499938058986e-01	2.000507499938058986e-01	2.000507499938058986e-01	2.000507499938058986e-01	6.733318464885249544e-01	2.000507499938058986e-01	6.680991437477460382e-01	2.000507499938058986e-01	2.000507499938058986e-01	2.000507499938058986e-01	7.293689094229579561e-01	7.509838453029300531e-01	7.088952353557329555e-01	7.364608888703230161e-01
