9.999999999999990008e-01	6.069196667448555349e-01	7.895462857711329496e-01	6.069196667448555349e-01	6.069196667448555349e-01	6.069196667448555349e-01	6.423141624495839475e-01	6.069196667448555349e-01	6.069196667448555349e-01	6.069196667448555349e-01	6.069196667448555349e-01	6.544469317482169979e-01	6.069196667448555349e-01	6.069196667448555349e-01	6.069196667448555349e-01	6.069196667448555349e-01	5.890774964930149959e-01	6.069196667448555349e-01	6.324159895618669536e-01	6.439771521195689630e-01	5.993887725951589918e-01	6.069196667448555349e-01	6.069196667448555349e-01	6.759898896996689999e-01	6.584851213295209726e-01	6.069196667448555349e-01	6.069196667448555349e-01	6.775108280012209772e-01	6.069196667448555349e-01	6.069196667448555349e-01	6.069196667448555349e-01	6.069196667448555349e-01	6.069196667448555349e-01	6.069196667448555349e-01	6.069196667448555349e-01	6.069196667448555349e-01	6.069196667448555349e-01	6.620620263914670511e-01	6.069196667448555349e-01	6.106857655941539953e-01	6.069196667448555349e-01	6.069196667448555349e-01	6.069196667448555349e-01	6.314437813538860134e-01	6.069196667448555349e-01	6.216954336661649760e-01	6.069196667448555349e-01	6.069196667448555349e-01	6.069196667448555349e-01	6.069196667448555349e-01	6.069196667448555349e-01	6.069196667448555349e-01	5.895616297075989554e-01	5.953389770916920343e-01	6.354117942144930087e-01	6.069196667448555349e-01	6.069196667448555349e-01	6.069196667448555349e-01	6.069196667448555349e-01	6.069196667448555349e-01	6.318004651604629540e-01	6.322163633896750179e-01	6.069196667448555349e-01	6.069196667448555349e-01	6.069196667448555349e-01	6.069196667448555349e-01	6.386177519347460141e-01	6.069196667448555349e-01	6.069196667448555349e-01	6.069196667448555349e-01	6.069196667448555349e-01	6.628880818916650375e-01	6.069196667448555349e-01	6.069196667448555349e-01	6.069196667448555349e-01	6.183525598079689933e-01	6.069196667448555349e-01	6.069196667448555349e-01	6.069196667448555349e-01	6.069196667448555349e-01	6.069196667448555349e-01	6.380806358764520292e-01	6.319232977805849805e-01	6.069196667448555349e-01	6.069196667448555349e-01	6.072527784137869977e-01	6.396967476194900248e-01	6.069196667448555349e-01	6.069196667448555349e-01	6.069196667448555349e-01	6.611614207348860406e-01	6.069196667448555349e-01	6.069196667448555349e-01	6.069196667448555349e-01	5.495734403372890542e-01	6.069196667448555349e-01	6.067760505641770497e-01	6.069196667448555349e-01	5.930230037943430288e-01	6.164361288471470468e-01	5.751132383960809724e-01	6.069196667448555349e-01	6.069196667448555349e-01	5.792601916103869986e-01	5.987780029525600067e-01	5.955194292372270048e-01	6.069196667448555349e-01	6.069196667448555349e-01	6.069196667448555349e-01	6.069196667448555349e-01	6.069196667448555349e-01	6.827846220362979723e-01	6.069196667448555349e-01	6.553585601593380217e-01	6.069196667448555349e-01	6.069196667448555349e-01	6.069196667448555349e-01	7.716146555834809684e-01	6.069196667448555349e-01	6.069196667448555349e-01	5.925273208559049820e-01	6.069196667448555349e-01	6.069196667448555349e-01	6.069196667448555349e-01
6.069196667448555349e-01	1.000000000000000000e+00	6.069196667448555349e-01	6.069196667448555349e-01	6.069196667448555349e-01	6.069196667448555349e-01	6.362710493288780134e-01	6.069196667448555349e-01	6.668110813916700019e-01	6.069196667448555349e-01	6.069196667448555349e-01	6.549919059801000421e-01	6.069196667448555349e-01	5.889317396396870352e-01	6.069196667448555349e-01	6.069196667448555349e-01	5.906224337548620085e-01	6.069196667448555349e-01	6.069196667448555349e-01	6.069196667448555349e-01	5.984668120526429602e-01	6.460831748895420334e-01	6.678259552196420534e-01	6.069196667448555349e-01	6.325339928879779583e-01	6.069196667448555349e-01	6.118313987571060153e-01	6.069196667448555349e-01	6.140751467346590164e-01	6.465755411914589912e-01	6.267705958088369833e-01	5.970056174338479460e-01	5.933827224531129652e-01	6.069196667448555349e-01	6.069196667448555349e-01	6.069196667448555349e-01	6.069196667448555349e-01	6.069196667448555349e-01	6.069196667448555349e-01	6.069196667448555349e-01	6.069196667448555349e-01	6.069196667448555349e-01	6.069196667448555349e-01	6.301586414074950016e-01	5.629490920018059841e-01	6.069196667448555349e-01	6.017695821239600340e-01	6.069196667448555349e-01	6.069196667448555349e-01	6.069196667448555349e-01	6.548418451232950188e-01	6.069196667448555349e-01	5.912013737778599731e-01	6.069196667448555349e-01	6.069196667448555349e-01	5.981534794554910217e-01	6.341348887755150487e-01	6.069196667448555349e-01	6.069196667448555349e-01	6.051743429979039579e-01	6.325615174917750272e-01	6.069196667448555349e-01	6.069196667448555349e-01	6.227137089211709498e-01	5.710620745219939787e-01	6.069196667448555349e-01	6.080139647542629477e-01	6.069196667448555349e-01	6.069196667448555349e-01	6.069196667448555349e-01	6.069196667448555349e-01	6.479048900015730306e-01	6.069196667448555349e-01	6.315112048958649860e-01	6.069196667448555349e-01	6.069196667448555349e-01	6.069196667448555349e-01	6.069196667448555349e-01	6.069196667448555349e-01	6.086782870952649471e-01	6.069196667448555349e-01	6.069196667448555349e-01	6.069196667448555349e-01	6.069196667448555349e-01	6.069196667448555349e-01	6.069196667448555349e-01	6.069196667448555349e-01	6.069196667448555349e-01	7.765262468257180251e-01	6.046437763105829699e-01	6.069196667448555349e-01	6.069196667448555349e-01	6.069196667448555349e-01	6.069196667448555349e-01	6.069196667448555349e-01	6.069196667448555349e-01	6.069196667448555349e-01	6.069196667448555349e-01	6.069196667448555349e-01	6.295921034605650446e-01	6.069196667448555349e-01	6.057178839428749573e-01	6.069196667448555349e-01	6.069196667448555349e-01	5.983191929950909538e-01	6.069196667448555349e-01	6.011146303207850483e-01	6.069196667448555349e-01	6.069196667448555349e-01	5.900981476769360246e-01	6.069196667448555349e-01	6.069196667448555349e-01	6.361341381440950293e-01	6.069196667448555349e-01	6.342301514245409777e-01	6.069196667448555349e-01	7.164387184138270026e-01	7.710781023354179586e-01	7.444463138317749529e-01	6.069196667448555349e-01	5.886357203703159735e-01	6.069196667448555349e-01	6.714004717281050194e-01	6.069196667448555349e-01
7.895462857711329496e-01	6.069196667448555349e-01	1.000000000000000000e+00	6.069196667448555349e-01	6.069196667448555349e-01	6.069196667448555349e-01	6.069196667448555349e-01	6.615508430281099583e-01	6.069196667448555349e-01	6.586848977371709823e-01	6.069196667448555349e-01	6.069196667448555349e-01	6.069196667448555349e-01	6.069196667448555349e-01	6.069196667448555349e-01	6.069196667448555349e-01	5.987212172551249489e-01	5.719839490405820293e-01	6.205852608181420260e-01	6.069196667448555349e-01	6.069196667448555349e-01	6.331320254710050000e-01	6.069196667448555349e-01	6.069196667448555349e-01	6.069196667448555349e-01	6.069196667448555349e-01	6.298063540985260333e-01	6.069196667448555349e-01	6.069196667448555349e-01	6.069196667448555349e-01	6.069196667448555349e-01	6.069196667448555349e-01	6.069196667448555349e-01	6.069196667448555349e-01	6.069196667448555349e-01	6.069196667448555349e-01	6.353288578808720111e-01	6.384643222845659549e-01	6.069196667448555349e-01	6.271869293235580178e-01	6.069196667448555349e-01	6.069196667448555349e-01	6.069196667448555349e-01	6.069196667448555349e-01	5.860305750365339961e-01	6.065578594086840081e-01	6.069196667448555349e-01	6.073662595139539544e-01	6.636815909515380030e-01	6.544502676886509995e-01	6.069196667448555349e-01	6.171215883541809610e-01	6.069196667448555349e-01	5.823008413528230065e-01	6.069196667448555349e-01	6.120107776153650425e-01	6.069196667448555349e-01	6.069196667448555349e-01	6.063886929098070144e-01	6.069196667448555349e-01	6.069196667448555349e-01	6.069196667448555349e-01	6.069196667448555349e-01	5.937120605684399477e-01	6.069196667448555349e-01	6.443868124662199826e-01	6.069196667448555349e-01	6.069196667448555349e-01	6.069196667448555349e-01	6.069196667448555349e-01	6.069196667448555349e-01	6.069196667448555349e-01	6.069196667448555349e-01	6.069196667448555349e-01	5.853926183963480412e-01	5.979218519045450542e-01	6.759393095291820197e-01	6.069196667448555349e-01	6.069196667448555349e-01	6.069196667448555349e-01	6.069196667448555349e-01	6.069196667448555349e-01	6.069196667448555349e-01	6.453408226757350041e-01	6.069196667448555349e-01	6.069196667448555349e-01	6.069196667448555349e-01	6.069196667448555349e-01	6.069196667448555349e-01	6.069196667448555349e-01	6.069196667448555349e-01	5.759999519653350442e-01	6.069196667448555349e-01	5.364079954918320459e-01	6.069196667448555349e-01	6.069196667448555349e-01	6.069196667448555349e-01	6.069196667448555349e-01	5.948603177517299834e-01	6.069196667448555349e-01	6.069196667448555349e-01	6.069196667448555349e-01	6.069196667448555349e-01	6.069196667448555349e-01	6.069196667448555349e-01	6.069196667448555349e-01	6.069196667448555349e-01	6.089034660469390126e-01	6.069196667448555349e-01	6.069196667448555349e-01	6.069196667448555349e-01	6.584838108112179844e-01	6.108085454326279695e-01	6.069196667448555349e-01	6.634283438455049753e-01	6.069196667448555349e-01	7.260557713846820249e-01	6.069196667448555349e-01	6.069196667448555349e-01	6.069196667448555349e-01	6.069196667448555349e-01	6.695419816162100357e-01	6.069196667448555349e-01	6.069196667448555349e-01
6.069196667448555349e-01	6.069196667448555349e-01	6.069196667448555349e-01	9.999999999999980016e-01	5.638978745282430260e-01	6.069196667448555349e-01	6.069196667448555349e-01	6.069196667448555349e-01	6.069196667448555349e-01	5.761942062522870112e-01	6.069196667448555349e-01	6.069196667448555349e-01	6.069196667448555349e-01	6.260976508266350438e-01	6.069196667448555349e-01	6.069196667448555349e-01	6.069196667448555349e-01	6.069196667448555349e-01	6.069196667448555349e-01	5.642747912165819724e-01	6.069196667448555349e-01	6.069196667448555349e-01	6.069196667448555349e-01	6.069196667448555349e-01	6.069196667448555349e-01	6.069196667448555349e-01	6.069196667448555349e-01	5.861624048058049485e-01	6.312538778131859818e-01	6.326209156729190042e-01	6.213223100453899583e-01	6.069196667448555349e-01	5.881077304426409746e-01	6.069196667448555349e-01	6.069196667448555349e-01	6.106481807758410429e-01	6.317451661947980357e-01	6.069196667448555349e-01	6.069196667448555349e-01	5.703419934702850247e-01	6.069196667448555349e-01	6.069196667448555349e-01	6.069196667448555349e-01	6.069196667448555349e-01	6.069196667448555349e-01	6.069196667448555349e-01	6.069196667448555349e-01	5.656477450935539775e-01	6.502613720157469634e-01	6.069196667448555349e-01	6.069196667448555349e-01	6.069196667448555349e-01	6.069196667448555349e-01	6.069196667448555349e-01	6.069196667448555349e-01	6.069196667448555349e-01	6.069196667448555349e-01	6.069196667448555349e-01	6.069196667448555349e-01	6.069196667448555349e-01	6.069196667448555349e-01	6.069196667448555349e-01	6.069196667448555349e-01	6.069196667448555349e-01	6.069196667448555349e-01	6.069196667448555349e-01	6.069196667448555349e-01	6.069196667448555349e-01	6.069196667448555349e-01	6.069196667448555349e-01	6.069196667448555349e-01	5.717635606203359533e-01	6.069196667448555349e-01	6.020143594419999911e-01	6.069196667448555349e-01	6.283863324613160328e-01	5.824928695604679740e-01	6.019476576591109573e-01	6.069196667448555349e-01	5.758001368818329579e-01	6.069196667448555349e-01	5.149806414110179587e-01	5.588588899177050484e-01	6.069196667448555349e-01	6.069196667448555349e-01	5.412562993001059919e-01	5.965666390146470155e-01	6.069196667448555349e-01	6.069196667448555349e-01	6.069196667448555349e-01	6.069196667448555349e-01	6.069196667448555349e-01	6.069196667448555349e-01	6.069196667448555349e-01	5.167364827553290185e-01	6.069196667448555349e-01	6.041631072252400259e-01	6.069196667448555349e-01	6.069196667448555349e-01	5.935805424739289959e-01	6.069196667448555349e-01	5.609374842040779630e-01	6.069196667448555349e-01	6.097246668651919999e-01	6.069196667448555349e-01	5.657657943309659654e-01	6.069196667448555349e-01	6.069196667448555349e-01	6.069196667448555349e-01	6.069196667448555349e-01	6.002343857364289548e-01	6.426626496773949482e-01	6.217559917630419708e-01	6.069196667448555349e-01	5.898175173254720516e-01	6.069196667448555349e-01	6.082407516871249920e-01	6.069196667448555349e-01	6.069196667448555349e-01	6.069196667448555349e-01	6.069196667448555349e-01	6.069196667448555349e-01	6.069196667448555349e-01	6.069196667448555349e-01
6.069196667448555349e-01	6.069196667448555349e-01	6.069196667448555349e-01	5.638978745282430260e-01	9.999999999999980016e-01	6.069196667448555349e-01	7.428006747392289499e-01	6.959923819904769715e-01	6.069196667448555349e-01	6.069196667448555349e-01	6.795187484057350069e-01	7.191989189554559569e-01	6.069196667448555349e-01	6.069196667448555349e-01	6.069196667448555349e-01	6.069196667448555349e-01	5.873134666095689571e-01	6.069196667448555349e-01	5.484811515680769745e-01	6.069196667448555349e-01	6.069196667448555349e-01	6.069196667448555349e-01	6.069196667448555349e-01	6.069196667448555349e-01	6.069196667448555349e-01	6.069196667448555349e-01	6.069196667448555349e-01	6.349858754809080130e-01	6.069196667448555349e-01	6.069196667448555349e-01	6.069196667448555349e-01	5.735309851062460051e-01	5.294646527002310199e-01	6.069196667448555349e-01	6.069196667448555349e-01	6.069196667448555349e-01	6.069196667448555349e-01	6.069196667448555349e-01	5.874624846400939848e-01	6.069196667448555349e-01	6.069196667448555349e-01	6.726912052222759897e-01	6.069196667448555349e-01	6.069196667448555349e-01	6.069196667448555349e-01	6.069196667448555349e-01	6.069196667448555349e-01	6.069196667448555349e-01	6.069196667448555349e-01	6.069196667448555349e-01	6.329572232906089946e-01	6.069196667448555349e-01	5.824566793531780196e-01	6.069196667448555349e-01	6.069196667448555349e-01	6.069196667448555349e-01	6.069196667448555349e-01	6.069196667448555349e-01	5.705996529156479591e-01	6.069196667448555349e-01	6.069196667448555349e-01	6.069196667448555349e-01	6.572029975185019746e-01	6.069196667448555349e-01	6.069196667448555349e-01	6.069196667448555349e-01	6.069196667448555349e-01	6.069196667448555349e-01	6.069196667448555349e-01	6.069196667448555349e-01	6.220580730866009933e-01	6.069196667448555349e-01	6.069196667448555349e-01	6.069196667448555349e-01	6.069196667448555349e-01	6.465368431159099760e-01	6.649121474553749689e-01	6.069196667448555349e-01	6.069196667448555349e-01	6.069196667448555349e-01	6.069196667448555349e-01	6.069196667448555349e-01	5.748034837182020018e-01	6.069196667448555349e-01	6.069196667448555349e-01	6.069196667448555349e-01	6.219965872238409910e-01	6.069196667448555349e-01	6.069196667448555349e-01	6.069196667448555349e-01	6.470509813789090403e-01	6.069196667448555349e-01	5.744223978898149729e-01	6.069196667448555349e-01	6.069196667448555349e-01	6.069196667448555349e-01	6.069196667448555349e-01	6.132776659527320318e-01	6.114799089559169731e-01	6.069196667448555349e-01	6.766289621627109563e-01	6.069196667448555349e-01	6.069196667448555349e-01	6.069196667448555349e-01	6.069196667448555349e-01	6.069196667448555349e-01	6.069196667448555349e-01	6.069196667448555349e-01	5.559237220374350086e-01	6.069196667448555349e-01	6.069196667448555349e-01	6.069196667448555349e-01	6.069196667448555349e-01	6.069196667448555349e-01	6.069196667448555349e-01	6.069196667448555349e-01	6.132462463865150371e-01	6.666865835867790135e-01	6.069196667448555349e-01	6.069196667448555349e-01	6.069196667448555349e-01	6.677589918300349536e-01	6.069196667448555349e-01	6.069196667448555349e-01
6.069196667448555349e-01	6.069196667448555349e-01	6.069196667448555349e-01	6.069196667448555349e-01	6.069196667448555349e-01	9.999999999999980016e-01	6.369307263196349878e-01	5.964196037765300273e-01	6.069196667448555349e-01	6.069196667448555349e-01	6.380298626453250188e-01	6.069196667448555349e-01	6.069196667448555349e-01	6.149350471155790032e-01	6.069196667448555349e-01	5.860812616339790004e-01	6.069196667448555349e-01	6.069196667448555349e-01	5.612170608730859822e-01	6.275617628550279603e-01	6.069196667448555349e-01	6.069196667448555349e-01	6.069196667448555349e-01	6.069196667448555349e-01	6.069196667448555349e-01	6.069196667448555349e-01	6.069196667448555349e-01	6.069196667448555349e-01	6.069196667448555349e-01	5.904982485779850521e-01	5.779091722593320268e-01	6.069196667448555349e-01	6.069196667448555349e-01	6.069196667448555349e-01	6.069196667448555349e-01	5.586161261581820137e-01	5.712563519337320317e-01	6.069196667448555349e-01	6.069196667448555349e-01	5.775394376235489791e-01	6.069196667448555349e-01	6.069196667448555349e-01	6.069196667448555349e-01	6.209658236465940284e-01	6.069196667448555349e-01	5.776585096024280386e-01	6.069196667448555349e-01	6.069196667448555349e-01	6.308132669354959976e-01	6.069196667448555349e-01	6.173664243797170048e-01	6.069196667448555349e-01	5.777781468483650373e-01	6.069196667448555349e-01	6.193694136929369654e-01	6.069196667448555349e-01	6.069196667448555349e-01	6.069196667448555349e-01	5.598207908737470317e-01	6.069196667448555349e-01	6.069196667448555349e-01	5.666954211184900281e-01	6.069196667448555349e-01	6.069196667448555349e-01	6.069196667448555349e-01	6.069196667448555349e-01	5.473538052165209944e-01	6.069196667448555349e-01	6.069196667448555349e-01	6.219842321798260132e-01	6.135803739828730174e-01	5.966496996616420523e-01	5.643156298017729666e-01	6.118151556914509515e-01	6.069196667448555349e-01	6.069196667448555349e-01	6.069196667448555349e-01	6.069196667448555349e-01	6.069196667448555349e-01	5.666924091214650128e-01	6.069196667448555349e-01	5.476662044473520341e-01	6.069196667448555349e-01	6.069196667448555349e-01	6.069196667448555349e-01	6.069196667448555349e-01	6.069196667448555349e-01	6.069196667448555349e-01	6.069196667448555349e-01	6.069196667448555349e-01	6.653494048881900547e-01	6.069196667448555349e-01	6.069196667448555349e-01	6.069196667448555349e-01	6.069196667448555349e-01	6.069196667448555349e-01	6.637779876948319835e-01	5.831562816582049891e-01	6.457275405145620484e-01	6.069196667448555349e-01	6.069196667448555349e-01	6.069196667448555349e-01	6.069196667448555349e-01	5.367307494640619625e-01	6.069196667448555349e-01	6.069196667448555349e-01	6.069196667448555349e-01	6.069196667448555349e-01	6.069196667448555349e-01	6.069196667448555349e-01	6.069196667448555349e-01	6.069196667448555349e-01	6.069196667448555349e-01	6.069196667448555349e-01	6.267069768115119954e-01	6.069196667448555349e-01	6.074408208448079938e-01	6.069196667448555349e-01	6.069196667448555349e-01	6.069196667448555349e-01	6.606667648269299864e-01	6.069196667448555349e-01	5.845637956701049687e-01	6.100544551317580444e-01
6.423141624495839475e-01	6.362710493288780134e-01	6.069196667448555349e-01	6.069196667448555349e-01	7.428006747392289499e-01	6.369307263196349878e-01	9.999999999999990008e-01	7.120873098003710489e-01	6.907389186381499568e-01	6.069196667448555349e-01	6.069196667448555349e-01	6.069196667448555349e-01	6.380891554574390501e-01	6.069196667448555349e-01	6.069196667448555349e-01	6.069196667448555349e-01	5.940593882076430354e-01	5.503516817710309983e-01	6.069196667448555349e-01	7.039107333011780376e-01	6.069196667448555349e-01	6.069196667448555349e-01	6.644415881616539954e-01	5.823149667747280489e-01	6.069196667448555349e-01	7.147788507659720292e-01	6.069196667448555349e-01	6.069196667448555349e-01	5.571874605397060254e-01	6.069196667448555349e-01	6.069196667448555349e-01	6.069196667448555349e-01	5.176911170036559984e-01	6.069196667448555349e-01	5.795897783554629923e-01	6.069196667448555349e-01	6.069196667448555349e-01	6.069196667448555349e-01	6.069196667448555349e-01	6.069196667448555349e-01	6.069196667448555349e-01	6.069196667448555349e-01	6.069196667448555349e-01	6.069196667448555349e-01	6.069196667448555349e-01	6.298030263442320198e-01	5.573658494369440053e-01	6.259397172838030432e-01	6.069196667448555349e-01	6.069196667448555349e-01	6.196914881613250214e-01	6.069196667448555349e-01	6.069196667448555349e-01	6.021505049574360502e-01	6.206194133634159726e-01	6.011036142567890428e-01	6.069196667448555349e-01	6.069196667448555349e-01	6.069196667448555349e-01	6.069196667448555349e-01	6.069196667448555349e-01	6.069196667448555349e-01	6.069196667448555349e-01	6.069196667448555349e-01	5.333531610185080485e-01	6.414044313194720015e-01	6.069196667448555349e-01	6.069196667448555349e-01	6.069196667448555349e-01	6.297054878055919902e-01	6.014717454039619771e-01	6.069196667448555349e-01	6.069196667448555349e-01	6.069196667448555349e-01	6.069196667448555349e-01	6.069196667448555349e-01	6.552095505054400526e-01	6.069196667448555349e-01	6.069196667448555349e-01	6.069196667448555349e-01	7.098364957935979769e-01	5.831517159620790425e-01	6.069196667448555349e-01	6.069196667448555349e-01	6.069196667448555349e-01	6.069196667448555349e-01	6.069196667448555349e-01	6.162002382892549646e-01	6.528001517035020296e-01	6.000763693580269953e-01	6.069196667448555349e-01	6.069196667448555349e-01	6.069196667448555349e-01	6.069196667448555349e-01	6.069196667448555349e-01	6.069196667448555349e-01	6.069196667448555349e-01	5.952375391536059990e-01	6.091952683013249770e-01	6.069196667448555349e-01	6.069196667448555349e-01	6.220131763028680094e-01	6.069196667448555349e-01	6.069196667448555349e-01	6.069196667448555349e-01	6.069196667448555349e-01	6.069196667448555349e-01	6.069196667448555349e-01	6.069196667448555349e-01	6.069196667448555349e-01	6.069196667448555349e-01	6.069196667448555349e-01	6.069196667448555349e-01	6.069196667448555349e-01	6.122968850947480002e-01	6.069196667448555349e-01	6.023430303535990404e-01	6.069196667448555349e-01	6.069196667448555349e-01	6.069196667448555349e-01	6.069196667448555349e-01	6.587147221795930374e-01	6.069196667448555349e-01	6.069196667448555349e-01
6.069196667448555349e-01	6.069196667448555349e-01	6.615508430281099583e-01	6.069196667448555349e-01	6.959923819904769715e-01	5.964196037765300273e-01	7.120873098003710489e-01	1.000000000000000000e+00	6.069196667448555349e-01	6.069196667448555349e-01	6.069196667448555349e-01	6.069196667448555349e-01	6.069196667448555349e-01	5.434113839603770257e-01	6.069196667448555349e-01	6.069196667448555349e-01	6.069196667448555349e-01	5.414194731346050338e-01	6.069196667448555349e-01	6.566450832966299611e-01	5.671468306632210243e-01	6.140475245880050448e-01	6.069196667448555349e-01	6.069196667448555349e-01	6.069196667448555349e-01	6.069196667448555349e-01	6.069196667448555349e-01	6.069196667448555349e-01	5.909877217048560283e-01	6.069196667448555349e-01	6.438858481093110431e-01	6.069196667448555349e-01	6.069196667448555349e-01	6.069196667448555349e-01	6.069196667448555349e-01	6.069196667448555349e-01	6.127131014891089578e-01	6.069196667448555349e-01	6.069196667448555349e-01	6.069196667448555349e-01	6.378881938227669579e-01	6.069196667448555349e-01	6.326293454229120483e-01	6.069196667448555349e-01	6.069196667448555349e-01	6.069196667448555349e-01	6.069196667448555349e-01	6.069196667448555349e-01	6.127281964482309551e-01	6.069196667448555349e-01	6.069196667448555349e-01	5.673992882156000395e-01	5.465823685776840524e-01	6.069196667448555349e-01	6.069196667448555349e-01	5.804435374338320353e-01	6.069196667448555349e-01	5.720803735598589679e-01	5.791863727436009635e-01	5.854251108577329665e-01	6.069196667448555349e-01	6.069196667448555349e-01	6.069196667448555349e-01	5.902264380794469689e-01	6.069196667448555349e-01	6.069196667448555349e-01	6.069196667448555349e-01	6.080236101313679642e-01	6.069196667448555349e-01	6.069196667448555349e-01	6.069196667448555349e-01	6.305852299948120354e-01	6.069196667448555349e-01	6.222387436188140386e-01	6.069196667448555349e-01	6.069196667448555349e-01	6.849934326160790343e-01	6.069196667448555349e-01	5.962327681846020244e-01	6.069196667448555349e-01	6.602154584416209948e-01	6.069196667448555349e-01	6.069196667448555349e-01	6.689026735013019476e-01	5.918766419096830322e-01	6.069196667448555349e-01	6.069196667448555349e-01	6.069196667448555349e-01	6.069196667448555349e-01	6.069196667448555349e-01	6.069196667448555349e-01	5.743343890589539535e-01	6.069196667448555349e-01	6.069196667448555349e-01	6.069196667448555349e-01	6.069196667448555349e-01	6.069196667448555349e-01	6.069196667448555349e-01	5.708256537047949886e-01	6.069196667448555349e-01	6.069196667448555349e-01	6.069196667448555349e-01	5.685632735100130120e-01	6.069196667448555349e-01	6.069196667448555349e-01	6.069196667448555349e-01	6.069196667448555349e-01	6.069196667448555349e-01	6.069196667448555349e-01	6.069196667448555349e-01	6.069196667448555349e-01	6.069196667448555349e-01	6.069196667448555349e-01	5.964393869524250436e-01	6.069196667448555349e-01	6.716681564129439730e-01	6.069196667448555349e-01	6.620327244124110111e-01	6.069196667448555349e-01	6.069196667448555349e-01	6.069196667448555349e-01	6.069196667448555349e-01	6.069196667448555349e-01	6.069196667448555349e-01
6.069196667448555349e-01	6.668110813916700019e-01	6.069196667448555349e-01	6.069196667448555349e-01	6.069196667448555349e-01	6.069196667448555349e-01	6.907389186381499568e-01	6.069196667448555349e-01	1.000000000000000000e+00	6.069196667448555349e-01	6.069196667448555349e-01	6.533903113159650333e-01	6.069196667448555349e-01	6.069196667448555349e-01	6.069196667448555349e-01	6.069196667448555349e-01	5.833852705915230086e-01	6.069196667448555349e-01	6.069196667448555349e-01	6.069196667448555349e-01	6.069196667448555349e-01	6.140991017420680542e-01	6.069196667448555349e-01	6.413726384247000478e-01	6.069196667448555349e-01	6.069196667448555349e-01	6.069196667448555349e-01	6.069196667448555349e-01	6.069196667448555349e-01	6.439130423844290352e-01	6.069196667448555349e-01	6.069196667448555349e-01	6.069196667448555349e-01	6.069196667448555349e-01	6.069196667448555349e-01	6.069196667448555349e-01	6.069196667448555349e-01	6.069196667448555349e-01	6.069196667448555349e-01	6.069196667448555349e-01	6.069196667448555349e-01	6.069196667448555349e-01	6.069196667448555349e-01	6.069196667448555349e-01	5.469013164873960386e-01	6.069196667448555349e-01	6.069196667448555349e-01	6.069196667448555349e-01	6.069196667448555349e-01	6.069196667448555349e-01	6.069196667448555349e-01	6.069196667448555349e-01	5.390604377236000166e-01	6.069196667448555349e-01	6.069196667448555349e-01	6.069196667448555349e-01	6.069196667448555349e-01	6.069196667448555349e-01	5.832949317244340293e-01	6.069196667448555349e-01	6.214353354871180457e-01	6.069196667448555349e-01	6.515342081975380450e-01	6.069196667448555349e-01	6.069196667448555349e-01	6.069196667448555349e-01	6.069196667448555349e-01	6.069196667448555349e-01	5.818521566683030333e-01	5.925378555658720181e-01	6.069196667448555349e-01	6.069196667448555349e-01	6.069196667448555349e-01	6.264245648403490296e-01	6.069196667448555349e-01	5.886518161090950052e-01	6.069196667448555349e-01	5.771111093550389537e-01	6.069196667448555349e-01	6.069196667448555349e-01	6.069196667448555349e-01	6.069196667448555349e-01	5.859838355599570336e-01	6.069196667448555349e-01	6.069196667448555349e-01	6.069196667448555349e-01	6.069196667448555349e-01	6.069196667448555349e-01	6.937752640135850246e-01	5.976908649335570534e-01	6.069196667448555349e-01	6.069196667448555349e-01	6.069196667448555349e-01	6.069196667448555349e-01	6.069196667448555349e-01	6.069196667448555349e-01	6.069196667448555349e-01	6.069196667448555349e-01	6.069196667448555349e-01	5.981625904204479482e-01	5.826769248522749578e-01	6.069196667448555349e-01	6.069196667448555349e-01	6.069196667448555349e-01	5.714879112694729590e-01	6.069196667448555349e-01	6.069196667448555349e-01	6.069196667448555349e-01	5.961143125353539629e-01	5.885269142455800129e-01	6.069196667448555349e-01	6.069196667448555349e-01	6.069196667448555349e-01	6.084383189762340161e-01	6.484431206189109620e-01	6.069196667448555349e-01	6.379486353020280553e-01	6.595139595314000180e-01	6.675040236793680082e-01	6.069196667448555349e-01	5.570430955146049579e-01	6.480696001944300511e-01	6.069196667448555349e-01	6.069196667448555349e-01
6.069196667448555349e-01	6.069196667448555349e-01	6.586848977371709823e-01	5.761942062522870112e-01	6.069196667448555349e-01	6.069196667448555349e-01	6.069196667448555349e-01	6.069196667448555349e-01	6.069196667448555349e-01	1.000000000000000000e+00	6.069196667448555349e-01	6.069196667448555349e-01	6.091358149235139852e-01	6.069196667448555349e-01	6.069196667448555349e-01	6.069196667448555349e-01	6.069196667448555349e-01	6.069196667448555349e-01	6.069196667448555349e-01	6.608788199370130290e-01	5.660472045133919661e-01	6.069196667448555349e-01	6.069196667448555349e-01	6.069196667448555349e-01	6.069196667448555349e-01	6.918780948675760101e-01	6.224386708150539960e-01	6.069196667448555349e-01	6.203348864717810329e-01	6.069196667448555349e-01	6.069196667448555349e-01	6.069196667448555349e-01	5.810254723615829731e-01	6.069196667448555349e-01	5.906856131151819733e-01	6.069196667448555349e-01	6.069196667448555349e-01	6.449620685932599962e-01	6.088625595593929463e-01	5.627170803144969646e-01	6.299456256051060299e-01	6.069196667448555349e-01	6.069196667448555349e-01	6.069196667448555349e-01	6.069196667448555349e-01	6.069196667448555349e-01	6.069196667448555349e-01	6.069196667448555349e-01	6.069196667448555349e-01	6.069196667448555349e-01	6.069196667448555349e-01	6.069196667448555349e-01	5.610355559033890493e-01	6.069196667448555349e-01	6.023295146188959448e-01	5.761016551496870308e-01	6.154413622476799794e-01	6.069196667448555349e-01	6.069196667448555349e-01	6.069196667448555349e-01	6.069196667448555349e-01	6.069196667448555349e-01	6.548161245132669839e-01	5.898110571062400442e-01	6.069196667448555349e-01	6.216365085062960372e-01	6.069196667448555349e-01	6.067436021870860063e-01	6.069196667448555349e-01	6.069196667448555349e-01	6.069196667448555349e-01	6.069196667448555349e-01	5.900288356038839721e-01	6.069196667448555349e-01	6.069196667448555349e-01	6.069196667448555349e-01	6.865094784311720488e-01	6.069196667448555349e-01	6.069196667448555349e-01	6.069196667448555349e-01	6.069196667448555349e-01	6.069196667448555349e-01	6.069196667448555349e-01	6.069196667448555349e-01	6.215970415332360277e-01	5.747563761801319782e-01	6.089930240032780384e-01	6.069196667448555349e-01	6.069196667448555349e-01	6.069196667448555349e-01	6.069196667448555349e-01	6.069196667448555349e-01	6.069196667448555349e-01	6.069196667448555349e-01	6.069196667448555349e-01	6.069196667448555349e-01	6.069196667448555349e-01	5.783342633529759969e-01	6.069196667448555349e-01	6.069196667448555349e-01	5.742332067293689501e-01	5.540553368704079773e-01	5.734063457539809727e-01	6.069196667448555349e-01	5.747731621079299469e-01	6.069196667448555349e-01	6.069196667448555349e-01	6.069196667448555349e-01	6.069196667448555349e-01	6.069196667448555349e-01	6.069196667448555349e-01	6.069196667448555349e-01	6.069196667448555349e-01	6.142271503767720020e-01	6.069196667448555349e-01	6.785083325450419478e-01	6.069196667448555349e-01	6.069196667448555349e-01	6.902620668371709511e-01	6.708409880175709716e-01	5.593169704754880067e-01	6.069196667448555349e-01	6.069196667448555349e-01	6.069196667448555349e-01
6.069196667448555349e-01	6.069196667448555349e-01	6.069196667448555349e-01	6.069196667448555349e-01	6.795187484057350069e-01	6.380298626453250188e-01	6.069196667448555349e-01	6.069196667448555349e-01	6.069196667448555349e-01	6.069196667448555349e-01	1.000000000000000000e+00	6.946094801442129762e-01	6.069196667448555349e-01	6.069196667448555349e-01	6.069196667448555349e-01	6.030442124257889835e-01	6.069196667448555349e-01	6.069196667448555349e-01	5.814631812067529992e-01	6.069196667448555349e-01	6.069196667448555349e-01	6.069196667448555349e-01	6.069196667448555349e-01	6.069196667448555349e-01	6.069196667448555349e-01	6.069196667448555349e-01	5.843553893227589890e-01	6.069196667448555349e-01	6.069196667448555349e-01	6.069196667448555349e-01	6.069196667448555349e-01	6.069196667448555349e-01	5.428866564590170141e-01	6.069196667448555349e-01	6.069196667448555349e-01	5.801355147924079914e-01	6.069196667448555349e-01	6.069196667448555349e-01	6.055650366532610018e-01	5.650822460070650255e-01	6.069196667448555349e-01	6.090554912264970477e-01	6.069196667448555349e-01	6.301247108942860109e-01	6.069196667448555349e-01	6.069196667448555349e-01	6.069196667448555349e-01	6.069196667448555349e-01	6.069196667448555349e-01	6.157985824561279520e-01	6.069196667448555349e-01	6.069196667448555349e-01	5.893568427145320365e-01	6.069196667448555349e-01	6.360480995999580056e-01	6.069196667448555349e-01	6.069196667448555349e-01	6.069196667448555349e-01	6.069196667448555349e-01	6.069196667448555349e-01	6.069196667448555349e-01	6.235144124579520275e-01	6.069196667448555349e-01	6.069196667448555349e-01	5.807974920695939680e-01	6.069196667448555349e-01	5.751974363125079703e-01	6.069196667448555349e-01	6.028158249771750077e-01	6.150914202218630278e-01	6.069196667448555349e-01	6.069196667448555349e-01	6.069196667448555349e-01	6.156098083421559508e-01	6.069196667448555349e-01	6.069196667448555349e-01	6.069196667448555349e-01	5.608011301248480018e-01	6.069196667448555349e-01	6.069196667448555349e-01	6.069196667448555349e-01	6.196747335069699991e-01	6.036653995565770536e-01	6.069196667448555349e-01	6.069196667448555349e-01	6.069196667448555349e-01	6.069196667448555349e-01	6.069196667448555349e-01	6.069196667448555349e-01	6.069196667448555349e-01	6.398665848539409895e-01	6.069196667448555349e-01	6.069196667448555349e-01	5.220209690482939813e-01	6.069196667448555349e-01	6.069196667448555349e-01	6.104809405116690124e-01	6.069196667448555349e-01	6.137573630096020416e-01	6.069196667448555349e-01	6.114026874851119508e-01	6.069196667448555349e-01	6.069196667448555349e-01	6.069196667448555349e-01	6.069196667448555349e-01	5.931890014476780548e-01	5.962315829053500549e-01	6.069196667448555349e-01	6.069196667448555349e-01	6.069196667448555349e-01	6.069196667448555349e-01	6.069196667448555349e-01	5.951724011953150040e-01	6.069196667448555349e-01	6.069196667448555349e-01	6.069196667448555349e-01	6.133017829025360079e-01	6.069196667448555349e-01	6.069196667448555349e-01	6.069196667448555349e-01	6.069196667448555349e-01	6.069196667448555349e-01	6.069196667448555349e-01	6.069196667448555349e-01
6.544469317482169979e-01	6.549919059801000421e-01	6.069196667448555349e-01	6.069196667448555349e-01	7.191989189554559569e-01	6.069196667448555349e-01	6.069196667448555349e-01	6.069196667448555349e-01	6.533903113159650333e-01	6.069196667448555349e-01	6.946094801442129762e-01	1.000000000000000000e+00	6.752069770842269447e-01	5.986761072565609521e-01	6.101265024158809558e-01	6.069196667448555349e-01	6.069196667448555349e-01	5.110162890659359913e-01	6.069196667448555349e-01	6.069196667448555349e-01	6.069196667448555349e-01	6.069196667448555349e-01	6.069196667448555349e-01	6.069196667448555349e-01	6.069196667448555349e-01	6.936889628367639560e-01	5.387100646757749800e-01	6.247159789146740083e-01	6.069196667448555349e-01	6.069196667448555349e-01	6.069196667448555349e-01	5.659788828231659963e-01	6.069196667448555349e-01	6.069196667448555349e-01	6.069196667448555349e-01	6.069196667448555349e-01	6.069196667448555349e-01	5.577265032010739754e-01	5.755045893539699753e-01	6.069196667448555349e-01	5.976377851286589493e-01	6.069196667448555349e-01	6.069196667448555349e-01	6.394043998608469614e-01	6.069196667448555349e-01	6.069196667448555349e-01	6.069196667448555349e-01	6.069196667448555349e-01	6.069196667448555349e-01	6.061397135507909928e-01	6.069196667448555349e-01	6.069196667448555349e-01	5.830044634141640092e-01	6.069196667448555349e-01	6.069196667448555349e-01	6.069196667448555349e-01	6.069196667448555349e-01	6.069196667448555349e-01	5.635243371586200478e-01	6.069196667448555349e-01	6.406691264547870190e-01	6.069196667448555349e-01	6.069196667448555349e-01	6.205089207135809914e-01	6.069196667448555349e-01	6.069196667448555349e-01	6.069196667448555349e-01	6.069196667448555349e-01	6.069196667448555349e-01	6.069196667448555349e-01	6.069196667448555349e-01	6.069196667448555349e-01	6.069196667448555349e-01	6.069196667448555349e-01	5.964728758292270339e-01	6.069196667448555349e-01	6.069196667448555349e-01	6.069196667448555349e-01	6.356583591800050170e-01	6.069196667448555349e-01	6.069196667448555349e-01	6.069196667448555349e-01	6.069196667448555349e-01	6.069196667448555349e-01	6.069196667448555349e-01	6.069196667448555349e-01	6.069196667448555349e-01	6.069196667448555349e-01	6.877723384255930439e-01	6.069196667448555349e-01	6.069196667448555349e-01	6.069196667448555349e-01	6.069196667448555349e-01	6.069196667448555349e-01	6.069196667448555349e-01	6.246771429055839597e-01	6.069196667448555349e-01	6.124498561464889468e-01	6.069196667448555349e-01	6.964283680358640538e-01	6.721255211871559609e-01	6.069196667448555349e-01	6.199921059215679486e-01	6.069196667448555349e-01	6.069196667448555349e-01	6.069196667448555349e-01	6.573944352734709673e-01	6.069196667448555349e-01	6.069196667448555349e-01	6.069196667448555349e-01	6.069196667448555349e-01	6.017742869323069455e-01	6.069196667448555349e-01	6.069196667448555349e-01	6.069196667448555349e-01	6.069196667448555349e-01	6.069196667448555349e-01	6.647774978254600287e-01	6.747210370370859689e-01	6.069196667448555349e-01	6.069196667448555349e-01	6.069196667448555349e-01	6.069196667448555349e-01	6.970348733679849751e-01
