9.999999999999990008e-01	8.076220981493940076e-01	6.549255466898015188e-01	6.563778433582949656e-01	6.549255466898015188e-01	6.549255466898015188e-01	6.549255466898015188e-01	6.549255466898015188e-01	6.549255466898015188e-01	6.549255466898015188e-01	7.046713584866479696e-01	6.549255466898015188e-01	6.549255466898015188e-01	6.271140377251810394e-01	6.549255466898015188e-01	6.549255466898015188e-01	6.549255466898015188e-01	6.549255466898015188e-01	6.549255466898015188e-01	6.549255466898015188e-01	6.549255466898015188e-01	6.549255466898015188e-01	6.549255466898015188e-01	6.549255466898015188e-01	7.017911040700489655e-01	6.549255466898015188e-01	6.549255466898015188e-01	7.189394870151889494e-01	6.549255466898015188e-01	6.549255466898015188e-01	6.549255466898015188e-01	6.549255466898015188e-01	6.549255466898015188e-01	7.434257543257960510e-01	6.549255466898015188e-01	6.549255466898015188e-01	6.549255466898015188e-01	7.050207680689180023e-01	6.549255466898015188e-01	6.549255466898015188e-01	6.549255466898015188e-01	6.549255466898015188e-01	6.549255466898015188e-01	6.549255466898015188e-01	6.549255466898015188e-01	6.549255466898015188e-01	6.549255466898015188e-01	6.797796522430370469e-01	6.549255466898015188e-01	6.549255466898015188e-01	7.334082658689999867e-01	6.571006687993260487e-01	6.549255466898015188e-01	6.549255466898015188e-01	6.549255466898015188e-01	6.549255466898015188e-01	6.549255466898015188e-01	6.549255466898015188e-01	6.601910401475570289e-01	6.549255466898015188e-01	6.549255466898015188e-01	6.549255466898015188e-01	6.549255466898015188e-01	6.645421123561610077e-01	6.380959005013560059e-01	6.966879258539100395e-01	6.549255466898015188e-01	6.549255466898015188e-01	6.549255466898015188e-01	6.549255466898015188e-01	6.549255466898015188e-01	6.549255466898015188e-01	6.549255466898015188e-01	7.066360565965049689e-01	6.336728190860849708e-01	6.549255466898015188e-01	7.578932242642140160e-01	6.549255466898015188e-01	6.549255466898015188e-01	6.549255466898015188e-01	6.549255466898015188e-01	6.549255466898015188e-01	6.549255466898015188e-01	6.549255466898015188e-01	6.549255466898015188e-01	6.549255466898015188e-01	6.549255466898015188e-01	6.549255466898015188e-01	8.287794425176689961e-01	6.549255466898015188e-01	6.549255466898015188e-01	6.549255466898015188e-01	6.549255466898015188e-01	6.549255466898015188e-01	6.549255466898015188e-01	6.549255466898015188e-01	6.549255466898015188e-01	6.549255466898015188e-01	6.421933657187479660e-01	6.549255466898015188e-01	6.549255466898015188e-01	6.549255466898015188e-01	6.549255466898015188e-01	6.549255466898015188e-01	6.549255466898015188e-01	6.549255466898015188e-01	6.549255466898015188e-01	6.549255466898015188e-01	6.549255466898015188e-01	6.549255466898015188e-01	6.549255466898015188e-01	6.549255466898015188e-01	6.549255466898015188e-01	6.989658742885950238e-01	6.549255466898015188e-01	8.162564431068519699e-01	6.549255466898015188e-01	8.027231455711409946e-01	6.549255466898015188e-01	6.549255466898015188e-01	6.549255466898015188e-01	6.549255466898015188e-01	6.549255466898015188e-01	6.549255466898015188e-01
8.076220981493940076e-01	1.000000000000000000e+00	6.549255466898015188e-01	6.549255466898015188e-01	6.549255466898015188e-01	6.549255466898015188e-01	6.816729748704269953e-01	6.549255466898015188e-01	6.549255466898015188e-01	7.144139589593729855e-01	6.549255466898015188e-01	6.549255466898015188e-01	6.549255466898015188e-01	6.549255466898015188e-01	6.549255466898015188e-01	6.549255466898015188e-01	6.549255466898015188e-01	6.549255466898015188e-01	6.549255466898015188e-01	6.942944130068019470e-01	6.549255466898015188e-01	6.549255466898015188e-01	6.549255466898015188e-01	6.549255466898015188e-01	6.549255466898015188e-01	6.549255466898015188e-01	6.549255466898015188e-01	6.994690666177759697e-01	6.549255466898015188e-01	6.910183100062320394e-01	6.549255466898015188e-01	6.458468577899589835e-01	6.549255466898015188e-01	6.549255466898015188e-01	6.549255466898015188e-01	6.549255466898015188e-01	6.549255466898015188e-01	6.738329143567169943e-01	6.549255466898015188e-01	6.549255466898015188e-01	7.111388873456859772e-01	6.549255466898015188e-01	6.549255466898015188e-01	6.549255466898015188e-01	6.549255466898015188e-01	6.549255466898015188e-01	6.549255466898015188e-01	6.705066397255360355e-01	6.549255466898015188e-01	6.549255466898015188e-01	6.549255466898015188e-01	6.576677174908710510e-01	6.549255466898015188e-01	6.549255466898015188e-01	6.549255466898015188e-01	6.549255466898015188e-01	6.797327744763039803e-01	6.549255466898015188e-01	6.469766870973520101e-01	6.533289342248660425e-01	6.549255466898015188e-01	6.630675057962159835e-01	6.549255466898015188e-01	6.693423088324299552e-01	6.549255466898015188e-01	6.549255466898015188e-01	6.559262474115860053e-01	6.615390920534619523e-01	6.549255466898015188e-01	6.631622980730540462e-01	6.591669656578950098e-01	6.922222608069410477e-01	6.549255466898015188e-01	6.549255466898015188e-01	6.549255466898015188e-01	6.549255466898015188e-01	7.214561588923229518e-01	6.549255466898015188e-01	6.549255466898015188e-01	6.549255466898015188e-01	6.549255466898015188e-01	6.549255466898015188e-01	6.543468088163549856e-01	7.180125370226210224e-01	6.549255466898015188e-01	6.549255466898015188e-01	6.670445382932570499e-01	6.549255466898015188e-01	6.549255466898015188e-01	6.528434357038559455e-01	6.549255466898015188e-01	6.549255466898015188e-01	6.549255466898015188e-01	6.549255466898015188e-01	6.549255466898015188e-01	6.243847903068010519e-01	6.549255466898015188e-01	6.416878460222940062e-01	6.405191224369399805e-01	6.756034023124040111e-01	6.549255466898015188e-01	6.549255466898015188e-01	6.452012973249660055e-01	6.192136552457230270e-01	6.549255466898015188e-01	6.549255466898015188e-01	6.549255466898015188e-01	6.549255466898015188e-01	6.549255466898015188e-01	6.549255466898015188e-01	6.549255466898015188e-01	6.549255466898015188e-01	6.549255466898015188e-01	6.549255466898015188e-01	6.549255466898015188e-01	6.549255466898015188e-01	6.549255466898015188e-01	6.549255466898015188e-01	6.549255466898015188e-01	6.549255466898015188e-01	6.549255466898015188e-01	7.156130769185079510e-01	7.134401588683080275e-01	6.549255466898015188e-01
6.549255466898015188e-01	6.549255466898015188e-01	1.000000000000000000e+00	6.549255466898015188e-01	6.549255466898015188e-01	6.549255466898015188e-01	6.794559110714190053e-01	6.549255466898015188e-01	7.060441882014879544e-01	6.549255466898015188e-01	6.549255466898015188e-01	6.549255466898015188e-01	6.549255466898015188e-01	6.549255466898015188e-01	6.549255466898015188e-01	6.549255466898015188e-01	6.549255466898015188e-01	6.549255466898015188e-01	6.549255466898015188e-01	6.549255466898015188e-01	6.549255466898015188e-01	6.788215650571309823e-01	6.549255466898015188e-01	6.952859291580140155e-01	6.549255466898015188e-01	6.549255466898015188e-01	6.757982570334479799e-01	6.549255466898015188e-01	6.495865164475900233e-01	6.792242412745820301e-01	6.549255466898015188e-01	6.549255466898015188e-01	6.590625387464059681e-01	7.282900092489520416e-01	6.549255466898015188e-01	6.549255466898015188e-01	6.549255466898015188e-01	6.549255466898015188e-01	6.549255466898015188e-01	6.549255466898015188e-01	6.549255466898015188e-01	6.376972157723730383e-01	6.808745411190030294e-01	6.600806987954469518e-01	6.357697172156570042e-01	6.545946249509090320e-01	6.549255466898015188e-01	6.549255466898015188e-01	6.549255466898015188e-01	6.549255466898015188e-01	6.549255466898015188e-01	6.549255466898015188e-01	6.253530900452389796e-01	6.549255466898015188e-01	6.549255466898015188e-01	6.549255466898015188e-01	6.549255466898015188e-01	6.549255466898015188e-01	6.549255466898015188e-01	6.549255466898015188e-01	6.549255466898015188e-01	6.595741353969399867e-01	6.549255466898015188e-01	6.428257460437689641e-01	6.549255466898015188e-01	6.549255466898015188e-01	6.680009025704359837e-01	6.549255466898015188e-01	6.491637258387019660e-01	6.549255466898015188e-01	6.444304955398639789e-01	6.773799602594600122e-01	6.648457585255389546e-01	6.549255466898015188e-01	6.549255466898015188e-01	6.549255466898015188e-01	7.175258433542870407e-01	6.549255466898015188e-01	6.549255466898015188e-01	6.549255466898015188e-01	6.570116543399969755e-01	6.583475033699139889e-01	6.549255466898015188e-01	6.549255466898015188e-01	6.450432670364260046e-01	6.549255466898015188e-01	6.549255466898015188e-01	6.549255466898015188e-01	6.549255466898015188e-01	6.549255466898015188e-01	6.549255466898015188e-01	6.265345454497249778e-01	6.549255466898015188e-01	6.549255466898015188e-01	6.549255466898015188e-01	6.549255466898015188e-01	6.549255466898015188e-01	6.549255466898015188e-01	6.549255466898015188e-01	6.549255466898015188e-01	6.549255466898015188e-01	6.343514773010410224e-01	6.549255466898015188e-01	6.549255466898015188e-01	6.549255466898015188e-01	6.549255466898015188e-01	6.549255466898015188e-01	6.549255466898015188e-01	6.549255466898015188e-01	6.549255466898015188e-01	6.549255466898015188e-01	6.549255466898015188e-01	6.584805580710340056e-01	7.016320105051819800e-01	6.549255466898015188e-01	6.549255466898015188e-01	6.549255466898015188e-01	6.549255466898015188e-01	6.549255466898015188e-01	6.549255466898015188e-01	6.549255466898015188e-01	6.549255466898015188e-01	6.549255466898015188e-01	6.549255466898015188e-01
6.563778433582949656e-01	6.549255466898015188e-01	6.549255466898015188e-01	9.999999999999980016e-01	6.153594652815500554e-01	6.043980900903499487e-01	6.549255466898015188e-01	6.101433766403330239e-01	6.549255466898015188e-01	6.267136264620549735e-01	6.549255466898015188e-01	6.549255466898015188e-01	6.549255466898015188e-01	6.549255466898015188e-01	6.549255466898015188e-01	6.549255466898015188e-01	6.549255466898015188e-01	6.898701955340099667e-01	6.549255466898015188e-01	6.549255466898015188e-01	6.549255466898015188e-01	6.549255466898015188e-01	6.549255466898015188e-01	6.549255466898015188e-01	6.549255466898015188e-01	6.549255466898015188e-01	6.549255466898015188e-01	6.549255466898015188e-01	6.549255466898015188e-01	6.549255466898015188e-01	6.549255466898015188e-01	6.060386142810080257e-01	6.549255466898015188e-01	6.770921614947610356e-01	6.549255466898015188e-01	6.549255466898015188e-01	6.549255466898015188e-01	6.549255466898015188e-01	6.549255466898015188e-01	6.549255466898015188e-01	6.549255466898015188e-01	6.549255466898015188e-01	6.549255466898015188e-01	6.549255466898015188e-01	6.549255466898015188e-01	6.549255466898015188e-01	6.100798044478129567e-01	6.549255466898015188e-01	6.549255466898015188e-01	6.366722157682219718e-01	6.549255466898015188e-01	6.549255466898015188e-01	5.988633089127429754e-01	6.549255466898015188e-01	6.155896702810740306e-01	6.408556716808040399e-01	6.527409360685030304e-01	6.549255466898015188e-01	6.549255466898015188e-01	6.046664640461290041e-01	6.549255466898015188e-01	6.549255466898015188e-01	5.943146441960299731e-01	6.350714287205909692e-01	6.549255466898015188e-01	6.549255466898015188e-01	6.549255466898015188e-01	6.549255466898015188e-01	6.838010210886450446e-01	6.116434466959349558e-01	6.549255466898015188e-01	6.549255466898015188e-01	6.105226373676949647e-01	6.504364107687049534e-01	6.549255466898015188e-01	6.549255466898015188e-01	6.549255466898015188e-01	6.549255466898015188e-01	6.331613792623159709e-01	6.549255466898015188e-01	6.549255466898015188e-01	6.549255466898015188e-01	6.549255466898015188e-01	6.549255466898015188e-01	6.262043055375560163e-01	6.549255466898015188e-01	6.454443389916759699e-01	6.549255466898015188e-01	6.549255466898015188e-01	6.549255466898015188e-01	6.549255466898015188e-01	6.549255466898015188e-01	6.549255466898015188e-01	6.549255466898015188e-01	6.549255466898015188e-01	6.549255466898015188e-01	6.549255466898015188e-01	6.156150411221029684e-01	6.549255466898015188e-01	6.549255466898015188e-01	6.549255466898015188e-01	6.549255466898015188e-01	6.549255466898015188e-01	6.549255466898015188e-01	6.029016117791210494e-01	6.549255466898015188e-01	6.206253678112190197e-01	6.549255466898015188e-01	6.549255466898015188e-01	6.549255466898015188e-01	6.549255466898015188e-01	6.549255466898015188e-01	6.549255466898015188e-01	6.549255466898015188e-01	6.549255466898015188e-01	6.549255466898015188e-01	6.549255466898015188e-01	6.549255466898015188e-01	6.549255466898015188e-01	6.549255466898015188e-01	6.549255466898015188e-01	6.302221876670049960e-01	6.549255466898015188e-01	6.549255466898015188e-01
6.549255466898015188e-01	6.549255466898015188e-01	6.549255466898015188e-01	6.153594652815500554e-01	9.999999999999980016e-01	6.549255466898015188e-01	6.549255466898015188e-01	7.355272375743010516e-01	6.549255466898015188e-01	6.549255466898015188e-01	6.549255466898015188e-01	7.562611321099980133e-01	6.549255466898015188e-01	6.549255466898015188e-01	6.549255466898015188e-01	6.549255466898015188e-01	6.369491267112490362e-01	6.549255466898015188e-01	6.549255466898015188e-01	6.549255466898015188e-01	6.549255466898015188e-01	6.549255466898015188e-01	6.549255466898015188e-01	6.315592759110959520e-01	6.549255466898015188e-01	6.549255466898015188e-01	6.549255466898015188e-01	6.549255466898015188e-01	6.549255466898015188e-01	6.549255466898015188e-01	6.549255466898015188e-01	6.549255466898015188e-01	6.549255466898015188e-01	6.549255466898015188e-01	6.549255466898015188e-01	5.938174281145529587e-01	6.366720314161440353e-01	6.549255466898015188e-01	6.549255466898015188e-01	6.549255466898015188e-01	6.549255466898015188e-01	6.549255466898015188e-01	7.111280564395620063e-01	6.549255466898015188e-01	5.653240597027660019e-01	6.549255466898015188e-01	6.549255466898015188e-01	6.549255466898015188e-01	6.549255466898015188e-01	6.549255466898015188e-01	6.549255466898015188e-01	6.549255466898015188e-01	6.549255466898015188e-01	6.549255466898015188e-01	6.549255466898015188e-01	6.549255466898015188e-01	6.549255466898015188e-01	6.549255466898015188e-01	6.215523670683410495e-01	6.549255466898015188e-01	6.623317383636609934e-01	6.549255466898015188e-01	6.549255466898015188e-01	6.549255466898015188e-01	5.991123699385010326e-01	6.549255466898015188e-01	6.170090006972099861e-01	6.549255466898015188e-01	6.549255466898015188e-01	6.848590559273940448e-01	6.549255466898015188e-01	6.549255466898015188e-01	6.364005666132439565e-01	6.424412162890760225e-01	6.549255466898015188e-01	6.549255466898015188e-01	6.549255466898015188e-01	6.370283570300919740e-01	6.758960495450549999e-01	6.251890108568399773e-01	6.549255466898015188e-01	6.549255466898015188e-01	6.549255466898015188e-01	6.805012880595300295e-01	6.549255466898015188e-01	6.772436438640540013e-01	6.549255466898015188e-01	6.549255466898015188e-01	6.549255466898015188e-01	6.421823155578220144e-01	6.549255466898015188e-01	6.549255466898015188e-01	6.250798733952369624e-01	6.549255466898015188e-01	6.549255466898015188e-01	6.549255466898015188e-01	6.549255466898015188e-01	6.607359084921089476e-01	6.549255466898015188e-01	6.549255466898015188e-01	6.549255466898015188e-01	6.549255466898015188e-01	6.549255466898015188e-01	6.549255466898015188e-01	6.549255466898015188e-01	6.549255466898015188e-01	6.599338653593449511e-01	6.549255466898015188e-01	6.549255466898015188e-01	6.549255466898015188e-01	6.250624967675469934e-01	6.555578891561469890e-01	6.549255466898015188e-01	6.549255466898015188e-01	6.549255466898015188e-01	6.549255466898015188e-01	6.549255466898015188e-01	6.549255466898015188e-01	6.549255466898015188e-01	6.549255466898015188e-01	6.549255466898015188e-01	6.549255466898015188e-01	6.549255466898015188e-01	6.549255466898015188e-01
6.549255466898015188e-01	6.549255466898015188e-01	6.549255466898015188e-01	6.043980900903499487e-01	6.549255466898015188e-01	9.999999999999980016e-01	6.549255466898015188e-01	6.549255466898015188e-01	6.557875881946030328e-01	6.549255466898015188e-01	6.832696985185859884e-01	7.220451840098359719e-01	7.088977543645720303e-01	6.549255466898015188e-01	6.549255466898015188e-01	6.549255466898015188e-01	6.647582059326899717e-01	5.745710915053939827e-01	6.549255466898015188e-01	6.549255466898015188e-01	6.604230753646710417e-01	6.549255466898015188e-01	6.549255466898015188e-01	6.549255466898015188e-01	6.549255466898015188e-01	6.778564823477060131e-01	5.870663439458360111e-01	6.549255466898015188e-01	5.984964377938190028e-01	6.398753188539350045e-01	6.282942369437689578e-01	6.549255466898015188e-01	6.549255466898015188e-01	6.988284596346749922e-01	6.549255466898015188e-01	6.549255466898015188e-01	6.549255466898015188e-01	6.549255466898015188e-01	6.330071081897760132e-01	6.549255466898015188e-01	6.549255466898015188e-01	6.549255466898015188e-01	6.846608032981359448e-01	6.549255466898015188e-01	5.779068984108479690e-01	6.549255466898015188e-01	5.951267788663170411e-01	6.549255466898015188e-01	6.767138796867590012e-01	6.549520619634540131e-01	6.644676326700440505e-01	7.138945806134689986e-01	6.549255466898015188e-01	6.549255466898015188e-01	6.549255466898015188e-01	6.549255466898015188e-01	6.692465278532240269e-01	6.549255466898015188e-01	6.115864765350239596e-01	6.119388078980190215e-01	6.549255466898015188e-01	6.549255466898015188e-01	6.549255466898015188e-01	6.405817775721980301e-01	6.549255466898015188e-01	6.549255466898015188e-01	6.000232038129460488e-01	6.549255466898015188e-01	6.549255466898015188e-01	6.549255466898015188e-01	6.549255466898015188e-01	6.549255466898015188e-01	6.549255466898015188e-01	6.594001860981080210e-01	6.549255466898015188e-01	6.549255466898015188e-01	6.549255466898015188e-01	6.549255466898015188e-01	7.044012672450069568e-01	6.549255466898015188e-01	6.549255466898015188e-01	6.003134446293030280e-01	6.549255466898015188e-01	6.318464368772690465e-01	6.549255466898015188e-01	6.635461267299850308e-01	6.970944020902649640e-01	6.549255466898015188e-01	6.930596388739780345e-01	6.549255466898015188e-01	6.549255466898015188e-01	6.739739716871110398e-01	6.549255466898015188e-01	5.751665450138260249e-01	6.549255466898015188e-01	6.549255466898015188e-01	7.065692014195239512e-01	6.331258428699140239e-01	6.549255466898015188e-01	6.549255466898015188e-01	6.549255466898015188e-01	6.549255466898015188e-01	6.549255466898015188e-01	5.901384989367619571e-01	6.549255466898015188e-01	6.549255466898015188e-01	7.111830797056259978e-01	6.549255466898015188e-01	5.866551060375589932e-01	6.549255466898015188e-01	6.549255466898015188e-01	6.549255466898015188e-01	6.549255466898015188e-01	6.549255466898015188e-01	6.549255466898015188e-01	6.549255466898015188e-01	6.549255466898015188e-01	6.549255466898015188e-01	6.827659791555690250e-01	6.549255466898015188e-01	6.549255466898015188e-01	6.772760114647830010e-01	6.549255466898015188e-01	6.549255466898015188e-01
6.549255466898015188e-01	6.816729748704269953e-01	6.794559110714190053e-01	6.549255466898015188e-01	6.549255466898015188e-01	6.549255466898015188e-01	9.999999999999990008e-01	6.549255466898015188e-01	7.308190037720440069e-01	6.909741243990970005e-01	6.549255466898015188e-01	7.465443533183909741e-01	6.549255466898015188e-01	6.549255466898015188e-01	6.549255466898015188e-01	6.549255466898015188e-01	6.549255466898015188e-01	6.549255466898015188e-01	6.022856628546690017e-01	7.426135682408430139e-01	6.356625150698830273e-01	6.549255466898015188e-01	6.549255466898015188e-01	6.549255466898015188e-01	7.223667535680869944e-01	6.549255466898015188e-01	5.884939601612100279e-01	6.549255466898015188e-01	6.549255466898015188e-01	6.549255466898015188e-01	6.549255466898015188e-01	6.056458581661570140e-01	5.723470010402780250e-01	6.549255466898015188e-01	6.549255466898015188e-01	6.549255466898015188e-01	6.549255466898015188e-01	6.131908821853859770e-01	6.549255466898015188e-01	6.549255466898015188e-01	6.549255466898015188e-01	6.549255466898015188e-01	7.008294695139599684e-01	6.549255466898015188e-01	5.725923304782509771e-01	6.549255466898015188e-01	6.549255466898015188e-01	6.549255466898015188e-01	6.549255466898015188e-01	6.307988091604009862e-01	6.549255466898015188e-01	6.549255466898015188e-01	6.549255466898015188e-01	6.549255466898015188e-01	6.674338763464969793e-01	6.549255466898015188e-01	6.748821633928530073e-01	6.549255466898015188e-01	6.189577121679510352e-01	6.194295709905750513e-01	6.549255466898015188e-01	6.549255466898015188e-01	6.549255466898015188e-01	6.549255466898015188e-01	5.869894421833500298e-01	6.863313953023050251e-01	6.549255466898015188e-01	6.549255466898015188e-01	6.410371775690989482e-01	6.549255466898015188e-01	6.549255466898015188e-01	6.563495628190819664e-01	6.272718893350199831e-01	6.478218389913590336e-01	6.549255466898015188e-01	6.549255466898015188e-01	6.549255466898015188e-01	6.549255466898015188e-01	6.859792713089110094e-01	6.298362469396220353e-01	6.549255466898015188e-01	6.549255466898015188e-01	6.549255466898015188e-01	6.543262440647199529e-01	6.078946981759919543e-01	6.549255466898015188e-01	6.549255466898015188e-01	6.549255466898015188e-01	6.966525112155740329e-01	6.549255466898015188e-01	6.959611090333549521e-01	6.549255466898015188e-01	6.549255466898015188e-01	6.549255466898015188e-01	6.549255466898015188e-01	6.487243888317679730e-01	6.549255466898015188e-01	6.549255466898015188e-01	6.549255466898015188e-01	6.549255466898015188e-01	6.549255466898015188e-01	6.687040556575399863e-01	6.549255466898015188e-01	6.549255466898015188e-01	6.549255466898015188e-01	6.549255466898015188e-01	6.549255466898015188e-01	6.549255466898015188e-01	6.074091721871639482e-01	6.549255466898015188e-01	6.181029391451310362e-01	6.455499735917880066e-01	6.549255466898015188e-01	6.556269231051670143e-01	6.598402071438029814e-01	6.549255466898015188e-01	6.549255466898015188e-01	6.549255466898015188e-01	6.896600683529390263e-01	6.549255466898015188e-01	6.549255466898015188e-01	7.019984957644650470e-01	6.549255466898015188e-01	6.549255466898015188e-01
6.549255466898015188e-01	6.549255466898015188e-01	6.549255466898015188e-01	6.101433766403330239e-01	7.355272375743010516e-01	6.549255466898015188e-01	6.549255466898015188e-01	1.000000000000000000e+00	6.549255466898015188e-01	7.463781274849400349e-01	6.549255466898015188e-01	7.139963033549110438e-01	6.549255466898015188e-01	5.963582418056839751e-01	6.860003863169320537e-01	6.549255466898015188e-01	6.549255466898015188e-01	6.549255466898015188e-01	6.549255466898015188e-01	6.549255466898015188e-01	6.183631161036949875e-01	6.549255466898015188e-01	6.549255466898015188e-01	6.549255466898015188e-01	6.549255466898015188e-01	6.549255466898015188e-01	6.549255466898015188e-01	6.549255466898015188e-01	6.403248354011269461e-01	6.549255466898015188e-01	6.549255466898015188e-01	6.549255466898015188e-01	6.317892672821440181e-01	6.549255466898015188e-01	6.549255466898015188e-01	6.549255466898015188e-01	6.602203448309450495e-01	6.549255466898015188e-01	6.549255466898015188e-01	6.549255466898015188e-01	6.549255466898015188e-01	6.549255466898015188e-01	6.549255466898015188e-01	6.549255466898015188e-01	6.549255466898015188e-01	6.549255466898015188e-01	6.549255466898015188e-01	6.521509340211160133e-01	6.602341305803219873e-01	6.424318735846570316e-01	6.549255466898015188e-01	6.549255466898015188e-01	5.993063768041839712e-01	6.549255466898015188e-01	6.549255466898015188e-01	6.306287443001280524e-01	6.549255466898015188e-01	6.229191547098390513e-01	6.549255466898015188e-01	6.352129550098549737e-01	6.550895083061899493e-01	6.549255466898015188e-01	6.549255466898015188e-01	6.549255466898015188e-01	6.094829676042200495e-01	6.657169097270669855e-01	6.549255466898015188e-01	6.549255466898015188e-01	6.549255466898015188e-01	6.549255466898015188e-01	6.549255466898015188e-01	6.549255466898015188e-01	6.549255466898015188e-01	6.549255466898015188e-01	6.549255466898015188e-01	6.404919551535820377e-01	6.549255466898015188e-01	6.174909877088949894e-01	6.549255466898015188e-01	6.345947409072469902e-01	7.033537954762330013e-01	6.549255466898015188e-01	6.549255466898015188e-01	6.549255466898015188e-01	6.411410463523500303e-01	6.549255466898015188e-01	6.602471797181179713e-01	6.549255466898015188e-01	6.549255466898015188e-01	6.549255466898015188e-01	6.549255466898015188e-01	6.549255466898015188e-01	5.803240508799110131e-01	5.929158402757610524e-01	6.070886793747940491e-01	6.549255466898015188e-01	6.549255466898015188e-01	6.549255466898015188e-01	6.217610133187839727e-01	6.501101147796719548e-01	6.571874075950979721e-01	6.549255466898015188e-01	6.549255466898015188e-01	6.549255466898015188e-01	6.311645772258900333e-01	6.119802351959410247e-01	6.549255466898015188e-01	6.329511591622779543e-01	6.549255466898015188e-01	6.549255466898015188e-01	6.549255466898015188e-01	6.881951623738049584e-01	6.549255466898015188e-01	6.453276474868300250e-01	6.549255466898015188e-01	7.136812347449249527e-01	6.549255466898015188e-01	6.549255466898015188e-01	6.549255466898015188e-01	6.549255466898015188e-01	6.549255466898015188e-01	6.549255466898015188e-01	6.549255466898015188e-01	6.549255466898015188e-01
6.549255466898015188e-01	6.549255466898015188e-01	7.060441882014879544e-01	6.549255466898015188e-01	6.549255466898015188e-01	6.557875881946030328e-01	7.308190037720440069e-01	6.549255466898015188e-01	1.000000000000000000e+00	7.343528234844830527e-01	6.549255466898015188e-01	6.549255466898015188e-01	6.549255466898015188e-01	6.549255466898015188e-01	6.549255466898015188e-01	6.549255466898015188e-01	6.549255466898015188e-01	6.549255466898015188e-01	6.549255466898015188e-01	6.549255466898015188e-01	6.549255466898015188e-01	6.614859194003019915e-01	6.549255466898015188e-01	6.863025615515599975e-01	7.545385266746390540e-01	6.913656919240149801e-01	6.549255466898015188e-01	7.539117724525520314e-01	6.549255466898015188e-01	6.549255466898015188e-01	6.866324645723259623e-01	6.549255466898015188e-01	6.452049284831740117e-01	6.549255466898015188e-01	6.563233687651189863e-01	6.549255466898015188e-01	6.549255466898015188e-01	6.549255466898015188e-01	6.623613873939090402e-01	6.549255466898015188e-01	6.549255466898015188e-01	6.549255466898015188e-01	6.549255466898015188e-01	6.549255466898015188e-01	5.996027652331390456e-01	6.894470279667600510e-01	6.549255466898015188e-01	6.549255466898015188e-01	6.549255466898015188e-01	6.536691548388530171e-01	6.549255466898015188e-01	6.549255466898015188e-01	6.549255466898015188e-01	6.549255466898015188e-01	6.523361339070510301e-01	6.549255466898015188e-01	6.549255466898015188e-01	6.549255466898015188e-01	6.549255466898015188e-01	6.364381672300130077e-01	6.549255466898015188e-01	6.255852271660350405e-01	6.549255466898015188e-01	6.549255466898015188e-01	6.549255466898015188e-01	6.667692438005869970e-01	6.549255466898015188e-01	6.549255466898015188e-01	6.549255466898015188e-01	6.417480548139390395e-01	6.549255466898015188e-01	6.549255466898015188e-01	6.432787315097050485e-01	6.549255466898015188e-01	6.549255466898015188e-01	6.549255466898015188e-01	7.162407051228919519e-01	6.275587857359320454e-01	6.532984681897350265e-01	6.367124599986879740e-01	6.883971248085279937e-01	6.485798936403309733e-01	6.549255466898015188e-01	6.549255466898015188e-01	6.315533679273720447e-01	6.375005770950620265e-01	6.708441926222039609e-01	6.549255466898015188e-01	6.549255466898015188e-01	6.549255466898015188e-01	6.549255466898015188e-01	6.549255466898015188e-01	5.871733401258499851e-01	5.867217742425929750e-01	5.824675282331850390e-01	6.549255466898015188e-01	6.549255466898015188e-01	6.549255466898015188e-01	6.549255466898015188e-01	6.469075216211910284e-01	6.326847208715989934e-01	6.549255466898015188e-01	6.049848378708320151e-01	6.141753286716800098e-01	6.549255466898015188e-01	6.549255466898015188e-01	6.292589660656630057e-01	6.479252428542230380e-01	6.549255466898015188e-01	6.549255466898015188e-01	6.844449262349799890e-01	6.996293465748160134e-01	6.549255466898015188e-01	6.563142319346489950e-01	6.927096127790830504e-01	6.549255466898015188e-01	6.549255466898015188e-01	6.549255466898015188e-01	7.099293691591189726e-01	6.549255466898015188e-01	6.549255466898015188e-01	6.549255466898015188e-01	6.549255466898015188e-01	6.549255466898015188e-01
6.549255466898015188e-01	7.144139589593729855e-01	6.549255466898015188e-01	6.267136264620549735e-01	6.549255466898015188e-01	6.549255466898015188e-01	6.909741243990970005e-01	7.463781274849400349e-01	7.343528234844830527e-01	1.000000000000000000e+00	6.549255466898015188e-01	6.549255466898015188e-01	6.549255466898015188e-01	6.549255466898015188e-01	6.549255466898015188e-01	6.549255466898015188e-01	6.549255466898015188e-01	5.948779882406159958e-01	6.547387388354639626e-01	6.549255466898015188e-01	6.173468092146210395e-01	6.549255466898015188e-01	7.334014690602459474e-01	6.549255466898015188e-01	6.549255466898015188e-01	6.549255466898015188e-01	6.690917354938139550e-01	6.549255466898015188e-01	6.549255466898015188e-01	6.549255466898015188e-01	6.549255466898015188e-01	6.549255466898015188e-01	6.549255466898015188e-01	6.878599126168439826e-01	6.549255466898015188e-01	6.549255466898015188e-01	6.719160391240239782e-01	6.549255466898015188e-01	6.549255466898015188e-01	6.142671713306280257e-01	6.759249149967739845e-01	6.549255466898015188e-01	6.549255466898015188e-01	6.549255466898015188e-01	6.549255466898015188e-01	6.549255466898015188e-01	6.549255466898015188e-01	6.549255466898015188e-01	6.549255466898015188e-01	6.549255466898015188e-01	6.549255466898015188e-01	6.205419756584139579e-01	6.549255466898015188e-01	6.549255466898015188e-01	6.549255466898015188e-01	6.549255466898015188e-01	6.627111396624439932e-01	6.358195041129459657e-01	6.549255466898015188e-01	6.549255466898015188e-01	6.543040273143589936e-01	6.549255466898015188e-01	6.549255466898015188e-01	6.392441281959769794e-01	6.341203224446010367e-01	6.683608294582340514e-01	6.549255466898015188e-01	6.549255466898015188e-01	6.549255466898015188e-01	6.549255466898015188e-01	6.211046335880100466e-01	6.549255466898015188e-01	6.549255466898015188e-01	6.549255466898015188e-01	6.100560711486100463e-01	6.549255466898015188e-01	6.549255466898015188e-01	6.549255466898015188e-01	6.549255466898015188e-01	6.549255466898015188e-01	6.549255466898015188e-01	6.549255466898015188e-01	6.549255466898015188e-01	6.549255466898015188e-01	6.549255466898015188e-01	6.549255466898015188e-01	6.568213332212929911e-01	6.549255466898015188e-01	6.549255466898015188e-01	6.549255466898015188e-01	6.703395291900720032e-01	6.549255466898015188e-01	6.549255466898015188e-01	6.549255466898015188e-01	6.549255466898015188e-01	6.021742636173970098e-01	6.335824703111430090e-01	6.286859144833899515e-01	6.549255466898015188e-01	6.417292333186159770e-01	6.249053782245750366e-01	6.549255466898015188e-01	6.241426432487759968e-01	6.549255466898015188e-01	6.549255466898015188e-01	6.089524580982069724e-01	6.286913220250679446e-01	6.549255466898015188e-01	6.549255466898015188e-01	6.549255466898015188e-01	6.549255466898015188e-01	7.008109967915480132e-01	6.549255466898015188e-01	6.549255466898015188e-01	6.710148581823169867e-01	6.549255466898015188e-01	6.549255466898015188e-01	6.549255466898015188e-01	6.549255466898015188e-01	6.549255466898015188e-01	6.111199440225060231e-01	6.549255466898015188e-01	6.549255466898015188e-01	6.549255466898015188e-01
7.046713584866479696e-01	6.549255466898015188e-01	6.549255466898015188e-01	6.549255466898015188e-01	6.549255466898015188e-01	6.832696985185859884e-01	6.549255466898015188e-01	6.549255466898015188e-01	6.549255466898015188e-01	6.549255466898015188e-01	1.000000000000000000e+00	6.549255466898015188e-01	6.872990918287249507e-01	6.549255466898015188e-01	6.549255466898015188e-01	6.549255466898015188e-01	6.359927463659139635e-01	6.549255466898015188e-01	6.549255466898015188e-01	6.549255466898015188e-01	6.549255466898015188e-01	6.549255466898015188e-01	6.549255466898015188e-01	6.549255466898015188e-01	6.549255466898015188e-01	6.549255466898015188e-01	6.342290644766049867e-01	6.549255466898015188e-01	6.549255466898015188e-01	6.549255466898015188e-01	6.549255466898015188e-01	6.549255466898015188e-01	5.958701384285990388e-01	6.897120920214659945e-01	6.549255466898015188e-01	6.549255466898015188e-01	6.468773359456010397e-01	6.456737375082129970e-01	6.549255466898015188e-01	6.549255466898015188e-01	6.424370075481929954e-01	6.568784352127590154e-01	6.549255466898015188e-01	6.549255466898015188e-01	6.549255466898015188e-01	6.549255466898015188e-01	6.549255466898015188e-01	6.719698509881300019e-01	6.549255466898015188e-01	6.549255466898015188e-01	6.549255466898015188e-01	6.549255466898015188e-01	6.549255466898015188e-01	6.549255466898015188e-01	6.549255466898015188e-01	6.404417469972990551e-01	6.549255466898015188e-01	6.297011105573500078e-01	6.549255466898015188e-01	6.549255466898015188e-01	6.563364171476829823e-01	6.549255466898015188e-01	6.549255466898015188e-01	6.516340544669400048e-01	6.549255466898015188e-01	6.549255466898015188e-01	6.549255466898015188e-01	6.549255466898015188e-01	6.549255466898015188e-01	6.549255466898015188e-01	6.509119534873459845e-01	6.549255466898015188e-01	6.549255466898015188e-01	6.628648690841669744e-01	6.395281736805600303e-01	6.549255466898015188e-01	6.549255466898015188e-01	6.549255466898015188e-01	6.479357823244119574e-01	6.367995497645749792e-01	6.549255466898015188e-01	6.665727131203950107e-01	6.549255466898015188e-01	6.471954109196560445e-01	6.402051762217280118e-01	6.549255466898015188e-01	6.549255466898015188e-01	6.549255466898015188e-01	6.549255466898015188e-01	6.640168600983720193e-01	6.549255466898015188e-01	6.252613103934949734e-01	6.225405372426250361e-01	6.549255466898015188e-01	6.549255466898015188e-01	6.322443574719830428e-01	6.549255466898015188e-01	6.549255466898015188e-01	6.549255466898015188e-01	6.549255466898015188e-01	6.549255466898015188e-01	6.500668504324289554e-01	6.512858706171029688e-01	6.106056717776969789e-01	6.549255466898015188e-01	6.549255466898015188e-01	6.549255466898015188e-01	6.504031682639119794e-01	6.215848911253579745e-01	6.040069744397960072e-01	6.206940177867550368e-01	6.549255466898015188e-01	6.549255466898015188e-01	6.549255466898015188e-01	6.549255466898015188e-01	6.549255466898015188e-01	6.549255466898015188e-01	6.549255466898015188e-01	6.549255466898015188e-01	6.549255466898015188e-01	6.549255466898015188e-01	6.995333114522620521e-01	6.549255466898015188e-01	6.549255466898015188e-01
6.549255466898015188e-01	6.549255466898015188e-01	6.549255466898015188e-01	6.549255466898015188e-01	7.562611321099980133e-01	7.220451840098359719e-01	7.465443533183909741e-01	7.139963033549110438e-01	6.549255466898015188e-01	6.549255466898015188e-01	6.549255466898015188e-01	1.000000000000000000e+00	7.168669099648290466e-01	6.473781918683190195e-01	6.578573198002050093e-01	6.549255466898015188e-01	6.549255466898015188e-01	6.549255466898015188e-01	6.549255466898015188e-01	6.549255466898015188e-01	6.549255466898015188e-01	6.549255466898015188e-01	6.549255466898015188e-01	6.282188476597779792e-01	6.859397444254170528e-01	7.334635476363779993e-01	6.549255466898015188e-01	6.549255466898015188e-01	6.549255466898015188e-01	6.549255466898015188e-01	6.459175616202079695e-01	6.549255466898015188e-01	6.549255466898015188e-01	6.549255466898015188e-01	6.549255466898015188e-01	6.549255466898015188e-01	6.549255466898015188e-01	6.549255466898015188e-01	6.549255466898015188e-01	6.549255466898015188e-01	6.549255466898015188e-01	6.549255466898015188e-01	6.895093586019349630e-01	6.549255466898015188e-01	6.549255466898015188e-01	6.549255466898015188e-01	6.549255466898015188e-01	6.549255466898015188e-01	6.518984207037360479e-01	6.542121364859260213e-01	6.549255466898015188e-01	6.639059969406070350e-01	6.329861400468109744e-01	6.545874327066809606e-01	6.549255466898015188e-01	6.549255466898015188e-01	6.549255466898015188e-01	6.549255466898015188e-01	6.150139621931060008e-01	6.549255466898015188e-01	6.549255466898015188e-01	6.549255466898015188e-01	7.275108821357310074e-01	6.549255466898015188e-01	6.549255466898015188e-01	6.549255466898015188e-01	6.549255466898015188e-01	6.549255466898015188e-01	6.405862526605029528e-01	6.838136137842010243e-01	6.549255466898015188e-01	6.549255466898015188e-01	6.549255466898015188e-01	6.397901245496709910e-01	6.549255466898015188e-01	6.549255466898015188e-01	6.549255466898015188e-01	6.549255466898015188e-01	6.549255466898015188e-01	6.549255466898015188e-01	6.549255466898015188e-01	6.549255466898015188e-01	6.549255466898015188e-01	6.658349818027119449e-01	6.549255466898015188e-01	6.856662320874099548e-01	6.549255466898015188e-01	6.758537551732359816e-01	6.549255466898015188e-01	6.549255466898015188e-01	7.153775120669380039e-01	6.549255466898015188e-01	6.549255466898015188e-01	6.549255466898015188e-01	6.643456352354399908e-01	6.711306048515810474e-01	6.549255466898015188e-01	6.549255466898015188e-01	6.549255466898015188e-01	6.549255466898015188e-01	6.549255466898015188e-01	6.817135150201339977e-01	6.549255466898015188e-01	6.549255466898015188e-01	6.549255466898015188e-01	6.604113632522859989e-01	6.549255466898015188e-01	6.231466728366490404e-01	6.549255466898015188e-01	5.929823585294730082e-01	6.549255466898015188e-01	6.502165634635509450e-01	6.549255466898015188e-01	6.549255466898015188e-01	6.549255466898015188e-01	7.090248630761319948e-01	6.549255466898015188e-01	6.549255466898015188e-01	6.549255466898015188e-01	6.549255466898015188e-01	6.549255466898015188e-01	6.549255466898015188e-01	6.549255466898015188e-01	6.549255466898015188e-01
