1.000000000000309974e+00	4.929334617819600139e-01	8.398558934817229593e-01	4.929334617819600139e-01	4.929334617819600139e-01	4.929334617819600139e-01	6.225362558302960370e-01	5.742980196426890060e-01	4.929334617819600139e-01	5.379343573391529576e-01	4.929334617819600139e-01	4.929334617819600139e-01	6.074419298801050360e-01	5.240473824562790206e-01	4.929334617819600139e-01	5.620839078191279814e-01	4.929334617819600139e-01	4.929334617819600139e-01	4.929334617819600139e-01	4.929334617819600139e-01	4.929334617819600139e-01	4.148682414634700111e-01	4.929334617819600139e-01	4.929334617819600139e-01	5.339247822029240531e-01	4.929334617819600139e-01	4.929334617819600139e-01	4.929334617819600139e-01	4.929334617819600139e-01	4.929334617819600139e-01	4.929334617819600139e-01	4.929334617819600139e-01	6.346828400330399855e-01	4.929334617819600139e-01	4.870760429436319927e-01	4.929334617819600139e-01	5.355300686698220014e-01	6.327192562103459705e-01	4.929334617819600139e-01	4.929334617819600139e-01	4.929334617819600139e-01	4.929334617819600139e-01	4.929334617819600139e-01	4.929334617819600139e-01	4.929334617819600139e-01	4.805589073738890105e-01	4.644293788043349913e-01	4.929334617819600139e-01	4.929334617819600139e-01	4.929334617819600139e-01	4.929334617819600139e-01	4.929334617819600139e-01	4.929334617819600139e-01	4.232862175179509800e-01	4.929334617819600139e-01	4.929334617819600139e-01	4.929334617819600139e-01	4.929334617819600139e-01	4.929334617819600139e-01	4.929334617819600139e-01	5.648304013307380300e-01	5.312817754149019578e-01	4.929334617819600139e-01	4.929334617819600139e-01	4.929334617819600139e-01	4.929334617819600139e-01	5.485337562268609579e-01	4.929334617819600139e-01	4.649247237331239901e-01	4.929334617819600139e-01	4.929334617819600139e-01	4.929334617819600139e-01	4.929334617819600139e-01	4.929334617819600139e-01	4.929334617819600139e-01	4.929334617819600139e-01	4.929334617819600139e-01	4.929334617819600139e-01	4.929334617819600139e-01	4.929334617819600139e-01	4.929334617819600139e-01	4.929334617819600139e-01	4.929334617819600139e-01	4.929334617819600139e-01	4.529682109506210086e-01	4.929334617819600139e-01	4.929334617819600139e-01	6.580588559183759845e-01	4.929334617819600139e-01	5.415006130710009469e-01	5.782659508264019754e-01	4.929334617819600139e-01	4.929334617819600139e-01	4.929334617819600139e-01	4.929334617819600139e-01	4.929334617819600139e-01	4.929334617819600139e-01	4.929334617819600139e-01	5.074108687811590412e-01	4.929334617819600139e-01	4.929334617819600139e-01	4.411422010155630069e-01	4.929334617819600139e-01	4.929334617819600139e-01	4.929334617819600139e-01	4.504900087934859965e-01	4.929334617819600139e-01	4.929334617819600139e-01	4.929334617819600139e-01	4.725964635815440018e-01	6.177678758814829640e-01	4.929334617819600139e-01	5.643527259090620474e-01	4.929334617819600139e-01	4.929334617819600139e-01	4.929334617819600139e-01	8.055387664313180540e-01	8.214605469040130448e-01	7.810524881533670305e-01	5.442732876247380336e-01	4.929334617819600139e-01	4.929334617819600139e-01	6.586977308974040213e-01	4.929334617819600139e-01
4.929334617819600139e-01	1.000000000000069944e+00	4.929334617819600139e-01	5.397156846144549602e-01	4.929334617819600139e-01	4.929334617819600139e-01	4.929334617819600139e-01	5.128659589980260058e-01	4.929334617819600139e-01	5.051999875606200119e-01	5.547119743603009523e-01	4.896395743925600064e-01	4.929334617819600139e-01	4.929334617819600139e-01	1.000000000000000021e-03	4.929334617819600139e-01	3.917400638635060162e-01	4.929334617819600139e-01	4.821048969849829890e-01	5.050268905988829493e-01	4.929334617819600139e-01	4.929334617819600139e-01	4.929334617819600139e-01	5.017700507821619693e-01	4.929334617819600139e-01	4.929334617819600139e-01	5.505873792307930392e-01	5.075557567148260008e-01	4.929334617819600139e-01	4.145525442243169767e-01	4.929334617819600139e-01	4.929334617819600139e-01	4.929334617819600139e-01	5.727465244121809906e-01	4.929334617819600139e-01	4.929334617819600139e-01	4.929334617819600139e-01	4.929334617819600139e-01	4.929334617819600139e-01	4.929334617819600139e-01	4.929334617819600139e-01	4.929334617819600139e-01	4.929334617819600139e-01	4.929334617819600139e-01	4.929334617819600139e-01	4.929334617819600139e-01	3.835333478290839926e-01	4.239484584032929826e-01	4.929334617819600139e-01	5.067931314130630360e-01	4.929334617819600139e-01	4.929334617819600139e-01	4.766384953547270209e-01	3.513574234860740164e-01	4.929334617819600139e-01	5.267493769049059749e-01	3.590722746092629980e-01	3.979997174606170196e-01	4.929334617819600139e-01	4.929334617819600139e-01	5.431929660723300302e-01	4.654059277291690000e-01	4.929334617819600139e-01	4.929334617819600139e-01	3.406515648086990145e-01	5.198789451423739827e-01	4.648435637771439755e-01	4.450816209124079936e-01	4.214629597441679754e-01	3.210233445814970055e-01	4.929334617819600139e-01	4.929334617819600139e-01	5.053956188537630512e-01	5.599126785693320230e-01	4.929334617819600139e-01	4.929334617819600139e-01	4.929334617819600139e-01	4.929334617819600139e-01	4.929334617819600139e-01	4.929334617819600139e-01	5.528344789549130001e-01	4.929334617819600139e-01	4.929334617819600139e-01	4.929334617819600139e-01	3.648427749274399945e-01	3.644597544282329737e-01	4.929334617819600139e-01	4.929334617819600139e-01	7.616787075773500115e-01	4.997262353134859780e-01	5.507081110025060511e-01	4.929334617819600139e-01	4.929334617819600139e-01	3.651347001442329931e-01	4.929334617819600139e-01	4.929334617819600139e-01	4.929334617819600139e-01	3.576206243146040076e-01	4.929334617819600139e-01	4.929334617819600139e-01	4.929334617819600139e-01	4.929334617819600139e-01	4.929334617819600139e-01	4.929334617819600139e-01	4.929334617819600139e-01	4.929334617819600139e-01	5.523586644303409843e-01	4.654558462361479965e-01	4.216892168885579828e-01	4.929334617819600139e-01	5.579537795430630220e-01	4.929334617819600139e-01	4.929334617819600139e-01	4.929334617819600139e-01	4.929334617819600139e-01	4.929334617819600139e-01	4.929334617819600139e-01	4.929334617819600139e-01	4.929334617819600139e-01	4.929334617819600139e-01	4.929334617819600139e-01	4.929334617819600139e-01	4.929334617819600139e-01	4.929334617819600139e-01
8.398558934817229593e-01	4.929334617819600139e-01	1.000000000000089928e+00	4.929334617819600139e-01	4.929334617819600139e-01	4.929334617819600139e-01	4.929334617819600139e-01	4.929334617819600139e-01	4.929334617819600139e-01	4.929334617819600139e-01	4.929334617819600139e-01	4.929334617819600139e-01	5.849756679987500041e-01	5.111802161886159768e-01	4.929334617819600139e-01	4.929334617819600139e-01	5.436499222332410453e-01	5.949150455351249756e-01	5.045326600757680247e-01	4.881591460414470007e-01	5.912888072368599479e-01	4.929334617819600139e-01	4.929334617819600139e-01	4.929334617819600139e-01	4.929334617819600139e-01	6.168076084800799830e-01	4.929334617819600139e-01	4.929334617819600139e-01	4.929334617819600139e-01	4.929334617819600139e-01	5.706246795997339527e-01	4.929334617819600139e-01	4.929334617819600139e-01	4.929334617819600139e-01	4.929334617819600139e-01	5.866583220808250232e-01	4.929334617819600139e-01	5.738893035152059507e-01	4.929334617819600139e-01	4.827641203702179862e-01	4.802298248380060253e-01	4.929334617819600139e-01	4.929334617819600139e-01	4.929334617819600139e-01	6.141849556391869580e-01	4.929334617819600139e-01	4.929334617819600139e-01	4.929334617819600139e-01	4.929334617819600139e-01	4.929334617819600139e-01	4.929334617819600139e-01	4.929334617819600139e-01	4.929334617819600139e-01	4.929334617819600139e-01	4.884936431734540063e-01	4.929334617819600139e-01	4.929334617819600139e-01	4.929334617819600139e-01	4.826267983880609957e-01	4.929334617819600139e-01	4.955020198744510274e-01	4.929334617819600139e-01	4.929334617819600139e-01	4.929334617819600139e-01	4.427046611310869739e-01	4.929334617819600139e-01	4.929334617819600139e-01	4.943754243852639951e-01	4.221404874308259947e-01	4.929334617819600139e-01	4.236856040374110122e-01	4.483658415216160154e-01	5.529089187825619867e-01	4.929334617819600139e-01	5.781414558460660214e-01	4.929334617819600139e-01	4.929334617819600139e-01	4.929334617819600139e-01	5.756836366265180027e-01	5.726135965970700070e-01	4.929334617819600139e-01	4.187065768997160209e-01	4.929334617819600139e-01	4.929334617819600139e-01	4.929334617819600139e-01	4.709158511514440204e-01	4.929334617819600139e-01	4.929334617819600139e-01	7.628997181990500032e-01	4.929334617819600139e-01	5.178663267794449965e-01	4.929334617819600139e-01	4.929334617819600139e-01	4.002171680578989754e-01	3.622148585474260218e-01	4.929334617819600139e-01	4.929334617819600139e-01	3.465501305897319972e-01	4.639919422038210062e-01	4.929334617819600139e-01	6.048424081710930267e-01	4.929334617819600139e-01	3.935829327980679970e-01	3.031645763795480231e-01	4.929334617819600139e-01	4.274946799424980126e-01	4.929334617819600139e-01	4.929334617819600139e-01	4.929334617819600139e-01	4.650794547875179985e-01	4.929334617819600139e-01	5.944103581397790492e-01	4.929334617819600139e-01	4.929334617819600139e-01	4.929334617819600139e-01	4.929334617819600139e-01	7.377219379712059988e-01	4.929334617819600139e-01	4.929334617819600139e-01	5.286534108548349709e-01	4.929334617819600139e-01	4.929334617819600139e-01	4.929334617819600139e-01	4.929334617819600139e-01
4.929334617819600139e-01	5.397156846144549602e-01	4.929334617819600139e-01	9.999999999998450129e-01	4.929334617819600139e-01	4.929334617819600139e-01	5.555868137822249642e-01	4.929334617819600139e-01	4.929334617819600139e-01	4.929334617819600139e-01	4.929334617819600139e-01	4.850872500681360222e-01	4.929334617819600139e-01	4.929334617819600139e-01	4.929334617819600139e-01	4.929334617819600139e-01	4.929334617819600139e-01	4.929334617819600139e-01	5.797889155955849860e-01	5.176533384178070296e-01	4.929334617819600139e-01	4.929334617819600139e-01	4.929334617819600139e-01	4.929334617819600139e-01	4.929334617819600139e-01	4.929334617819600139e-01	4.929334617819600139e-01	5.576265002894520428e-01	4.000537837171390110e-01	4.751564095843249791e-01	6.233194536203660041e-01	5.109547044087150436e-01	4.929334617819600139e-01	4.929334617819600139e-01	4.929334617819600139e-01	6.165202769741100486e-01	4.929334617819600139e-01	6.180693071421450302e-01	4.929334617819600139e-01	5.907505885170729609e-01	3.435290395703510247e-01	4.929334617819600139e-01	4.929334617819600139e-01	4.929334617819600139e-01	4.929334617819600139e-01	4.668793340889780263e-01	4.929334617819600139e-01	4.929334617819600139e-01	6.712191027741220006e-01	4.929334617819600139e-01	4.929334617819600139e-01	5.771987510681959588e-01	4.929334617819600139e-01	4.929334617819600139e-01	4.929334617819600139e-01	4.929334617819600139e-01	4.929334617819600139e-01	4.876493254894370133e-01	4.929334617819600139e-01	3.800941677602949764e-01	6.050623288101339980e-01	4.896013652993539966e-01	5.404124768164689785e-01	4.929334617819600139e-01	4.929334617819600139e-01	6.213466094089049596e-01	4.929334617819600139e-01	4.929334617819600139e-01	4.929334617819600139e-01	4.929334617819600139e-01	4.929334617819600139e-01	4.929334617819600139e-01	4.929334617819600139e-01	6.292568258079149768e-01	6.039392695367820085e-01	4.797329927686079798e-01	4.929334617819600139e-01	5.970294411868439788e-01	4.929334617819600139e-01	5.679020105375499616e-01	4.929334617819600139e-01	4.929334617819600139e-01	4.929334617819600139e-01	4.929334617819600139e-01	4.929334617819600139e-01	3.571737397769499944e-01	4.929334617819600139e-01	4.929334617819600139e-01	6.001767544823269906e-01	4.929334617819600139e-01	5.941727211730479796e-01	4.929334617819600139e-01	4.929334617819600139e-01	4.929334617819600139e-01	4.929334617819600139e-01	5.762430704003359550e-01	4.929334617819600139e-01	4.929334617819600139e-01	4.929334617819600139e-01	4.929334617819600139e-01	4.929334617819600139e-01	4.929334617819600139e-01	4.929334617819600139e-01	4.974512661420760207e-01	4.929334617819600139e-01	4.929334617819600139e-01	4.929334617819600139e-01	4.929334617819600139e-01	5.569084248671419823e-01	4.425369593043659844e-01	4.929334617819600139e-01	4.929334617819600139e-01	4.929334617819600139e-01	4.929334617819600139e-01	4.929334617819600139e-01	4.929334617819600139e-01	5.904229432155579937e-01	4.929334617819600139e-01	4.929334617819600139e-01	4.890804943896490120e-01	4.929334617819600139e-01	4.929334617819600139e-01	4.929334617819600139e-01	4.929334617819600139e-01
4.929334617819600139e-01	4.929334617819600139e-01	4.929334617819600139e-01	4.929334617819600139e-01	9.999999999998030464e-01	4.929334617819600139e-01	4.929334617819600139e-01	4.929334617819600139e-01	4.929334617819600139e-01	4.929334617819600139e-01	4.929334617819600139e-01	4.929334617819600139e-01	5.369591691454620452e-01	4.929334617819600139e-01	4.929334617819600139e-01	4.929334617819600139e-01	4.929334617819600139e-01	4.929334617819600139e-01	4.802964265032779734e-01	4.929334617819600139e-01	4.390761444458500251e-01	4.929334617819600139e-01	4.929334617819600139e-01	4.929334617819600139e-01	4.929334617819600139e-01	6.601523095251500273e-01	4.929334617819600139e-01	4.929334617819600139e-01	4.929334617819600139e-01	3.852111440035940193e-01	4.929334617819600139e-01	4.929334617819600139e-01	4.876382778007170016e-01	4.929334617819600139e-01	3.765248455922379778e-01	5.414976702016539578e-01	4.929334617819600139e-01	4.929334617819600139e-01	4.929334617819600139e-01	4.929334617819600139e-01	4.929334617819600139e-01	4.929334617819600139e-01	4.929334617819600139e-01	4.013685080325680166e-01	5.259706125658889508e-01	4.929334617819600139e-01	3.632898079618789855e-01	3.982186709064450270e-01	5.371614514332010426e-01	4.929334617819600139e-01	4.929334617819600139e-01	4.929334617819600139e-01	4.562931717899900153e-01	3.357112260824710037e-01	4.929334617819600139e-01	4.929334617819600139e-01	4.929334617819600139e-01	4.929334617819600139e-01	4.929334617819600139e-01	4.929334617819600139e-01	4.929334617819600139e-01	4.351848128273099747e-01	4.929334617819600139e-01	4.929334617819600139e-01	3.044582695295829922e-01	4.929334617819600139e-01	4.929334617819600139e-01	4.929334617819600139e-01	4.512439130579640190e-01	4.929334617819600139e-01	4.929334617819600139e-01	4.929334617819600139e-01	4.929334617819600139e-01	4.929334617819600139e-01	4.929334617819600139e-01	4.929334617819600139e-01	6.011441756235219591e-01	5.483066605213440248e-01	4.929334617819600139e-01	5.007222177221910542e-01	6.148858527512059968e-01	4.929334617819600139e-01	3.601905097164679881e-01	4.929334617819600139e-01	3.324117370590269904e-01	4.929334617819600139e-01	4.508152666011450149e-01	5.591848240597550035e-01	4.929334617819600139e-01	4.929334617819600139e-01	5.440915725492719845e-01	4.929334617819600139e-01	3.296148452570720200e-01	3.517769553420049822e-01	4.929334617819600139e-01	4.929334617819600139e-01	5.632002028369520463e-01	3.784895560965290118e-01	4.666783183590920148e-01	4.929334617819600139e-01	4.929334617819600139e-01	4.929334617819600139e-01	4.929334617819600139e-01	4.929334617819600139e-01	3.051756131235159875e-01	4.929334617819600139e-01	4.929334617819600139e-01	4.929334617819600139e-01	4.929334617819600139e-01	3.862025850634069890e-01	4.929334617819600139e-01	4.929334617819600139e-01	4.929334617819600139e-01	5.632004749906750485e-01	4.929334617819600139e-01	4.929334617819600139e-01	5.996946162973320060e-01	5.882643140857279906e-01	4.929334617819600139e-01	5.758604385899469547e-01	6.454837071448089603e-01	4.929334617819600139e-01	4.929334617819600139e-01	4.929334617819600139e-01
4.929334617819600139e-01	4.929334617819600139e-01	4.929334617819600139e-01	4.929334617819600139e-01	4.929334617819600139e-01	1.000000000000039968e+00	4.929334617819600139e-01	5.223153104889539655e-01	4.929334617819600139e-01	4.929334617819600139e-01	4.929334617819600139e-01	4.929334617819600139e-01	4.929334617819600139e-01	4.766081011532969924e-01	4.929334617819600139e-01	4.762024422200120122e-01	5.457257470597379756e-01	4.929334617819600139e-01	4.929334617819600139e-01	4.929334617819600139e-01	4.929334617819600139e-01	4.929334617819600139e-01	4.929334617819600139e-01	4.929334617819600139e-01	4.929334617819600139e-01	5.533617586477479477e-01	4.929334617819600139e-01	4.929334617819600139e-01	2.301765920353009975e-01	4.929334617819600139e-01	5.349516006637250465e-01	4.929334617819600139e-01	4.929334617819600139e-01	6.936014735302330481e-01	4.481927549090100049e-01	4.929334617819600139e-01	4.929334617819600139e-01	5.269009892448229815e-01	4.929334617819600139e-01	4.435745304394059785e-01	4.332338132846009771e-01	4.422860304936530040e-01	4.929334617819600139e-01	4.929334617819600139e-01	5.912292193702649579e-01	4.929334617819600139e-01	4.929334617819600139e-01	4.929334617819600139e-01	4.929334617819600139e-01	4.541417809398770045e-01	4.929334617819600139e-01	4.929334617819600139e-01	4.929334617819600139e-01	3.771799576846889823e-01	4.644473612905820059e-01	6.060400523790889782e-01	4.929334617819600139e-01	4.929334617819600139e-01	4.929334617819600139e-01	4.929334617819600139e-01	4.929334617819600139e-01	4.477954074275630192e-01	5.675200352416429617e-01	4.929334617819600139e-01	3.931779303144449789e-01	4.562234591059949884e-01	5.510424718850269743e-01	4.929334617819600139e-01	4.069764317462850056e-01	4.929334617819600139e-01	4.929334617819600139e-01	4.929334617819600139e-01	5.322473346077689627e-01	4.929334617819600139e-01	4.929334617819600139e-01	3.037289200224759789e-01	4.929334617819600139e-01	5.351327812373259940e-01	4.929334617819600139e-01	5.435964666666860401e-01	5.784029231817979788e-01	4.929334617819600139e-01	4.929334617819600139e-01	4.929334617819600139e-01	4.929334617819600139e-01	4.929334617819600139e-01	4.929334617819600139e-01	4.929334617819600139e-01	6.061079228732280111e-01	4.929334617819600139e-01	4.929334617819600139e-01	4.929334617819600139e-01	4.929334617819600139e-01	3.592688619742769873e-01	3.379857431569159854e-01	6.090274210539380340e-01	5.452002519801909530e-01	3.055123557926319733e-01	4.929334617819600139e-01	4.929334617819600139e-01	4.929334617819600139e-01	4.929334617819600139e-01	4.929334617819600139e-01	4.929334617819600139e-01	4.929334617819600139e-01	3.686220776415760070e-01	4.929334617819600139e-01	4.929334617819600139e-01	4.929334617819600139e-01	4.929334617819600139e-01	4.929334617819600139e-01	4.929334617819600139e-01	4.929334617819600139e-01	4.929334617819600139e-01	4.929334617819600139e-01	6.061592410203999748e-01	6.128147017959669762e-01	4.929334617819600139e-01	4.929334617819600139e-01	4.931566671923839906e-01	4.929334617819600139e-01	5.322972170817119597e-01	5.703349565308080127e-01	4.929334617819600139e-01
6.225362558302960370e-01	4.929334617819600139e-01	4.929334617819600139e-01	5.555868137822249642e-01	4.929334617819600139e-01	4.929334617819600139e-01	1.000000000000049960e+00	4.929334617819600139e-01	7.066780844866290545e-01	5.607146797777320391e-01	4.929334617819600139e-01	5.124516262789809984e-01	4.929334617819600139e-01	4.763498061268959805e-01	1.000000000000000021e-03	4.929334617819600139e-01	4.929334617819600139e-01	4.929334617819600139e-01	4.887348683901849844e-01	4.929334617819600139e-01	4.929334617819600139e-01	4.929334617819600139e-01	6.231339761964039825e-01	4.929334617819600139e-01	4.929334617819600139e-01	6.417764591422270293e-01	5.389367096514100508e-01	6.401919801891069461e-01	3.091074773899000205e-01	4.929334617819600139e-01	4.929334617819600139e-01	4.929334617819600139e-01	5.470896082975219565e-01	4.929334617819600139e-01	4.284930062508550130e-01	5.558492986555310100e-01	4.731989420913739752e-01	4.929334617819600139e-01	4.929334617819600139e-01	5.155893523743789730e-01	4.929334617819600139e-01	4.929334617819600139e-01	4.929334617819600139e-01	4.250119144970910257e-01	4.929334617819600139e-01	4.835087385664549875e-01	4.929334617819600139e-01	4.929334617819600139e-01	5.152177588665559638e-01	5.084116559131219848e-01	4.929334617819600139e-01	4.825904730038890200e-01	4.929334617819600139e-01	4.929334617819600139e-01	4.929334617819600139e-01	4.929334617819600139e-01	3.582672531648070091e-01	4.929334617819600139e-01	4.929334617819600139e-01	4.929334617819600139e-01	5.423376471186529546e-01	4.929334617819600139e-01	6.319280658667989492e-01	4.929334617819600139e-01	4.929334617819600139e-01	4.929334617819600139e-01	5.109880399622449554e-01	4.929334617819600139e-01	4.929334617819600139e-01	4.929334617819600139e-01	4.929334617819600139e-01	4.929334617819600139e-01	4.929334617819600139e-01	4.929334617819600139e-01	5.520977396242330304e-01	4.929334617819600139e-01	4.929334617819600139e-01	4.929334617819600139e-01	4.929334617819600139e-01	4.929334617819600139e-01	4.929334617819600139e-01	4.929334617819600139e-01	4.929334617819600139e-01	4.929334617819600139e-01	3.886337443372350209e-01	4.929334617819600139e-01	4.929334617819600139e-01	5.938622711634440332e-01	4.929334617819600139e-01	4.929334617819600139e-01	4.929334617819600139e-01	4.929334617819600139e-01	4.929334617819600139e-01	3.764678649954780187e-01	4.929334617819600139e-01	4.929334617819600139e-01	4.929334617819600139e-01	3.658787415487779748e-01	4.964862219334980065e-01	4.929334617819600139e-01	4.929334617819600139e-01	4.929334617819600139e-01	4.929334617819600139e-01	3.767744057556869919e-01	4.929334617819600139e-01	4.929334617819600139e-01	4.929334617819600139e-01	4.929334617819600139e-01	4.584014763220630173e-01	4.234172660179699732e-01	4.929334617819600139e-01	4.929334617819600139e-01	4.929334617819600139e-01	4.929334617819600139e-01	4.929334617819600139e-01	4.929334617819600139e-01	4.929334617819600139e-01	6.132809104043760451e-01	4.929334617819600139e-01	4.929334617819600139e-01	4.929334617819600139e-01	4.929334617819600139e-01	4.929334617819600139e-01	5.930397381347769503e-01
5.742980196426890060e-01	5.128659589980260058e-01	4.929334617819600139e-01	4.929334617819600139e-01	4.929334617819600139e-01	5.223153104889539655e-01	4.929334617819600139e-01	9.999999999999209521e-01	4.929334617819600139e-01	4.929334617819600139e-01	4.929334617819600139e-01	4.593709486081379856e-01	4.929334617819600139e-01	4.929334617819600139e-01	4.929334617819600139e-01	4.929334617819600139e-01	4.418431870621810087e-01	4.929334617819600139e-01	4.321668265495610117e-01	4.929334617819600139e-01	4.929334617819600139e-01	3.343863870360039847e-01	4.929334617819600139e-01	4.929334617819600139e-01	5.962696051890400417e-01	5.824645787783360174e-01	4.929334617819600139e-01	4.929334617819600139e-01	4.929334617819600139e-01	4.336161368285469941e-01	4.929334617819600139e-01	4.860021456925640027e-01	5.203527562950710506e-01	5.347091154126210055e-01	4.929334617819600139e-01	4.929334617819600139e-01	4.401846822560859795e-01	4.929334617819600139e-01	4.074815523224730174e-01	4.929334617819600139e-01	4.929334617819600139e-01	4.929334617819600139e-01	4.929334617819600139e-01	4.929334617819600139e-01	4.929334617819600139e-01	4.929334617819600139e-01	4.929334617819600139e-01	4.929334617819600139e-01	4.929334617819600139e-01	4.929334617819600139e-01	4.929334617819600139e-01	4.929334617819600139e-01	4.160539867388080015e-01	3.421225289017100213e-01	4.929334617819600139e-01	4.929334617819600139e-01	2.963501288876549955e-01	4.929334617819600139e-01	4.929334617819600139e-01	4.929334617819600139e-01	4.642072147168950225e-01	4.929334617819600139e-01	4.929334617819600139e-01	3.717005725129610139e-01	3.390592308691460222e-01	4.929334617819600139e-01	4.929334617819600139e-01	4.334796514988890070e-01	4.929334617819600139e-01	4.929334617819600139e-01	4.929334617819600139e-01	3.733759931187780046e-01	4.743890175226950223e-01	4.929334617819600139e-01	4.956698361324750057e-01	4.929334617819600139e-01	5.898979383432170209e-01	4.929334617819600139e-01	4.929334617819600139e-01	4.929334617819600139e-01	4.929334617819600139e-01	4.929334617819600139e-01	4.929334617819600139e-01	4.929334617819600139e-01	4.929334617819600139e-01	4.929334617819600139e-01	4.929334617819600139e-01	4.929334617819600139e-01	5.633646825120149915e-01	4.929334617819600139e-01	4.929334617819600139e-01	4.929334617819600139e-01	4.929334617819600139e-01	4.929334617819600139e-01	4.929334617819600139e-01	4.929334617819600139e-01	5.353187018603530190e-01	3.073376443576130157e-01	4.929334617819600139e-01	4.929334617819600139e-01	5.993476586830700503e-01	4.929334617819600139e-01	4.929334617819600139e-01	4.929334617819600139e-01	4.929334617819600139e-01	3.651644862904540045e-01	4.929334617819600139e-01	4.929334617819600139e-01	3.841555918830539817e-01	3.846700810615110155e-01	4.929334617819600139e-01	4.929334617819600139e-01	4.929334617819600139e-01	4.929334617819600139e-01	4.929334617819600139e-01	5.699534098955949535e-01	4.929334617819600139e-01	4.929334617819600139e-01	4.929334617819600139e-01	4.929334617819600139e-01	4.929334617819600139e-01	4.929334617819600139e-01	4.929334617819600139e-01	4.929334617819600139e-01
4.929334617819600139e-01	4.929334617819600139e-01	4.929334617819600139e-01	4.929334617819600139e-01	4.929334617819600139e-01	4.929334617819600139e-01	7.066780844866290545e-01	4.929334617819600139e-01	1.000000000000270006e+00	4.929334617819600139e-01	4.929334617819600139e-01	4.140650900708249815e-01	4.929334617819600139e-01	4.956909260489180125e-01	1.000000000000000021e-03	4.929334617819600139e-01	4.929334617819600139e-01	4.929334617819600139e-01	4.929334617819600139e-01	4.929334617819600139e-01	4.929334617819600139e-01	4.929334617819600139e-01	4.929334617819600139e-01	4.929334617819600139e-01	5.830646989322929574e-01	4.929334617819600139e-01	4.929334617819600139e-01	5.969271386300259996e-01	4.929334617819600139e-01	5.156891430579589874e-01	4.929334617819600139e-01	4.929334617819600139e-01	5.850636309116440392e-01	4.929334617819600139e-01	4.532087493249959964e-01	5.215763098714120138e-01	4.929334617819600139e-01	4.929334617819600139e-01	4.929334617819600139e-01	4.363713768342700194e-01	4.554448304657470192e-01	5.840284068351470070e-01	4.929334617819600139e-01	4.929334617819600139e-01	5.947619303678339797e-01	4.929334617819600139e-01	4.929334617819600139e-01	4.945081567728030203e-01	4.756881215420660225e-01	4.809504703178820173e-01	4.929334617819600139e-01	4.929334617819600139e-01	4.540653897672909944e-01	4.929334617819600139e-01	4.929334617819600139e-01	4.929334617819600139e-01	3.060192105070840274e-01	3.083041609726229759e-01	4.929334617819600139e-01	3.227972438130949917e-01	4.929334617819600139e-01	4.929334617819600139e-01	4.929334617819600139e-01	4.929334617819600139e-01	4.176519474656280040e-01	4.929334617819600139e-01	5.353963063701130398e-01	4.928291565002679842e-01	4.218773945271129810e-01	4.929334617819600139e-01	4.929334617819600139e-01	4.281534783126790256e-01	4.929334617819600139e-01	5.558519997729309825e-01	4.929334617819600139e-01	3.023714429543880033e-01	4.929334617819600139e-01	4.929334617819600139e-01	4.929334617819600139e-01	5.111799577457509791e-01	4.929334617819600139e-01	4.929334617819600139e-01	3.896310968101939776e-01	4.929334617819600139e-01	4.373732700446750221e-01	4.521057857614360076e-01	4.929334617819600139e-01	4.929334617819600139e-01	4.929334617819600139e-01	4.929334617819600139e-01	4.929334617819600139e-01	4.929334617819600139e-01	4.929334617819600139e-01	4.929334617819600139e-01	4.929334617819600139e-01	4.929334617819600139e-01	4.929334617819600139e-01	4.929334617819600139e-01	4.585804710041320176e-01	4.929334617819600139e-01	4.929334617819600139e-01	4.929334617819600139e-01	4.929334617819600139e-01	4.929334617819600139e-01	4.066417400627330148e-01	3.933184287918449762e-01	4.931017285886359902e-01	4.929334617819600139e-01	4.929334617819600139e-01	4.929334617819600139e-01	4.929334617819600139e-01	6.060311489321239531e-01	5.465593948804200464e-01	4.929334617819600139e-01	5.451943527327689498e-01	4.929334617819600139e-01	4.929334617819600139e-01	4.929334617819600139e-01	6.055621069693349900e-01	5.205192644716919448e-01	4.929334617819600139e-01	5.622355631930999742e-01	4.929334617819600139e-01	4.929334617819600139e-01
5.379343573391529576e-01	5.051999875606200119e-01	4.929334617819600139e-01	4.929334617819600139e-01	4.929334617819600139e-01	4.929334617819600139e-01	5.607146797777320391e-01	4.929334617819600139e-01	4.929334617819600139e-01	1.000000000000140110e+00	6.040971342295770041e-01	5.205911458056420305e-01	4.929334617819600139e-01	4.240739390852670265e-01	1.000000000000000021e-03	4.929334617819600139e-01	4.929334617819600139e-01	4.929334617819600139e-01	4.929334617819600139e-01	4.929334617819600139e-01	4.362934041744159774e-01	4.929334617819600139e-01	5.421622978820670458e-01	5.149779199346179448e-01	4.929334617819600139e-01	4.929334617819600139e-01	4.929334617819600139e-01	4.929334617819600139e-01	4.929334617819600139e-01	3.619675520814920056e-01	4.929334617819600139e-01	4.929334617819600139e-01	4.554623868471049941e-01	5.102057276974469868e-01	4.929334617819600139e-01	5.341596184836110428e-01	4.929334617819600139e-01	4.929334617819600139e-01	4.929334617819600139e-01	4.929334617819600139e-01	4.929334617819600139e-01	4.929334617819600139e-01	4.929334617819600139e-01	4.929334617819600139e-01	4.929334617819600139e-01	3.858304457908119933e-01	3.937831068607309803e-01	3.930251752914790120e-01	5.190186463369940162e-01	4.929334617819600139e-01	5.167208330604899924e-01	4.929334617819600139e-01	4.929334617819600139e-01	3.580648243287130050e-01	4.929334617819600139e-01	4.929334617819600139e-01	4.929334617819600139e-01	4.929334617819600139e-01	4.929334617819600139e-01	4.929334617819600139e-01	4.929334617819600139e-01	4.929334617819600139e-01	4.929334617819600139e-01	4.929334617819600139e-01	3.373928481790089973e-01	4.929334617819600139e-01	4.223564096554079939e-01	4.929334617819600139e-01	4.929334617819600139e-01	4.929334617819600139e-01	4.929334617819600139e-01	3.531289136482049784e-01	4.564895724651080178e-01	4.929334617819600139e-01	4.718836323961819734e-01	4.929334617819600139e-01	4.929334617819600139e-01	4.929334617819600139e-01	5.012061901641640116e-01	4.929334617819600139e-01	5.190093947489570203e-01	4.929334617819600139e-01	4.058588410072320185e-01	4.929334617819600139e-01	3.537313158717089734e-01	4.929334617819600139e-01	4.929334617819600139e-01	5.486237308242789545e-01	4.929334617819600139e-01	4.929334617819600139e-01	5.350206819174150308e-01	4.433336168948650013e-01	3.648584381689189970e-01	4.929334617819600139e-01	3.732372087323210241e-01	4.929334617819600139e-01	5.314531690741409742e-01	4.104297033869669931e-01	4.929334617819600139e-01	4.929334617819600139e-01	4.929334617819600139e-01	3.491103986131049997e-01	4.929334617819600139e-01	4.929334617819600139e-01	4.929334617819600139e-01	4.929334617819600139e-01	5.526635223626790161e-01	4.929334617819600139e-01	4.929334617819600139e-01	4.929334617819600139e-01	5.671304982395060090e-01	4.929334617819600139e-01	4.929334617819600139e-01	4.929334617819600139e-01	4.929334617819600139e-01	4.923746952207200267e-01	4.929334617819600139e-01	4.929334617819600139e-01	5.314317695001230524e-01	5.132264567903920272e-01	4.929334617819600139e-01	5.441424040476799950e-01	5.296065209121000317e-01	4.929334617819600139e-01
4.929334617819600139e-01	5.547119743603009523e-01	4.929334617819600139e-01	4.929334617819600139e-01	4.929334617819600139e-01	4.929334617819600139e-01	4.929334617819600139e-01	4.929334617819600139e-01	4.929334617819600139e-01	6.040971342295770041e-01	9.999999999999820144e-01	4.929334617819600139e-01	4.929334617819600139e-01	4.929334617819600139e-01	1.000000000000000021e-03	4.929334617819600139e-01	3.310979081190699724e-01	4.929334617819600139e-01	4.929334617819600139e-01	4.929334617819600139e-01	4.929334617819600139e-01	4.929334617819600139e-01	4.929334617819600139e-01	4.929334617819600139e-01	4.929334617819600139e-01	4.929334617819600139e-01	4.929334617819600139e-01	5.742706163843469547e-01	4.929334617819600139e-01	4.929334617819600139e-01	5.219191160006509955e-01	4.929334617819600139e-01	4.929334617819600139e-01	4.929334617819600139e-01	3.723909441496550121e-01	4.929334617819600139e-01	4.929334617819600139e-01	5.700483967661880147e-01	4.929334617819600139e-01	5.295017209916019763e-01	4.929334617819600139e-01	4.929334617819600139e-01	4.591871773760130004e-01	4.929334617819600139e-01	4.929334617819600139e-01	4.929334617819600139e-01	4.929334617819600139e-01	4.929334617819600139e-01	4.929334617819600139e-01	4.929334617819600139e-01	4.929334617819600139e-01	4.929334617819600139e-01	4.929334617819600139e-01	4.929334617819600139e-01	4.929334617819600139e-01	4.929334617819600139e-01	4.929334617819600139e-01	4.929334617819600139e-01	4.929334617819600139e-01	4.929334617819600139e-01	5.791012884597029897e-01	4.929334617819600139e-01	4.929334617819600139e-01	3.675014634703370198e-01	3.064392138780919761e-01	4.929334617819600139e-01	4.233857240139800027e-01	4.400534169337290136e-01	4.929334617819600139e-01	4.929334617819600139e-01	4.159318362268800140e-01	3.546705343913180153e-01	4.929334617819600139e-01	4.929334617819600139e-01	4.912530190771480232e-01	4.929334617819600139e-01	4.929334617819600139e-01	5.281359241037769658e-01	4.929334617819600139e-01	4.929334617819600139e-01	6.039456113227410494e-01	4.929334617819600139e-01	3.734266314874229997e-01	4.929334617819600139e-01	4.929334617819600139e-01	4.929334617819600139e-01	4.554103729024550073e-01	5.562847575270589706e-01	6.014673267428140013e-01	4.999063658529609988e-01	4.929334617819600139e-01	4.929334617819600139e-01	4.929334617819600139e-01	4.929334617819600139e-01	4.929334617819600139e-01	4.929334617819600139e-01	4.929334617819600139e-01	4.929334617819600139e-01	4.929334617819600139e-01	4.929334617819600139e-01	6.125403799279179884e-01	3.279189274818130051e-01	4.929334617819600139e-01	4.929334617819600139e-01	4.929334617819600139e-01	4.929334617819600139e-01	4.929334617819600139e-01	4.177496579680540223e-01	4.529110594562790193e-01	4.929334617819600139e-01	5.356929132836719676e-01	4.500862427084399986e-01	4.929334617819600139e-01	5.460410617667730282e-01	4.929334617819600139e-01	5.517985226670839571e-01	4.929334617819600139e-01	4.929334617819600139e-01	5.649526059526229771e-01	4.929334617819600139e-01	5.994896886393129565e-01	6.015389971119560197e-01	4.929334617819600139e-01	4.929334617819600139e-01
4.929334617819600139e-01	4.896395743925600064e-01	4.929334617819600139e-01	4.850872500681360222e-01	4.929334617819600139e-01	4.929334617819600139e-01	5.124516262789809984e-01	4.593709486081379856e-01	4.140650900708249815e-01	5.205911458056420305e-01	4.929334617819600139e-01	1.000000000000089928e+00	4.612974807767249996e-01	3.707286767413520145e-01	4.929334617819600139e-01	4.410068239695220105e-01	4.929334617819600139e-01	4.014400150335720174e-01	4.929334617819600139e-01	4.929334617819600139e-01	4.929334617819600139e-01	4.929334617819600139e-01	4.929334617819600139e-01	4.801720936088080260e-01	4.929334617819600139e-01	4.929334617819600139e-01	4.929334617819600139e-01	5.071383358695940036e-01	4.148469533560880107e-01	3.059328906798789993e-01	4.391429832988730242e-01	4.929334617819600139e-01	4.929334617819600139e-01	4.929334617819600139e-01	4.929334617819600139e-01	4.929334617819600139e-01	4.929334617819600139e-01	4.929334617819600139e-01	3.300963436857859978e-01	5.165601722361039538e-01	4.929334617819600139e-01	4.929334617819600139e-01	4.929334617819600139e-01	4.929334617819600139e-01	4.929334617819600139e-01	4.929334617819600139e-01	3.341107220705760161e-01	3.487768026975560098e-01	4.714238651345459830e-01	4.929334617819600139e-01	4.929334617819600139e-01	4.929334617819600139e-01	4.929334617819600139e-01	3.210733347084009925e-01	4.929334617819600139e-01	4.929334617819600139e-01	4.929334617819600139e-01	4.929334617819600139e-01	4.929334617819600139e-01	4.929334617819600139e-01	5.632745982092689507e-01	4.929334617819600139e-01	4.929334617819600139e-01	4.929334617819600139e-01	4.929334617819600139e-01	4.929334617819600139e-01	3.715371989452370127e-01	4.929334617819600139e-01	4.929334617819600139e-01	2.525451693909500084e-01	4.929334617819600139e-01	4.929334617819600139e-01	4.929334617819600139e-01	4.857398258443699768e-01	4.385441962242129788e-01	4.929334617819600139e-01	5.881684094679140440e-01	4.929334617819600139e-01	4.140783951286799991e-01	4.564398092672680152e-01	4.929334617819600139e-01	4.929334617819600139e-01	3.214316661451310231e-01	4.929334617819600139e-01	4.929334617819600139e-01	4.929334617819600139e-01	4.929334617819600139e-01	4.929334617819600139e-01	5.339167199059009494e-01	4.929334617819600139e-01	4.929334617819600139e-01	3.968914723135690270e-01	4.929334617819600139e-01	3.333953275688020246e-01	4.929334617819600139e-01	4.078446181634540202e-01	4.929334617819600139e-01	4.929334617819600139e-01	4.349015891344409912e-01	4.929334617819600139e-01	4.929334617819600139e-01	4.929334617819600139e-01	4.929334617819600139e-01	4.428251805522059881e-01	4.929334617819600139e-01	4.929334617819600139e-01	4.929334617819600139e-01	4.929334617819600139e-01	4.283169632526370174e-01	4.929334617819600139e-01	4.929334617819600139e-01	4.929334617819600139e-01	4.929334617819600139e-01	4.929334617819600139e-01	4.931173725692860055e-01	5.051981135258929445e-01	4.929334617819600139e-01	4.959009869934449810e-01	4.929334617819600139e-01	5.577662371020869481e-01	4.929334617819600139e-01	6.474733467571850420e-01	4.929334617819600139e-01	4.929334617819600139e-01
