9.999999999999990008e-01	7.333613081340839557e-01	7.477498197744020247e-01	5.427618921650919637e-01	6.006310991927720222e-01	3.274596297575218529e-01	3.274596297575218529e-01	6.341156655456620106e-01	6.267810014084009840e-01	6.484343835613429752e-01	6.016740228455550454e-01	3.274596297575218529e-01	3.274596297575218529e-01	5.079957188704340432e-01	5.959814785945970472e-01	3.274596297575218529e-01	3.274596297575218529e-01	3.274596297575218529e-01	5.691127948535960046e-01	5.819382563655299823e-01	5.327731413334360067e-01	6.107504010182259746e-01	6.188886554684940311e-01	6.177267545614649746e-01	3.274596297575218529e-01	3.274596297575218529e-01	3.274596297575218529e-01	3.274596297575218529e-01	5.810817144650010091e-01	6.000713720496789749e-01	5.966147606297309558e-01	3.274596297575218529e-01	3.274596297575218529e-01	6.502924834090879624e-01	5.709995925178480425e-01	5.717485483229579613e-01	3.274596297575218529e-01	6.021070927490459468e-01	6.048114185859739811e-01	5.451525687400310405e-01	3.274596297575218529e-01	3.274596297575218529e-01	5.830796876785589999e-01	3.274596297575218529e-01	5.254031448340269472e-01	5.572679753822019633e-01	3.274596297575218529e-01	5.710734372866189679e-01	3.274596297575218529e-01	3.274596297575218529e-01	3.274596297575218529e-01	3.274596297575218529e-01	5.220479578432100087e-01	3.274596297575218529e-01	3.274596297575218529e-01	3.274596297575218529e-01	3.274596297575218529e-01	5.484410635913250509e-01	3.274596297575218529e-01	5.571294144856540065e-01	3.274596297575218529e-01	5.688918088971850473e-01	6.345877762999080351e-01	3.274596297575218529e-01	5.209584746675509637e-01	3.274596297575218529e-01	5.759861176754329515e-01	3.274596297575218529e-01	5.425105471967690551e-01	3.274596297575218529e-01	5.620964564161430310e-01	3.274596297575218529e-01	3.274596297575218529e-01	6.041103943458440151e-01	3.274596297575218529e-01	3.274596297575218529e-01	6.687409593227030546e-01	3.274596297575218529e-01	5.457613483247549802e-01	5.612239600886369528e-01	5.782879668980820398e-01	5.753902297515659514e-01	3.274596297575218529e-01	3.274596297575218529e-01	3.274596297575218529e-01	3.274596297575218529e-01	3.274596297575218529e-01	5.516045150661760266e-01	3.274596297575218529e-01	3.274596297575218529e-01	3.274596297575218529e-01	5.082896186726250098e-01	3.274596297575218529e-01	3.274596297575218529e-01	3.274596297575218529e-01	4.961340410067899831e-01	5.408622239414669908e-01	5.358280287147190180e-01	3.274596297575218529e-01	5.514742452875599499e-01	3.274596297575218529e-01	5.281588586117970108e-01	3.274596297575218529e-01	3.274596297575218529e-01	3.274596297575218529e-01	5.285453344634669648e-01	3.274596297575218529e-01	3.274596297575218529e-01	5.697566479762979919e-01	3.274596297575218529e-01	3.274596297575218529e-01	3.274596297575218529e-01	3.274596297575218529e-01	5.946161882008179633e-01	5.960944636781260186e-01	3.274596297575218529e-01	3.274596297575218529e-01	7.269134232056869704e-01	3.274596297575218529e-01	6.298193560863879492e-01	5.252803616475989479e-01	3.274596297575218529e-01	3.274596297575218529e-01	3.274596297575218529e-01
7.333613081340839557e-01	9.999999999999990008e-01	7.194527112262479873e-01	3.274596297575218529e-01	3.274596297575218529e-01	5.835000794540780023e-01	3.274596297575218529e-01	3.274596297575218529e-01	3.274596297575218529e-01	6.137855611742839557e-01	3.274596297575218529e-01	5.942069709907880082e-01	3.274596297575218529e-01	5.213619011608420228e-01	5.691548612679649954e-01	3.274596297575218529e-01	3.274596297575218529e-01	4.921223014668439921e-01	3.274596297575218529e-01	5.888567915277900244e-01	5.317651968727420408e-01	5.842803285149350545e-01	6.085620757359170296e-01	5.888267785712739677e-01	3.274596297575218529e-01	5.978888229596169834e-01	5.464109348681419620e-01	5.952376082706279936e-01	5.488770437634009625e-01	5.848281344122929770e-01	5.628695584524899820e-01	3.274596297575218529e-01	5.262133848249630486e-01	3.274596297575218529e-01	5.656903991500880080e-01	5.433424719309809525e-01	5.815633692341669603e-01	5.638367009038549593e-01	5.749189541906729595e-01	5.123178974527869967e-01	3.274596297575218529e-01	5.300850117834620123e-01	3.274596297575218529e-01	3.274596297575218529e-01	4.932112230480930060e-01	5.456120198616259964e-01	3.274596297575218529e-01	3.274596297575218529e-01	5.817231730168910264e-01	5.706485915784379470e-01	3.274596297575218529e-01	3.274596297575218529e-01	5.238347071426120438e-01	5.282580585608459556e-01	5.601236171663600549e-01	5.314227235787060133e-01	3.274596297575218529e-01	5.235266936846220132e-01	5.315151531762399850e-01	3.274596297575218529e-01	5.692739042339189925e-01	5.508092939998759929e-01	3.274596297575218529e-01	5.583910300300070073e-01	5.019697065813799597e-01	3.274596297575218529e-01	3.274596297575218529e-01	5.489674269459210443e-01	3.274596297575218529e-01	5.509235898422759625e-01	3.274596297575218529e-01	5.863076450755400071e-01	3.274596297575218529e-01	5.681113278014580104e-01	5.126514993513550111e-01	5.410004712496160328e-01	6.225866932903100226e-01	5.101556831632769740e-01	3.274596297575218529e-01	3.274596297575218529e-01	3.274596297575218529e-01	3.274596297575218529e-01	3.274596297575218529e-01	3.274596297575218529e-01	5.543922659585940327e-01	3.274596297575218529e-01	5.556109333634680070e-01	5.461712047365060441e-01	3.274596297575218529e-01	3.274596297575218529e-01	3.274596297575218529e-01	5.170548808983339573e-01	3.274596297575218529e-01	5.067554129125200202e-01	3.274596297575218529e-01	3.274596297575218529e-01	3.274596297575218529e-01	3.274596297575218529e-01	3.274596297575218529e-01	3.274596297575218529e-01	3.274596297575218529e-01	3.274596297575218529e-01	5.293994659796460445e-01	3.274596297575218529e-01	5.316038437391650273e-01	5.314592178561120539e-01	5.346609151745820299e-01	3.274596297575218529e-01	5.270566529492439756e-01	3.274596297575218529e-01	5.835104871860899989e-01	3.274596297575218529e-01	5.732317117866649880e-01	3.274596297575218529e-01	3.274596297575218529e-01	7.117217294699249575e-01	3.274596297575218529e-01	7.262916560850080083e-01	6.955565200510139823e-01	5.911571596813209872e-01	5.210395444962789835e-01	6.152814284145909918e-01	3.274596297575218529e-01	3.274596297575218529e-01
7.477498197744020247e-01	7.194527112262479873e-01	1.000000000000000000e+00	3.274596297575218529e-01	3.274596297575218529e-01	5.948049543185830457e-01	5.706787301390769951e-01	6.015352447032900063e-01	3.274596297575218529e-01	3.274596297575218529e-01	3.274596297575218529e-01	5.710151651690670294e-01	3.274596297575218529e-01	3.274596297575218529e-01	5.579135286047419706e-01	5.883648475387069920e-01	3.274596297575218529e-01	5.029667500985030015e-01	3.274596297575218529e-01	3.274596297575218529e-01	3.274596297575218529e-01	5.699055778892420099e-01	3.274596297575218529e-01	3.274596297575218529e-01	3.274596297575218529e-01	3.274596297575218529e-01	3.274596297575218529e-01	3.274596297575218529e-01	5.346299810248910100e-01	5.703963290644540329e-01	3.274596297575218529e-01	5.426378802710649651e-01	3.274596297575218529e-01	6.311645992188109622e-01	3.274596297575218529e-01	3.274596297575218529e-01	5.723391614258740434e-01	5.758158877996779612e-01	5.799224211111669858e-01	5.633295408168960128e-01	5.804737907171629852e-01	5.204861012572620238e-01	3.274596297575218529e-01	3.274596297575218529e-01	3.274596297575218529e-01	3.274596297575218529e-01	3.274596297575218529e-01	5.415094858941820188e-01	3.274596297575218529e-01	5.936025531254880416e-01	6.110942282236769829e-01	3.274596297575218529e-01	5.059266047952619694e-01	3.274596297575218529e-01	5.469500111349420157e-01	3.274596297575218529e-01	5.522026373997670490e-01	5.269567463991049472e-01	5.404375008107940026e-01	3.274596297575218529e-01	3.274596297575218529e-01	5.466023103409559658e-01	6.044908329348499532e-01	3.274596297575218529e-01	3.274596297575218529e-01	5.823936947537310393e-01	3.274596297575218529e-01	5.706381008664590526e-01	5.341249968433550155e-01	3.274596297575218529e-01	3.274596297575218529e-01	3.274596297575218529e-01	5.529546513442460398e-01	5.946055738305510152e-01	5.175103443545010506e-01	5.311695806429449496e-01	3.274596297575218529e-01	3.274596297575218529e-01	5.566878578591000215e-01	5.373193163164390329e-01	5.435227609674889715e-01	3.274596297575218529e-01	3.274596297575218529e-01	3.274596297575218529e-01	3.274596297575218529e-01	5.446498526708339893e-01	5.817539418869159817e-01	5.553830298404770494e-01	3.274596297575218529e-01	3.274596297575218529e-01	3.274596297575218529e-01	3.274596297575218529e-01	4.919032881051830230e-01	3.274596297575218529e-01	4.631836483473619759e-01	5.087162170693250163e-01	5.501470173938779462e-01	5.137306526908680393e-01	3.274596297575218529e-01	5.532450649315010516e-01	4.941756411781230152e-01	3.274596297575218529e-01	5.150881055514070495e-01	5.051596189581339935e-01	3.274596297575218529e-01	3.274596297575218529e-01	5.523552854603229756e-01	5.431959670637940274e-01	5.484306294259799763e-01	5.131816934365209804e-01	5.854665231629549993e-01	3.274596297575218529e-01	3.274596297575218529e-01	5.979110449951530182e-01	3.274596297575218529e-01	6.871877059245029562e-01	6.744791407965530228e-01	3.274596297575218529e-01	6.837228743322080193e-01	5.895838339846539711e-01	5.239365320168349882e-01	3.274596297575218529e-01	3.274596297575218529e-01	3.274596297575218529e-01
5.427618921650919637e-01	3.274596297575218529e-01	3.274596297575218529e-01	9.999999999999980016e-01	3.274596297575218529e-01	3.274596297575218529e-01	4.795392618105159821e-01	3.274596297575218529e-01	3.274596297575218529e-01	5.075250048201870312e-01	4.930025479854149850e-01	4.855836645755060021e-01	3.274596297575218529e-01	5.621262099152030123e-01	5.694378786732749997e-01	5.452212496046410228e-01	5.411114282167920342e-01	5.834183234309650024e-01	5.890404483809209557e-01	3.274596297575218529e-01	5.758557649351380148e-01	3.274596297575218529e-01	5.147768953640230460e-01	5.706033920382680424e-01	4.780813543116450015e-01	3.274596297575218529e-01	3.274596297575218529e-01	5.183476329942580119e-01	5.678265638685310313e-01	3.274596297575218529e-01	3.274596297575218529e-01	3.274596297575218529e-01	5.204646709400529980e-01	5.677994068229299529e-01	3.274596297575218529e-01	3.274596297575218529e-01	5.683702578151640372e-01	3.274596297575218529e-01	3.274596297575218529e-01	3.274596297575218529e-01	5.095132570595239940e-01	3.274596297575218529e-01	5.182922556721809570e-01	3.274596297575218529e-01	5.246466166014850385e-01	3.274596297575218529e-01	4.880912012258830091e-01	4.961213879475599997e-01	3.274596297575218529e-01	5.192722630848399801e-01	4.729786140319089949e-01	5.449401364546679893e-01	3.274596297575218529e-01	3.274596297575218529e-01	4.945023859694540058e-01	5.242319842426089727e-01	5.384023231826999822e-01	5.028571856287989972e-01	5.109974525881100238e-01	4.818177360249359942e-01	3.274596297575218529e-01	4.671520499351110023e-01	4.698916828773019860e-01	5.173783236804400110e-01	4.735312493719330273e-01	5.616105594774990495e-01	3.274596297575218529e-01	5.569695105649840050e-01	3.274596297575218529e-01	4.899079828858500241e-01	3.274596297575218529e-01	5.027283576950779542e-01	3.274596297575218529e-01	5.356455499273290455e-01	3.274596297575218529e-01	5.646550834519009632e-01	3.274596297575218529e-01	5.355725419994850078e-01	5.151213051741709847e-01	3.274596297575218529e-01	5.042650013762870476e-01	4.420301673004730092e-01	3.274596297575218529e-01	4.948045588478410250e-01	3.274596297575218529e-01	4.699358318579779925e-01	5.296889375216590201e-01	3.274596297575218529e-01	5.331795465797789513e-01	5.123142129578870385e-01	3.274596297575218529e-01	5.373600330332040098e-01	3.274596297575218529e-01	3.274596297575218529e-01	4.438849113116979939e-01	3.274596297575218529e-01	5.379984406618030235e-01	4.945319671786039817e-01	5.447281745775980344e-01	3.274596297575218529e-01	4.636820241657190200e-01	4.910440389735700184e-01	3.274596297575218529e-01	3.274596297575218529e-01	3.274596297575218529e-01	4.962487625886239928e-01	3.274596297575218529e-01	3.274596297575218529e-01	5.709687677330209654e-01	4.919056561960429841e-01	3.274596297575218529e-01	3.274596297575218529e-01	3.274596297575218529e-01	5.460260122749239775e-01	3.274596297575218529e-01	5.420870964432650263e-01	3.274596297575218529e-01	3.274596297575218529e-01	5.478476321053239451e-01	3.274596297575218529e-01	4.946766645406949769e-01	5.116541980911489818e-01	5.088991819378380077e-01	5.286874552816399619e-01
6.006310991927720222e-01	3.274596297575218529e-01	3.274596297575218529e-01	3.274596297575218529e-01	9.999999999999970024e-01	5.836424732769589507e-01	6.936655243588100150e-01	6.402885262268690481e-01	6.281972400407349610e-01	6.147876135332860370e-01	3.274596297575218529e-01	3.274596297575218529e-01	5.810898488697120445e-01	3.274596297575218529e-01	5.449487827964990538e-01	5.464008110733939994e-01	3.274596297575218529e-01	4.658567377296969902e-01	3.274596297575218529e-01	3.274596297575218529e-01	5.184278956527800242e-01	3.274596297575218529e-01	6.206184678871670135e-01	3.274596297575218529e-01	3.274596297575218529e-01	6.716922127420990041e-01	4.677806649032609787e-01	3.274596297575218529e-01	3.274596297575218529e-01	3.274596297575218529e-01	3.274596297575218529e-01	5.046407614970139788e-01	4.573731867475809842e-01	5.407287813547020372e-01	3.274596297575218529e-01	4.693211976415829767e-01	3.274596297575218529e-01	5.067064553543769723e-01	3.274596297575218529e-01	3.274596297575218529e-01	3.274596297575218529e-01	3.274596297575218529e-01	6.096922961340309755e-01	5.683848247122339492e-01	3.274596297575218529e-01	3.274596297575218529e-01	4.941179451907140030e-01	3.274596297575218529e-01	3.274596297575218529e-01	3.274596297575218529e-01	3.274596297575218529e-01	3.274596297575218529e-01	5.143192825083009456e-01	3.274596297575218529e-01	5.717160693944439709e-01	3.274596297575218529e-01	5.777428830313869890e-01	3.274596297575218529e-01	3.274596297575218529e-01	3.274596297575218529e-01	3.274596297575218529e-01	3.274596297575218529e-01	3.274596297575218529e-01	3.274596297575218529e-01	3.274596297575218529e-01	5.717860992282780552e-01	4.961581040637950135e-01	3.274596297575218529e-01	3.274596297575218529e-01	3.274596297575218529e-01	3.274596297575218529e-01	3.274596297575218529e-01	5.189507151648650174e-01	3.274596297575218529e-01	5.154301876080550349e-01	3.274596297575218529e-01	3.274596297575218529e-01	3.274596297575218529e-01	5.663441298289549897e-01	5.057339455102419778e-01	3.274596297575218529e-01	3.274596297575218529e-01	5.060184817551109937e-01	5.719535653368019723e-01	5.173971583216080417e-01	5.679837941708759663e-01	3.274596297575218529e-01	3.274596297575218529e-01	6.368853542604040463e-01	3.274596297575218529e-01	3.274596297575218529e-01	3.274596297575218529e-01	5.056058106043509470e-01	3.274596297575218529e-01	3.274596297575218529e-01	3.274596297575218529e-01	5.658200638935509952e-01	3.274596297575218529e-01	3.274596297575218529e-01	3.274596297575218529e-01	6.184452450466429996e-01	5.683396073795440318e-01	3.274596297575218529e-01	3.274596297575218529e-01	5.786078271545349594e-01	3.274596297575218529e-01	3.274596297575218529e-01	3.274596297575218529e-01	4.856503094192179959e-01	4.845072726496810200e-01	5.055854101771539710e-01	5.417780566942600462e-01	3.274596297575218529e-01	3.274596297575218529e-01	3.274596297575218529e-01	6.137219472750300442e-01	5.479657553694780026e-01	3.274596297575218529e-01	6.066185266506649576e-01	5.694163782275010188e-01	5.773410116727759611e-01	3.274596297575218529e-01	5.523863515743779873e-01	6.063007457974139980e-01
3.274596297575218529e-01	5.835000794540780023e-01	5.948049543185830457e-01	3.274596297575218529e-01	5.836424732769589507e-01	9.999999999999980016e-01	3.274596297575218529e-01	5.295283401195129969e-01	3.274596297575218529e-01	3.274596297575218529e-01	3.274596297575218529e-01	6.233246037553119567e-01	6.069188559853200271e-01	5.498227126815909971e-01	3.274596297575218529e-01	3.274596297575218529e-01	5.528489635910109889e-01	4.474054086127409735e-01	3.274596297575218529e-01	3.274596297575218529e-01	5.476237457357120419e-01	3.274596297575218529e-01	5.102756491822779683e-01	3.274596297575218529e-01	5.242302307052899568e-01	5.687299433569340534e-01	3.274596297575218529e-01	3.274596297575218529e-01	4.746982189665849838e-01	5.230684059553769583e-01	3.274596297575218529e-01	4.923766506585420255e-01	4.643549887246830044e-01	3.274596297575218529e-01	5.130711698822739697e-01	3.274596297575218529e-01	5.021797944466750430e-01	3.274596297575218529e-01	5.149391440666120090e-01	5.089830454216539568e-01	3.274596297575218529e-01	3.274596297575218529e-01	5.770348392684460093e-01	3.274596297575218529e-01	3.274596297575218529e-01	3.274596297575218529e-01	3.274596297575218529e-01	3.274596297575218529e-01	5.673390360144330291e-01	3.274596297575218529e-01	3.274596297575218529e-01	3.274596297575218529e-01	3.274596297575218529e-01	5.164332963870079674e-01	3.274596297575218529e-01	3.274596297575218529e-01	5.582750574416319722e-01	3.274596297575218529e-01	3.274596297575218529e-01	3.274596297575218529e-01	5.665034693715920167e-01	3.274596297575218529e-01	3.274596297575218529e-01	5.239068190718020324e-01	4.628968431761260049e-01	5.891933343989790295e-01	4.764568646613869807e-01	5.591610440217940070e-01	3.274596297575218529e-01	3.274596297575218529e-01	5.483330592879549492e-01	5.297796635031239987e-01	4.946844653525879765e-01	3.274596297575218529e-01	3.274596297575218529e-01	3.274596297575218529e-01	5.389123686068030272e-01	3.274596297575218529e-01	6.013393291628009729e-01	3.274596297575218529e-01	5.753242192371379460e-01	4.767914149367920018e-01	3.274596297575218529e-01	5.135692825111529691e-01	3.274596297575218529e-01	3.274596297575218529e-01	3.274596297575218529e-01	3.274596297575218529e-01	3.274596297575218529e-01	3.274596297575218529e-01	3.274596297575218529e-01	3.274596297575218529e-01	5.301749475264450062e-01	3.274596297575218529e-01	3.274596297575218529e-01	3.274596297575218529e-01	6.040274386458149847e-01	5.150793425266629866e-01	3.274596297575218529e-01	3.274596297575218529e-01	3.274596297575218529e-01	5.664001126606219572e-01	5.341277395197729927e-01	3.274596297575218529e-01	3.274596297575218529e-01	5.689083378754670184e-01	6.097607687302010193e-01	5.177292016769799998e-01	3.274596297575218529e-01	4.558878057602330225e-01	4.838299362476790044e-01	3.274596297575218529e-01	5.374640837811509586e-01	6.042963378692309817e-01	5.627992757647880540e-01	5.702432413659600519e-01	3.274596297575218529e-01	5.950334772148060392e-01	3.274596297575218529e-01	5.345995343280289802e-01	3.274596297575218529e-01	3.274596297575218529e-01	5.166091258241399808e-01	5.444593679767030237e-01
3.274596297575218529e-01	3.274596297575218529e-01	5.706787301390769951e-01	4.795392618105159821e-01	6.936655243588100150e-01	3.274596297575218529e-01	9.999999999999990008e-01	6.585516588426280071e-01	3.274596297575218529e-01	5.847738577403229776e-01	6.035822115650310016e-01	3.274596297575218529e-01	3.274596297575218529e-01	3.274596297575218529e-01	5.433633323031960005e-01	5.291538103527799741e-01	3.274596297575218529e-01	3.274596297575218529e-01	3.274596297575218529e-01	6.492615763925280170e-01	5.180774050840150080e-01	3.274596297575218529e-01	3.274596297575218529e-01	5.141653491010740318e-01	3.274596297575218529e-01	3.274596297575218529e-01	4.632268016729729765e-01	3.274596297575218529e-01	4.870087688945269888e-01	5.063577579768669956e-01	5.208571545237370426e-01	4.829508746608809910e-01	3.274596297575218529e-01	3.274596297575218529e-01	5.112068285070699991e-01	4.535449607680420159e-01	5.006539111181439461e-01	4.917079995186959818e-01	5.145658726076419720e-01	3.274596297575218529e-01	3.274596297575218529e-01	3.274596297575218529e-01	5.969186554291679991e-01	3.274596297575218529e-01	4.451707416470709888e-01	3.274596297575218529e-01	3.274596297575218529e-01	3.274596297575218529e-01	3.274596297575218529e-01	3.274596297575218529e-01	3.274596297575218529e-01	5.341050593331619911e-01	5.004414391716579535e-01	3.274596297575218529e-01	5.560816938049689684e-01	3.274596297575218529e-01	3.274596297575218529e-01	4.796155873402480063e-01	3.274596297575218529e-01	4.989857847843849892e-01	3.274596297575218529e-01	3.274596297575218529e-01	3.274596297575218529e-01	5.458826218840610034e-01	4.615089004332150191e-01	5.790795691364919451e-01	4.943440311131059861e-01	5.529018057411060338e-01	5.244475013319369605e-01	5.661136450579049573e-01	3.274596297575218529e-01	5.427279500542540047e-01	3.274596297575218529e-01	3.274596297575218529e-01	5.157997663164709534e-01	3.274596297575218529e-01	3.274596297575218529e-01	3.274596297575218529e-01	3.274596297575218529e-01	5.111994788085949537e-01	3.274596297575218529e-01	5.150743815948990445e-01	3.274596297575218529e-01	5.403012909299900191e-01	4.855558661702050194e-01	5.592999413509409656e-01	3.274596297575218529e-01	3.274596297575218529e-01	3.274596297575218529e-01	3.274596297575218529e-01	3.274596297575218529e-01	3.274596297575218529e-01	5.023519977485400023e-01	4.618832650339990131e-01	3.274596297575218529e-01	5.336004068053530336e-01	3.274596297575218529e-01	5.282375760665229958e-01	5.435162163346769493e-01	3.274596297575218529e-01	3.274596297575218529e-01	5.576183679711920194e-01	3.274596297575218529e-01	4.624860118958559752e-01	5.535912388505750403e-01	5.279445678036079892e-01	5.581553824562850430e-01	3.274596297575218529e-01	4.849930779916389878e-01	3.274596297575218529e-01	4.974354106130640107e-01	5.298147675494200293e-01	3.274596297575218529e-01	5.418608668026889674e-01	3.274596297575218529e-01	3.274596297575218529e-01	5.360053213557149920e-01	3.274596297575218529e-01	3.274596297575218529e-01	5.572668837575039946e-01	5.809176991742970309e-01	5.983643962675000427e-01	3.274596297575218529e-01	3.274596297575218529e-01
6.341156655456620106e-01	3.274596297575218529e-01	6.015352447032900063e-01	3.274596297575218529e-01	6.402885262268690481e-01	5.295283401195129969e-01	6.585516588426280071e-01	1.000000000000000000e+00	7.039829575234729520e-01	3.274596297575218529e-01	5.749504495233690449e-01	3.274596297575218529e-01	5.509002203806220299e-01	4.722386845696129876e-01	5.786742502647860276e-01	3.274596297575218529e-01	3.274596297575218529e-01	4.701101203249369864e-01	3.274596297575218529e-01	3.274596297575218529e-01	3.274596297575218529e-01	3.274596297575218529e-01	3.274596297575218529e-01	5.715550599589459546e-01	3.274596297575218529e-01	5.983180425413120451e-01	3.274596297575218529e-01	6.649551389814210012e-01	3.274596297575218529e-01	5.702628260542630390e-01	3.274596297575218529e-01	3.274596297575218529e-01	3.274596297575218529e-01	3.274596297575218529e-01	5.317132762565279780e-01	3.274596297575218529e-01	3.274596297575218529e-01	5.557699502660420343e-01	3.274596297575218529e-01	3.274596297575218529e-01	3.274596297575218529e-01	6.046548052609359569e-01	3.274596297575218529e-01	5.219583612115079596e-01	4.688588791588980120e-01	3.274596297575218529e-01	3.274596297575218529e-01	3.274596297575218529e-01	3.274596297575218529e-01	3.274596297575218529e-01	5.771157644444969703e-01	4.980119233376150145e-01	3.274596297575218529e-01	5.060156381431919481e-01	5.452597359572369795e-01	3.274596297575218529e-01	5.483890851077349859e-01	5.030710583844509864e-01	3.274596297575218529e-01	5.175456809451950413e-01	5.412163114701850075e-01	5.033514783253220104e-01	3.274596297575218529e-01	5.227722294813099690e-01	3.274596297575218529e-01	5.540065902124809982e-01	3.274596297575218529e-01	3.274596297575218529e-01	3.274596297575218529e-01	5.270461519699739528e-01	3.274596297575218529e-01	3.274596297575218529e-01	3.274596297575218529e-01	5.578671386829739953e-01	4.887075188383089852e-01	3.274596297575218529e-01	6.278635355754510483e-01	4.967207567999070150e-01	3.274596297575218529e-01	5.168147560298039789e-01	3.274596297575218529e-01	5.370688815320190379e-01	3.274596297575218529e-01	6.097693103769039613e-01	5.245708458011909547e-01	3.274596297575218529e-01	5.474120612830459809e-01	5.212725749717810331e-01	3.274596297575218529e-01	3.274596297575218529e-01	5.674821279977659838e-01	3.274596297575218529e-01	3.274596297575218529e-01	3.274596297575218529e-01	3.274596297575218529e-01	4.896509109841780116e-01	5.225169969997950359e-01	5.086041359654179805e-01	3.274596297575218529e-01	3.274596297575218529e-01	3.274596297575218529e-01	4.953083164809899963e-01	4.992690191626720231e-01	3.274596297575218529e-01	3.274596297575218529e-01	3.274596297575218529e-01	5.198627143811940243e-01	3.274596297575218529e-01	3.274596297575218529e-01	5.137008373701259512e-01	5.607181459402910129e-01	5.813633895595839984e-01	3.274596297575218529e-01	5.295499475157280367e-01	5.678584690794949985e-01	6.128720651581850420e-01	5.758310264038819515e-01	3.274596297575218529e-01	3.274596297575218529e-01	3.274596297575218529e-01	3.274596297575218529e-01	5.960346423655570325e-01	6.017745719401249582e-01	3.274596297575218529e-01
6.267810014084009840e-01	3.274596297575218529e-01	3.274596297575218529e-01	3.274596297575218529e-01	6.281972400407349610e-01	3.274596297575218529e-01	3.274596297575218529e-01	7.039829575234729520e-01	1.000000000000000000e+00	6.388051832995139678e-01	3.274596297575218529e-01	5.924200737498069858e-01	5.452340155555429613e-01	3.274596297575218529e-01	3.274596297575218529e-01	5.717997888140740059e-01	3.274596297575218529e-01	4.795296007857000053e-01	5.207668835089119819e-01	5.834304401253059824e-01	3.274596297575218529e-01	3.274596297575218529e-01	6.414270311219070209e-01	3.274596297575218529e-01	3.274596297575218529e-01	5.852549056414749762e-01	3.274596297575218529e-01	6.636479375680569559e-01	3.274596297575218529e-01	3.274596297575218529e-01	5.794483036192979997e-01	4.949727407486300135e-01	5.294037904601159861e-01	3.274596297575218529e-01	3.274596297575218529e-01	3.274596297575218529e-01	3.274596297575218529e-01	5.698175647742379502e-01	5.499581234927579665e-01	3.274596297575218529e-01	3.274596297575218529e-01	3.274596297575218529e-01	5.886422062703949853e-01	5.179084739490480427e-01	3.274596297575218529e-01	5.828989677759139898e-01	3.274596297575218529e-01	3.274596297575218529e-01	5.689413730195890251e-01	5.395139415511049918e-01	3.274596297575218529e-01	3.274596297575218529e-01	4.675915761197509957e-01	3.274596297575218529e-01	5.379177626442920301e-01	5.162330475953480491e-01	3.274596297575218529e-01	3.274596297575218529e-01	3.274596297575218529e-01	3.274596297575218529e-01	5.569811812420289998e-01	3.274596297575218529e-01	3.274596297575218529e-01	5.280923141170089652e-01	3.274596297575218529e-01	3.274596297575218529e-01	3.274596297575218529e-01	5.523366654794440445e-01	5.136626878370540439e-01	3.274596297575218529e-01	5.067062644756059608e-01	5.438641119822009706e-01	3.274596297575218529e-01	5.624873027406279702e-01	5.088014371762109578e-01	3.274596297575218529e-01	6.160648290054919762e-01	3.274596297575218529e-01	5.390699282566600026e-01	5.193199049769769982e-01	5.816110378746579546e-01	3.274596297575218529e-01	3.274596297575218529e-01	3.274596297575218529e-01	3.274596297575218529e-01	5.202531670454180190e-01	3.274596297575218529e-01	3.274596297575218529e-01	6.377802918065800242e-01	5.309171602668220080e-01	3.274596297575218529e-01	5.013848132886660203e-01	3.274596297575218529e-01	3.274596297575218529e-01	3.274596297575218529e-01	3.274596297575218529e-01	3.274596297575218529e-01	5.003654059371870355e-01	5.021233690964469476e-01	3.274596297575218529e-01	5.145585383682990122e-01	3.274596297575218529e-01	3.274596297575218529e-01	4.928542009737780227e-01	5.024302197521820501e-01	4.835454648981409864e-01	5.105195553946270115e-01	5.326465983009760485e-01	5.291949186807090033e-01	5.209210670614510263e-01	5.767707795785179670e-01	5.954355892548699458e-01	5.655948159232500050e-01	5.426855470946599924e-01	5.869068724928470093e-01	3.274596297575218529e-01	5.752438031895299453e-01	3.274596297575218529e-01	3.274596297575218529e-01	3.274596297575218529e-01	4.868535473668669789e-01	5.864910094442119526e-01	6.038285618933969534e-01	6.137490308028969999e-01
6.484343835613429752e-01	6.137855611742839557e-01	3.274596297575218529e-01	5.075250048201870312e-01	6.147876135332860370e-01	3.274596297575218529e-01	5.847738577403229776e-01	3.274596297575218529e-01	6.388051832995139678e-01	1.000000000000000000e+00	3.274596297575218529e-01	5.920390349839409483e-01	5.434509641423580506e-01	3.274596297575218529e-01	5.771069649940400170e-01	3.274596297575218529e-01	3.274596297575218529e-01	3.274596297575218529e-01	3.274596297575218529e-01	6.007836240170419950e-01	4.965524276887099964e-01	3.274596297575218529e-01	3.274596297575218529e-01	5.801585237612509882e-01	3.274596297575218529e-01	6.356354809136389727e-01	3.274596297575218529e-01	6.395559239970469712e-01	3.274596297575218529e-01	3.274596297575218529e-01	6.023697801220919690e-01	3.274596297575218529e-01	3.274596297575218529e-01	5.809523754562400111e-01	5.232725847306219924e-01	5.296320075804029637e-01	5.615101325654110465e-01	5.830333461439619613e-01	3.274596297575218529e-01	4.929611766777259874e-01	5.663792359616559580e-01	3.274596297575218529e-01	3.274596297575218529e-01	3.274596297575218529e-01	4.715005644136079921e-01	5.475707551174390231e-01	5.047564732285080291e-01	3.274596297575218529e-01	3.274596297575218529e-01	5.488051146861649965e-01	3.274596297575218529e-01	3.274596297575218529e-01	3.274596297575218529e-01	5.037870610064629773e-01	3.274596297575218529e-01	5.074247212949469787e-01	5.503796713244629712e-01	5.182631263137990052e-01	4.967882283030359836e-01	3.274596297575218529e-01	3.274596297575218529e-01	5.278660371583310251e-01	3.274596297575218529e-01	3.274596297575218529e-01	3.274596297575218529e-01	5.572029998407069806e-01	5.411436423596970302e-01	5.408266431181499856e-01	3.274596297575218529e-01	3.274596297575218529e-01	3.274596297575218529e-01	3.274596297575218529e-01	5.225569329847189470e-01	3.274596297575218529e-01	3.274596297575218529e-01	3.274596297575218529e-01	6.295734295882039477e-01	4.769496936422120137e-01	3.274596297575218529e-01	3.274596297575218529e-01	5.838097562534400042e-01	5.356029003220630358e-01	3.274596297575218529e-01	3.274596297575218529e-01	5.571594812276190467e-01	5.059674664173889891e-01	5.432942520279080423e-01	5.012167867750879635e-01	6.428733915572859559e-01	3.274596297575218529e-01	5.595989195878530165e-01	4.923045179547890227e-01	4.585276782109010130e-01	4.650577669007620041e-01	4.638003192534699837e-01	3.274596297575218529e-01	3.274596297575218529e-01	3.274596297575218529e-01	3.274596297575218529e-01	5.252694896244309852e-01	3.274596297575218529e-01	3.274596297575218529e-01	5.045058536446189734e-01	4.708342804061250164e-01	3.274596297575218529e-01	4.867826509951200253e-01	5.098512567990669542e-01	5.176808128269330123e-01	5.154321595389139699e-01	3.274596297575218529e-01	5.711802830020390465e-01	3.274596297575218529e-01	5.255570926420719546e-01	5.490441864501010016e-01	3.274596297575218529e-01	6.205590709910969727e-01	5.865837955136430359e-01	6.090412252744580313e-01	6.338095763374910208e-01	6.119437084297729701e-01	4.892994961453649982e-01	3.274596297575218529e-01	3.274596297575218529e-01	6.360711506542969795e-01
6.016740228455550454e-01	3.274596297575218529e-01	3.274596297575218529e-01	4.930025479854149850e-01	3.274596297575218529e-01	3.274596297575218529e-01	6.035822115650310016e-01	5.749504495233690449e-01	3.274596297575218529e-01	3.274596297575218529e-01	1.000000000000000000e+00	3.274596297575218529e-01	3.274596297575218529e-01	5.218637471957640050e-01	3.274596297575218529e-01	5.367730038632579914e-01	3.274596297575218529e-01	3.274596297575218529e-01	3.274596297575218529e-01	3.274596297575218529e-01	3.274596297575218529e-01	5.303209108819699757e-01	3.274596297575218529e-01	5.394889778071340070e-01	3.274596297575218529e-01	3.274596297575218529e-01	3.274596297575218529e-01	5.694275364163380315e-01	3.274596297575218529e-01	5.433288522986640112e-01	3.274596297575218529e-01	3.274596297575218529e-01	3.274596297575218529e-01	3.274596297575218529e-01	3.274596297575218529e-01	3.274596297575218529e-01	3.274596297575218529e-01	5.299622047168369710e-01	5.395346002321219636e-01	4.955113016376360147e-01	5.261105615388189660e-01	5.433628083621320215e-01	5.772467067299570376e-01	5.665773183420299564e-01	3.274596297575218529e-01	5.334647080937510166e-01	3.274596297575218529e-01	5.615754047919010450e-01	3.274596297575218529e-01	5.507726854828850493e-01	3.274596297575218529e-01	5.420381422184740172e-01	3.274596297575218529e-01	3.274596297575218529e-01	5.731363366298679596e-01	3.274596297575218529e-01	3.274596297575218529e-01	3.274596297575218529e-01	5.079245689397889896e-01	3.274596297575218529e-01	5.427121729336099598e-01	5.592744220319210147e-01	5.950285997891400225e-01	3.274596297575218529e-01	3.274596297575218529e-01	5.867864798223150213e-01	3.274596297575218529e-01	5.878859935142459747e-01	5.365229334683490059e-01	3.274596297575218529e-01	5.362140542853359726e-01	3.274596297575218529e-01	5.453536012911559538e-01	5.505649894060730132e-01	3.274596297575218529e-01	3.274596297575218529e-01	5.943405710248900187e-01	3.274596297575218529e-01	3.274596297575218529e-01	5.194230081667110532e-01	3.274596297575218529e-01	5.550406014756880113e-01	5.374532763364979759e-01	5.317759823666059482e-01	5.234598230562029775e-01	3.274596297575218529e-01	5.510434651203319767e-01	5.193517889419509981e-01	6.221463395182209588e-01	5.519543113901500542e-01	5.773720451882089488e-01	3.274596297575218529e-01	5.026273080949770211e-01	3.274596297575218529e-01	3.274596297575218529e-01	5.140387933161899570e-01	3.274596297575218529e-01	5.407442190727490550e-01	5.485276406302369567e-01	3.274596297575218529e-01	5.459399738516880207e-01	3.274596297575218529e-01	3.274596297575218529e-01	3.274596297575218529e-01	5.360194035385229538e-01	5.260020578891400067e-01	3.274596297575218529e-01	5.356058160143239988e-01	3.274596297575218529e-01	3.274596297575218529e-01	3.274596297575218529e-01	3.274596297575218529e-01	5.281664653396720421e-01	5.552264804953439548e-01	5.319827769191549649e-01	3.274596297575218529e-01	3.274596297575218529e-01	6.058855538516130235e-01	6.144616591203599931e-01	3.274596297575218529e-01	3.274596297575218529e-01	3.274596297575218529e-01	3.274596297575218529e-01	3.274596297575218529e-01
3.274596297575218529e-01	5.942069709907880082e-01	5.710151651690670294e-01	4.855836645755060021e-01	3.274596297575218529e-01	6.233246037553119567e-01	3.274596297575218529e-01	3.274596297575218529e-01	5.924200737498069858e-01	5.920390349839409483e-01	3.274596297575218529e-01	1.000000000000000000e+00	6.168467618805090202e-01	3.274596297575218529e-01	5.445384700479950491e-01	5.161381091057229975e-01	3.274596297575218529e-01	3.274596297575218529e-01	3.274596297575218529e-01	6.423816953710429489e-01	5.397449922756729634e-01	3.274596297575218529e-01	3.274596297575218529e-01	5.092952110291010248e-01	5.786000041349149692e-01	6.376826962038180113e-01	4.672177282732080106e-01	5.606005638977920036e-01	5.009377679742940126e-01	3.274596297575218529e-01	5.302527042186699902e-01	4.964786996815159781e-01	4.469090940149539892e-01	3.274596297575218529e-01	3.274596297575218529e-01	4.660790864134050082e-01	5.112973397692850419e-01	4.875884303081490234e-01	5.067778612296249818e-01	3.274596297575218529e-01	3.274596297575218529e-01	3.274596297575218529e-01	5.829754574389020005e-01	5.768590497329509903e-01	4.307338145103800087e-01	3.274596297575218529e-01	4.653638067446089766e-01	5.712542915054079629e-01	5.373939593121189739e-01	3.274596297575218529e-01	3.274596297575218529e-01	3.274596297575218529e-01	3.274596297575218529e-01	5.406143562990429752e-01	3.274596297575218529e-01	3.274596297575218529e-01	5.794947225984510286e-01	4.734732497160700215e-01	3.274596297575218529e-01	3.274596297575218529e-01	5.782630170881699616e-01	3.274596297575218529e-01	3.274596297575218529e-01	5.559599056086349522e-01	4.702117787302569907e-01	5.947127558773409595e-01	3.274596297575218529e-01	3.274596297575218529e-01	3.274596297575218529e-01	3.274596297575218529e-01	5.652438456961109692e-01	5.615894501463469801e-01	4.927956880797469963e-01	5.229673270364719739e-01	3.274596297575218529e-01	5.706306578484630077e-01	3.274596297575218529e-01	3.274596297575218529e-01	3.274596297575218529e-01	3.274596297575218529e-01	6.713332811203780448e-01	5.230841166520380225e-01	3.274596297575218529e-01	5.541492133139089837e-01	5.000218607931460335e-01	3.274596297575218529e-01	3.274596297575218529e-01	5.662926926798329541e-01	3.274596297575218529e-01	3.274596297575218529e-01	3.274596297575218529e-01	5.575454393058929536e-01	3.274596297575218529e-01	3.274596297575218529e-01	5.523510198585389608e-01	5.605576922802569806e-01	5.894595251774880085e-01	3.274596297575218529e-01	5.679299442805280096e-01	3.274596297575218529e-01	6.133854928334200318e-01	5.734329811082310435e-01	5.553903236760560080e-01	4.539982593558770096e-01	5.880204686365749778e-01	3.274596297575218529e-01	3.274596297575218529e-01	5.033377745888080179e-01	3.274596297575218529e-01	3.274596297575218529e-01	3.274596297575218529e-01	5.353827891028439812e-01	3.274596297575218529e-01	5.681318482531629854e-01	3.274596297575218529e-01	3.274596297575218529e-01	3.274596297575218529e-01	3.274596297575218529e-01	3.274596297575218529e-01	3.274596297575218529e-01	6.325221767831069597e-01	6.599103077074409684e-01	3.274596297575218529e-01	3.274596297575218529e-01
