1.000000000000000000e+00	4.228086507674799766e-01	4.466228561321879953e-01	6.081354263548295336e-01	6.081354263548295336e-01	6.081354263548295336e-01	6.081354263548295336e-01	6.081354263548295336e-01	7.600555996296619599e-01	5.562142219463079851e-01	8.252020191593339993e-01	6.081354263548295336e-01	7.522240680925850187e-01	6.081354263548295336e-01	8.224029418133289582e-01	6.835844094958669626e-01	6.081354263548295336e-01	2.169812510792299975e-01	6.081354263548295336e-01	6.081354263548295336e-01	3.467315710315240218e-01	6.081354263548295336e-01	5.040936915901780280e-01	6.081354263548295336e-01	7.519875455151190380e-01	8.612904201302870044e-01	6.081354263548295336e-01	6.081354263548295336e-01	8.528821087511829768e-01	6.677002277271969488e-01	6.295277513664380153e-01	6.081354263548295336e-01	8.432347098425080345e-01	6.559905398210710281e-01	6.081354263548295336e-01	8.192268215087950001e-01	6.081354263548295336e-01	7.564373308400680340e-01	8.914538688036719449e-01	7.558686898224680206e-01	8.760177487205269564e-01	6.081354263548295336e-01	7.594582778831669989e-01	6.081354263548295336e-01	6.081354263548295336e-01	3.336646472196839741e-01	4.347264803069920136e-01	8.720083844378649918e-01	7.275919137448040308e-01	6.081354263548295336e-01	6.081354263548295336e-01	6.081354263548295336e-01	6.081354263548295336e-01	8.527888217639190138e-01	6.081354263548295336e-01	6.081354263548295336e-01	8.522700991017889693e-01	8.812195393890349671e-01	8.311980677721160227e-01	6.081354263548295336e-01	8.852107354046969689e-01	3.737965777929549982e-01	6.081354263548295336e-01	1.561467115133770012e-01	6.709857781238039998e-01	6.081354263548295336e-01	6.081354263548295336e-01	5.323223913688589493e-01	7.977764459201049929e-01	8.096002695745919686e-01	6.081354263548295336e-01	8.622094754561540064e-01	6.081354263548295336e-01	6.081354263548295336e-01	2.334118753600269991e-01	3.810598984647460274e-01	8.335197691112220530e-01	6.081354263548295336e-01	5.322459728374000498e-01	8.683378777273069726e-01	8.034688433295590348e-01	6.081354263548295336e-01	7.884019525723530153e-01	3.649061917379369802e-01	6.081354263548295336e-01	8.746832363850010061e-01	8.829502640384430112e-01	7.800063363912459469e-01	1.000000000000000021e-03	6.081354263548295336e-01	6.081354263548295336e-01	4.217059032418269959e-01	6.081354263548295336e-01	6.081354263548295336e-01	8.587387116854029445e-01	8.515711972369339744e-01	6.754547812468859602e-01	8.915209103036200178e-01	8.992767039247310246e-01	6.081354263548295336e-01	6.081354263548295336e-01	6.081354263548295336e-01	6.081354263548295336e-01	5.173681139584399569e-01	8.884118446640469902e-01	6.081354263548295336e-01	6.081354263548295336e-01	5.653267865449690399e-01	5.601600156323790491e-01	7.828858765426149890e-01	8.381769145798929621e-01	6.388972749224609560e-01	5.712788897562639523e-01	4.731058427322770155e-01	3.895920253823870194e-01	6.081354263548295336e-01	6.081354263548295336e-01	8.778762836135359793e-01	8.644404863915670090e-01	8.343749651804710510e-01	4.370598126385479842e-01	8.189468358572520312e-01	8.193108358687339887e-01	8.431078937610519963e-01
4.228086507674799766e-01	1.000000000000000000e+00	6.081354263548295336e-01	6.081354263548295336e-01	6.081354263548295336e-01	5.240176052998499756e-01	6.081354263548295336e-01	5.534376893417449761e-01	6.081354263548295336e-01	6.229261705202769894e-01	5.068859686741240544e-01	6.081354263548295336e-01	6.081354263548295336e-01	3.635839114073580181e-01	6.081354263548295336e-01	6.081354263548295336e-01	6.081354263548295336e-01	6.081354263548295336e-01	6.081354263548295336e-01	6.081354263548295336e-01	6.081354263548295336e-01	6.081354263548295336e-01	6.081354263548295336e-01	5.430408955066009513e-01	4.322460020547759796e-01	6.081354263548295336e-01	3.928120632845280014e-01	4.656771400607179756e-01	2.896504711033500157e-01	6.081354263548295336e-01	3.975806336622810244e-01	6.081354263548295336e-01	3.173431376637820267e-01	5.292705730994220481e-01	3.728344052594759761e-01	2.476769272392000121e-01	6.081354263548295336e-01	4.263265453000180116e-01	6.081354263548295336e-01	4.997188143162680229e-01	3.585630828043980256e-01	4.906631514912719871e-01	4.353778404741430186e-01	3.241914155907210104e-01	3.025720232429779943e-01	6.081354263548295336e-01	5.817667095721099635e-01	3.296964912698959749e-01	6.081354263548295336e-01	6.133336500824539961e-01	6.081354263548295336e-01	6.081354263548295336e-01	5.301831895196470468e-01	6.081354263548295336e-01	6.081354263548295336e-01	5.585577294392880532e-01	3.336076243691940002e-01	6.081354263548295336e-01	3.099267807421359766e-01	3.157849168002829776e-01	3.062890880451670239e-01	6.081354263548295336e-01	6.081354263548295336e-01	6.081354263548295336e-01	5.202232510795109510e-01	6.827110520833760132e-01	3.854406624781560042e-01	5.683572117733920459e-01	3.818631232733770142e-01	6.081354263548295336e-01	6.081354263548295336e-01	6.081354263548295336e-01	6.081354263548295336e-01	4.361852127193650008e-01	6.081354263548295336e-01	6.081354263548295336e-01	3.153555930610419944e-01	6.081354263548295336e-01	5.053565993560820147e-01	6.081354263548295336e-01	6.081354263548295336e-01	6.081354263548295336e-01	3.434193927146410030e-01	6.081354263548295336e-01	3.435461971884329890e-01	2.941082026516689818e-01	6.081354263548295336e-01	6.081354263548295336e-01	1.000000000000000021e-03	6.412076626083870190e-01	4.962462654892759728e-01	5.144477484215489449e-01	4.375501150652519877e-01	3.430181539091219922e-01	2.966546306399610033e-01	6.081354263548295336e-01	6.081354263548295336e-01	2.980980740403689766e-01	3.076910488320350190e-01	6.081354263548295336e-01	4.286968467141339945e-01	6.081354263548295336e-01	3.346515429061580060e-01	5.693839343479879522e-01	6.081354263548295336e-01	6.081354263548295336e-01	6.404935278285459610e-01	6.081354263548295336e-01	6.081354263548295336e-01	6.081354263548295336e-01	6.081354263548295336e-01	6.081354263548295336e-01	6.081354263548295336e-01	5.799440055087380363e-01	6.081354263548295336e-01	4.070666630891640048e-01	3.784170851910589883e-01	4.816530343175470241e-01	4.304442239962210093e-01	2.948752703171820255e-01	6.081354263548295336e-01	6.081354263548295336e-01	2.456650939847569992e-01	6.081354263548295336e-01
4.466228561321879953e-01	6.081354263548295336e-01	1.000000000000000000e+00	4.945866711452239772e-01	6.215011536916410506e-01	6.081354263548295336e-01	5.963195912922829578e-01	5.643613931457619470e-01	6.069641294105390106e-01	6.081354263548295336e-01	5.720761811143250108e-01	6.954204840622609796e-01	6.081354263548295336e-01	4.248049340274899777e-01	6.081354263548295336e-01	5.654040893198409856e-01	6.081354263548295336e-01	5.297629009476999551e-01	4.165255107294290049e-01	6.081354263548295336e-01	5.471812048446960119e-01	6.081354263548295336e-01	6.081354263548295336e-01	6.081354263548295336e-01	5.504077873931280118e-01	3.979939954353050036e-01	4.227826366650260237e-01	5.357762680727740090e-01	3.235758568468249941e-01	5.143141183227559754e-01	6.081354263548295336e-01	6.081354263548295336e-01	6.081354263548295336e-01	6.081354263548295336e-01	3.613882792681930023e-01	2.738108704095379986e-01	6.081354263548295336e-01	6.081354263548295336e-01	6.081354263548295336e-01	6.081354263548295336e-01	6.081354263548295336e-01	6.337076321156419612e-01	4.464488490127470066e-01	6.081354263548295336e-01	3.359650553829949815e-01	6.081354263548295336e-01	7.595205851662040208e-01	3.355748201158360033e-01	6.043018377845880140e-01	7.284629205836899990e-01	3.569976601125660065e-01	6.081354263548295336e-01	6.081354263548295336e-01	6.081354263548295336e-01	6.081354263548295336e-01	7.215042260436099752e-01	6.081354263548295336e-01	6.081354263548295336e-01	6.081354263548295336e-01	6.081354263548295336e-01	6.081354263548295336e-01	6.081354263548295336e-01	6.081354263548295336e-01	6.081354263548295336e-01	6.081354263548295336e-01	6.295105364560570349e-01	6.081354263548295336e-01	6.759952762424179529e-01	3.714935548894809925e-01	3.050206909216339746e-01	3.370762606691720120e-01	3.394767689677359868e-01	6.081354263548295336e-01	6.081354263548295336e-01	5.199565802449439555e-01	6.081354263548295336e-01	3.249125284958059856e-01	6.081354263548295336e-01	6.771747771676910332e-01	6.081354263548295336e-01	6.081354263548295336e-01	3.366709244458970240e-01	3.241936319431930058e-01	7.777060783911720065e-01	6.081354263548295336e-01	3.436871459629329828e-01	3.607119568857780068e-01	6.081354263548295336e-01	6.081354263548295336e-01	6.081354263548295336e-01	6.206264937948400284e-01	6.081354263548295336e-01	4.908678146496109895e-01	3.338951187830340173e-01	6.081354263548295336e-01	6.081354263548295336e-01	6.081354263548295336e-01	6.081354263548295336e-01	6.081354263548295336e-01	6.081354263548295336e-01	6.081354263548295336e-01	6.081354263548295336e-01	6.081354263548295336e-01	6.468787179141679555e-01	6.081354263548295336e-01	6.081354263548295336e-01	5.881411418616260267e-01	6.081354263548295336e-01	5.404187849347009687e-01	6.081354263548295336e-01	3.052543321251720010e-01	6.081354263548295336e-01	6.081354263548295336e-01	5.487883729955269629e-01	6.946174773886309994e-01	3.834222265918669770e-01	6.081354263548295336e-01	5.279298569353619852e-01	5.013236508750910092e-01	3.284411660595660254e-01	6.187370278484980446e-01	6.081354263548295336e-01	3.014508865166889984e-01	3.606330529174480160e-01
6.081354263548295336e-01	6.081354263548295336e-01	4.945866711452239772e-01	1.000000000000000000e+00	6.762772442847250209e-01	6.081354263548295336e-01	6.081354263548295336e-01	6.081354263548295336e-01	6.081354263548295336e-01	6.256405716754519508e-01	6.081354263548295336e-01	6.081354263548295336e-01	7.048882893249499570e-01	6.081354263548295336e-01	6.081354263548295336e-01	6.081354263548295336e-01	6.646397487146900040e-01	6.081354263548295336e-01	6.081354263548295336e-01	6.081354263548295336e-01	6.081354263548295336e-01	6.081354263548295336e-01	5.543881867946309772e-01	6.081354263548295336e-01	6.847584264675540267e-01	6.081354263548295336e-01	6.081354263548295336e-01	5.934605065591750384e-01	6.040251021467689663e-01	6.656173906399790452e-01	6.081354263548295336e-01	6.081354263548295336e-01	6.081354263548295336e-01	6.253668900096339689e-01	6.316617344060649897e-01	5.625278394358810274e-01	6.360949167888410027e-01	6.081354263548295336e-01	6.080938514951550466e-01	6.361297072048179846e-01	5.978748606546050448e-01	5.003854455558499614e-01	6.081354263548295336e-01	5.715289006869560540e-01	5.867676190144049952e-01	4.270966931562290014e-01	5.099516337379309538e-01	5.901227286212320511e-01	6.081354263548295336e-01	6.081354263548295336e-01	6.237827484750040341e-01	6.031420487968229827e-01	6.081354263548295336e-01	5.830248843619989518e-01	5.525303712580400539e-01	5.720214294971309732e-01	6.081354263548295336e-01	6.081354263548295336e-01	6.081354263548295336e-01	6.081354263548295336e-01	6.081354263548295336e-01	6.081354263548295336e-01	5.774554971428259575e-01	1.954626385832589908e-01	6.081354263548295336e-01	6.081354263548295336e-01	6.081354263548295336e-01	5.887808039036299679e-01	6.122318621781609460e-01	6.081354263548295336e-01	6.081354263548295336e-01	6.081354263548295336e-01	6.081354263548295336e-01	5.750327014082200483e-01	3.080341169035599735e-01	6.081354263548295336e-01	6.081354263548295336e-01	6.081354263548295336e-01	6.081354263548295336e-01	6.081354263548295336e-01	6.153622527101429984e-01	6.127636569106380549e-01	5.663015743650680056e-01	6.081354263548295336e-01	5.824950048379670120e-01	6.191686398805360536e-01	6.081354263548295336e-01	6.081354263548295336e-01	6.081354263548295336e-01	5.251078065391260319e-01	5.350478562374759717e-01	5.188912631833639821e-01	6.081354263548295336e-01	6.081354263548295336e-01	5.931116889157900252e-01	5.912008952046560184e-01	6.139335529927729684e-01	6.081354263548295336e-01	6.081354263548295336e-01	6.430910031257299764e-01	6.081354263548295336e-01	4.284770930878740169e-01	6.081354263548295336e-01	5.530632402352509969e-01	6.081354263548295336e-01	6.227473327067479802e-01	6.081354263548295336e-01	6.081354263548295336e-01	6.081354263548295336e-01	6.081354263548295336e-01	6.081354263548295336e-01	6.339329550054230156e-01	6.081354263548295336e-01	4.542938869477720076e-01	6.081354263548295336e-01	6.290975198037239702e-01	6.081354263548295336e-01	6.233521815779620168e-01	6.081354263548295336e-01	6.221856051926349940e-01	5.291620329785350352e-01	5.613599486903170233e-01	5.491336480053660152e-01	6.081354263548295336e-01
6.081354263548295336e-01	6.081354263548295336e-01	6.215011536916410506e-01	6.762772442847250209e-01	1.000000000000000000e+00	6.081354263548295336e-01	7.581665545520800409e-01	6.081354263548295336e-01	8.206057455690159985e-01	6.724644885248729498e-01	8.297956717116830028e-01	6.081354263548295336e-01	6.081354263548295336e-01	6.081354263548295336e-01	6.842530248191099895e-01	6.081354263548295336e-01	7.313021502481330538e-01	6.081354263548295336e-01	7.051823090880620093e-01	6.081354263548295336e-01	4.740804004421479978e-01	7.199373673339040103e-01	6.081354263548295336e-01	6.839490277303530430e-01	6.081354263548295336e-01	6.081354263548295336e-01	6.081354263548295336e-01	6.939482228119370211e-01	6.081354263548295336e-01	7.286820805784880450e-01	6.036824561182150273e-01	6.898518844666090555e-01	6.081354263548295336e-01	6.826177109495600304e-01	6.081354263548295336e-01	6.285687382060519690e-01	7.647674591782920306e-01	7.596088625676770123e-01	6.081354263548295336e-01	6.081354263548295336e-01	6.847958784733340076e-01	6.081354263548295336e-01	7.798410452272820370e-01	6.620185967279049732e-01	6.081354263548295336e-01	5.407292196364960057e-01	6.081354263548295336e-01	6.081354263548295336e-01	7.875669551399220314e-01	6.258758625471839698e-01	7.077130440028519542e-01	6.855875309704120291e-01	6.934929291269540386e-01	6.785650604408419717e-01	6.081354263548295336e-01	6.081354263548295336e-01	6.081354263548295336e-01	7.086862113225990134e-01	6.379370720669470529e-01	7.154185619187719558e-01	6.588715405809669745e-01	5.100039309271630072e-01	6.518196307763980402e-01	6.081354263548295336e-01	6.081354263548295336e-01	4.967622092219209917e-01	6.081354263548295336e-01	6.584437618731320274e-01	6.081354263548295336e-01	6.081354263548295336e-01	6.081354263548295336e-01	6.983743837152319722e-01	6.081354263548295336e-01	6.514587796658249941e-01	3.769968737042039830e-01	5.757289501634009765e-01	6.763928389335690516e-01	7.385067920868120250e-01	6.559143043489750191e-01	6.081354263548295336e-01	7.213710584982110374e-01	7.009381880481030391e-01	6.081354263548295336e-01	6.081354263548295336e-01	6.081354263548295336e-01	7.059444388229819678e-01	6.916983832575900326e-01	6.081354263548295336e-01	6.081354263548295336e-01	6.447638496896770377e-01	5.804001374337279806e-01	6.081354263548295336e-01	7.713889176926349567e-01	6.081354263548295336e-01	7.135380099205530513e-01	6.689429958853400082e-01	7.069296728486700321e-01	7.174708211994630380e-01	7.212921559956769757e-01	6.081354263548295336e-01	6.081354263548295336e-01	5.010084370303069523e-01	7.044498975116739725e-01	6.927916032016420145e-01	7.655678163077319631e-01	7.115991550255990061e-01	6.081354263548295336e-01	5.270463408076060396e-01	6.316530977141440184e-01	6.081354263548295336e-01	6.596196947943380184e-01	6.081354263548295336e-01	6.081354263548295336e-01	5.345688895624050030e-01	5.571542517153299512e-01	7.054089325526330390e-01	6.081354263548295336e-01	8.172465814633259606e-01	6.081354263548295336e-01	6.903708609540050167e-01	6.081354263548295336e-01	6.592184703934730328e-01	6.502796126935259657e-01	7.226544345516340284e-01
6.081354263548295336e-01	5.240176052998499756e-01	6.081354263548295336e-01	6.081354263548295336e-01	6.081354263548295336e-01	1.000000000000000000e+00	5.503174856744039722e-01	5.649751923437319467e-01	6.599805543437590183e-01	6.081354263548295336e-01	6.081354263548295336e-01	4.881771261632419923e-01	6.081354263548295336e-01	2.758155081346400084e-01	5.396840613897789796e-01	6.417075919604710021e-01	6.338679497972320442e-01	3.387904938447550141e-01	6.081354263548295336e-01	6.081354263548295336e-01	6.081354263548295336e-01	6.081354263548295336e-01	6.081354263548295336e-01	6.365952119830580180e-01	6.081354263548295336e-01	6.081354263548295336e-01	5.909584391144550031e-01	6.081354263548295336e-01	6.081354263548295336e-01	6.072837272966890021e-01	6.081354263548295336e-01	6.081354263548295336e-01	6.081354263548295336e-01	6.081354263548295336e-01	5.555301792050010290e-01	4.546232204870390148e-01	6.314760715513549894e-01	5.918560236359799998e-01	5.265961370711850220e-01	6.081354263548295336e-01	6.081354263548295336e-01	6.081354263548295336e-01	6.081354263548295336e-01	6.081354263548295336e-01	6.081354263548295336e-01	4.805544817067730068e-01	6.081354263548295336e-01	5.289847986479220276e-01	7.110253318283830115e-01	6.291061215528279682e-01	6.081354263548295336e-01	5.735446940822319650e-01	6.217688928234359480e-01	5.208104084370920317e-01	4.999135838438439894e-01	6.081354263548295336e-01	6.081354263548295336e-01	6.081354263548295336e-01	6.081354263548295336e-01	5.340063777637069631e-01	6.081354263548295336e-01	5.531123958665720153e-01	4.830809448331280231e-01	6.081354263548295336e-01	6.081354263548295336e-01	5.103910968536370385e-01	5.317695143655869483e-01	6.438916663260799700e-01	6.081354263548295336e-01	4.855841723649960140e-01	5.318894980516020166e-01	6.081354263548295336e-01	5.102480553998309798e-01	6.081354263548295336e-01	6.081354263548295336e-01	5.363589781015399849e-01	5.082149337775769826e-01	6.081354263548295336e-01	6.081354263548295336e-01	5.541684050107289483e-01	5.149262880681959587e-01	6.081354263548295336e-01	6.081354263548295336e-01	5.358385401660390457e-01	6.081354263548295336e-01	5.365460193003389611e-01	6.081354263548295336e-01	6.081354263548295336e-01	6.081354263548295336e-01	6.009277344126889853e-01	4.919428568336399743e-01	5.397689281075319645e-01	6.195497240509120207e-01	5.115019028372500554e-01	5.338056241739730368e-01	5.041591746407489971e-01	5.926293607427089993e-01	5.356407597083330252e-01	6.081354263548295336e-01	5.731644776853089818e-01	6.081354263548295336e-01	6.081354263548295336e-01	5.254381827132410532e-01	6.081354263548295336e-01	5.759887840681220395e-01	5.771910555917300067e-01	6.081354263548295336e-01	6.081354263548295336e-01	5.486720792364759847e-01	6.081354263548295336e-01	6.081354263548295336e-01	6.081354263548295336e-01	6.081354263548295336e-01	6.081354263548295336e-01	5.344373402530949724e-01	6.081354263548295336e-01	5.233373792160279647e-01	6.081354263548295336e-01	6.081354263548295336e-01	6.081354263548295336e-01	5.688703414263980296e-01	5.093210035990960449e-01	6.081354263548295336e-01	5.488784238018109551e-01
6.081354263548295336e-01	6.081354263548295336e-01	5.963195912922829578e-01	6.081354263548295336e-01	7.581665545520800409e-01	5.503174856744039722e-01	1.000000000000000000e+00	6.081354263548295336e-01	7.029441030180380023e-01	6.081354263548295336e-01	6.807302963462570355e-01	4.839668524793520055e-01	6.081354263548295336e-01	6.081354263548295336e-01	6.081354263548295336e-01	6.081354263548295336e-01	6.081354263548295336e-01	6.081354263548295336e-01	5.792545394969069728e-01	6.081354263548295336e-01	6.081354263548295336e-01	6.081354263548295336e-01	5.697460623092910348e-01	6.191728728610510490e-01	7.092242055162649716e-01	6.081354263548295336e-01	6.081354263548295336e-01	5.993194518949790384e-01	6.081354263548295336e-01	6.019556779879380315e-01	6.081354263548295336e-01	5.532258486136889530e-01	5.627817155089750445e-01	5.999671697533519588e-01	6.399070434285779596e-01	6.081354263548295336e-01	6.704905416940819540e-01	6.081354263548295336e-01	6.081354263548295336e-01	6.081354263548295336e-01	6.175030954151820017e-01	5.966335842806860246e-01	6.081354263548295336e-01	5.944716125988680488e-01	5.396324099207769898e-01	5.092757397509809492e-01	5.800867560757689834e-01	6.081354263548295336e-01	6.081354263548295336e-01	6.081354263548295336e-01	6.081354263548295336e-01	6.081354263548295336e-01	6.330624387954769672e-01	5.633591327806279914e-01	6.081354263548295336e-01	5.716422229084709983e-01	6.081354263548295336e-01	5.729490030558009872e-01	5.516245406518249794e-01	6.081354263548295336e-01	5.435794772743069991e-01	5.025899266580999836e-01	6.081354263548295336e-01	2.469026310478779906e-01	6.081354263548295336e-01	6.081354263548295336e-01	5.807216282796670015e-01	6.081354263548295336e-01	6.714859709635510043e-01	6.081354263548295336e-01	6.081354263548295336e-01	6.245935319447160072e-01	5.495317342068839483e-01	6.081354263548295336e-01	6.081354263548295336e-01	6.081354263548295336e-01	5.756974631106209772e-01	5.867154724109889807e-01	6.081354263548295336e-01	6.081354263548295336e-01	6.024373594276399846e-01	6.081354263548295336e-01	6.081354263548295336e-01	6.081354263548295336e-01	6.003856885062920368e-01	5.633899450038609702e-01	6.081354263548295336e-01	6.081354263548295336e-01	1.000000000000000021e-03	6.081354263548295336e-01	6.081354263548295336e-01	5.344336865677550286e-01	6.348871309896290116e-01	6.081354263548295336e-01	5.706426370288649741e-01	5.028545661489319807e-01	6.081354263548295336e-01	6.081354263548295336e-01	5.786133597122240513e-01	6.081354263548295336e-01	6.081354263548295336e-01	6.081354263548295336e-01	6.081354263548295336e-01	6.081354263548295336e-01	6.087219208110089541e-01	6.081354263548295336e-01	6.081354263548295336e-01	4.534684963137439739e-01	6.774016619829940078e-01	5.300454720697980182e-01	6.081354263548295336e-01	6.081354263548295336e-01	6.081354263548295336e-01	6.081354263548295336e-01	5.703033321099549857e-01	6.081354263548295336e-01	6.081354263548295336e-01	6.081354263548295336e-01	6.425504594462909669e-01	5.383537698759900403e-01	6.081354263548295336e-01	5.881089759766710001e-01	5.031537420754690348e-01	6.081354263548295336e-01
6.081354263548295336e-01	5.534376893417449761e-01	5.643613931457619470e-01	6.081354263548295336e-01	6.081354263548295336e-01	5.649751923437319467e-01	6.081354263548295336e-01	1.000000000000000000e+00	6.081354263548295336e-01	6.081354263548295336e-01	6.081354263548295336e-01	6.081354263548295336e-01	6.081354263548295336e-01	6.081354263548295336e-01	6.253497888811410110e-01	6.808559614690470330e-01	6.503729781966509638e-01	3.438305031654450006e-01	6.450592498883650494e-01	6.081354263548295336e-01	4.945021469319509921e-01	6.081354263548295336e-01	5.681085882736709447e-01	6.368389764302929690e-01	7.499493409919619769e-01	6.408088757450569606e-01	6.387706200750530305e-01	6.676500173235320190e-01	6.081354263548295336e-01	6.081354263548295336e-01	6.081354263548295336e-01	6.072505144892239581e-01	6.320764345228819803e-01	6.081354263548295336e-01	6.081354263548295336e-01	5.418504844441689450e-01	6.081354263548295336e-01	6.081354263548295336e-01	6.081354263548295336e-01	6.081354263548295336e-01	6.081354263548295336e-01	6.109691323145759467e-01	6.585518060565860310e-01	6.511604488489529663e-01	5.905989790383819882e-01	4.586252476782169962e-01	6.081354263548295336e-01	6.548076467759299524e-01	6.694553960316530494e-01	6.081354263548295336e-01	5.902921974458380516e-01	6.048350142575590338e-01	6.595746012261110014e-01	6.007387840950330071e-01	6.081354263548295336e-01	5.837866824331809923e-01	6.654444935519030491e-01	6.081354263548295336e-01	6.154001163670209662e-01	6.081354263548295336e-01	5.921919570624349927e-01	6.081354263548295336e-01	6.081354263548295336e-01	2.349327501357549863e-01	6.081354263548295336e-01	6.081354263548295336e-01	6.572654319077180229e-01	6.289341089150970454e-01	7.244896679045219612e-01	6.503818708484350175e-01	6.081354263548295336e-01	6.754363104272920193e-01	5.975234483910629724e-01	6.081354263548295336e-01	3.077478496438110223e-01	6.081354263548295336e-01	6.081354263548295336e-01	6.081354263548295336e-01	6.081354263548295336e-01	6.081354263548295336e-01	6.607525537445859687e-01	6.069682789542459878e-01	6.081354263548295336e-01	5.134253076364350132e-01	6.720186958472940120e-01	6.085846052594060529e-01	6.085762841003780066e-01	6.081354263548295336e-01	6.081354263548295336e-01	6.971436591002260208e-01	5.416060506443409750e-01	6.081354263548295336e-01	6.081354263548295336e-01	6.369434754796949871e-01	6.081354263548295336e-01	5.560963545754029624e-01	6.285859273615459486e-01	6.131911021017519836e-01	6.317481078205430256e-01	6.460787573126159922e-01	6.081354263548295336e-01	4.563920226928069868e-01	6.697941614413910338e-01	6.081354263548295336e-01	6.414795056811980478e-01	6.081354263548295336e-01	6.081354263548295336e-01	6.081354263548295336e-01	6.081354263548295336e-01	6.081354263548295336e-01	5.991965465058169960e-01	6.409753719587959475e-01	6.081354263548295336e-01	5.816116168528340236e-01	6.081354263548295336e-01	6.876811413972999665e-01	6.806604924114919575e-01	6.866476209526669594e-01	7.014511181503939596e-01	6.081354263548295336e-01	6.081354263548295336e-01	6.459904245932930333e-01	6.081354263548295336e-01	6.035792875784079525e-01
7.600555996296619599e-01	6.081354263548295336e-01	6.069641294105390106e-01	6.081354263548295336e-01	8.206057455690159985e-01	6.599805543437590183e-01	7.029441030180380023e-01	6.081354263548295336e-01	1.000000000000000000e+00	6.081354263548295336e-01	8.157227168713669929e-01	4.990121313599990005e-01	7.692402767730710522e-01	2.312169648730159899e-01	6.081354263548295336e-01	6.081354263548295336e-01	6.081354263548295336e-01	3.643851732656390174e-01	6.081354263548295336e-01	6.825383810197880319e-01	6.081354263548295336e-01	7.332896756301250374e-01	6.081354263548295336e-01	7.293549148720489539e-01	6.081354263548295336e-01	6.081354263548295336e-01	6.081354263548295336e-01	6.081354263548295336e-01	6.081354263548295336e-01	7.467160339242909783e-01	6.833507821032429597e-01	6.081354263548295336e-01	6.081354263548295336e-01	6.081354263548295336e-01	6.081354263548295336e-01	6.384780997087160515e-01	6.081354263548295336e-01	7.720695153620580342e-01	7.195092915572399717e-01	7.730624695449890282e-01	6.857891033559520011e-01	6.081354263548295336e-01	6.081354263548295336e-01	6.081354263548295336e-01	6.892908855766040066e-01	4.948065017204130167e-01	6.335603489145630318e-01	6.949594733101349675e-01	7.853302989578769822e-01	6.081354263548295336e-01	7.266076874068020386e-01	6.081354263548295336e-01	7.133038983235050479e-01	6.926447937141599898e-01	6.081354263548295336e-01	6.081354263548295336e-01	6.081354263548295336e-01	6.081354263548295336e-01	6.525999299322859937e-01	7.479882484752039540e-01	6.725794314673839702e-01	6.081354263548295336e-01	6.655536864869769920e-01	2.637443484233010227e-01	6.081354263548295336e-01	6.081354263548295336e-01	6.081354263548295336e-01	6.081354263548295336e-01	6.081354263548295336e-01	6.434252248602260194e-01	6.945652428341350104e-01	7.005740916963709708e-01	6.943088756239820247e-01	6.778741966700649879e-01	3.582029186121519770e-01	6.081354263548295336e-01	6.930758389994889912e-01	7.315221644326790340e-01	6.711647033823600061e-01	7.120565997929589885e-01	6.081354263548295336e-01	7.124266637352080211e-01	6.519934451846469692e-01	6.081354263548295336e-01	6.081354263548295336e-01	7.154968219059699708e-01	7.124315342793410277e-01	6.081354263548295336e-01	1.000000000000000021e-03	6.489384092420970029e-01	6.081354263548295336e-01	5.835552459027140149e-01	7.823722315991810117e-01	6.551166059554900389e-01	7.185114376730260544e-01	6.081354263548295336e-01	7.263096999368450213e-01	7.171765808294769950e-01	7.341875802233339687e-01	7.725341435520109989e-01	7.834641301976169592e-01	6.081354263548295336e-01	6.081354263548295336e-01	6.081354263548295336e-01	7.523886494130319624e-01	7.108503592605239785e-01	5.042936138697410309e-01	6.081354263548295336e-01	6.464366283619750186e-01	6.331446752137970257e-01	6.081354263548295336e-01	6.081354263548295336e-01	6.401433232591270395e-01	6.081354263548295336e-01	6.081354263548295336e-01	6.945082641636179943e-01	6.081354263548295336e-01	7.608458240612839818e-01	6.081354263548295336e-01	6.081354263548295336e-01	5.467138018786810161e-01	6.877140516623190258e-01	6.081354263548295336e-01	7.145973486819310327e-01
5.562142219463079851e-01	6.229261705202769894e-01	6.081354263548295336e-01	6.256405716754519508e-01	6.724644885248729498e-01	6.081354263548295336e-01	6.081354263548295336e-01	6.081354263548295336e-01	6.081354263548295336e-01	1.000000000000000000e+00	6.593581950065140473e-01	6.081354263548295336e-01	6.081354263548295336e-01	6.081354263548295336e-01	6.081354263548295336e-01	6.295449667475859767e-01	6.778139533373489511e-01	6.081354263548295336e-01	5.416208616746309712e-01	5.303136916891929564e-01	6.081354263548295336e-01	6.081354263548295336e-01	6.081354263548295336e-01	6.989427754672049575e-01	6.081354263548295336e-01	6.081354263548295336e-01	6.081354263548295336e-01	6.484904786157339451e-01	4.654161566644179904e-01	6.285171735598209519e-01	6.081354263548295336e-01	6.081354263548295336e-01	4.629979047727900143e-01	6.288868136856280433e-01	5.336815597046530302e-01	4.100076554301270160e-01	6.081354263548295336e-01	6.350216984550239863e-01	4.799897377437539747e-01	6.559008519500859613e-01	5.097843187669950371e-01	6.081354263548295336e-01	6.081354263548295336e-01	4.855509763837669857e-01	4.791176612194030238e-01	6.081354263548295336e-01	6.081354263548295336e-01	6.081354263548295336e-01	6.835002944344980014e-01	7.067798673624650085e-01	6.081354263548295336e-01	5.379968823783559673e-01	6.081354263548295336e-01	6.081354263548295336e-01	6.081354263548295336e-01	6.691899969761040401e-01	5.081697682269520344e-01	5.108099852455330048e-01	4.543156280299630034e-01	6.081354263548295336e-01	4.685512278351799953e-01	6.081354263548295336e-01	6.081354263548295336e-01	6.081354263548295336e-01	6.081354263548295336e-01	6.737207301400910398e-01	5.937689347581279753e-01	6.081354263548295336e-01	5.258730156909250386e-01	4.762178256023690270e-01	4.694843058859269891e-01	6.081354263548295336e-01	6.081354263548295336e-01	6.081354263548295336e-01	6.081354263548295336e-01	6.081354263548295336e-01	6.081354263548295336e-01	6.081354263548295336e-01	6.637179908407609963e-01	5.168731703620059736e-01	6.081354263548295336e-01	4.837948330112070150e-01	4.745505879772259905e-01	6.081354263548295336e-01	5.074060365885649793e-01	4.839304586456910084e-01	5.015190459009469803e-01	6.081354263548295336e-01	1.000000000000000021e-03	6.081354263548295336e-01	6.313249909104919899e-01	6.474317550432220347e-01	5.704047124371699473e-01	4.884842670764479866e-01	6.081354263548295336e-01	4.396971544829609835e-01	6.081354263548295336e-01	6.081354263548295336e-01	5.004436042519160299e-01	5.525077073744150136e-01	6.081354263548295336e-01	6.081354263548295336e-01	4.909080863021190178e-01	6.081354263548295336e-01	5.110160647557200342e-01	5.515415805200080124e-01	6.081354263548295336e-01	4.566292148362099956e-01	6.081354263548295336e-01	4.514455228833860190e-01	6.081354263548295336e-01	6.081354263548295336e-01	6.081354263548295336e-01	6.081354263548295336e-01	6.081354263548295336e-01	5.409806545234140396e-01	5.371222223537650553e-01	6.081354263548295336e-01	6.081354263548295336e-01	4.813468978772780238e-01	6.503463009708230214e-01	6.081354263548295336e-01	6.081354263548295336e-01	6.081354263548295336e-01
8.252020191593339993e-01	5.068859686741240544e-01	5.720761811143250108e-01	6.081354263548295336e-01	8.297956717116830028e-01	6.081354263548295336e-01	6.807302963462570355e-01	6.081354263548295336e-01	8.157227168713669929e-01	6.593581950065140473e-01	1.000000000000000000e+00	6.081354263548295336e-01	8.044416822318090077e-01	6.081354263548295336e-01	6.081354263548295336e-01	6.081354263548295336e-01	6.081354263548295336e-01	2.797331067330969812e-01	7.917075030849319850e-01	7.575344641651190480e-01	4.676711574148180173e-01	6.081354263548295336e-01	6.263766847797339610e-01	6.081354263548295336e-01	6.081354263548295336e-01	6.081354263548295336e-01	8.027111750413949975e-01	7.315621741226250307e-01	6.081354263548295336e-01	6.081354263548295336e-01	6.081354263548295336e-01	6.081354263548295336e-01	7.232623654639429578e-01	6.081354263548295336e-01	6.081354263548295336e-01	7.322026268492339840e-01	7.816451447521289841e-01	7.614754715938000240e-01	7.899989886663100203e-01	7.975474097966830378e-01	6.081354263548295336e-01	6.081354263548295336e-01	7.648197445354519841e-01	6.081354263548295336e-01	7.619701880937469474e-01	6.081354263548295336e-01	6.081354263548295336e-01	7.726292155767410241e-01	6.081354263548295336e-01	6.209108354024940324e-01	6.081354263548295336e-01	6.081354263548295336e-01	6.081354263548295336e-01	6.081354263548295336e-01	6.081354263548295336e-01	6.731866560140929989e-01	7.514941727109180070e-01	6.081354263548295336e-01	7.225951515838370254e-01	6.081354263548295336e-01	7.542168908058599630e-01	4.953954522458000054e-01	7.283633241955219662e-01	2.358984044185709894e-01	7.557808470824990410e-01	4.471605693963520145e-01	6.988615483317189847e-01	6.484417127664019453e-01	6.081354263548295336e-01	6.081354263548295336e-01	6.081354263548295336e-01	6.081354263548295336e-01	6.081354263548295336e-01	7.108552190281649530e-01	6.081354263548295336e-01	6.081354263548295336e-01	6.081354263548295336e-01	7.710251233925580205e-01	6.081354263548295336e-01	8.058673381254589652e-01	6.081354263548295336e-01	8.024916946360639569e-01	6.081354263548295336e-01	4.988449952550679800e-01	7.563080566925639570e-01	8.068982430904340086e-01	7.836516188359370361e-01	6.081354263548295336e-01	6.081354263548295336e-01	6.081354263548295336e-01	5.179662130010870280e-01	5.402119274852339448e-01	8.426641876504959994e-01	6.081354263548295336e-01	8.093678389128280415e-01	7.603726305276630182e-01	7.245887346089969760e-01	7.930346849535480080e-01	6.081354263548295336e-01	8.271789152835710146e-01	6.081354263548295336e-01	6.081354263548295336e-01	6.081354263548295336e-01	6.081354263548295336e-01	8.238660615619719518e-01	6.081354263548295336e-01	4.655625439678059974e-01	6.081354263548295336e-01	6.153664596680840093e-01	6.081354263548295336e-01	6.081354263548295336e-01	6.081354263548295336e-01	6.214416717653240552e-01	6.081354263548295336e-01	5.126852213423670479e-01	6.081354263548295336e-01	7.390371090407640287e-01	8.319428102788719581e-01	8.201402395846979498e-01	6.081354263548295336e-01	6.081354263548295336e-01	6.081354263548295336e-01	6.081354263548295336e-01	6.081354263548295336e-01
6.081354263548295336e-01	6.081354263548295336e-01	6.954204840622609796e-01	6.081354263548295336e-01	6.081354263548295336e-01	4.881771261632419923e-01	4.839668524793520055e-01	6.081354263548295336e-01	4.990121313599990005e-01	6.081354263548295336e-01	6.081354263548295336e-01	1.000000000000000000e+00	6.081354263548295336e-01	4.914352782448490053e-01	6.081354263548295336e-01	4.164343978204170238e-01	4.448523775340330055e-01	5.405850670686610515e-01	6.081354263548295336e-01	2.794903367989099996e-01	6.081354263548295336e-01	2.737846648298349894e-01	6.081354263548295336e-01	6.081354263548295336e-01	4.264139921157010238e-01	6.081354263548295336e-01	3.223416323537769967e-01	6.081354263548295336e-01	2.386054602714040018e-01	6.081354263548295336e-01	4.501080444600549790e-01	2.414359960461290033e-01	6.081354263548295336e-01	5.575086016032230196e-01	6.081354263548295336e-01	6.081354263548295336e-01	6.081354263548295336e-01	6.081354263548295336e-01	6.081354263548295336e-01	6.081354263548295336e-01	6.081354263548295336e-01	5.556175377658609804e-01	6.081354263548295336e-01	6.081354263548295336e-01	2.598391912742830101e-01	6.081354263548295336e-01	7.222494311867360128e-01	6.081354263548295336e-01	6.081354263548295336e-01	7.198094099655959477e-01	6.081354263548295336e-01	3.269781888533769831e-01	6.081354263548295336e-01	6.081354263548295336e-01	2.344978931611899908e-01	6.521895991356819744e-01	2.487476765933850087e-01	2.814326388838779835e-01	6.081354263548295336e-01	6.081354263548295336e-01	6.081354263548295336e-01	6.973009563194929594e-01	2.314716012445220128e-01	6.081354263548295336e-01	5.553023519531630203e-01	6.081354263548295336e-01	4.556375734340579742e-01	7.196716351564710346e-01	6.081354263548295336e-01	2.329925760423459946e-01	2.758324792499720068e-01	2.594043378309749959e-01	2.373089024300299998e-01	2.960002806936870012e-01	5.843656754077249937e-01	6.588039781024289665e-01	6.081354263548295336e-01	6.081354263548295336e-01	6.081354263548295336e-01	2.857951575408370082e-01	6.081354263548295336e-01	2.562667688785180142e-01	2.512395079037160195e-01	6.081354263548295336e-01	6.081354263548295336e-01	6.081354263548295336e-01	6.081354263548295336e-01	6.081354263548295336e-01	1.000000000000000021e-03	6.081354263548295336e-01	6.282680040628719764e-01	6.919254037653429501e-01	3.741187060063950187e-01	2.560758746403650199e-01	2.737060631380879849e-01	6.081354263548295336e-01	6.081354263548295336e-01	6.081354263548295336e-01	6.081354263548295336e-01	3.709884927614189865e-01	6.081354263548295336e-01	7.873247022144980178e-01	2.708932329422980012e-01	5.892841712836589529e-01	2.993274521917039799e-01	3.057953130903169892e-01	6.477726612192410416e-01	6.081354263548295336e-01	5.426252528275500309e-01	2.100770050500880004e-01	6.081354263548295336e-01	3.937773318313150250e-01	4.954936787976150225e-01	5.096449315597489926e-01	6.081354263548295336e-01	6.081354263548295336e-01	6.081354263548295336e-01	3.867816089318220074e-01	6.081354263548295336e-01	6.081354263548295336e-01	6.081354263548295336e-01	6.081354263548295336e-01	6.081354263548295336e-01	6.081354263548295336e-01
