1.000000000000150102e+00	8.656494532482560400e-01	9.182978493550190136e-01	7.620309648537080260e-01	7.078899260707700591e-01	7.950816367389690331e-01	7.933691797818660518e-01	7.627265791359759683e-01	7.078899260707700591e-01	7.078899260707700591e-01	7.078899260707700591e-01	7.078899260707700591e-01	7.078899260707700591e-01	7.078899260707700591e-01	7.078899260707700591e-01	7.078899260707700591e-01	7.064282343042449508e-01	7.658117146642200446e-01	7.418104614312329703e-01	7.078899260707700591e-01	7.078899260707700591e-01	7.078899260707700591e-01	7.078899260707700591e-01	7.078899260707700591e-01	7.360516688544329611e-01	7.078899260707700591e-01	7.078899260707700591e-01	7.078899260707700591e-01	7.078899260707700591e-01	7.125791454851929663e-01	7.784842168861919598e-01	7.078899260707700591e-01	7.078899260707700591e-01	8.132979589205689974e-01	7.037693066013640530e-01	7.078899260707700591e-01	7.078899260707700591e-01	7.996806852163820256e-01	7.078899260707700591e-01	7.449674521494920043e-01	7.078899260707700591e-01	7.201179888161060028e-01	7.675065548303440233e-01	7.078899260707700591e-01	7.982191144714110287e-01	6.991546747294650199e-01	6.875941410140119503e-01	7.078899260707700591e-01	7.078899260707700591e-01	7.078899260707700591e-01	8.029095538142260180e-01	7.078899260707700591e-01	7.078899260707700591e-01	6.571397540738069809e-01	7.078899260707700591e-01	7.078899260707700591e-01	6.235132740882569635e-01	6.405664632266879766e-01	7.078899260707700591e-01	6.238107884288019989e-01	7.078899260707700591e-01	7.078899260707700591e-01	8.108134399905400080e-01	7.078899260707700591e-01	6.564726206198769898e-01	7.427267292577039992e-01	7.078899260707700591e-01	7.078899260707700591e-01	7.078899260707700591e-01	6.379335347150290048e-01	6.889760115390990425e-01	7.078899260707700591e-01	7.655009165359469847e-01	8.098372210880060429e-01	7.078899260707700591e-01	6.200505088368699624e-01	7.078899260707700591e-01	7.078899260707700591e-01	7.756380314871750281e-01	7.742657498663220172e-01	7.078899260707700591e-01	7.078899260707700591e-01	6.666205322273149880e-01	7.631611986649839974e-01	7.078899260707700591e-01	7.078899260707700591e-01	7.078899260707700591e-01	8.151643662911359778e-01	9.054607392694300483e-01	7.411337685872300129e-01	7.652956897007640036e-01	7.696898346054800166e-01	6.705797613984070260e-01	6.560161178793399994e-01	6.397322770189179941e-01	7.078899260707700591e-01	7.078899260707700591e-01	7.078899260707700591e-01	7.078899260707700591e-01	7.078899260707700591e-01	7.078899260707700591e-01	6.705348598717679742e-01	6.483967240307649815e-01	7.078899260707700591e-01	7.078899260707700591e-01	7.078899260707700591e-01	7.810514774412500305e-01	7.461668291445460177e-01	7.078899260707700591e-01	7.078899260707700591e-01	7.078899260707700591e-01	7.775863858710779786e-01	7.078899260707700591e-01	7.078899260707700591e-01	7.078899260707700591e-01	8.647729233678690397e-01	8.997773220336759969e-01	7.078899260707700591e-01	8.863143654298449858e-01	7.078899260707700591e-01	8.117270309997279831e-01	7.078899260707700591e-01	7.078899260707700591e-01	7.078899260707700591e-01
8.656494532482560400e-01	1.000000000000039968e+00	7.078899260707700591e-01	7.078899260707700591e-01	7.426002790712500357e-01	7.078899260707700591e-01	7.536482156798800514e-01	7.217277002772409800e-01	7.343467722960129729e-01	7.078899260707700591e-01	7.078899260707700591e-01	7.078899260707700591e-01	7.078899260707700591e-01	6.649303312109580144e-01	7.078899260707700591e-01	7.307996607734019712e-01	7.078899260707700591e-01	7.078899260707700591e-01	7.002522364194050386e-01	7.078899260707700591e-01	7.078899260707700591e-01	6.493504876826400318e-01	7.078899260707700591e-01	7.140592345998739710e-01	7.078899260707700591e-01	7.078899260707700591e-01	7.471817028383119785e-01	7.078899260707700591e-01	5.696859287072060241e-01	6.504826775841600073e-01	7.393766454845079883e-01	7.134116530012559743e-01	7.306373463658589751e-01	7.078899260707700591e-01	6.383219709518489493e-01	7.566460162935190192e-01	6.744995616564369856e-01	7.078899260707700591e-01	6.339347730392990155e-01	7.140475678343950472e-01	7.078899260707700591e-01	7.032342425550299758e-01	7.059348011157390301e-01	7.078899260707700591e-01	7.323118158445850456e-01	7.078899260707700591e-01	6.262391107686620106e-01	6.576416556991460105e-01	7.286746893825080118e-01	7.175413595946570355e-01	7.078899260707700591e-01	7.078899260707700591e-01	7.078899260707700591e-01	7.078899260707700591e-01	7.078899260707700591e-01	7.078899260707700591e-01	6.064043430674700419e-01	7.078899260707700591e-01	7.078899260707700591e-01	7.078899260707700591e-01	7.422640706227630059e-01	7.078899260707700591e-01	7.785018049543920293e-01	6.213404707105080194e-01	7.078899260707700591e-01	7.265307134361319585e-01	7.078899260707700591e-01	7.078899260707700591e-01	7.078899260707700591e-01	7.078899260707700591e-01	7.078899260707700591e-01	6.179395644862120118e-01	7.165743487844969950e-01	7.078899260707700591e-01	7.078899260707700591e-01	7.078899260707700591e-01	7.650539900394599524e-01	7.491039795731999629e-01	7.078899260707700591e-01	7.250522767857709994e-01	7.078899260707700591e-01	6.319306080162500061e-01	6.314905143610100025e-01	6.925299712713669509e-01	7.078899260707700591e-01	6.108308507336229765e-01	7.009179415816559899e-01	7.078899260707700591e-01	8.755085766309119721e-01	7.126373081940160503e-01	7.078899260707700591e-01	7.078899260707700591e-01	7.078899260707700591e-01	6.113830392146829551e-01	6.034554443362539766e-01	7.174238695472290317e-01	7.078899260707700591e-01	7.078899260707700591e-01	6.730669271114280150e-01	7.285125067615280114e-01	7.355648747167969903e-01	6.086647961573180554e-01	7.078899260707700591e-01	7.078899260707700591e-01	7.078899260707700591e-01	6.513083715910340521e-01	7.483546655394229807e-01	6.883359037779940293e-01	7.078899260707700591e-01	7.078899260707700591e-01	7.520472201941319490e-01	7.078899260707700591e-01	7.078899260707700591e-01	7.078899260707700591e-01	7.078899260707700591e-01	8.150047196105160152e-01	7.078899260707700591e-01	7.078899260707700591e-01	8.205860742297099719e-01	7.078899260707700591e-01	7.718749924385389649e-01	7.078899260707700591e-01	7.616632835359370413e-01	7.078899260707700591e-01
9.182978493550190136e-01	7.078899260707700591e-01	1.000000000000049960e+00	7.420275652438319547e-01	7.078899260707700591e-01	7.078899260707700591e-01	7.777268175721000487e-01	7.078899260707700591e-01	7.078899260707700591e-01	7.090302181253169689e-01	7.078899260707700591e-01	7.078899260707700591e-01	7.696195840149580025e-01	7.205681778586839892e-01	7.078899260707700591e-01	7.525423935036510414e-01	7.078899260707700591e-01	7.078899260707700591e-01	7.078899260707700591e-01	7.078899260707700591e-01	7.078899260707700591e-01	6.121642709395660464e-01	7.148501550525040438e-01	7.078899260707700591e-01	7.298847503089990196e-01	7.078899260707700591e-01	7.496524319181320228e-01	7.078899260707700591e-01	7.078899260707700591e-01	7.078899260707700591e-01	7.078899260707700591e-01	7.078899260707700591e-01	8.021797485230010016e-01	7.078899260707700591e-01	6.996987263033610516e-01	7.706999394003849480e-01	7.250432354197110518e-01	7.624614331010090007e-01	7.078899260707700591e-01	7.078899260707700591e-01	6.989208123948249529e-01	7.078899260707700591e-01	7.891969096164860309e-01	7.078899260707700591e-01	7.881534457843329955e-01	7.078899260707700591e-01	6.816993652796410341e-01	7.308083385458350456e-01	7.078899260707700591e-01	7.078899260707700591e-01	8.131012135627589954e-01	7.078899260707700591e-01	7.065226684755420150e-01	7.078899260707700591e-01	7.047688854336060515e-01	7.078899260707700591e-01	7.078899260707700591e-01	5.929186568209410257e-01	7.078899260707700591e-01	7.078899260707700591e-01	7.096889700257069666e-01	7.078899260707700591e-01	7.078899260707700591e-01	6.888321165618529474e-01	7.078899260707700591e-01	7.078899260707700591e-01	7.393952752606679502e-01	7.089004800781629756e-01	6.562704741189949731e-01	7.078899260707700591e-01	7.078899260707700591e-01	7.078899260707700591e-01	7.487186575617550410e-01	7.871731295809050177e-01	7.652152204199129670e-01	5.722338118653269579e-01	8.016320419247020546e-01	7.078899260707700591e-01	7.636247514574280304e-01	7.616332229625299988e-01	7.925134967070649461e-01	7.078899260707700591e-01	6.458154691067460318e-01	7.905860073677060118e-01	7.078899260707700591e-01	6.922675113209220132e-01	7.312472995808430021e-01	7.885581207871490417e-01	8.761937220453700492e-01	7.094664932407149793e-01	7.078899260707700591e-01	7.584921942167710540e-01	7.078899260707700591e-01	6.393983155449749489e-01	7.078899260707700591e-01	7.078899260707700591e-01	7.722889158607459947e-01	7.078899260707700591e-01	7.078899260707700591e-01	7.172259260075309895e-01	7.078899260707700591e-01	6.759531724435019484e-01	6.341998811587059581e-01	5.582967887208000191e-01	7.078899260707700591e-01	6.603224804900950096e-01	7.078899260707700591e-01	7.078899260707700591e-01	6.454635360246010478e-01	7.078899260707700591e-01	7.078899260707700591e-01	7.078899260707700591e-01	7.452158872521790212e-01	7.422658312001829684e-01	7.078899260707700591e-01	7.078899260707700591e-01	7.078899260707700591e-01	8.905152584734250532e-01	7.078899260707700591e-01	7.078899260707700591e-01	7.887965836265039554e-01	7.802613994509519646e-01	8.044544146789019967e-01	7.078899260707700591e-01
7.620309648537080260e-01	7.078899260707700591e-01	7.420275652438319547e-01	9.999999999999239497e-01	7.078899260707700591e-01	7.207807269754330504e-01	7.504874391728569849e-01	7.078899260707700591e-01	7.280273306376749964e-01	7.262104973368059824e-01	7.078899260707700591e-01	7.023644559834839596e-01	7.078899260707700591e-01	7.078899260707700591e-01	1.000000000000000021e-03	7.078899260707700591e-01	7.078899260707700591e-01	7.078899260707700591e-01	7.662793653229149626e-01	7.250100634356250184e-01	7.422231277022039997e-01	7.078899260707700591e-01	7.078899260707700591e-01	7.078899260707700591e-01	7.511611223686249783e-01	7.528998560963729991e-01	7.078899260707700591e-01	7.078899260707700591e-01	7.078899260707700591e-01	6.953049627810500288e-01	7.938564783533389457e-01	7.078899260707700591e-01	7.078899260707700591e-01	8.122932262999119635e-01	7.078899260707700591e-01	7.896155863862930335e-01	7.303305984710170007e-01	7.078899260707700591e-01	7.078899260707700591e-01	7.733207990050640079e-01	5.934396006384360378e-01	7.078899260707700591e-01	7.078899260707700591e-01	7.078899260707700591e-01	7.911701392792089838e-01	6.893631842537569776e-01	6.441243589140489556e-01	6.642013271648250505e-01	7.078899260707700591e-01	7.331484515314260486e-01	7.078899260707700591e-01	7.078899260707700591e-01	7.078899260707700591e-01	6.191762967883119861e-01	6.866003213960250040e-01	7.479021830595959930e-01	6.596569612534169957e-01	7.078899260707700591e-01	6.885512013212200522e-01	7.078899260707700591e-01	7.824143472063630478e-01	7.078899260707700591e-01	7.078899260707700591e-01	6.518871973470760084e-01	6.020408706199319449e-01	7.926283921056349602e-01	7.078899260707700591e-01	7.078899260707700591e-01	7.542767642931319516e-01	5.687375863906429796e-01	7.078899260707700591e-01	7.078899260707700591e-01	7.078899260707700591e-01	7.975405139110860464e-01	7.817047719941010442e-01	6.985675835494710162e-01	7.361568661345290199e-01	7.773240461859060035e-01	7.078899260707700591e-01	7.078899260707700591e-01	7.401606222941450319e-01	7.078899260707700591e-01	7.078899260707700591e-01	7.078899260707700591e-01	6.167817631787659849e-01	7.078899260707700591e-01	7.078899260707700591e-01	7.822626984905890479e-01	7.078899260707700591e-01	7.078899260707700591e-01	7.078899260707700591e-01	7.476937424995609982e-01	6.255648415439869492e-01	7.078899260707700591e-01	6.424302715044120093e-01	7.639870691846739614e-01	7.807049432923239829e-01	6.431115070991409999e-01	7.078899260707700591e-01	7.581466953940489972e-01	7.373804785520560179e-01	6.118582054683080473e-01	6.150504582390999841e-01	7.110510595361629882e-01	7.078899260707700591e-01	7.078899260707700591e-01	7.078899260707700591e-01	7.244020726531269494e-01	7.513587715322369576e-01	7.078899260707700591e-01	7.710432758936910380e-01	7.078899260707700591e-01	7.412035829830030398e-01	7.731793607557370107e-01	7.597460840064029775e-01	7.628258766230140431e-01	7.078899260707700591e-01	7.614816447992069914e-01	7.654056829153760289e-01	7.051822517835989457e-01	7.683349648557410427e-01	7.078899260707700591e-01	7.078899260707700591e-01	7.336185295196600009e-01
7.078899260707700591e-01	7.426002790712500357e-01	7.078899260707700591e-01	7.078899260707700591e-01	9.999999999999039657e-01	7.087034306836850206e-01	8.002910712797880466e-01	7.573204740445179661e-01	7.522234967789780402e-01	7.078899260707700591e-01	7.881627668475169601e-01	7.477196496438449635e-01	7.078899260707700591e-01	7.078899260707700591e-01	7.078899260707700591e-01	7.384485036537290492e-01	6.121424203546750320e-01	7.006784419187289670e-01	7.078899260707700591e-01	8.199987865471870530e-01	7.078899260707700591e-01	6.673807009663880185e-01	7.586454553841429638e-01	7.078899260707700591e-01	7.669716156834700538e-01	7.078899260707700591e-01	7.388648905585170068e-01	7.655147549015419717e-01	7.078899260707700591e-01	7.078899260707700591e-01	7.312083089281700143e-01	7.078899260707700591e-01	7.078899260707700591e-01	7.658178617623050410e-01	7.078899260707700591e-01	7.411318015075739618e-01	7.078899260707700591e-01	7.510425424243659664e-01	7.078899260707700591e-01	7.078899260707700591e-01	7.078899260707700591e-01	7.078899260707700591e-01	6.971040535251820103e-01	7.078899260707700591e-01	7.306759045206180359e-01	7.078899260707700591e-01	7.078899260707700591e-01	6.378370102375809925e-01	7.382274103956939504e-01	7.078899260707700591e-01	7.339253853697209617e-01	6.963312970518330536e-01	7.078899260707700591e-01	7.078899260707700591e-01	6.591719515230050064e-01	7.078899260707700591e-01	7.078899260707700591e-01	7.078899260707700591e-01	7.078899260707700591e-01	7.078899260707700591e-01	7.078899260707700591e-01	6.660971453180379864e-01	7.943925000827950500e-01	6.098233223499389677e-01	7.078899260707700591e-01	7.078899260707700591e-01	7.078899260707700591e-01	7.078899260707700591e-01	7.078899260707700591e-01	7.078899260707700591e-01	6.438412916223520410e-01	7.078899260707700591e-01	7.078899260707700591e-01	7.078899260707700591e-01	7.156806643940260004e-01	7.078899260707700591e-01	7.078899260707700591e-01	7.456685411446910550e-01	7.078899260707700591e-01	7.078899260707700591e-01	7.885925745213580029e-01	7.078899260707700591e-01	6.073258968470649499e-01	7.078899260707700591e-01	5.839814741477670212e-01	7.078899260707700591e-01	6.776756021284620068e-01	7.528571146729959862e-01	7.827090628468299505e-01	7.078899260707700591e-01	7.428635067072779652e-01	6.940364653489220492e-01	7.078899260707700591e-01	6.003557818462810225e-01	7.078899260707700591e-01	7.078899260707700591e-01	7.078899260707700591e-01	6.222034446684580056e-01	6.892182156245439950e-01	7.237340934457650032e-01	7.582056792790919930e-01	5.879089209216390444e-01	7.078899260707700591e-01	6.581718745187770114e-01	7.078899260707700591e-01	7.078899260707700591e-01	7.592901136412369967e-01	6.648121829305799757e-01	7.078899260707700591e-01	7.078899260707700591e-01	7.078899260707700591e-01	7.078899260707700591e-01	7.078899260707700591e-01	7.554926580601839525e-01	7.078899260707700591e-01	7.647904251016459654e-01	7.078899260707700591e-01	7.717295958857750549e-01	7.722545510687489623e-01	7.078899260707700591e-01	8.075192387356849855e-01	7.078899260707700591e-01	7.451001692218740535e-01	7.752130567795799676e-01
7.950816367389690331e-01	7.078899260707700591e-01	7.078899260707700591e-01	7.207807269754330504e-01	7.087034306836850206e-01	1.000000000000019984e+00	7.700094309093700184e-01	7.281915509258010122e-01	7.819072435345539862e-01	6.545437816633390415e-01	7.078899260707700591e-01	6.339365051944759744e-01	7.078899260707700591e-01	6.963415999299380488e-01	1.000000000000000021e-03	6.960520861310269813e-01	7.439523236337279855e-01	7.078899260707700591e-01	6.838991519563929478e-01	7.078899260707700591e-01	7.602928361378430422e-01	7.078899260707700591e-01	6.655303399375389617e-01	6.665167902864660432e-01	7.078899260707700591e-01	7.490180711199639907e-01	7.078899260707700591e-01	7.078899260707700591e-01	4.880306829109850031e-01	7.078899260707700591e-01	7.078899260707700591e-01	7.078899260707700591e-01	7.078899260707700591e-01	7.078899260707700591e-01	7.078899260707700591e-01	7.078899260707700591e-01	7.090224275359969797e-01	7.313068305521880363e-01	6.749189817343189679e-01	6.723379048668349789e-01	6.646370788291300347e-01	6.713833933247009833e-01	7.078899260707700591e-01	7.078899260707700591e-01	7.078899260707700591e-01	7.078899260707700591e-01	7.078899260707700591e-01	7.078899260707700591e-01	7.078899260707700591e-01	6.801131201349559507e-01	7.734111684088520455e-01	6.733224263853779812e-01	6.730415864004239967e-01	6.211511090478759600e-01	6.876071430280580321e-01	7.830315474274259779e-01	7.078899260707700591e-01	7.078899260707700591e-01	7.078899260707700591e-01	5.712005235059539610e-01	6.755861289485419752e-01	7.078899260707700591e-01	7.583169516835169821e-01	7.078899260707700591e-01	6.338810838372730405e-01	6.816338344072520039e-01	7.474832537971799473e-01	7.078899260707700591e-01	6.446495733906010273e-01	7.078899260707700591e-01	7.078899260707700591e-01	6.554345913587750205e-01	7.349214062732759567e-01	7.553339892665810185e-01	7.645229345833499668e-01	7.078899260707700591e-01	7.710205486036539879e-01	7.078899260707700591e-01	7.078899260707700591e-01	7.425332976704710486e-01	7.078899260707700591e-01	6.238726554098370514e-01	7.078899260707700591e-01	7.605229086632290247e-01	6.559671401785099887e-01	7.078899260707700591e-01	6.807257668206130319e-01	7.078899260707700591e-01	7.078899260707700591e-01	6.634314446811899746e-01	7.078899260707700591e-01	7.078899260707700591e-01	7.078899260707700591e-01	7.078899260707700591e-01	7.078899260707700591e-01	7.849142115277020215e-01	7.078899260707700591e-01	5.604041490586130214e-01	7.078899260707700591e-01	6.659242072752810104e-01	7.450060393206270337e-01	7.078899260707700591e-01	7.078899260707700591e-01	7.078899260707700591e-01	6.215108432305700426e-01	6.142278582920770447e-01	7.078899260707700591e-01	7.078899260707700591e-01	7.078899260707700591e-01	6.691247116282720286e-01	7.078899260707700591e-01	7.078899260707700591e-01	7.281019642444870321e-01	7.193704539818239763e-01	7.525049405678070347e-01	7.831067518994320187e-01	7.078899260707700591e-01	7.900577729827860107e-01	7.078899260707700591e-01	7.080464514288370426e-01	7.579447187693100219e-01	7.349550433067499888e-01	7.078899260707700591e-01	7.078899260707700591e-01
7.933691797818660518e-01	7.536482156798800514e-01	7.777268175721000487e-01	7.504874391728569849e-01	8.002910712797880466e-01	7.700094309093700184e-01	1.000000000000029976e+00	7.078899260707700591e-01	7.078899260707700591e-01	7.078899260707700591e-01	7.535142710660649445e-01	7.078899260707700591e-01	7.078899260707700591e-01	6.961572725293370123e-01	7.078899260707700591e-01	7.294996252225219857e-01	7.078899260707700591e-01	7.078899260707700591e-01	7.078899260707700591e-01	7.078899260707700591e-01	7.219760260247619632e-01	6.320216301520460433e-01	7.078899260707700591e-01	7.122132452810360226e-01	7.078899260707700591e-01	8.052508817397789898e-01	7.394179198836710043e-01	8.042793406830629488e-01	5.636151265192580473e-01	6.774017516528210159e-01	7.482468290878440120e-01	7.078899260707700591e-01	7.078899260707700591e-01	7.945873067016879787e-01	7.078899260707700591e-01	7.506605786146169912e-01	6.939045876103070443e-01	7.078899260707700591e-01	6.690217020381179491e-01	7.078899260707700591e-01	7.078899260707700591e-01	7.991554963872400386e-01	7.373359425102210540e-01	6.584467932982880356e-01	7.078899260707700591e-01	7.078899260707700591e-01	7.078899260707700591e-01	7.078899260707700591e-01	7.233421108701489910e-01	7.186595965101170158e-01	7.611821981565719542e-01	7.005965951108410472e-01	7.078899260707700591e-01	6.206520801724230152e-01	7.078899260707700591e-01	7.078899260707700591e-01	7.078899260707700591e-01	6.358485570389339481e-01	6.754047195501250433e-01	6.012615466993740387e-01	7.416930390117939531e-01	7.078899260707700591e-01	7.991921698439230504e-01	6.432827384254490299e-01	6.033502077657509899e-01	7.250653221309379948e-01	7.204358670913709739e-01	7.032369665441440265e-01	7.078899260707700591e-01	7.078899260707700591e-01	7.078899260707700591e-01	6.488872557928280216e-01	7.078899260707700591e-01	7.078899260707700591e-01	7.078899260707700591e-01	6.306762792498159520e-01	7.078899260707700591e-01	7.606556009021140374e-01	7.229642269288639733e-01	7.078899260707700591e-01	8.211727508751169857e-01	7.078899260707700591e-01	6.238651635577230348e-01	7.193252453056869777e-01	7.078899260707700591e-01	7.078899260707700591e-01	6.995801770494629590e-01	7.078899260707700591e-01	7.078899260707700591e-01	7.078899260707700591e-01	7.078899260707700591e-01	7.078899260707700591e-01	7.078899260707700591e-01	7.078899260707700591e-01	7.078899260707700591e-01	7.078899260707700591e-01	7.078899260707700591e-01	7.078899260707700591e-01	7.103770502904079853e-01	7.078899260707700591e-01	7.078899260707700591e-01	7.078899260707700591e-01	6.146162467141460528e-01	6.208248464085750484e-01	6.025762316342000435e-01	6.391148012052290106e-01	7.647044274046510548e-01	7.043632658886209708e-01	7.078899260707700591e-01	7.078899260707700591e-01	7.510815606961379620e-01	7.078899260707700591e-01	7.159337432335439733e-01	7.078899260707700591e-01	7.666307554644640199e-01	7.078899260707700591e-01	7.078899260707700591e-01	7.875866611092540159e-01	7.983066737033429616e-01	7.546305195904979835e-01	7.078899260707700591e-01	7.078899260707700591e-01	7.726071911687919513e-01	7.747828164068439882e-01
7.627265791359759683e-01	7.217277002772409800e-01	7.078899260707700591e-01	7.078899260707700591e-01	7.573204740445179661e-01	7.281915509258010122e-01	7.078899260707700591e-01	9.999999999999610312e-01	7.078899260707700591e-01	7.078899260707700591e-01	7.078899260707700591e-01	7.078899260707700591e-01	7.078899260707700591e-01	7.078899260707700591e-01	1.000000000000000021e-03	7.078899260707700591e-01	6.710550096394599651e-01	7.220902466997080049e-01	7.078899260707700591e-01	7.078899260707700591e-01	7.078899260707700591e-01	7.078899260707700591e-01	7.779761742598030327e-01	7.078899260707700591e-01	7.768407421811469593e-01	7.680043671504239722e-01	7.021526042592789452e-01	7.984814879672149646e-01	5.069164545522689691e-01	7.078899260707700591e-01	7.078899260707700591e-01	7.030110885024289935e-01	7.078899260707700591e-01	7.365795284572399515e-01	7.078899260707700591e-01	7.171679430200930128e-01	7.078899260707700591e-01	7.113808507638279544e-01	7.078899260707700591e-01	6.654628820900739816e-01	7.078899260707700591e-01	7.078899260707700591e-01	7.381879839695979495e-01	7.078899260707700591e-01	7.078899260707700591e-01	6.845169783181620504e-01	7.078899260707700591e-01	6.558162402678500147e-01	6.888336433110250345e-01	7.078899260707700591e-01	7.633829297588580198e-01	7.078899260707700591e-01	7.078899260707700591e-01	7.078899260707700591e-01	7.078899260707700591e-01	7.306394291178970324e-01	5.521324195184289518e-01	5.778154757582559808e-01	7.078899260707700591e-01	7.078899260707700591e-01	6.874334867684089856e-01	7.078899260707700591e-01	7.751358863537239907e-01	7.078899260707700591e-01	7.078899260707700591e-01	7.078899260707700591e-01	6.863902297405749531e-01	6.648212413694639666e-01	7.078899260707700591e-01	7.078899260707700591e-01	7.078899260707700591e-01	7.078899260707700591e-01	6.947563217447669803e-01	7.266365537940769892e-01	7.078899260707700591e-01	7.078899260707700591e-01	7.078899260707700591e-01	7.078899260707700591e-01	7.078899260707700591e-01	7.078899260707700591e-01	7.078899260707700591e-01	6.078461867685619469e-01	7.078899260707700591e-01	7.078899260707700591e-01	6.076845909198039797e-01	7.078899260707700591e-01	7.078899260707700591e-01	7.078899260707700591e-01	7.078899260707700591e-01	7.078899260707700591e-01	6.842139073449230446e-01	7.078899260707700591e-01	5.908194611205870306e-01	7.078899260707700591e-01	7.078899260707700591e-01	7.078899260707700591e-01	7.078899260707700591e-01	5.620368044888689463e-01	6.573479863955650204e-01	6.982355559546159496e-01	7.078899260707700591e-01	6.060356604787799917e-01	5.788515178891310287e-01	5.603331498394820143e-01	5.816380623500230218e-01	7.078899260707700591e-01	7.079145344597209677e-01	7.078899260707700591e-01	6.267350978767519676e-01	7.078899260707700591e-01	7.078899260707700591e-01	7.232358119402230168e-01	6.940516085714729666e-01	7.078899260707700591e-01	7.078899260707700591e-01	7.078899260707700591e-01	7.510896259153480026e-01	7.078899260707700591e-01	7.078899260707700591e-01	7.254152871904849809e-01	7.581153616513960358e-01	7.656456929880399720e-01	7.407356507540719948e-01	7.078899260707700591e-01
7.078899260707700591e-01	7.343467722960129729e-01	7.078899260707700591e-01	7.280273306376749964e-01	7.522234967789780402e-01	7.819072435345539862e-01	7.078899260707700591e-01	7.078899260707700591e-01	1.000000000000129896e+00	7.108882774124509751e-01	7.048803365377800390e-01	7.078899260707700591e-01	7.645032985873539966e-01	7.078899260707700591e-01	7.078899260707700591e-01	7.254598811919540369e-01	7.078899260707700591e-01	7.078899260707700591e-01	6.876611852217050513e-01	7.078899260707700591e-01	7.078899260707700591e-01	7.078899260707700591e-01	7.445086764961069692e-01	6.831730866161860316e-01	7.078899260707700591e-01	7.078899260707700591e-01	7.078982391677040020e-01	7.772589935956939478e-01	7.078899260707700591e-01	7.236652421793710044e-01	7.078899260707700591e-01	7.298333792496329853e-01	7.078899260707700591e-01	7.655365566777280195e-01	7.078899260707700591e-01	7.078899260707700591e-01	7.148993871894999685e-01	7.078899260707700591e-01	6.983551930615620185e-01	6.669834950492260495e-01	7.078899260707700591e-01	7.690106913168289759e-01	7.833577978310110046e-01	7.078899260707700591e-01	7.758808313372990151e-01	7.289815265979799896e-01	7.078899260707700591e-01	7.078899260707700591e-01	7.078899260707700591e-01	6.994328320129139520e-01	7.896005742047700338e-01	7.078899260707700591e-01	7.078899260707700591e-01	6.366199988393580478e-01	7.078899260707700591e-01	7.801229341602710088e-01	7.078899260707700591e-01	7.078899260707700591e-01	6.786210377428270046e-01	7.078899260707700591e-01	7.078899260707700591e-01	6.830971577228569513e-01	7.710946918492640467e-01	6.660701718879940003e-01	7.078899260707700591e-01	6.891934437485760512e-01	7.078899260707700591e-01	7.078167684367739909e-01	6.560706918405559973e-01	7.078899260707700591e-01	6.408698959672060047e-01	6.608192552094429573e-01	7.078899260707700591e-01	7.078899260707700591e-01	7.459132460572369672e-01	5.575829886606710195e-01	7.078899260707700591e-01	7.078899260707700591e-01	7.254512104086620061e-01	7.205679999413110437e-01	8.024948497423619598e-01	7.078899260707700591e-01	6.310819877954220170e-01	7.669085747385190333e-01	7.078899260707700591e-01	6.786223246607949733e-01	7.078899260707700591e-01	7.435645125991969806e-01	7.078899260707700591e-01	6.779291688728119603e-01	7.078899260707700591e-01	7.078899260707700591e-01	7.078899260707700591e-01	6.228954714957399830e-01	7.078899260707700591e-01	7.707573805715770554e-01	7.078899260707700591e-01	5.751503873744520101e-01	6.833514072053690214e-01	6.890793863315870516e-01	7.078899260707700591e-01	6.658924324962409713e-01	6.197546412296659479e-01	7.078899260707700591e-01	7.078899260707700591e-01	7.078899260707700591e-01	7.080079284777609505e-01	7.649892979041239549e-01	6.417209982789640055e-01	7.078899260707700591e-01	7.292336012541119628e-01	7.078899260707700591e-01	7.445071235372250351e-01	7.078899260707700591e-01	7.078899260707700591e-01	7.725783476136910410e-01	7.078899260707700591e-01	7.749731383045259658e-01	7.078899260707700591e-01	7.078899260707700591e-01	7.622439309102400085e-01	7.078899260707700591e-01	7.691761787753029767e-01	7.449681703761129592e-01
7.078899260707700591e-01	7.078899260707700591e-01	7.090302181253169689e-01	7.262104973368059824e-01	7.078899260707700591e-01	6.545437816633390415e-01	7.078899260707700591e-01	7.078899260707700591e-01	7.108882774124509751e-01	1.000000000000069944e+00	7.818045553665550207e-01	7.270166221830339781e-01	7.078899260707700591e-01	6.577367102594999793e-01	7.078899260707700591e-01	7.043916401098679891e-01	7.078899260707700591e-01	7.078899260707700591e-01	7.071409673236309645e-01	7.680309971966929883e-01	7.078899260707700591e-01	6.997076175305639856e-01	7.078899260707700591e-01	7.078899260707700591e-01	7.078899260707700591e-01	8.068215683120369963e-01	7.078899260707700591e-01	7.078899260707700591e-01	6.166987560006309543e-01	6.087873770162139930e-01	7.078899260707700591e-01	6.481300124120179529e-01	7.078899260707700591e-01	7.198969925955349680e-01	6.306675897334429459e-01	7.362097562601149781e-01	7.078899260707700591e-01	7.698490138334389554e-01	6.186590113751709863e-01	7.409775244237749581e-01	5.740301739899099642e-01	7.078899260707700591e-01	7.078899260707700591e-01	6.310130744841779826e-01	7.037129453056399919e-01	6.280680756981019686e-01	7.078899260707700591e-01	6.337607992335909657e-01	7.078899260707700591e-01	7.078899260707700591e-01	7.243719331852409571e-01	6.959351484901830087e-01	7.153827719433200061e-01	6.055728305282019885e-01	7.078899260707700591e-01	6.843867370445450016e-01	7.078899260707700591e-01	7.078899260707700591e-01	7.078899260707700591e-01	7.078899260707700591e-01	7.078899260707700591e-01	7.078899260707700591e-01	7.078899260707700591e-01	7.078899260707700591e-01	7.078899260707700591e-01	7.078899260707700591e-01	6.564343892714400441e-01	6.820502632958079792e-01	6.797149468553510543e-01	7.078899260707700591e-01	7.078899260707700591e-01	6.014815033530449551e-01	6.818279802642479570e-01	7.301664483160279495e-01	6.929619476188569882e-01	6.478095509339589775e-01	7.078899260707700591e-01	7.078899260707700591e-01	7.078899260707700591e-01	7.078899260707700591e-01	7.259369886798680005e-01	7.078899260707700591e-01	6.437844155519499845e-01	7.078899260707700591e-01	7.078899260707700591e-01	7.078899260707700591e-01	7.188435555183420034e-01	7.458790965276870244e-01	7.078899260707700591e-01	7.078899260707700591e-01	7.078899260707700591e-01	7.078899260707700591e-01	6.111570861763859774e-01	7.078899260707700591e-01	6.179715534719459891e-01	6.673536525906490491e-01	7.343856626478509897e-01	7.078899260707700591e-01	7.078899260707700591e-01	7.478666049448849940e-01	7.397778934574169574e-01	7.078899260707700591e-01	6.014293586455109475e-01	6.583721504119139922e-01	5.792100566545930196e-01	6.863988819866729818e-01	7.485563512862399849e-01	7.078899260707700591e-01	7.078899260707700591e-01	7.078899260707700591e-01	7.078899260707700591e-01	6.984051378344859895e-01	7.078899260707700591e-01	7.337169446590630084e-01	7.078899260707700591e-01	7.078899260707700591e-01	7.372206898163210509e-01	7.230203192690619618e-01	7.078899260707700591e-01	7.078899260707700591e-01	7.078899260707700591e-01	7.428973998835820547e-01	7.078899260707700591e-01	7.078899260707700591e-01
7.078899260707700591e-01	7.078899260707700591e-01	7.078899260707700591e-01	7.078899260707700591e-01	7.881627668475169601e-01	7.078899260707700591e-01	7.535142710660649445e-01	7.078899260707700591e-01	7.048803365377800390e-01	7.818045553665550207e-01	9.999999999999910072e-01	7.078899260707700591e-01	7.202127973859610011e-01	7.078899260707700591e-01	7.078899260707700591e-01	7.078899260707700591e-01	7.078899260707700591e-01	6.844377720991130509e-01	7.078899260707700591e-01	7.977395490202150441e-01	6.552311602607689967e-01	7.078899260707700591e-01	7.606458635186059691e-01	7.277431952725780251e-01	7.078899260707700591e-01	7.078899260707700591e-01	7.078899260707700591e-01	7.078899260707700591e-01	7.078899260707700591e-01	6.015826255227200159e-01	7.279217407547300400e-01	7.078899260707700591e-01	7.078899260707700591e-01	7.509409951788830195e-01	6.172868625902609985e-01	7.078899260707700591e-01	7.078899260707700591e-01	7.599649900769790412e-01	7.078899260707700591e-01	7.330674744790830477e-01	5.622765465117319783e-01	7.359518722188990170e-01	7.078899260707700591e-01	6.369379104199860420e-01	7.110375487605620215e-01	7.078899260707700591e-01	6.147193442762509674e-01	6.298967754705929734e-01	7.078899260707700591e-01	7.078899260707700591e-01	7.078899260707700591e-01	7.024200572125739450e-01	7.078899260707700591e-01	7.078899260707700591e-01	6.538163720910740162e-01	6.812770229102990127e-01	6.517422735729410110e-01	7.078899260707700591e-01	7.078899260707700591e-01	6.052282790209270180e-01	7.658353941595089642e-01	6.834262074586829883e-01	7.078899260707700591e-01	7.078899260707700591e-01	7.078899260707700591e-01	7.078899260707700591e-01	6.572151940677000148e-01	7.078899260707700591e-01	6.770975952294490119e-01	7.078899260707700591e-01	6.515387553503579898e-01	6.027624617942319851e-01	7.055858355971680318e-01	7.351992129365809703e-01	7.067103306922000172e-01	7.078899260707700591e-01	7.078899260707700591e-01	7.321434100538389833e-01	7.078899260707700591e-01	7.078899260707700591e-01	7.078899260707700591e-01	7.078899260707700591e-01	6.181247017224219542e-01	7.078899260707700591e-01	5.821932962536130463e-01	5.703418640438610021e-01	6.810402794121039882e-01	7.078899260707700591e-01	7.078899260707700591e-01	7.078899260707700591e-01	7.458268965652280480e-01	7.078899260707700591e-01	7.078899260707700591e-01	6.067173065772929474e-01	7.078899260707700591e-01	7.078899260707700591e-01	7.078899260707700591e-01	6.383706473911350265e-01	6.815353100562070443e-01	7.659885812306720387e-01	7.871220722774739942e-01	7.078899260707700591e-01	5.887229637794769710e-01	7.078899260707700591e-01	5.570264098747780279e-01	7.078899260707700591e-01	7.462185355409409748e-01	7.078899260707700591e-01	6.792123715860309829e-01	6.270850817723510051e-01	7.372410688738220141e-01	7.078899260707700591e-01	6.684253259591890206e-01	7.078899260707700591e-01	7.078899260707700591e-01	7.479839424179930418e-01	7.078899260707700591e-01	7.532911814917070403e-01	7.078899260707700591e-01	7.078899260707700591e-01	7.788867646771809872e-01	7.801859567494160430e-01	7.078899260707700591e-01	7.078899260707700591e-01
7.078899260707700591e-01	7.078899260707700591e-01	7.078899260707700591e-01	7.023644559834839596e-01	7.477196496438449635e-01	6.339365051944759744e-01	7.078899260707700591e-01	7.078899260707700591e-01	7.078899260707700591e-01	7.270166221830339781e-01	7.078899260707700591e-01	1.000000000000039968e+00	7.078899260707700591e-01	7.078899260707700591e-01	1.000000000000000021e-03	6.704343578961550199e-01	7.078899260707700591e-01	6.403516856582219807e-01	6.708573263868929937e-01	7.078899260707700591e-01	5.974242462789499664e-01	7.078899260707700591e-01	7.403305082298560214e-01	7.078899260707700591e-01	6.986946491951659954e-01	7.078899260707700591e-01	7.057956562665239630e-01	7.177800141177640425e-01	7.078899260707700591e-01	5.607807439805100325e-01	7.078899260707700591e-01	7.078899260707700591e-01	6.387224154796460329e-01	7.078899260707700591e-01	7.078899260707700591e-01	6.921531119641080032e-01	7.078899260707700591e-01	7.078899260707700591e-01	7.078899260707700591e-01	7.078899260707700591e-01	5.273356116653850068e-01	7.078899260707700591e-01	7.078899260707700591e-01	6.249262159257049642e-01	6.667767918606940514e-01	5.971961805865539930e-01	7.078899260707700591e-01	7.078899260707700591e-01	7.078899260707700591e-01	7.078899260707700591e-01	7.078899260707700591e-01	6.859328003036110344e-01	7.078899260707700591e-01	7.078899260707700591e-01	6.361909603079799469e-01	7.078899260707700591e-01	6.393465305398580156e-01	7.078899260707700591e-01	7.078899260707700591e-01	6.007385604104139576e-01	7.078899260707700591e-01	7.078899260707700591e-01	7.078899260707700591e-01	5.792209818141259570e-01	7.078899260707700591e-01	6.932869478012989584e-01	7.078899260707700591e-01	6.283079312291179885e-01	6.515837006272150456e-01	5.106435133699800399e-01	7.078899260707700591e-01	5.820030570688580207e-01	7.078899260707700591e-01	7.028257490690550391e-01	7.078899260707700591e-01	6.832528614272550538e-01	7.078899260707700591e-01	7.078899260707700591e-01	7.078899260707700591e-01	6.817916793917779827e-01	7.191385286506040142e-01	7.078899260707700591e-01	5.744798739904990459e-01	5.946527449351329819e-01	5.456894806743820547e-01	5.415040176473580047e-01	7.078899260707700591e-01	7.220721161668129939e-01	7.078899260707700591e-01	6.756823369780510236e-01	7.078899260707700591e-01	7.078899260707700591e-01	7.078899260707700591e-01	5.848247339413350510e-01	6.326686602792209735e-01	6.453208218907250382e-01	6.961537648971549697e-01	6.309149560873400508e-01	7.078899260707700591e-01	7.048160106095779920e-01	7.078899260707700591e-01	5.496152657681370179e-01	7.078899260707700591e-01	6.717829647053300546e-01	5.250910740354910455e-01	7.078899260707700591e-01	7.311750305174919973e-01	5.914923574674260109e-01	7.078899260707700591e-01	5.965704624859949901e-01	7.078899260707700591e-01	7.078899260707700591e-01	7.078899260707700591e-01	7.343051258477539811e-01	7.080188982612080073e-01	7.164375744104319876e-01	7.078899260707700591e-01	7.078899260707700591e-01	7.204807218924139667e-01	7.519237572835240080e-01	7.964037512746799941e-01	7.078899260707700591e-01	7.523093356949930310e-01	7.759550817573600545e-01
