9.999999999999990008e-01	8.076220981493940076e-01	8.185061410891809608e-01	6.563778433582949656e-01	6.549255466898015188e-01	6.809980607195279534e-01	6.871563603598780379e-01	7.306343756215379903e-01	6.549255466898015188e-01	6.549255466898015188e-01	7.046713584866479696e-01	6.981417201675880202e-01	6.905599616143059949e-01	6.549255466898015188e-01	6.549255466898015188e-01	7.071865145681509590e-01	6.385702233984570375e-01	6.263558824545140125e-01	6.549255466898015188e-01	6.549255466898015188e-01	6.549255466898015188e-01	7.119781147843220470e-01	7.185009816164320551e-01	7.175713500364450104e-01	7.017911040700489655e-01	7.157270122499259646e-01	6.963488780362000474e-01	6.549255466898015188e-01	6.549255466898015188e-01	7.033776262916050515e-01	6.549255466898015188e-01	6.668676055993709717e-01	6.778449452944740328e-01	6.549255466898015188e-01	6.797190896140470340e-01	6.549255466898015188e-01	7.106909690651550537e-01	7.050207680689180023e-01	7.072009080219550103e-01	6.549255466898015188e-01	6.549255466898015188e-01	6.373987570049619578e-01	6.549255466898015188e-01	6.772871160454909667e-01	6.549255466898015188e-01	6.549255466898015188e-01	6.549255466898015188e-01	6.549255466898015188e-01	6.549255466898015188e-01	7.020459047520589690e-01	7.334082658689999867e-01	6.571006687993260487e-01	6.549255466898015188e-01	6.443184014326389653e-01	6.808926628782200341e-01	6.549255466898015188e-01	6.549255466898015188e-01	6.611020135843580503e-01	6.549255466898015188e-01	6.683000162517700460e-01	6.549255466898015188e-01	6.549255466898015188e-01	7.310091115134460527e-01	6.549255466898015188e-01	6.380959005013560059e-01	6.549255466898015188e-01	6.838032590886480300e-01	6.549255466898015188e-01	6.549255466898015188e-01	6.549255466898015188e-01	6.549255466898015188e-01	7.057662526931319791e-01	6.797447818030060152e-01	7.066360565965049689e-01	6.549255466898015188e-01	6.549255466898015188e-01	7.578932242642140160e-01	6.549255466898015188e-01	6.549255466898015188e-01	6.549255466898015188e-01	6.549255466898015188e-01	6.549255466898015188e-01	6.549255466898015188e-01	6.549255466898015188e-01	6.549255466898015188e-01	6.549255466898015188e-01	6.847823465900489959e-01	6.637269027764139961e-01	6.549255466898015188e-01	6.549255466898015188e-01	7.042078430866259842e-01	6.549255466898015188e-01	6.139504167381379940e-01	6.549255466898015188e-01	6.549255466898015188e-01	6.169883836941469912e-01	6.547941938920710525e-01	6.549255466898015188e-01	6.421933657187479660e-01	6.549255466898015188e-01	6.549255466898015188e-01	6.441592089626430040e-01	6.438597048132640444e-01	6.295389098902830494e-01	6.549255466898015188e-01	6.444839234428260122e-01	6.536394963548900483e-01	6.595172321297529949e-01	6.786993422202159953e-01	6.545963596858059841e-01	7.109968958296779551e-01	7.236798302870569577e-01	6.768305696404259830e-01	6.549255466898015188e-01	7.001626338518710524e-01	6.549255466898015188e-01	7.986579804370510516e-01	6.549255466898015188e-01	8.058006467054960043e-01	7.272201993424100008e-01	6.417383845317280455e-01	7.200970590900579449e-01	6.549255466898015188e-01	6.549255466898015188e-01
8.076220981493940076e-01	1.000000000000000000e+00	6.549255466898015188e-01	6.476418413257709616e-01	6.549255466898015188e-01	6.899367991274679701e-01	6.816729748704269953e-01	7.079789994423579813e-01	7.093046854009249502e-01	6.549255466898015188e-01	7.045032452873249973e-01	6.986344230269589950e-01	6.549255466898015188e-01	6.549255466898015188e-01	6.549255466898015188e-01	6.549255466898015188e-01	6.399893719452379726e-01	6.135467990362040158e-01	6.549255466898015188e-01	6.942944130068019470e-01	6.471863671776130200e-01	6.549255466898015188e-01	7.102195550792530510e-01	6.549255466898015188e-01	6.782780832753559919e-01	6.549255466898015188e-01	6.549255466898015188e-01	6.549255466898015188e-01	6.549255466898015188e-01	6.910183100062320394e-01	6.549255466898015188e-01	6.549255466898015188e-01	6.549255466898015188e-01	7.160809504814860116e-01	6.549255466898015188e-01	6.549255466898015188e-01	6.549255466898015188e-01	6.549255466898015188e-01	6.829301361983060037e-01	6.307853077653100549e-01	6.549255466898015188e-01	6.549255466898015188e-01	6.757346626593619954e-01	6.549255466898015188e-01	6.549255466898015188e-01	6.587506095209669787e-01	6.502122548840180150e-01	6.549255466898015188e-01	6.884885645890790329e-01	6.794311883816469555e-01	6.984987615408070338e-01	6.576677174908710510e-01	6.549255466898015188e-01	6.442425631584549617e-01	6.549255466898015188e-01	6.468991702968720503e-01	6.549255466898015188e-01	6.402615221650359567e-01	6.549255466898015188e-01	6.533289342248660425e-01	6.549255466898015188e-01	6.630675057962159835e-01	7.009452668320339530e-01	6.549255466898015188e-01	6.219792659692759962e-01	6.549255466898015188e-01	6.549255466898015188e-01	6.549255466898015188e-01	6.358298542779550200e-01	6.631622980730540462e-01	6.549255466898015188e-01	6.549255466898015188e-01	6.549255466898015188e-01	6.773484094394079946e-01	6.549255466898015188e-01	6.549255466898015188e-01	6.549255466898015188e-01	6.289499264572649961e-01	6.549255466898015188e-01	6.565336150877789656e-01	6.549255466898015188e-01	6.549255466898015188e-01	6.543468088163549856e-01	7.180125370226210224e-01	6.660361737851290265e-01	6.549255466898015188e-01	6.670445382932570499e-01	6.549255466898015188e-01	8.070517191128779855e-01	6.549255466898015188e-01	6.911460409122029969e-01	6.549255466898015188e-01	6.549255466898015188e-01	6.260587268911610437e-01	6.549255466898015188e-01	6.243847903068010519e-01	6.715868291685109792e-01	6.416878460222940062e-01	6.549255466898015188e-01	6.549255466898015188e-01	6.549255466898015188e-01	6.538262376430800105e-01	6.549255466898015188e-01	6.192136552457230270e-01	6.470510641857619705e-01	6.549255466898015188e-01	6.549255466898015188e-01	6.382647036597129953e-01	6.432327367637159510e-01	6.549255466898015188e-01	6.549255466898015188e-01	7.043901638564660228e-01	6.549255466898015188e-01	6.549255466898015188e-01	6.549255466898015188e-01	7.911270560235179605e-01	6.549255466898015188e-01	8.022500284254060476e-01	6.549255466898015188e-01	6.549255466898015188e-01	6.549255466898015188e-01	7.156130769185079510e-01	6.549255466898015188e-01	6.549255466898015188e-01
8.185061410891809608e-01	6.549255466898015188e-01	1.000000000000000000e+00	6.299935046366850200e-01	6.549255466898015188e-01	6.549255466898015188e-01	6.794559110714190053e-01	6.549255466898015188e-01	7.060441882014879544e-01	7.019715568457179922e-01	6.549255466898015188e-01	6.549255466898015188e-01	6.877195834211069503e-01	6.199327309152650178e-01	6.549255466898015188e-01	6.549255466898015188e-01	6.549255466898015188e-01	6.549255466898015188e-01	6.549255466898015188e-01	6.670462387706159735e-01	6.409165037922189834e-01	6.549255466898015188e-01	6.549255466898015188e-01	6.549255466898015188e-01	6.549255466898015188e-01	6.857817747895129656e-01	6.757982570334479799e-01	6.549255466898015188e-01	6.495865164475900233e-01	6.549255466898015188e-01	6.549255466898015188e-01	6.562745140819089551e-01	6.549255466898015188e-01	7.282900092489520416e-01	6.549255466898015188e-01	6.549255466898015188e-01	6.808173377199370213e-01	6.836640155841250399e-01	6.549255466898015188e-01	6.549255466898015188e-01	6.874694548922379855e-01	6.549255466898015188e-01	6.808745411190030294e-01	6.549255466898015188e-01	6.549255466898015188e-01	6.549255466898015188e-01	6.597417452549190209e-01	6.553339747858060171e-01	7.064822320056529659e-01	6.981447363304720266e-01	6.549255466898015188e-01	6.642442822406929848e-01	6.549255466898015188e-01	6.549255466898015188e-01	6.598631733901350049e-01	6.595788773509639880e-01	6.642226707535170416e-01	6.431487293420850015e-01	6.544398889702589539e-01	6.594266895328290135e-01	6.773814333065300008e-01	6.549255466898015188e-01	7.069426208932110267e-01	6.428257460437689641e-01	6.354338830659399528e-01	6.549255466898015188e-01	6.549255466898015188e-01	6.794225827454130062e-01	6.549255466898015188e-01	6.549255466898015188e-01	6.549255466898015188e-01	6.549255466898015188e-01	6.549255466898015188e-01	6.549255466898015188e-01	6.351830736769720209e-01	6.466868485330220517e-01	6.549255466898015188e-01	6.549255466898015188e-01	6.679350477505999750e-01	6.518360349192200420e-01	6.549255466898015188e-01	6.549255466898015188e-01	6.549255466898015188e-01	6.898997249390550479e-01	6.549255466898015188e-01	6.579500255820649457e-01	6.885136538802549833e-01	6.549255466898015188e-01	6.549255466898015188e-01	6.549255466898015188e-01	6.549255466898015188e-01	6.549255466898015188e-01	6.549255466898015188e-01	5.898377137155500494e-01	6.549255466898015188e-01	6.549255466898015188e-01	6.625181202965469973e-01	6.319832143623119736e-01	6.438793080470419650e-01	6.549255466898015188e-01	6.153094004879939849e-01	6.549255466898015188e-01	6.549255466898015188e-01	6.549255466898015188e-01	6.338186309989169986e-01	6.446689591492229532e-01	6.643491699859319644e-01	6.549255466898015188e-01	6.549255466898015188e-01	6.315178614638989885e-01	6.915379144748270424e-01	6.549255466898015188e-01	6.549255466898015188e-01	7.016320105051819800e-01	6.549255466898015188e-01	7.722357322277759728e-01	7.623677466053859764e-01	6.549255466898015188e-01	6.549255466898015188e-01	6.948849001597759978e-01	6.406068076643269826e-01	6.549255466898015188e-01	6.549255466898015188e-01	7.106795882554800547e-01
6.563778433582949656e-01	6.476418413257709616e-01	6.299935046366850200e-01	9.999999999999980016e-01	6.549255466898015188e-01	6.549255466898015188e-01	6.026949621474619878e-01	6.101433766403330239e-01	6.549255466898015188e-01	6.549255466898015188e-01	6.143026884895439466e-01	6.079186757486789716e-01	6.549255466898015188e-01	6.724238694464429456e-01	6.549255466898015188e-01	6.584255169570529809e-01	6.550020403343299602e-01	6.549255466898015188e-01	6.549255466898015188e-01	6.549255466898015188e-01	6.549255466898015188e-01	6.727743969946420322e-01	6.549255466898015188e-01	6.549255466898015188e-01	6.014319458046100131e-01	6.549255466898015188e-01	6.311415329618279557e-01	6.549255466898015188e-01	6.549255466898015188e-01	6.549255466898015188e-01	6.549255466898015188e-01	6.060386142810080257e-01	6.376791258453780031e-01	6.549255466898015188e-01	6.549255466898015188e-01	6.549255466898015188e-01	6.549255466898015188e-01	6.549255466898015188e-01	7.063435942472799933e-01	6.549255466898015188e-01	6.549255466898015188e-01	6.549255466898015188e-01	6.549255466898015188e-01	6.440915615191820098e-01	6.412048494259620091e-01	6.549255466898015188e-01	6.549255466898015188e-01	6.169775425461110352e-01	6.549255466898015188e-01	6.549255466898015188e-01	5.970018629015090283e-01	6.581916063476129786e-01	6.549255466898015188e-01	6.549255466898015188e-01	6.155896702810740306e-01	6.408556716808040399e-01	6.527409360685030304e-01	6.227366867630600433e-01	6.296647439351700237e-01	6.549255466898015188e-01	6.549255466898015188e-01	6.549255466898015188e-01	5.943146441960299731e-01	6.549255466898015188e-01	6.549255466898015188e-01	6.719988324807889546e-01	6.549255466898015188e-01	6.549255466898015188e-01	6.838010210886450446e-01	6.116434466959349558e-01	6.549255466898015188e-01	6.549255466898015188e-01	6.549255466898015188e-01	6.549255466898015188e-01	6.549255466898015188e-01	6.745066000271200402e-01	6.549255466898015188e-01	6.549255466898015188e-01	6.549255466898015188e-01	6.263503283904460206e-01	6.239373377005760224e-01	5.698061725565359836e-01	6.549255466898015188e-01	6.549255466898015188e-01	6.262043055375560163e-01	5.943531151591380235e-01	6.549255466898015188e-01	6.313434062541100067e-01	6.549255466898015188e-01	6.307821822578729698e-01	6.549255466898015188e-01	6.518700658317739816e-01	6.074331936022989709e-01	6.301841344539820255e-01	6.549255466898015188e-01	6.549255466898015188e-01	6.549255466898015188e-01	6.156150411221029684e-01	6.549255466898015188e-01	6.427050542478619510e-01	6.549255466898015188e-01	6.126202950429150418e-01	6.549255466898015188e-01	6.549255466898015188e-01	6.549255466898015188e-01	6.170866732837999580e-01	6.549255466898015188e-01	6.549255466898015188e-01	6.796938084295299776e-01	6.133606959185300411e-01	6.488060749345699874e-01	6.549255466898015188e-01	6.549255466898015188e-01	6.590949422466400032e-01	6.392500624789030361e-01	6.558155008134509689e-01	6.549255466898015188e-01	6.549255466898015188e-01	6.606090869797169862e-01	6.549255466898015188e-01	6.157391365429260022e-01	6.549255466898015188e-01	6.278822422883969523e-01	6.549255466898015188e-01
6.549255466898015188e-01	6.549255466898015188e-01	6.549255466898015188e-01	6.549255466898015188e-01	9.999999999999980016e-01	6.549255466898015188e-01	7.772437840436650092e-01	7.355272375743010516e-01	6.549255466898015188e-01	7.152173251115210295e-01	6.549255466898015188e-01	6.549255466898015188e-01	6.549255466898015188e-01	6.487306730161159773e-01	6.581988014159479983e-01	6.594066061730530226e-01	6.549255466898015188e-01	6.549255466898015188e-01	6.549255466898015188e-01	7.556915335267410105e-01	6.549255466898015188e-01	6.549255466898015188e-01	6.549255466898015188e-01	6.315592759110959520e-01	6.549255466898015188e-01	7.601960393385199799e-01	6.549255466898015188e-01	6.549255466898015188e-01	6.549255466898015188e-01	6.535882984578450516e-01	6.549255466898015188e-01	6.549255466898015188e-01	5.833602670906830046e-01	6.549255466898015188e-01	6.378259422697070136e-01	6.549255466898015188e-01	6.366720314161440353e-01	6.549255466898015188e-01	6.549255466898015188e-01	6.549255466898015188e-01	6.669032308186410019e-01	7.146024539756480332e-01	6.549255466898015188e-01	6.775730554097300073e-01	6.549255466898015188e-01	6.549255466898015188e-01	6.152599049827840449e-01	6.848459808341430533e-01	6.575555157811010520e-01	6.230731258749649948e-01	6.549255466898015188e-01	6.549255466898015188e-01	6.549255466898015188e-01	6.549255466898015188e-01	6.549255466898015188e-01	6.430484399451089628e-01	6.852394996501780522e-01	6.082940405378030047e-01	6.215523670683410495e-01	6.269138568120520283e-01	6.549255466898015188e-01	6.549255466898015188e-01	6.549255466898015188e-01	6.655589803912289604e-01	6.549255466898015188e-01	6.549255466898015188e-01	6.549255466898015188e-01	6.549255466898015188e-01	6.549255466898015188e-01	6.549255466898015188e-01	6.687449642682470330e-01	6.549255466898015188e-01	6.549255466898015188e-01	6.549255466898015188e-01	6.549255466898015188e-01	6.549255466898015188e-01	7.075922990535290502e-01	6.370283570300919740e-01	6.549255466898015188e-01	6.251890108568399773e-01	6.549255466898015188e-01	6.487677441434609449e-01	6.254313306473320289e-01	6.805012880595300295e-01	6.549255466898015188e-01	6.772436438640540013e-01	6.549255466898015188e-01	6.593636300705220110e-01	6.549255466898015188e-01	6.421823155578220144e-01	6.549255466898015188e-01	6.549255466898015188e-01	6.250798733952369624e-01	6.549255466898015188e-01	6.549255466898015188e-01	6.432331347138789956e-01	6.754650785881409769e-01	6.607359084921089476e-01	6.549255466898015188e-01	6.549255466898015188e-01	6.549255466898015188e-01	6.549255466898015188e-01	6.587826629764540476e-01	6.549255466898015188e-01	6.859461341345800545e-01	6.466505440468750532e-01	6.549255466898015188e-01	6.182901545848930036e-01	6.079761586594899514e-01	6.069899195353489763e-01	6.250624967675469934e-01	6.549255466898015188e-01	6.616835663388259681e-01	6.544334894920099677e-01	6.549255466898015188e-01	6.549255466898015188e-01	6.549255466898015188e-01	7.091924408124360424e-01	6.549255466898015188e-01	6.784200545508789482e-01	6.849110703602480088e-01	6.549255466898015188e-01	6.549255466898015188e-01	7.084002604969550365e-01
6.809980607195279534e-01	6.899367991274679701e-01	6.549255466898015188e-01	6.549255466898015188e-01	6.549255466898015188e-01	9.999999999999980016e-01	6.549255466898015188e-01	6.453095057616450303e-01	6.549255466898015188e-01	6.549255466898015188e-01	6.832696985185859884e-01	7.220451840098359719e-01	7.088977543645720303e-01	6.549255466898015188e-01	6.357503805118059903e-01	6.549255466898015188e-01	6.647582059326899717e-01	6.549255466898015188e-01	6.549255466898015188e-01	6.549255466898015188e-01	6.604230753646710417e-01	6.549255466898015188e-01	6.549255466898015188e-01	6.317053919985570198e-01	6.549255466898015188e-01	6.549255466898015188e-01	6.549255466898015188e-01	6.302052903054380373e-01	6.549255466898015188e-01	6.549255466898015188e-01	6.549255466898015188e-01	6.549255466898015188e-01	6.549255466898015188e-01	6.549255466898015188e-01	6.314241518987919743e-01	6.104708628213389998e-01	6.549255466898015188e-01	6.098354956040840102e-01	6.549255466898015188e-01	6.549255466898015188e-01	6.549255466898015188e-01	6.549255466898015188e-01	6.846608032981359448e-01	6.677496113327999749e-01	5.779068984108479690e-01	6.549255466898015188e-01	5.951267788663170411e-01	6.549255466898015188e-01	6.767138796867590012e-01	6.549520619634540131e-01	6.644676326700440505e-01	6.549255466898015188e-01	6.281735017059250081e-01	6.342719954968749629e-01	6.662943430355799945e-01	6.870226812660580329e-01	6.692465278532240269e-01	6.549255466898015188e-01	6.549255466898015188e-01	6.549255466898015188e-01	6.549255466898015188e-01	6.179459464804649693e-01	6.327545736967780110e-01	6.405817775721980301e-01	5.882051211709610206e-01	6.549255466898015188e-01	6.000232038129460488e-01	6.699781013623880010e-01	6.364175122467690127e-01	6.549255466898015188e-01	6.610123134844200221e-01	6.549255466898015188e-01	6.157458263581869762e-01	6.549255466898015188e-01	6.549255466898015188e-01	6.758393811978230525e-01	6.531669059271839606e-01	6.722443694905340106e-01	6.549255466898015188e-01	6.179431627767080215e-01	6.832617718801220486e-01	6.003134446293030280e-01	6.549255466898015188e-01	6.318464368772690465e-01	5.902456686821899723e-01	6.549255466898015188e-01	6.549255466898015188e-01	6.549255466898015188e-01	6.549255466898015188e-01	6.731981938984540337e-01	7.079866671586190208e-01	6.549255466898015188e-01	6.458523023921379780e-01	6.549255466898015188e-01	6.549255466898015188e-01	6.549255466898015188e-01	7.065692014195239512e-01	6.549255466898015188e-01	6.549255466898015188e-01	7.250456700238669949e-01	6.549255466898015188e-01	6.759420802621119995e-01	6.491660224400549462e-01	6.549255466898015188e-01	6.549255466898015188e-01	6.780029669688579785e-01	6.549255466898015188e-01	6.549255466898015188e-01	6.549255466898015188e-01	5.820543257943889826e-01	6.549255466898015188e-01	6.549255466898015188e-01	6.549255466898015188e-01	7.067859007509169622e-01	6.549255466898015188e-01	6.790986397451289625e-01	6.554021598299499818e-01	6.993037903692520540e-01	6.549255466898015188e-01	6.549255466898015188e-01	6.549255466898015188e-01	6.549255466898015188e-01	6.549255466898015188e-01	6.549255466898015188e-01
6.871563603598780379e-01	6.816729748704269953e-01	6.794559110714190053e-01	6.026949621474619878e-01	7.772437840436650092e-01	6.549255466898015188e-01	9.999999999999990008e-01	6.549255466898015188e-01	6.549255466898015188e-01	6.549255466898015188e-01	6.549255466898015188e-01	6.549255466898015188e-01	6.549255466898015188e-01	6.549255466898015188e-01	6.568788716055009580e-01	6.449950112822809833e-01	6.431444627956880433e-01	6.549255466898015188e-01	6.549255466898015188e-01	6.549255466898015188e-01	6.356625150698830273e-01	6.302196502416990143e-01	7.071678514014839712e-01	6.549255466898015188e-01	7.223667535680869944e-01	6.549255466898015188e-01	5.884939601612100279e-01	6.549255466898015188e-01	6.091473312102410054e-01	6.549255466898015188e-01	6.549255466898015188e-01	6.549255466898015188e-01	6.549255466898015188e-01	6.510247633523910116e-01	6.549255466898015188e-01	5.799918118940540213e-01	6.208555306296460463e-01	6.131908821853859770e-01	6.549255466898015188e-01	6.549255466898015188e-01	6.549255466898015188e-01	7.503989776076660512e-01	6.549255466898015188e-01	6.701130853376290331e-01	6.549255466898015188e-01	6.757952306150140087e-01	6.093126208953250078e-01	6.722801050674129808e-01	6.472220776215390492e-01	6.549255466898015188e-01	6.549255466898015188e-01	6.549255466898015188e-01	6.549255466898015188e-01	6.549255466898015188e-01	6.549255466898015188e-01	6.549255466898015188e-01	6.748821633928530073e-01	6.027610516554410269e-01	6.189577121679510352e-01	6.549255466898015188e-01	6.549255466898015188e-01	6.217316738551690314e-01	6.549255466898015188e-01	6.589756883763140394e-01	5.869894421833500298e-01	6.863313953023050251e-01	6.549255466898015188e-01	6.648019814495159663e-01	6.549255466898015188e-01	6.549255466898015188e-01	6.499394908761639833e-01	6.549255466898015188e-01	6.272718893350199831e-01	6.549255466898015188e-01	6.549255466898015188e-01	6.722533529057399537e-01	6.988311746450950324e-01	6.549255466898015188e-01	6.549255466898015188e-01	6.549255466898015188e-01	7.479087294248699669e-01	6.549255466898015188e-01	6.549255466898015188e-01	6.549255466898015188e-01	6.549255466898015188e-01	6.549255466898015188e-01	6.775588986546270398e-01	6.634036641715550520e-01	6.549255466898015188e-01	6.486613070019130456e-01	6.549255466898015188e-01	6.549255466898015188e-01	6.223055841640230401e-01	6.549255466898015188e-01	6.322351041027779450e-01	6.549255466898015188e-01	6.549255466898015188e-01	6.549255466898015188e-01	6.549255466898015188e-01	6.549255466898015188e-01	7.154109236884710343e-01	6.549255466898015188e-01	6.549255466898015188e-01	5.878453982618410123e-01	6.653730027428680360e-01	6.549255466898015188e-01	6.549255466898015188e-01	6.251794699866379812e-01	6.074091721871639482e-01	6.549255466898015188e-01	6.181029391451310362e-01	6.455499735917880066e-01	6.549255466898015188e-01	6.556269231051670143e-01	6.549255466898015188e-01	6.549255466898015188e-01	6.507373707222710024e-01	6.549255466898015188e-01	6.896600683529390263e-01	6.684136230713569882e-01	6.549255466898015188e-01	6.549255466898015188e-01	6.549255466898015188e-01	6.999414810290780498e-01
7.306343756215379903e-01	7.079789994423579813e-01	6.549255466898015188e-01	6.101433766403330239e-01	7.355272375743010516e-01	6.453095057616450303e-01	6.549255466898015188e-01	1.000000000000000000e+00	7.851903523378339633e-01	7.463781274849400349e-01	6.549255466898015188e-01	7.139963033549110438e-01	6.549255466898015188e-01	6.549255466898015188e-01	6.860003863169320537e-01	6.549255466898015188e-01	6.549255466898015188e-01	5.945049773416080097e-01	6.266214083535780466e-01	7.001286532731879619e-01	6.549255466898015188e-01	6.614388314470029950e-01	6.549255466898015188e-01	6.801745877951249630e-01	7.534324586528919898e-01	7.019610277766470396e-01	6.549255466898015188e-01	6.549255466898015188e-01	6.549255466898015188e-01	6.549255466898015188e-01	6.549255466898015188e-01	6.549255466898015188e-01	6.317892672821440181e-01	6.717714006985090469e-01	6.471428304349300387e-01	6.196519189868380240e-01	6.602203448309450495e-01	6.549255466898015188e-01	6.549255466898015188e-01	6.549255466898015188e-01	6.831411105583899968e-01	6.549255466898015188e-01	6.549255466898015188e-01	6.549255466898015188e-01	5.934143486893249664e-01	6.843943646914639745e-01	6.549255466898015188e-01	6.549255466898015188e-01	6.602341305803219873e-01	6.424318735846570316e-01	6.847269560113939946e-01	6.549255466898015188e-01	6.549255466898015188e-01	6.254289091499199982e-01	6.549255466898015188e-01	6.549255466898015188e-01	6.549255466898015188e-01	6.229191547098390513e-01	6.549255466898015188e-01	6.549255466898015188e-01	6.549255466898015188e-01	6.231583615838689472e-01	7.193139540569849499e-01	6.396256722116929749e-01	6.094829676042200495e-01	6.549255466898015188e-01	6.549255466898015188e-01	6.559350665804709601e-01	6.213979183433260278e-01	6.432239071432489519e-01	6.245552398969830277e-01	6.549255466898015188e-01	6.393902785078879880e-01	6.549255466898015188e-01	6.106104506428839951e-01	6.549255466898015188e-01	6.549255466898015188e-01	6.549255466898015188e-01	6.451381677775289702e-01	6.345947409072469902e-01	7.033537954762330013e-01	6.549255466898015188e-01	6.302727372741210310e-01	7.111899434744000104e-01	6.549255466898015188e-01	6.549255466898015188e-01	6.549255466898015188e-01	6.549255466898015188e-01	7.405854679102069626e-01	6.549255466898015188e-01	6.549255466898015188e-01	6.249987020038180185e-01	6.549255466898015188e-01	6.549255466898015188e-01	6.070886793747940491e-01	6.114223033288329612e-01	6.394105018991950162e-01	6.549255466898015188e-01	6.549255466898015188e-01	6.549255466898015188e-01	6.549255466898015188e-01	6.549255466898015188e-01	6.549255466898015188e-01	6.549255466898015188e-01	6.549255466898015188e-01	6.119802351959410247e-01	6.371709028712609912e-01	6.549255466898015188e-01	6.549255466898015188e-01	6.549255466898015188e-01	6.549255466898015188e-01	6.881951623738049584e-01	6.566783304578389657e-01	6.549255466898015188e-01	6.549255466898015188e-01	6.549255466898015188e-01	6.836763990778009781e-01	6.549255466898015188e-01	6.549255466898015188e-01	6.549255466898015188e-01	6.172751381407419746e-01	6.549255466898015188e-01	7.047524905061539613e-01	6.549255466898015188e-01
6.549255466898015188e-01	7.093046854009249502e-01	7.060441882014879544e-01	6.549255466898015188e-01	6.549255466898015188e-01	6.549255466898015188e-01	6.549255466898015188e-01	7.851903523378339633e-01	1.000000000000000000e+00	6.549255466898015188e-01	6.549255466898015188e-01	6.971862675536020237e-01	6.549255466898015188e-01	6.549255466898015188e-01	6.549255466898015188e-01	6.549255466898015188e-01	6.549255466898015188e-01	6.026865965300469696e-01	6.379342104857780305e-01	6.549255466898015188e-01	6.281035812819230069e-01	6.549255466898015188e-01	6.549255466898015188e-01	6.549255466898015188e-01	7.545385266746390540e-01	6.549255466898015188e-01	6.549784131130940157e-01	7.539117724525520314e-01	6.465061435897290210e-01	6.886058299585590126e-01	6.866324645723259623e-01	6.549255466898015188e-01	6.549255466898015188e-01	6.996850521753269492e-01	6.563233687651189863e-01	6.307028392668130312e-01	6.549255466898015188e-01	6.787493362244709783e-01	6.549255466898015188e-01	6.324204332913280213e-01	6.722109650260910119e-01	6.549255466898015188e-01	6.549255466898015188e-01	6.549255466898015188e-01	6.549255466898015188e-01	6.549255466898015188e-01	6.345635858796889739e-01	6.450624962626000380e-01	6.780300914618709873e-01	6.549255466898015188e-01	6.766944724881569506e-01	6.306895503718019658e-01	5.923087967320550540e-01	6.549255466898015188e-01	6.523361339070510301e-01	6.341025393028429935e-01	6.587014400793019808e-01	6.549255466898015188e-01	6.332534235200859563e-01	6.364381672300130077e-01	6.681775041425800366e-01	6.255852271660350405e-01	6.549255466898015188e-01	6.549255466898015188e-01	6.156686491587830545e-01	6.549255466898015188e-01	6.748896023814699996e-01	6.643337402163740357e-01	6.319256089304780000e-01	6.417480548139390395e-01	6.260168925447490151e-01	6.572959133101109463e-01	6.432787315097050485e-01	6.727214364832160287e-01	6.549255466898015188e-01	6.549255466898015188e-01	7.162407051228919519e-01	6.275587857359320454e-01	6.549255466898015188e-01	6.549255466898015188e-01	6.883971248085279937e-01	6.549255466898015188e-01	6.549255466898015188e-01	6.549255466898015188e-01	6.549255466898015188e-01	6.375005770950620265e-01	6.549255466898015188e-01	6.549255466898015188e-01	6.549255466898015188e-01	6.464751014706280330e-01	6.549255466898015188e-01	6.214798598960940001e-01	5.871733401258499851e-01	5.867217742425929750e-01	6.549255466898015188e-01	6.104304337934739477e-01	6.549255466898015188e-01	6.549255466898015188e-01	6.221104393504059971e-01	6.549255466898015188e-01	6.326847208715989934e-01	6.549255466898015188e-01	6.549255466898015188e-01	6.549255466898015188e-01	6.223723438114350248e-01	6.549255466898015188e-01	6.549255466898015188e-01	6.479252428542230380e-01	6.549255466898015188e-01	6.380643324580800302e-01	6.844449262349799890e-01	6.996293465748160134e-01	6.549255466898015188e-01	6.549255466898015188e-01	6.927096127790830504e-01	7.073311819617850160e-01	6.549255466898015188e-01	7.027203374399020319e-01	6.549255466898015188e-01	6.549255466898015188e-01	6.549255466898015188e-01	6.923714075868959705e-01	6.549255466898015188e-01	6.549255466898015188e-01
6.549255466898015188e-01	6.549255466898015188e-01	7.019715568457179922e-01	6.549255466898015188e-01	7.152173251115210295e-01	6.549255466898015188e-01	6.549255466898015188e-01	7.463781274849400349e-01	6.549255466898015188e-01	1.000000000000000000e+00	7.119785354403620481e-01	6.968772865917159942e-01	6.549255466898015188e-01	6.549255466898015188e-01	6.847197629938800434e-01	6.549255466898015188e-01	6.549255466898015188e-01	5.948779882406159958e-01	6.547387388354639626e-01	7.039527207961140398e-01	6.173468092146210395e-01	6.768170917989579927e-01	7.334014690602459474e-01	6.872121867658510519e-01	6.549255466898015188e-01	7.318404129914809486e-01	6.690917354938139550e-01	6.549255466898015188e-01	6.671745247626870157e-01	6.549255466898015188e-01	7.052326714825749576e-01	6.290636587633290366e-01	6.311645687743120403e-01	6.878599126168439826e-01	6.400473951915649495e-01	6.453965436095620012e-01	6.719160391240239782e-01	6.549255466898015188e-01	6.549255466898015188e-01	6.549255466898015188e-01	6.549255466898015188e-01	6.549255466898015188e-01	6.715634322433079451e-01	6.549255466898015188e-01	6.549255466898015188e-01	6.603790456835679779e-01	6.243562422195190198e-01	6.549255466898015188e-01	6.549255466898015188e-01	6.549255466898015188e-01	6.549255466898015188e-01	6.549255466898015188e-01	6.549255466898015188e-01	6.549255466898015188e-01	6.507249950221629664e-01	6.549255466898015188e-01	6.549255466898015188e-01	6.358195041129459657e-01	6.549255466898015188e-01	6.549255466898015188e-01	6.549255466898015188e-01	6.439131330831929789e-01	6.984755085243640194e-01	6.392441281959769794e-01	6.341203224446010367e-01	6.683608294582340514e-01	6.549255466898015188e-01	6.547645156169490388e-01	6.549255466898015188e-01	6.334306905455290293e-01	6.549255466898015188e-01	6.549255466898015188e-01	6.549255466898015188e-01	6.549255466898015188e-01	6.549255466898015188e-01	6.413617558016919684e-01	7.270245485183769452e-01	6.549255466898015188e-01	6.549255466898015188e-01	6.343977411388369569e-01	6.549255466898015188e-01	6.504007288838740131e-01	6.549255466898015188e-01	6.892128877560600442e-01	6.549255466898015188e-01	6.253878875402020254e-01	6.568213332212929911e-01	6.549255466898015188e-01	6.549255466898015188e-01	6.549255466898015188e-01	6.549255466898015188e-01	6.549255466898015188e-01	6.549255466898015188e-01	5.900955890630269485e-01	6.549255466898015188e-01	6.021742636173970098e-01	6.335824703111430090e-01	6.286859144833899515e-01	6.549255466898015188e-01	6.549255466898015188e-01	6.249053782245750366e-01	6.062438843873589889e-01	6.549255466898015188e-01	5.951357698760439963e-01	6.549255466898015188e-01	6.549255466898015188e-01	6.549255466898015188e-01	6.549255466898015188e-01	6.549255466898015188e-01	6.549255466898015188e-01	6.798672757692629798e-01	6.549255466898015188e-01	6.419712950657889827e-01	6.616028202610869657e-01	6.549255466898015188e-01	6.549255466898015188e-01	6.924468733397259879e-01	7.106047723088270152e-01	7.303913722529560282e-01	6.549255466898015188e-01	6.549255466898015188e-01	7.067554208401569671e-01	6.549255466898015188e-01	7.321859697751049723e-01
7.046713584866479696e-01	7.045032452873249973e-01	6.549255466898015188e-01	6.143026884895439466e-01	6.549255466898015188e-01	6.832696985185859884e-01	6.549255466898015188e-01	6.549255466898015188e-01	6.549255466898015188e-01	7.119785354403620481e-01	1.000000000000000000e+00	7.342883868852879692e-01	6.549255466898015188e-01	6.388596394656720356e-01	6.552287370770779606e-01	6.549255466898015188e-01	6.549255466898015188e-01	5.859156928141450171e-01	6.549255466898015188e-01	7.113889083366859989e-01	6.463817780773279953e-01	6.549255466898015188e-01	6.549255466898015188e-01	6.549255466898015188e-01	6.821186216644810063e-01	7.311711377386950206e-01	6.342290644766049867e-01	6.549255466898015188e-01	6.549255466898015188e-01	6.549255466898015188e-01	6.535314345323539609e-01	6.418900928551160012e-01	6.549255466898015188e-01	6.549255466898015188e-01	6.151098380928700093e-01	6.303450951349980347e-01	6.468773359456010397e-01	6.456737375082129970e-01	6.549255466898015188e-01	6.549255466898015188e-01	6.424370075481929954e-01	6.549255466898015188e-01	6.549255466898015188e-01	6.549255466898015188e-01	5.962169350536109524e-01	6.486107211441609621e-01	6.287894335661230460e-01	6.719698509881300019e-01	6.549255466898015188e-01	6.630371429024090046e-01	7.276505345204280495e-01	6.549255466898015188e-01	6.388268672439360030e-01	6.549255466898015188e-01	6.814705238454810132e-01	6.549255466898015188e-01	6.549255466898015188e-01	6.297011105573500078e-01	6.549255466898015188e-01	6.314164378499960151e-01	6.563364171476829823e-01	6.549255466898015188e-01	6.992998411090860511e-01	6.516340544669400048e-01	6.309546625814189680e-01	6.549255466898015188e-01	6.549255466898015188e-01	6.549255466898015188e-01	6.511702591023950104e-01	6.623917506034560088e-01	6.549255466898015188e-01	6.687392400191940478e-01	6.549255466898015188e-01	6.549255466898015188e-01	6.395281736805600303e-01	6.760851204268589765e-01	6.987426420658470194e-01	6.124940772397069466e-01	6.479357823244119574e-01	6.549255466898015188e-01	7.220860929555480423e-01	6.549255466898015188e-01	6.519479952902349496e-01	6.471954109196560445e-01	6.402051762217280118e-01	6.549255466898015188e-01	6.549255466898015188e-01	6.549255466898015188e-01	7.211045501502859612e-01	6.549255466898015188e-01	6.849364350276020419e-01	6.252613103934949734e-01	6.225405372426250361e-01	6.549255466898015188e-01	6.040894235651439459e-01	6.322443574719830428e-01	6.581812120126550036e-01	6.549255466898015188e-01	6.549255466898015188e-01	6.549255466898015188e-01	6.590233876098029464e-01	6.500668504324289554e-01	6.549255466898015188e-01	6.106056717776969789e-01	6.507491496267580056e-01	6.423457199340090185e-01	6.451370807884999614e-01	6.504031682639119794e-01	6.215848911253579745e-01	6.549255466898015188e-01	6.549255466898015188e-01	6.745813748127149623e-01	6.441656007984239984e-01	6.549255466898015188e-01	6.473687991419779797e-01	6.549255466898015188e-01	6.607579306237929551e-01	6.549255466898015188e-01	6.549255466898015188e-01	6.549255466898015188e-01	6.548193193170790405e-01	6.995333114522620521e-01	6.549255466898015188e-01	6.549255466898015188e-01
6.981417201675880202e-01	6.986344230269589950e-01	6.549255466898015188e-01	6.079186757486789716e-01	6.549255466898015188e-01	7.220451840098359719e-01	6.549255466898015188e-01	7.139963033549110438e-01	6.971862675536020237e-01	6.968772865917159942e-01	7.342883868852879692e-01	1.000000000000000000e+00	7.168669099648290466e-01	6.473781918683190195e-01	6.578573198002050093e-01	6.340221925223950006e-01	6.338248104386730031e-01	6.549255466898015188e-01	6.212468780168759475e-01	7.371830337682380163e-01	6.538620111187649631e-01	6.549255466898015188e-01	7.063780766026539482e-01	6.549255466898015188e-01	6.859397444254170528e-01	6.549255466898015188e-01	6.549255466898015188e-01	6.549255466898015188e-01	6.210980319424930229e-01	6.549255466898015188e-01	6.549255466898015188e-01	6.172836543697990397e-01	5.741318791052150150e-01	6.625476397827959607e-01	6.280585979319469603e-01	5.909881316315800381e-01	6.549255466898015188e-01	6.549255466898015188e-01	6.549255466898015188e-01	6.043224845253759581e-01	6.464264411507539831e-01	6.549255466898015188e-01	6.549255466898015188e-01	6.845170932693720456e-01	6.549255466898015188e-01	6.512430681733669680e-01	5.903631046262219906e-01	6.799279667074850098e-01	6.549255466898015188e-01	6.549255466898015188e-01	7.349902959964910165e-01	6.549255466898015188e-01	6.549255466898015188e-01	6.545874327066809606e-01	6.758955899719260030e-01	6.732002792342079989e-01	6.549255466898015188e-01	5.974319427267780203e-01	6.150139621931060008e-01	6.549255466898015188e-01	6.549255466898015188e-01	6.549255466898015188e-01	7.275108821357310074e-01	6.549255466898015188e-01	5.945935469313919919e-01	6.549255466898015188e-01	6.080813220968029897e-01	6.549255466898015188e-01	6.549255466898015188e-01	6.549255466898015188e-01	6.549255466898015188e-01	6.719814300339760349e-01	6.549255466898015188e-01	6.549255466898015188e-01	6.453583575137149531e-01	6.794164771332740216e-01	6.549255466898015188e-01	6.549255466898015188e-01	6.811165914052940140e-01	6.549255466898015188e-01	7.599161391711339864e-01	6.398885601450829963e-01	6.549255466898015188e-01	6.658349818027119449e-01	6.203154110094509788e-01	6.856662320874099548e-01	6.549255466898015188e-01	6.549255466898015188e-01	6.549255466898015188e-01	6.571442377921650202e-01	6.549255466898015188e-01	6.686437991390850044e-01	6.549255466898015188e-01	6.549255466898015188e-01	6.643456352354399908e-01	6.549255466898015188e-01	6.947839554653290062e-01	6.549255466898015188e-01	6.771994053765749699e-01	7.359177309289980373e-01	7.140931019496560284e-01	6.817135150201339977e-01	6.549255466898015188e-01	6.549255466898015188e-01	6.936148902776709813e-01	6.604113632522859989e-01	6.549255466898015188e-01	6.231466728366490404e-01	5.983345823417749454e-01	5.929823585294730082e-01	6.241029119107259771e-01	6.502165634635509450e-01	6.535158190241660003e-01	6.549255466898015188e-01	6.733318464885249544e-01	6.549255466898015188e-01	6.680991437477460382e-01	6.549255466898015188e-01	6.549255466898015188e-01	6.830017928549430017e-01	7.293689094229579561e-01	7.509838453029300531e-01	6.549255466898015188e-01	7.364608888703230161e-01
