1.000000000000309974e+00	7.442193542337409706e-01	4.929334617819600139e-01	5.732260642836739528e-01	5.829629340663730064e-01	4.929334617819600139e-01	6.225362558302960370e-01	5.742980196426890060e-01	4.929334617819600139e-01	4.929334617819600139e-01	4.929334617819600139e-01	4.929334617819600139e-01	4.929334617819600139e-01	4.929334617819600139e-01	4.929334617819600139e-01	5.620839078191279814e-01	4.908515817141009818e-01	4.929334617819600139e-01	4.929334617819600139e-01	4.929334617819600139e-01	5.868573644593350069e-01	4.929334617819600139e-01	5.329092573866479610e-01	4.929334617819600139e-01	4.929334617819600139e-01	6.332247073133679960e-01	4.929334617819600139e-01	5.292424888875210121e-01	4.929334617819600139e-01	4.996427256102179970e-01	5.988554473032170478e-01	5.803466625985099769e-01	6.346828400330399855e-01	6.549774271519219759e-01	4.870760429436319927e-01	6.178456240072009997e-01	4.929334617819600139e-01	4.929334617819600139e-01	4.765420334453759899e-01	5.472515834071239871e-01	4.492293906001499915e-01	5.105264852812230192e-01	5.816917713627099973e-01	4.564303422705400237e-01	4.929334617819600139e-01	4.929334617819600139e-01	4.929334617819600139e-01	4.929334617819600139e-01	4.929334617819600139e-01	5.615686217226849575e-01	4.929334617819600139e-01	4.929334617819600139e-01	5.250186747395809705e-01	4.232862175179509800e-01	4.929334617819600139e-01	6.456501501225130335e-01	4.929334617819600139e-01	4.929334617819600139e-01	4.929334617819600139e-01	4.929334617819600139e-01	4.929334617819600139e-01	4.929334617819600139e-01	4.929334617819600139e-01	4.639606103666650272e-01	4.224067791875290023e-01	5.438864644184959740e-01	5.485337562268609579e-01	4.929334617819600139e-01	4.649247237331239901e-01	4.929334617819600139e-01	4.929334617819600139e-01	4.929334617819600139e-01	5.785835217916750484e-01	6.492833463094389579e-01	4.929334617819600139e-01	4.929334617819600139e-01	6.407430698037870354e-01	6.230137326543060405e-01	4.929334617819600139e-01	4.929334617819600139e-01	4.929334617819600139e-01	4.929334617819600139e-01	4.929334617819600139e-01	5.749682970337669508e-01	4.529682109506210086e-01	4.442167167194649990e-01	4.929334617819600139e-01	4.929334617819600139e-01	8.159918135484800494e-01	5.415006130710009469e-01	4.929334617819600139e-01	5.850850081631440158e-01	4.412026906377909952e-01	4.218055407736089890e-01	4.006453089257169808e-01	4.929334617819600139e-01	4.929334617819600139e-01	4.929334617819600139e-01	5.074108687811590412e-01	5.471961330846899507e-01	4.929334617819600139e-01	4.929334617819600139e-01	4.929334617819600139e-01	4.929334617819600139e-01	4.929334617819600139e-01	4.504900087934859965e-01	4.929334617819600139e-01	5.490571721171799702e-01	4.929334617819600139e-01	4.929334617819600139e-01	6.177678758814829640e-01	4.929334617819600139e-01	5.643527259090620474e-01	6.010304139527530287e-01	6.279465248821579637e-01	7.426771477965999901e-01	8.055387664313180540e-01	4.929334617819600139e-01	4.929334617819600139e-01	4.929334617819600139e-01	4.929334617819600139e-01	4.929334617819600139e-01	6.586977308974040213e-01	6.083142174376410249e-01
7.442193542337409706e-01	1.000000000000069944e+00	6.988571224719539732e-01	4.929334617819600139e-01	5.436968779978870181e-01	5.260585428857840196e-01	4.929334617819600139e-01	5.128659589980260058e-01	4.929334617819600139e-01	5.051999875606200119e-01	4.929334617819600139e-01	4.896395743925600064e-01	5.305176235167660126e-01	4.929334617819600139e-01	4.929334617819600139e-01	5.261530397943250392e-01	3.917400638635060162e-01	4.929334617819600139e-01	4.821048969849829890e-01	4.929334617819600139e-01	4.850685112619860240e-01	4.929334617819600139e-01	4.986296578681779779e-01	4.929334617819600139e-01	4.931601345607219966e-01	5.628224264704190238e-01	5.505873792307930392e-01	5.075557567148260008e-01	3.159633708302390098e-01	4.929334617819600139e-01	4.929334617819600139e-01	4.929334617819600139e-01	4.929334617819600139e-01	4.929334617819600139e-01	3.988388807843120110e-01	5.649624162597269850e-01	4.464996515535959998e-01	4.929334617819600139e-01	4.929334617819600139e-01	5.017532641128840121e-01	4.929334617819600139e-01	4.929334617819600139e-01	4.929334617819600139e-01	4.929334617819600139e-01	4.929334617819600139e-01	4.120797845832939732e-01	4.929334617819600139e-01	4.929334617819600139e-01	4.929334617819600139e-01	5.067931314130630360e-01	4.929334617819600139e-01	4.929334617819600139e-01	4.929334617819600139e-01	4.929334617819600139e-01	4.270259116114529796e-01	5.267493769049059749e-01	3.590722746092629980e-01	4.929334617819600139e-01	4.929334617819600139e-01	3.344547729655290014e-01	5.431929660723300302e-01	4.654059277291690000e-01	4.929334617819600139e-01	3.774154409412029954e-01	4.929334617819600139e-01	4.929334617819600139e-01	4.929334617819600139e-01	4.450816209124079936e-01	4.214629597441679754e-01	4.929334617819600139e-01	4.107494712653109725e-01	4.929334617819600139e-01	5.053956188537630512e-01	5.599126785693320230e-01	4.929334617819600139e-01	3.662409232428309735e-01	4.929334617819600139e-01	4.929334617819600139e-01	4.982636116785399971e-01	4.929334617819600139e-01	5.528344789549130001e-01	3.907046765071710004e-01	3.901477304180709926e-01	4.712815014458450191e-01	4.929334617819600139e-01	3.644597544282329737e-01	4.929334617819600139e-01	4.929334617819600139e-01	7.616787075773500115e-01	4.929334617819600139e-01	5.507081110025060511e-01	4.860287400030789962e-01	3.703934312686740227e-01	3.651347001442329931e-01	4.929334617819600139e-01	5.066232308189480005e-01	5.782509370521869974e-01	3.576206243146040076e-01	4.929334617819600139e-01	5.227868085811330223e-01	4.929334617819600139e-01	4.929334617819600139e-01	4.929334617819600139e-01	3.664695533581480147e-01	3.360690953499830269e-01	4.156307432596180185e-01	5.523586644303409843e-01	4.929334617819600139e-01	4.216892168885579828e-01	3.951178842948749881e-01	5.579537795430630220e-01	4.929334617819600139e-01	4.929334617819600139e-01	5.477642229158810050e-01	5.454345108925430230e-01	6.577949906816450421e-01	4.929334617819600139e-01	4.929334617819600139e-01	6.670520405136870501e-01	5.187502111396490312e-01	5.884912752768509669e-01	5.716563076295420043e-01	5.726598740345000271e-01	5.535371849306389702e-01
4.929334617819600139e-01	6.988571224719539732e-01	1.000000000000089928e+00	5.428386331389559727e-01	4.929334617819600139e-01	4.929334617819600139e-01	5.976630444411999976e-01	4.929334617819600139e-01	4.929334617819600139e-01	4.945607041019660088e-01	4.929334617819600139e-01	4.929334617819600139e-01	4.929334617819600139e-01	5.111802161886159768e-01	4.929334617819600139e-01	5.587062810749949815e-01	5.436499222332410453e-01	5.949150455351249756e-01	4.929334617819600139e-01	4.881591460414470007e-01	5.912888072368599479e-01	4.929334617819600139e-01	4.929334617819600139e-01	4.886097928514629984e-01	4.929334617819600139e-01	6.168076084800799830e-01	4.929334617819600139e-01	4.929334617819600139e-01	4.929334617819600139e-01	5.060482004358599628e-01	4.929334617819600139e-01	5.919707007148240496e-01	4.929334617819600139e-01	6.116857608043100303e-01	4.929334617819600139e-01	5.866583220808250232e-01	4.929334617819600139e-01	4.929334617819600139e-01	4.734280367687199731e-01	4.827641203702179862e-01	4.802298248380060253e-01	4.929334617819600139e-01	4.929334617819600139e-01	4.929334617819600139e-01	4.929334617819600139e-01	4.996746462026310232e-01	4.929334617819600139e-01	5.261658327823169889e-01	5.028256488482190090e-01	4.929334617819600139e-01	6.546530327153390338e-01	4.929334617819600139e-01	4.909859475987680133e-01	4.178265586337029935e-01	4.929334617819600139e-01	6.681145296642050369e-01	4.929334617819600139e-01	3.429118403506830060e-01	4.826267983880609957e-01	3.444952776582069776e-01	4.955020198744510274e-01	4.929334617819600139e-01	6.402306465329340446e-01	4.929334617819600139e-01	4.929334617819600139e-01	5.028906326970860041e-01	4.929334617819600139e-01	4.943754243852639951e-01	4.929334617819600139e-01	4.929334617819600139e-01	4.236856040374110122e-01	4.929334617819600139e-01	4.929334617819600139e-01	6.126217402294980019e-01	4.929334617819600139e-01	3.188636802838890061e-01	4.929334617819600139e-01	4.929334617819600139e-01	4.929334617819600139e-01	4.929334617819600139e-01	6.211622007731399941e-01	4.187065768997160209e-01	4.929334617819600139e-01	4.929334617819600139e-01	4.929334617819600139e-01	4.929334617819600139e-01	4.929334617819600139e-01	6.148308460672059494e-01	4.929334617819600139e-01	4.929334617819600139e-01	5.178663267794449965e-01	4.929334617819600139e-01	4.335760419204319760e-01	4.002171680578989754e-01	3.622148585474260218e-01	6.243659568839919904e-01	5.891376469595269727e-01	3.465501305897319972e-01	4.929334617819600139e-01	4.929334617819600139e-01	6.048424081710930267e-01	4.929334617819600139e-01	3.935829327980679970e-01	4.929334617819600139e-01	4.929334617819600139e-01	4.929334617819600139e-01	4.929334617819600139e-01	4.929334617819600139e-01	4.080293252836619811e-01	4.650794547875179985e-01	5.742680047234339780e-01	5.944103581397790492e-01	5.476253373919920397e-01	5.431956042172749743e-01	6.002235209296139518e-01	4.929334617819600139e-01	4.929334617819600139e-01	7.886515207817329509e-01	7.557055367840910254e-01	4.929334617819600139e-01	4.929334617819600139e-01	6.016581081952749877e-01	4.929334617819600139e-01	4.929334617819600139e-01
5.732260642836739528e-01	4.929334617819600139e-01	5.428386331389559727e-01	9.999999999998450129e-01	4.929334617819600139e-01	5.114890128868889718e-01	4.929334617819600139e-01	4.929334617819600139e-01	4.929334617819600139e-01	4.929334617819600139e-01	5.477154248591250552e-01	4.929334617819600139e-01	4.929334617819600139e-01	4.929334617819600139e-01	1.000000000000000021e-03	4.929334617819600139e-01	4.288533659270710174e-01	6.024504190656699842e-01	4.929334617819600139e-01	4.929334617819600139e-01	5.431316168225299723e-01	4.929334617819600139e-01	4.929334617819600139e-01	6.101683973076019729e-01	4.929334617819600139e-01	5.592498298437520443e-01	6.212311376792619688e-01	5.576265002894520428e-01	4.000537837171390110e-01	4.751564095843249791e-01	4.929334617819600139e-01	5.109547044087150436e-01	4.929334617819600139e-01	4.929334617819600139e-01	4.929334617819600139e-01	4.929334617819600139e-01	4.929334617819600139e-01	4.929334617819600139e-01	4.605662025534930093e-01	5.907505885170729609e-01	4.929334617819600139e-01	4.929334617819600139e-01	5.409846619244880195e-01	4.929334617819600139e-01	4.929334617819600139e-01	4.668793340889780263e-01	4.929334617819600139e-01	4.929334617819600139e-01	6.712191027741220006e-01	4.929334617819600139e-01	4.929334617819600139e-01	5.771987510681959588e-01	5.214761800545230086e-01	4.929334617819600139e-01	4.929334617819600139e-01	4.929334617819600139e-01	4.266129142466250079e-01	4.929334617819600139e-01	4.929334617819600139e-01	4.929334617819600139e-01	4.929334617819600139e-01	4.929334617819600139e-01	5.404124768164689785e-01	4.929334617819600139e-01	3.538016840042699784e-01	4.929334617819600139e-01	4.929334617819600139e-01	5.421332645153540408e-01	4.929334617819600139e-01	4.929334617819600139e-01	4.601139663255299772e-01	4.929334617819600139e-01	4.929334617819600139e-01	6.292568258079149768e-01	6.039392695367820085e-01	4.929334617819600139e-01	5.340810451775369616e-01	5.970294411868439788e-01	5.272521743114150228e-01	4.929334617819600139e-01	4.929334617819600139e-01	4.198318259706890210e-01	4.929334617819600139e-01	4.929334617819600139e-01	4.929334617819600139e-01	4.929334617819600139e-01	5.172497930143450384e-01	6.048222215790519662e-01	4.929334617819600139e-01	4.929334617819600139e-01	4.929334617819600139e-01	5.513602498203680202e-01	4.929334617819600139e-01	4.929334617819600139e-01	4.041127456404430274e-01	5.762430704003359550e-01	4.929334617819600139e-01	4.929334617819600139e-01	5.488069894450440245e-01	5.672591618361689791e-01	5.359003519004460481e-01	4.929334617819600139e-01	4.929334617819600139e-01	4.974512661420760207e-01	4.929334617819600139e-01	4.726670675454400228e-01	5.891403323271809933e-01	4.929334617819600139e-01	4.929334617819600139e-01	4.929334617819600139e-01	4.929334617819600139e-01	5.464323156802569637e-01	5.416050649003369966e-01	5.905293722685840407e-01	4.929334617819600139e-01	4.929334617819600139e-01	5.904229432155579937e-01	5.723802752753639478e-01	5.784361448205049827e-01	4.890804943896490120e-01	4.929334617819600139e-01	4.929334617819600139e-01	5.330474899054670201e-01	4.929334617819600139e-01
5.829629340663730064e-01	5.436968779978870181e-01	4.929334617819600139e-01	4.929334617819600139e-01	9.999999999998030464e-01	4.929334617819600139e-01	6.337085378434470506e-01	5.659940643448010400e-01	5.582216028371510541e-01	5.993460592447860114e-01	6.141998288188880162e-01	5.513993687010579903e-01	5.369591691454620452e-01	4.929334617819600139e-01	4.929334617819600139e-01	4.929334617819600139e-01	3.660639431099029784e-01	4.929334617819600139e-01	4.929334617819600139e-01	4.929334617819600139e-01	4.929334617819600139e-01	4.369036561860979995e-01	5.680235550076450091e-01	4.929334617819600139e-01	4.929334617819600139e-01	4.929334617819600139e-01	5.381116733274460273e-01	5.786049386885410151e-01	4.929334617819600139e-01	3.852111440035940193e-01	4.929334617819600139e-01	4.929334617819600139e-01	4.929334617819600139e-01	5.790741426701560002e-01	4.929334617819600139e-01	4.929334617819600139e-01	4.929334617819600139e-01	5.564285922083429536e-01	3.746991636603659859e-01	4.929334617819600139e-01	4.929334617819600139e-01	5.477161912679640032e-01	4.776772761634199838e-01	4.013685080325680166e-01	4.929334617819600139e-01	4.929334617819600139e-01	3.632898079618789855e-01	4.929334617819600139e-01	5.371614514332010426e-01	4.967247223807290113e-01	5.307713564532999806e-01	4.929334617819600139e-01	4.562931717899900153e-01	4.929334617819600139e-01	4.929334617819600139e-01	4.861907038882080090e-01	4.929334617819600139e-01	4.464001489487859908e-01	4.060255302661530119e-01	3.490930428852029865e-01	5.657097229881310474e-01	4.351848128273099747e-01	6.241815423086689574e-01	4.929334617819600139e-01	3.044582695295829922e-01	5.190659795090639683e-01	4.472633275905250061e-01	4.396968080566739934e-01	4.929334617819600139e-01	2.961521820713060027e-01	4.059322639047249770e-01	4.929334617819600139e-01	5.001356175472789767e-01	5.421211426717440496e-01	5.041058322073279641e-01	4.929334617819600139e-01	4.929334617819600139e-01	5.483066605213440248e-01	4.643402352823269852e-01	5.007222177221910542e-01	4.929334617819600139e-01	3.936416102075649959e-01	4.929334617819600139e-01	4.929334617819600139e-01	3.324117370590269904e-01	3.394162999973620032e-01	4.508152666011450149e-01	4.929334617819600139e-01	4.929334617819600139e-01	4.832516748004559992e-01	5.440915725492719845e-01	4.929334617819600139e-01	4.929334617819600139e-01	3.517769553420049822e-01	3.871596752388100082e-01	4.967986186280379801e-01	5.632002028369520463e-01	3.784895560965290118e-01	4.929334617819600139e-01	4.929334617819600139e-01	5.673495323252050193e-01	4.929334617819600139e-01	3.385345513741719881e-01	4.929334617819600139e-01	3.051756131235159875e-01	4.929334617819600139e-01	5.690123302582159592e-01	4.929334617819600139e-01	4.501854209326189848e-01	4.929334617819600139e-01	4.929334617819600139e-01	4.698473409381139776e-01	4.929334617819600139e-01	5.632004749906750485e-01	4.929334617819600139e-01	4.929334617819600139e-01	4.929334617819600139e-01	4.929334617819600139e-01	5.890839700061050177e-01	4.929334617819600139e-01	6.454837071448089603e-01	4.929334617819600139e-01	4.929334617819600139e-01	4.929334617819600139e-01
4.929334617819600139e-01	5.260585428857840196e-01	4.929334617819600139e-01	5.114890128868889718e-01	4.929334617819600139e-01	1.000000000000039968e+00	5.855825695886179849e-01	5.223153104889539655e-01	4.929334617819600139e-01	4.929334617819600139e-01	4.929334617819600139e-01	3.932483226984179736e-01	5.633072283718989492e-01	4.929334617819600139e-01	1.000000000000000021e-03	4.762024422200120122e-01	4.929334617819600139e-01	4.929334617819600139e-01	4.593334437921670066e-01	4.353714853003500251e-01	4.929334617819600139e-01	3.134291043668360199e-01	4.344268920829850167e-01	4.929334617819600139e-01	4.929334617819600139e-01	5.533617586477479477e-01	5.077826498263869892e-01	4.929334617819600139e-01	2.301765920353009975e-01	4.929334617819600139e-01	4.929334617819600139e-01	4.929334617819600139e-01	4.929334617819600139e-01	4.929334617819600139e-01	4.929334617819600139e-01	4.929334617819600139e-01	4.945495773102069892e-01	5.269009892448229815e-01	4.929334617819600139e-01	4.435745304394059785e-01	4.332338132846009771e-01	4.422860304936530040e-01	5.566890690542960485e-01	4.047803635622099772e-01	4.929334617819600139e-01	4.815407835972569939e-01	4.929334617819600139e-01	4.929334617819600139e-01	4.831502431011889809e-01	4.541417809398770045e-01	5.908919528210569982e-01	4.929334617819600139e-01	4.929334617819600139e-01	3.771799576846889823e-01	4.644473612905820059e-01	6.060400523790889782e-01	2.988289818311279933e-01	4.929334617819600139e-01	4.929334617819600139e-01	3.176858318546280091e-01	4.479736929642250121e-01	4.929334617819600139e-01	4.929334617819600139e-01	4.304206054162559858e-01	3.931779303144449789e-01	4.562234591059949884e-01	4.929334617819600139e-01	4.697518312564569753e-01	4.069764317462850056e-01	3.803526605967270102e-01	4.929334617819600139e-01	4.929334617819600139e-01	5.322473346077689627e-01	5.629583030666830412e-01	4.929334617819600139e-01	4.929334617819600139e-01	5.871581468877019594e-01	4.929334617819600139e-01	4.929334617819600139e-01	4.929334617819600139e-01	4.929334617819600139e-01	3.805715997444290011e-01	4.929334617819600139e-01	5.709056383602519880e-01	4.929334617819600139e-01	4.929334617819600139e-01	4.929334617819600139e-01	4.929334617819600139e-01	6.061079228732280111e-01	4.316261771116650103e-01	4.929334617819600139e-01	4.929334617819600139e-01	4.929334617819600139e-01	3.592688619742769873e-01	4.929334617819600139e-01	4.929334617819600139e-01	4.929334617819600139e-01	3.055123557926319733e-01	4.445538823309669874e-01	4.929334617819600139e-01	4.929334617819600139e-01	4.929334617819600139e-01	4.929334617819600139e-01	2.885460600221200211e-01	4.929334617819600139e-01	4.929334617819600139e-01	4.929334617819600139e-01	4.929334617819600139e-01	4.025108469341779904e-01	4.929334617819600139e-01	4.994107295532930202e-01	4.929334617819600139e-01	4.929334617819600139e-01	5.094419164159089686e-01	4.929334617819600139e-01	4.929334617819600139e-01	6.128147017959669762e-01	6.172274275328939463e-01	6.130359685750800258e-01	4.931566671923839906e-01	5.669497648619069574e-01	5.322972170817119597e-01	5.703349565308080127e-01	4.929334617819600139e-01
6.225362558302960370e-01	4.929334617819600139e-01	5.976630444411999976e-01	4.929334617819600139e-01	6.337085378434470506e-01	5.855825695886179849e-01	1.000000000000049960e+00	4.929334617819600139e-01	4.929334617819600139e-01	4.929334617819600139e-01	4.929334617819600139e-01	5.124516262789809984e-01	4.929334617819600139e-01	4.929334617819600139e-01	4.929334617819600139e-01	4.929334617819600139e-01	4.444435603561109893e-01	4.929334617819600139e-01	4.887348683901849844e-01	5.760614641816840242e-01	5.132273503897120115e-01	3.908199173146960081e-01	6.231339761964039825e-01	4.929334617819600139e-01	5.861950723879220115e-01	6.417764591422270293e-01	4.929334617819600139e-01	4.929334617819600139e-01	4.929334617819600139e-01	4.929334617819600139e-01	4.929334617819600139e-01	5.307883718613749524e-01	5.470896082975219565e-01	6.244950026231560480e-01	4.284930062508550130e-01	4.929334617819600139e-01	4.929334617819600139e-01	5.715539568445290319e-01	4.929334617819600139e-01	4.929334617819600139e-01	3.890932445831309927e-01	6.318686906622430488e-01	5.358340787570500252e-01	4.929334617819600139e-01	5.712598558429800022e-01	4.929334617819600139e-01	4.038036241619180067e-01	4.564793465081100066e-01	4.929334617819600139e-01	4.929334617819600139e-01	5.719194858650440416e-01	4.929334617819600139e-01	4.929334617819600139e-01	3.765597437648570134e-01	4.645863529454259955e-01	4.929334617819600139e-01	4.929334617819600139e-01	4.929334617819600139e-01	4.929334617819600139e-01	4.929334617819600139e-01	5.423376471186529546e-01	4.929334617819600139e-01	4.929334617819600139e-01	4.052115063873110157e-01	4.929334617819600139e-01	5.177341289067709518e-01	4.929334617819600139e-01	4.863219397566639901e-01	4.592671740554170046e-01	3.492016578967219731e-01	4.929334617819600139e-01	4.124732862728670013e-01	4.929334617819600139e-01	5.643546092895329602e-01	4.929334617819600139e-01	4.929334617819600139e-01	4.929334617819600139e-01	5.711096169241040021e-01	4.929334617819600139e-01	4.929334617819600139e-01	6.680289273866379940e-01	4.096331292369240207e-01	3.805622419354309782e-01	4.929334617819600139e-01	3.886337443372350209e-01	3.986041125254319861e-01	4.929334617819600139e-01	5.938622711634440332e-01	4.929334617819600139e-01	4.761677470302310144e-01	5.264930407845209714e-01	4.929334617819600139e-01	4.929334617819600139e-01	4.929334617819600139e-01	3.829684128199200011e-01	4.929334617819600139e-01	4.929334617819600139e-01	3.658787415487779748e-01	4.929334617819600139e-01	4.929334617819600139e-01	4.929334617819600139e-01	4.929334617819600139e-01	3.690995071042220133e-01	3.767744057556869919e-01	3.544461947994019813e-01	4.929334617819600139e-01	4.929334617819600139e-01	4.929334617819600139e-01	4.584014763220630173e-01	4.929334617819600139e-01	4.929334617819600139e-01	5.351119334984449916e-01	5.044709104875889638e-01	4.929334617819600139e-01	4.929334617819600139e-01	6.190287006146000248e-01	6.210790215332100406e-01	4.929334617819600139e-01	6.304952239977209549e-01	4.929334617819600139e-01	6.290613699906290046e-01	6.088574441391899628e-01	5.896349040108049833e-01	4.929334617819600139e-01
5.742980196426890060e-01	5.128659589980260058e-01	4.929334617819600139e-01	4.929334617819600139e-01	5.659940643448010400e-01	5.223153104889539655e-01	4.929334617819600139e-01	9.999999999999209521e-01	6.936967295000909806e-01	4.929334617819600139e-01	5.221201776558059837e-01	4.593709486081379856e-01	5.319914057766269577e-01	4.369648553967280247e-01	1.000000000000000021e-03	5.088318808658840453e-01	4.418431870621810087e-01	5.133936208171500093e-01	4.321668265495610117e-01	5.099223907412290258e-01	4.950270183602170082e-01	3.343863870360039847e-01	5.980554820015220319e-01	4.503296800495459884e-01	5.962696051890400417e-01	5.824645787783360174e-01	4.929334617819600139e-01	4.929334617819600139e-01	2.487853114970960122e-01	4.929334617819600139e-01	4.929334617819600139e-01	4.860021456925640027e-01	5.203527562950710506e-01	4.929334617819600139e-01	3.896923803496150085e-01	4.929334617819600139e-01	4.401846822560859795e-01	4.929334617819600139e-01	4.929334617819600139e-01	4.343367338169670244e-01	3.712308326145249970e-01	4.929334617819600139e-01	5.371027109897099638e-01	4.929334617819600139e-01	4.929334617819600139e-01	4.601835147649340207e-01	3.612832808819639863e-01	4.929334617819600139e-01	4.661452790605800089e-01	4.554986979349500142e-01	5.753104084713680511e-01	4.929334617819600139e-01	4.929334617819600139e-01	3.421225289017100213e-01	4.929334617819600139e-01	5.259168508996500124e-01	4.929334617819600139e-01	3.252648026895260114e-01	4.929334617819600139e-01	2.969464148995760167e-01	4.642072147168950225e-01	4.929334617819600139e-01	4.929334617819600139e-01	4.929334617819600139e-01	4.929334617819600139e-01	4.929334617819600139e-01	4.627658481492489817e-01	4.334796514988890070e-01	4.929334617819600139e-01	4.929334617819600139e-01	3.678702438627159954e-01	3.733759931187780046e-01	4.743890175226950223e-01	4.929334617819600139e-01	4.929334617819600139e-01	3.108037075181009912e-01	4.929334617819600139e-01	5.077353521000510517e-01	4.929334617819600139e-01	4.929334617819600139e-01	6.497529216780979500e-01	4.929334617819600139e-01	4.929334617819600139e-01	4.929334617819600139e-01	4.929334617819600139e-01	4.929334617819600139e-01	4.929334617819600139e-01	4.929334617819600139e-01	5.633646825120149915e-01	4.297911624418729870e-01	4.597664171249570275e-01	4.929334617819600139e-01	3.404305277692299958e-01	4.929334617819600139e-01	4.929334617819600139e-01	4.929334617819600139e-01	5.353187018603530190e-01	4.929334617819600139e-01	4.235609081792829911e-01	4.929334617819600139e-01	5.993476586830700503e-01	4.929334617819600139e-01	4.929334617819600139e-01	3.054331057554099949e-01	4.929334617819600139e-01	4.929334617819600139e-01	4.929334617819600139e-01	4.766232859516609799e-01	3.841555918830539817e-01	4.929334617819600139e-01	5.095076813491710155e-01	4.929334617819600139e-01	4.929334617819600139e-01	4.929334617819600139e-01	5.220640003534740003e-01	4.929334617819600139e-01	4.929334617819600139e-01	4.929334617819600139e-01	4.929334617819600139e-01	4.929334617819600139e-01	5.672111577252949566e-01	5.788076046234209571e-01	5.409051716335649962e-01	4.929334617819600139e-01
4.929334617819600139e-01	4.929334617819600139e-01	4.929334617819600139e-01	4.929334617819600139e-01	5.582216028371510541e-01	4.929334617819600139e-01	4.929334617819600139e-01	6.936967295000909806e-01	1.000000000000270006e+00	4.929334617819600139e-01	4.886518334662440233e-01	4.929334617819600139e-01	4.929334617819600139e-01	4.929334617819600139e-01	4.929334617819600139e-01	4.929334617819600139e-01	5.421316273573719702e-01	5.828819371286210194e-01	4.929334617819600139e-01	4.929334617819600139e-01	5.966452453828939850e-01	3.266277996527959804e-01	5.465617292855290410e-01	4.929334617819600139e-01	5.830646989322929574e-01	6.016046680143110059e-01	4.929334617819600139e-01	4.929334617819600139e-01	4.929334617819600139e-01	5.156891430579589874e-01	4.929334617819600139e-01	5.247295189709679786e-01	4.929334617819600139e-01	4.929334617819600139e-01	4.929334617819600139e-01	4.929334617819600139e-01	5.029796556689749565e-01	4.929334617819600139e-01	4.929334617819600139e-01	4.929334617819600139e-01	4.929334617819600139e-01	4.929334617819600139e-01	6.065572007781639963e-01	4.929334617819600139e-01	4.929334617819600139e-01	5.234762105826900047e-01	4.230479081228509797e-01	4.945081567728030203e-01	4.756881215420660225e-01	4.929334617819600139e-01	6.164962765773139841e-01	4.929334617819600139e-01	4.540653897672909944e-01	4.929334617819600139e-01	4.582437567140020263e-01	4.929334617819600139e-01	4.929334617819600139e-01	4.929334617819600139e-01	4.521040302258290122e-01	3.227972438130949917e-01	4.425805055021400092e-01	4.929334617819600139e-01	5.872737660701520257e-01	4.351487291815859804e-01	4.176519474656280040e-01	4.929334617819600139e-01	5.353963063701130398e-01	4.928291565002679842e-01	4.218773945271129810e-01	4.929334617819600139e-01	4.929334617819600139e-01	4.929334617819600139e-01	5.065291431432920044e-01	5.558519997729309825e-01	5.486751646205919597e-01	3.023714429543880033e-01	4.929334617819600139e-01	4.929334617819600139e-01	5.182984932772529696e-01	4.929334617819600139e-01	4.929334617819600139e-01	3.884421157025489957e-01	3.896310968101939776e-01	4.929334617819600139e-01	4.373732700446750221e-01	4.929334617819600139e-01	4.929334617819600139e-01	4.929334617819600139e-01	4.929334617819600139e-01	4.511607295350920088e-01	4.929334617819600139e-01	5.455375024065509670e-01	4.929334617819600139e-01	3.793520273960029887e-01	3.328552686229109825e-01	5.867478559677790084e-01	4.929334617819600139e-01	3.222003256764029988e-01	4.929334617819600139e-01	4.664858570428579987e-01	6.078573242593450221e-01	4.929334617819600139e-01	3.754456831519210058e-01	2.921405571734809747e-01	4.929334617819600139e-01	4.929334617819600139e-01	4.929334617819600139e-01	4.929334617819600139e-01	4.031997132569020148e-01	4.929334617819600139e-01	5.238469216514010096e-01	6.060311489321239531e-01	5.465593948804200464e-01	4.929334617819600139e-01	4.929334617819600139e-01	4.929334617819600139e-01	5.866315283253450419e-01	4.929334617819600139e-01	4.929334617819600139e-01	5.205192644716919448e-01	5.735541403568390484e-01	4.929334617819600139e-01	5.842857797958550536e-01	4.929334617819600139e-01
4.929334617819600139e-01	5.051999875606200119e-01	4.945607041019660088e-01	4.929334617819600139e-01	5.993460592447860114e-01	4.929334617819600139e-01	4.929334617819600139e-01	4.929334617819600139e-01	4.929334617819600139e-01	1.000000000000140110e+00	4.929334617819600139e-01	4.929334617819600139e-01	4.929334617819600139e-01	4.929334617819600139e-01	4.929334617819600139e-01	4.879583871502369830e-01	3.436058252008519776e-01	4.649595293823299835e-01	4.918661604867219928e-01	5.825059342450560340e-01	4.362934041744159774e-01	4.929334617819600139e-01	5.421622978820670458e-01	5.149779199346179448e-01	5.288372909820380219e-01	6.443423188243999622e-01	4.929334617819600139e-01	4.929334617819600139e-01	4.929334617819600139e-01	3.619675520814920056e-01	5.044827783965110113e-01	4.114882690910440233e-01	4.554623868471049941e-01	4.929334617819600139e-01	3.891073957811509998e-01	5.341596184836110428e-01	4.929334617819600139e-01	4.929334617819600139e-01	4.929334617819600139e-01	4.929334617819600139e-01	3.209166677122790023e-01	4.929334617819600139e-01	4.714381304376180082e-01	4.929334617819600139e-01	4.929334617819600139e-01	4.929334617819600139e-01	3.937831068607309803e-01	4.929334617819600139e-01	5.190186463369940162e-01	4.929334617819600139e-01	4.929334617819600139e-01	4.929334617819600139e-01	5.036762814144010170e-01	3.580648243287130050e-01	4.174085150248070253e-01	4.929334617819600139e-01	4.286603015893299951e-01	4.929334617819600139e-01	4.208132699176549973e-01	3.711745832926829913e-01	5.604590703798909557e-01	4.929334617819600139e-01	5.429476628727269993e-01	3.858176477942690252e-01	3.373928481790089973e-01	5.412699738224510115e-01	4.929334617819600139e-01	4.929334617819600139e-01	4.535975333627609851e-01	3.020968390472910103e-01	4.402103918984690001e-01	3.531289136482049784e-01	4.929334617819600139e-01	5.252199717115659805e-01	4.929334617819600139e-01	4.110717777725549915e-01	5.098129456918389923e-01	5.141033662334409948e-01	4.929334617819600139e-01	4.929334617819600139e-01	4.929334617819600139e-01	4.053999027253489817e-01	4.058588410072320185e-01	4.929334617819600139e-01	4.929334617819600139e-01	4.929334617819600139e-01	5.086781691863989652e-01	4.929334617819600139e-01	5.328014261373860139e-01	4.929334617819600139e-01	4.929334617819600139e-01	4.929334617819600139e-01	4.929334617819600139e-01	4.929334617819600139e-01	3.732372087323210241e-01	4.368673992339450196e-01	4.929334617819600139e-01	4.929334617819600139e-01	4.929334617819600139e-01	4.929334617819600139e-01	4.929334617819600139e-01	4.929334617819600139e-01	4.929334617819600139e-01	4.249132660299830277e-01	3.268742902330850075e-01	4.929334617819600139e-01	4.929334617819600139e-01	4.473480435881360129e-01	4.929334617819600139e-01	4.074980613587370071e-01	5.671304982395060090e-01	4.929334617819600139e-01	4.929334617819600139e-01	4.929334617819600139e-01	4.929334617819600139e-01	4.929334617819600139e-01	5.356625931246510319e-01	5.147485482233450371e-01	4.929334617819600139e-01	4.929334617819600139e-01	4.929334617819600139e-01	5.441424040476799950e-01	4.929334617819600139e-01	5.226320905459910238e-01
4.929334617819600139e-01	4.929334617819600139e-01	4.929334617819600139e-01	5.477154248591250552e-01	6.141998288188880162e-01	4.929334617819600139e-01	4.929334617819600139e-01	5.221201776558059837e-01	4.886518334662440233e-01	4.929334617819600139e-01	9.999999999999820144e-01	4.929334617819600139e-01	4.929334617819600139e-01	4.929334617819600139e-01	4.929334617819600139e-01	5.243082355266760475e-01	3.310979081190699724e-01	4.929334617819600139e-01	4.929334617819600139e-01	4.929334617819600139e-01	4.929334617819600139e-01	4.986611452359199781e-01	4.929334617819600139e-01	4.929334617819600139e-01	5.467153452262150104e-01	4.929334617819600139e-01	4.929334617819600139e-01	4.929334617819600139e-01	4.022795187117029769e-01	4.929334617819600139e-01	4.929334617819600139e-01	4.585099000125090196e-01	4.929334617819600139e-01	5.562745536037140281e-01	4.929334617819600139e-01	5.524545372543899768e-01	4.929334617819600139e-01	4.929334617819600139e-01	4.929334617819600139e-01	4.929334617819600139e-01	3.076061413844750070e-01	4.929334617819600139e-01	4.591871773760130004e-01	3.970701303819509920e-01	4.974319120412870054e-01	4.929334617819600139e-01	3.692262936791509964e-01	3.881342276445909900e-01	4.929334617819600139e-01	5.197756003835279914e-01	5.305557654833279457e-01	4.851658834622309957e-01	4.929334617819600139e-01	3.360794293169980240e-01	4.189145006425369910e-01	4.929334617819600139e-01	4.161979109084680273e-01	4.929334617819600139e-01	4.929334617819600139e-01	4.929334617819600139e-01	5.791012884597029897e-01	4.929334617819600139e-01	4.929334617819600139e-01	3.675014634703370198e-01	3.064392138780919761e-01	5.354232760897770227e-01	4.929334617819600139e-01	4.929334617819600139e-01	4.929334617819600139e-01	2.841582492501389945e-01	4.159318362268800140e-01	4.929334617819600139e-01	4.929334617819600139e-01	4.929334617819600139e-01	4.912530190771480232e-01	4.391498627923899889e-01	5.635652571638609665e-01	5.281359241037769658e-01	4.596349313706259987e-01	4.929334617819600139e-01	6.039456113227410494e-01	4.049707268695900142e-01	3.734266314874229997e-01	3.990390433629389944e-01	4.929334617819600139e-01	4.929334617819600139e-01	4.929334617819600139e-01	5.562847575270589706e-01	4.929334617819600139e-01	4.999063658529609988e-01	5.485451154094710402e-01	4.929334617819600139e-01	3.253079551618350274e-01	4.929334617819600139e-01	4.929334617819600139e-01	4.929334617819600139e-01	4.929334617819600139e-01	3.989011597128049869e-01	4.560884433471960042e-01	4.929334617819600139e-01	6.125403799279179884e-01	4.929334617819600139e-01	4.929334617819600139e-01	4.929334617819600139e-01	3.017537422996139918e-01	4.356527808351590147e-01	4.929334617819600139e-01	4.929334617819600139e-01	4.929334617819600139e-01	3.845949771668180084e-01	4.929334617819600139e-01	4.929334617819600139e-01	4.929334617819600139e-01	4.929334617819600139e-01	5.153925220313160249e-01	4.929334617819600139e-01	5.688328415676819905e-01	5.598451796117549506e-01	5.649526059526229771e-01	5.469174938942029662e-01	5.994896886393129565e-01	4.929334617819600139e-01	5.393693826814399683e-01	5.597345426040120087e-01
4.929334617819600139e-01	4.896395743925600064e-01	4.929334617819600139e-01	4.929334617819600139e-01	5.513993687010579903e-01	3.932483226984179736e-01	5.124516262789809984e-01	4.593709486081379856e-01	4.929334617819600139e-01	4.929334617819600139e-01	4.929334617819600139e-01	1.000000000000089928e+00	4.612974807767249996e-01	4.929334617819600139e-01	1.000000000000000021e-03	4.929334617819600139e-01	2.782985162710159832e-01	4.014400150335720174e-01	4.929334617819600139e-01	5.564930364263569462e-01	3.482687177755600105e-01	4.602276011104409759e-01	4.929334617819600139e-01	4.929334617819600139e-01	4.929334617819600139e-01	5.354111111484249896e-01	4.929334617819600139e-01	4.929334617819600139e-01	4.148469533560880107e-01	3.059328906798789993e-01	4.391429832988730242e-01	4.208622302845480001e-01	3.993513762591759941e-01	4.929334617819600139e-01	4.929334617819600139e-01	4.707565192882759986e-01	3.829569074075460100e-01	4.929334617819600139e-01	3.300963436857859978e-01	4.929334617819600139e-01	2.697383576784300185e-01	4.929334617819600139e-01	4.929334617819600139e-01	4.929334617819600139e-01	4.360945137025210028e-01	3.479965404017190123e-01	3.341107220705760161e-01	3.487768026975560098e-01	4.929334617819600139e-01	4.929334617819600139e-01	4.929334617819600139e-01	4.621345856698260146e-01	4.929334617819600139e-01	3.210733347084009925e-01	4.929334617819600139e-01	3.966785278694350270e-01	4.929334617819600139e-01	4.716511413396560215e-01	4.929334617819600139e-01	3.522363633947209749e-01	5.632745982092689507e-01	4.242913856914750093e-01	6.311655067191790369e-01	3.268869150193680073e-01	2.564674113811890033e-01	4.929334617819600139e-01	4.929334617819600139e-01	4.929334617819600139e-01	4.159905890783510141e-01	2.525451693909500084e-01	4.929334617819600139e-01	3.301099184399849951e-01	4.597487492485070049e-01	4.857398258443699768e-01	4.385441962242129788e-01	4.929334617819600139e-01	5.881684094679140440e-01	4.929334617819600139e-01	4.929334617819600139e-01	4.564398092672680152e-01	5.091056649359719799e-01	4.929334617819600139e-01	3.214316661451310231e-01	4.929334617819600139e-01	2.893124257334470095e-01	4.929334617819600139e-01	4.177812849764779846e-01	5.133672264572870514e-01	4.929334617819600139e-01	4.929334617819600139e-01	5.023508419157249882e-01	3.968914723135690270e-01	4.929334617819600139e-01	3.333953275688020246e-01	3.916396068035750133e-01	4.078446181634540202e-01	4.929334617819600139e-01	4.929334617819600139e-01	4.349015891344409912e-01	4.885605280111129933e-01	4.894514809997400073e-01	4.929334617819600139e-01	4.929334617819600139e-01	4.929334617819600139e-01	4.929334617819600139e-01	4.929334617819600139e-01	4.929334617819600139e-01	3.412249075456300074e-01	4.929334617819600139e-01	3.472503571469520156e-01	4.991715518919410122e-01	4.929334617819600139e-01	3.892099141960659869e-01	4.929334617819600139e-01	4.929334617819600139e-01	4.929334617819600139e-01	4.929334617819600139e-01	4.929334617819600139e-01	4.929334617819600139e-01	5.577662371020869481e-01	6.274216912984019734e-01	4.929334617819600139e-01	4.929334617819600139e-01	5.948784813966829788e-01
