9.999999999999990008e-01	7.771738044310210203e-01	7.895462857711329496e-01	6.069196667448555349e-01	6.607424284922910340e-01	6.069196667448555349e-01	6.423141624495839475e-01	6.069196667448555349e-01	6.840332244684690366e-01	7.031816301614499665e-01	6.069196667448555349e-01	6.544469317482169979e-01	6.460695627649689632e-01	5.766285798968320275e-01	6.069196667448555349e-01	6.644622778118020046e-01	5.890774964930149959e-01	5.758061610650110351e-01	6.069196667448555349e-01	6.069196667448555349e-01	5.993887725951589918e-01	6.697774028535430357e-01	6.770232910873620336e-01	6.759898896996689999e-01	6.069196667448555349e-01	6.069196667448555349e-01	6.524644691851370082e-01	6.069196667448555349e-01	6.069196667448555349e-01	6.602418511866300355e-01	6.571485817538550434e-01	6.199982003078450266e-01	6.069196667448555349e-01	7.048191506855480126e-01	6.341198256337160499e-01	6.069196667448555349e-01	6.683489911611769640e-01	6.620620263914670511e-01	6.069196667448555349e-01	6.106857655941539953e-01	6.870301262018579935e-01	5.878026602747019602e-01	6.069196667448555349e-01	6.314437813538860134e-01	5.926399054981430492e-01	6.216954336661649760e-01	6.262548373399049462e-01	6.069196667448555349e-01	6.645300601967519816e-01	6.587672098128719567e-01	6.069196667448555349e-01	6.069196667448555349e-01	6.069196667448555349e-01	5.953389770916920343e-01	6.354117942144930087e-01	6.069196667448555349e-01	6.418452372755939495e-01	6.069196667448555349e-01	6.069196667448555349e-01	6.215697737075179807e-01	6.318004651604629540e-01	6.069196667448555349e-01	6.069196667448555349e-01	6.069196667448555349e-01	5.885612687698480450e-01	6.069196667448555349e-01	6.069196667448555349e-01	6.069196667448555349e-01	6.082788222644309739e-01	6.069196667448555349e-01	6.260707118577080177e-01	6.069196667448555349e-01	6.341481054726330058e-01	6.069196667448555349e-01	6.069196667448555349e-01	6.183525598079689933e-01	6.069196667448555349e-01	6.069196667448555349e-01	6.069196667448555349e-01	6.252806305596190217e-01	6.069196667448555349e-01	6.380806358764520292e-01	6.069196667448555349e-01	6.874294349484529887e-01	6.069196667448555349e-01	6.069196667448555349e-01	6.069196667448555349e-01	6.069196667448555349e-01	6.069196667448555349e-01	6.283862647563149828e-01	6.611614207348860406e-01	6.069196667448555349e-01	6.069196667448555349e-01	6.069196667448555349e-01	5.495734403372890542e-01	5.656594720455669911e-01	6.069196667448555349e-01	6.069196667448555349e-01	5.930230037943430288e-01	6.164361288471470468e-01	6.069196667448555349e-01	6.069196667448555349e-01	6.069196667448555349e-01	5.792601916103869986e-01	6.069196667448555349e-01	6.069196667448555349e-01	6.069196667448555349e-01	6.119432905444669446e-01	6.069196667448555349e-01	6.065597559639439584e-01	6.686884516773790033e-01	6.069196667448555349e-01	6.069196667448555349e-01	6.069196667448555349e-01	6.566826859069649913e-01	7.869864924003789897e-01	7.670062866182949524e-01	7.716146555834809684e-01	7.751061788750860382e-01	6.069196667448555349e-01	5.925273208559049820e-01	6.787980909878550406e-01	7.158938574817830247e-01	6.069196667448555349e-01
7.771738044310210203e-01	1.000000000000000000e+00	6.069196667448555349e-01	5.989637868989720060e-01	6.547904425165500530e-01	6.069196667448555349e-01	6.069196667448555349e-01	6.653409028551660054e-01	6.668110813916700019e-01	6.069196667448555349e-01	6.069196667448555349e-01	6.069196667448555349e-01	6.309162633953160348e-01	5.889317396396870352e-01	6.324539883299959975e-01	6.344192510480489711e-01	6.069196667448555349e-01	5.619385483367850265e-01	6.069196667448555349e-01	6.069196667448555349e-01	6.069196667448555349e-01	6.069196667448555349e-01	6.069196667448555349e-01	6.069196667448555349e-01	6.069196667448555349e-01	6.069196667448555349e-01	6.069196667448555349e-01	6.559152555304990084e-01	6.069196667448555349e-01	6.069196667448555349e-01	6.267705958088369833e-01	5.970056174338479460e-01	6.069196667448555349e-01	6.069196667448555349e-01	6.293227604184380430e-01	6.069196667448555349e-01	6.069196667448555349e-01	6.069196667448555349e-01	6.376557680727870103e-01	6.069196667448555349e-01	6.688460163302789585e-01	6.069196667448555349e-01	6.297364282934140300e-01	6.069196667448555349e-01	6.069196667448555349e-01	6.111041132604999593e-01	6.017695821239600340e-01	6.239919623203999954e-01	6.069196667448555349e-01	6.338029408932890352e-01	6.069196667448555349e-01	6.099190335051389855e-01	6.069196667448555349e-01	5.952563009674209926e-01	6.069196667448555349e-01	6.069196667448555349e-01	6.341348887755150487e-01	5.909187769479450347e-01	6.069196667448555349e-01	6.051743429979039579e-01	6.325615174917750272e-01	6.069196667448555349e-01	6.069196667448555349e-01	6.069196667448555349e-01	6.069196667448555349e-01	6.365900511729020161e-01	6.080139647542629477e-01	6.069196667448555349e-01	6.069196667448555349e-01	6.159357304561230428e-01	6.115598523823230215e-01	6.479048900015730306e-01	6.192430705623109821e-01	6.069196667448555349e-01	5.809208787274350305e-01	6.069021231364110092e-01	6.069196667448555349e-01	6.069196667448555349e-01	6.049665271019220025e-01	6.086782870952649471e-01	6.392272692972710280e-01	6.069196667448555349e-01	6.069196667448555349e-01	6.069196667448555349e-01	6.069196667448555349e-01	6.195509563777550355e-01	6.069196667448555349e-01	6.069196667448555349e-01	6.069196667448555349e-01	6.069196667448555349e-01	6.467165562239209908e-01	5.849737765679650092e-01	6.069196667448555349e-01	5.754838665137570475e-01	5.570314933214179920e-01	6.069196667448555349e-01	6.251781986308639905e-01	6.069196667448555349e-01	6.069196667448555349e-01	6.295921034605650446e-01	6.069196667448555349e-01	6.057178839428749573e-01	6.069196667448555349e-01	5.680673489466450121e-01	6.069196667448555349e-01	6.069196667448555349e-01	6.069196667448555349e-01	6.069196667448555349e-01	5.941555919178740375e-01	6.069196667448555349e-01	6.069196667448555349e-01	6.613633900472339899e-01	6.069196667448555349e-01	6.413508930454310253e-01	6.342301514245409777e-01	6.069196667448555349e-01	6.069196667448555349e-01	6.069196667448555349e-01	6.069196667448555349e-01	6.069196667448555349e-01	5.886357203703159735e-01	6.069196667448555349e-01	6.069196667448555349e-01	6.069196667448555349e-01
7.895462857711329496e-01	6.069196667448555349e-01	1.000000000000000000e+00	5.797537473406939590e-01	6.069196667448555349e-01	6.555276766383349996e-01	6.069196667448555349e-01	6.615508430281099583e-01	6.069196667448555349e-01	6.586848977371709823e-01	6.405974287769210518e-01	6.341338838271589617e-01	6.429353701689409784e-01	5.688457648849150061e-01	6.069196667448555349e-01	6.497522557316399716e-01	6.069196667448555349e-01	5.719839490405820293e-01	6.205852608181420260e-01	6.069196667448555349e-01	5.916320764661819886e-01	6.331320254710050000e-01	6.069196667448555349e-01	6.069196667448555349e-01	6.069196667448555349e-01	6.407984458352380397e-01	6.069196667448555349e-01	6.447315263818039766e-01	6.069196667448555349e-01	6.335751749867419846e-01	6.267059589113860296e-01	6.069196667448555349e-01	6.069196667448555349e-01	6.879195675585370040e-01	6.069196667448555349e-01	6.069196667448555349e-01	6.353288578808720111e-01	6.069196667448555349e-01	6.421632158143699698e-01	6.271869293235580178e-01	6.069196667448555349e-01	5.881274149745829849e-01	6.353918412046539732e-01	6.125601966972430423e-01	5.860305750365339961e-01	6.069196667448555349e-01	6.121890852607250189e-01	6.073662595139539544e-01	6.636815909515380030e-01	6.544502676886509995e-01	6.700838930814949634e-01	6.171215883541809610e-01	6.069196667448555349e-01	6.069196667448555349e-01	6.123220298339600021e-01	6.120107776153650425e-01	6.069196667448555349e-01	5.940640379677130101e-01	6.063886929098070144e-01	6.069196667448555349e-01	6.069196667448555349e-01	6.069196667448555349e-01	6.069196667448555349e-01	5.937120605684399477e-01	5.856653528590880509e-01	6.069196667448555349e-01	6.212415501919099636e-01	6.337934692846719509e-01	6.006247942686629981e-01	6.069196667448555349e-01	5.954611812100699675e-01	6.069196667448555349e-01	6.069196667448555349e-01	6.553490503953339763e-01	5.853926183963480412e-01	5.979218519045450542e-01	6.069196667448555349e-01	5.850249910297049549e-01	6.211692899112589705e-01	6.035430863268219648e-01	6.092012312537510299e-01	6.069196667448555349e-01	6.069196667448555349e-01	6.453408226757350041e-01	6.069196667448555349e-01	6.069196667448555349e-01	6.069196667448555349e-01	6.069196667448555349e-01	6.069196667448555349e-01	6.069196667448555349e-01	6.592258260850869522e-01	6.069196667448555349e-01	5.617352485103249693e-01	6.069196667448555349e-01	6.069196667448555349e-01	6.069196667448555349e-01	6.069196667448555349e-01	6.069196667448555349e-01	6.069196667448555349e-01	6.180446967310320172e-01	6.069196667448555349e-01	5.844884647450879767e-01	6.069196667448555349e-01	5.740102916940750255e-01	5.839092393267559800e-01	6.069196667448555349e-01	6.172365641208880094e-01	6.069196667448555349e-01	6.136691241648859485e-01	5.814092163222970289e-01	6.069196667448555349e-01	6.069196667448555349e-01	6.069196667448555349e-01	6.069196667448555349e-01	6.069196667448555349e-01	7.371569717326239557e-01	6.069196667448555349e-01	6.069196667448555349e-01	7.341342060712550133e-01	6.069196667448555349e-01	6.069196667448555349e-01	6.069196667448555349e-01	6.069196667448555349e-01	6.069196667448555349e-01
6.069196667448555349e-01	5.989637868989720060e-01	5.797537473406939590e-01	9.999999999999980016e-01	5.638978745282430260e-01	6.069196667448555349e-01	6.069196667448555349e-01	6.069196667448555349e-01	5.710423646378729456e-01	5.761942062522870112e-01	5.627554692219109977e-01	5.558617071157869738e-01	6.069196667448555349e-01	6.069196667448555349e-01	6.069196667448555349e-01	6.069196667448555349e-01	6.070033043284079888e-01	6.453082323519719887e-01	6.069196667448555349e-01	6.069196667448555349e-01	6.069196667448555349e-01	6.069196667448555349e-01	6.069196667448555349e-01	6.337621319576139944e-01	6.069196667448555349e-01	6.069196667448555349e-01	5.810004523703330426e-01	5.861624048058049485e-01	6.069196667448555349e-01	6.069196667448555349e-01	6.213223100453899583e-01	5.538340015434629615e-01	5.881077304426409746e-01	6.069196667448555349e-01	6.083608966644239446e-01	6.106481807758410429e-01	6.069196667448555349e-01	6.069196667448555349e-01	6.069196667448555349e-01	5.703419934702850247e-01	5.780284477013819533e-01	5.420485424589940315e-01	5.861114991935859608e-01	5.950916896929829836e-01	5.919461372346319639e-01	6.069196667448555349e-01	6.069196667448555349e-01	6.069196667448555349e-01	6.502613720157469634e-01	6.069196667448555349e-01	5.441034163131249768e-01	6.104923156434439724e-01	6.069196667448555349e-01	6.069196667448555349e-01	6.069196667448555349e-01	5.915658224935940179e-01	6.069196667448555349e-01	5.718826615780030487e-01	6.069196667448555349e-01	5.523548081064679760e-01	5.885179218231390008e-01	6.069196667448555349e-01	5.412149639677009683e-01	6.069196667448555349e-01	5.446201463196389536e-01	6.256307405363550345e-01	6.125259603834369848e-01	6.069196667448555349e-01	6.386152858825849821e-01	6.069196667448555349e-01	6.069196667448555349e-01	6.069196667448555349e-01	6.069196667448555349e-01	6.020143594419999911e-01	6.166887267917939841e-01	6.069196667448555349e-01	5.824928695604679740e-01	6.069196667448555349e-01	6.069196667448555349e-01	5.758001368818329579e-01	6.069196667448555349e-01	5.149806414110179587e-01	6.069196667448555349e-01	5.644269915298989471e-01	6.069196667448555349e-01	5.412562993001059919e-01	5.965666390146470155e-01	6.069196667448555349e-01	6.069196667448555349e-01	5.806101704336780189e-01	6.069196667448555349e-01	6.069196667448555349e-01	6.069196667448555349e-01	6.069196667448555349e-01	5.167364827553290185e-01	5.816727443827669486e-01	6.069196667448555349e-01	6.069196667448555349e-01	6.102992800027969844e-01	6.069196667448555349e-01	6.069196667448555349e-01	6.069196667448555349e-01	5.546580989194720424e-01	6.097246668651919999e-01	5.504531650883649485e-01	5.657657943309659654e-01	6.069196667448555349e-01	5.650146460796889869e-01	6.069196667448555349e-01	6.069196667448555349e-01	6.002343857364289548e-01	6.069196667448555349e-01	6.217559917630419708e-01	6.069196667448555349e-01	5.898175173254720516e-01	6.069196667448555349e-01	6.069196667448555349e-01	6.069196667448555349e-01	6.131387835717470036e-01	5.998532950329059643e-01	6.069196667448555349e-01	5.800020538417209881e-01	5.774620822554099586e-01	5.956495938706439786e-01
6.607424284922910340e-01	6.547904425165500530e-01	6.069196667448555349e-01	5.638978745282430260e-01	9.999999999999980016e-01	6.455097636538660311e-01	7.428006747392289499e-01	6.959923819904769715e-01	6.852893660999189729e-01	6.069196667448555349e-01	6.069196667448555349e-01	6.069196667448555349e-01	6.432138616401630316e-01	6.069196667448555349e-01	6.105001896486079715e-01	6.069196667448555349e-01	5.873134666095689571e-01	6.069196667448555349e-01	6.069196667448555349e-01	7.185598478164190173e-01	5.862361844613529493e-01	6.069196667448555349e-01	6.069196667448555349e-01	5.814542029238839449e-01	6.721265939363809672e-01	7.236161194253110107e-01	6.069196667448555349e-01	6.349858754809080130e-01	6.069196667448555349e-01	6.069196667448555349e-01	6.069196667448555349e-01	5.735309851062460051e-01	5.294646527002310199e-01	6.069196667448555349e-01	5.882674914553850387e-01	5.406807707999979895e-01	6.069196667448555349e-01	5.754386714541700476e-01	5.874624846400939848e-01	5.470456658795349592e-01	6.200372792611780204e-01	6.069196667448555349e-01	6.688339973285729601e-01	6.069196667448555349e-01	5.102045676348949677e-01	6.069196667448555349e-01	6.069196667448555349e-01	6.397668848460890123e-01	6.097962638725069606e-01	5.722472161393300505e-01	6.069196667448555349e-01	5.977155346007200221e-01	5.824566793531780196e-01	6.091912331502959965e-01	6.069196667448555349e-01	5.939547422215449846e-01	6.069196667448555349e-01	5.562666850843279720e-01	6.069196667448555349e-01	5.764114136519490339e-01	6.069196667448555349e-01	5.774827718228420226e-01	6.069196667448555349e-01	6.069196667448555349e-01	5.463736103230439900e-01	6.069196667448555349e-01	6.069196667448555349e-01	6.069196667448555349e-01	5.899376624617049814e-01	6.069196667448555349e-01	6.220580730866009933e-01	6.069196667448555349e-01	6.069196667448555349e-01	6.069196667448555349e-01	5.834791541774569934e-01	6.465368431159099760e-01	6.649121474553749689e-01	5.873996639681170473e-01	6.069196667448555349e-01	6.069196667448555349e-01	7.214313068211040125e-01	6.001925464834230173e-01	5.748034837182020018e-01	6.069196667448555349e-01	6.069196667448555349e-01	6.313959620459790312e-01	6.219965872238409910e-01	6.117751372215129990e-01	6.929838021036910378e-01	5.930109643584240420e-01	6.470509813789090403e-01	6.069196667448555349e-01	5.744223978898149729e-01	5.539121815307149754e-01	6.084801470557319458e-01	6.069196667448555349e-01	6.069196667448555349e-01	6.132776659527320318e-01	6.069196667448555349e-01	6.615481556849890366e-01	6.069196667448555349e-01	6.317174724325580470e-01	6.069196667448555349e-01	6.069196667448555349e-01	6.069196667448555349e-01	6.069196667448555349e-01	6.069196667448555349e-01	6.069196667448555349e-01	5.559237220374350086e-01	5.548598730678160340e-01	5.744035573759610491e-01	6.076111183449439679e-01	6.143155988512739585e-01	6.063816967777120315e-01	6.064686576158799802e-01	6.724251981804499900e-01	6.069196667448555349e-01	6.069196667448555349e-01	6.069196667448555349e-01	6.069196667448555349e-01	6.069196667448555349e-01	6.069196667448555349e-01	6.069196667448555349e-01	6.069196667448555349e-01
6.069196667448555349e-01	6.069196667448555349e-01	6.555276766383349996e-01	6.069196667448555349e-01	6.455097636538660311e-01	9.999999999999980016e-01	6.069196667448555349e-01	6.069196667448555349e-01	6.069196667448555349e-01	6.069196667448555349e-01	6.069196667448555349e-01	6.069196667448555349e-01	6.069196667448555349e-01	6.069196667448555349e-01	5.860095452832190244e-01	6.069196667448555349e-01	6.176849720157010504e-01	6.069196667448555349e-01	5.612170608730859822e-01	6.069196667448555349e-01	6.129350907179940133e-01	6.069196667448555349e-01	5.787314291981230374e-01	5.816129263207260314e-01	5.915642139707160130e-01	6.069196667448555349e-01	5.334356049087900509e-01	6.069196667448555349e-01	6.069196667448555349e-01	5.904982485779850521e-01	5.779091722593320268e-01	6.069196667448555349e-01	6.069196667448555349e-01	6.552065471150909648e-01	5.813074259077519734e-01	5.586161261581820137e-01	6.069196667448555349e-01	5.579302192909579849e-01	6.069196667448555349e-01	6.069196667448555349e-01	5.593802108752969904e-01	6.396690618799489858e-01	6.069196667448555349e-01	6.069196667448555349e-01	5.236297816609070122e-01	6.069196667448555349e-01	6.069196667448555349e-01	5.989616880640340479e-01	6.069196667448555349e-01	6.069196667448555349e-01	6.173664243797170048e-01	6.069196667448555349e-01	5.777781468483650373e-01	5.844020592635680300e-01	6.069196667448555349e-01	6.069196667448555349e-01	6.069196667448555349e-01	6.069196667448555349e-01	6.069196667448555349e-01	6.069196667448555349e-01	6.300579457793860083e-01	5.666954211184900281e-01	5.827528282547059790e-01	6.069196667448555349e-01	5.346566783585290361e-01	6.504958945507069989e-01	6.069196667448555349e-01	6.069196667448555349e-01	6.069196667448555349e-01	6.069196667448555349e-01	6.069196667448555349e-01	6.069196667448555349e-01	6.069196667448555349e-01	6.118151556914509515e-01	6.000286355188919618e-01	6.069196667448555349e-01	6.069196667448555349e-01	6.259004606140560201e-01	6.069196667448555349e-01	5.666924091214650128e-01	6.380211295153189743e-01	6.069196667448555349e-01	5.413896482763379536e-01	6.069196667448555349e-01	5.368457538236329762e-01	6.069196667448555349e-01	6.532887324237139914e-01	6.680345267597019854e-01	6.069196667448555349e-01	6.269483957563449783e-01	6.653494048881900547e-01	6.069196667448555349e-01	5.970115555382869976e-01	5.207014515538339605e-01	5.938288523065780034e-01	6.069196667448555349e-01	6.069196667448555349e-01	5.831562816582049891e-01	6.069196667448555349e-01	6.069196667448555349e-01	6.428988155526289550e-01	6.299645006766090294e-01	6.069196667448555349e-01	5.367307494640619625e-01	6.337100899941769949e-01	6.069196667448555349e-01	6.688950567096589861e-01	6.069196667448555349e-01	5.329947526446100481e-01	5.280664544115080128e-01	6.069196667448555349e-01	6.057930591335030091e-01	6.069196667448555349e-01	6.640181861306779787e-01	6.267069768115119954e-01	6.334369440780339700e-01	6.069196667448555349e-01	6.069196667448555349e-01	6.374749288512330248e-01	6.069196667448555349e-01	6.606667648269299864e-01	6.314315662860240375e-01	6.069196667448555349e-01	6.100544551317580444e-01
6.423141624495839475e-01	6.069196667448555349e-01	6.069196667448555349e-01	6.069196667448555349e-01	7.428006747392289499e-01	6.069196667448555349e-01	9.999999999999990008e-01	6.069196667448555349e-01	6.069196667448555349e-01	6.465267613337200014e-01	6.069196667448555349e-01	6.069196667448555349e-01	6.069196667448555349e-01	5.992958237509879993e-01	6.069196667448555349e-01	6.069196667448555349e-01	5.940593882076430354e-01	6.069196667448555349e-01	5.497897105072550028e-01	6.069196667448555349e-01	6.069196667448555349e-01	5.799992985890309871e-01	6.069196667448555349e-01	6.069196667448555349e-01	6.069196667448555349e-01	7.147788507659720292e-01	5.349664585700439901e-01	6.380834195135759446e-01	6.069196667448555349e-01	5.751167486155559505e-01	6.069196667448555349e-01	6.069196667448555349e-01	6.069196667448555349e-01	6.026569102483190221e-01	5.795897783554629923e-01	6.069196667448555349e-01	5.698449547220629796e-01	6.069196667448555349e-01	5.826836760381119973e-01	6.069196667448555349e-01	6.069196667448555349e-01	6.069196667448555349e-01	6.069196667448555349e-01	6.235598563910109693e-01	5.179529414462840098e-01	6.069196667448555349e-01	6.069196667448555349e-01	6.259397172838030432e-01	5.985057739949120048e-01	6.069196667448555349e-01	6.196914881613250214e-01	6.069196667448555349e-01	5.696483606269090449e-01	6.069196667448555349e-01	6.206194133634159726e-01	6.069196667448555349e-01	6.069196667448555349e-01	6.069196667448555349e-01	5.677903239054240547e-01	5.683010656308480346e-01	6.069196667448555349e-01	6.069196667448555349e-01	6.069196667448555349e-01	6.069196667448555349e-01	6.069196667448555349e-01	6.069196667448555349e-01	5.639999203815959650e-01	6.069196667448555349e-01	6.069196667448555349e-01	6.297054878055919902e-01	6.014717454039619771e-01	6.069196667448555349e-01	5.767998339939149899e-01	6.069196667448555349e-01	5.838192222381689556e-01	6.259103291465569763e-01	6.552095505054400526e-01	6.069196667448555349e-01	6.069196667448555349e-01	5.795830046437250305e-01	7.098364957935979769e-01	5.831517159620790425e-01	5.649965816010049657e-01	6.069196667448555349e-01	5.558358394387400425e-01	6.235375395643899532e-01	6.069196667448555349e-01	6.162002382892549646e-01	6.528001517035020296e-01	6.069196667448555349e-01	6.520358083496500257e-01	6.069196667448555349e-01	5.714155844962199859e-01	5.337048260232259977e-01	5.821883988391319820e-01	6.069196667448555349e-01	6.069196667448555349e-01	5.952375391536059990e-01	6.069196667448555349e-01	6.069196667448555349e-01	6.735892368995359814e-01	6.069196667448555349e-01	6.069196667448555349e-01	5.342709133033870517e-01	6.183590397328080357e-01	6.069196667448555349e-01	6.225000787207080055e-01	5.745303867684450339e-01	6.069196667448555349e-01	6.069196667448555349e-01	6.069196667448555349e-01	5.966818370930510040e-01	6.069196667448555349e-01	6.076866126127640211e-01	6.069196667448555349e-01	6.069196667448555349e-01	6.023430303535990404e-01	6.508233718038649585e-01	6.069196667448555349e-01	6.216944437018110392e-01	6.069196667448555349e-01	6.587147221795930374e-01	6.059538022388269995e-01	6.564379660171060227e-01
6.069196667448555349e-01	6.653409028551660054e-01	6.615508430281099583e-01	6.069196667448555349e-01	6.959923819904769715e-01	6.069196667448555349e-01	6.069196667448555349e-01	1.000000000000000000e+00	6.069196667448555349e-01	7.081228364956330124e-01	6.069196667448555349e-01	6.720180253145470184e-01	6.069196667448555349e-01	6.069196667448555349e-01	6.069196667448555349e-01	6.069196667448555349e-01	6.069196667448555349e-01	5.414194731346050338e-01	6.069196667448555349e-01	6.069196667448555349e-01	5.671468306632210243e-01	6.140475245880050448e-01	7.194607458323439841e-01	6.069196667448555349e-01	7.160260927629700234e-01	6.586732409179100189e-01	6.069196667448555349e-01	7.177107005412339813e-01	5.909877217048560283e-01	6.334546285071339655e-01	6.069196667448555349e-01	6.069196667448555349e-01	6.069196667448555349e-01	6.069196667448555349e-01	6.069196667448555349e-01	5.685417601812879917e-01	6.127131014891089578e-01	6.203365742062829646e-01	6.069196667448555349e-01	5.634396419487229801e-01	6.378881938227669579e-01	6.069196667448555349e-01	6.326293454229120483e-01	6.069196667448555349e-01	6.069196667448555349e-01	6.069196667448555349e-01	6.069196667448555349e-01	6.038871134505640059e-01	6.127281964482309551e-01	5.932828733592110382e-01	6.069196667448555349e-01	6.069196667448555349e-01	5.465823685776840524e-01	5.748008579517239758e-01	6.107833513059880426e-01	5.804435374338320353e-01	6.136313356504949912e-01	6.069196667448555349e-01	5.791863727436009635e-01	5.854251108577329665e-01	6.069196667448555349e-01	6.069196667448555349e-01	6.069196667448555349e-01	5.902264380794469689e-01	5.575497052350409932e-01	6.187361507334979693e-01	6.069196667448555349e-01	6.080236101313679642e-01	6.069196667448555349e-01	6.069196667448555349e-01	5.738536084029109974e-01	6.069196667448555349e-01	5.899701633860180428e-01	6.069196667448555349e-01	5.587668345623599819e-01	5.911697121432729629e-01	6.069196667448555349e-01	6.069196667448555349e-01	6.069196667448555349e-01	6.069196667448555349e-01	6.069196667448555349e-01	6.033144096093620012e-01	6.069196667448555349e-01	6.689026735013019476e-01	5.918766419096830322e-01	6.069196667448555349e-01	6.069196667448555349e-01	6.069196667448555349e-01	6.069196667448555349e-01	5.837307128556930014e-01	6.309425958825789493e-01	6.069196667448555349e-01	6.069196667448555349e-01	5.397123386833799774e-01	6.069196667448555349e-01	5.596434881418500540e-01	5.899921800606050537e-01	6.069196667448555349e-01	5.708256537047949886e-01	6.069196667448555349e-01	6.069196667448555349e-01	5.648940668326200010e-01	6.069196667448555349e-01	6.069196667448555349e-01	6.069196667448555349e-01	6.069196667448555349e-01	6.069196667448555349e-01	5.829664498325429767e-01	6.069196667448555349e-01	5.818872846639889795e-01	6.248224898248450065e-01	6.069196667448555349e-01	6.069196667448555349e-01	6.069196667448555349e-01	6.312827101753210046e-01	6.069196667448555349e-01	6.069196667448555349e-01	6.620327244124110111e-01	6.069196667448555349e-01	6.069196667448555349e-01	5.659696699577100309e-01	6.069196667448555349e-01	6.069196667448555349e-01	6.069196667448555349e-01
6.840332244684690366e-01	6.668110813916700019e-01	6.069196667448555349e-01	5.710423646378729456e-01	6.852893660999189729e-01	6.069196667448555349e-01	6.069196667448555349e-01	6.069196667448555349e-01	1.000000000000000000e+00	6.069196667448555349e-01	6.069196667448555349e-01	6.533903113159650333e-01	6.107599308170029717e-01	6.069196667448555349e-01	6.069196667448555349e-01	6.069196667448555349e-01	6.069196667448555349e-01	5.502215527227579672e-01	6.069196667448555349e-01	6.069196667448555349e-01	5.777022692305180396e-01	6.140991017420680542e-01	6.969982106400149924e-01	6.069196667448555349e-01	7.172664767555819720e-01	6.069196667448555349e-01	6.069774703004899852e-01	7.165635721097399768e-01	6.069196667448555349e-01	6.439130423844290352e-01	6.417364130113270004e-01	6.069196667448555349e-01	6.069196667448555349e-01	6.069196667448555349e-01	6.069196667448555349e-01	6.069196667448555349e-01	6.069196667448555349e-01	6.330525418627319656e-01	6.150581540272670455e-01	5.823897586045170272e-01	6.069196667448555349e-01	6.069196667448555349e-01	6.500012310543979988e-01	6.069196667448555349e-01	5.469013164873960386e-01	6.448412282250599592e-01	5.847190596801939977e-01	6.069196667448555349e-01	6.322611380671050441e-01	6.055461880935369967e-01	6.307919222407779580e-01	6.069196667448555349e-01	6.069196667448555349e-01	6.069196667448555349e-01	6.069196667448555349e-01	5.842178482058320022e-01	6.110502963178919833e-01	6.069196667448555349e-01	5.832949317244340293e-01	5.867576227425880253e-01	6.069196667448555349e-01	5.749703661605829463e-01	6.515342081975380450e-01	5.951044763723849496e-01	5.642321777142810246e-01	6.198903046438829501e-01	6.288073465482759694e-01	6.069196667448555349e-01	5.818521566683030333e-01	5.925378555658720181e-01	5.754384952432629596e-01	6.069196667448555349e-01	6.069196667448555349e-01	6.069196667448555349e-01	5.773719198376580097e-01	5.886518161090950052e-01	6.745111310371549873e-01	6.069196667448555349e-01	6.069196667448555349e-01	6.069196667448555349e-01	6.069196667448555349e-01	6.069196667448555349e-01	5.859838355599570336e-01	6.623014400949419622e-01	6.069196667448555349e-01	6.069196667448555349e-01	6.069196667448555349e-01	6.069196667448555349e-01	6.937752640135850246e-01	5.976908649335570534e-01	6.384571935883830429e-01	6.069196667448555349e-01	5.335503152814049521e-01	6.069196667448555349e-01	5.285087861867580061e-01	5.585724774169680273e-01	6.069196667448555349e-01	6.069196667448555349e-01	6.069196667448555349e-01	6.069196667448555349e-01	5.826769248522749578e-01	5.613016939433179697e-01	5.526979649429909491e-01	6.069196667448555349e-01	6.069196667448555349e-01	6.069196667448555349e-01	6.069196667448555349e-01	6.069196667448555349e-01	6.069196667448555349e-01	5.885269142455800129e-01	6.069196667448555349e-01	6.069196667448555349e-01	6.292363202274989797e-01	6.069196667448555349e-01	6.069196667448555349e-01	6.646226568075970231e-01	6.379486353020280553e-01	6.595139595314000180e-01	6.069196667448555349e-01	6.069196667448555349e-01	6.069196667448555349e-01	6.069196667448555349e-01	6.069196667448555349e-01	6.069196667448555349e-01
7.031816301614499665e-01	6.069196667448555349e-01	6.586848977371709823e-01	5.761942062522870112e-01	6.069196667448555349e-01	6.069196667448555349e-01	6.465267613337200014e-01	7.081228364956330124e-01	6.069196667448555349e-01	1.000000000000000000e+00	6.069196667448555349e-01	6.530486697073110136e-01	6.091358149235139852e-01	5.438370291212529795e-01	6.396277695532189833e-01	6.319281214751879538e-01	5.692804676406559850e-01	6.069196667448555349e-01	6.069196667448555349e-01	6.608788199370130290e-01	6.069196667448555349e-01	6.069196667448555349e-01	6.936196909248589781e-01	6.069196667448555349e-01	6.069196667448555349e-01	6.069196667448555349e-01	6.224386708150539960e-01	6.953449770007069652e-01	6.203348864717810329e-01	6.069196667448555349e-01	6.622968160384520298e-01	6.069196667448555349e-01	5.810254723615829731e-01	6.069196667448555349e-01	5.906856131151819733e-01	5.965145176598209975e-01	6.255397968146160226e-01	6.449620685932599962e-01	6.088625595593929463e-01	6.069196667448555349e-01	6.299456256051060299e-01	5.902314304605980055e-01	6.251525010901070045e-01	5.914665042397260208e-01	5.427208416235349553e-01	6.069196667448555349e-01	6.069196667448555349e-01	5.967544174359590281e-01	6.069196667448555349e-01	6.069196667448555349e-01	6.069196667448555349e-01	5.695054134287550474e-01	6.069196667448555349e-01	5.727421587782569601e-01	6.023295146188959448e-01	6.069196667448555349e-01	6.154413622476799794e-01	5.860847216177610397e-01	5.662657016322090175e-01	6.069196667448555349e-01	6.062401668670369670e-01	5.948971886174130308e-01	6.548161245132669839e-01	5.898110571062400442e-01	5.842371793427749704e-01	6.069196667448555349e-01	6.069196667448555349e-01	6.067436021870860063e-01	6.069196667448555349e-01	5.834875874982800026e-01	6.069196667448555349e-01	6.162151269438199686e-01	5.900288356038839721e-01	6.069196667448555349e-01	5.581683257378130536e-01	5.921170474508670178e-01	6.069196667448555349e-01	6.069196667448555349e-01	5.849663977008620064e-01	6.069196667448555349e-01	6.456601569793549711e-01	6.069196667448555349e-01	5.912798231953909633e-01	6.069196667448555349e-01	6.069196667448555349e-01	6.069196667448555349e-01	6.069196667448555349e-01	5.703656917167929663e-01	6.982755371512809894e-01	5.923691150261980454e-01	6.238084765069310533e-01	6.069196667448555349e-01	6.069196667448555349e-01	6.069196667448555349e-01	6.069196667448555349e-01	6.069196667448555349e-01	6.069196667448555349e-01	5.783342633529759969e-01	5.692590824187350185e-01	6.069196667448555349e-01	6.069196667448555349e-01	6.069196667448555349e-01	5.734063457539809727e-01	6.069196667448555349e-01	5.747731621079299469e-01	5.569771549112390030e-01	5.783401325391680503e-01	6.069196667448555349e-01	5.834809687718109927e-01	6.069196667448555349e-01	6.069196667448555349e-01	6.069196667448555349e-01	6.069196667448555349e-01	6.069196667448555349e-01	6.245500319976909909e-01	6.069196667448555349e-01	6.069196667448555349e-01	6.069196667448555349e-01	6.902620668371709511e-01	6.069196667448555349e-01	6.069196667448555349e-01	6.639844001455550426e-01	6.069196667448555349e-01	6.069196667448555349e-01
6.069196667448555349e-01	6.069196667448555349e-01	6.405974287769210518e-01	5.627554692219109977e-01	6.069196667448555349e-01	6.069196667448555349e-01	6.069196667448555349e-01	6.069196667448555349e-01	6.069196667448555349e-01	6.069196667448555349e-01	1.000000000000000000e+00	6.069196667448555349e-01	6.069196667448555349e-01	5.893925153773319492e-01	6.069196667448555349e-01	6.069196667448555349e-01	5.862731401000680354e-01	5.322022321031899539e-01	6.069196667448555349e-01	6.691234725101220526e-01	5.975890662453869906e-01	5.971451623874100001e-01	6.342721547177370134e-01	6.069196667448555349e-01	6.069196667448555349e-01	6.911316208186579768e-01	5.843553893227589890e-01	6.327002841918220044e-01	5.835807222977880127e-01	6.090245512939129746e-01	6.069196667448555349e-01	6.069196667448555349e-01	6.069196667448555349e-01	6.069196667448555349e-01	5.636279886906889747e-01	6.069196667448555349e-01	5.981296591406689567e-01	5.968168101129870395e-01	6.055650366532610018e-01	5.650822460070650255e-01	5.932884673314480217e-01	6.069196667448555349e-01	6.397536678411339661e-01	6.069196667448555349e-01	6.069196667448555349e-01	6.069196667448555349e-01	6.069196667448555349e-01	6.069196667448555349e-01	6.433105470902029666e-01	6.069196667448555349e-01	6.872069526955389973e-01	6.078482194147439843e-01	5.893568427145320365e-01	5.914915596006330434e-01	6.360480995999580056e-01	6.069196667448555349e-01	6.069196667448555349e-01	6.069196667448555349e-01	6.069196667448555349e-01	5.812990467750399626e-01	6.084625851969059918e-01	6.069196667448555349e-01	6.069196667448555349e-01	6.033224385105140364e-01	5.807974920695939680e-01	6.483349912649359892e-01	5.751974363125079703e-01	6.069196667448555349e-01	6.028158249771750077e-01	6.150914202218630278e-01	6.069196667448555349e-01	6.220517907518220424e-01	6.069196667448555349e-01	6.156098083421559508e-01	5.901202887207239733e-01	6.301217922086419509e-01	6.551116153537199782e-01	5.608011301248480018e-01	6.069196667448555349e-01	6.069196667448555349e-01	6.069196667448555349e-01	6.069196667448555349e-01	6.069196667448555349e-01	6.069196667448555349e-01	6.069196667448555349e-01	6.069196667448555349e-01	6.069196667448555349e-01	6.069196667448555349e-01	6.069196667448555349e-01	6.069196667448555349e-01	6.069196667448555349e-01	5.746191255928460029e-01	5.716701366350049884e-01	6.069196667448555349e-01	6.069196667448555349e-01	6.069196667448555349e-01	6.104809405116690124e-01	6.066684330129540337e-01	6.137573630096020416e-01	6.484085742624450255e-01	6.069196667448555349e-01	6.016108091674130520e-01	6.069196667448555349e-01	6.069196667448555349e-01	6.023558943595289650e-01	6.069196667448555349e-01	6.069196667448555349e-01	6.019780578030780038e-01	5.706348813237720474e-01	6.069196667448555349e-01	5.696700524156460554e-01	6.284685250229800069e-01	6.069196667448555349e-01	6.069196667448555349e-01	5.986658588240250101e-01	6.571924174967279653e-01	6.069196667448555349e-01	6.654373701592080081e-01	6.730839449238139593e-01	6.107939800058469482e-01	6.068035213453639720e-01	6.559863365264020363e-01	6.069196667448555349e-01	6.512963234029289783e-01
6.544469317482169979e-01	6.069196667448555349e-01	6.341338838271589617e-01	5.558617071157869738e-01	6.069196667448555349e-01	6.069196667448555349e-01	6.069196667448555349e-01	6.720180253145470184e-01	6.533903113159650333e-01	6.530486697073110136e-01	6.069196667448555349e-01	1.000000000000000000e+00	6.752069770842269447e-01	6.069196667448555349e-01	6.069196667448555349e-01	5.841305085771060224e-01	5.839159561251440200e-01	6.069196667448555349e-01	6.069196667448555349e-01	6.978413651299000264e-01	6.069196667448555349e-01	5.860441205189580449e-01	6.069196667448555349e-01	6.069196667448555349e-01	6.409726067138790118e-01	6.069196667448555349e-01	6.069196667448555349e-01	6.069196667448555349e-01	5.701075748352210093e-01	5.953525049963389604e-01	5.970827306056739614e-01	6.069196667448555349e-01	6.069196667448555349e-01	6.152622180717229883e-01	5.776534541191370442e-01	5.376425974311940248e-01	5.796731948686559832e-01	5.577265032010739754e-01	6.069196667448555349e-01	6.069196667448555349e-01	6.069196667448555349e-01	6.069196667448555349e-01	6.069196667448555349e-01	6.394043998608469614e-01	6.069196667448555349e-01	6.069196667448555349e-01	6.069196667448555349e-01	6.069196667448555349e-01	6.036112403936509940e-01	6.061397135507909928e-01	6.069196667448555349e-01	6.069196667448555349e-01	5.830044634141640092e-01	6.069196667448555349e-01	6.299133797582689986e-01	6.069196667448555349e-01	6.069196667448555349e-01	6.069196667448555349e-01	6.069196667448555349e-01	6.069196667448555349e-01	6.069196667448555349e-01	5.790028647485729874e-01	6.870513425048679901e-01	6.205089207135809914e-01	5.415146434068770498e-01	6.069196667448555349e-01	6.069196667448555349e-01	6.247468146223269514e-01	6.069196667448555349e-01	6.386291617924769737e-01	6.069196667448555349e-01	6.069196667448555349e-01	6.069196667448555349e-01	6.069196667448555349e-01	6.069196667448555349e-01	6.069196667448555349e-01	7.086306321461339763e-01	6.069196667448555349e-01	6.356583591800050170e-01	6.069196667448555349e-01	7.233017763561969682e-01	5.905126659757710117e-01	6.069196667448555349e-01	6.188656306798030471e-01	6.069196667448555349e-01	6.069196667448555349e-01	6.458930948107469705e-01	6.298673785785520174e-01	6.069196667448555349e-01	6.069196667448555349e-01	6.069196667448555349e-01	6.069196667448555349e-01	6.069196667448555349e-01	6.069196667448555349e-01	6.172326893476890453e-01	6.069196667448555349e-01	6.507347823232969564e-01	6.124498561464889468e-01	6.069196667448555349e-01	6.069196667448555349e-01	6.721255211871559609e-01	6.363156957077600318e-01	6.069196667448555349e-01	5.262865800583289566e-01	6.494430881599090322e-01	6.069196667448555349e-01	6.069196667448555349e-01	5.723269139696149921e-01	6.069196667448555349e-01	6.069196667448555349e-01	5.733632790309769467e-01	6.017742869323069455e-01	6.069196667448555349e-01	6.315297472808389934e-01	6.069196667448555349e-01	6.069196667448555349e-01	6.069196667448555349e-01	6.647774978254600287e-01	6.069196667448555349e-01	6.069196667448555349e-01	6.891221223961609965e-01	6.069196667448555349e-01	6.069196667448555349e-01	6.069196667448555349e-01
