1.000000000000000000e+00	6.643605897172359942e-01	4.530192127305855410e-01	6.048456605862500002e-01	4.530192127305855410e-01	4.530192127305855410e-01	4.530192127305855410e-01	4.530192127305855410e-01	4.530192127305855410e-01	4.530192127305855410e-01	4.530192127305855410e-01	4.530192127305855410e-01	4.530192127305855410e-01	5.505991105505300132e-01	4.510668796258510138e-01	4.530192127305855410e-01	6.702367357443700380e-01	4.530192127305855410e-01	6.801402798078030054e-01	4.530192127305855410e-01	4.530192127305855410e-01	4.530192127305855410e-01	4.530192127305855410e-01	4.530192127305855410e-01	4.873338260543039757e-01	5.215599804397339501e-01	4.530192127305855410e-01	4.530192127305855410e-01	6.056286129959369546e-01	4.530192127305855410e-01	5.339752642825470463e-01	4.530192127305855410e-01	7.019186419747880379e-01	4.530192127305855410e-01	6.685696156873960350e-01	4.530192127305855410e-01	4.530192127305855410e-01	4.530192127305855410e-01	4.530192127305855410e-01	4.530192127305855410e-01	4.530192127305855410e-01	4.530192127305855410e-01	5.545577690434729812e-01	1.293155857649510021e-01	4.530192127305855410e-01	6.358042405432180466e-01	4.530192127305855410e-01	5.356100072818630320e-01	4.530192127305855410e-01	4.530192127305855410e-01	5.240746886757650103e-01	5.544648297556189487e-01	4.530192127305855410e-01	6.415051671225580066e-01	4.530192127305855410e-01	4.530192127305855410e-01	5.693510540973779621e-01	4.530192127305855410e-01	4.530192127305855410e-01	5.491068383182859947e-01	4.530192127305855410e-01	3.310520863463040087e-01	4.530192127305855410e-01	4.530192127305855410e-01	4.530192127305855410e-01	4.530192127305855410e-01	4.530192127305855410e-01	1.379924633550979989e-02	4.530192127305855410e-01	4.530192127305855410e-01	6.594047666598119584e-01	4.530192127305855410e-01	4.530192127305855410e-01	6.461217143003969987e-01	4.530192127305855410e-01	5.823574936563939985e-01	4.530192127305855410e-01	4.530192127305855410e-01	4.530192127305855410e-01	4.530192127305855410e-01	4.530192127305855410e-01	4.530192127305855410e-01	4.530192127305855410e-01	4.530192127305855410e-01	4.530192127305855410e-01	1.305382939136600084e-01	4.530192127305855410e-01	4.530192127305855410e-01	1.000000000000000082e-05	4.530192127305855410e-01	5.968999202852199870e-01	4.530192127305855410e-01	5.697696739736130001e-01	4.530192127305855410e-01	2.498133133540060002e-01	5.590280448171000005e-01	4.530192127305855410e-01	4.530192127305855410e-01	4.143625103891659771e-04	4.530192127305855410e-01	4.530192127305855410e-01	5.598646787183809703e-01	4.530192127305855410e-01	4.530192127305855410e-01	6.358304586525169722e-01	4.530192127305855410e-01	4.530192127305855410e-01	4.530192127305855410e-01	7.042602379812900049e-01	4.530192127305855410e-01	4.530192127305855410e-01	4.718022211915229858e-01	4.530192127305855410e-01	4.530192127305855410e-01	6.659336876813459760e-01	6.531555362483060234e-01	4.530192127305855410e-01	6.554220291053669545e-01	4.530192127305855410e-01	4.530192127305855410e-01	6.343446232613819680e-01	4.530192127305855410e-01	4.530192127305855410e-01	5.355373356462389545e-01
6.643605897172359942e-01	1.000000000000000000e+00	5.907660574717139568e-01	5.944502568123890551e-01	4.530192127305855410e-01	5.812222748684540141e-01	4.953441670989079948e-01	4.351203615925789969e-01	4.530192127305855410e-01	4.530192127305855410e-01	4.530192127305855410e-01	4.530192127305855410e-01	4.530192127305855410e-01	4.530192127305855410e-01	4.427135915553970236e-01	4.530192127305855410e-01	6.560615448173340303e-01	4.530192127305855410e-01	4.530192127305855410e-01	5.201151864034689876e-01	5.335464771537089534e-01	4.530192127305855410e-01	4.530192127305855410e-01	4.530192127305855410e-01	4.530192127305855410e-01	5.081151393409210071e-01	7.069466309084940225e-02	4.530192127305855410e-01	4.530192127305855410e-01	4.530192127305855410e-01	4.530192127305855410e-01	4.530192127305855410e-01	6.878311785811880297e-01	2.797293430202080211e-01	6.546565590584559891e-01	5.238988054946730477e-01	5.598630937432119703e-01	4.530192127305855410e-01	4.530192127305855410e-01	4.530192127305855410e-01	4.530192127305855410e-01	4.530192127305855410e-01	4.530192127305855410e-01	4.530192127305855410e-01	4.530192127305855410e-01	4.530192127305855410e-01	4.530192127305855410e-01	4.530192127305855410e-01	5.589772997749840044e-01	4.530192127305855410e-01	5.115564927111569959e-01	4.530192127305855410e-01	4.530192127305855410e-01	4.530192127305855410e-01	4.530192127305855410e-01	4.530192127305855410e-01	4.530192127305855410e-01	4.530192127305855410e-01	4.530192127305855410e-01	4.530192127305855410e-01	4.530192127305855410e-01	4.530192127305855410e-01	4.530192127305855410e-01	4.530192127305855410e-01	4.530192127305855410e-01	4.530192127305855410e-01	5.832058640623210000e-01	4.530192127305855410e-01	5.991460331079759838e-01	4.530192127305855410e-01	4.530192127305855410e-01	4.530192127305855410e-01	4.530192127305855410e-01	4.530192127305855410e-01	4.530192127305855410e-01	4.530192127305855410e-01	4.530192127305855410e-01	4.530192127305855410e-01	4.530192127305855410e-01	4.530192127305855410e-01	4.530192127305855410e-01	1.406000833395630034e-01	4.530192127305855410e-01	4.530192127305855410e-01	4.530192127305855410e-01	4.530192127305855410e-01	5.817590076507369590e-01	5.630164023741960344e-01	4.530192127305855410e-01	4.530192127305855410e-01	5.832816166008939485e-01	6.230980988583819657e-01	4.530192127305855410e-01	5.318383707751289657e-01	4.530192127305855410e-01	4.530192127305855410e-01	4.530192127305855410e-01	4.530192127305855410e-01	4.530192127305855410e-01	4.530192127305855410e-01	4.530192127305855410e-01	4.530192127305855410e-01	5.282367082802960079e-01	4.449453488856929817e-01	6.184907665817059863e-01	4.530192127305855410e-01	4.530192127305855410e-01	4.530192127305855410e-01	4.530192127305855410e-01	4.530192127305855410e-01	4.530192127305855410e-01	4.530192127305855410e-01	5.383701913289550278e-01	4.530192127305855410e-01	4.530192127305855410e-01	6.409653713929710506e-01	4.530192127305855410e-01	4.530192127305855410e-01	6.475187195579950039e-01	5.787284268414349953e-01	4.530192127305855410e-01	4.530192127305855410e-01	4.530192127305855410e-01	4.530192127305855410e-01
4.530192127305855410e-01	5.907660574717139568e-01	1.000000000000000000e+00	5.434598662609390063e-01	2.447920214073329992e-01	5.327946220145040046e-01	4.491870356898829963e-01	4.530192127305855410e-01	3.049993530143370046e-01	4.530192127305855410e-01	4.530192127305855410e-01	5.482582283240530208e-01	4.530192127305855410e-01	4.530192127305855410e-01	4.530192127305855410e-01	6.410930848207599952e-01	4.530192127305855410e-01	4.530192127305855410e-01	4.530192127305855410e-01	4.819188372848000057e-01	4.530192127305855410e-01	4.530192127305855410e-01	4.530192127305855410e-01	4.530192127305855410e-01	4.365714814893240092e-01	4.530192127305855410e-01	6.513911507251879396e-02	4.530192127305855410e-01	5.372405124804230381e-01	4.530192127305855410e-01	4.530192127305855410e-01	4.530192127305855410e-01	6.252707128220520438e-01	2.597460154993819770e-01	4.530192127305855410e-01	4.530192127305855410e-01	4.530192127305855410e-01	5.588195299238359892e-01	3.223116951641209760e-02	5.379822036612790237e-01	4.530192127305855410e-01	4.530192127305855410e-01	4.990666781295139964e-01	4.530192127305855410e-01	4.530192127305855410e-01	5.626582164803870523e-01	4.530192127305855410e-01	4.530192127305855410e-01	4.530192127305855410e-01	5.185877654523870506e-01	4.530192127305855410e-01	4.530192127305855410e-01	4.530192127305855410e-01	5.758706306121580409e-01	1.214104583251850028e-01	4.530192127305855410e-01	4.530192127305855410e-01	5.890429224764119898e-01	4.530192127305855410e-01	4.905098017533410237e-01	4.530192127305855410e-01	4.530192127305855410e-01	4.992349123451900184e-01	3.998483011965450196e-01	4.530192127305855410e-01	4.530192127305855410e-01	5.355761148352550238e-01	4.530192127305855410e-01	4.530192127305855410e-01	4.530192127305855410e-01	5.858676458826079791e-01	4.530192127305855410e-01	4.530192127305855410e-01	4.530192127305855410e-01	4.530192127305855410e-01	5.162508499658270411e-01	4.530192127305855410e-01	5.511470583101559795e-01	4.530192127305855410e-01	5.439551101087759521e-01	4.530192127305855410e-01	1.315362755340739875e-01	3.012371016981469918e-01	1.111904355236079944e-01	4.530192127305855410e-01	4.530192127305855410e-01	5.337071374738410201e-01	4.530192127305855410e-01	4.530192127305855410e-01	4.530192127305855410e-01	5.312997493758599976e-01	4.530192127305855410e-01	4.530192127305855410e-01	4.530192127305855410e-01	2.265314993188050074e-01	4.530192127305855410e-01	4.530192127305855410e-01	4.530192127305855410e-01	3.841020138329210177e-04	5.590179379811169857e-01	4.530192127305855410e-01	4.530192127305855410e-01	4.530192127305855410e-01	4.530192127305855410e-01	5.645310370137369693e-01	4.530192127305855410e-01	4.530192127305855410e-01	4.530192127305855410e-01	6.265981591782140425e-01	5.163611451561690435e-01	4.689085988566299990e-01	4.530192127305855410e-01	4.530192127305855410e-01	6.067944722792689705e-01	4.530192127305855410e-01	4.530192127305855410e-01	5.889980657520179630e-01	4.530192127305855410e-01	4.530192127305855410e-01	5.268491688264650419e-01	5.606970088397500440e-01	5.787557711916090364e-01	4.530192127305855410e-01	4.530192127305855410e-01
6.048456605862500002e-01	5.944502568123890551e-01	5.434598662609390063e-01	1.000000000000000000e+00	4.530192127305855410e-01	4.530192127305855410e-01	4.530192127305855410e-01	4.016395308064850123e-01	4.530192127305855410e-01	4.530192127305855410e-01	5.380397037776269986e-01	4.530192127305855410e-01	4.530192127305855410e-01	4.530192127305855410e-01	4.530192127305855410e-01	4.530192127305855410e-01	6.016725636904419749e-01	4.530192127305855410e-01	4.530192127305855410e-01	4.530192127305855410e-01	4.530192127305855410e-01	4.530192127305855410e-01	4.530192127305855410e-01	4.530192127305855410e-01	4.530192127305855410e-01	4.530192127305855410e-01	4.530192127305855410e-01	4.530192127305855410e-01	5.408393125509489696e-01	4.530192127305855410e-01	4.530192127305855410e-01	4.530192127305855410e-01	4.530192127305855410e-01	4.530192127305855410e-01	4.530192127305855410e-01	4.804716850261350203e-01	4.530192127305855410e-01	4.530192127305855410e-01	4.530192127305855410e-01	5.444770941783689810e-01	5.931217626045730551e-01	4.530192127305855410e-01	4.530192127305855410e-01	4.530192127305855410e-01	4.530192127305855410e-01	4.530192127305855410e-01	4.530192127305855410e-01	4.530192127305855410e-01	4.530192127305855410e-01	5.278262603704979572e-01	4.530192127305855410e-01	4.530192127305855410e-01	4.530192127305855410e-01	4.530192127305855410e-01	4.530192127305855410e-01	5.701824007074759448e-01	4.530192127305855410e-01	4.530192127305855410e-01	4.530192127305855410e-01	4.530192127305855410e-01	4.530192127305855410e-01	4.530192127305855410e-01	4.530192127305855410e-01	4.530192127305855410e-01	4.530192127305855410e-01	3.031497811283600033e-02	4.530192127305855410e-01	1.269011898966860077e-02	4.530192127305855410e-01	4.530192127305855410e-01	5.916243522099909891e-01	4.530192127305855410e-01	6.013626569909480413e-01	5.787679332721059611e-01	4.966666363370900172e-01	5.215466885755889459e-01	4.530192127305855410e-01	5.547383064853279588e-01	4.530192127305855410e-01	4.530192127305855410e-01	4.530192127305855410e-01	4.530192127305855410e-01	3.047501214398730118e-01	4.530192127305855410e-01	5.048149376227439866e-01	4.530192127305855410e-01	5.404377200614729482e-01	4.530192127305855410e-01	4.530192127305855410e-01	7.847362898518820198e-03	5.317494457895379778e-01	4.530192127305855410e-01	4.530192127305855410e-01	4.530192127305855410e-01	4.530192127305855410e-01	4.530192127305855410e-01	4.530192127305855410e-01	4.530192127305855410e-01	4.530192127305855410e-01	4.530192127305855410e-01	2.645560095806550049e-01	5.028757206269329760e-01	4.530192127305855410e-01	4.530192127305855410e-01	4.530192127305855410e-01	4.530192127305855410e-01	4.530192127305855410e-01	4.530192127305855410e-01	4.530192127305855410e-01	4.530192127305855410e-01	4.530192127305855410e-01	4.530192127305855410e-01	4.530192127305855410e-01	4.530192127305855410e-01	4.530192127305855410e-01	4.530192127305855410e-01	4.530192127305855410e-01	4.530192127305855410e-01	4.530192127305855410e-01	5.382314742768290472e-01	4.530192127305855410e-01	5.864253722147899639e-01	4.530192127305855410e-01	4.780123756624289899e-01
4.530192127305855410e-01	4.530192127305855410e-01	2.447920214073329992e-01	4.530192127305855410e-01	9.999999999999840128e-01	2.412736740331770102e-01	2.103247374952059989e-01	4.530192127305855410e-01	4.530192127305855410e-01	1.582512426071200073e-01	4.530192127305855410e-01	4.530192127305855410e-01	2.634361783213470254e-01	4.530192127305855410e-01	4.530192127305855410e-01	2.888899512550289761e-01	2.746974567967520042e-01	2.468901862172780126e-01	4.530192127305855410e-01	4.530192127305855410e-01	2.219060214629600125e-01	4.530192127305855410e-01	4.530192127305855410e-01	2.764751616840470105e-01	4.530192127305855410e-01	2.202504011141999951e-01	4.530192127305855410e-01	4.530192127305855410e-01	4.530192127305855410e-01	4.530192127305855410e-01	4.530192127305855410e-01	4.530192127305855410e-01	4.530192127305855410e-01	1.263371296537590116e-01	4.530192127305855410e-01	4.530192127305855410e-01	4.530192127305855410e-01	2.511098407408369759e-01	4.530192127305855410e-01	2.496665160151629870e-01	4.530192127305855410e-01	4.530192127305855410e-01	4.530192127305855410e-01	5.830043268590429789e-02	1.638275522815879903e-01	4.530192127305855410e-01	4.530192127305855410e-01	2.241670381946229973e-01	2.362546006454759873e-01	4.530192127305855410e-01	2.155820486785229861e-01	4.530192127305855410e-01	2.557396040316520236e-01	4.530192127305855410e-01	4.530192127305855410e-01	4.530192127305855410e-01	2.355159332048570031e-01	4.530192127305855410e-01	4.530192127305855410e-01	4.530192127305855410e-01	4.530192127305855410e-01	4.530192127305855410e-01	4.530192127305855410e-01	1.857837384886059928e-01	1.541310366329430026e-01	4.530192127305855410e-01	2.490558683598980139e-01	4.530192127305855410e-01	4.530192127305855410e-01	4.530192127305855410e-01	4.530192127305855410e-01	8.200712179770740240e-02	4.530192127305855410e-01	2.606303210523149838e-01	2.258951065641159883e-01	2.385565096737080060e-01	4.530192127305855410e-01	4.530192127305855410e-01	2.230235024970010083e-01	4.530192127305855410e-01	4.530192127305855410e-01	4.530192127305855410e-01	4.530192127305855410e-01	4.530192127305855410e-01	4.530192127305855410e-01	4.530192127305855410e-01	2.435301421722360082e-01	4.530192127305855410e-01	4.530192127305855410e-01	5.600481295622779764e-03	4.530192127305855410e-01	2.544788032248970211e-01	4.530192127305855410e-01	2.251252245942209906e-01	4.530192127305855410e-01	2.292030940912909986e-01	2.292308169013050068e-01	4.530192127305855410e-01	4.530192127305855410e-01	4.530192127305855410e-01	4.530192127305855410e-01	2.238622077733490034e-01	4.530192127305855410e-01	4.530192127305855410e-01	4.530192127305855410e-01	4.530192127305855410e-01	4.530192127305855410e-01	4.530192127305855410e-01	4.530192127305855410e-01	4.530192127305855410e-01	4.530192127305855410e-01	4.530192127305855410e-01	4.530192127305855410e-01	4.530192127305855410e-01	4.530192127305855410e-01	4.530192127305855410e-01	2.719959187667880252e-01	2.664011361511670062e-01	4.530192127305855410e-01	4.530192127305855410e-01	4.530192127305855410e-01	4.530192127305855410e-01	2.295278893661099884e-01	2.158680485168089913e-01
4.530192127305855410e-01	5.812222748684540141e-01	5.327946220145040046e-01	4.530192127305855410e-01	2.412736740331770102e-01	1.000000000000000000e+00	4.530192127305855410e-01	3.976237140312809948e-01	4.530192127305855410e-01	4.530192127305855410e-01	5.320272361309990039e-01	5.356877218029180154e-01	5.725944988206159714e-01	4.894228398422699744e-01	4.530192127305855410e-01	4.530192127305855410e-01	4.530192127305855410e-01	4.530192127305855410e-01	4.530192127305855410e-01	4.763125226050650141e-01	4.530192127305855410e-01	4.530192127305855410e-01	4.825953712068060120e-01	4.530192127305855410e-01	4.412528072069359930e-01	4.530192127305855410e-01	4.530192127305855410e-01	4.530192127305855410e-01	4.530192127305855410e-01	4.530192127305855410e-01	4.530192127305855410e-01	4.530192127305855410e-01	6.209540449149739683e-01	2.576278839336429982e-01	4.530192127305855410e-01	4.530192127305855410e-01	4.530192127305855410e-01	5.541079796949509584e-01	4.530192127305855410e-01	4.530192127305855410e-01	5.840162467234250032e-01	4.530192127305855410e-01	4.902313107133079995e-01	4.530192127305855410e-01	4.530192127305855410e-01	5.561314444148669489e-01	4.530192127305855410e-01	4.530192127305855410e-01	4.530192127305855410e-01	5.095648621483229723e-01	4.530192127305855410e-01	4.530192127305855410e-01	5.466097952897680523e-01	5.699248227034009462e-01	4.530192127305855410e-01	5.602733173339670136e-01	4.530192127305855410e-01	4.530192127305855410e-01	4.530192127305855410e-01	4.842061610704960217e-01	5.196777839245390052e-01	4.530192127305855410e-01	4.932142870074590069e-01	4.530192127305855410e-01	4.530192127305855410e-01	4.530192127305855410e-01	4.530192127305855410e-01	4.530192127305855410e-01	4.530192127305855410e-01	7.569395902666130327e-02	4.530192127305855410e-01	4.530192127305855410e-01	5.937364413156149823e-01	5.662479539766680503e-01	4.851953711389709878e-01	4.530192127305855410e-01	4.530192127305855410e-01	5.461636832296540289e-01	4.530192127305855410e-01	5.390986337683300045e-01	4.530192127305855410e-01	1.268294456283670102e-01	4.530192127305855410e-01	4.530192127305855410e-01	4.530192127305855410e-01	1.222218216491779974e-01	5.275271435304800249e-01	4.530192127305855410e-01	1.000000000000000082e-05	4.530192127305855410e-01	4.530192127305855410e-01	5.605434849199459890e-01	5.034753294201439466e-01	4.530192127305855410e-01	2.224919097112640076e-01	4.530192127305855410e-01	4.530192127305855410e-01	4.530192127305855410e-01	4.530192127305855410e-01	4.530192127305855410e-01	2.563489745597740121e-01	4.530192127305855410e-01	4.530192127305855410e-01	4.530192127305855410e-01	4.530192127305855410e-01	4.530192127305855410e-01	4.530192127305855410e-01	5.151005707783939958e-01	6.203692976581050011e-01	5.129056357139949451e-01	4.530192127305855410e-01	4.530192127305855410e-01	4.882065880244940148e-01	4.530192127305855410e-01	4.530192127305855410e-01	4.530192127305855410e-01	4.530192127305855410e-01	4.530192127305855410e-01	4.530192127305855410e-01	4.530192127305855410e-01	4.530192127305855410e-01	4.530192127305855410e-01	4.530192127305855410e-01	4.530192127305855410e-01
4.530192127305855410e-01	4.953441670989079948e-01	4.491870356898829963e-01	4.530192127305855410e-01	2.103247374952059989e-01	4.530192127305855410e-01	1.000000000000000000e+00	3.373324231703799803e-01	4.530192127305855410e-01	4.530192127305855410e-01	4.530192127305855410e-01	4.530192127305855410e-01	4.530192127305855410e-01	4.530192127305855410e-01	4.530192127305855410e-01	4.530192127305855410e-01	4.530192127305855410e-01	4.522505240061079901e-01	4.530192127305855410e-01	4.015331510254970260e-01	4.530192127305855410e-01	4.530192127305855410e-01	4.530192127305855410e-01	4.530192127305855410e-01	4.530192127305855410e-01	4.530192127305855410e-01	4.530192127305855410e-01	4.530192127305855410e-01	4.614661160802009943e-01	4.530192127305855410e-01	4.530192127305855410e-01	4.530192127305855410e-01	5.312010255769139544e-01	2.228952186168320082e-01	4.530192127305855410e-01	4.103107283078000211e-01	4.530192127305855410e-01	4.530192127305855410e-01	2.823600367117979834e-02	4.530192127305855410e-01	4.530192127305855410e-01	3.992276739150940057e-01	4.192110248707809905e-01	4.530192127305855410e-01	4.530192127305855410e-01	4.530192127305855410e-01	4.530192127305855410e-01	4.530192127305855410e-01	4.530192127305855410e-01	4.530192127305855410e-01	3.974826599194190013e-01	4.530192127305855410e-01	4.689810984990450127e-01	4.808421545261180041e-01	4.530192127305855410e-01	4.530192127305855410e-01	4.530192127305855410e-01	4.530192127305855410e-01	4.530192127305855410e-01	4.530192127305855410e-01	4.530192127305855410e-01	4.530192127305855410e-01	4.254627867535449859e-01	3.355650374616450105e-01	4.530192127305855410e-01	4.530192127305855410e-01	4.530192127305855410e-01	4.530192127305855410e-01	4.530192127305855410e-01	4.530192127305855410e-01	4.956998907978449886e-01	4.530192127305855410e-01	4.530192127305855410e-01	4.848053257269629990e-01	4.530192127305855410e-01	4.530192127305855410e-01	4.262832155326800043e-01	4.530192127305855410e-01	4.530192127305855410e-01	4.530192127305855410e-01	4.530192127305855410e-01	4.530192127305855410e-01	4.530192127305855410e-01	4.530192127305855410e-01	4.530192127305855410e-01	4.530192127305855410e-01	4.530192127305855410e-01	4.530192127305855410e-01	4.530192127305855410e-01	4.530192127305855410e-01	4.530192127305855410e-01	4.776511538691560199e-01	4.530192127305855410e-01	4.530192127305855410e-01	4.530192127305855410e-01	4.530192127305855410e-01	4.283057438998890132e-01	4.530192127305855410e-01	4.530192127305855410e-01	4.530192127305855410e-01	4.530192127305855410e-01	4.530192127305855410e-01	4.115925531576890006e-01	4.530192127305855410e-01	4.530192127305855410e-01	4.530192127305855410e-01	4.530192127305855410e-01	4.530192127305855410e-01	4.530192127305855410e-01	4.530192127305855410e-01	4.030973599153500064e-01	4.530192127305855410e-01	4.530192127305855410e-01	5.164317129270480367e-01	4.530192127305855410e-01	4.530192127305855410e-01	4.530192127305855410e-01	4.530192127305855410e-01	4.530192127305855410e-01	4.530192127305855410e-01	4.530192127305855410e-01	4.530192127305855410e-01	4.530192127305855410e-01	4.530192127305855410e-01
4.530192127305855410e-01	4.351203615925789969e-01	4.530192127305855410e-01	4.016395308064850123e-01	4.530192127305855410e-01	3.976237140312809948e-01	3.373324231703799803e-01	1.000000000000009992e+00	4.530192127305855410e-01	4.530192127305855410e-01	4.530192127305855410e-01	4.530192127305855410e-01	4.530192127305855410e-01	3.644584321881950140e-01	4.530192127305855410e-01	4.530192127305855410e-01	4.530192127305855410e-01	4.530192127305855410e-01	4.530192127305855410e-01	4.530192127305855410e-01	4.530192127305855410e-01	4.530192127305855410e-01	3.596044540869660078e-01	4.530192127305855410e-01	4.530192127305855410e-01	3.444647013641469746e-01	5.061543743410169827e-02	4.530192127305855410e-01	4.530192127305855410e-01	4.530192127305855410e-01	4.530192127305855410e-01	4.530192127305855410e-01	4.530192127305855410e-01	1.978550471824750134e-01	4.530192127305855410e-01	4.530192127305855410e-01	4.530192127305855410e-01	4.530192127305855410e-01	4.530192127305855410e-01	3.945724309480769798e-01	4.530192127305855410e-01	4.530192127305855410e-01	3.612070148185480001e-01	4.530192127305855410e-01	4.530192127305855410e-01	4.530192127305855410e-01	2.577030976378579807e-01	4.530192127305855410e-01	4.530192127305855410e-01	3.794091326235680128e-01	3.481125291166859981e-01	4.530192127305855410e-01	4.530192127305855410e-01	4.530192127305855410e-01	4.530192127305855410e-01	4.530192127305855410e-01	3.693428895800189848e-01	4.530192127305855410e-01	4.434081482166760124e-01	4.530192127305855410e-01	3.820801487746199876e-01	2.208426345602690077e-01	4.530192127305855410e-01	4.530192127305855410e-01	4.530192127305855410e-01	2.405185159693369948e-02	4.530192127305855410e-01	1.031045657845760036e-02	4.530192127305855410e-01	4.530192127305855410e-01	4.530192127305855410e-01	4.530192127305855410e-01	4.530192127305855410e-01	4.530192127305855410e-01	4.530192127305855410e-01	3.824543728273340215e-01	4.530192127305855410e-01	4.040000803048829914e-01	4.530192127305855410e-01	4.530192127305855410e-01	3.057246477229230153e-01	4.530192127305855410e-01	4.530192127305855410e-01	4.530192127305855410e-01	4.530192127305855410e-01	9.027354757285810383e-02	4.530192127305855410e-01	4.530192127305855410e-01	4.530192127305855410e-01	4.530192127305855410e-01	4.530192127305855410e-01	4.530192127305855410e-01	3.745039968745350056e-01	4.530192127305855410e-01	4.530192127305855410e-01	3.710337338872199964e-01	4.530192127305855410e-01	4.530192127305855410e-01	4.530192127305855410e-01	4.158553690066160158e-01	4.530192127305855410e-01	3.688669183334130075e-01	4.530192127305855410e-01	4.530192127305855410e-01	4.530192127305855410e-01	4.530192127305855410e-01	4.044107465894040132e-01	3.801343005430850019e-01	4.530192127305855410e-01	3.828976782639170184e-01	4.530192127305855410e-01	4.530192127305855410e-01	4.530192127305855410e-01	4.530192127305855410e-01	4.530192127305855410e-01	4.282654530703650098e-01	4.319923322351140182e-01	4.530192127305855410e-01	4.354128257278420122e-01	3.910578779878550182e-01	4.530192127305855410e-01	4.530192127305855410e-01	4.530192127305855410e-01	4.530192127305855410e-01
4.530192127305855410e-01	4.530192127305855410e-01	3.049993530143370046e-01	4.530192127305855410e-01	4.530192127305855410e-01	4.530192127305855410e-01	4.530192127305855410e-01	4.530192127305855410e-01	9.999999999999940048e-01	4.530192127305855410e-01	4.530192127305855410e-01	4.530192127305855410e-01	4.530192127305855410e-01	4.530192127305855410e-01	4.530192127305855410e-01	4.530192127305855410e-01	4.530192127305855410e-01	2.972839008324720256e-01	4.530192127305855410e-01	4.530192127305855410e-01	4.530192127305855410e-01	4.530192127305855410e-01	4.530192127305855410e-01	4.530192127305855410e-01	4.530192127305855410e-01	4.530192127305855410e-01	4.530192127305855410e-01	4.530192127305855410e-01	4.530192127305855410e-01	4.530192127305855410e-01	2.743279808087519811e-01	4.530192127305855410e-01	4.530192127305855410e-01	4.530192127305855410e-01	4.530192127305855410e-01	4.530192127305855410e-01	4.530192127305855410e-01	3.153605277497389947e-01	2.018972970928619923e-02	4.530192127305855410e-01	4.530192127305855410e-01	4.530192127305855410e-01	2.795766831650819961e-01	4.530192127305855410e-01	4.530192127305855410e-01	3.177874619333149742e-01	4.530192127305855410e-01	2.703726163202460064e-01	4.530192127305855410e-01	4.530192127305855410e-01	4.530192127305855410e-01	4.530192127305855410e-01	4.530192127305855410e-01	4.530192127305855410e-01	4.530192127305855410e-01	3.162895945727060010e-01	4.530192127305855410e-01	3.271760945571700052e-01	4.530192127305855410e-01	4.530192127305855410e-01	4.530192127305855410e-01	4.530192127305855410e-01	4.530192127305855410e-01	4.530192127305855410e-01	1.877344382686330082e-01	1.982369656791420007e-02	4.530192127305855410e-01	4.530192127305855410e-01	4.530192127305855410e-01	4.530192127305855410e-01	3.281705155943719920e-01	4.530192127305855410e-01	3.339978877271190250e-01	3.161618469646410023e-01	4.530192127305855410e-01	2.925675692519160154e-01	2.778030511821960036e-01	3.158173357141330073e-01	4.530192127305855410e-01	4.530192127305855410e-01	4.530192127305855410e-01	4.530192127305855410e-01	1.709312927625659950e-01	4.530192127305855410e-01	2.816621236083020063e-01	7.266432225150669388e-02	4.530192127305855410e-01	2.874463256798009958e-01	4.530192127305855410e-01	6.087567073453360039e-03	4.530192127305855410e-01	3.122801019383349974e-01	4.530192127305855410e-01	4.530192127305855410e-01	4.530192127305855410e-01	4.530192127305855410e-01	4.530192127305855410e-01	4.530192127305855410e-01	3.141110491892850254e-04	4.530192127305855410e-01	4.530192127305855410e-01	2.751467005909389862e-01	4.530192127305855410e-01	4.530192127305855410e-01	4.530192127305855410e-01	4.530192127305855410e-01	4.530192127305855410e-01	4.530192127305855410e-01	3.506468515165500066e-01	4.530192127305855410e-01	2.699513175048169900e-01	4.530192127305855410e-01	4.530192127305855410e-01	4.530192127305855410e-01	4.530192127305855410e-01	3.269285975757709739e-01	4.530192127305855410e-01	4.530192127305855410e-01	4.530192127305855410e-01	4.530192127305855410e-01	4.530192127305855410e-01	4.530192127305855410e-01	2.739965069325679958e-01	4.530192127305855410e-01
4.530192127305855410e-01	4.530192127305855410e-01	4.530192127305855410e-01	4.530192127305855410e-01	1.582512426071200073e-01	4.530192127305855410e-01	4.530192127305855410e-01	4.530192127305855410e-01	4.530192127305855410e-01	9.999999999999970024e-01	3.271285022544430099e-01	3.284483749003799802e-01	4.530192127305855410e-01	2.990655171628450182e-01	4.530192127305855410e-01	3.841467979592140258e-01	4.530192127305855410e-01	4.530192127305855410e-01	4.530192127305855410e-01	4.530192127305855410e-01	2.939399418192660263e-01	4.530192127305855410e-01	2.961956650201880148e-01	4.530192127305855410e-01	2.659348408216439807e-01	2.863705073577180182e-01	4.530192127305855410e-01	4.530192127305855410e-01	4.530192127305855410e-01	4.530192127305855410e-01	2.897446084729130011e-01	3.668375011119739959e-01	4.530192127305855410e-01	4.530192127305855410e-01	4.530192127305855410e-01	4.530192127305855410e-01	4.530192127305855410e-01	3.401334535528420244e-01	4.530192127305855410e-01	4.530192127305855410e-01	4.530192127305855410e-01	4.530192127305855410e-01	4.530192127305855410e-01	4.530192127305855410e-01	4.530192127305855410e-01	4.530192127305855410e-01	4.530192127305855410e-01	2.903288373474139927e-01	4.530192127305855410e-01	4.530192127305855410e-01	4.530192127305855410e-01	4.530192127305855410e-01	3.362821799069959927e-01	3.439002587741989969e-01	4.530192127305855410e-01	3.400164905879399790e-01	4.530192127305855410e-01	3.536873917518469912e-01	3.592195823185039827e-01	4.530192127305855410e-01	4.530192127305855410e-01	4.530192127305855410e-01	4.530192127305855410e-01	4.530192127305855410e-01	1.969400279702110124e-01	4.530192127305855410e-01	4.530192127305855410e-01	4.530192127305855410e-01	4.530192127305855410e-01	5.139810407123510116e-02	4.530192127305855410e-01	4.530192127305855410e-01	3.627565999080630266e-01	4.530192127305855410e-01	4.530192127305855410e-01	4.530192127305855410e-01	3.051009127019260192e-01	3.349549980172250030e-01	4.530192127305855410e-01	3.242263725268429986e-01	4.530192127305855410e-01	8.130652681482390676e-02	4.530192127305855410e-01	4.530192127305855410e-01	4.530192127305855410e-01	4.530192127305855410e-01	3.190614888435500118e-01	4.530192127305855410e-01	4.530192127305855410e-01	4.530192127305855410e-01	3.244430313573199998e-01	3.371215536418070147e-01	3.179368035648990065e-01	2.951152319783360012e-01	4.530192127305855410e-01	4.530192127305855410e-01	4.530192127305855410e-01	3.065127778913239731e-01	3.223832138999769745e-04	3.375026073954019989e-01	4.530192127305855410e-01	4.530192127305855410e-01	4.530192127305855410e-01	4.530192127305855410e-01	4.530192127305855410e-01	3.318869756155289896e-01	4.530192127305855410e-01	4.530192127305855410e-01	3.782228695829439880e-01	4.530192127305855410e-01	2.870098933728220114e-01	4.530192127305855410e-01	4.530192127305855410e-01	4.530192127305855410e-01	4.530192127305855410e-01	4.530192127305855410e-01	3.585446433548640233e-01	3.498126496504839755e-01	4.530192127305855410e-01	3.163865941877260224e-01	4.530192127305855410e-01	4.530192127305855410e-01	2.957460925120479756e-01	2.903131427908490214e-01
4.530192127305855410e-01	4.530192127305855410e-01	4.530192127305855410e-01	5.380397037776269986e-01	4.530192127305855410e-01	5.320272361309990039e-01	4.530192127305855410e-01	4.530192127305855410e-01	4.530192127305855410e-01	3.271285022544430099e-01	1.000000000000000000e+00	4.530192127305855410e-01	4.530192127305855410e-01	4.530192127305855410e-01	4.082233250480479803e-01	6.445732910375170377e-01	5.989666411150910141e-01	4.530192127305855410e-01	6.097501428974080318e-01	4.530192127305855410e-01	4.808626468148199939e-01	4.530192127305855410e-01	4.885659901324410082e-01	4.530192127305855410e-01	4.352991601401359767e-01	4.699048036455930055e-01	6.553130872763759940e-02	2.259322229401790061e-01	4.530192127305855410e-01	4.530192127305855410e-01	4.530192127305855410e-01	4.530192127305855410e-01	6.293461540444319491e-01	2.626490426735270112e-01	5.977405800127000290e-01	4.530192127305855410e-01	5.171235627398510504e-01	4.530192127305855410e-01	4.530192127305855410e-01	5.399932689371129690e-01	4.530192127305855410e-01	4.530192127305855410e-01	4.911681225004699836e-01	4.530192127305855410e-01	4.530192127305855410e-01	5.718652659397189808e-01	4.530192127305855410e-01	4.786350767416669982e-01	5.126068994109399535e-01	5.239114485289819712e-01	4.530192127305855410e-01	4.530192127305855410e-01	4.530192127305855410e-01	5.718928973347290334e-01	4.530192127305855410e-01	5.678441497362329837e-01	4.530192127305855410e-01	5.857742550467609499e-01	4.530192127305855410e-01	4.530192127305855410e-01	5.215043157752650149e-01	4.530192127305855410e-01	4.530192127305855410e-01	3.942246278879300014e-01	4.530192127305855410e-01	4.530192127305855410e-01	5.359622529275129832e-01	1.242626584720720080e-02	4.530192127305855410e-01	7.662783620931179485e-02	5.936662372799480503e-01	4.530192127305855410e-01	4.530192127305855410e-01	4.530192127305855410e-01	4.530192127305855410e-01	4.530192127305855410e-01	4.530192127305855410e-01	4.530192127305855410e-01	4.530192127305855410e-01	4.530192127305855410e-01	4.099225470883369749e-01	4.530192127305855410e-01	4.530192127305855410e-01	4.530192127305855410e-01	4.956164841818079814e-01	4.530192127305855410e-01	4.530192127305855410e-01	4.530192127305855410e-01	4.530192127305855410e-01	7.924960723712489233e-03	4.530192127305855410e-01	4.530192127305855410e-01	4.530192127305855410e-01	4.530192127305855410e-01	4.530192127305855410e-01	4.530192127305855410e-01	4.989182574745609777e-01	5.007215904824040553e-01	4.530192127305855410e-01	4.530192127305855410e-01	2.592852307953780189e-01	4.530192127305855410e-01	4.530192127305855410e-01	4.530192127305855410e-01	4.530192127305855410e-01	4.530192127305855410e-01	4.530192127305855410e-01	5.146747094894800201e-01	4.530192127305855410e-01	4.530192127305855410e-01	4.530192127305855410e-01	4.530192127305855410e-01	4.907740610229350264e-01	6.067510303898230317e-01	4.530192127305855410e-01	4.530192127305855410e-01	4.530192127305855410e-01	4.530192127305855410e-01	4.530192127305855410e-01	4.530192127305855410e-01	5.576005607171340417e-01	4.530192127305855410e-01	4.530192127305855410e-01	4.530192127305855410e-01
4.530192127305855410e-01	4.530192127305855410e-01	5.482582283240530208e-01	4.530192127305855410e-01	4.530192127305855410e-01	5.356877218029180154e-01	4.530192127305855410e-01	4.530192127305855410e-01	4.530192127305855410e-01	3.284483749003799802e-01	4.530192127305855410e-01	1.000000000000000000e+00	4.530192127305855410e-01	4.530192127305855410e-01	4.530192127305855410e-01	6.516972572348279646e-01	4.530192127305855410e-01	4.530192127305855410e-01	6.192623023409129512e-01	4.530192127305855410e-01	4.530192127305855410e-01	6.059917993347599952e-01	5.003354784618180284e-01	4.530192127305855410e-01	4.530192127305855410e-01	4.530192127305855410e-01	6.652122437199020633e-02	2.254486832537689889e-01	5.453323835263740316e-01	4.616914855986209987e-01	4.868722039562189963e-01	4.530192127305855410e-01	4.530192127305855410e-01	4.530192127305855410e-01	4.530192127305855410e-01	4.530192127305855410e-01	5.220807769460870107e-01	4.530192127305855410e-01	3.213170844840460005e-02	5.434358611934250183e-01	4.530192127305855410e-01	4.692229382876330068e-01	4.530192127305855410e-01	4.530192127305855410e-01	3.432824476694389948e-01	4.530192127305855410e-01	4.530192127305855410e-01	4.530192127305855410e-01	5.224471925967439923e-01	5.254704269500239944e-01	4.530192127305855410e-01	4.530192127305855410e-01	4.530192127305855410e-01	5.816051114544390499e-01	1.217494709894060001e-01	4.530192127305855410e-01	4.530192127305855410e-01	4.530192127305855410e-01	4.530192127305855410e-01	4.530192127305855410e-01	4.530192127305855410e-01	4.530192127305855410e-01	4.530192127305855410e-01	4.530192127305855410e-01	4.530192127305855410e-01	2.995602471135869888e-02	4.530192127305855410e-01	1.298704947488530000e-02	4.530192127305855410e-01	4.530192127305855410e-01	4.530192127305855410e-01	4.530192127305855410e-01	4.530192127305855410e-01	5.764155428855219920e-01	4.530192127305855410e-01	4.530192127305855410e-01	4.530192127305855410e-01	4.530192127305855410e-01	4.993694257293069816e-01	4.530192127305855410e-01	4.530192127305855410e-01	4.530192127305855410e-01	3.091128478720580053e-01	4.530192127305855410e-01	4.530192127305855410e-01	4.530192127305855410e-01	4.530192127305855410e-01	4.530192127305855410e-01	4.530192127305855410e-01	8.169782742563439989e-03	4.530192127305855410e-01	5.654642944822340089e-01	5.172557036637469574e-01	4.530192127305855410e-01	2.286976404494910076e-01	5.101610004312230329e-01	5.077056267231260245e-01	4.530192127305855410e-01	4.530192127305855410e-01	4.530192127305855410e-01	2.664315303286119985e-01	5.038440353092720203e-01	4.530192127305855410e-01	4.132694635483000201e-01	5.723960913076929780e-01	5.601741785093470316e-01	4.530192127305855410e-01	4.530192127305855410e-01	4.530192127305855410e-01	4.530192127305855410e-01	4.530192127305855410e-01	4.229240756591660100e-01	4.530192127305855410e-01	4.530192127305855410e-01	5.958942904491769665e-01	4.530192127305855410e-01	4.530192127305855410e-01	4.530192127305855410e-01	5.991336422774169446e-01	4.530192127305855410e-01	4.530192127305855410e-01	5.840088608278389826e-01	4.530192127305855410e-01	4.530192127305855410e-01
