1.000000000000000000e+00	6.032780495007959987e-01	6.032780495007959987e-01	6.032780495007959987e-01	6.032780495007959987e-01	6.032780495007959987e-01	6.032780495007959987e-01	6.032780495007959987e-01	4.968202942154499868e-01	6.032780495007959987e-01	6.032780495007959987e-01	6.032780495007959987e-01	7.576396657645170230e-01	6.832648563674690312e-01	6.032780495007959987e-01	6.032780495007959987e-01	7.746235881974440352e-01	7.231021040199570038e-01	7.819095560968839509e-01	6.032780495007959987e-01	6.805592614518209960e-01	6.032780495007959987e-01	6.032780495007959987e-01	7.826637591530459792e-01	6.032780495007959987e-01	6.032780495007959987e-01	6.032780495007959987e-01	6.032780495007959987e-01	6.032780495007959987e-01	6.032780495007959987e-01	6.032780495007959987e-01	6.032780495007959987e-01	6.032780495007959987e-01	6.032780495007959987e-01	7.733932809009650411e-01	6.032780495007959987e-01	6.032780495007959987e-01	7.417517933003680008e-01	6.032780495007959987e-01	7.210325231693690551e-01	6.032780495007959987e-01	6.032780495007959987e-01	6.032780495007959987e-01	6.032780495007959987e-01	6.032780495007959987e-01	7.489827177008130388e-01	6.032780495007959987e-01	6.032780495007959987e-01	6.032780495007959987e-01	7.051321863259170097e-01	6.032780495007959987e-01	6.863227503893739589e-01	7.393617577152089559e-01	6.032780495007959987e-01	2.764756949380420270e-01	6.032780495007959987e-01	6.032780495007959987e-01	7.674784351655989934e-01	6.032780495007959987e-01	6.032780495007959987e-01	6.032780495007959987e-01	6.032780495007959987e-01	6.851046853613079746e-01	6.032780495007959987e-01	6.032780495007959987e-01	1.120682875255129968e-01	7.189043338259799576e-01	6.032780495007959987e-01	6.032780495007959987e-01	6.032780495007959987e-01	6.032780495007959987e-01	3.426781967828830266e-01	6.032780495007959987e-01	6.032780495007959987e-01	6.826812756494650136e-01	6.032780495007959987e-01	6.933773897001349606e-01	6.032780495007959987e-01	6.032780495007959987e-01	7.243965166967990532e-01	6.032780495007959987e-01	6.032780495007959987e-01	5.008537993399340138e-01	2.612045643459440236e-01	6.032780495007959987e-01	6.032780495007959987e-01	6.032780495007959987e-01	6.032780495007959987e-01	6.032780495007959987e-01	6.032780495007959987e-01	6.032780495007959987e-01	7.460539148887960215e-01	6.032780495007959987e-01	6.770314243464420345e-01	4.126007892466819760e-01	6.032780495007959987e-01	6.914472868818839491e-01	6.032780495007959987e-01	6.032780495007959987e-01	7.413175822693740535e-01	4.528755948231770190e-01	6.032780495007959987e-01	6.032780495007959987e-01	6.032780495007959987e-01	6.032780495007959987e-01	7.390689982537830272e-01	7.321701915903949809e-01	6.032780495007959987e-01	7.994957844822420112e-01	6.032780495007959987e-01	6.683171824205069722e-01	6.032780495007959987e-01	6.032780495007959987e-01	6.032780495007959987e-01	6.032780495007959987e-01	6.032780495007959987e-01	6.032780495007959987e-01	6.032780495007959987e-01	7.678977100194389616e-01	6.032780495007959987e-01	7.478848335259460356e-01	6.032780495007959987e-01	6.032780495007959987e-01	6.032780495007959987e-01
6.032780495007959987e-01	1.000000000000000000e+00	7.146718731509189571e-01	6.032780495007959987e-01	6.032780495007959987e-01	6.032780495007959987e-01	6.032780495007959987e-01	5.879543395358149960e-01	6.032780495007959987e-01	6.032780495007959987e-01	6.032780495007959987e-01	6.032780495007959987e-01	7.468172826731219738e-01	6.032780495007959987e-01	6.032780495007959987e-01	7.986980706953930031e-01	7.641268499913990153e-01	6.032780495007959987e-01	6.032780495007959987e-01	6.032780495007959987e-01	6.032780495007959987e-01	6.032780495007959987e-01	6.032780495007959987e-01	7.730841773678209794e-01	6.032780495007959987e-01	6.032780495007959987e-01	1.843421573219249932e-01	6.032780495007959987e-01	6.032780495007959987e-01	6.032780495007959987e-01	6.032780495007959987e-01	7.768975288603140461e-01	6.032780495007959987e-01	4.434884355028230196e-01	6.032780495007959987e-01	6.032780495007959987e-01	6.032780495007959987e-01	7.324496266901260322e-01	6.032780495007959987e-01	6.032780495007959987e-01	6.032780495007959987e-01	6.479139494860990389e-01	6.802019671863710482e-01	2.683757821394069931e-01	6.032780495007959987e-01	6.032780495007959987e-01	5.361409510392920463e-01	6.032780495007959987e-01	6.032780495007959987e-01	6.977816467544180057e-01	6.032780495007959987e-01	6.032780495007959987e-01	7.307426750773480251e-01	6.032780495007959987e-01	6.032780495007959987e-01	7.357631087023740468e-01	6.032780495007959987e-01	6.032780495007959987e-01	7.695332072293800119e-01	6.709607038666159928e-01	6.032780495007959987e-01	4.862123985937710224e-01	6.786102729968489511e-01	6.032780495007959987e-01	5.121140838228519510e-01	6.032780495007959987e-01	6.032780495007959987e-01	6.032780495007959987e-01	7.211256508052710235e-01	6.032780495007959987e-01	6.032780495007959987e-01	3.352880273970310077e-01	6.032780495007959987e-01	6.032780495007959987e-01	6.032780495007959987e-01	6.949744146055060190e-01	6.032780495007959987e-01	6.032780495007959987e-01	6.659040442090869982e-01	7.163891350445660278e-01	6.032780495007959987e-01	6.032780495007959987e-01	6.032780495007959987e-01	6.032780495007959987e-01	6.032780495007959987e-01	2.694863783382719924e-01	6.032780495007959987e-01	6.032780495007959987e-01	1.000000000000000021e-03	6.032780495007959987e-01	6.032780495007959987e-01	6.032780495007959987e-01	6.032780495007959987e-01	6.032780495007959987e-01	6.032780495007959987e-01	6.808006479895639673e-01	6.032780495007959987e-01	6.032780495007959987e-01	6.871244143032140261e-03	7.303531263597470291e-01	6.032780495007959987e-01	6.797432132471999955e-01	6.032780495007959987e-01	5.963934272533339964e-01	7.359004861389130125e-01	6.032780495007959987e-01	6.032780495007959987e-01	6.929626420563209654e-01	7.909765444038070470e-01	6.032780495007959987e-01	6.032780495007959987e-01	6.099745721457909831e-01	6.735398639830779688e-01	6.032780495007959987e-01	6.032780495007959987e-01	7.528574894654179728e-01	7.550628155631400329e-01	6.032780495007959987e-01	7.577612576955810031e-01	7.053429083314319836e-01	6.032780495007959987e-01	6.032780495007959987e-01	6.032780495007959987e-01	6.032780495007959987e-01
6.032780495007959987e-01	7.146718731509189571e-01	1.000000000000000000e+00	6.032780495007959987e-01	4.072881635445240178e-01	6.690794332888649887e-01	6.032780495007959987e-01	6.032780495007959987e-01	4.686573367511300270e-01	6.032780495007959987e-01	6.032780495007959987e-01	6.032780495007959987e-01	6.032780495007959987e-01	6.032780495007959987e-01	6.032780495007959987e-01	7.529532282222319850e-01	7.213908527348019684e-01	6.704978382068069731e-01	6.032780495007959987e-01	6.032780495007959987e-01	6.032780495007959987e-01	6.032780495007959987e-01	6.032780495007959987e-01	6.032780495007959987e-01	5.892050722143939989e-01	6.032780495007959987e-01	6.032780495007959987e-01	6.032780495007959987e-01	6.032780495007959987e-01	6.032780495007959987e-01	6.032780495007959987e-01	6.032780495007959987e-01	7.410390656815030175e-01	6.032780495007959987e-01	6.032780495007959987e-01	6.289693426392040099e-01	6.032780495007959987e-01	6.897582200481829906e-01	6.032780495007959987e-01	6.732300182554690204e-01	7.150140052435790539e-01	6.032780495007959987e-01	6.032780495007959987e-01	6.032780495007959987e-01	6.032780495007959987e-01	6.032780495007959987e-01	5.158231036167589822e-01	6.032780495007959987e-01	6.032780495007959987e-01	6.032780495007959987e-01	6.168275836602510331e-01	6.381435989157919764e-01	6.870046113454659764e-01	6.032780495007959987e-01	6.032780495007959987e-01	6.032780495007959987e-01	6.508077880069640386e-01	7.133407185722060451e-01	7.233797437393310048e-01	6.346830053091260249e-01	6.032780495007959987e-01	6.032780495007959987e-01	6.032780495007959987e-01	6.032780495007959987e-01	4.836349690710199933e-01	6.032780495007959987e-01	6.032780495007959987e-01	6.113756868373920045e-02	6.783281203060219644e-01	1.936690708919679982e-01	6.032780495007959987e-01	3.254492742305800101e-01	6.032780495007959987e-01	6.032780495007959987e-01	6.032780495007959987e-01	6.557439666194310179e-01	6.408657334016459872e-01	6.032780495007959987e-01	6.032780495007959987e-01	6.032780495007959987e-01	5.675342610075799765e-01	6.032780495007959987e-01	6.032780495007959987e-01	2.461249063054209985e-01	6.032780495007959987e-01	6.032780495007959987e-01	6.698105930611280012e-01	6.509078509912640254e-01	6.032780495007959987e-01	6.032780495007959987e-01	6.032780495007959987e-01	6.921732841718809537e-01	6.032780495007959987e-01	6.032780495007959987e-01	6.032780495007959987e-01	6.032780495007959987e-01	6.450399092700459525e-01	6.032780495007959987e-01	6.032780495007959987e-01	6.032780495007959987e-01	4.238195541634339758e-01	6.032780495007959987e-01	6.032780495007959987e-01	6.032780495007959987e-01	6.942494448101149684e-01	6.032780495007959987e-01	6.032780495007959987e-01	6.551421772333280158e-01	6.032780495007959987e-01	6.032780495007959987e-01	6.166987738668709973e-01	5.727758638992710427e-01	6.032780495007959987e-01	6.032780495007959987e-01	7.199109941187189499e-01	6.032780495007959987e-01	6.032780495007959987e-01	7.144369306699329680e-01	7.166629298313049734e-01	6.032780495007959987e-01	6.032780495007959987e-01	7.053641788486130215e-01	6.313498209301350306e-01	6.032780495007959987e-01
6.032780495007959987e-01	6.032780495007959987e-01	6.032780495007959987e-01	1.000000000000000000e+00	6.032780495007959987e-01	6.737471812719330044e-01	6.105769772664459971e-01	5.586629515005130386e-01	4.678323308259410007e-01	4.876625360214850158e-01	6.032780495007959987e-01	6.032780495007959987e-01	6.032780495007959987e-01	6.032780495007959987e-01	5.682077503160649634e-01	7.581793082292950237e-01	6.032780495007959987e-01	6.734009033609750228e-01	6.032780495007959987e-01	6.278754886728780127e-01	6.032780495007959987e-01	6.032780495007959987e-01	6.358351138811300096e-01	6.032780495007959987e-01	6.032780495007959987e-01	6.193095659585550194e-01	1.779626335156500039e-01	6.032780495007959987e-01	6.032780495007959987e-01	6.032780495007959987e-01	6.032780495007959987e-01	7.347119732619049604e-01	6.032780495007959987e-01	4.302556352592210032e-01	6.032780495007959987e-01	6.032780495007959987e-01	6.032780495007959987e-01	6.032780495007959987e-01	6.032780495007959987e-01	6.032780495007959987e-01	6.032780495007959987e-01	6.032780495007959987e-01	6.032780495007959987e-01	6.032780495007959987e-01	6.032780495007959987e-01	6.032780495007959987e-01	6.032780495007959987e-01	6.374204431573790020e-01	6.583502659610019903e-01	6.032780495007959987e-01	6.032780495007959987e-01	6.032780495007959987e-01	6.032780495007959987e-01	6.032780495007959987e-01	2.605608594673999856e-01	6.032780495007959987e-01	6.032780495007959987e-01	6.032780495007959987e-01	6.032780495007959987e-01	6.032780495007959987e-01	6.032780495007959987e-01	6.032780495007959987e-01	6.032780495007959987e-01	6.032780495007959987e-01	6.032780495007959987e-01	6.032780495007959987e-01	6.032780495007959987e-01	6.159465045766159691e-02	6.032780495007959987e-01	1.960415583892670122e-01	6.032780495007959987e-01	3.225564312558429902e-01	7.228272947740199683e-01	7.053736393238669855e-01	6.032780495007959987e-01	6.032780495007959987e-01	6.468865935611060047e-01	6.032780495007959987e-01	6.340601524403649547e-01	6.032780495007959987e-01	6.032780495007959987e-01	6.032780495007959987e-01	6.032780495007959987e-01	6.032780495007959987e-01	6.464353038295660436e-01	6.032780495007959987e-01	6.751896258641599813e-01	6.032780495007959987e-01	6.032780495007959987e-01	4.532252558156499994e-02	6.682414212785090513e-01	6.032780495007959987e-01	6.534648687561449565e-01	6.032780495007959987e-01	6.032780495007959987e-01	6.032780495007959987e-01	6.032780495007959987e-01	6.032780495007959987e-01	6.032780495007959987e-01	6.952530359941679894e-01	6.032780495007959987e-01	6.032780495007959987e-01	6.263437565001319651e-01	5.660535745350180337e-01	6.032780495007959987e-01	6.912460641347020207e-01	6.898800582859210273e-01	6.032780495007959987e-01	6.032780495007959987e-01	6.032780495007959987e-01	6.032780495007959987e-01	6.032780495007959987e-01	6.032780495007959987e-01	7.328488834377959726e-01	6.032780495007959987e-01	6.032780495007959987e-01	6.032780495007959987e-01	6.032780495007959987e-01	6.032780495007959987e-01	6.032780495007959987e-01	6.991742955136039939e-01	7.113159126399970500e-01	6.032780495007959987e-01	6.243139630961810349e-01
6.032780495007959987e-01	6.032780495007959987e-01	4.072881635445240178e-01	6.032780495007959987e-01	9.999999999999900080e-01	4.035421711339299833e-01	6.032780495007959987e-01	6.032780495007959987e-01	2.924907330865070265e-01	6.032780495007959987e-01	6.032780495007959987e-01	6.032780495007959987e-01	6.032780495007959987e-01	6.032780495007959987e-01	6.032780495007959987e-01	6.032780495007959987e-01	4.383800208904510276e-01	4.095128129697099828e-01	4.417679791090399766e-01	6.032780495007959987e-01	6.032780495007959987e-01	6.032780495007959987e-01	6.032780495007959987e-01	6.032780495007959987e-01	6.032780495007959987e-01	3.807313800959130079e-01	6.032780495007959987e-01	6.032780495007959987e-01	4.104601993174140095e-01	6.032780495007959987e-01	6.032780495007959987e-01	6.032780495007959987e-01	6.032780495007959987e-01	6.032780495007959987e-01	6.032780495007959987e-01	6.032780495007959987e-01	3.994699574586860202e-01	4.139662458726420247e-01	6.032780495007959987e-01	6.032780495007959987e-01	4.326552296674249787e-01	6.032780495007959987e-01	6.032780495007959987e-01	6.032780495007959987e-01	3.151990921806819834e-01	4.196078525533299963e-01	3.189419869362700166e-01	3.850387881033289772e-01	6.032780495007959987e-01	4.014523899325310174e-01	6.032780495007959987e-01	6.032780495007959987e-01	4.188214774617379788e-01	6.032780495007959987e-01	6.032780495007959987e-01	6.032780495007959987e-01	6.032780495007959987e-01	4.314483032546119756e-01	6.032780495007959987e-01	3.838780361331600166e-01	6.032780495007959987e-01	6.032780495007959987e-01	6.032780495007959987e-01	6.032780495007959987e-01	6.032780495007959987e-01	7.438307828690819690e-02	6.032780495007959987e-01	6.032780495007959987e-01	6.032780495007959987e-01	6.032780495007959987e-01	4.340718513023120173e-01	6.032780495007959987e-01	6.032780495007959987e-01	6.032780495007959987e-01	6.032780495007959987e-01	6.032780495007959987e-01	6.032780495007959987e-01	6.032780495007959987e-01	6.032780495007959987e-01	6.032780495007959987e-01	6.032780495007959987e-01	6.032780495007959987e-01	6.032780495007959987e-01	1.613597837681459979e-01	3.860659167989879959e-01	6.032780495007959987e-01	4.059468920740649800e-01	6.032780495007959987e-01	6.032780495007959987e-01	3.654365420637369771e-02	4.035750693071680217e-01	6.032780495007959987e-01	4.000114806271530266e-01	6.032780495007959987e-01	6.032780495007959987e-01	3.905375056737239725e-01	6.032780495007959987e-01	6.032780495007959987e-01	6.032780495007959987e-01	4.191377676888520254e-01	6.032780495007959987e-01	6.032780495007959987e-01	6.032780495007959987e-01	3.422720364067369792e-01	6.032780495007959987e-01	6.032780495007959987e-01	6.032780495007959987e-01	6.032780495007959987e-01	4.469827514741490093e-01	6.032780495007959987e-01	3.798673851801139811e-01	3.546097572307529977e-01	6.032780495007959987e-01	4.416547927978130006e-01	6.032780495007959987e-01	4.298766815701640098e-01	4.356234371810839834e-01	4.298829500426529782e-01	6.032780495007959987e-01	4.007422400498569792e-01	6.032780495007959987e-01	6.032780495007959987e-01	6.032780495007959987e-01	3.758788038420929900e-01
6.032780495007959987e-01	6.032780495007959987e-01	6.690794332888649887e-01	6.737471812719330044e-01	4.035421711339299833e-01	1.000000000000000000e+00	6.032780495007959987e-01	5.550913395369030390e-01	6.032780495007959987e-01	6.032780495007959987e-01	6.032780495007959987e-01	6.032780495007959987e-01	6.032780495007959987e-01	6.032780495007959987e-01	6.032780495007959987e-01	7.483691048406939661e-01	6.032780495007959987e-01	6.032780495007959987e-01	6.032780495007959987e-01	6.228960694412669641e-01	6.032780495007959987e-01	7.206051859004229954e-01	6.032780495007959987e-01	6.032780495007959987e-01	6.032780495007959987e-01	6.099438359319959702e-01	6.032780495007959987e-01	6.032780495007959987e-01	6.032780495007959987e-01	6.032780495007959987e-01	6.032780495007959987e-01	6.032780495007959987e-01	7.377697715459140548e-01	6.032780495007959987e-01	6.032780495007959987e-01	6.032780495007959987e-01	6.032780495007959987e-01	6.860407956492560189e-01	6.032780495007959987e-01	6.032780495007959987e-01	7.094494424678889910e-01	6.085018745795760520e-01	6.032780495007959987e-01	6.032780495007959987e-01	4.997491260320129913e-01	6.032780495007959987e-01	6.032780495007959987e-01	6.032780495007959987e-01	6.032780495007959987e-01	6.032780495007959987e-01	6.128926245775280224e-01	6.032780495007959987e-01	6.032780495007959987e-01	6.032780495007959987e-01	6.032780495007959987e-01	6.909029702025230035e-01	6.032780495007959987e-01	6.032780495007959987e-01	7.188617736170169747e-01	6.032780495007959987e-01	6.032780495007959987e-01	4.584027589848049811e-01	6.369142654760779898e-01	5.463397628550880070e-01	4.765722967253849807e-01	6.032780495007959987e-01	6.032780495007959987e-01	6.032780495007959987e-01	6.745338477232469820e-01	1.925592473042140040e-01	7.147325821167570536e-01	6.032780495007959987e-01	6.032780495007959987e-01	6.955963190013410014e-01	6.032780495007959987e-01	6.032780495007959987e-01	6.424283717665589810e-01	6.032780495007959987e-01	6.032780495007959987e-01	6.741213777080039549e-01	6.032780495007959987e-01	2.676905682283760024e-01	6.032780495007959987e-01	6.032780495007959987e-01	6.390310149778619664e-01	6.032780495007959987e-01	6.032780495007959987e-01	6.032780495007959987e-01	1.000000000000000021e-03	4.543725944324079891e-02	6.650623703790450314e-01	6.911155887538219522e-01	6.453399158044580419e-01	6.323393771520530171e-01	3.831998880558080134e-01	6.032780495007959987e-01	6.032780495007959987e-01	6.032780495007959987e-01	6.032780495007959987e-01	6.032780495007959987e-01	6.032780495007959987e-01	6.032780495007959987e-01	6.032780495007959987e-01	5.597376444601399603e-01	6.945564208332779543e-01	6.032780495007959987e-01	6.032780495007959987e-01	6.032780495007959987e-01	6.032780495007959987e-01	6.530288008832370039e-01	6.032780495007959987e-01	5.753645691679879492e-01	6.032780495007959987e-01	6.032780495007959987e-01	6.032780495007959987e-01	6.032780495007959987e-01	7.077694237483329598e-01	6.032780495007959987e-01	7.101666198653590056e-01	6.032780495007959987e-01	6.032780495007959987e-01	6.032780495007959987e-01	6.032780495007959987e-01	6.166420328967779918e-01
6.032780495007959987e-01	6.032780495007959987e-01	6.032780495007959987e-01	6.105769772664459971e-01	6.032780495007959987e-01	6.032780495007959987e-01	1.000000000000000000e+00	6.032780495007959987e-01	6.032780495007959987e-01	6.032780495007959987e-01	6.032780495007959987e-01	6.032780495007959987e-01	6.032780495007959987e-01	6.032780495007959987e-01	5.049177002804660086e-01	6.032780495007959987e-01	6.032780495007959987e-01	6.026245082526440200e-01	6.032780495007959987e-01	6.032780495007959987e-01	6.032780495007959987e-01	6.032780495007959987e-01	5.706524131727489513e-01	6.032780495007959987e-01	6.032780495007959987e-01	6.032780495007959987e-01	1.611108391849329913e-01	6.032780495007959987e-01	6.032780495007959987e-01	6.032780495007959987e-01	6.032780495007959987e-01	6.032780495007959987e-01	6.032780495007959987e-01	6.032780495007959987e-01	6.032780495007959987e-01	6.032780495007959987e-01	6.032780495007959987e-01	6.173732339550920267e-01	1.026195427582559938e-01	6.032780495007959987e-01	6.032780495007959987e-01	6.032780495007959987e-01	5.741414021934579948e-01	6.032780495007959987e-01	4.557097974349960112e-01	6.032780495007959987e-01	6.032780495007959987e-01	5.630638482381280507e-01	6.032780495007959987e-01	6.032780495007959987e-01	6.032780495007959987e-01	5.758667196642259789e-01	6.032780495007959987e-01	6.032780495007959987e-01	6.032780495007959987e-01	6.264518063762339883e-01	6.032780495007959987e-01	6.394287495664829901e-01	6.032780495007959987e-01	5.708420578132530343e-01	6.032780495007959987e-01	4.227471144564490246e-01	6.032780495007959987e-01	6.032780495007959987e-01	6.032780495007959987e-01	6.032780495007959987e-01	6.011910400806700361e-01	5.735915348036149664e-02	6.114953690987340318e-01	6.032780495007959987e-01	6.389610434716590515e-01	6.032780495007959987e-01	6.032780495007959987e-01	6.032780495007959987e-01	6.032780495007959987e-01	6.032780495007959987e-01	5.803046783647349827e-01	6.032780495007959987e-01	5.658405507430259718e-01	6.062858941050209838e-01	5.136489491801220497e-01	6.032780495007959987e-01	6.032780495007959987e-01	6.032780495007959987e-01	6.032780495007959987e-01	6.032780495007959987e-01	6.032780495007959987e-01	6.032780495007959987e-01	6.032780495007959987e-01	4.429731944381629788e-02	6.032780495007959987e-01	6.240128109971609938e-01	5.877887235125659471e-01	5.676724271345290340e-01	6.032780495007959987e-01	6.032780495007959987e-01	5.820604541834549783e-01	6.032780495007959987e-01	6.650392340364310283e-03	6.032780495007959987e-01	6.032780495007959987e-01	6.032780495007959987e-01	6.032780495007959987e-01	6.032780495007959987e-01	6.222428475160779460e-01	6.032780495007959987e-01	6.032780495007959987e-01	6.032780495007959987e-01	6.032780495007959987e-01	5.919693938965000513e-01	6.032780495007959987e-01	6.032780495007959987e-01	5.768013346881449843e-01	6.558905836127260081e-01	6.032780495007959987e-01	6.032780495007959987e-01	6.032780495007959987e-01	6.369979382938349977e-01	6.418852805173610454e-01	6.032780495007959987e-01	6.032780495007959987e-01	6.333317617835290125e-01	5.674178762064789883e-01	5.587011317586000336e-01
6.032780495007959987e-01	5.879543395358149960e-01	6.032780495007959987e-01	5.586629515005130386e-01	6.032780495007959987e-01	5.550913395369030390e-01	6.032780495007959987e-01	1.000000000000000000e+00	3.890376585099269979e-01	6.032780495007959987e-01	6.032780495007959987e-01	6.032780495007959987e-01	5.776171797392920526e-01	6.032780495007959987e-01	6.032780495007959987e-01	6.032780495007959987e-01	6.032780495007959987e-01	5.504435959123460398e-01	5.955329127400440514e-01	6.032780495007959987e-01	5.152445870934589944e-01	6.032780495007959987e-01	5.206031060448850223e-01	6.032780495007959987e-01	6.032780495007959987e-01	6.032780495007959987e-01	6.032780495007959987e-01	6.032780495007959987e-01	6.032780495007959987e-01	6.032780495007959987e-01	6.032780495007959987e-01	6.032780495007959987e-01	6.032780495007959987e-01	6.032780495007959987e-01	5.910414943058329706e-01	6.032780495007959987e-01	6.032780495007959987e-01	6.032780495007959987e-01	9.772458058797420244e-02	6.032780495007959987e-01	6.032780495007959987e-01	5.067829567768209476e-01	6.032780495007959987e-01	6.032780495007959987e-01	4.187231189446530277e-01	6.032780495007959987e-01	6.032780495007959987e-01	6.032780495007959987e-01	6.032780495007959987e-01	6.032780495007959987e-01	6.032780495007959987e-01	6.032780495007959987e-01	6.032780495007959987e-01	5.756044343742720004e-01	6.032780495007959987e-01	6.032780495007959987e-01	6.032780495007959987e-01	6.032780495007959987e-01	6.032780495007959987e-01	6.032780495007959987e-01	6.032780495007959987e-01	3.813844693573940070e-01	6.032780495007959987e-01	6.032780495007959987e-01	4.016392377221300047e-01	9.263458812127629838e-02	6.032780495007959987e-01	6.032780495007959987e-01	5.643664966124249949e-01	6.032780495007959987e-01	6.032780495007959987e-01	6.032780495007959987e-01	5.905218757135549668e-01	6.032780495007959987e-01	6.032780495007959987e-01	6.032780495007959987e-01	6.032780495007959987e-01	6.032780495007959987e-01	5.158379844834829475e-01	6.032780495007959987e-01	6.032780495007959987e-01	2.266792292454259949e-01	3.896273112551850160e-01	6.032780495007959987e-01	6.032780495007959987e-01	6.032780495007959987e-01	6.032780495007959987e-01	6.032780495007959987e-01	6.032780495007959987e-01	6.032780495007959987e-01	6.032780495007959987e-01	5.705155732529889612e-01	6.032780495007959987e-01	6.032780495007959987e-01	6.032780495007959987e-01	6.032780495007959987e-01	6.032780495007959987e-01	6.032780495007959987e-01	6.032780495007959987e-01	6.032780495007959987e-01	6.032780495007959987e-01	6.032780495007959987e-01	6.032780495007959987e-01	6.032780495007959987e-01	5.707320634310319996e-01	6.032780495007959987e-01	5.611201021378630083e-01	6.032780495007959987e-01	6.032780495007959987e-01	5.418809415380270167e-01	6.032780495007959987e-01	6.032780495007959987e-01	5.260396602689599854e-01	6.032780495007959987e-01	6.032780495007959987e-01	6.032780495007959987e-01	6.032780495007959987e-01	6.032780495007959987e-01	6.032780495007959987e-01	5.492235319894740453e-01	5.680613180823249619e-01	5.797202046815660426e-01	6.032780495007959987e-01	6.032780495007959987e-01
4.968202942154499868e-01	6.032780495007959987e-01	4.686573367511300270e-01	4.678323308259410007e-01	2.924907330865070265e-01	6.032780495007959987e-01	6.032780495007959987e-01	3.890376585099269979e-01	9.999999999999960032e-01	6.032780495007959987e-01	6.032780495007959987e-01	6.032780495007959987e-01	4.853365036524660003e-01	6.032780495007959987e-01	6.032780495007959987e-01	5.172270283111489730e-01	6.032780495007959987e-01	6.032780495007959987e-01	6.032780495007959987e-01	6.032780495007959987e-01	6.032780495007959987e-01	6.032780495007959987e-01	6.032780495007959987e-01	6.032780495007959987e-01	6.032780495007959987e-01	6.032780495007959987e-01	6.032780495007959987e-01	6.032780495007959987e-01	4.676408325049989934e-01	6.032780495007959987e-01	6.032780495007959987e-01	6.032780495007959987e-01	6.032780495007959987e-01	6.032780495007959987e-01	6.032780495007959987e-01	6.032780495007959987e-01	6.032780495007959987e-01	4.787572574593539909e-01	8.284282889888340551e-02	6.032780495007959987e-01	6.032780495007959987e-01	4.326571120688390004e-01	6.032780495007959987e-01	1.850212508184120030e-01	6.032780495007959987e-01	6.032780495007959987e-01	6.032780495007959987e-01	6.032780495007959987e-01	6.032780495007959987e-01	4.617682876755649923e-01	4.280954773629310206e-01	4.390887604111720077e-01	6.032780495007959987e-01	6.032780495007959987e-01	6.032780495007959987e-01	6.032780495007959987e-01	6.032780495007959987e-01	6.032780495007959987e-01	6.032780495007959987e-01	4.437461634282179879e-01	6.032780495007959987e-01	6.032780495007959987e-01	6.032780495007959987e-01	6.032780495007959987e-01	3.438283861247820039e-01	8.188106799047520368e-02	6.032780495007959987e-01	4.960287926495209748e-02	6.032780495007959987e-01	6.032780495007959987e-01	4.910798094512640044e-01	2.310725141178469888e-01	6.032780495007959987e-01	4.795333309356100138e-01	6.032780495007959987e-01	6.032780495007959987e-01	6.032780495007959987e-01	4.791997608898220240e-01	4.386308300353020106e-01	6.032780495007959987e-01	6.032780495007959987e-01	6.032780495007959987e-01	3.238551480669240035e-01	6.032780495007959987e-01	6.032780495007959987e-01	1.876039097476970008e-01	6.032780495007959987e-01	6.032780495007959987e-01	6.032780495007959987e-01	6.032780495007959987e-01	6.032780495007959987e-01	4.757672139834629998e-01	6.032780495007959987e-01	4.357328681426900219e-01	6.032780495007959987e-01	6.032780495007959987e-01	6.032780495007959987e-01	6.032780495007959987e-01	6.032780495007959987e-01	6.032780495007959987e-01	6.032780495007959987e-01	4.388374654581729817e-01	4.364501453449349810e-01	6.032780495007959987e-01	6.032780495007959987e-01	6.032780495007959987e-01	6.032780495007959987e-01	6.032780495007959987e-01	6.032780495007959987e-01	6.032780495007959987e-01	6.032780495007959987e-01	6.032780495007959987e-01	6.032780495007959987e-01	6.032780495007959987e-01	6.032780495007959987e-01	4.898928611629380092e-01	6.032780495007959987e-01	6.032780495007959987e-01	4.931037424174269934e-01	6.032780495007959987e-01	6.032780495007959987e-01	6.032780495007959987e-01	6.032780495007959987e-01	6.032780495007959987e-01
6.032780495007959987e-01	6.032780495007959987e-01	6.032780495007959987e-01	4.876625360214850158e-01	6.032780495007959987e-01	6.032780495007959987e-01	6.032780495007959987e-01	6.032780495007959987e-01	6.032780495007959987e-01	9.999999999999980016e-01	6.032780495007959987e-01	6.032780495007959987e-01	5.102676422015079982e-01	6.032780495007959987e-01	6.032780495007959987e-01	6.032780495007959987e-01	5.235422381329889463e-01	6.032780495007959987e-01	6.032780495007959987e-01	6.032780495007959987e-01	4.577388145568849764e-01	6.032780495007959987e-01	4.599777029982309862e-01	5.282024232493399696e-01	4.294025517418569859e-01	4.501800063768889859e-01	6.032780495007959987e-01	6.032780495007959987e-01	6.032780495007959987e-01	6.032780495007959987e-01	6.032780495007959987e-01	6.032780495007959987e-01	5.372237150867730238e-01	3.167060447486250152e-01	6.032780495007959987e-01	6.032780495007959987e-01	6.032780495007959987e-01	5.024312948300110326e-01	6.032780495007959987e-01	6.032780495007959987e-01	5.202638985240759517e-01	6.032780495007959987e-01	6.032780495007959987e-01	6.032780495007959987e-01	3.704574746090180115e-01	6.032780495007959987e-01	6.032780495007959987e-01	6.032780495007959987e-01	6.032780495007959987e-01	4.817660796869610018e-01	6.032780495007959987e-01	6.032780495007959987e-01	4.987928691340129950e-01	6.032780495007959987e-01	1.953131366780339884e-01	5.023210161946070063e-01	6.032780495007959987e-01	6.032780495007959987e-01	5.202474169755439970e-01	6.032780495007959987e-01	4.815816455341729863e-01	6.032780495007959987e-01	4.656356417106110035e-01	6.032780495007959987e-01	3.544956503521020097e-01	8.416088328318580003e-02	6.032780495007959987e-01	6.032780495007959987e-01	6.032780495007959987e-01	1.504063163493810085e-01	5.161221668622899550e-01	2.410658955099919953e-01	6.032780495007959987e-01	5.084648721393250081e-01	6.032780495007959987e-01	4.832829949385459845e-01	6.032780495007959987e-01	6.032780495007959987e-01	4.632384003253550153e-01	4.873045908903609891e-01	6.032780495007959987e-01	6.032780495007959987e-01	6.032780495007959987e-01	1.876921636053709985e-01	6.032780495007959987e-01	1.994548731248730056e-01	4.823356934265849993e-01	6.032780495007959987e-01	1.000000000000000021e-03	3.667728147191429838e-02	6.032780495007959987e-01	4.995871324911529965e-01	6.032780495007959987e-01	6.032780495007959987e-01	2.838586166370469788e-01	6.032780495007959987e-01	4.643905882335819801e-01	6.032780495007959987e-01	5.908534455936289599e-03	6.032780495007959987e-01	3.168550931617979960e-01	6.032780495007959987e-01	6.032780495007959987e-01	6.032780495007959987e-01	6.032780495007959987e-01	6.032780495007959987e-01	4.951354347270809919e-01	6.032780495007959987e-01	6.032780495007959987e-01	6.032780495007959987e-01	4.508212668420170099e-01	6.032780495007959987e-01	6.032780495007959987e-01	6.032780495007959987e-01	5.182046049951020139e-01	5.164793121203810067e-01	6.032780495007959987e-01	6.032780495007959987e-01	5.195953595998600294e-01	6.032780495007959987e-01	6.032780495007959987e-01	6.032780495007959987e-01	6.032780495007959987e-01	6.032780495007959987e-01
6.032780495007959987e-01	6.032780495007959987e-01	6.032780495007959987e-01	6.032780495007959987e-01	6.032780495007959987e-01	6.032780495007959987e-01	6.032780495007959987e-01	6.032780495007959987e-01	6.032780495007959987e-01	6.032780495007959987e-01	1.000000000000000000e+00	6.032780495007959987e-01	7.054684312994380369e-01	6.032780495007959987e-01	5.644906659621079514e-01	7.555594715297530017e-01	7.209878367545720090e-01	6.728263238490179710e-01	6.032780495007959987e-01	6.303138332157830481e-01	6.032780495007959987e-01	7.228588910719629945e-01	6.032780495007959987e-01	6.032780495007959987e-01	6.032780495007959987e-01	6.032780495007959987e-01	6.032780495007959987e-01	6.032780495007959987e-01	6.032780495007959987e-01	6.032780495007959987e-01	6.032780495007959987e-01	6.032780495007959987e-01	6.032780495007959987e-01	6.032780495007959987e-01	7.200455415123210301e-01	6.032780495007959987e-01	6.564512619804090399e-01	6.916884498402899872e-01	1.111241850953469945e-01	6.032780495007959987e-01	6.032780495007959987e-01	6.032780495007959987e-01	6.032780495007959987e-01	6.032780495007959987e-01	6.032780495007959987e-01	6.999926599096180091e-01	5.080295386358899545e-01	6.032780495007959987e-01	6.032780495007959987e-01	6.032780495007959987e-01	6.032780495007959987e-01	6.032780495007959987e-01	6.862692546444489894e-01	6.032780495007959987e-01	6.032780495007959987e-01	6.032780495007959987e-01	6.032780495007959987e-01	7.108117335402690529e-01	6.032780495007959987e-01	6.032780495007959987e-01	6.032780495007959987e-01	4.615533169382510237e-01	6.405986990985770291e-01	5.520580307524189934e-01	6.032780495007959987e-01	6.032780495007959987e-01	6.032780495007959987e-01	6.032780495007959987e-01	6.786925528369690541e-01	1.940721700297690089e-01	7.169091503502890150e-01	3.223591810230490018e-01	7.172724408835150500e-01	6.032780495007959987e-01	6.381405069974429578e-01	6.032780495007959987e-01	6.032780495007959987e-01	6.032780495007959987e-01	6.032780495007959987e-01	6.032780495007959987e-01	6.032780495007959987e-01	2.720336202600849851e-01	4.642862887737430055e-01	2.475003037117070037e-01	6.388924223295120441e-01	2.542745188945069734e-01	6.032780495007959987e-01	6.032780495007959987e-01	6.032780495007959987e-01	6.032780495007959987e-01	6.032780495007959987e-01	6.032780495007959987e-01	6.032780495007959987e-01	6.341506267726230162e-01	3.890411307934489860e-01	6.418667961647399611e-01	6.032780495007959987e-01	6.032780495007959987e-01	6.747591351319970343e-03	6.898448106148880044e-01	6.032780495007959987e-01	6.032780495007959987e-01	6.300033218172399474e-01	6.032780495007959987e-01	6.938024120669410433e-01	6.032780495007959987e-01	6.032780495007959987e-01	6.032780495007959987e-01	6.032780495007959987e-01	6.032780495007959987e-01	6.032780495007959987e-01	5.718236139819600217e-01	6.032780495007959987e-01	7.269543744655070361e-01	6.032780495007959987e-01	6.032780495007959987e-01	6.032780495007959987e-01	6.032780495007959987e-01	7.145058969803189663e-01	6.641357280428540344e-01	6.032780495007959987e-01	6.032780495007959987e-01	6.032780495007959987e-01	6.180369259781689495e-01
6.032780495007959987e-01	6.032780495007959987e-01	6.032780495007959987e-01	6.032780495007959987e-01	6.032780495007959987e-01	6.032780495007959987e-01	6.032780495007959987e-01	6.032780495007959987e-01	6.032780495007959987e-01	6.032780495007959987e-01	6.032780495007959987e-01	1.000000000000000000e+00	6.032780495007959987e-01	6.032780495007959987e-01	5.718511036073770093e-01	6.032780495007959987e-01	6.032780495007959987e-01	6.032780495007959987e-01	6.032780495007959987e-01	6.297405701579330550e-01	6.032780495007959987e-01	7.263736667447340256e-01	6.427683417513699871e-01	6.032780495007959987e-01	6.032780495007959987e-01	6.200979046100859593e-01	6.032780495007959987e-01	6.032780495007959987e-01	6.032780495007959987e-01	6.032780495007959987e-01	6.032780495007959987e-01	7.387898154259260330e-01	6.032780495007959987e-01	6.032780495007959987e-01	6.032780495007959987e-01	6.319993607493149534e-01	6.604607054599960225e-01	6.032780495007959987e-01	6.032780495007959987e-01	6.032780495007959987e-01	6.032780495007959987e-01	6.032780495007959987e-01	6.032780495007959987e-01	6.032780495007959987e-01	5.053951912630080257e-01	6.032780495007959987e-01	6.032780495007959987e-01	6.288938391955140039e-01	6.032780495007959987e-01	6.032780495007959987e-01	6.240409092997929452e-01	6.436844033799199449e-01	6.032780495007959987e-01	7.075786243647139706e-01	6.032780495007959987e-01	6.032780495007959987e-01	6.032780495007959987e-01	6.032780495007959987e-01	6.032780495007959987e-01	6.032780495007959987e-01	6.032780495007959987e-01	6.032780495007959987e-01	6.455019030051609707e-01	5.540397339632280316e-01	6.032780495007959987e-01	1.065665387937879960e-01	6.032780495007959987e-01	6.032780495007959987e-01	6.032780495007959987e-01	1.972353126051029915e-01	7.207328181829000258e-01	6.032780495007959987e-01	7.276228616802199456e-01	6.032780495007959987e-01	6.032780495007959987e-01	6.667911081207139601e-01	6.032780495007959987e-01	6.923196963972180207e-01	6.419759600165370061e-01	6.806486813930550106e-01	5.690321181416839735e-01	2.722010474312249739e-01	6.032780495007959987e-01	2.476124572866660045e-01	6.449729401759120018e-01	6.032780495007959987e-01	6.731418101122309539e-01	6.032780495007959987e-01	1.000000000000000021e-03	6.032780495007959987e-01	6.759037539269100447e-01	6.032780495007959987e-01	6.032780495007959987e-01	6.032780495007959987e-01	3.899876032446940033e-01	6.032780495007959987e-01	6.032780495007959987e-01	6.555777285566070089e-01	6.717209428885480109e-03	6.979773642012150336e-01	4.299142529189989848e-01	6.032780495007959987e-01	6.032780495007959987e-01	6.032780495007959987e-01	6.032780495007959987e-01	6.908249398711330258e-01	6.930149919548359572e-01	6.032780495007959987e-01	6.032780495007959987e-01	6.623813172859299714e-01	6.244631049239790510e-01	6.032780495007959987e-01	6.032780495007959987e-01	6.032780495007959987e-01	6.032780495007959987e-01	7.149153170603419483e-01	7.188537571378590396e-01	6.032780495007959987e-01	6.032780495007959987e-01	6.759796279780929673e-01	6.032780495007959987e-01	6.032780495007959987e-01	6.412489869790060082e-01	6.278978426824689540e-01
