1.000000000000000000e+00	8.623440605333945186e-01	9.086581904565630419e-01	8.623440605333945186e-01	8.623440605333945186e-01	8.623440605333945186e-01	8.802841976919200118e-01	8.623440605333945186e-01	8.623440605333945186e-01	8.269026033841510026e-01	8.623440605333945186e-01	8.623440605333945186e-01	8.623440605333945186e-01	8.943886264699429933e-01	8.623440605333945186e-01	8.623440605333945186e-01	9.278932010516840467e-01	8.623440605333945186e-01	9.304423675962240070e-01	8.623440605333945186e-01	8.623440605333945186e-01	8.623440605333945186e-01	8.623440605333945186e-01	8.623440605333945186e-01	8.742015152218840512e-01	8.623440605333945186e-01	6.106278076128149879e-01	8.623440605333945186e-01	8.623440605333945186e-01	8.623440605333945186e-01	8.892747662479899562e-01	9.330011361918300050e-01	8.623440605333945186e-01	8.623440605333945186e-01	9.274610782978810475e-01	8.623440605333945186e-01	9.014187825319850411e-01	9.161766831990959536e-01	8.623440605333945186e-01	9.086018484577419452e-01	8.623440605333945186e-01	8.623440605333945186e-01	8.623440605333945186e-01	8.623440605333945186e-01	8.623440605333945186e-01	8.623440605333945186e-01	8.623440605333945186e-01	8.897833418099410085e-01	8.623440605333945186e-01	8.623440605333945186e-01	8.861673175265799562e-01	8.623440605333945186e-01	8.623440605333945186e-01	8.623440605333945186e-01	8.623440605333945186e-01	9.179322336063759913e-01	8.623440605333945186e-01	9.253767861293149544e-01	8.623440605333945186e-01	8.939347384216049797e-01	9.051258071874780375e-01	8.623440605333945186e-01	8.623440605333945186e-01	8.623440605333945186e-01	8.623440605333945186e-01	5.265632596481170102e-01	8.623440605333945186e-01	8.623440605333945186e-01	8.623440605333945186e-01	8.623440605333945186e-01	8.623440605333945186e-01	7.306313510032460545e-01	9.278336632297029540e-01	9.215554727588489703e-01	8.941646968367999992e-01	8.623440605333945186e-01	8.982476772377320229e-01	8.623440605333945186e-01	8.925095274046559446e-01	8.623440605333945186e-01	8.623440605333945186e-01	6.954261692265220063e-01	8.165827211988040402e-01	8.623440605333945186e-01	8.964070584662110486e-01	6.832961445831230440e-01	8.623440605333945186e-01	8.623440605333945186e-01	1.000000000000000021e-03	8.623440605333945186e-01	9.079981463894239990e-01	9.177307055368230104e-01	8.623440605333945186e-01	8.623440605333945186e-01	8.623440605333945186e-01	8.623440605333945186e-01	8.975142163661009587e-01	8.991756042410560257e-01	8.623440605333945186e-01	8.623440605333945186e-01	8.623440605333945186e-01	8.971846634769590212e-01	8.623440605333945186e-01	8.623440605333945186e-01	8.623440605333945186e-01	8.623440605333945186e-01	8.623440605333945186e-01	8.623440605333945186e-01	9.365268736480839573e-01	9.042319785317000091e-01	8.623440605333945186e-01	8.689215415151430033e-01	8.623440605333945186e-01	8.623440605333945186e-01	9.267760466056600421e-01	8.623440605333945186e-01	8.623440605333945186e-01	9.240221327007089869e-01	8.623440605333945186e-01	8.623440605333945186e-01	8.623440605333945186e-01	8.623440605333945186e-01	8.927114950269050553e-01	8.897607601724120130e-01
8.623440605333945186e-01	1.000000000000000000e+00	9.062455978341980023e-01	8.623440605333945186e-01	8.623440605333945186e-01	8.623440605333945186e-01	8.623440605333945186e-01	8.623440605333945186e-01	8.623440605333945186e-01	8.240280054538300369e-01	8.623440605333945186e-01	9.077715275433859698e-01	8.623440605333945186e-01	8.623440605333945186e-01	8.623440605333945186e-01	9.362529391780529675e-01	8.623440605333945186e-01	8.623440605333945186e-01	8.623440605333945186e-01	8.623440605333945186e-01	8.623440605333945186e-01	8.623440605333945186e-01	8.890338095406730146e-01	9.273524350044769493e-01	8.623440605333945186e-01	8.623440605333945186e-01	6.092436739098869847e-01	8.623440605333945186e-01	8.623440605333945186e-01	8.623440605333945186e-01	8.623440605333945186e-01	8.623440605333945186e-01	8.623440605333945186e-01	8.623440605333945186e-01	8.623440605333945186e-01	8.861116839392270128e-01	8.623440605333945186e-01	9.127946198382970167e-01	5.320893705312359501e-01	8.623440605333945186e-01	9.218650350107560065e-01	8.623440605333945186e-01	8.623440605333945186e-01	6.801316936360890519e-01	8.623440605333945186e-01	8.623440605333945186e-01	8.623440605333945186e-01	8.623440605333945186e-01	8.623440605333945186e-01	8.623440605333945186e-01	8.623440605333945186e-01	8.623440605333945186e-01	9.121707170977130241e-01	8.623440605333945186e-01	8.623440605333945186e-01	9.140027924397799985e-01	8.623440605333945186e-01	8.623440605333945186e-01	8.623440605333945186e-01	8.623440605333945186e-01	8.623440605333945186e-01	8.095137847972999623e-01	8.925988085173750530e-01	8.553362742357160098e-01	8.623440605333945186e-01	5.264164876048810227e-01	8.623440605333945186e-01	8.623440605333945186e-01	9.086362374780649898e-01	6.273780162311169972e-01	8.623440605333945186e-01	7.259781961908240433e-01	9.231729268882460371e-01	8.623440605333945186e-01	8.623440605333945186e-01	8.988534742792060328e-01	8.623440605333945186e-01	8.623440605333945186e-01	8.623440605333945186e-01	8.623440605333945186e-01	8.623440605333945186e-01	8.623440605333945186e-01	8.623440605333945186e-01	8.623440605333945186e-01	8.623440605333945186e-01	8.623440605333945186e-01	8.623440605333945186e-01	8.623440605333945186e-01	8.623440605333945186e-01	8.623440605333945186e-01	9.040870154045870244e-01	8.623440605333945186e-01	8.967945129077860011e-01	8.886080573380990000e-01	8.623440605333945186e-01	8.623440605333945186e-01	8.623440605333945186e-01	8.948058368453409850e-01	2.323498485203280006e-01	8.623440605333945186e-01	7.915713083367500458e-01	8.930352530414620293e-01	8.623440605333945186e-01	8.623440605333945186e-01	8.623440605333945186e-01	8.623440605333945186e-01	9.101091399313200325e-01	8.623440605333945186e-01	9.335913209409369973e-01	8.623440605333945186e-01	8.844658181701620103e-01	8.651382644230569685e-01	8.623440605333945186e-01	8.623440605333945186e-01	8.623440605333945186e-01	8.623440605333945186e-01	8.623440605333945186e-01	9.205040570527790456e-01	8.623440605333945186e-01	8.623440605333945186e-01	8.623440605333945186e-01	8.623440605333945186e-01	8.623440605333945186e-01	8.623440605333945186e-01
9.086581904565630419e-01	9.062455978341980023e-01	1.000000000000000000e+00	8.623440605333945186e-01	8.623440605333945186e-01	8.889066756030490346e-01	8.609749494463130315e-01	8.405692488725480249e-01	8.623440605333945186e-01	8.623440605333945186e-01	8.909169576643920507e-01	8.623440605333945186e-01	8.623440605333945186e-01	8.623440605333945186e-01	8.436516137851359787e-01	8.623440605333945186e-01	9.087341507653400319e-01	8.623440605333945186e-01	8.623440605333945186e-01	8.623440605333945186e-01	8.623440605333945186e-01	8.623440605333945186e-01	8.623440605333945186e-01	8.623440605333945186e-01	8.623440605333945186e-01	8.623440605333945186e-01	8.623440605333945186e-01	7.558553455245919928e-01	8.623440605333945186e-01	8.626748042698769714e-01	8.623440605333945186e-01	8.623440605333945186e-01	9.159186152504159573e-01	8.623440605333945186e-01	8.623440605333945186e-01	8.729478338154680328e-01	8.828605738364340150e-01	8.623440605333945186e-01	8.623440605333945186e-01	8.905191027234570234e-01	8.623440605333945186e-01	8.666623856589109609e-01	8.781001261822140025e-01	8.623440605333945186e-01	8.623440605333945186e-01	8.623440605333945186e-01	8.236605148330500281e-01	8.623440605333945186e-01	8.623440605333945186e-01	8.623440605333945186e-01	8.623440605333945186e-01	8.766601548138599487e-01	8.623440605333945186e-01	8.623440605333945186e-01	6.740943018772439510e-01	8.623440605333945186e-01	8.623440605333945186e-01	9.057506081559230093e-01	8.623440605333945186e-01	8.752643007967909616e-01	8.623440605333945186e-01	8.623440605333945186e-01	8.623440605333945186e-01	8.623440605333945186e-01	8.623440605333945186e-01	8.623440605333945186e-01	8.623440605333945186e-01	4.408868491499520204e-01	8.924900342423019994e-01	6.181199205846269473e-01	8.623440605333945186e-01	7.196694171262849604e-01	9.078475490529099856e-01	8.623440605333945186e-01	8.623440605333945186e-01	8.623440605333945186e-01	8.623440605333945186e-01	8.623440605333945186e-01	8.760409210818860259e-01	8.923600473815660461e-01	8.470465667640399987e-01	8.623440605333945186e-01	7.989798606234750356e-01	8.623440605333945186e-01	8.801730778759649931e-01	8.623440605333945186e-01	8.623440605333945186e-01	8.817628985208040282e-01	8.623440605333945186e-01	8.623440605333945186e-01	8.623440605333945186e-01	8.623440605333945186e-01	8.623440605333945186e-01	8.741896910695500234e-01	8.623440605333945186e-01	8.623440605333945186e-01	8.794259495628620193e-01	8.789308182385680013e-01	8.623440605333945186e-01	8.623440605333945186e-01	7.775802962541410457e-01	8.623440605333945186e-01	8.623440605333945186e-01	8.474046753236920138e-01	8.985785946908609878e-01	8.623440605333945186e-01	8.623440605333945186e-01	8.623440605333945186e-01	8.623440605333945186e-01	8.623440605333945186e-01	8.679222809368130065e-01	8.623440605333945186e-01	8.623440605333945186e-01	8.623440605333945186e-01	9.081874572755560537e-01	8.623440605333945186e-01	8.623440605333945186e-01	8.623440605333945186e-01	8.623440605333945186e-01	8.623440605333945186e-01	8.623440605333945186e-01	9.027707706287819711e-01	8.739147418938030265e-01	8.692364608766459666e-01
8.623440605333945186e-01	8.623440605333945186e-01	8.623440605333945186e-01	1.000000000000000000e+00	8.623440605333945186e-01	8.907195183720519882e-01	8.653885600067620087e-01	8.623440605333945186e-01	8.623440605333945186e-01	8.623440605333945186e-01	8.623440605333945186e-01	8.623440605333945186e-01	9.032199891562520122e-01	8.764659971217170220e-01	8.623440605333945186e-01	9.220768478816450120e-01	9.093516717146069572e-01	8.623440605333945186e-01	8.623440605333945186e-01	8.623440605333945186e-01	8.750391448855270315e-01	8.623440605333945186e-01	8.623440605333945186e-01	8.623440605333945186e-01	8.623440605333945186e-01	8.623440605333945186e-01	6.029878705105850001e-01	8.623440605333945186e-01	8.623440605333945186e-01	8.623440605333945186e-01	8.732089738392220246e-01	9.136199413220169596e-01	9.171233425826400554e-01	8.623440605333945186e-01	8.623440605333945186e-01	8.623440605333945186e-01	8.623440605333945186e-01	8.623440605333945186e-01	5.297710708394020029e-01	8.925201490746860200e-01	9.069204046365320071e-01	8.692244576840200132e-01	8.790002016482050262e-01	8.623440605333945186e-01	8.623440605333945186e-01	8.623440605333945186e-01	8.623440605333945186e-01	8.623440605333945186e-01	8.623440605333945186e-01	8.623440605333945186e-01	8.623440605333945186e-01	8.623440605333945186e-01	8.965247030026569641e-01	8.623440605333945186e-01	8.623440605333945186e-01	8.623440605333945186e-01	8.623440605333945186e-01	9.062377853333970501e-01	8.623440605333945186e-01	8.623440605333945186e-01	8.623440605333945186e-01	8.623440605333945186e-01	8.623440605333945186e-01	8.623440605333945186e-01	8.623440605333945186e-01	8.623440605333945186e-01	8.623440605333945186e-01	8.623440605333945186e-01	8.623440605333945186e-01	8.623440605333945186e-01	8.623440605333945186e-01	8.623440605333945186e-01	8.623440605333945186e-01	9.027743189038049954e-01	8.623440605333945186e-01	8.853662229625539615e-01	8.623440605333945186e-01	8.623440605333945186e-01	8.623440605333945186e-01	8.623440605333945186e-01	8.623440605333945186e-01	8.623440605333945186e-01	8.007144223780580106e-01	6.698666235244570277e-01	8.623440605333945186e-01	8.623440605333945186e-01	8.912779333459219799e-01	8.623440605333945186e-01	8.623440605333945186e-01	8.623440605333945186e-01	8.623440605333945186e-01	8.623440605333945186e-01	8.623440605333945186e-01	8.742172910415290099e-01	8.623440605333945186e-01	8.623440605333945186e-01	8.785459993020330316e-01	8.623440605333945186e-01	8.623440605333945186e-01	8.623440605333945186e-01	8.623440605333945186e-01	8.793497779053529584e-01	8.623440605333945186e-01	8.623440605333945186e-01	8.996624520684319837e-01	8.623440605333945186e-01	8.623440605333945186e-01	8.854209727136700403e-01	8.623440605333945186e-01	8.623440605333945186e-01	8.710984757330180184e-01	8.516962735074179447e-01	8.623440605333945186e-01	8.623440605333945186e-01	8.623440605333945186e-01	9.048060750958779597e-01	9.062348142819259822e-01	9.063412002501649578e-01	9.083543986753730426e-01	8.905962633228120540e-01	8.623440605333945186e-01	8.623440605333945186e-01	8.750741862359709966e-01	8.623440605333945186e-01
8.623440605333945186e-01	8.623440605333945186e-01	8.623440605333945186e-01	8.623440605333945186e-01	9.999999999999970024e-01	8.623440605333945186e-01	7.470582116372690429e-01	8.623440605333945186e-01	8.623440605333945186e-01	7.083487094393550176e-01	8.623440605333945186e-01	7.705556243250040183e-01	8.623440605333945186e-01	8.623440605333945186e-01	8.623440605333945186e-01	8.623440605333945186e-01	8.623440605333945186e-01	8.623440605333945186e-01	8.623440605333945186e-01	7.531039758079389745e-01	8.623440605333945186e-01	8.623440605333945186e-01	8.623440605333945186e-01	8.623440605333945186e-01	8.623440605333945186e-01	8.623440605333945186e-01	8.623440605333945186e-01	8.623440605333945186e-01	8.623440605333945186e-01	8.623440605333945186e-01	8.623440605333945186e-01	7.882758141780269456e-01	8.623440605333945186e-01	8.623440605333945186e-01	8.623440605333945186e-01	8.623440605333945186e-01	8.623440605333945186e-01	7.722384598304620207e-01	8.623440605333945186e-01	8.623440605333945186e-01	8.623440605333945186e-01	7.523315781666920499e-01	8.623440605333945186e-01	8.623440605333945186e-01	8.623440605333945186e-01	8.623440605333945186e-01	8.623440605333945186e-01	7.560176425729430161e-01	8.623440605333945186e-01	8.623440605333945186e-01	8.623440605333945186e-01	7.603013399126480332e-01	8.623440605333945186e-01	7.778296946635829823e-01	8.623440605333945186e-01	8.623440605333945186e-01	8.623440605333945186e-01	8.623440605333945186e-01	8.623440605333945186e-01	8.623440605333945186e-01	8.623440605333945186e-01	8.623440605333945186e-01	7.592506845442880126e-01	7.299217648631820543e-01	8.623440605333945186e-01	8.623440605333945186e-01	8.623440605333945186e-01	8.623440605333945186e-01	8.623440605333945186e-01	8.623440605333945186e-01	8.623440605333945186e-01	8.623440605333945186e-01	8.623440605333945186e-01	8.623440605333945186e-01	8.623440605333945186e-01	7.648664648186439541e-01	7.570794528560089720e-01	8.623440605333945186e-01	7.552948007951389986e-01	8.623440605333945186e-01	8.623440605333945186e-01	8.623440605333945186e-01	8.623440605333945186e-01	8.623440605333945186e-01	8.623440605333945186e-01	8.623440605333945186e-01	8.623440605333945186e-01	8.623440605333945186e-01	8.623440605333945186e-01	8.623440605333945186e-01	8.623440605333945186e-01	8.623440605333945186e-01	7.645170609995599609e-01	8.623440605333945186e-01	8.623440605333945186e-01	8.623440605333945186e-01	8.623440605333945186e-01	8.623440605333945186e-01	2.188024065499959980e-01	8.623440605333945186e-01	6.762385804102669651e-01	7.558252494143240519e-01	8.623440605333945186e-01	7.303774679519510205e-01	7.758281603650180047e-01	8.623440605333945186e-01	8.623440605333945186e-01	8.623440605333945186e-01	8.623440605333945186e-01	7.651643664010939760e-01	8.623440605333945186e-01	8.623440605333945186e-01	7.554697097684489604e-01	8.623440605333945186e-01	7.830784355454379897e-01	8.623440605333945186e-01	7.838652475962429866e-01	8.623440605333945186e-01	8.623440605333945186e-01	8.623440605333945186e-01	7.760495656038639556e-01	8.623440605333945186e-01	8.623440605333945186e-01	7.507020579295450302e-01
8.623440605333945186e-01	8.623440605333945186e-01	8.889066756030490346e-01	8.907195183720519882e-01	8.623440605333945186e-01	1.000000000000000000e+00	8.623440605333945186e-01	8.623440605333945186e-01	8.623440605333945186e-01	8.623440605333945186e-01	8.886670708085939729e-01	8.623440605333945186e-01	8.623440605333945186e-01	8.749011990419429674e-01	8.447713438787050055e-01	8.623440605333945186e-01	9.068170027076599693e-01	8.878676318753859764e-01	9.091904924875390259e-01	8.704692028671650039e-01	8.623440605333945186e-01	8.623440605333945186e-01	8.623440605333945186e-01	8.623440605333945186e-01	8.581098515434180118e-01	8.623440605333945186e-01	6.016432741614180513e-01	8.623440605333945186e-01	8.876969385291929582e-01	8.623440605333945186e-01	8.704066070267989508e-01	8.623440605333945186e-01	8.623440605333945186e-01	8.623440605333945186e-01	8.623440605333945186e-01	8.623440605333945186e-01	8.801978030492769722e-01	8.623440605333945186e-01	8.623440605333945186e-01	8.623440605333945186e-01	8.623440605333945186e-01	8.645256310735800476e-01	8.623440605333945186e-01	8.623440605333945186e-01	8.623440605333945186e-01	8.623440605333945186e-01	8.623440605333945186e-01	8.702539973587309907e-01	8.623440605333945186e-01	8.623440605333945186e-01	8.623440605333945186e-01	8.623440605333945186e-01	8.623440605333945186e-01	8.623440605333945186e-01	8.623440605333945186e-01	8.623440605333945186e-01	8.623440605333945186e-01	8.623440605333945186e-01	9.077993698121320509e-01	8.623440605333945186e-01	8.623440605333945186e-01	8.623440605333945186e-01	8.761649090275259733e-01	8.623440605333945186e-01	8.047769334814699471e-01	5.194390684323280105e-01	8.890127662454540003e-01	8.623440605333945186e-01	8.623440605333945186e-01	6.170797839325640188e-01	8.623440605333945186e-01	7.145278950633729975e-01	8.623440605333945186e-01	8.990891140971509765e-01	8.623440605333945186e-01	8.623440605333945186e-01	8.783810519097869918e-01	8.623440605333945186e-01	8.721093403006090483e-01	8.908644625260789818e-01	8.623440605333945186e-01	8.623440605333945186e-01	8.623440605333945186e-01	6.609881486352799929e-01	8.770172377238070194e-01	6.749346017597369629e-01	8.623440605333945186e-01	8.623440605333945186e-01	8.623440605333945186e-01	4.041607294259310090e-01	8.873393715546510352e-01	8.623440605333945186e-01	8.623440605333945186e-01	8.623440605333945186e-01	8.623440605333945186e-01	8.764609018636639881e-01	8.765529139827420435e-01	8.782939022575230181e-01	8.623440605333945186e-01	8.623440605333945186e-01	8.623440605333945186e-01	8.782826799240700533e-01	8.623440605333945186e-01	8.436198040954530075e-01	8.623440605333945186e-01	8.623440605333945186e-01	8.623440605333945186e-01	8.833091404242350286e-01	9.145714234553840027e-01	8.826039168034669480e-01	8.623440605333945186e-01	8.623440605333945186e-01	8.623440605333945186e-01	8.623440605333945186e-01	8.623440605333945186e-01	8.623440605333945186e-01	8.623440605333945186e-01	9.034367223528809721e-01	9.045676793573610430e-01	8.623440605333945186e-01	8.969322727213849822e-01	9.007937944281799725e-01	8.623440605333945186e-01	8.623440605333945186e-01
8.802841976919200118e-01	8.623440605333945186e-01	8.609749494463130315e-01	8.653885600067620087e-01	7.470582116372690429e-01	8.623440605333945186e-01	1.000000000000000000e+00	8.623440605333945186e-01	7.798769545759229871e-01	8.623440605333945186e-01	8.623440605333945186e-01	8.623440605333945186e-01	8.623440605333945186e-01	8.479133016039800408e-01	8.623440605333945186e-01	8.623440605333945186e-01	8.623440605333945186e-01	8.620701907236799633e-01	8.837756058037690154e-01	8.623440605333945186e-01	8.623440605333945186e-01	8.623440605333945186e-01	8.484077393118789612e-01	8.623440605333945186e-01	8.623440605333945186e-01	8.623440605333945186e-01	8.623440605333945186e-01	8.623440605333945186e-01	8.623440605333945186e-01	8.623440605333945186e-01	8.623440605333945186e-01	8.623440605333945186e-01	8.623440605333945186e-01	8.623440605333945186e-01	8.623440605333945186e-01	8.465199959745329794e-01	8.623440605333945186e-01	8.623440605333945186e-01	8.623440605333945186e-01	8.623440605333945186e-01	8.776904739210269479e-01	8.623440605333945186e-01	8.623440605333945186e-01	6.495613850615290508e-01	8.623440605333945186e-01	8.700369971391910262e-01	8.623440605333945186e-01	8.623440605333945186e-01	8.623440605333945186e-01	8.565767405428680314e-01	8.415057431598810256e-01	8.623440605333945186e-01	8.623440605333945186e-01	8.623440605333945186e-01	8.623440605333945186e-01	8.623440605333945186e-01	8.623440605333945186e-01	8.771771663920230333e-01	8.808480196694700171e-01	8.623440605333945186e-01	8.623440605333945186e-01	7.770031734058040485e-01	8.522810564176610537e-01	8.623440605333945186e-01	7.857647049543869944e-01	8.623440605333945186e-01	8.614687515871519707e-01	8.623440605333945186e-01	8.623440605333945186e-01	8.623440605333945186e-01	8.623440605333945186e-01	6.976538905597440277e-01	8.802349914994660462e-01	8.733513627802920176e-01	8.623440605333945186e-01	8.623440605333945186e-01	8.525882081358220344e-01	8.678969800702589499e-01	8.623440605333945186e-01	8.623440605333945186e-01	8.623440605333945186e-01	8.623440605333945186e-01	8.623440605333945186e-01	8.623440605333945186e-01	8.623440605333945186e-01	8.623440605333945186e-01	8.623440605333945186e-01	8.558417260005569682e-01	8.623440605333945186e-01	8.623440605333945186e-01	8.623440605333945186e-01	8.623440605333945186e-01	8.557958957904919783e-01	8.471069924664620387e-01	8.623440605333945186e-01	8.623440605333945186e-01	8.623440605333945186e-01	8.623440605333945186e-01	8.623440605333945186e-01	8.623440605333945186e-01	8.623440605333945186e-01	8.499902715158450528e-01	8.623440605333945186e-01	8.623440605333945186e-01	8.702015931272170102e-01	8.623440605333945186e-01	8.623440605333945186e-01	8.549240587101030187e-01	8.623440605333945186e-01	8.623440605333945186e-01	8.623440605333945186e-01	8.623440605333945186e-01	8.510766068562030107e-01	8.623440605333945186e-01	8.623440605333945186e-01	8.623440605333945186e-01	8.623440605333945186e-01	8.761986386436110275e-01	8.623440605333945186e-01	8.583715479319440345e-01	8.623440605333945186e-01	8.747178068398550055e-01	8.623440605333945186e-01	8.623440605333945186e-01
8.623440605333945186e-01	8.623440605333945186e-01	8.405692488725480249e-01	8.623440605333945186e-01	8.623440605333945186e-01	8.623440605333945186e-01	8.623440605333945186e-01	1.000000000000000000e+00	8.623440605333945186e-01	8.623440605333945186e-01	8.402818538536469539e-01	8.623440605333945186e-01	8.514292012144349941e-01	8.279637261376270319e-01	8.029243203967729725e-01	8.623440605333945186e-01	8.576645565491830547e-01	8.623440605333945186e-01	8.623440605333945186e-01	8.623440605333945186e-01	8.623440605333945186e-01	8.575230660415330552e-01	8.623440605333945186e-01	8.623440605333945186e-01	8.623440605333945186e-01	8.623440605333945186e-01	8.623440605333945186e-01	8.623440605333945186e-01	8.391962011226480334e-01	8.623440605333945186e-01	8.217365124150569633e-01	8.606803092433500391e-01	8.623440605333945186e-01	8.623440605333945186e-01	8.623440605333945186e-01	8.623440605333945186e-01	8.343856998955310189e-01	8.623440605333945186e-01	5.058482281424240279e-01	8.623440605333945186e-01	8.623440605333945186e-01	8.623440605333945186e-01	8.265771378249170409e-01	8.623440605333945186e-01	7.748284269181220374e-01	8.486684514607789609e-01	8.623440605333945186e-01	8.623440605333945186e-01	8.324859339449209861e-01	8.623440605333945186e-01	8.623440605333945186e-01	8.623440605333945186e-01	8.623440605333945186e-01	8.623440605333945186e-01	8.623440605333945186e-01	8.623440605333945186e-01	8.300279525369469447e-01	8.623440605333945186e-01	8.623440605333945186e-01	8.623440605333945186e-01	8.623440605333945186e-01	7.539078557825760196e-01	8.623440605333945186e-01	7.927186403784930446e-01	8.623440605333945186e-01	4.979806699105129852e-01	8.623440605333945186e-01	4.250172190095750091e-01	8.623440605333945186e-01	8.623440605333945186e-01	8.623440605333945186e-01	8.623440605333945186e-01	8.623440605333945186e-01	8.623440605333945186e-01	8.259037045346260264e-01	8.623440605333945186e-01	8.294821525117860306e-01	8.440694590037050027e-01	8.623440605333945186e-01	8.424807119701159808e-01	8.623440605333945186e-01	8.623440605333945186e-01	8.623440605333945186e-01	8.623440605333945186e-01	8.286379782315419495e-01	8.623440605333945186e-01	8.406714989761610024e-01	8.623440605333945186e-01	8.623440605333945186e-01	3.953992334944250175e-01	8.623440605333945186e-01	8.623440605333945186e-01	8.321851192631160021e-01	8.237324066209910089e-01	8.623440605333945186e-01	8.307373520227300245e-01	8.292740855923630416e-01	8.623440605333945186e-01	8.623440605333945186e-01	8.623440605333945186e-01	7.390030541415050225e-01	8.623440605333945186e-01	8.227589684071320297e-01	7.997053205907550533e-01	8.623440605333945186e-01	8.458131838000819691e-01	8.442298711935609656e-01	8.623440605333945186e-01	8.623440605333945186e-01	8.623440605333945186e-01	8.623440605333945186e-01	8.623440605333945186e-01	8.623440605333945186e-01	8.602060147113970157e-01	8.623440605333945186e-01	8.623440605333945186e-01	8.547123783155939902e-01	8.558918754795360462e-01	8.559741196302940169e-01	8.623440605333945186e-01	8.472770145969950040e-01	8.623440605333945186e-01	8.623440605333945186e-01	8.227947635914399926e-01
8.623440605333945186e-01	8.623440605333945186e-01	8.623440605333945186e-01	8.623440605333945186e-01	8.623440605333945186e-01	8.623440605333945186e-01	7.798769545759229871e-01	8.623440605333945186e-01	9.999999999999990008e-01	7.362144511814969761e-01	8.623440605333945186e-01	7.999689388937519796e-01	8.623440605333945186e-01	8.623440605333945186e-01	8.623440605333945186e-01	8.623440605333945186e-01	8.146461910165619935e-01	8.623440605333945186e-01	8.158886531933490227e-01	8.623440605333945186e-01	8.623440605333945186e-01	8.149813051315369927e-01	7.855245356255520228e-01	8.623440605333945186e-01	8.623440605333945186e-01	8.623440605333945186e-01	8.623440605333945186e-01	8.623440605333945186e-01	8.623440605333945186e-01	7.761297026165639990e-01	7.851179320552129637e-01	8.171474808864740424e-01	8.623440605333945186e-01	7.036776376707980507e-01	8.623440605333945186e-01	8.623440605333945186e-01	8.623440605333945186e-01	8.623440605333945186e-01	4.819413526220769906e-01	8.623440605333945186e-01	8.623440605333945186e-01	7.822972718609639831e-01	7.879059511258159620e-01	8.623440605333945186e-01	8.623440605333945186e-01	8.070127903802010172e-01	8.623440605333945186e-01	7.829881144607230281e-01	8.623440605333945186e-01	8.623440605333945186e-01	8.623440605333945186e-01	8.623440605333945186e-01	8.024447780128429741e-01	8.085721825114220440e-01	6.128853598647719947e-01	8.623440605333945186e-01	8.623440605333945186e-01	8.114195796890150136e-01	8.150156131502129808e-01	8.623440605333945186e-01	8.623440605333945186e-01	8.623440605333945186e-01	8.623440605333945186e-01	8.623440605333945186e-01	7.313491599683590305e-01	8.623440605333945186e-01	7.971792601251319610e-01	4.146844935039000202e-01	8.623440605333945186e-01	8.623440605333945186e-01	8.623440605333945186e-01	6.509478452809569493e-01	8.145575081785080274e-01	8.062390465491450220e-01	8.623440605333945186e-01	8.623440605333945186e-01	8.623440605333945186e-01	8.623440605333945186e-01	7.854472447255650414e-01	8.623440605333945186e-01	8.623440605333945186e-01	8.623440605333945186e-01	8.623440605333945186e-01	8.623440605333945186e-01	7.890018974852179845e-01	8.623440605333945186e-01	8.623440605333945186e-01	8.623440605333945186e-01	8.623440605333945186e-01	8.623440605333945186e-01	8.623440605333945186e-01	8.623440605333945186e-01	8.623440605333945186e-01	8.623440605333945186e-01	8.623440605333945186e-01	8.623440605333945186e-01	8.623440605333945186e-01	8.623440605333945186e-01	8.623440605333945186e-01	8.623440605333945186e-01	8.623440605333945186e-01	7.855556605372969736e-01	8.623440605333945186e-01	7.622247378585119693e-01	8.057086545993440430e-01	8.623440605333945186e-01	8.623440605333945186e-01	8.623440605333945186e-01	8.623440605333945186e-01	8.623440605333945186e-01	8.623440605333945186e-01	7.680343415709689481e-01	8.623440605333945186e-01	8.623440605333945186e-01	8.116233167788450276e-01	8.113047383197089513e-01	8.623440605333945186e-01	8.623440605333945186e-01	8.623440605333945186e-01	7.962772541624030254e-01	8.052655270610300509e-01	8.623440605333945186e-01	8.623440605333945186e-01	7.800102751125399525e-01
8.269026033841510026e-01	8.240280054538300369e-01	8.623440605333945186e-01	8.623440605333945186e-01	7.083487094393550176e-01	8.623440605333945186e-01	8.623440605333945186e-01	8.623440605333945186e-01	7.362144511814969761e-01	9.999999999999990008e-01	8.623440605333945186e-01	8.623440605333945186e-01	8.210509370222760506e-01	8.623440605333945186e-01	8.623440605333945186e-01	8.361515375327950306e-01	8.623440605333945186e-01	8.623440605333945186e-01	8.623440605333945186e-01	8.623440605333945186e-01	7.953236546798010398e-01	8.623440605333945186e-01	7.964616788415610493e-01	8.623440605333945186e-01	8.623440605333945186e-01	7.914522073612789699e-01	5.587621602373910035e-01	8.623440605333945186e-01	8.623440605333945186e-01	8.623440605333945186e-01	7.931880696208729598e-01	8.289719383320499624e-01	8.623440605333945186e-01	8.623440605333945186e-01	8.623440605333945186e-01	8.623440605333945186e-01	8.623440605333945186e-01	8.623440605333945186e-01	8.623440605333945186e-01	8.117882175055980420e-01	8.257322455079529888e-01	8.623440605333945186e-01	7.997400124844089575e-01	8.623440605333945186e-01	8.623440605333945186e-01	8.160939835456479940e-01	8.623440605333945186e-01	8.623440605333945186e-01	8.623440605333945186e-01	8.073373281549940383e-01	7.925092554557330304e-01	8.623440605333945186e-01	8.155966063746560302e-01	8.190210080819440019e-01	8.623440605333945186e-01	8.623440605333945186e-01	8.020800692304660418e-01	8.623440605333945186e-01	8.257245796508240199e-01	7.967298076014639463e-01	8.072467421248179509e-01	8.623440605333945186e-01	7.993202526491519633e-01	8.623440605333945186e-01	8.623440605333945186e-01	8.623440605333945186e-01	8.093056802996340116e-01	8.623440605333945186e-01	8.623440605333945186e-01	5.739809909265649601e-01	8.238004296815629734e-01	6.590747186599059670e-01	8.272392286508759573e-01	8.623440605333945186e-01	8.623440605333945186e-01	8.080814424739199975e-01	8.623440605333945186e-01	8.623440605333945186e-01	8.623440605333945186e-01	8.623440605333945186e-01	7.737716364807020186e-01	8.623440605333945186e-01	8.623440605333945186e-01	8.623440605333945186e-01	8.623440605333945186e-01	8.623440605333945186e-01	8.623440605333945186e-01	8.623440605333945186e-01	8.623440605333945186e-01	8.623440605333945186e-01	8.101474711258620509e-01	8.623440605333945186e-01	8.623440605333945186e-01	8.623440605333945186e-01	8.623440605333945186e-01	8.623440605333945186e-01	8.623440605333945186e-01	8.623440605333945186e-01	2.222958208045660022e-01	8.161494149306800505e-01	8.623440605333945186e-01	8.623440605333945186e-01	7.958861745673579957e-01	8.623440605333945186e-01	8.623440605333945186e-01	8.623440605333945186e-01	8.623440605333945186e-01	8.623440605333945186e-01	8.623440605333945186e-01	8.042521703133369559e-01	7.917824222866970407e-01	8.623440605333945186e-01	8.623440605333945186e-01	8.623440605333945186e-01	8.623440605333945186e-01	8.623440605333945186e-01	8.623440605333945186e-01	8.216364337326369505e-01	8.623440605333945186e-01	8.623440605333945186e-01	8.623440605333945186e-01	8.623440605333945186e-01	8.623440605333945186e-01	8.623440605333945186e-01
8.623440605333945186e-01	8.623440605333945186e-01	8.909169576643920507e-01	8.623440605333945186e-01	8.623440605333945186e-01	8.886670708085939729e-01	8.623440605333945186e-01	8.402818538536469539e-01	8.623440605333945186e-01	8.623440605333945186e-01	1.000000000000000000e+00	8.623440605333945186e-01	8.623440605333945186e-01	8.623440605333945186e-01	8.457128323433640293e-01	8.623440605333945186e-01	8.623440605333945186e-01	8.623440605333945186e-01	8.623440605333945186e-01	8.623440605333945186e-01	8.623440605333945186e-01	8.623440605333945186e-01	8.623440605333945186e-01	8.623440605333945186e-01	8.559323206715819810e-01	8.623440605333945186e-01	8.623440605333945186e-01	8.623440605333945186e-01	8.623440605333945186e-01	8.623440605333945186e-01	8.704862303990149597e-01	8.623440605333945186e-01	9.170322602404129553e-01	7.787551621964909909e-01	8.623440605333945186e-01	8.623440605333945186e-01	8.623440605333945186e-01	8.976059400773039876e-01	5.252594122696849777e-01	8.623440605333945186e-01	9.054900595444339562e-01	8.623440605333945186e-01	8.623440605333945186e-01	8.623440605333945186e-01	8.623440605333945186e-01	9.007506559237440369e-01	8.623440605333945186e-01	8.623440605333945186e-01	8.623440605333945186e-01	8.623440605333945186e-01	8.623440605333945186e-01	8.623440605333945186e-01	8.955393291615779683e-01	8.623440605333945186e-01	6.717620351830240200e-01	8.995626099034730316e-01	8.623440605333945186e-01	9.048084036665560159e-01	9.109076353524380165e-01	8.623440605333945186e-01	8.623440605333945186e-01	7.972602158937750483e-01	8.623440605333945186e-01	8.623440605333945186e-01	8.061147332548980193e-01	8.623440605333945186e-01	8.623440605333945186e-01	8.623440605333945186e-01	8.623440605333945186e-01	8.623440605333945186e-01	9.070760628208930365e-01	8.623440605333945186e-01	9.072107412921750491e-01	8.623440605333945186e-01	8.623440605333945186e-01	8.623440605333945186e-01	8.623440605333945186e-01	8.623440605333945186e-01	8.623440605333945186e-01	8.913332106404260324e-01	8.623440605333945186e-01	8.623440605333945186e-01	8.623440605333945186e-01	6.641820562227429559e-01	8.623440605333945186e-01	8.623440605333945186e-01	8.623440605333945186e-01	8.816078910493839738e-01	1.000000000000000021e-03	8.623440605333945186e-01	8.879367694850509585e-01	8.973337180785150302e-01	8.827174359885370247e-01	8.623440605333945186e-01	8.623440605333945186e-01	8.623440605333945186e-01	8.780512763280350352e-01	8.623440605333945186e-01	8.623440605333945186e-01	8.623440605333945186e-01	7.768799070455000289e-01	8.623440605333945186e-01	8.623440605333945186e-01	8.623440605333945186e-01	8.623440605333945186e-01	8.950532328510030222e-01	8.623440605333945186e-01	8.623440605333945186e-01	8.623440605333945186e-01	8.623440605333945186e-01	8.623440605333945186e-01	8.623440605333945186e-01	8.753524782651820324e-01	9.107823770934440066e-01	8.623440605333945186e-01	9.040908067052969566e-01	9.056385234220719616e-01	8.623440605333945186e-01	9.061839152009329990e-01	8.623440605333945186e-01	8.623440605333945186e-01	9.033468424399879737e-01	8.623440605333945186e-01	8.623440605333945186e-01
8.623440605333945186e-01	9.077715275433859698e-01	8.623440605333945186e-01	8.623440605333945186e-01	7.705556243250040183e-01	8.623440605333945186e-01	8.623440605333945186e-01	8.623440605333945186e-01	7.999689388937519796e-01	8.623440605333945186e-01	8.623440605333945186e-01	1.000000000000000000e+00	8.623440605333945186e-01	8.763895370291779896e-01	8.623440605333945186e-01	8.623440605333945186e-01	8.623440605333945186e-01	8.623440605333945186e-01	8.623440605333945186e-01	8.732613756388899473e-01	8.623440605333945186e-01	8.623440605333945186e-01	8.785172465107420336e-01	9.149816105780049780e-01	8.623440605333945186e-01	8.693214609901900314e-01	8.623440605333945186e-01	8.623440605333945186e-01	8.623440605333945186e-01	8.623440605333945186e-01	8.623440605333945186e-01	8.623440605333945186e-01	8.623440605333945186e-01	8.623440605333945186e-01	9.100534187452610224e-01	8.623440605333945186e-01	8.623440605333945186e-01	9.005010212585690121e-01	5.257014517519790209e-01	8.623440605333945186e-01	9.094938699851849995e-01	8.623440605333945186e-01	8.623440605333945186e-01	6.695430262161180535e-01	8.623440605333945186e-01	9.030027867401909658e-01	8.221907676769889539e-01	8.623440605333945186e-01	8.856519437109060533e-01	8.623440605333945186e-01	8.623440605333945186e-01	8.788839745660470548e-01	8.975187589856510328e-01	9.036004112908779806e-01	6.744459587079369989e-01	8.623440605333945186e-01	8.623440605333945186e-01	9.091162358996860426e-01	9.115684990062360438e-01	8.623440605333945186e-01	8.623440605333945186e-01	8.623440605333945186e-01	8.623440605333945186e-01	8.623440605333945186e-01	8.118246033048149846e-01	8.623440605333945186e-01	8.623440605333945186e-01	4.437658494991280067e-01	8.623440605333945186e-01	8.623440605333945186e-01	8.623440605333945186e-01	8.623440605333945186e-01	8.623440605333945186e-01	8.623440605333945186e-01	8.623440605333945186e-01	8.623440605333945186e-01	8.811273215476580489e-01	8.623440605333945186e-01	8.623440605333945186e-01	8.933836984991010421e-01	8.623440605333945186e-01	8.623440605333945186e-01	8.028460429252820552e-01	8.623440605333945186e-01	8.623440605333945186e-01	6.734691472279560331e-01	8.623440605333945186e-01	8.623440605333945186e-01	1.000000000000000021e-03	8.623440605333945186e-01	8.915540823527650094e-01	8.623440605333945186e-01	8.623440605333945186e-01	8.623440605333945186e-01	8.623440605333945186e-01	8.623440605333945186e-01	8.623440605333945186e-01	8.623440605333945186e-01	8.623440605333945186e-01	8.623440605333945186e-01	7.808406413744110042e-01	8.796662306032440037e-01	8.623440605333945186e-01	8.476583886870630025e-01	8.623440605333945186e-01	8.623440605333945186e-01	8.623440605333945186e-01	8.854975849699889823e-01	9.188493852840089460e-01	8.623440605333945186e-01	8.623440605333945186e-01	8.623440605333945186e-01	8.774315509397460078e-01	8.623440605333945186e-01	8.623440605333945186e-01	8.623440605333945186e-01	9.077964031222039987e-01	8.623440605333945186e-01	9.086327227446570065e-01	8.623440605333945186e-01	8.996065128600200245e-01	8.623440605333945186e-01	8.623440605333945186e-01	8.623440605333945186e-01
