1.000000000000000000e+00	6.967194076050580165e-01	8.115679640584380072e-01	8.115679640584380072e-01	8.115679640584380072e-01	8.115679640584380072e-01	8.115679640584380072e-01	8.115679640584380072e-01	8.115679640584380072e-01	8.115679640584380072e-01	8.115679640584380072e-01	8.115679640584380072e-01	8.873428673016460211e-01	4.199623450072699771e-01	8.115679640584380072e-01	8.115679640584380072e-01	8.591066963452780314e-01	8.115679640584380072e-01	8.115679640584380072e-01	8.115679640584380072e-01	6.410509725250299606e-01	8.115679640584380072e-01	8.115679640584380072e-01	8.002373450385610321e-01	8.115679640584380072e-01	8.115679640584380072e-01	8.115679640584380072e-01	8.476668542650750426e-01	9.353791942996559916e-01	8.115679640584380072e-01	8.234323131038420174e-01	9.460893363214829543e-01	9.309228863123849562e-01	8.377895361012219766e-01	8.115679640584380072e-01	8.115679640584380072e-01	8.115679640584380072e-01	8.115679640584380072e-01	8.115679640584380072e-01	8.891451474881040262e-01	9.459481561053070253e-01	7.204863411009849727e-01	8.909152915045830401e-01	8.115679640584380072e-01	8.115679640584380072e-01	8.115679640584380072e-01	8.115679640584380072e-01	8.115679640584380072e-01	8.750271489452090545e-01	8.115679640584380072e-01	8.115679640584380072e-01	8.967846392958539470e-01	8.115679640584380072e-01	8.115679640584380072e-01	9.283029899183600220e-01	8.115679640584380072e-01	9.350973674746499986e-01	8.115679640584380072e-01	8.115679640584380072e-01	9.348317228139629842e-01	8.115679640584380072e-01	8.115679640584380072e-01	9.287933250409600161e-01	4.586178369365039864e-01	8.115679640584380072e-01	8.115679640584380072e-01	8.133377081373539541e-01	7.674500899938979659e-01	9.095162108139279722e-01	9.151508391861360447e-01	9.373651224183600084e-01	8.115679640584380072e-01	8.115679640584380072e-01	8.986679931770660268e-01	5.429284510988340307e-01	8.115679640584380072e-01	9.264053851062790113e-01	8.115679640584380072e-01	8.115679640584380072e-01	9.424579463717099870e-01	8.115679640584380072e-01	8.115679640584380072e-01	8.115679640584380072e-01	8.115679640584380072e-01	9.394388429253890394e-01	8.115679640584380072e-01	9.490835069363849907e-01	9.009559931899829843e-01	8.115679640584380072e-01	8.115679640584380072e-01	8.115679640584380072e-01	8.115679640584380072e-01	8.115679640584380072e-01	8.115679640584380072e-01	9.380702117223029823e-01	8.115679640584380072e-01	8.115679640584380072e-01	8.115679640584380072e-01	9.564114352990460421e-01	8.115679640584380072e-01	9.513360343911200223e-01	8.115679640584380072e-01	8.115679640584380072e-01	7.583246520780889677e-01	8.115679640584380072e-01	8.115679640584380072e-01	8.115679640584380072e-01	8.115679640584380072e-01	8.115679640584380072e-01	8.115679640584380072e-01	8.115679640584380072e-01	8.115679640584380072e-01	8.115679640584380072e-01	8.115679640584380072e-01	8.115679640584380072e-01	8.115679640584380072e-01	8.115679640584380072e-01	8.115679640584380072e-01	8.115679640584380072e-01	8.115679640584380072e-01	7.064829234281500003e-01	8.115679640584380072e-01	8.115679640584380072e-01	8.115679640584380072e-01
6.967194076050580165e-01	1.000000000000000000e+00	8.115679640584380072e-01	6.904908755223060357e-01	7.601527980063740308e-01	8.115679640584380072e-01	8.115679640584380072e-01	8.115679640584380072e-01	7.460825435716980092e-01	8.115679640584380072e-01	7.518366166414409690e-01	8.115679640584380072e-01	7.178135840249529886e-01	8.115679640584380072e-01	6.312942565178969456e-01	7.106720556092429586e-01	8.115679640584380072e-01	6.974816464911329783e-01	6.301412145574210033e-01	8.115679640584380072e-01	7.214609064705890251e-01	8.115679640584380072e-01	8.115679640584380072e-01	8.115679640584380072e-01	8.115679640584380072e-01	8.115679640584380072e-01	8.115679640584380072e-01	7.255451753450270491e-01	8.115679640584380072e-01	8.115679640584380072e-01	6.789559771089550555e-01	8.115679640584380072e-01	8.115679640584380072e-01	8.115679640584380072e-01	8.115679640584380072e-01	8.115679640584380072e-01	8.115679640584380072e-01	6.991470617693069656e-01	8.115679640584380072e-01	7.473555022681429572e-01	6.501444524813400072e-01	8.115679640584380072e-01	8.115679640584380072e-01	8.115679640584380072e-01	6.054184979038680359e-01	7.932814279442580441e-01	8.115679640584380072e-01	8.115679640584380072e-01	8.115679640584380072e-01	8.115679640584380072e-01	8.115679640584380072e-01	8.115679640584380072e-01	8.115679640584380072e-01	8.115679640584380072e-01	6.077861243095780130e-01	8.115679640584380072e-01	6.307509600211950174e-01	6.127549079048949521e-01	8.115679640584380072e-01	8.115679640584380072e-01	8.115679640584380072e-01	8.115679640584380072e-01	8.115679640584380072e-01	6.896907496396560422e-01	7.600786278176180355e-01	8.115679640584380072e-01	8.115679640584380072e-01	8.115679640584380072e-01	8.115679640584380072e-01	8.115679640584380072e-01	8.115679640584380072e-01	8.115679640584380072e-01	8.115679640584380072e-01	7.058890998155770147e-01	8.115679640584380072e-01	7.736175830269480524e-01	6.160275061558160292e-01	8.115679640584380072e-01	8.115679640584380072e-01	8.115679640584380072e-01	8.115679640584380072e-01	8.115679640584380072e-01	8.115679640584380072e-01	8.115679640584380072e-01	8.115679640584380072e-01	5.982506160020889530e-01	8.115679640584380072e-01	8.115679640584380072e-01	8.115679640584380072e-01	8.115679640584380072e-01	7.451709488950070126e-01	8.115679640584380072e-01	8.115679640584380072e-01	8.115679640584380072e-01	8.115679640584380072e-01	5.734165029751600029e-01	8.115679640584380072e-01	8.115679640584380072e-01	8.115679640584380072e-01	6.534666912904559810e-01	8.115679640584380072e-01	8.115679640584380072e-01	8.115679640584380072e-01	7.894431893133200262e-01	8.115679640584380072e-01	8.115679640584380072e-01	8.294234211883749763e-01	6.171405532920739567e-01	8.115679640584380072e-01	8.115679640584380072e-01	6.111479350165980318e-01	8.115679640584380072e-01	8.115679640584380072e-01	8.115679640584380072e-01	8.026270967535800160e-01	8.115679640584380072e-01	8.115679640584380072e-01	7.358921370413950003e-01	7.019739010915839739e-01	5.989051260934660226e-01	8.115679640584380072e-01	8.115679640584380072e-01	8.115679640584380072e-01	8.115679640584380072e-01
8.115679640584380072e-01	8.115679640584380072e-01	1.000000000000000000e+00	8.115679640584380072e-01	8.115679640584380072e-01	7.797921180236220273e-01	8.115679640584380072e-01	8.115679640584380072e-01	8.115679640584380072e-01	8.512651966071239640e-01	8.115679640584380072e-01	8.115679640584380072e-01	8.115679640584380072e-01	8.115679640584380072e-01	8.115679640584380072e-01	8.115679640584380072e-01	8.115679640584380072e-01	8.115679640584380072e-01	8.115679640584380072e-01	8.115679640584380072e-01	8.115679640584380072e-01	8.115679640584380072e-01	8.462084653826370539e-01	8.115679640584380072e-01	8.115679640584380072e-01	8.115679640584380072e-01	8.115679640584380072e-01	7.695365098751879573e-01	8.115679640584380072e-01	8.115679640584380072e-01	8.115679640584380072e-01	8.115679640584380072e-01	8.115679640584380072e-01	8.115679640584380072e-01	8.115679640584380072e-01	8.115679640584380072e-01	7.145209234520979447e-01	8.115679640584380072e-01	8.115679640584380072e-01	8.115679640584380072e-01	8.115679640584380072e-01	8.115679640584380072e-01	8.115679640584380072e-01	6.182786784530189816e-01	6.326182336028699504e-01	8.115679640584380072e-01	8.115679640584380072e-01	8.115679640584380072e-01	8.094163662211200094e-01	8.115679640584380072e-01	8.115679640584380072e-01	8.115679640584380072e-01	8.115679640584380072e-01	8.115679640584380072e-01	6.079309185733400289e-01	8.115679640584380072e-01	6.256901160070800216e-01	6.590093716418680136e-01	8.115679640584380072e-01	8.115679640584380072e-01	6.181881899464299890e-01	8.115679640584380072e-01	8.115679640584380072e-01	8.115679640584380072e-01	8.115679640584380072e-01	8.115679640584380072e-01	7.845375164845690419e-01	8.115679640584380072e-01	8.115679640584380072e-01	6.074704877365669775e-01	8.115679640584380072e-01	8.115679640584380072e-01	6.200947919485100268e-01	8.115679640584380072e-01	8.115679640584380072e-01	8.115679640584380072e-01	8.115679640584380072e-01	8.115679640584380072e-01	8.490424681803200313e-01	6.722203350342179640e-01	8.115679640584380072e-01	8.115679640584380072e-01	8.115679640584380072e-01	8.998396727171880105e-01	6.291076246687199447e-01	8.115679640584380072e-01	8.115679640584380072e-01	8.115679640584380072e-01	8.115679640584380072e-01	8.115679640584380072e-01	8.115679640584380072e-01	8.115679640584380072e-01	7.417698285996630059e-01	8.115679640584380072e-01	8.115679640584380072e-01	8.115679640584380072e-01	8.115679640584380072e-01	8.115679640584380072e-01	8.115679640584380072e-01	8.115679640584380072e-01	8.115679640584380072e-01	8.574637321859019945e-01	8.115679640584380072e-01	8.115679640584380072e-01	6.791645043679580551e-01	8.115679640584380072e-01	8.115679640584380072e-01	8.115679640584380072e-01	8.115679640584380072e-01	5.906571402448279606e-01	8.115679640584380072e-01	8.115679640584380072e-01	8.115679640584380072e-01	8.115679640584380072e-01	8.115679640584380072e-01	8.115679640584380072e-01	8.115679640584380072e-01	7.647852666559989965e-01	8.115679640584380072e-01	6.266317625899400223e-01	8.115679640584380072e-01	8.115679640584380072e-01	8.115679640584380072e-01	8.115679640584380072e-01
8.115679640584380072e-01	6.904908755223060357e-01	8.115679640584380072e-01	1.000000000000000000e+00	8.485698820121070352e-01	8.040103757947789642e-01	7.913758797874550499e-01	8.115679640584380072e-01	8.115679640584380072e-01	8.115679640584380072e-01	8.115679640584380072e-01	8.115679640584380072e-01	8.634595606509299914e-01	5.166289656638739514e-01	8.115679640584380072e-01	8.115679640584380072e-01	8.115679640584380072e-01	8.115679640584380072e-01	8.115679640584380072e-01	8.115679640584380072e-01	8.115679640584380072e-01	8.121667737105600082e-01	7.806474821736529845e-01	8.115679640584380072e-01	8.115679640584380072e-01	8.115679640584380072e-01	8.115679640584380072e-01	8.115679640584380072e-01	8.115679640584380072e-01	8.115679640584380072e-01	8.115679640584380072e-01	7.995624228661529775e-01	8.115679640584380072e-01	8.115679640584380072e-01	8.115679640584380072e-01	7.854386595965170415e-01	8.115679640584380072e-01	8.097881260304370388e-01	8.115679640584380072e-01	8.270464495243240455e-01	8.057913899119549805e-01	8.115679640584380072e-01	8.115679640584380072e-01	8.115679640584380072e-01	8.115679640584380072e-01	6.996769786511569666e-01	8.115679640584380072e-01	8.013887803845609614e-01	8.115679640584380072e-01	8.115679640584380072e-01	8.115679640584380072e-01	8.087638760827320361e-01	8.115679640584380072e-01	8.115679640584380072e-01	7.795482200625669655e-01	8.115679640584380072e-01	8.115679640584380072e-01	8.115679640584380072e-01	8.115679640584380072e-01	8.115679640584380072e-01	8.115679640584380072e-01	8.115679640584380072e-01	8.115679640584380072e-01	8.115679640584380072e-01	8.115679640584380072e-01	7.055792128437140542e-01	8.115679640584380072e-01	8.115679640584380072e-01	8.115679640584380072e-01	8.115679640584380072e-01	8.115679640584380072e-01	8.115679640584380072e-01	8.115679640584380072e-01	8.115679640584380072e-01	8.115679640584380072e-01	8.115679640584380072e-01	7.989889572924100403e-01	8.115679640584380072e-01	8.115679640584380072e-01	8.115679640584380072e-01	8.156027146725890464e-01	8.141550953633499565e-01	8.115679640584380072e-01	7.179351385724099810e-01	7.970239497159119502e-01	8.115679640584380072e-01	8.115679640584380072e-01	8.115679640584380072e-01	8.115679640584380072e-01	8.115679640584380072e-01	8.115679640584380072e-01	8.115679640584380072e-01	8.115679640584380072e-01	8.115679640584380072e-01	8.115679640584380072e-01	8.115679640584380072e-01	8.115679640584380072e-01	8.115679640584380072e-01	8.115679640584380072e-01	8.308338063929510131e-01	8.560179680235889821e-01	7.006254069909549909e-01	8.115679640584380072e-01	8.115679640584380072e-01	8.115679640584380072e-01	8.196975155071339891e-01	6.936986814027720216e-01	8.115679640584380072e-01	8.115679640584380072e-01	8.115679640584380072e-01	8.115679640584380072e-01	8.258462985655780075e-01	8.115679640584380072e-01	7.180464099282900525e-01	7.298913263700039789e-01	8.231960279991860086e-01	8.115679640584380072e-01	8.115679640584380072e-01	8.115679640584380072e-01	8.115679640584380072e-01	8.115679640584380072e-01	7.847536964957230188e-01	8.115679640584380072e-01	8.079611765818890401e-01
8.115679640584380072e-01	7.601527980063740308e-01	8.115679640584380072e-01	8.485698820121070352e-01	1.000000000000000000e+00	8.433693995756990081e-01	8.115679640584380072e-01	8.115679640584380072e-01	9.203527384079039919e-01	8.465582497197630119e-01	8.115679640584380072e-01	7.369467581938230483e-01	8.115679640584380072e-01	8.115679640584380072e-01	8.527567735991079534e-01	8.115679640584380072e-01	8.768975251187830500e-01	8.115679640584380072e-01	8.115679640584380072e-01	8.340542459232309636e-01	8.115679640584380072e-01	8.711508356534459763e-01	8.115679640584380072e-01	8.525977107399760335e-01	8.115679640584380072e-01	8.918336777396409509e-01	8.115679640584380072e-01	8.578083214981979676e-01	8.393225361127359951e-01	8.115679640584380072e-01	8.115679640584380072e-01	8.115679640584380072e-01	8.115679640584380072e-01	8.115679640584380072e-01	8.654964510535330113e-01	8.115679640584380072e-01	8.115679640584380072e-01	8.115679640584380072e-01	8.115679640584380072e-01	9.061422177906820474e-01	8.530407133631620065e-01	7.896969822097610336e-01	8.115679640584380072e-01	8.115679640584380072e-01	8.115679640584380072e-01	7.725149175283350100e-01	8.115679640584380072e-01	8.574415847518119804e-01	8.115679640584380072e-01	8.214236921422930493e-01	8.115679640584380072e-01	8.115679640584380072e-01	8.115679640584380072e-01	8.115679640584380072e-01	8.115679640584380072e-01	8.303213116718070053e-01	8.115679640584380072e-01	8.654095185310870519e-01	8.115679640584380072e-01	8.115679640584380072e-01	8.393321713436150411e-01	7.537745810683510461e-01	8.115679640584380072e-01	8.115679640584380072e-01	8.115679640584380072e-01	8.115679640584380072e-01	8.419860618988359580e-01	8.115679640584380072e-01	8.738175567463299931e-01	8.184516533531069893e-01	8.115679640584380072e-01	8.115679640584380072e-01	8.115679640584380072e-01	8.115679640584380072e-01	8.115679640584380072e-01	8.115679640584380072e-01	8.486307675236810510e-01	8.805138107302580286e-01	8.115679640584380072e-01	8.115679640584380072e-01	8.718786799223290362e-01	8.614249917094249920e-01	8.115679640584380072e-01	7.730383211429260326e-01	8.115679640584380072e-01	8.115679640584380072e-01	8.115679640584380072e-01	8.115679640584380072e-01	1.000000000000000021e-03	8.317403847559590169e-01	8.115679640584380072e-01	7.813109225686269976e-01	8.967640498850170117e-01	8.340542459232309636e-01	8.115679640584380072e-01	8.115679640584380072e-01	8.115679640584380072e-01	8.115679640584380072e-01	8.718386451994349917e-01	8.115679640584380072e-01	9.141953231074350095e-01	7.481645503081240101e-01	8.115679640584380072e-01	8.115679640584380072e-01	8.115679640584380072e-01	8.115679640584380072e-01	8.115679640584380072e-01	8.115679640584380072e-01	8.245981904246759697e-01	8.115679640584380072e-01	8.115679640584380072e-01	8.115679640584380072e-01	8.115679640584380072e-01	7.688080455503949473e-01	8.115679640584380072e-01	8.115679640584380072e-01	8.444302049119569720e-01	8.115679640584380072e-01	8.935142892980939555e-01	8.115679640584380072e-01	8.115679640584380072e-01	8.395176710981659962e-01	8.115679640584380072e-01	8.115679640584380072e-01
8.115679640584380072e-01	8.115679640584380072e-01	7.797921180236220273e-01	8.040103757947789642e-01	8.433693995756990081e-01	1.000000000000000000e+00	8.115679640584380072e-01	8.115679640584380072e-01	8.115679640584380072e-01	8.115679640584380072e-01	8.115679640584380072e-01	8.115679640584380072e-01	8.257301709449680338e-01	8.115679640584380072e-01	8.115679640584380072e-01	8.115679640584380072e-01	8.115679640584380072e-01	8.115679640584380072e-01	7.767165475735759994e-01	8.115679640584380072e-01	8.115679640584380072e-01	8.115679640584380072e-01	7.867607035411749994e-01	8.273004597031899943e-01	8.115679640584380072e-01	7.903136761205169503e-01	8.115679640584380072e-01	8.115679640584380072e-01	8.115679640584380072e-01	8.115679640584380072e-01	8.115679640584380072e-01	8.115679640584380072e-01	7.553055709963439890e-01	8.115679640584380072e-01	8.115679640584380072e-01	8.115679640584380072e-01	8.245011681526289715e-01	8.023760566265240035e-01	8.115679640584380072e-01	8.115679640584380072e-01	8.115679640584380072e-01	8.115679640584380072e-01	8.115679640584380072e-01	8.115679640584380072e-01	8.115679640584380072e-01	8.115679640584380072e-01	8.115679640584380072e-01	7.654264394816140404e-01	8.115679640584380072e-01	8.232007530367509984e-01	7.787745171492299612e-01	8.115679640584380072e-01	8.191566255912330341e-01	8.115679640584380072e-01	8.115679640584380072e-01	8.028874322821949461e-01	8.115679640584380072e-01	7.804234742387079482e-01	7.369023448903080364e-01	7.684683315629480260e-01	7.496217537000999798e-01	8.115679640584380072e-01	7.368071825386039997e-01	8.115679640584380072e-01	8.174328670960130383e-01	7.540147431287109736e-01	8.115679640584380072e-01	8.115679640584380072e-01	7.675866587101080052e-01	7.384075423082480105e-01	8.115679640584380072e-01	8.115679640584380072e-01	8.115679640584380072e-01	8.115679640584380072e-01	8.115679640584380072e-01	8.115679640584380072e-01	8.115679640584380072e-01	7.770554476230699947e-01	8.115679640584380072e-01	7.805175497410899998e-01	7.568201220998760359e-01	8.115679640584380072e-01	8.115679640584380072e-01	8.115679640584380072e-01	7.654989345931629829e-01	7.700004374205550173e-01	8.115679640584380072e-01	8.115679640584380072e-01	8.115679640584380072e-01	8.115679640584380072e-01	7.424513654427690179e-01	8.115679640584380072e-01	8.115679640584380072e-01	7.547031986805510240e-01	8.115679640584380072e-01	8.115679640584380072e-01	8.115679640584380072e-01	8.115679640584380072e-01	8.115679640584380072e-01	8.115679640584380072e-01	8.131813304759270000e-01	7.410931711301049774e-01	8.115679640584380072e-01	7.954928641690269808e-01	8.115679640584380072e-01	8.115679640584380072e-01	8.115679640584380072e-01	8.115679640584380072e-01	8.115679640584380072e-01	7.271148134874400037e-01	8.115679640584380072e-01	8.115679640584380072e-01	7.749308497246389926e-01	7.585357860498630478e-01	8.115679640584380072e-01	8.115679640584380072e-01	8.115679640584380072e-01	8.115679640584380072e-01	8.126517370860389944e-01	7.701573523715860015e-01	7.891441809667280038e-01	7.533506978960929912e-01	8.115679640584380072e-01	7.773811092681770507e-01
8.115679640584380072e-01	8.115679640584380072e-01	8.115679640584380072e-01	7.913758797874550499e-01	8.115679640584380072e-01	8.115679640584380072e-01	1.000000000000000000e+00	8.115679640584380072e-01	8.624590023994169741e-01	8.115679640584380072e-01	8.509110253792729894e-01	7.373741086100540354e-01	8.115679640584380072e-01	8.115679640584380072e-01	8.115679640584380072e-01	8.115679640584380072e-01	8.115679640584380072e-01	8.115679640584380072e-01	7.951596151207449559e-01	7.810194773114289557e-01	8.115679640584380072e-01	8.115679640584380072e-01	8.115679640584380072e-01	8.115679640584380072e-01	8.115679640584380072e-01	8.117123833923129972e-01	8.115679640584380072e-01	8.115679640584380072e-01	7.710065734729639741e-01	8.080956775436219930e-01	8.115679640584380072e-01	8.115679640584380072e-01	7.855874476623030400e-01	8.115679640584380072e-01	8.291045110362059711e-01	8.115679640584380072e-01	8.455141833375640070e-01	8.115679640584380072e-01	7.854341513071859682e-01	8.115679640584380072e-01	8.115679640584380072e-01	8.115679640584380072e-01	8.115679640584380072e-01	8.115679640584380072e-01	8.115679640584380072e-01	8.115679640584380072e-01	8.115679640584380072e-01	8.106950060593249852e-01	8.269989796381139735e-01	7.978455495149170407e-01	8.115679640584380072e-01	8.115679640584380072e-01	8.253700422094220057e-01	8.115679640584380072e-01	8.115679640584380072e-01	8.115679640584380072e-01	8.115679640584380072e-01	7.915144345368609891e-01	7.790114658955910043e-01	8.115679640584380072e-01	8.115679640584380072e-01	7.491550540818849857e-01	8.115679640584380072e-01	8.115679640584380072e-01	8.243946934335729670e-01	8.115679640584380072e-01	8.115679640584380072e-01	8.115679640584380072e-01	8.115679640584380072e-01	8.115679640584380072e-01	7.755716249151110020e-01	8.115679640584380072e-01	8.115679640584380072e-01	8.115679640584380072e-01	8.115679640584380072e-01	7.740106627723629673e-01	8.115679640584380072e-01	8.115679640584380072e-01	8.115679640584380072e-01	7.963265979464370092e-01	8.115679640584380072e-01	8.115679640584380072e-01	8.115679640584380072e-01	8.115679640584380072e-01	8.072102380998910087e-01	8.115679640584380072e-01	8.115679640584380072e-01	8.115679640584380072e-01	8.115679640584380072e-01	8.115679640584380072e-01	8.115679640584380072e-01	8.115679640584380072e-01	8.263678891886190314e-01	8.115679640584380072e-01	8.115679640584380072e-01	8.115679640584380072e-01	8.057497648716109850e-01	7.895632775696860284e-01	8.115679640584380072e-01	8.066451772815470544e-01	8.115679640584380072e-01	8.115679640584380072e-01	8.290331300417109750e-01	8.115679640584380072e-01	8.115679640584380072e-01	8.115679640584380072e-01	7.926100976737749937e-01	7.174984621765310155e-01	8.115679640584380072e-01	8.115679640584380072e-01	8.115679640584380072e-01	8.115679640584380072e-01	8.115679640584380072e-01	8.115679640584380072e-01	8.115679640584380072e-01	8.115679640584380072e-01	8.115679640584380072e-01	8.115679640584380072e-01	8.115679640584380072e-01	8.115679640584380072e-01	8.018857185859730174e-01	8.002396416641289756e-01	7.495077403310730357e-01	8.115679640584380072e-01
8.115679640584380072e-01	8.115679640584380072e-01	8.115679640584380072e-01	8.115679640584380072e-01	8.115679640584380072e-01	8.115679640584380072e-01	8.115679640584380072e-01	1.000000000000000000e+00	8.115679640584380072e-01	8.684573584516029898e-01	8.701313760095990002e-01	8.115679640584380072e-01	8.541578069742450374e-01	5.309600733973000031e-01	8.115679640584380072e-01	8.509769633380660503e-01	8.115679640584380072e-01	8.115679640584380072e-01	8.319003313895180218e-01	8.115679640584380072e-01	8.115679640584380072e-01	8.255287638034569664e-01	8.115679640584380072e-01	8.115679640584380072e-01	8.862154364903970238e-01	8.295948265566059909e-01	8.284860798780769864e-01	8.440086294415020118e-01	8.115679640584380072e-01	8.351944134901210237e-01	8.115679640584380072e-01	8.115679640584380072e-01	8.115679640584380072e-01	8.146459219454460499e-01	8.115679640584380072e-01	8.115679640584380072e-01	8.115679640584380072e-01	8.115679640584380072e-01	8.142275321064960103e-01	8.115679640584380072e-01	8.440183184676609551e-01	8.131533257114670343e-01	8.115679640584380072e-01	8.115679640584380072e-01	8.115679640584380072e-01	8.115679640584380072e-01	7.837431165326700366e-01	8.115679640584380072e-01	8.115679640584380072e-01	7.940285237742920055e-01	8.115679640584380072e-01	8.097160842335500153e-01	8.397080316364280428e-01	8.115679640584380072e-01	8.299020164318220427e-01	8.115679640584380072e-01	8.115679640584380072e-01	8.115679640584380072e-01	8.115679640584380072e-01	8.115679640584380072e-01	8.115679640584380072e-01	8.115679640584380072e-01	8.223388826996740342e-01	8.115679640584380072e-01	8.115679640584380072e-01	8.115679640584380072e-01	8.384726624377299986e-01	8.115679640584380072e-01	8.734590160587439867e-01	8.347750531731360502e-01	8.176252594500470483e-01	8.115679640584380072e-01	8.115679640584380072e-01	8.625060323647679716e-01	8.115679640584380072e-01	7.589974381517949897e-01	8.115679640584380072e-01	8.115679640584380072e-01	8.176839246622490398e-01	8.210348090127309595e-01	8.115679640584380072e-01	8.115679640584380072e-01	8.115679640584380072e-01	8.115679640584380072e-01	8.463226152132720115e-01	8.115679640584380072e-01	8.115679640584380072e-01	8.115679640584380072e-01	8.115679640584380072e-01	8.115679640584380072e-01	8.115679640584380072e-01	8.115679640584380072e-01	8.115679640584380072e-01	8.274904248233290183e-01	8.115679640584380072e-01	8.115679640584380072e-01	8.115679640584380072e-01	8.115679640584380072e-01	8.246502558626389590e-01	8.115679640584380072e-01	8.612222930035530188e-01	8.115679640584380072e-01	8.115679640584380072e-01	8.115679640584380072e-01	8.299591805851750381e-01	8.115679640584380072e-01	8.115679640584380072e-01	8.115679640584380072e-01	8.115679640584380072e-01	8.115679640584380072e-01	8.065386937456590077e-01	8.115679640584380072e-01	8.115679640584380072e-01	7.965163086338830079e-01	7.574893994117729568e-01	8.545476637514519691e-01	8.508743953876489741e-01	8.540082864908079552e-01	8.115679640584380072e-01	8.115679640584380072e-01	8.115679640584380072e-01	8.115679640584380072e-01	8.115679640584380072e-01	8.090099493456850421e-01
8.115679640584380072e-01	7.460825435716980092e-01	8.115679640584380072e-01	8.115679640584380072e-01	9.203527384079039919e-01	8.115679640584380072e-01	8.624590023994169741e-01	8.115679640584380072e-01	1.000000000000000000e+00	8.115679640584380072e-01	8.115679640584380072e-01	8.115679640584380072e-01	8.115679640584380072e-01	8.115679640584380072e-01	8.115679640584380072e-01	8.115679640584380072e-01	8.115679640584380072e-01	6.545553298438959722e-01	8.115679640584380072e-01	8.115679640584380072e-01	8.115679640584380072e-01	8.778971971485339809e-01	8.115679640584380072e-01	8.115679640584380072e-01	8.115679640584380072e-01	8.115679640584380072e-01	8.115679640584380072e-01	8.844064037745960061e-01	8.115679640584380072e-01	8.115679640584380072e-01	8.522845659990120337e-01	8.115679640584380072e-01	8.115679640584380072e-01	8.794859181707199713e-01	8.115679640584380072e-01	8.115679640584380072e-01	8.830824650939960163e-01	8.115679640584380072e-01	8.709333507327750024e-01	8.115679640584380072e-01	8.115679640584380072e-01	8.115679640584380072e-01	8.115679640584380072e-01	8.115679640584380072e-01	8.553868267095879885e-01	8.115679640584380072e-01	8.115679640584380072e-01	8.115679640584380072e-01	8.115679640584380072e-01	8.115679640584380072e-01	8.745300600190419882e-01	8.115679640584380072e-01	8.677722164649339653e-01	8.571315807326860270e-01	8.365954039656220420e-01	8.551143765160339472e-01	8.522723361169339817e-01	8.115679640584380072e-01	8.359689861585599679e-01	8.115679640584380072e-01	8.115679640584380072e-01	8.115679640584380072e-01	8.428951329906270162e-01	5.715008667064029879e-01	8.115679640584380072e-01	8.115679640584380072e-01	8.115679640584380072e-01	8.115679640584380072e-01	8.115679640584380072e-01	8.115679640584380072e-01	8.581284212833489855e-01	8.612371229987380028e-01	8.115679640584380072e-01	8.115679640584380072e-01	8.115679640584380072e-01	8.115679640584380072e-01	8.115679640584380072e-01	8.115679640584380072e-01	8.115679640584380072e-01	8.115679640584380072e-01	8.115679640584380072e-01	8.115679640584380072e-01	8.115679640584380072e-01	7.794274181391519507e-01	8.115679640584380072e-01	8.115679640584380072e-01	8.673265417636779606e-01	8.115679640584380072e-01	8.115679640584380072e-01	8.115679640584380072e-01	7.999365440690510143e-01	8.115679640584380072e-01	8.115679640584380072e-01	8.115679640584380072e-01	8.115679640584380072e-01	8.115679640584380072e-01	8.115679640584380072e-01	8.115679640584380072e-01	8.783483035683570250e-01	8.115679640584380072e-01	8.115679640584380072e-01	8.115679640584380072e-01	8.611901622233529840e-01	8.501665254060589705e-01	8.115679640584380072e-01	8.115679640584380072e-01	8.115679640584380072e-01	8.115679640584380072e-01	8.115679640584380072e-01	8.115679640584380072e-01	8.340829705093150137e-01	8.597455171381519490e-01	8.115679640584380072e-01	8.115679640584380072e-01	8.115679640584380072e-01	8.580988686074410010e-01	8.115679640584380072e-01	8.115679640584380072e-01	8.115679640584380072e-01	8.635785159822779722e-01	8.115679640584380072e-01	8.545648313461190471e-01	8.115679640584380072e-01	8.684324347223619789e-01
8.115679640584380072e-01	8.115679640584380072e-01	8.512651966071239640e-01	8.115679640584380072e-01	8.465582497197630119e-01	8.115679640584380072e-01	8.115679640584380072e-01	8.684573584516029898e-01	8.115679640584380072e-01	1.000000000000000000e+00	8.115679640584380072e-01	8.115679640584380072e-01	8.115679640584380072e-01	8.115679640584380072e-01	7.511895804999020321e-01	8.115679640584380072e-01	8.115679640584380072e-01	7.206724619854020242e-01	8.115679640584380072e-01	8.115679640584380072e-01	8.115679640584380072e-01	7.480400243957260331e-01	8.115679640584380072e-01	8.115679640584380072e-01	8.552837272399089752e-01	8.115679640584380072e-01	8.115679640584380072e-01	8.337550903000420233e-01	7.253744500125729466e-01	8.115679640584380072e-01	8.115679640584380072e-01	8.115679640584380072e-01	8.115679640584380072e-01	8.230802730503620213e-01	7.682720717974279578e-01	8.115679640584380072e-01	8.037658232317600460e-01	8.264414125244969878e-01	8.115679640584380072e-01	8.115679640584380072e-01	8.115679640584380072e-01	8.115679640584380072e-01	8.115679640584380072e-01	8.115679640584380072e-01	8.115679640584380072e-01	8.115679640584380072e-01	8.757909061748919699e-01	8.115679640584380072e-01	8.115679640584380072e-01	8.115679640584380072e-01	8.115679640584380072e-01	8.115679640584380072e-01	8.580249913702520104e-01	8.115679640584380072e-01	8.115679640584380072e-01	8.115679640584380072e-01	8.115679640584380072e-01	7.542744638657989942e-01	8.115679640584380072e-01	7.618738303995530314e-01	8.115679640584380072e-01	8.115679640584380072e-01	8.115679640584380072e-01	8.115679640584380072e-01	8.715559523019760224e-01	8.115679640584380072e-01	8.034636959436659565e-01	8.560032278991740462e-01	8.115679640584380072e-01	8.115679640584380072e-01	8.115679640584380072e-01	8.115679640584380072e-01	8.115679640584380072e-01	8.115679640584380072e-01	8.115679640584380072e-01	8.115679640584380072e-01	8.115679640584380072e-01	8.115679640584380072e-01	8.115679640584380072e-01	8.115679640584380072e-01	7.869187755898030545e-01	7.372640739314459957e-01	8.115679640584380072e-01	8.461841801710859867e-01	7.521603436786109542e-01	8.115679640584380072e-01	8.115679640584380072e-01	8.115679640584380072e-01	8.115679640584380072e-01	8.115679640584380072e-01	8.115679640584380072e-01	8.115679640584380072e-01	8.115679640584380072e-01	8.115679640584380072e-01	8.115679640584380072e-01	8.115679640584380072e-01	8.115679640584380072e-01	7.316404272582479607e-01	8.115679640584380072e-01	8.115679640584380072e-01	8.115679640584380072e-01	7.959655868054440475e-01	8.115679640584380072e-01	8.305930136747590176e-01	8.115679640584380072e-01	8.115679640584380072e-01	7.983127969110920263e-01	7.195936297377010238e-01	8.299496529528519462e-01	8.115679640584380072e-01	8.115679640584380072e-01	8.115679640584380072e-01	8.115679640584380072e-01	8.115679640584380072e-01	8.371141736633419539e-01	7.726656923844239522e-01	8.115679640584380072e-01	7.793558406479089706e-01	8.115679640584380072e-01	8.115679640584380072e-01	8.115679640584380072e-01	8.115679640584380072e-01	8.115679640584380072e-01	8.115679640584380072e-01
8.115679640584380072e-01	7.518366166414409690e-01	8.115679640584380072e-01	8.115679640584380072e-01	8.115679640584380072e-01	8.115679640584380072e-01	8.509110253792729894e-01	8.701313760095990002e-01	8.115679640584380072e-01	8.115679640584380072e-01	1.000000000000000000e+00	8.115679640584380072e-01	8.115679640584380072e-01	8.115679640584380072e-01	8.115679640584380072e-01	8.115679640584380072e-01	8.115679640584380072e-01	8.115679640584380072e-01	9.066052359863979726e-01	8.115679640584380072e-01	8.115679640584380072e-01	9.196266552012930529e-01	8.216995572417670202e-01	8.590006832487719901e-01	8.115679640584380072e-01	9.137861216839819889e-01	8.115679640584380072e-01	8.770283997141420373e-01	8.115679640584380072e-01	8.115679640584380072e-01	8.463930557690919620e-01	8.115679640584380072e-01	8.115679640584380072e-01	8.115679640584380072e-01	8.115679640584380072e-01	8.115679640584380072e-01	9.017501459447989642e-01	8.115679640584380072e-01	8.115679640584380072e-01	8.115679640584380072e-01	8.115679640584380072e-01	8.115679640584380072e-01	8.115679640584380072e-01	8.115679640584380072e-01	8.115679640584380072e-01	7.160543815771930332e-01	8.115679640584380072e-01	8.115679640584380072e-01	8.115679640584380072e-01	8.115679640584380072e-01	8.115679640584380072e-01	8.115679640584380072e-01	8.115679640584380072e-01	8.115679640584380072e-01	8.115679640584380072e-01	8.115679640584380072e-01	8.115679640584380072e-01	9.206248371171900091e-01	8.115679640584380072e-01	8.115679640584380072e-01	8.115679640584380072e-01	8.115679640584380072e-01	8.115679640584380072e-01	5.453489861106739500e-01	8.115679640584380072e-01	8.115679640584380072e-01	8.603527134148239996e-01	8.115679640584380072e-01	8.115679640584380072e-01	8.115679640584380072e-01	8.115679640584380072e-01	8.115679640584380072e-01	8.115679640584380072e-01	8.115679640584380072e-01	8.115679640584380072e-01	8.115679640584380072e-01	8.833942490659889568e-01	8.965864858367890156e-01	8.115679640584380072e-01	9.133771034224860141e-01	9.144760992569189728e-01	8.115679640584380072e-01	8.115679640584380072e-01	8.115679640584380072e-01	8.115679640584380072e-01	8.115679640584380072e-01	8.115679640584380072e-01	8.558091732646130323e-01	1.000000000000000021e-03	8.192106985177840528e-01	8.115679640584380072e-01	7.722045913429870234e-01	8.115679640584380072e-01	8.115679640584380072e-01	8.115679640584380072e-01	8.115679640584380072e-01	8.115679640584380072e-01	9.072429232701529900e-01	8.115679640584380072e-01	9.234403552100900470e-01	8.115679640584380072e-01	8.115679640584380072e-01	8.115679640584380072e-01	8.115679640584380072e-01	9.218859940231469707e-01	8.115679640584380072e-01	8.115679640584380072e-01	8.019731747681060341e-01	8.115679640584380072e-01	8.115679640584380072e-01	8.115679640584380072e-01	8.115679640584380072e-01	8.115679640584380072e-01	8.115679640584380072e-01	8.115679640584380072e-01	8.115679640584380072e-01	8.115679640584380072e-01	8.115679640584380072e-01	8.115679640584380072e-01	9.020503988792849537e-01	8.115679640584380072e-01	8.842769660024649703e-01	8.663786888411190157e-01	9.055234954937939618e-01
8.115679640584380072e-01	8.115679640584380072e-01	8.115679640584380072e-01	8.115679640584380072e-01	7.369467581938230483e-01	8.115679640584380072e-01	7.373741086100540354e-01	8.115679640584380072e-01	8.115679640584380072e-01	8.115679640584380072e-01	8.115679640584380072e-01	1.000000000000000000e+00	8.115679640584380072e-01	8.115679640584380072e-01	8.115679640584380072e-01	8.115679640584380072e-01	8.115679640584380072e-01	8.115679640584380072e-01	8.115679640584380072e-01	5.855834586422820065e-01	8.115679640584380072e-01	8.115679640584380072e-01	8.109160665172640003e-01	8.115679640584380072e-01	6.992072593787369561e-01	6.101770189997619553e-01	6.217199371082460235e-01	7.146111565370459884e-01	8.115679640584380072e-01	8.115679640584380072e-01	8.115679640584380072e-01	8.115679640584380072e-01	5.434600453360129979e-01	7.824890199094289844e-01	8.115679640584380072e-01	8.115679640584380072e-01	6.677862358087589545e-01	6.823745234573840301e-01	8.115679640584380072e-01	7.269562365668189585e-01	8.115679640584380072e-01	8.115679640584380072e-01	8.115679640584380072e-01	8.115679640584380072e-01	8.115679640584380072e-01	8.307503554689920078e-01	8.115679640584380072e-01	8.115679640584380072e-01	7.227768979447489750e-01	8.115679640584380072e-01	8.115679640584380072e-01	8.115679640584380072e-01	8.115679640584380072e-01	8.115679640584380072e-01	8.115679640584380072e-01	8.115679640584380072e-01	5.576273011451340356e-01	5.872883647012590025e-01	5.314738479112020020e-01	8.115679640584380072e-01	5.382632090485059972e-01	8.595456804524740368e-01	8.115679640584380072e-01	8.115679640584380072e-01	8.115679640584380072e-01	8.602021085118589649e-01	8.115679640584380072e-01	8.115679640584380072e-01	8.115679640584380072e-01	5.425188084025710511e-01	5.823539167233360292e-01	8.115679640584380072e-01	8.115679640584380072e-01	8.115679640584380072e-01	8.115679640584380072e-01	8.115679640584380072e-01	8.115679640584380072e-01	8.115679640584380072e-01	8.115679640584380072e-01	8.115679640584380072e-01	8.115679640584380072e-01	8.115679640584380072e-01	5.599654989432409913e-01	8.115679640584380072e-01	5.641109114183729956e-01	8.115679640584380072e-01	5.724825277563110326e-01	5.548146033020380230e-01	1.000000000000000021e-03	8.115679640584380072e-01	8.227401894379160474e-01	8.567577567848310149e-01	8.115679640584380072e-01	8.115679640584380072e-01	8.115679640584380072e-01	8.115679640584380072e-01	8.115679640584380072e-01	8.115679640584380072e-01	8.115679640584380072e-01	6.595088662552720526e-01	6.395110984575409496e-01	8.115679640584380072e-01	8.115679640584380072e-01	8.115679640584380072e-01	8.115679640584380072e-01	8.115679640584380072e-01	8.115679640584380072e-01	8.115679640584380072e-01	8.115679640584380072e-01	5.194448210886469797e-01	8.115679640584380072e-01	6.762218306525089595e-01	8.115679640584380072e-01	8.115679640584380072e-01	8.115679640584380072e-01	8.115679640584380072e-01	5.970996610280689953e-01	6.711523947652060507e-01	6.735450855643889678e-01	8.115679640584380072e-01	8.115679640584380072e-01	8.115679640584380072e-01	5.398659782946609864e-01	5.841198238367180107e-01
