1.000000000000000000e+00	1.804887243943374964e-01	6.236899427362210119e-02	1.804887243943374964e-01	1.804887243943374964e-01	1.804887243943374964e-01	1.804887243943374964e-01	1.804887243943374964e-01	1.804887243943374964e-01	1.804887243943374964e-01	5.161429300743419768e-01	1.804887243943374964e-01	1.804887243943374964e-01	1.804887243943374964e-01	1.804887243943374964e-01	1.804887243943374964e-01	1.804887243943374964e-01	1.804887243943374964e-01	1.804887243943374964e-01	1.804887243943374964e-01	1.804887243943374964e-01	1.804887243943374964e-01	1.804887243943374964e-01	1.804887243943374964e-01	1.804887243943374964e-01	1.804887243943374964e-01	1.804887243943374964e-01	2.578906005566570236e-01	1.804887243943374964e-01	2.489691115675830013e-01	2.032992288082579868e-01	1.804887243943374964e-01	1.804887243943374964e-01	1.804887243943374964e-01	6.010034121881430158e-01	1.804887243943374964e-01	1.804887243943374964e-01	3.825535023992889805e-01	6.733208757256630150e-01	1.804887243943374964e-01	6.340279473164229795e-01	6.800002454347679748e-02	1.804887243943374964e-01	6.003390154943419876e-01	1.804887243943374964e-01	1.804887243943374964e-01	1.804887243943374964e-01	6.240945170752649762e-01	1.804887243943374964e-01	8.647940212931599924e-02	1.804887243943374964e-01	1.804887243943374964e-01	1.804887243943374964e-01	1.804887243943374964e-01	1.804887243943374964e-01	1.804887243943374964e-01	1.804887243943374964e-01	1.804887243943374964e-01	1.804887243943374964e-01	5.754527602638539463e-01	6.572268305036009783e-01	1.804887243943374964e-01	1.804887243943374964e-01	1.804887243943374964e-01	2.532117606458429981e-01	1.804887243943374964e-01	1.804887243943374964e-01	1.141282923158289941e-01	1.804887243943374964e-01	4.833191672306400011e-01	1.804887243943374964e-01	1.804887243943374964e-01	5.276260876243099585e-01	4.163962858931219979e-01	1.804887243943374964e-01	1.804887243943374964e-01	1.804887243943374964e-01	1.804887243943374964e-01	1.804887243943374964e-01	1.804887243943374964e-01	1.804887243943374964e-01	1.804887243943374964e-01	4.411312266067379806e-01	3.110768733605339884e-02	5.991252118506660285e-01	1.804887243943374964e-01	1.804887243943374964e-01	1.804887243943374964e-01	1.804887243943374964e-01	1.218360959277299954e-01	1.804887243943374964e-01	5.118541334273989801e-02	1.804887243943374964e-01	1.804887243943374964e-01	1.804887243943374964e-01	5.751684356293069733e-01	1.804887243943374964e-01	1.804887243943374964e-01	1.804887243943374964e-01	1.804887243943374964e-01	1.804887243943374964e-01	1.804887243943374964e-01	5.541092060785820506e-01	1.804887243943374964e-01	1.804887243943374964e-01	6.026605310939510129e-01	3.189195470794600057e-02	1.804887243943374964e-01	1.804887243943374964e-01	4.305972255431420037e-01	1.804887243943374964e-01	1.804887243943374964e-01	1.804887243943374964e-01	1.804887243943374964e-01	1.804887243943374964e-01	6.318532030463439586e-01	5.025033021959169899e-01	1.804887243943374964e-01	6.056463157432789846e-01	5.361628532179689710e-01	1.804887243943374964e-01	5.027990350142189646e-01	5.035687551254109939e-01	1.804887243943374964e-01
1.804887243943374964e-01	1.000000000000000000e+00	2.597116779768520178e-01	1.804887243943374964e-01	1.804887243943374964e-01	1.804887243943374964e-01	1.376901092684360006e-01	1.804887243943374964e-01	9.053836807949509902e-02	1.804887243943374964e-01	1.804887243943374964e-01	1.804887243943374964e-01	1.804887243943374964e-01	3.072136988446420164e-02	2.300753382147860057e-02	1.804887243943374964e-01	9.830004594688379616e-02	1.804887243943374964e-01	1.804887243943374964e-01	2.664878327886099907e-02	1.804887243943374964e-01	1.804887243943374964e-01	1.500756403446379950e-01	1.804887243943374964e-01	1.804887243943374964e-01	1.804887243943374964e-01	1.804887243943374964e-01	1.804887243943374964e-01	1.804887243943374964e-01	1.804887243943374964e-01	1.804887243943374964e-01	1.382532860346329974e-02	1.923450208433629890e-02	1.804887243943374964e-01	3.349664780916009749e-02	1.804887243943374964e-01	1.804887243943374964e-01	1.804887243943374964e-01	1.804887243943374964e-01	1.804887243943374964e-01	1.804887243943374964e-01	1.804887243943374964e-01	5.712758131918480031e-02	1.804887243943374964e-01	1.632385777784450126e-02	1.804887243943374964e-01	1.804887243943374964e-01	1.804887243943374964e-01	1.804887243943374964e-01	1.804887243943374964e-01	1.804887243943374964e-01	1.804887243943374964e-01	1.125572244413799994e-01	1.921369091148139932e-02	1.804887243943374964e-01	1.346839377175829966e-01	2.284566919010510080e-02	1.801850416468190122e-02	1.773077962546789829e-02	1.804887243943374964e-01	1.804887243943374964e-01	1.804887243943374964e-01	1.804887243943374964e-01	1.804887243943374964e-01	1.804887243943374964e-01	1.804887243943374964e-01	3.755903549080250037e-02	1.804887243943374964e-01	1.804887243943374964e-01	1.804887243943374964e-01	1.804887243943374964e-01	1.804887243943374964e-01	1.260578103151810056e-02	1.804887243943374964e-01	1.804887243943374964e-01	1.218705080434560051e-01	1.882297219864249860e-02	2.136413650574970138e-02	9.542798258282760016e-02	1.804887243943374964e-01	1.804887243943374964e-01	1.804887243943374964e-01	2.524290323884920140e-02	1.804887243943374964e-01	2.527500300567190120e-02	1.804887243943374964e-01	1.804887243943374964e-01	1.804887243943374964e-01	1.000000000000000048e-04	2.165803104913699983e-01	1.804887243943374964e-01	1.804887243943374964e-01	1.804887243943374964e-01	1.804887243943374964e-01	1.804887243943374964e-01	1.045726358662710069e-02	1.804887243943374964e-01	1.804887243943374964e-01	1.804887243943374964e-01	1.804887243943374964e-01	1.804887243943374964e-01	1.804887243943374964e-01	1.804887243943374964e-01	1.438849265849110048e-01	2.244755697163260122e-02	6.005148717426069677e-02	2.157510963657099934e-01	1.804887243943374964e-01	1.804887243943374964e-01	1.804887243943374964e-01	1.804887243943374964e-01	5.585534081665279732e-02	1.804887243943374964e-01	1.804887243943374964e-01	1.648156637676150005e-01	1.804887243943374964e-01	3.525502035230049930e-02	1.804887243943374964e-01	1.804887243943374964e-01	1.493830404275629971e-02	2.471419199607139960e-01	1.804887243943374964e-01	7.967815324849769967e-03	1.804887243943374964e-01
6.236899427362210119e-02	2.597116779768520178e-01	1.000000000000000000e+00	1.804887243943374964e-01	1.804887243943374964e-01	1.804887243943374964e-01	1.687007041390989892e-01	1.804887243943374964e-01	1.804887243943374964e-01	1.804887243943374964e-01	1.804887243943374964e-01	1.804887243943374964e-01	1.804887243943374964e-01	1.804887243943374964e-01	1.804887243943374964e-01	1.804887243943374964e-01	1.804887243943374964e-01	1.804887243943374964e-01	4.905319933431689927e-02	1.804887243943374964e-01	1.804887243943374964e-01	1.804887243943374964e-01	1.804887243943374964e-01	1.804887243943374964e-01	1.280387652542120114e-01	1.804887243943374964e-01	1.804887243943374964e-01	1.166976265635940035e-01	1.804887243943374964e-01	1.013777690823839950e-01	7.305006883476000690e-02	1.804887243943374964e-01	1.804887243943374964e-01	1.804887243943374964e-01	1.804887243943374964e-01	1.804887243943374964e-01	1.804887243943374964e-01	1.035430240073030028e-01	2.410612106050409945e-02	1.370983953121049925e-01	2.405455112362680017e-02	1.804887243943374964e-01	1.804887243943374964e-01	1.939450080559470060e-02	1.804887243943374964e-01	3.079922956527699762e-01	1.804887243943374964e-01	2.331275582679160144e-02	1.766021541007249951e-01	3.360130448400600045e-01	1.804887243943374964e-01	4.916183401161530048e-02	1.804887243943374964e-01	1.804887243943374964e-01	1.804887243943374964e-01	3.250920812999379961e-01	1.804887243943374964e-01	1.804887243943374964e-01	1.804887243943374964e-01	1.804887243943374964e-01	1.937123698652380016e-02	1.804887243943374964e-01	1.804887243943374964e-01	1.804887243943374964e-01	2.004723418606199903e-01	1.804887243943374964e-01	1.367149846573620098e-01	1.804887243943374964e-01	1.804887243943374964e-01	1.804887243943374964e-01	2.367378386444310076e-02	2.425921141929539976e-02	1.804887243943374964e-01	1.804887243943374964e-01	1.804887243943374964e-01	1.804887243943374964e-01	1.804887243943374964e-01	5.499189141555869964e-02	1.804887243943374964e-01	1.804887243943374964e-01	1.804887243943374964e-01	1.804887243943374964e-01	2.070189768504440003e-02	1.804887243943374964e-01	2.236213898720210147e-02	1.804887243943374964e-01	1.804887243943374964e-01	1.743984970226840001e-02	1.804887243943374964e-01	1.999022898750059951e-01	1.804887243943374964e-01	1.804887243943374964e-01	8.633502411145900501e-02	1.804887243943374964e-01	1.804887243943374964e-01	1.676536383312129952e-02	1.804887243943374964e-01	1.804887243943374964e-01	3.160430183617240346e-02	5.938114022294980338e-02	1.804887243943374964e-01	1.804887243943374964e-01	1.804887243943374964e-01	1.804887243943374964e-01	1.804887243943374964e-01	1.804887243943374964e-01	1.804887243943374964e-01	1.804887243943374964e-01	1.804887243943374964e-01	1.804887243943374964e-01	1.682742329850290056e-02	6.860279358922130588e-02	1.804887243943374964e-01	1.804887243943374964e-01	1.804887243943374964e-01	1.804887243943374964e-01	3.257234549117019734e-02	1.804887243943374964e-01	1.804887243943374964e-01	1.804887243943374964e-01	1.804887243943374964e-01	1.997256929323370025e-02	1.804887243943374964e-01	1.804887243943374964e-01
1.804887243943374964e-01	1.804887243943374964e-01	1.804887243943374964e-01	1.000000000000000000e+00	1.804887243943374964e-01	1.804887243943374964e-01	1.804887243943374964e-01	1.804887243943374964e-01	1.804887243943374964e-01	1.804887243943374964e-01	1.804887243943374964e-01	1.804887243943374964e-01	1.804887243943374964e-01	1.804887243943374964e-01	1.804887243943374964e-01	2.182483119542689975e-01	1.804887243943374964e-01	2.218601053569990017e-02	1.804887243943374964e-01	1.804887243943374964e-01	1.804887243943374964e-01	1.815836604651870079e-01	1.804887243943374964e-01	1.804887243943374964e-01	1.804887243943374964e-01	1.804887243943374964e-01	2.542567439747899782e-01	1.659326316721450034e-01	1.763239129998759869e-01	1.804887243943374964e-01	2.064087147223589991e-01	1.804887243943374964e-01	1.804887243943374964e-01	1.804887243943374964e-01	1.804887243943374964e-01	1.804887243943374964e-01	2.106932531302130041e-01	1.804887243943374964e-01	1.804462502631850040e-01	2.107329242380190093e-01	1.702201428360969881e-01	9.223520758739589542e-02	1.804887243943374964e-01	1.804887243943374964e-01	1.804887243943374964e-01	1.804887243943374964e-01	1.804887243943374964e-01	1.627420534573640054e-01	2.894937468571299743e-01	1.804887243943374964e-01	1.804887243943374964e-01	1.804887243943374964e-01	1.598157934737040042e-01	1.561022987047679944e-01	1.804887243943374964e-01	1.804887243943374964e-01	1.804887243943374964e-01	1.804887243943374964e-01	1.392149877876769914e-01	1.804887243943374964e-01	1.804887243943374964e-01	1.804887243943374964e-01	1.804887243943374964e-01	1.804887243943374964e-01	1.804887243943374964e-01	1.804887243943374964e-01	1.804887243943374964e-01	1.614716658957049966e-01	1.804887243943374964e-01	1.135335824705289987e-01	1.804887243943374964e-01	1.804887243943374964e-01	1.804887243943374964e-01	1.488585798483499922e-01	1.736081697662979900e-02	1.804887243943374964e-01	1.804887243943374964e-01	1.804887243943374964e-01	1.804887243943374964e-01	1.804887243943374964e-01	1.879798484460359909e-01	1.804887243943374964e-01	1.804887243943374964e-01	1.804887243943374964e-01	1.804887243943374964e-01	1.804887243943374964e-01	1.804887243943374964e-01	1.804887243943374964e-01	1.804887243943374964e-01	1.088912457388249988e-01	1.161523819618320019e-01	1.804887243943374964e-01	1.804887243943374964e-01	1.409456957864820004e-01	1.655971385128970075e-01	1.804887243943374964e-01	1.864817281246390068e-01	1.851915654848579895e-01	1.804887243943374964e-01	2.187779844421799957e-01	1.804887243943374964e-01	1.804887243943374964e-01	1.804887243943374964e-01	1.804887243943374964e-01	1.804887243943374964e-01	1.958602357341500122e-01	1.804887243943374964e-01	1.804887243943374964e-01	1.804887243943374964e-01	1.804887243943374964e-01	1.804887243943374964e-01	2.082383726503060084e-01	1.804887243943374964e-01	1.804887243943374964e-01	1.804887243943374964e-01	2.028213501563350118e-01	1.607020957466130107e-01	1.965158574235670030e-01	2.982697093750559802e-01	1.952527464139990065e-01	1.804887243943374964e-01	1.804887243943374964e-01	1.804887243943374964e-01	1.804887243943374964e-01
1.804887243943374964e-01	1.804887243943374964e-01	1.804887243943374964e-01	1.804887243943374964e-01	1.000000000000000000e+00	2.473630343717319879e-01	1.804887243943374964e-01	3.340183465196189805e-01	1.804887243943374964e-01	1.804887243943374964e-01	1.804887243943374964e-01	1.804887243943374964e-01	1.804887243943374964e-01	1.804887243943374964e-01	2.708667655917250117e-01	1.804887243943374964e-01	1.804887243943374964e-01	1.804887243943374964e-01	1.804887243943374964e-01	1.804887243943374964e-01	1.804887243943374964e-01	1.804887243943374964e-01	2.300296152914239889e-01	2.704527375274189960e-01	1.804887243943374964e-01	1.804887243943374964e-01	4.157108922944369733e-01	1.804887243943374964e-01	1.804887243943374964e-01	3.363611628698450207e-01	1.804887243943374964e-01	1.804887243943374964e-01	1.804887243943374964e-01	2.686448415138569801e-01	1.804887243943374964e-01	1.804887243943374964e-01	1.804887243943374964e-01	1.804887243943374964e-01	2.888744363419989969e-01	1.804887243943374964e-01	2.716072219575019764e-01	1.804887243943374964e-01	1.804887243943374964e-01	2.417517895078289958e-01	1.804887243943374964e-01	1.804887243943374964e-01	1.804887243943374964e-01	1.804887243943374964e-01	1.804887243943374964e-01	1.804887243943374964e-01	3.041960618833889907e-01	1.804887243943374964e-01	2.836668419081950221e-01	1.804887243943374964e-01	1.804887243943374964e-01	2.176738126375570015e-01	1.804887243943374964e-01	1.804887243943374964e-01	2.128011399066009890e-01	1.804887243943374964e-01	1.804887243943374964e-01	1.804887243943374964e-01	1.804887243943374964e-01	1.804887243943374964e-01	1.804887243943374964e-01	1.804887243943374964e-01	1.804887243943374964e-01	2.372875588012179904e-01	1.804887243943374964e-01	1.804887243943374964e-01	2.697725615326059811e-01	1.804887243943374964e-01	2.630270360487499959e-01	2.287340421760259979e-01	3.480163357466060231e-02	1.804887243943374964e-01	1.804887243943374964e-01	1.804887243943374964e-01	2.341643410425010008e-01	1.804887243943374964e-01	3.248855789427460006e-01	1.804887243943374964e-01	2.537486431120539732e-01	1.804887243943374964e-01	1.804887243943374964e-01	1.804887243943374964e-01	1.804887243943374964e-01	1.804887243943374964e-01	1.000000000000000048e-04	1.804887243943374964e-01	1.804887243943374964e-01	1.804887243943374964e-01	1.804887243943374964e-01	2.258296749916750001e-01	1.804887243943374964e-01	1.804887243943374964e-01	1.804887243943374964e-01	3.188786806531579976e-01	3.247632690785680065e-01	1.804887243943374964e-01	1.804887243943374964e-01	9.263111292326679791e-02	1.804887243943374964e-01	1.804887243943374964e-01	3.986845135879180102e-01	3.099847309277969920e-01	8.935089267316620454e-02	1.804887243943374964e-01	2.056716800625560115e-01	1.804887243943374964e-01	2.387495433353349905e-01	1.804887243943374964e-01	2.418599112979069876e-01	1.157948433357459950e-01	1.804887243943374964e-01	1.804887243943374964e-01	1.804887243943374964e-01	4.992147029212469778e-01	1.804887243943374964e-01	1.804887243943374964e-01	1.804887243943374964e-01	1.804887243943374964e-01	2.273119885301209953e-01	1.804887243943374964e-01
1.804887243943374964e-01	1.804887243943374964e-01	1.804887243943374964e-01	1.804887243943374964e-01	2.473630343717319879e-01	1.000000000000000000e+00	1.804887243943374964e-01	1.804887243943374964e-01	1.804887243943374964e-01	1.804887243943374964e-01	2.498025096737719886e-01	8.471681857437980689e-02	2.079983792552559940e-01	1.804887243943374964e-01	1.196538121833600060e-01	2.171621448424939926e-01	1.804887243943374964e-01	1.804887243943374964e-01	1.804887243943374964e-01	1.804887243943374964e-01	1.804887243943374964e-01	1.804887243943374964e-01	1.804887243943374964e-01	1.804887243943374964e-01	1.804887243943374964e-01	1.451911070662230130e-01	1.804887243943374964e-01	1.804887243943374964e-01	1.032267286221769942e-01	1.804887243943374964e-01	1.804887243943374964e-01	1.046626355783590034e-01	1.804887243943374964e-01	1.804887243943374964e-01	1.804887243943374964e-01	1.804887243943374964e-01	1.804887243943374964e-01	1.804887243943374964e-01	1.804887243943374964e-01	1.804887243943374964e-01	1.804887243943374964e-01	1.804887243943374964e-01	1.804887243943374964e-01	1.804887243943374964e-01	1.011109103903460038e-01	1.804887243943374964e-01	1.804887243943374964e-01	1.804887243943374964e-01	3.091250995452790029e-01	1.804887243943374964e-01	1.804887243943374964e-01	1.475367652522109885e-01	1.948029506693770008e-01	1.058541243384559932e-01	1.804887243943374964e-01	1.652545453433769962e-01	1.012990679701760016e-01	1.804887243943374964e-01	1.804887243943374964e-01	1.153759378768710042e-01	9.412098438550929591e-02	1.302175920416810129e-01	1.804887243943374964e-01	1.804887243943374964e-01	1.804887243943374964e-01	9.874057187171410288e-02	1.804887243943374964e-01	1.804887243943374964e-01	1.804887243943374964e-01	1.804887243943374964e-01	1.804887243943374964e-01	1.804887243943374964e-01	1.804887243943374964e-01	1.804887243943374964e-01	3.499957726762650129e-02	1.171351131778169963e-01	1.804887243943374964e-01	1.263832373620630001e-01	1.804887243943374964e-01	1.310754062771830042e-01	1.017937508583340034e-01	1.190135032119749997e-01	8.580029312916580275e-02	1.804887243943374964e-01	1.117706125876409967e-01	1.804887243943374964e-01	1.804887243943374964e-01	1.804887243943374964e-01	1.000000000000000048e-04	1.804887243943374964e-01	8.698765277988360078e-02	1.804887243943374964e-01	1.924199723073400092e-01	1.804887243943374964e-01	1.152266963352379936e-01	1.804887243943374964e-01	1.804887243943374964e-01	1.165960560826150016e-01	1.804887243943374964e-01	1.804887243943374964e-01	1.804887243943374964e-01	1.804887243943374964e-01	1.091272630488250017e-01	1.804887243943374964e-01	1.804887243943374964e-01	1.507907737992399966e-01	1.804887243943374964e-01	8.777112553697259678e-02	1.804887243943374964e-01	1.804887243943374964e-01	1.804887243943374964e-01	1.757315205526530089e-01	1.804887243943374964e-01	1.804887243943374964e-01	1.804887243943374964e-01	1.317496005502420131e-01	1.804887243943374964e-01	2.037686422729340086e-01	1.824746986355010037e-01	1.174719064197420060e-01	1.804887243943374964e-01	1.804887243943374964e-01	7.133923822755260102e-02	1.268182295722189989e-01
1.804887243943374964e-01	1.376901092684360006e-01	1.687007041390989892e-01	1.804887243943374964e-01	1.804887243943374964e-01	1.804887243943374964e-01	1.000000000000000000e+00	1.804887243943374964e-01	1.804887243943374964e-01	2.588147643063279935e-01	1.804887243943374964e-01	1.804887243943374964e-01	1.804887243943374964e-01	1.804887243943374964e-01	1.804887243943374964e-01	2.531581349155199723e-01	1.804887243943374964e-01	2.548404903622290135e-02	1.804887243943374964e-01	1.804887243943374964e-01	1.804887243943374964e-01	1.804887243943374964e-01	1.804887243943374964e-01	1.804887243943374964e-01	1.804887243943374964e-01	1.804887243943374964e-01	1.804887243943374964e-01	1.716401275629740042e-01	1.804887243943374964e-01	1.742530807858700126e-01	1.361755237480070102e-01	1.804887243943374964e-01	1.804887243943374964e-01	1.804887243943374964e-01	1.804887243943374964e-01	1.804887243943374964e-01	1.804887243943374964e-01	1.804887243943374964e-01	1.804887243943374964e-01	2.709432708212530239e-01	1.902406709111829908e-01	1.804887243943374964e-01	2.002507238823700020e-01	1.804887243943374964e-01	1.804887243943374964e-01	1.804887243943374964e-01	1.804887243943374964e-01	1.804887243943374964e-01	1.804887243943374964e-01	1.804887243943374964e-01	1.804887243943374964e-01	1.804887243943374964e-01	1.804887243943374964e-01	1.804887243943374964e-01	1.508049692122259977e-01	1.804887243943374964e-01	1.804887243943374964e-01	1.470099478175289909e-01	1.804887243943374964e-01	1.804887243943374964e-01	1.804887243943374964e-01	1.804887243943374964e-01	1.804887243943374964e-01	1.804887243943374964e-01	1.804887243943374964e-01	1.755661728781550135e-01	1.804887243943374964e-01	1.804887243943374964e-01	2.538621304106549736e-01	1.643624747195339963e-01	1.804887243943374964e-01	1.978662852163630137e-01	1.804887243943374964e-01	1.804887243943374964e-01	1.804887243943374964e-01	1.804887243943374964e-01	1.804887243943374964e-01	1.804887243943374964e-01	1.851479879227820036e-01	1.545014884944909961e-01	1.804887243943374964e-01	1.804887243943374964e-01	1.851959238051429923e-01	1.804887243943374964e-01	1.804887243943374964e-01	1.804887243943374964e-01	1.289034597767839962e-01	1.804887243943374964e-01	1.804887243943374964e-01	1.804887243943374964e-01	1.804887243943374964e-01	1.156940586130500020e-01	1.804887243943374964e-01	1.740932212253349931e-01	1.804887243943374964e-01	1.804887243943374964e-01	1.804887243943374964e-01	1.804887243943374964e-01	1.804887243943374964e-01	1.717047693580550094e-01	2.673015728070040065e-01	1.804887243943374964e-01	1.804887243943374964e-01	1.804887243943374964e-01	1.804887243943374964e-01	1.804887243943374964e-01	1.804887243943374964e-01	1.804887243943374964e-01	1.804887243943374964e-01	1.804887243943374964e-01	1.804887243943374964e-01	1.804887243943374964e-01	1.804887243943374964e-01	1.804887243943374964e-01	1.804887243943374964e-01	1.804887243943374964e-01	2.011386684724469909e-01	2.874841360647429900e-01	1.804887243943374964e-01	1.804887243943374964e-01	1.635714279344090138e-01	1.804887243943374964e-01	1.804887243943374964e-01	1.804887243943374964e-01
1.804887243943374964e-01	1.804887243943374964e-01	1.804887243943374964e-01	1.804887243943374964e-01	3.340183465196189805e-01	1.804887243943374964e-01	1.804887243943374964e-01	1.000000000000000000e+00	1.804887243943374964e-01	3.145778849270690070e-01	3.195848788836549992e-01	1.804887243943374964e-01	1.804887243943374964e-01	1.804887243943374964e-01	1.804887243943374964e-01	1.804887243943374964e-01	1.804887243943374964e-01	1.804887243943374964e-01	1.804887243943374964e-01	1.804887243943374964e-01	8.855540244053269894e-02	1.804887243943374964e-01	1.804887243943374964e-01	1.804887243943374964e-01	3.713763163822429991e-01	2.161169828198269971e-01	1.804887243943374964e-01	2.489046687126950097e-01	1.804887243943374964e-01	1.804887243943374964e-01	1.858071021081310059e-01	1.804887243943374964e-01	1.804887243943374964e-01	1.804887243943374964e-01	1.804887243943374964e-01	1.213153685073500021e-01	1.804887243943374964e-01	2.460856355035589971e-01	1.853965174547489991e-01	1.804887243943374964e-01	1.804887243943374964e-01	1.804887243943374964e-01	1.804887243943374964e-01	1.804887243943374964e-01	1.804887243943374964e-01	1.804887243943374964e-01	1.804887243943374964e-01	1.804887243943374964e-01	2.512292412538369990e-01	1.804887243943374964e-01	1.629029907021319890e-01	1.771391091527290129e-01	1.804887243943374964e-01	1.730434488834340090e-01	1.804887243943374964e-01	1.804887243943374964e-01	1.804887243943374964e-01	1.804887243943374964e-01	1.880196676549359958e-01	2.249968161131249977e-01	1.804887243943374964e-01	1.804887243943374964e-01	1.804887243943374964e-01	1.804887243943374964e-01	1.804887243943374964e-01	1.804887243943374964e-01	1.804887243943374964e-01	1.804887243943374964e-01	1.804887243943374964e-01	2.274350608959020137e-01	1.804887243943374964e-01	1.804887243943374964e-01	1.804887243943374964e-01	1.804887243943374964e-01	1.730534072878549962e-02	1.804887243943374964e-01	1.804887243943374964e-01	1.804887243943374964e-01	1.804887243943374964e-01	1.804887243943374964e-01	1.804887243943374964e-01	1.804887243943374964e-01	1.804887243943374964e-01	1.804887243943374964e-01	1.804887243943374964e-01	1.809480447140789927e-01	1.804887243943374964e-01	1.804887243943374964e-01	1.804887243943374964e-01	2.888404467154069843e-01	1.211270836689520014e-01	1.804887243943374964e-01	1.804887243943374964e-01	2.116623673383309923e-01	1.804887243943374964e-01	1.804887243943374964e-01	1.804887243943374964e-01	1.804887243943374964e-01	2.057781930185320074e-01	1.804887243943374964e-01	1.804887243943374964e-01	6.719191141823339930e-02	1.804887243943374964e-01	2.119863949707989914e-01	1.804887243943374964e-01	3.036810573844980210e-01	1.804887243943374964e-01	1.804887243943374964e-01	1.804887243943374964e-01	1.804887243943374964e-01	1.804887243943374964e-01	1.804887243943374964e-01	1.804887243943374964e-01	1.804887243943374964e-01	1.804887243943374964e-01	1.804887243943374964e-01	2.660025783900529794e-01	2.741438183717179733e-01	2.950304111325040002e-01	1.636908048620339950e-01	1.804887243943374964e-01	2.221921868345189954e-01	1.237228847293079942e-01	1.804887243943374964e-01
1.804887243943374964e-01	9.053836807949509902e-02	1.804887243943374964e-01	1.804887243943374964e-01	1.804887243943374964e-01	1.804887243943374964e-01	1.804887243943374964e-01	1.804887243943374964e-01	1.000000000000000000e+00	1.804887243943374964e-01	1.804887243943374964e-01	1.804887243943374964e-01	1.804887243943374964e-01	1.804887243943374964e-01	1.804887243943374964e-01	3.394705521355120270e-01	1.804887243943374964e-01	1.804887243943374964e-01	1.804887243943374964e-01	1.804887243943374964e-01	1.104423292575249932e-01	1.804887243943374964e-01	2.059429124587690008e-01	3.374315047467790207e-01	4.426391172231319837e-01	3.481191760902520027e-01	1.804887243943374964e-01	1.804887243943374964e-01	2.733707116661490133e-01	1.804887243943374964e-01	1.804887243943374964e-01	1.804887243943374964e-01	1.804887243943374964e-01	1.804887243943374964e-01	1.804887243943374964e-01	1.804887243943374964e-01	1.804887243943374964e-01	1.804887243943374964e-01	3.220082812416190099e-01	1.804887243943374964e-01	2.729657038053610041e-01	1.804887243943374964e-01	1.804887243943374964e-01	1.804887243943374964e-01	2.777937334620830256e-01	1.804887243943374964e-01	2.078173430504419994e-01	1.804887243943374964e-01	1.804887243943374964e-01	1.804887243943374964e-01	1.804887243943374964e-01	1.804887243943374964e-01	1.804887243943374964e-01	2.824743923696900194e-01	1.804887243943374964e-01	1.804887243943374964e-01	2.696075436190419894e-01	3.518916728728729848e-01	1.804887243943374964e-01	1.804887243943374964e-01	1.804887243943374964e-01	1.804887243943374964e-01	1.804887243943374964e-01	1.017421275172149947e-02	1.804887243943374964e-01	1.804887243943374964e-01	3.012750270796529795e-01	1.804887243943374964e-01	2.970787897858909732e-01	1.804887243943374964e-01	1.804887243943374964e-01	1.804887243943374964e-01	1.804887243943374964e-01	1.804887243943374964e-01	1.804887243943374964e-01	1.804887243943374964e-01	1.804887243943374964e-01	1.804887243943374964e-01	1.804887243943374964e-01	3.106712323521440000e-01	1.804887243943374964e-01	3.112273874253200234e-01	2.293809140399520052e-01	1.804887243943374964e-01	2.797158560181359777e-01	1.804887243943374964e-01	1.804887243943374964e-01	1.804887243943374964e-01	1.804887243943374964e-01	2.257021596499949878e-01	1.804887243943374964e-01	1.804887243943374964e-01	4.296254973744780270e-01	2.331854727188640009e-01	3.204735973722879772e-01	1.804887243943374964e-01	1.804887243943374964e-01	1.804887243943374964e-01	3.451904286925550069e-01	1.804887243943374964e-01	1.804887243943374964e-01	1.804887243943374964e-01	1.804887243943374964e-01	2.641933411145970245e-01	3.755510647263269886e-01	1.804887243943374964e-01	9.473878100329929941e-02	1.804887243943374964e-01	1.804887243943374964e-01	1.804887243943374964e-01	1.804887243943374964e-01	2.896164050354950170e-01	2.153452823268290073e-01	1.804887243943374964e-01	1.804887243943374964e-01	1.804887243943374964e-01	2.936726778951619932e-01	3.902830653934100114e-01	1.804887243943374964e-01	1.804887243943374964e-01	1.804887243943374964e-01	1.804887243943374964e-01	1.804887243943374964e-01	1.804887243943374964e-01
1.804887243943374964e-01	1.804887243943374964e-01	1.804887243943374964e-01	1.804887243943374964e-01	1.804887243943374964e-01	1.804887243943374964e-01	2.588147643063279935e-01	3.145778849270690070e-01	1.804887243943374964e-01	1.000000000000000000e+00	1.804887243943374964e-01	1.804887243943374964e-01	1.859777178361760042e-01	1.804887243943374964e-01	1.804887243943374964e-01	1.804887243943374964e-01	2.621927071627739858e-01	1.804887243943374964e-01	1.804887243943374964e-01	1.804887243943374964e-01	1.354085557759930059e-01	1.804887243943374964e-01	1.804887243943374964e-01	1.804887243943374964e-01	1.804887243943374964e-01	1.804887243943374964e-01	1.804887243943374964e-01	1.804887243943374964e-01	1.804887243943374964e-01	1.804887243943374964e-01	1.804887243943374964e-01	1.804887243943374964e-01	1.804887243943374964e-01	1.804887243943374964e-01	1.151345344992509984e-01	4.646098075919669751e-02	1.804887243943374964e-01	1.804887243943374964e-01	1.804887243943374964e-01	1.804887243943374964e-01	1.804887243943374964e-01	1.804887243943374964e-01	1.804887243943374964e-01	8.315829392310210288e-02	1.804887243943374964e-01	1.398421626235520077e-01	1.804887243943374964e-01	9.087137061634249779e-02	1.804887243943374964e-01	3.028175268438330070e-01	1.804887243943374964e-01	1.804887243943374964e-01	1.804887243943374964e-01	1.804887243943374964e-01	7.624330473298519817e-02	1.804887243943374964e-01	1.804887243943374964e-01	9.901981538598969568e-02	6.614542995062940023e-02	1.804887243943374964e-01	7.355725113184999331e-02	2.194380099192410061e-01	1.804887243943374964e-01	2.836431124309849935e-02	1.804887243943374964e-01	1.804887243943374964e-01	1.662296796936539867e-01	1.804887243943374964e-01	1.094384561473349948e-01	7.778381455218029428e-02	7.406272563956879662e-02	1.804887243943374964e-01	1.804887243943374964e-01	1.804887243943374964e-01	1.804887243943374964e-01	1.804887243943374964e-01	8.223968519874259864e-02	1.804887243943374964e-01	1.804887243943374964e-01	1.804887243943374964e-01	1.804887243943374964e-01	8.212750766234369615e-02	1.804887243943374964e-01	1.804887243943374964e-01	1.804887243943374964e-01	8.220678971194360363e-02	1.804887243943374964e-01	1.804887243943374964e-01	1.000000000000000048e-04	1.804887243943374964e-01	1.804887243943374964e-01	1.804887243943374964e-01	1.804887243943374964e-01	1.804887243943374964e-01	1.804887243943374964e-01	5.910230367547589930e-02	1.804887243943374964e-01	7.712941467966770437e-02	1.804887243943374964e-01	1.804887243943374964e-01	1.643934222765010000e-01	1.539280651022799928e-01	1.804887243943374964e-01	1.804887243943374964e-01	9.915739956491599616e-02	1.804887243943374964e-01	1.576900039121139907e-01	1.804887243943374964e-01	2.168761364132200109e-01	1.804887243943374964e-01	5.555120997195889948e-02	1.804887243943374964e-01	1.804887243943374964e-01	1.804887243943374964e-01	1.804887243943374964e-01	1.804887243943374964e-01	1.177098997894440030e-01	1.294841803408129932e-01	1.812719729139559977e-01	8.070583685164879617e-02	2.273922455605560111e-01	8.486647902907369645e-02	4.638341379938269726e-02	1.804887243943374964e-01
5.161429300743419768e-01	1.804887243943374964e-01	1.804887243943374964e-01	1.804887243943374964e-01	1.804887243943374964e-01	2.498025096737719886e-01	1.804887243943374964e-01	3.195848788836549992e-01	1.804887243943374964e-01	1.804887243943374964e-01	1.000000000000000000e+00	6.262933353915620116e-02	4.728002973824519950e-01	1.804887243943374964e-01	1.804887243943374964e-01	1.804887243943374964e-01	1.804887243943374964e-01	1.245919869869360069e-02	1.804887243943374964e-01	1.804887243943374964e-01	7.308273996502889780e-02	5.030475850789050130e-01	1.998176273686680104e-01	1.804887243943374964e-01	1.804887243943374964e-01	1.804887243943374964e-01	1.804887243943374964e-01	3.409597717390869809e-01	1.804887243943374964e-01	1.804887243943374964e-01	1.804887243943374964e-01	4.350177474569459912e-01	3.278271595653490245e-01	1.804887243943374964e-01	1.804887243943374964e-01	3.419884041975799760e-01	4.282526351062639902e-01	1.804887243943374964e-01	1.804887243943374964e-01	4.589971442070829855e-01	3.988158913251800275e-01	1.322684152931689894e-01	1.804887243943374964e-01	1.804887243943374964e-01	1.804887243943374964e-01	1.804887243943374964e-01	1.507588390054130090e-01	1.804887243943374964e-01	1.804887243943374964e-01	1.804887243943374964e-01	1.804887243943374964e-01	1.804887243943374964e-01	3.518005896703479962e-01	1.804887243943374964e-01	3.281204619290860047e-01	1.804887243943374964e-01	1.804887243943374964e-01	1.804887243943374964e-01	3.267872829315939809e-01	4.947701986943719987e-01	1.804887243943374964e-01	1.804887243943374964e-01	3.358549284971529825e-01	6.929311972319399972e-03	1.804887243943374964e-01	1.804887243943374964e-01	2.912979513648190077e-01	1.804887243943374964e-01	3.706428889928050086e-01	1.804887243943374964e-01	1.804887243943374964e-01	1.804887243943374964e-01	1.804887243943374964e-01	1.804887243943374964e-01	1.804887243943374964e-01	1.804887243943374964e-01	3.617921154556489882e-01	1.804887243943374964e-01	1.804887243943374964e-01	1.804887243943374964e-01	4.804047798093600274e-01	1.804887243943374964e-01	3.524303733848250242e-01	1.804887243943374964e-01	3.823284947569959846e-01	1.804887243943374964e-01	1.804887243943374964e-01	2.789204715892870112e-01	1.000000000000000048e-04	1.804887243943374964e-01	1.804887243943374964e-01	1.804887243943374964e-01	5.547224401263809446e-01	3.339318896266360026e-01	1.804887243943374964e-01	1.804887243943374964e-01	1.804887243943374964e-01	1.804887243943374964e-01	1.804887243943374964e-01	1.804887243943374964e-01	1.804887243943374964e-01	1.804887243943374964e-01	1.804887243943374964e-01	1.804887243943374964e-01	1.804887243943374964e-01	1.804887243943374964e-01	1.804887243943374964e-01	1.804887243943374964e-01	1.804887243943374964e-01	2.639944565150300071e-01	3.412728550336949773e-01	3.028531612391550110e-01	1.804887243943374964e-01	1.804887243943374964e-01	1.804887243943374964e-01	1.804887243943374964e-01	1.804887243943374964e-01	1.804887243943374964e-01	1.804887243943374964e-01	1.804887243943374964e-01	1.091401047230580040e-01	1.804887243943374964e-01	1.804887243943374964e-01	1.804887243943374964e-01
1.804887243943374964e-01	1.804887243943374964e-01	1.804887243943374964e-01	1.804887243943374964e-01	1.804887243943374964e-01	8.471681857437980689e-02	1.804887243943374964e-01	1.804887243943374964e-01	1.804887243943374964e-01	1.804887243943374964e-01	6.262933353915620116e-02	1.000000000000000000e+00	1.804887243943374964e-01	1.804887243943374964e-01	1.804887243943374964e-01	1.804887243943374964e-01	1.804887243943374964e-01	1.804887243943374964e-01	1.804887243943374964e-01	1.804887243943374964e-01	1.804887243943374964e-01	1.157061625344900022e-02	1.793033050780080129e-01	1.804887243943374964e-01	5.317953037182569787e-02	1.804887243943374964e-01	1.804887243943374964e-01	6.358426381928429516e-02	1.804887243943374964e-01	1.804887243943374964e-01	1.804887243943374964e-01	1.804887243943374964e-01	1.804887243943374964e-01	1.804887243943374964e-01	1.804887243943374964e-01	3.632928146278349788e-03	1.804887243943374964e-01	1.804887243943374964e-01	1.046120192144119922e-02	1.804887243943374964e-01	1.804887243943374964e-01	1.322590772709379969e-01	1.804887243943374964e-01	7.766390575502379878e-03	1.804887243943374964e-01	1.804887243943374964e-01	1.804887243943374964e-01	9.345979551636820343e-03	1.804887243943374964e-01	1.804887243943374964e-01	1.804887243943374964e-01	1.804887243943374964e-01	6.582553484522260523e-02	1.804887243943374964e-01	1.804887243943374964e-01	2.296185584799279866e-01	1.804887243943374964e-01	1.272171257455470030e-02	1.804887243943374964e-01	1.804887243943374964e-01	6.224647466008069625e-03	1.804887243943374964e-01	6.491854584400339780e-03	1.652467673777759938e-01	1.804887243943374964e-01	1.804887243943374964e-01	1.804887243943374964e-01	3.222584554078949948e-01	1.585475214215590137e-02	6.639878536526989602e-03	1.804887243943374964e-01	9.609380179900029600e-03	1.804887243943374964e-01	1.513540960059529990e-02	1.573415506244650042e-01	1.804887243943374964e-01	9.193494376631999865e-03	1.804887243943374964e-01	1.804887243943374964e-01	1.804887243943374964e-01	1.804887243943374964e-01	1.804887243943374964e-01	1.804887243943374964e-01	1.804887243943374964e-01	9.144296805569910799e-03	1.804887243943374964e-01	1.031840913806809923e-02	1.804887243943374964e-01	1.804887243943374964e-01	1.534975884355780085e-01	2.019022181457829912e-01	1.804887243943374964e-01	3.389552130772469779e-02	1.804887243943374964e-01	1.804887243943374964e-01	1.804887243943374964e-01	1.804887243943374964e-01	9.387642084225829298e-03	1.804887243943374964e-01	1.804887243943374964e-01	1.804887243943374964e-01	4.390598027885340149e-01	1.115536721372309935e-02	1.804887243943374964e-01	1.804887243943374964e-01	1.804887243943374964e-01	1.804887243943374964e-01	2.137167954017060029e-02	1.804887243943374964e-01	1.804887243943374964e-01	1.804887243943374964e-01	1.804887243943374964e-01	1.804887243943374964e-01	1.804887243943374964e-01	1.804887243943374964e-01	1.285715433523950020e-02	1.457300804819510083e-02	3.801075577842279868e-02	1.804887243943374964e-01	9.472862650041779381e-03	1.664371462706359939e-01	9.458160502777359854e-03	1.804887243943374964e-01	1.804887243943374964e-01
