1.000000000000000000e+00	5.164764108475469739e-02	6.236899427362210119e-02	2.104157644066129984e-01	1.804918646810249327e-01	1.711842872138180094e-01	2.159797027415089887e-01	2.564803570587360082e-01	3.888894607352140209e-01	1.804918646810249327e-01	5.161429300743419768e-01	1.804918646810249327e-01	1.804918646810249327e-01	8.133292848908830249e-04	1.804918646810249327e-01	2.699567391329750210e-01	2.878564853295049741e-01	5.196639893061789743e-03	5.371353178815719831e-01	1.804918646810249327e-01	1.804918646810249327e-01	6.921343809469809871e-01	9.460955430418560574e-02	1.804918646810249327e-01	1.804918646810249327e-01	5.980827407203229695e-01	6.169535749858660045e-01	2.578906005566570236e-01	5.782220959010360151e-01	2.489691115675830013e-01	1.804918646810249327e-01	6.348043201631200505e-01	5.560163671329350077e-01	1.804918646810249327e-01	6.010034121881430158e-01	1.804918646810249327e-01	1.804918646810249327e-01	1.804918646810249327e-01	1.804918646810249327e-01	1.804918646810249327e-01	6.340279473164229795e-01	1.804918646810249327e-01	3.878383964231419956e-01	6.003390154943419876e-01	5.119090019973849826e-01	1.804918646810249327e-01	5.683390826193199935e-02	6.240945170752649762e-01	1.804918646810249327e-01	8.647940212931599924e-02	5.729393390260779650e-01	4.092941860556529865e-01	1.804918646810249327e-01	1.804918646810249327e-01	5.433140417263460087e-01	1.085177438865250060e-01	5.767950421216629930e-01	6.470822045586019922e-01	1.804918646810249327e-01	5.754527602638539463e-01	6.572268305036009783e-01	3.379516100737720019e-02	5.456718159628649589e-01	1.674345885243750092e-03	1.804918646810249327e-01	1.804918646810249327e-01	1.804918646810249327e-01	1.141282923158289941e-01	4.594510510748889831e-01	1.804918646810249327e-01	5.883662057344419827e-01	6.002825050205770063e-01	5.276260876243099585e-01	4.163962858931219979e-01	1.804918646810249327e-01	3.610983953125399687e-02	5.342734942071599713e-01	1.804918646810249327e-01	1.804918646810249327e-01	1.804918646810249327e-01	4.708349486359589831e-01	6.702064728391220472e-01	4.411312266067379806e-01	3.110768733605339884e-02	1.804918646810249327e-01	6.307092549720110242e-01	6.514675283655889659e-01	4.251697074868729942e-01	1.000000000000000048e-04	1.804918646810249327e-01	5.177785998268490120e-02	1.804918646810249327e-01	5.098890705581470284e-01	4.843439442228629765e-01	5.920052004887409458e-01	5.751684356293069733e-01	1.804918646810249327e-01	1.804918646810249327e-01	6.938794553475450266e-01	4.600677855907009950e-01	6.642552626426520002e-01	1.804918646810249327e-01	1.804918646810249327e-01	1.034650768766880030e-01	6.654443940965240056e-01	6.026605310939510129e-01	1.804918646810249327e-01	1.403862371327699865e-01	1.360185823262549942e-01	4.305972255431420037e-01	1.804918646810249327e-01	2.139057632411009990e-01	1.804918646810249327e-01	7.604797689859130183e-02	3.896997605578390172e-02	6.318532030463439586e-01	5.025033021959169899e-01	6.386704063877439719e-01	6.056463157432789846e-01	1.804918646810249327e-01	5.789089522217240324e-02	5.027990350142189646e-01	1.804918646810249327e-01	5.557285672161129675e-01
5.164764108475469739e-02	1.000000000000000000e+00	2.597116779768520178e-01	4.798109755599939963e-02	1.804918646810249327e-01	1.804918646810249327e-01	1.376901092684360006e-01	1.304814076591259975e-01	9.053836807949509902e-02	1.960539238806920104e-01	9.642580109222330387e-02	1.804918646810249327e-01	6.595889473804909808e-02	3.072136988446420164e-02	2.300753382147860057e-02	1.804918646810249327e-01	9.830004594688379616e-02	5.211281652592000130e-02	2.266519895745720131e-02	1.804918646810249327e-01	1.804918646810249327e-01	1.804918646810249327e-01	1.804918646810249327e-01	1.804918646810249327e-01	5.572535771145099848e-02	1.804918646810249327e-01	1.804918646810249327e-01	7.201565834412609890e-02	1.404670233690659929e-02	1.804918646810249327e-01	1.804918646810249327e-01	1.382532860346329974e-02	1.804918646810249327e-01	1.118916761328690029e-01	1.804918646810249327e-01	8.194688628377470169e-03	8.752978371349640074e-02	5.314199806296229789e-02	1.804918646810249327e-01	1.804918646810249327e-01	1.804918646810249327e-01	8.621117354779890551e-02	5.712758131918480031e-02	2.070141049559250102e-02	1.632385777784450126e-02	1.497228699720460077e-01	1.804918646810249327e-01	2.193680215543659939e-02	8.229389469809980651e-02	1.858552086389569924e-01	2.026612511615820053e-02	2.458219540035160022e-02	1.125572244413799994e-01	1.921369091148139932e-02	1.804918646810249327e-01	1.804918646810249327e-01	1.804918646810249327e-01	1.801850416468190122e-02	1.773077962546789829e-02	1.891133133348840006e-02	1.702459641753180028e-02	1.252167860361499963e-01	1.754028188594190102e-02	4.752707080332110173e-02	1.054438809134280036e-01	1.804918646810249327e-01	3.755903549080250037e-02	1.429937502758550083e-01	3.637252982743360147e-02	2.389094221877850061e-02	1.639739808399520021e-02	1.804918646810249327e-01	1.260578103151810056e-02	1.804918646810249327e-01	5.387741121782749915e-02	1.218705080434560051e-01	1.804918646810249327e-01	2.136413650574970138e-02	1.804918646810249327e-01	1.804918646810249327e-01	2.492941885974379879e-02	1.554074849632659967e-02	2.524290323884920140e-02	1.804918646810249327e-01	2.527500300567190120e-02	1.480496002804740016e-02	1.493373451790219915e-02	1.804918646810249327e-01	1.000000000000000048e-04	2.165803104913699983e-01	8.963521801368259934e-02	1.804918646810249327e-01	1.804918646810249327e-01	2.514152268194609977e-02	1.525089875606940037e-02	1.045726358662710069e-02	8.756480922482899609e-02	1.804918646810249327e-01	1.729434817049799872e-02	3.053540312645559862e-02	5.416600433092590150e-02	1.804918646810249327e-01	1.804918646810249327e-01	1.438849265849110048e-01	2.244755697163260122e-02	6.005148717426069677e-02	2.157510963657099934e-01	1.804918646810249327e-01	1.391363796652710094e-01	1.204688123358219932e-02	1.804918646810249327e-01	1.804918646810249327e-01	1.508227153577189894e-01	1.532809981100320129e-01	1.648156637676150005e-01	4.532377374132780246e-02	3.525502035230049930e-02	8.088266690113020407e-02	5.492980630593959773e-02	1.493830404275629971e-02	2.471419199607139960e-01	2.291567024343110076e-02	7.967815324849769967e-03	1.804918646810249327e-01
6.236899427362210119e-02	2.597116779768520178e-01	1.000000000000000000e+00	8.860751899106110441e-02	1.945143435766669981e-01	1.300797616279709967e-01	1.687007041390989892e-01	1.395627052437199977e-01	1.792948658853910082e-01	1.804918646810249327e-01	1.462404536801809873e-01	2.863901945062279908e-01	1.804918646810249327e-01	1.804918646810249327e-01	1.804918646810249327e-01	1.404523292354210029e-01	1.282921281005960090e-01	1.804918646810249327e-01	4.905319933431689927e-02	1.804918646810249327e-01	1.804918646810249327e-01	3.173771759405100146e-02	1.804918646810249327e-01	1.804918646810249327e-01	1.280387652542120114e-01	4.194002514933659748e-02	5.163670303643679710e-02	1.166976265635940035e-01	2.056641549932779894e-02	1.013777690823839950e-01	7.305006883476000690e-02	2.244650044198870029e-02	1.801002526772560106e-02	1.748610639526360089e-01	3.008743118848530157e-02	1.157442909626160005e-02	1.804918646810249327e-01	1.804918646810249327e-01	1.804918646810249327e-01	1.804918646810249327e-01	1.804918646810249327e-01	2.079836947707910111e-01	6.228538678644349874e-02	1.939450080559470060e-02	1.804918646810249327e-01	3.079922956527699762e-01	3.879479398197749895e-01	1.804918646810249327e-01	1.766021541007249951e-01	1.804918646810249327e-01	2.884766364851660062e-02	4.916183401161530048e-02	1.314863151613940018e-01	2.636867622407719838e-02	1.688772520395930010e-02	3.250920812999379961e-01	1.804918646810249327e-01	3.272524718156900186e-02	1.626939766783390071e-02	3.895713858519479766e-02	1.804918646810249327e-01	3.090159952859780068e-01	1.752336564941999950e-02	1.223245084239990010e-01	2.004723418606199903e-01	2.032800920614540041e-01	1.804918646810249327e-01	2.597789188287940032e-01	1.804918646810249327e-01	1.678312814175940068e-02	2.367378386444310076e-02	1.804918646810249327e-01	1.986662421471190043e-02	4.285394148793390118e-02	1.052579325938710064e-01	2.878632597781999869e-01	2.086035226245670088e-02	1.804918646810249327e-01	1.804918646810249327e-01	1.804918646810249327e-01	1.804918646810249327e-01	2.357593088096660017e-02	2.070189768504440003e-02	4.208690673135819793e-01	2.236213898720210147e-02	2.531071728987319830e-02	1.804918646810249327e-01	1.743984970226840001e-02	1.000000000000000048e-04	1.804918646810249327e-01	1.935736257298260043e-01	2.765153236073190079e-01	8.633502411145900501e-02	1.804918646810249327e-01	2.871017636434319842e-02	1.676536383312129952e-02	1.804918646810249327e-01	2.423866727525330125e-02	1.804918646810249327e-01	1.804918646810249327e-01	8.679543302692530049e-02	2.833732600294849857e-01	2.542534247755599830e-02	1.804918646810249327e-01	4.189563321329539680e-02	4.323279198483109820e-02	1.804918646810249327e-01	3.453646867904790196e-02	1.804918646810249327e-01	1.804918646810249327e-01	1.682742329850290056e-02	6.860279358922130588e-02	1.006574404393699995e-01	1.267466213131369923e-01	1.804918646810249327e-01	1.804918646810249327e-01	3.257234549117019734e-02	1.109189961611939945e-01	9.283188706214380581e-02	2.165061382904880094e-02	1.915524844668470006e-01	1.997256929323370025e-02	1.611658440305099860e-02	2.987153918838670111e-02
2.104157644066129984e-01	4.798109755599939963e-02	8.860751899106110441e-02	1.000000000000000000e+00	2.601521159933830041e-01	1.804918646810249327e-01	1.467990569874370044e-01	1.856934452553319903e-01	2.771668367245510023e-01	1.990104362078299882e-01	1.804918646810249327e-01	1.804918646810249327e-01	1.804918646810249327e-01	4.446530256296710171e-03	2.189118912536940076e-01	2.182483119542689975e-01	1.804918646810249327e-01	1.804918646810249327e-01	1.804918646810249327e-01	1.804918646810249327e-01	6.735815152803030503e-02	1.815836604651870079e-01	1.804918646810249327e-01	1.824532282452940024e-01	1.804918646810249327e-01	1.926510583977369961e-01	2.542567439747899782e-01	1.659326316721450034e-01	1.763239129998759869e-01	1.804918646810249327e-01	2.064087147223589991e-01	1.597255530502010024e-01	1.804918646810249327e-01	1.804918646810249327e-01	2.056813607799329868e-01	1.380080327137060137e-01	1.804918646810249327e-01	1.804918646810249327e-01	1.804462502631850040e-01	2.107329242380190093e-01	1.804918646810249327e-01	9.223520758739589542e-02	1.804918646810249327e-01	1.457594225931329868e-01	1.595790210256219921e-01	1.804918646810249327e-01	1.804918646810249327e-01	1.804918646810249327e-01	2.894937468571299743e-01	1.804918646810249327e-01	1.804918646810249327e-01	1.754381354460539943e-01	1.598157934737040042e-01	1.561022987047679944e-01	1.297465100955740025e-01	1.804918646810249327e-01	1.804918646810249327e-01	1.796792515622880060e-01	1.804918646810249327e-01	1.804918646810249327e-01	1.804918646810249327e-01	6.430962617339310017e-02	1.510287233217179892e-01	3.627289740383449982e-03	2.280084915959020020e-01	5.728644471067759897e-02	1.375314222965419997e-01	1.614716658957049966e-01	1.847084289387170009e-01	1.804918646810249327e-01	1.901914292527620010e-01	1.798908031573079880e-01	1.426374844454590118e-01	1.488585798483499922e-01	1.736081697662979900e-02	6.340345914813830253e-02	1.804918646810249327e-01	1.578533747523880038e-01	9.412541454647689598e-02	1.887200914246839889e-01	1.879798484460359909e-01	1.852613109190809904e-01	1.412212753223049955e-01	6.605054205470030360e-02	1.804918646810249327e-01	1.920128493055630048e-01	1.703042882392629964e-01	1.204335339532759952e-01	1.000000000000000048e-04	1.088912457388249988e-01	1.161523819618320019e-01	1.045174127019680016e-01	2.134029526875370064e-01	1.409456957864820004e-01	1.804918646810249327e-01	1.637678684666930007e-01	1.864817281246390068e-01	1.851915654848579895e-01	1.838410919286619927e-01	1.804918646810249327e-01	2.794789759836789900e-01	5.407048359140829985e-02	1.804918646810249327e-01	1.301777593724859905e-01	2.191851090137389990e-01	1.804918646810249327e-01	1.804918646810249327e-01	1.804918646810249327e-01	1.250548151215009895e-01	1.146937225799150029e-01	1.268241987529949988e-01	2.082383726503060084e-01	1.804918646810249327e-01	6.613453425553429688e-02	7.563033785907820328e-02	2.028213501563350118e-01	1.607020957466130107e-01	1.965158574235670030e-01	1.804918646810249327e-01	1.804918646810249327e-01	1.804918646810249327e-01	1.804918646810249327e-01	1.270213394175259969e-01	1.740153940624190043e-01
1.804918646810249327e-01	1.804918646810249327e-01	1.945143435766669981e-01	2.601521159933830041e-01	1.000000000000000000e+00	2.473630343717319879e-01	3.855723378389899758e-01	3.340183465196189805e-01	1.804918646810249327e-01	2.551378619825089844e-01	1.804918646810249327e-01	1.804918646810249327e-01	1.804918646810249327e-01	1.804918646810249327e-01	2.708667655917250117e-01	1.804918646810249327e-01	3.405427740908569811e-01	2.446388575165630089e-02	3.004678322528659962e-01	1.804918646810249327e-01	7.658858942067230113e-02	3.226682506353840130e-01	1.804918646810249327e-01	1.804918646810249327e-01	4.336276543290080165e-01	1.804918646810249327e-01	4.157108922944369733e-01	2.843084403758889822e-01	2.377962735290989893e-01	1.804918646810249327e-01	1.759798340925859961e-01	2.785727927400200032e-01	2.150009406029770032e-01	2.686448415138569801e-01	3.058902631839159891e-01	2.022350996998699968e-01	1.804918646810249327e-01	3.881031792638380273e-01	1.804918646810249327e-01	4.456598908395800196e-01	2.716072219575019764e-01	1.804918646810249327e-01	1.804918646810249327e-01	2.417517895078289958e-01	2.346277049608460064e-01	1.204533754336750001e-01	1.804918646810249327e-01	2.833132466320649745e-01	4.395250234616400187e-01	1.992681943944769885e-01	1.804918646810249327e-01	2.726896144614829876e-01	2.836668419081950221e-01	2.631942201482290189e-01	2.196756926412329891e-01	2.176738126375570015e-01	2.496027099862180021e-01	1.804918646810249327e-01	1.804918646810249327e-01	3.157497720534970242e-01	2.378186596222529869e-01	1.804918646810249327e-01	1.804918646810249327e-01	7.772424427426030333e-03	1.804918646810249327e-01	8.995643026028379841e-02	2.440555040041569868e-01	2.372875588012179904e-01	3.308576588127929985e-01	1.934324557677840062e-01	2.697725615326059811e-01	2.905995432380549803e-01	2.630270360487499959e-01	2.287340421760259979e-01	1.804918646810249327e-01	1.494799420139190094e-01	1.804918646810249327e-01	3.522313726136370171e-01	2.341643410425010008e-01	1.804918646810249327e-01	3.248855789427460006e-01	2.942884234372529773e-01	2.537486431120539732e-01	1.211242331168719960e-01	2.477883620007589882e-01	1.804918646810249327e-01	2.811479748569509773e-01	1.804918646810249327e-01	1.804918646810249327e-01	2.207432597945880037e-01	1.536963984115959914e-01	1.321719541813010101e-01	4.092171351921580214e-01	2.258296749916750001e-01	1.804918646810249327e-01	2.505679255893720203e-01	1.804918646810249327e-01	3.188786806531579976e-01	3.247632690785680065e-01	3.529034509306889777e-01	4.791965842406720189e-01	9.263111292326679791e-02	1.804918646810249327e-01	2.826805464977040216e-01	1.804918646810249327e-01	1.804918646810249327e-01	8.935089267316620454e-02	1.804918646810249327e-01	2.056716800625560115e-01	1.791978437146219960e-01	2.387495433353349905e-01	1.804918646810249327e-01	2.418599112979069876e-01	1.157948433357459950e-01	1.335225500318419911e-01	3.008003607562449999e-01	2.499259952527299877e-01	4.992147029212469778e-01	3.972141668015879978e-01	2.792948746548439831e-01	1.603998253636109983e-01	2.382500029005880093e-01	1.804918646810249327e-01	3.268795826865409926e-01
1.711842872138180094e-01	1.804918646810249327e-01	1.300797616279709967e-01	1.804918646810249327e-01	2.473630343717319879e-01	1.000000000000000000e+00	1.279664678163300040e-01	1.804918646810249327e-01	2.391994622535250081e-01	2.001470720025269878e-01	1.804918646810249327e-01	8.471681857437980689e-02	2.079983792552559940e-01	1.804918646810249327e-01	1.196538121833600060e-01	1.804918646810249327e-01	2.081648758898050067e-01	2.409080856565079878e-02	1.804918646810249327e-01	1.216097919211389933e-01	1.804918646810249327e-01	1.254557070788759887e-01	1.399244624147960026e-01	2.112642439377289960e-01	1.804918646810249327e-01	1.451911070662230130e-01	1.635367864262090021e-01	1.892627096856210056e-01	1.032267286221769942e-01	1.796200617104879993e-01	1.661240886237189962e-01	1.804918646810249327e-01	1.804918646810249327e-01	2.424411817490129961e-01	1.321875076656550130e-01	6.629971856775070116e-02	2.054733257368709931e-01	1.643934222765010000e-01	1.804918646810249327e-01	2.130567026886930060e-01	1.804918646810249327e-01	1.058292157274060008e-01	1.804918646810249327e-01	9.529108785726900233e-02	1.011109103903460038e-01	8.024939672758210629e-02	1.347758883752629977e-01	1.116838433521129964e-01	3.091250995452790029e-01	2.028308967121290052e-01	1.286943116734589887e-01	1.804918646810249327e-01	1.804918646810249327e-01	1.058541243384559932e-01	9.193614394836209514e-02	1.652545453433769962e-01	1.012990679701760016e-01	1.309459125542490054e-01	8.179766713706479453e-02	1.804918646810249327e-01	9.412098438550929591e-02	1.302175920416810129e-01	8.171108738908069991e-02	1.117086716222069967e-02	1.804918646810249327e-01	1.804918646810249327e-01	1.137207683059340002e-01	2.197170550387269883e-01	1.142949382474510028e-01	8.317786656742949536e-02	1.804918646810249327e-01	1.127428005293489993e-01	9.864534427623100621e-02	1.110783418658150001e-01	3.499957726762650129e-02	1.804918646810249327e-01	9.729886005942910143e-02	1.804918646810249327e-01	1.416706584900929988e-01	1.310754062771830042e-01	1.804918646810249327e-01	1.190135032119749997e-01	8.580029312916580275e-02	1.804918646810249327e-01	1.117706125876409967e-01	1.172757861808740032e-01	1.804918646810249327e-01	9.324571329605080283e-02	1.000000000000000048e-04	1.732308796661350125e-01	8.698765277988360078e-02	1.804918646810249327e-01	1.804918646810249327e-01	9.948229475726899640e-02	1.152266963352379936e-01	9.465186776292240645e-02	1.651340280063419985e-01	1.165960560826150016e-01	1.260564893322289881e-01	1.472003550056669996e-01	1.834521201587439865e-01	8.569132501540729918e-02	1.804918646810249327e-01	1.531800272397260132e-01	1.497122996821899921e-01	1.507907737992399966e-01	7.043340304668670171e-02	8.777112553697259678e-02	1.266541871519629991e-01	1.804918646810249327e-01	1.804918646810249327e-01	1.757315205526530089e-01	1.235773866096400025e-01	1.037015349478619952e-01	1.156967813707590054e-01	1.317496005502420131e-01	1.076326371306949997e-01	2.037686422729340086e-01	1.824746986355010037e-01	1.174719064197420060e-01	1.804918646810249327e-01	9.802975304370549481e-02	7.133923822755260102e-02	1.268182295722189989e-01
2.159797027415089887e-01	1.376901092684360006e-01	1.687007041390989892e-01	1.467990569874370044e-01	3.855723378389899758e-01	1.279664678163300040e-01	1.000000000000000000e+00	4.529237702920230202e-01	2.971976674533189922e-01	1.804918646810249327e-01	2.660964959047770195e-01	8.222807352412600523e-02	1.804918646810249327e-01	1.804918646810249327e-01	1.447782497208729979e-01	2.531581349155199723e-01	1.804918646810249327e-01	2.548404903622290135e-02	1.804918646810249327e-01	1.804918646810249327e-01	7.949376891591310168e-02	1.804918646810249327e-01	1.442001848076150117e-01	1.920173681587510062e-01	3.064378594979260129e-01	1.807522641828349930e-01	1.804918646810249327e-01	1.804918646810249327e-01	1.804918646810249327e-01	1.742530807858700126e-01	1.804918646810249327e-01	1.303095601095390077e-01	1.804918646810249327e-01	1.804918646810249327e-01	2.150717894474210024e-01	7.378090037218859587e-02	2.525690009132520175e-01	2.088911800669379926e-01	1.380015371481599917e-01	2.709432708212530239e-01	1.902406709111829908e-01	1.690066848173870095e-01	2.002507238823700020e-01	1.669078392466800120e-01	1.196143958826530046e-01	9.799976641391899834e-02	1.534109156037760102e-01	1.789028817777819913e-01	2.106337604709500044e-01	1.804918646810249327e-01	1.304476340140079960e-01	1.487675241378539903e-01	2.072556682951089968e-01	1.387113563939000038e-01	1.804918646810249327e-01	1.804918646810249327e-01	1.728399497774399940e-01	1.470099478175289909e-01	1.804918646810249327e-01	1.541564530480669937e-01	1.804918646810249327e-01	9.364154847659010572e-02	1.482572448637909934e-01	8.106836488448310521e-03	2.052558399651809862e-01	1.804918646810249327e-01	1.804918646810249327e-01	2.082236712225389863e-01	2.538621304106549736e-01	1.643624747195339963e-01	1.804918646810249327e-01	1.978662852163630137e-01	1.273386007821770138e-01	2.002554366066769953e-01	1.804918646810249327e-01	1.223792172013279944e-01	1.494518019645360019e-01	1.595302068964770115e-01	1.804918646810249327e-01	1.804918646810249327e-01	1.747335407445149980e-01	1.334942723395189934e-01	1.851959238051429923e-01	1.165494182092520065e-01	1.804918646810249327e-01	1.387374741413439916e-01	1.804918646810249327e-01	1.804918646810249327e-01	1.000000000000000048e-04	2.628970773952090112e-01	1.804918646810249327e-01	1.156940586130500020e-01	1.804918646810249327e-01	1.740932212253349931e-01	1.449828254257919946e-01	1.804918646810249327e-01	1.804918646810249327e-01	1.440645053054669944e-01	1.520737278727229969e-01	1.717047693580550094e-01	1.804918646810249327e-01	9.785687940052040235e-02	2.149199990729500076e-01	2.257180951292679927e-01	1.804918646810249327e-01	1.804918646810249327e-01	1.804918646810249327e-01	1.804918646810249327e-01	2.616441161284460137e-01	1.804918646810249327e-01	1.247784769872870014e-01	1.804918646810249327e-01	3.054873974184890151e-01	1.405085319865370108e-01	1.446862848544329949e-01	1.804918646810249327e-01	2.011386684724469909e-01	1.804918646810249327e-01	1.804918646810249327e-01	1.186415732073130003e-01	1.635714279344090138e-01	1.608383031942169916e-01	9.400366106622559670e-02	1.306381088476969987e-01
2.564803570587360082e-01	1.304814076591259975e-01	1.395627052437199977e-01	1.856934452553319903e-01	3.340183465196189805e-01	1.804918646810249327e-01	4.529237702920230202e-01	1.000000000000000000e+00	4.027963770468929727e-01	1.804918646810249327e-01	1.804918646810249327e-01	6.695828850549509492e-02	1.804918646810249327e-01	5.564992972369560247e-03	1.986922142531719893e-01	2.662656310009660077e-01	1.804918646810249327e-01	2.534707854647130082e-02	1.804918646810249327e-01	1.804918646810249327e-01	8.855540244053269894e-02	1.804918646810249327e-01	1.427785400808009864e-01	2.115428516055430086e-01	3.713763163822429991e-01	2.161169828198269971e-01	2.137598263391169984e-01	1.804918646810249327e-01	1.804918646810249327e-01	1.804918646810249327e-01	1.858071021081310059e-01	1.795862476927780060e-01	2.061465714651939951e-01	1.804918646810249327e-01	2.647161263567670009e-01	1.213153685073500021e-01	2.783303304605420081e-01	1.804918646810249327e-01	1.853965174547489991e-01	1.804918646810249327e-01	2.489281005479289932e-01	1.834003194754590116e-01	2.374216195660059925e-01	2.283736659845760075e-01	1.804918646810249327e-01	6.833048710743690191e-02	1.804918646810249327e-01	1.804918646810249327e-01	2.512292412538369990e-01	1.804918646810249327e-01	1.804918646810249327e-01	1.771391091527290129e-01	1.804918646810249327e-01	1.730434488834340090e-01	2.167740818588499985e-01	1.804918646810249327e-01	1.804918646810249327e-01	1.804918646810249327e-01	1.804918646810249327e-01	2.249968161131249977e-01	1.647148472249579942e-01	1.804918646810249327e-01	2.010960708933879904e-01	1.804918646810249327e-01	2.570483661019909993e-01	1.476131713815209967e-01	2.358289767127079994e-01	2.026400509436389885e-01	1.804918646810249327e-01	1.804918646810249327e-01	1.918366969553799983e-01	2.590402259641090277e-01	1.698759809138009891e-01	1.804918646810249327e-01	1.730534072878549962e-02	1.042202128085110008e-01	2.104950095861519987e-01	1.826680458779149918e-01	1.919495965259830073e-01	1.984959196524349878e-01	2.401640090314169917e-01	1.792990854320480054e-01	2.442508633151539987e-01	1.804918646810249327e-01	2.545561019655689927e-01	1.804918646810249327e-01	1.809395281091989993e-01	1.628684907570039919e-01	1.804918646810249327e-01	1.804918646810249327e-01	1.211270836689520014e-01	1.804918646810249327e-01	2.412289356814500130e-01	2.116623673383309923e-01	1.948212893798030032e-01	1.326518423983379935e-01	1.804918646810249327e-01	1.804918646810249327e-01	1.804918646810249327e-01	1.804918646810249327e-01	2.937210606046209982e-01	1.804918646810249327e-01	1.804918646810249327e-01	2.119863949707989914e-01	1.804918646810249327e-01	3.036810573844980210e-01	1.804918646810249327e-01	8.722339431107560548e-02	3.010623973837879830e-01	1.969186248641709991e-01	1.715189897824029863e-01	2.163103396545349999e-01	3.090232677050929744e-01	1.548035725577590060e-01	1.804918646810249327e-01	2.755668636566980245e-01	2.660025783900529794e-01	1.804918646810249327e-01	2.950304111325040002e-01	1.804918646810249327e-01	1.443190091894900051e-01	2.221921868345189954e-01	1.237228847293079942e-01	1.804918646810249327e-01
3.888894607352140209e-01	9.053836807949509902e-02	1.792948658853910082e-01	2.771668367245510023e-01	1.804918646810249327e-01	2.391994622535250081e-01	2.971976674533189922e-01	4.027963770468929727e-01	1.000000000000000000e+00	3.118138894454099974e-01	1.804918646810249327e-01	9.136672145653200461e-02	4.053067146518959940e-01	6.467303821695569860e-03	3.174410784399270269e-01	3.394705521355120270e-01	3.577955761090220177e-01	3.095505757514540116e-02	1.804918646810249327e-01	1.804918646810249327e-01	1.804918646810249327e-01	3.437393526181660164e-01	2.059429124587690008e-01	3.374315047467790207e-01	4.426391172231319837e-01	3.481191760902520027e-01	1.804918646810249327e-01	1.804918646810249327e-01	2.733707116661490133e-01	3.658935669354380082e-01	2.696392699919870073e-01	3.010269736938360197e-01	1.804918646810249327e-01	3.488737101296299770e-01	3.073044818312909987e-01	2.134230423983959901e-01	1.804918646810249327e-01	4.104613510921670261e-01	3.220082812416190099e-01	4.122814041190520085e-01	2.729657038053610041e-01	2.029550428355360037e-01	3.893748227078259738e-01	1.804918646810249327e-01	2.777937334620830256e-01	1.804918646810249327e-01	1.804918646810249327e-01	2.857371735742800234e-01	4.352430338268040155e-01	1.804918646810249327e-01	3.330763890280690198e-01	1.804918646810249327e-01	3.125485714748130195e-01	2.824743923696900194e-01	1.804918646810249327e-01	1.804918646810249327e-01	1.804918646810249327e-01	3.518916728728729848e-01	2.301162472898120037e-01	1.804918646810249327e-01	1.804918646810249327e-01	1.804918646810249327e-01	2.462246669330430127e-01	1.017421275172149947e-02	4.241702962847569980e-01	1.804918646810249327e-01	3.012750270796529795e-01	2.469384368157029885e-01	2.970787897858909732e-01	1.804918646810249327e-01	2.851795853675360148e-01	1.804918646810249327e-01	2.848174015058430042e-01	2.622729346564730002e-01	2.918430868257640073e-02	1.413775652618169953e-01	2.830799819942519946e-01	3.408955850349399963e-01	2.534442701053959968e-01	3.106712323521440000e-01	1.804918646810249327e-01	3.112273874253200234e-01	1.804918646810249327e-01	1.804918646810249327e-01	1.804918646810249327e-01	3.158686873232059988e-01	1.804918646810249327e-01	1.804918646810249327e-01	1.804918646810249327e-01	2.257021596499949878e-01	1.603394395474160017e-01	1.565916645072890079e-01	4.296254973744780270e-01	2.331854727188640009e-01	1.804918646810249327e-01	2.537844757243479799e-01	3.326064068982759747e-01	1.804918646810249327e-01	1.804918646810249327e-01	1.804918646810249327e-01	4.316930471069280184e-01	1.804918646810249327e-01	2.936312133446680184e-01	2.641933411145970245e-01	3.755510647263269886e-01	1.804918646810249327e-01	9.473878100329929941e-02	1.804918646810249327e-01	1.804918646810249327e-01	2.073483619372349929e-01	1.804918646810249327e-01	2.896164050354950170e-01	2.153452823268290073e-01	1.389956511003420103e-01	1.442510975583929933e-01	1.804918646810249327e-01	2.936726778951619932e-01	3.902830653934100114e-01	4.387912331008890221e-01	3.003759212016929858e-01	1.251048564749510095e-01	2.756122634248909797e-01	2.305878801299169889e-01	3.145038613759850166e-01
1.804918646810249327e-01	1.960539238806920104e-01	1.804918646810249327e-01	1.990104362078299882e-01	2.551378619825089844e-01	2.001470720025269878e-01	1.804918646810249327e-01	1.804918646810249327e-01	3.118138894454099974e-01	1.000000000000000000e+00	2.384238813933790002e-01	1.568092425294649872e-01	1.859777178361760042e-01	1.804918646810249327e-01	9.574741779091920646e-02	2.033183673565910066e-01	1.804918646810249327e-01	6.814420434297040197e-02	1.211384865481409945e-01	1.126526253891979995e-01	1.354085557759930059e-01	9.250476115019640178e-02	1.804918646810249327e-01	2.914145157988189960e-01	2.775192918580070001e-01	1.804918646810249327e-01	1.274285355205949932e-01	2.251663211939030074e-01	1.804918646810249327e-01	1.804918646810249327e-01	2.118168417684060112e-01	1.804918646810249327e-01	7.059935510090760424e-02	1.804918646810249327e-01	1.151345344992509984e-01	4.646098075919669751e-02	1.667429454797650090e-01	2.094720756790409977e-01	7.992521810253229442e-02	2.341478092664329991e-01	9.833706696007479819e-02	2.414731721138070053e-01	1.360345884669310057e-01	1.804918646810249327e-01	7.942644886124060333e-02	1.398421626235520077e-01	3.370346852774879776e-01	9.087137061634249779e-02	2.698424072053510203e-01	3.028175268438330070e-01	8.085982836752389491e-02	1.183710491733550030e-01	2.848978470364270099e-01	1.804918646810249327e-01	1.804918646810249327e-01	1.804918646810249327e-01	9.726909700479860477e-02	9.901981538598969568e-02	6.614542995062940023e-02	1.804918646810249327e-01	7.355725113184999331e-02	1.804918646810249327e-01	1.804918646810249327e-01	2.836431124309849935e-02	1.804918646810249327e-01	2.567823330974570162e-01	1.662296796936539867e-01	2.794395154857030050e-01	1.094384561473349948e-01	7.778381455218029428e-02	7.406272563956879662e-02	9.430723079659460162e-02	6.606764292114410131e-02	1.804918646810249327e-01	3.898557010023429720e-02	2.328400006348310125e-01	8.223968519874259864e-02	9.767971295076480209e-02	2.438947371971419975e-01	1.031247475276659969e-01	1.401551595954959872e-01	8.212750766234369615e-02	1.804918646810249327e-01	2.542148619587489833e-01	9.676679303388510678e-02	8.220678971194360363e-02	9.295649800554089959e-02	6.392936481626469714e-02	1.804918646810249327e-01	1.804918646810249327e-01	1.804918646810249327e-01	2.239034083755900018e-01	1.447748425725429999e-01	8.490043880478520544e-02	7.695173481013820038e-02	1.804918646810249327e-01	1.804918646810249327e-01	7.712941467966770437e-02	9.227211599927069574e-02	1.804918646810249327e-01	1.804918646810249327e-01	1.539280651022799928e-01	8.635940909210239325e-02	2.182585846385080020e-01	1.804918646810249327e-01	1.804918646810249327e-01	1.804918646810249327e-01	1.804918646810249327e-01	1.804918646810249327e-01	6.471803629130100377e-02	5.555120997195889948e-02	2.171417031664210073e-01	2.270126124816760071e-01	2.281963760158310095e-01	2.327140034837600069e-01	1.206462914405739967e-01	1.177098997894440030e-01	1.294841803408129932e-01	1.812719729139559977e-01	8.070583685164879617e-02	1.804918646810249327e-01	8.486647902907369645e-02	4.638341379938269726e-02	1.804918646810249327e-01
5.161429300743419768e-01	9.642580109222330387e-02	1.462404536801809873e-01	1.804918646810249327e-01	1.804918646810249327e-01	1.804918646810249327e-01	2.660964959047770195e-01	1.804918646810249327e-01	1.804918646810249327e-01	2.384238813933790002e-01	1.000000000000000000e+00	1.804918646810249327e-01	4.728002973824519950e-01	4.250485592636810313e-03	4.010559482899330175e-01	3.461259145645410040e-01	3.119460046433489842e-01	1.245919869869360069e-02	4.475306864134719897e-01	3.844668977247109876e-01	1.804918646810249327e-01	1.804918646810249327e-01	1.804918646810249327e-01	2.875653348037879864e-01	1.804918646810249327e-01	1.804918646810249327e-01	1.804918646810249327e-01	3.409597717390869809e-01	1.804918646810249327e-01	3.669024283411900234e-01	2.547298910705579900e-01	1.804918646810249327e-01	3.278271595653490245e-01	3.235731583567360015e-01	1.804918646810249327e-01	1.804918646810249327e-01	4.282526351062639902e-01	3.913960173086579730e-01	4.442148822337330105e-01	4.589971442070829855e-01	3.988158913251800275e-01	1.322684152931689894e-01	1.804918646810249327e-01	1.804918646810249327e-01	1.804918646810249327e-01	6.464497049425259323e-02	1.507588390054130090e-01	4.114865609425850113e-01	1.804918646810249327e-01	1.938790870697089941e-01	4.185380453523980249e-01	1.804918646810249327e-01	1.804918646810249327e-01	4.262918438774569996e-01	3.281204619290860047e-01	2.560822923850240018e-01	1.804918646810249327e-01	5.075425553775699816e-01	1.804918646810249327e-01	1.804918646810249327e-01	3.787017542048600194e-01	8.910730402043880172e-02	1.804918646810249327e-01	6.929311972319399972e-03	3.814118342498389880e-01	6.262785964767310365e-02	2.912979513648190077e-01	2.251080394236419924e-01	3.706428889928050086e-01	1.804918646810249327e-01	1.804918646810249327e-01	4.210176635304510029e-01	4.087936146476279786e-01	3.088705828389770036e-01	1.979428783865970140e-02	9.856644471276840291e-02	1.804918646810249327e-01	4.085531732797160198e-01	2.213623237397739918e-01	4.756909411677009980e-01	4.804047798093600274e-01	4.688667351375709891e-01	3.524303733848250242e-01	9.126142189335430255e-02	3.823284947569959846e-01	4.777889885646510182e-01	4.320487724449429967e-01	2.789204715892870112e-01	1.804918646810249327e-01	1.949084218332829965e-01	1.038773995786689969e-01	1.200571661997369977e-01	5.547224401263809446e-01	3.339318896266360026e-01	4.828416802625840054e-01	3.894481374928949746e-01	1.804918646810249327e-01	4.501185081740720073e-01	1.804918646810249327e-01	1.804918646810249327e-01	5.803624702168349581e-01	5.791951259163850146e-02	1.804918646810249327e-01	2.208471829887969917e-01	1.804918646810249327e-01	3.999061164949579972e-01	7.195467119855339377e-02	1.804918646810249327e-01	1.879842723861039899e-01	2.639944565150300071e-01	3.412728550336949773e-01	3.028531612391550110e-01	1.944502667560600029e-01	1.094333052539329942e-01	1.002767761927259998e-01	4.030998303739570243e-01	3.531028314071329999e-01	5.308019600650839553e-01	1.804918646810249327e-01	1.804918646810249327e-01	1.091401047230580040e-01	3.647672785115059768e-01	3.084565326591510170e-01	4.431707031174110245e-01
1.804918646810249327e-01	1.804918646810249327e-01	2.863901945062279908e-01	1.804918646810249327e-01	1.804918646810249327e-01	8.471681857437980689e-02	8.222807352412600523e-02	6.695828850549509492e-02	9.136672145653200461e-02	1.568092425294649872e-01	1.804918646810249327e-01	1.000000000000000000e+00	1.804918646810249327e-01	8.667908117391759371e-02	1.207299235466779974e-02	4.901627211326770039e-02	6.152201653395539954e-02	1.203428716562110062e-01	1.804918646810249327e-01	1.804918646810249327e-01	1.596579061730399873e-01	1.804918646810249327e-01	1.804918646810249327e-01	1.863018810138289960e-01	5.317953037182569787e-02	1.804918646810249327e-01	1.804918646810249327e-01	1.804918646810249327e-01	7.206897169604360373e-03	6.376408345112309639e-02	6.406039071404250052e-02	7.505487238169839675e-03	6.734934678919520142e-03	1.338151038303040108e-01	1.804918646810249327e-01	3.632928146278349788e-03	3.647539324881730188e-02	4.354730002692130258e-02	1.046120192144119922e-02	7.317223042851900283e-02	8.689035542378270235e-03	1.322590772709379969e-01	2.628441548798950145e-02	7.766390575502379878e-03	9.664945896152280294e-03	2.185978546109449971e-01	1.804918646810249327e-01	9.345979551636820343e-03	6.979319380940350592e-02	3.224708768135600145e-01	1.445890880185000081e-02	2.132043937660769994e-02	1.804918646810249327e-01	1.804918646810249327e-01	6.788720938921580066e-03	1.804918646810249327e-01	8.317286587421410249e-03	1.804918646810249327e-01	5.609303881719729726e-03	1.804918646810249327e-01	6.224647466008069625e-03	2.890648521799660253e-01	1.804918646810249327e-01	1.652467673777759938e-01	1.320009865899159918e-01	2.908800744273780103e-01	1.804918646810249327e-01	1.804918646810249327e-01	1.585475214215590137e-02	6.639878536526989602e-03	1.804918646810249327e-01	1.804918646810249327e-01	1.804918646810249327e-01	1.804918646810249327e-01	1.804918646810249327e-01	2.377347226376989864e-01	9.193494376631999865e-03	2.052000329766080072e-02	1.842092114041780082e-01	1.341349552966780018e-02	2.057416106579380149e-02	9.215155679526290319e-03	8.607624770130800629e-03	5.790800223396209701e-01	9.144296805569910799e-03	1.804918646810249327e-01	1.804918646810249327e-01	1.804918646810249327e-01	1.000000000000000048e-04	1.804918646810249327e-01	1.804918646810249327e-01	2.814657459180929799e-01	3.389552130772469779e-02	9.191547358654210062e-03	1.155918525950550002e-02	1.804918646810249327e-01	4.234765442542939851e-02	1.804918646810249327e-01	1.156108964062129915e-02	1.804918646810249327e-01	2.558139196504780055e-02	4.390598027885340149e-01	1.115536721372309935e-02	1.619473713308549889e-01	1.804918646810249327e-01	1.804918646810249327e-01	2.243095128854389886e-01	2.137167954017060029e-02	1.219135368565709976e-01	4.649209339792129830e-03	4.915887837858520272e-03	4.043011385005070013e-02	8.916813885603740164e-02	9.824454055793739593e-02	5.123911163002009550e-01	1.285715433523950020e-02	1.457300804819510083e-02	1.804918646810249327e-01	3.913632760026589802e-02	9.472862650041779381e-03	1.804918646810249327e-01	9.458160502777359854e-03	6.378276175155069699e-03	1.804918646810249327e-01
