9.999999999999990008e-01	7.333613081340839557e-01	2.756990562786025278e-01	4.135485844179037640e-01	2.756990562786025278e-01	2.756990562786025278e-01	2.756990562786025278e-01	6.341156655456620106e-01	4.135485844179037640e-01	6.484343835613429752e-01	2.756990562786025278e-01	2.756990562786025278e-01	4.135485844179037640e-01	4.135485844179037640e-01	2.756990562786025278e-01	6.047935520587499614e-01	2.756990562786025278e-01	2.756990562786025278e-01	2.756990562786025278e-01	4.135485844179037640e-01	4.135485844179037640e-01	4.135485844179037640e-01	2.756990562786025278e-01	6.177267545614649746e-01	5.981078345174329902e-01	6.154236185655970193e-01	2.756990562786025278e-01	6.194369575166179809e-01	2.756990562786025278e-01	6.000713720496789749e-01	4.135485844179037640e-01	4.135485844179037640e-01	5.687158938359010429e-01	4.135485844179037640e-01	5.709995925178480425e-01	2.756990562786025278e-01	2.756990562786025278e-01	6.021070927490459468e-01	2.756990562786025278e-01	5.451525687400310405e-01	2.756990562786025278e-01	5.201325657647100087e-01	5.830796876785589999e-01	4.135485844179037640e-01	5.254031448340269472e-01	4.135485844179037640e-01	5.622998248397630405e-01	5.710734372866189679e-01	2.756990562786025278e-01	5.984230501566879523e-01	2.756990562786025278e-01	2.756990562786025278e-01	4.135485844179037640e-01	4.135485844179037640e-01	4.135485844179037640e-01	2.756990562786025278e-01	4.135485844179037640e-01	4.135485844179037640e-01	4.135485844179037640e-01	2.756990562786025278e-01	2.756990562786025278e-01	2.756990562786025278e-01	4.135485844179037640e-01	4.135485844179037640e-01	4.135485844179037640e-01	4.135485844179037640e-01	5.759861176754329515e-01	5.800625505807529558e-01	5.425105471967690551e-01	4.135485844179037640e-01	4.135485844179037640e-01	6.030313951834720410e-01	2.756990562786025278e-01	6.041103943458440151e-01	4.135485844179037640e-01	5.535841023483429879e-01	6.687409593227030546e-01	4.135485844179037640e-01	4.135485844179037640e-01	5.612239600886369528e-01	5.782879668980820398e-01	5.753902297515659514e-01	2.756990562786025278e-01	2.756990562786025278e-01	2.756990562786025278e-01	4.135485844179037640e-01	2.756990562786025278e-01	5.516045150661760266e-01	2.756990562786025278e-01	2.756990562786025278e-01	2.756990562786025278e-01	4.135485844179037640e-01	2.756990562786025278e-01	4.135485844179037640e-01	4.788348377339329831e-01	4.135485844179037640e-01	4.135485844179037640e-01	2.756990562786025278e-01	5.258209865220280221e-01	5.514742452875599499e-01	2.756990562786025278e-01	4.135485844179037640e-01	4.135485844179037640e-01	2.756990562786025278e-01	2.756990562786025278e-01	2.756990562786025278e-01	5.394784120483410161e-01	2.756990562786025278e-01	5.697566479762979919e-01	4.135485844179037640e-01	4.135485844179037640e-01	6.253738559822630272e-01	2.756990562786025278e-01	2.756990562786025278e-01	2.756990562786025278e-01	7.447686350571940395e-01	4.135485844179037640e-01	2.756990562786025278e-01	7.309618890341840203e-01	6.298193560863879492e-01	2.756990562786025278e-01	2.756990562786025278e-01	6.628849920138270013e-01	4.135485844179037640e-01
7.333613081340839557e-01	9.999999999999990008e-01	7.194527112262479873e-01	4.135485844179037640e-01	5.939821430943329483e-01	5.835000794540780023e-01	4.135485844179037640e-01	6.057775040998669702e-01	4.135485844179037640e-01	4.135485844179037640e-01	2.756990562786025278e-01	4.135485844179037640e-01	2.756990562786025278e-01	2.756990562786025278e-01	4.135485844179037640e-01	5.713312915395130087e-01	4.135485844179037640e-01	2.756990562786025278e-01	2.756990562786025278e-01	4.135485844179037640e-01	2.756990562786025278e-01	4.135485844179037640e-01	6.085620757359170296e-01	4.135485844179037640e-01	5.692434319590830016e-01	4.135485844179037640e-01	5.464109348681419620e-01	5.952376082706279936e-01	2.756990562786025278e-01	5.848281344122929770e-01	2.756990562786025278e-01	2.756990562786025278e-01	4.135485844179037640e-01	6.158653951041700436e-01	2.756990562786025278e-01	2.756990562786025278e-01	5.815633692341669603e-01	5.638367009038549593e-01	2.756990562786025278e-01	2.756990562786025278e-01	4.135485844179037640e-01	5.300850117834620123e-01	2.756990562786025278e-01	5.666148496120040345e-01	4.135485844179037640e-01	2.756990562786025278e-01	2.756990562786025278e-01	4.135485844179037640e-01	5.817231730168910264e-01	5.706485915784379470e-01	2.756990562786025278e-01	2.756990562786025278e-01	4.135485844179037640e-01	5.282580585608459556e-01	2.756990562786025278e-01	2.756990562786025278e-01	2.756990562786025278e-01	5.235266936846220132e-01	2.756990562786025278e-01	5.391064165815230291e-01	5.692739042339189925e-01	5.508092939998759929e-01	5.970618140297380139e-01	5.583910300300070073e-01	4.135485844179037640e-01	4.135485844179037640e-01	5.422199686936040042e-01	5.489674269459210443e-01	4.135485844179037640e-01	4.135485844179037640e-01	4.135485844179037640e-01	2.756990562786025278e-01	2.756990562786025278e-01	5.681113278014580104e-01	4.135485844179037640e-01	2.756990562786025278e-01	4.135485844179037640e-01	4.135485844179037640e-01	5.388786851066209582e-01	5.429488601683070126e-01	2.756990562786025278e-01	4.135485844179037640e-01	2.756990562786025278e-01	6.182780878630620425e-01	2.756990562786025278e-01	4.135485844179037640e-01	5.556109333634680070e-01	5.461712047365060441e-01	7.326096782179120082e-01	4.135485844179037640e-01	4.135485844179037640e-01	2.756990562786025278e-01	2.756990562786025278e-01	2.756990562786025278e-01	4.868410730703899847e-01	4.135485844179037640e-01	5.611108618458759967e-01	2.756990562786025278e-01	2.756990562786025278e-01	2.756990562786025278e-01	5.320637582281430022e-01	4.135485844179037640e-01	2.756990562786025278e-01	4.987333516683569723e-01	5.316038437391650273e-01	5.314592178561120539e-01	5.346609151745820299e-01	2.756990562786025278e-01	5.270566529492439756e-01	5.226324496152390253e-01	4.135485844179037640e-01	2.756990562786025278e-01	2.756990562786025278e-01	4.135485844179037640e-01	2.756990562786025278e-01	4.135485844179037640e-01	4.135485844179037640e-01	7.262916560850080083e-01	2.756990562786025278e-01	2.756990562786025278e-01	2.756990562786025278e-01	6.152814284145909918e-01	2.756990562786025278e-01	4.135485844179037640e-01
2.756990562786025278e-01	7.194527112262479873e-01	1.000000000000000000e+00	4.135485844179037640e-01	4.135485844179037640e-01	5.948049543185830457e-01	4.135485844179037640e-01	6.015352447032900063e-01	6.033761113250970531e-01	5.983310685239020543e-01	4.135485844179037640e-01	4.135485844179037640e-01	4.135485844179037640e-01	4.135485844179037640e-01	5.579135286047419706e-01	2.756990562786025278e-01	5.320432927419690428e-01	4.135485844179037640e-01	5.560440493482320390e-01	5.556129891925479791e-01	4.135485844179037640e-01	5.699055778892420099e-01	2.756990562786025278e-01	2.756990562786025278e-01	2.756990562786025278e-01	4.135485844179037640e-01	4.135485844179037640e-01	2.756990562786025278e-01	2.756990562786025278e-01	5.703963290644540329e-01	5.627981512593650537e-01	5.426378802710649651e-01	4.135485844179037640e-01	2.756990562786025278e-01	2.756990562786025278e-01	2.756990562786025278e-01	5.723391614258740434e-01	2.756990562786025278e-01	4.135485844179037640e-01	5.633295408168960128e-01	2.756990562786025278e-01	5.204861012572620238e-01	4.135485844179037640e-01	4.135485844179037640e-01	2.756990562786025278e-01	5.406229778493150118e-01	2.756990562786025278e-01	4.135485844179037640e-01	2.756990562786025278e-01	4.135485844179037640e-01	4.135485844179037640e-01	2.756990562786025278e-01	2.756990562786025278e-01	5.141500060215700163e-01	2.756990562786025278e-01	5.466080141613279819e-01	5.522026373997670490e-01	4.135485844179037640e-01	5.404375008107940026e-01	4.135485844179037640e-01	5.681515303876040202e-01	2.756990562786025278e-01	4.135485844179037640e-01	5.265726905961399806e-01	4.135485844179037640e-01	4.135485844179037640e-01	2.756990562786025278e-01	5.706381008664590526e-01	4.135485844179037640e-01	2.756990562786025278e-01	4.135485844179037640e-01	2.756990562786025278e-01	5.529546513442460398e-01	4.135485844179037640e-01	5.175103443545010506e-01	4.135485844179037640e-01	4.135485844179037640e-01	5.171105692931520226e-01	4.135485844179037640e-01	5.373193163164390329e-01	4.135485844179037640e-01	5.451274880709320314e-01	5.390493156304489997e-01	2.756990562786025278e-01	2.756990562786025278e-01	2.756990562786025278e-01	4.135485844179037640e-01	5.553830298404770494e-01	4.135485844179037640e-01	5.664169882465439620e-01	5.989355904994460023e-01	2.756990562786025278e-01	4.135485844179037640e-01	4.135485844179037640e-01	4.631836483473619759e-01	4.135485844179037640e-01	5.501470173938779462e-01	4.135485844179037640e-01	2.756990562786025278e-01	5.532450649315010516e-01	4.135485844179037640e-01	2.756990562786025278e-01	2.756990562786025278e-01	4.135485844179037640e-01	4.135485844179037640e-01	2.756990562786025278e-01	4.135485844179037640e-01	4.135485844179037640e-01	2.756990562786025278e-01	5.131816934365209804e-01	4.135485844179037640e-01	5.981063701704959490e-01	4.135485844179037640e-01	2.756990562786025278e-01	2.756990562786025278e-01	2.756990562786025278e-01	6.744791407965530228e-01	4.135485844179037640e-01	6.837228743322080193e-01	2.756990562786025278e-01	5.239365320168349882e-01	4.135485844179037640e-01	2.756990562786025278e-01	6.091342981253760058e-01
4.135485844179037640e-01	4.135485844179037640e-01	4.135485844179037640e-01	9.999999999999980016e-01	4.942340029058400197e-01	4.815073774829479736e-01	4.135485844179037640e-01	2.756990562786025278e-01	4.135485844179037640e-01	5.075250048201870312e-01	4.135485844179037640e-01	2.756990562786025278e-01	2.756990562786025278e-01	2.756990562786025278e-01	2.756990562786025278e-01	5.452212496046410228e-01	5.411114282167920342e-01	5.834183234309650024e-01	2.756990562786025278e-01	4.946404260197539982e-01	2.756990562786025278e-01	2.756990562786025278e-01	5.147768953640230460e-01	2.756990562786025278e-01	4.780813543116450015e-01	2.756990562786025278e-01	2.756990562786025278e-01	4.135485844179037640e-01	2.756990562786025278e-01	2.756990562786025278e-01	4.135485844179037640e-01	2.756990562786025278e-01	5.204646709400529980e-01	5.677994068229299529e-01	2.756990562786025278e-01	2.756990562786025278e-01	4.135485844179037640e-01	5.039510709712480274e-01	2.756990562786025278e-01	2.756990562786025278e-01	4.135485844179037640e-01	4.135485844179037640e-01	2.756990562786025278e-01	4.135485844179037640e-01	2.756990562786025278e-01	2.756990562786025278e-01	2.756990562786025278e-01	4.961213879475599997e-01	2.756990562786025278e-01	5.192722630848399801e-01	4.729786140319089949e-01	5.449401364546679893e-01	4.135485844179037640e-01	2.756990562786025278e-01	2.756990562786025278e-01	4.135485844179037640e-01	5.384023231826999822e-01	2.756990562786025278e-01	2.756990562786025278e-01	4.818177360249359942e-01	5.209112755666660544e-01	4.135485844179037640e-01	4.698916828773019860e-01	4.135485844179037640e-01	4.135485844179037640e-01	5.616105594774990495e-01	5.471741071593180239e-01	2.756990562786025278e-01	4.135485844179037640e-01	2.756990562786025278e-01	5.066247394355000155e-01	2.756990562786025278e-01	4.135485844179037640e-01	2.756990562786025278e-01	4.135485844179037640e-01	2.756990562786025278e-01	5.143585950225449954e-01	5.355725419994850078e-01	5.151213051741709847e-01	5.070980376206509765e-01	5.042650013762870476e-01	4.420301673004730092e-01	4.888065662565470038e-01	2.756990562786025278e-01	2.756990562786025278e-01	4.135485844179037640e-01	5.296889375216590201e-01	4.135485844179037640e-01	2.756990562786025278e-01	5.123142129578870385e-01	4.135485844179037640e-01	5.373600330332040098e-01	4.850209171826069809e-01	4.135485844179037640e-01	2.756990562786025278e-01	5.134678516580389873e-01	2.756990562786025278e-01	4.135485844179037640e-01	4.135485844179037640e-01	5.264291996950849484e-01	4.135485844179037640e-01	2.756990562786025278e-01	4.135485844179037640e-01	2.756990562786025278e-01	2.756990562786025278e-01	4.962487625886239928e-01	5.003845432241870173e-01	4.954383811408860083e-01	2.756990562786025278e-01	4.135485844179037640e-01	2.756990562786025278e-01	2.756990562786025278e-01	2.756990562786025278e-01	4.135485844179037640e-01	5.223267108879120491e-01	4.135485844179037640e-01	2.756990562786025278e-01	5.294551463198150509e-01	2.756990562786025278e-01	5.332811213277159901e-01	2.756990562786025278e-01	4.135485844179037640e-01	2.756990562786025278e-01	5.286874552816399619e-01
2.756990562786025278e-01	5.939821430943329483e-01	4.135485844179037640e-01	4.942340029058400197e-01	9.999999999999970024e-01	5.836424732769589507e-01	6.936655243588100150e-01	4.135485844179037640e-01	6.281972400407349610e-01	2.756990562786025278e-01	4.135485844179037640e-01	2.756990562786025278e-01	4.135485844179037640e-01	5.336079093008400109e-01	4.135485844179037640e-01	5.464008110733939994e-01	2.756990562786025278e-01	2.756990562786025278e-01	4.135485844179037640e-01	6.659230880949029707e-01	4.135485844179037640e-01	5.301636889807299635e-01	4.135485844179037640e-01	5.132305410965779524e-01	4.135485844179037640e-01	4.135485844179037640e-01	4.135485844179037640e-01	5.719590882717370262e-01	4.135485844179037640e-01	2.756990562786025278e-01	4.135485844179037640e-01	4.135485844179037640e-01	4.135485844179037640e-01	4.135485844179037640e-01	4.135485844179037640e-01	4.135485844179037640e-01	4.135485844179037640e-01	2.756990562786025278e-01	4.135485844179037640e-01	4.761269193855079962e-01	5.554401048869560542e-01	2.756990562786025278e-01	2.756990562786025278e-01	4.135485844179037640e-01	4.135485844179037640e-01	5.709697464423150182e-01	4.135485844179037640e-01	2.756990562786025278e-01	4.135485844179037640e-01	2.756990562786025278e-01	2.756990562786025278e-01	2.756990562786025278e-01	5.143192825083009456e-01	5.435117875668350473e-01	4.135485844179037640e-01	2.756990562786025278e-01	5.777428830313869890e-01	2.756990562786025278e-01	2.756990562786025278e-01	2.756990562786025278e-01	5.499223928631099545e-01	2.756990562786025278e-01	5.966755358806900000e-01	4.135485844179037640e-01	4.754074532280900267e-01	5.717860992282780552e-01	4.135485844179037640e-01	4.135485844179037640e-01	5.224576014734589879e-01	2.756990562786025278e-01	2.756990562786025278e-01	2.756990562786025278e-01	4.135485844179037640e-01	4.135485844179037640e-01	4.135485844179037640e-01	5.847850755224309749e-01	4.135485844179037640e-01	4.135485844179037640e-01	5.663441298289549897e-01	5.057339455102419778e-01	6.691982343545439527e-01	4.135485844179037640e-01	5.060184817551109937e-01	4.135485844179037640e-01	5.173971583216080417e-01	5.679837941708759663e-01	2.756990562786025278e-01	2.756990562786025278e-01	4.135485844179037640e-01	4.135485844179037640e-01	2.756990562786025278e-01	4.135485844179037640e-01	5.056058106043509470e-01	4.135485844179037640e-01	5.427314426390400515e-01	2.756990562786025278e-01	4.135485844179037640e-01	4.135485844179037640e-01	2.756990562786025278e-01	4.135485844179037640e-01	2.756990562786025278e-01	5.683396073795440318e-01	2.756990562786025278e-01	4.704092625143940221e-01	2.756990562786025278e-01	5.311262999796829698e-01	2.756990562786025278e-01	4.976541098113160255e-01	4.856503094192179959e-01	4.845072726496810200e-01	5.055854101771539710e-01	4.135485844179037640e-01	4.135485844179037640e-01	2.756990562786025278e-01	5.405251739961129953e-01	6.137219472750300442e-01	2.756990562786025278e-01	2.756990562786025278e-01	2.756990562786025278e-01	4.135485844179037640e-01	2.756990562786025278e-01	6.084870100470090026e-01	2.756990562786025278e-01	4.135485844179037640e-01
2.756990562786025278e-01	5.835000794540780023e-01	5.948049543185830457e-01	4.815073774829479736e-01	5.836424732769589507e-01	9.999999999999980016e-01	2.756990562786025278e-01	2.756990562786025278e-01	5.420536088639450467e-01	4.135485844179037640e-01	2.756990562786025278e-01	2.756990562786025278e-01	2.756990562786025278e-01	4.135485844179037640e-01	5.181813491371529690e-01	2.756990562786025278e-01	4.135485844179037640e-01	2.756990562786025278e-01	4.913451310188849952e-01	4.135485844179037640e-01	2.756990562786025278e-01	5.015863096044640423e-01	4.135485844179037640e-01	4.135485844179037640e-01	2.756990562786025278e-01	5.687299433569340534e-01	4.135485844179037640e-01	4.135485844179037640e-01	4.746982189665849838e-01	5.230684059553769583e-01	4.135485844179037640e-01	4.923766506585420255e-01	4.135485844179037640e-01	5.944465223337059845e-01	5.130711698822739697e-01	2.756990562786025278e-01	4.135485844179037640e-01	2.756990562786025278e-01	4.135485844179037640e-01	5.089830454216539568e-01	2.756990562786025278e-01	5.771527970198689905e-01	2.756990562786025278e-01	5.564635495931460341e-01	2.756990562786025278e-01	2.756990562786025278e-01	4.135485844179037640e-01	2.756990562786025278e-01	2.756990562786025278e-01	5.410515017574289987e-01	4.135485844179037640e-01	6.131380023253339973e-01	5.092418541958200207e-01	2.756990562786025278e-01	5.547041993045449537e-01	4.135485844179037640e-01	5.582750574416319722e-01	4.625472160270749922e-01	2.756990562786025278e-01	2.756990562786025278e-01	4.135485844179037640e-01	2.756990562786025278e-01	2.756990562786025278e-01	5.239068190718020324e-01	4.135485844179037640e-01	5.891933343989790295e-01	4.135485844179037640e-01	5.591610440217940070e-01	5.189707717008660293e-01	4.135485844179037640e-01	4.135485844179037640e-01	5.297796635031239987e-01	4.946844653525879765e-01	4.135485844179037640e-01	5.334728890201519969e-01	4.135485844179037640e-01	5.389123686068030272e-01	4.135485844179037640e-01	6.013393291628009729e-01	4.135485844179037640e-01	2.756990562786025278e-01	2.756990562786025278e-01	4.700782630348039892e-01	4.135485844179037640e-01	4.652294514184620033e-01	5.513864668573710270e-01	4.135485844179037640e-01	6.087958946903190283e-01	4.135485844179037640e-01	4.135485844179037640e-01	2.756990562786025278e-01	2.756990562786025278e-01	4.135485844179037640e-01	4.480785508290719976e-01	5.267001206541890301e-01	5.635353627237530416e-01	4.135485844179037640e-01	2.756990562786025278e-01	5.838847100846139559e-01	6.270877259155079875e-01	4.135485844179037640e-01	4.135485844179037640e-01	2.756990562786025278e-01	4.135485844179037640e-01	5.705457518887330215e-01	5.689083378754670184e-01	4.135485844179037640e-01	2.756990562786025278e-01	2.756990562786025278e-01	2.756990562786025278e-01	2.756990562786025278e-01	5.397845325743719780e-01	4.135485844179037640e-01	2.756990562786025278e-01	2.756990562786025278e-01	2.756990562786025278e-01	2.756990562786025278e-01	4.135485844179037640e-01	4.135485844179037640e-01	5.345995343280289802e-01	4.135485844179037640e-01	5.680231950716060352e-01	5.166091258241399808e-01	2.756990562786025278e-01
2.756990562786025278e-01	4.135485844179037640e-01	4.135485844179037640e-01	4.135485844179037640e-01	6.936655243588100150e-01	2.756990562786025278e-01	9.999999999999990008e-01	4.135485844179037640e-01	6.343482555356719788e-01	2.756990562786025278e-01	6.035822115650310016e-01	6.542556409066010437e-01	4.135485844179037640e-01	4.135485844179037640e-01	5.433633323031960005e-01	5.291538103527799741e-01	2.756990562786025278e-01	4.135485844179037640e-01	2.756990562786025278e-01	2.756990562786025278e-01	5.180774050840150080e-01	4.135485844179037640e-01	4.135485844179037640e-01	5.141653491010740318e-01	2.756990562786025278e-01	2.756990562786025278e-01	4.632268016729729765e-01	2.756990562786025278e-01	4.135485844179037640e-01	5.063577579768669956e-01	5.208571545237370426e-01	4.829508746608809910e-01	4.135485844179037640e-01	5.363489443503990373e-01	5.112068285070699991e-01	2.756990562786025278e-01	2.756990562786025278e-01	4.917079995186959818e-01	4.135485844179037640e-01	4.847114406355459981e-01	4.135485844179037640e-01	4.135485844179037640e-01	2.756990562786025278e-01	5.593245667832870138e-01	4.451707416470709888e-01	2.756990562786025278e-01	2.756990562786025278e-01	2.756990562786025278e-01	4.135485844179037640e-01	5.123338136258680509e-01	5.550590629021909805e-01	4.135485844179037640e-01	4.135485844179037640e-01	5.357945727416999482e-01	4.135485844179037640e-01	5.346488616477109712e-01	2.756990562786025278e-01	2.756990562786025278e-01	2.756990562786025278e-01	4.135485844179037640e-01	2.756990562786025278e-01	5.016797056904720442e-01	6.128946266742999471e-01	4.135485844179037640e-01	2.756990562786025278e-01	2.756990562786025278e-01	4.135485844179037640e-01	5.529018057411060338e-01	4.135485844179037640e-01	5.661136450579049573e-01	4.135485844179037640e-01	5.427279500542540047e-01	4.135485844179037640e-01	4.135485844179037640e-01	4.135485844179037640e-01	4.135485844179037640e-01	4.135485844179037640e-01	4.135485844179037640e-01	5.786483980365829671e-01	4.135485844179037640e-01	4.135485844179037640e-01	2.756990562786025278e-01	4.954188952061219786e-01	5.403012909299900191e-01	2.756990562786025278e-01	2.756990562786025278e-01	5.683675882565120130e-01	2.756990562786025278e-01	4.135485844179037640e-01	5.335250971558059829e-01	4.135485844179037640e-01	4.135485844179037640e-01	2.756990562786025278e-01	4.618832650339990131e-01	4.135485844179037640e-01	2.756990562786025278e-01	2.756990562786025278e-01	4.135485844179037640e-01	2.756990562786025278e-01	2.756990562786025278e-01	6.150291683637739704e-01	5.576183679711920194e-01	2.756990562786025278e-01	4.135485844179037640e-01	4.135485844179037640e-01	4.135485844179037640e-01	5.581553824562850430e-01	4.135485844179037640e-01	2.756990562786025278e-01	4.731730930090389808e-01	2.756990562786025278e-01	5.298147675494200293e-01	4.135485844179037640e-01	2.756990562786025278e-01	5.469223811720830275e-01	2.756990562786025278e-01	4.135485844179037640e-01	4.135485844179037640e-01	2.756990562786025278e-01	2.756990562786025278e-01	5.809176991742970309e-01	4.135485844179037640e-01	2.756990562786025278e-01	2.756990562786025278e-01
6.341156655456620106e-01	6.057775040998669702e-01	6.015352447032900063e-01	2.756990562786025278e-01	4.135485844179037640e-01	2.756990562786025278e-01	4.135485844179037640e-01	1.000000000000000000e+00	4.135485844179037640e-01	2.756990562786025278e-01	2.756990562786025278e-01	2.756990562786025278e-01	2.756990562786025278e-01	2.756990562786025278e-01	2.756990562786025278e-01	5.763468395851299997e-01	4.962224213202029999e-01	2.756990562786025278e-01	5.074166146142750078e-01	2.756990562786025278e-01	4.135485844179037640e-01	5.488466715675339724e-01	4.135485844179037640e-01	4.135485844179037640e-01	4.135485844179037640e-01	4.135485844179037640e-01	4.135485844179037640e-01	4.135485844179037640e-01	5.236018361748050465e-01	2.756990562786025278e-01	2.756990562786025278e-01	4.940621850329939835e-01	5.135018384527370028e-01	5.613347020571110013e-01	2.756990562786025278e-01	4.992457795436590073e-01	4.135485844179037640e-01	5.557699502660420343e-01	5.340476957611489661e-01	4.937399824098809842e-01	5.751767585511919911e-01	4.135485844179037640e-01	5.693489973117730196e-01	5.219583612115079596e-01	4.135485844179037640e-01	5.767089383977449524e-01	4.135485844179037640e-01	4.135485844179037640e-01	4.135485844179037640e-01	2.756990562786025278e-01	5.771157644444969703e-01	2.756990562786025278e-01	4.135485844179037640e-01	4.135485844179037640e-01	2.756990562786025278e-01	2.756990562786025278e-01	5.483890851077349859e-01	2.756990562786025278e-01	4.135485844179037640e-01	4.135485844179037640e-01	5.412163114701850075e-01	4.135485844179037640e-01	6.199053062796729963e-01	4.135485844179037640e-01	4.873982957784480097e-01	5.540065902124809982e-01	5.653582466649810234e-01	2.756990562786025278e-01	2.756990562786025278e-01	4.135485844179037640e-01	5.049899956785579569e-01	5.670867480978939446e-01	2.756990562786025278e-01	4.135485844179037640e-01	4.887075188383089852e-01	4.135485844179037640e-01	2.756990562786025278e-01	4.967207567999070150e-01	5.293242844251719870e-01	5.168147560298039789e-01	6.000418633624520215e-01	4.135485844179037640e-01	2.756990562786025278e-01	2.756990562786025278e-01	4.135485844179037640e-01	2.756990562786025278e-01	5.474120612830459809e-01	4.135485844179037640e-01	6.466895331274880032e-01	5.157035714378800373e-01	5.674821279977659838e-01	4.135485844179037640e-01	4.135485844179037640e-01	2.756990562786025278e-01	4.846216961149629743e-01	2.756990562786025278e-01	2.756990562786025278e-01	5.086041359654179805e-01	2.756990562786025278e-01	4.135485844179037640e-01	5.437338055512700441e-01	4.953083164809899963e-01	2.756990562786025278e-01	4.135485844179037640e-01	5.127650592717919453e-01	4.902995690712739774e-01	4.135485844179037640e-01	4.135485844179037640e-01	2.756990562786025278e-01	5.137008373701259512e-01	2.756990562786025278e-01	2.756990562786025278e-01	4.135485844179037640e-01	5.295499475157280367e-01	4.135485844179037640e-01	2.756990562786025278e-01	5.758310264038819515e-01	2.756990562786025278e-01	2.756990562786025278e-01	4.135485844179037640e-01	4.135485844179037640e-01	2.756990562786025278e-01	6.017745719401249582e-01	2.756990562786025278e-01
4.135485844179037640e-01	4.135485844179037640e-01	6.033761113250970531e-01	4.135485844179037640e-01	6.281972400407349610e-01	5.420536088639450467e-01	6.343482555356719788e-01	4.135485844179037640e-01	1.000000000000000000e+00	6.388051832995139678e-01	2.756990562786025278e-01	2.756990562786025278e-01	2.756990562786025278e-01	2.756990562786025278e-01	4.135485844179037640e-01	4.135485844179037640e-01	4.135485844179037640e-01	4.795296007857000053e-01	5.207668835089119819e-01	4.135485844179037640e-01	4.135485844179037640e-01	4.135485844179037640e-01	4.135485844179037640e-01	4.135485844179037640e-01	2.756990562786025278e-01	2.756990562786025278e-01	4.135485844179037640e-01	2.756990562786025278e-01	4.135485844179037640e-01	2.756990562786025278e-01	4.135485844179037640e-01	4.135485844179037640e-01	2.756990562786025278e-01	2.756990562786025278e-01	4.135485844179037640e-01	2.756990562786025278e-01	4.135485844179037640e-01	4.135485844179037640e-01	4.135485844179037640e-01	4.135485844179037640e-01	5.618678980822250368e-01	4.135485844179037640e-01	2.756990562786025278e-01	2.756990562786025278e-01	2.756990562786025278e-01	5.828989677759139898e-01	5.167779294222659692e-01	4.135485844179037640e-01	4.135485844179037640e-01	4.135485844179037640e-01	5.673154204912620457e-01	5.122050178837119772e-01	4.135485844179037640e-01	4.135485844179037640e-01	4.135485844179037640e-01	2.756990562786025278e-01	4.135485844179037640e-01	2.756990562786025278e-01	4.135485844179037640e-01	5.189952188800840416e-01	4.135485844179037640e-01	4.135485844179037640e-01	2.756990562786025278e-01	2.756990562786025278e-01	4.945944734418120103e-01	4.135485844179037640e-01	5.651205131453319597e-01	5.523366654794440445e-01	4.135485844179037640e-01	2.756990562786025278e-01	5.067062644756059608e-01	5.438641119822009706e-01	5.271113550927859492e-01	5.624873027406279702e-01	5.088014371762109578e-01	5.210570713443229973e-01	4.135485844179037640e-01	2.756990562786025278e-01	4.135485844179037640e-01	2.756990562786025278e-01	4.135485844179037640e-01	2.756990562786025278e-01	2.756990562786025278e-01	6.023749538246340185e-01	4.135485844179037640e-01	2.756990562786025278e-01	2.756990562786025278e-01	2.756990562786025278e-01	2.756990562786025278e-01	2.756990562786025278e-01	2.756990562786025278e-01	4.135485844179037640e-01	4.617187737955639748e-01	4.135485844179037640e-01	2.756990562786025278e-01	4.884984116360729933e-01	5.280688062551950335e-01	5.003654059371870355e-01	4.135485844179037640e-01	5.314326813028740215e-01	2.756990562786025278e-01	2.756990562786025278e-01	4.821859970963089936e-01	4.135485844179037640e-01	5.024302197521820501e-01	2.756990562786025278e-01	5.105195553946270115e-01	2.756990562786025278e-01	2.756990562786025278e-01	4.135485844179037640e-01	5.767707795785179670e-01	4.135485844179037640e-01	5.655948159232500050e-01	2.756990562786025278e-01	5.869068724928470093e-01	6.049731344878199746e-01	5.752438031895299453e-01	5.992576446433940385e-01	6.082012076409279988e-01	2.756990562786025278e-01	4.868535473668669789e-01	4.135485844179037640e-01	4.135485844179037640e-01	2.756990562786025278e-01
6.484343835613429752e-01	4.135485844179037640e-01	5.983310685239020543e-01	5.075250048201870312e-01	2.756990562786025278e-01	4.135485844179037640e-01	2.756990562786025278e-01	2.756990562786025278e-01	6.388051832995139678e-01	1.000000000000000000e+00	2.756990562786025278e-01	2.756990562786025278e-01	5.434509641423580506e-01	2.756990562786025278e-01	5.771069649940400170e-01	5.685727537482140326e-01	2.756990562786025278e-01	4.135485844179037640e-01	2.756990562786025278e-01	6.007836240170419950e-01	4.965524276887099964e-01	5.674646341373900116e-01	4.135485844179037640e-01	2.756990562786025278e-01	2.756990562786025278e-01	4.135485844179037640e-01	5.580876491105399850e-01	4.135485844179037640e-01	2.756990562786025278e-01	2.756990562786025278e-01	4.135485844179037640e-01	5.102895855071940545e-01	4.135485844179037640e-01	4.135485844179037640e-01	2.756990562786025278e-01	5.296320075804029637e-01	4.135485844179037640e-01	2.756990562786025278e-01	5.431510755355889453e-01	4.135485844179037640e-01	2.756990562786025278e-01	5.227776691127440367e-01	5.610824890700339962e-01	5.241237141295880253e-01	4.715005644136079921e-01	5.475707551174390231e-01	2.756990562786025278e-01	2.756990562786025278e-01	5.647467787964950414e-01	2.756990562786025278e-01	4.135485844179037640e-01	5.002869574918159534e-01	4.135485844179037640e-01	4.135485844179037640e-01	4.135485844179037640e-01	4.135485844179037640e-01	4.135485844179037640e-01	5.182631263137990052e-01	2.756990562786025278e-01	5.160953687486480312e-01	4.135485844179037640e-01	2.756990562786025278e-01	5.940108026379780082e-01	5.223196730583600234e-01	4.135485844179037640e-01	5.572029998407069806e-01	4.135485844179037640e-01	4.135485844179037640e-01	4.135485844179037640e-01	5.154393521616950080e-01	5.009454961469480549e-01	2.756990562786025278e-01	5.225569329847189470e-01	4.135485844179037640e-01	2.756990562786025278e-01	2.756990562786025278e-01	2.756990562786025278e-01	4.769496936422120137e-01	2.756990562786025278e-01	2.756990562786025278e-01	5.838097562534400042e-01	5.356029003220630358e-01	5.239202182749780334e-01	5.826116681618089821e-01	5.571594812276190467e-01	5.059674664173889891e-01	4.135485844179037640e-01	5.012167867750879635e-01	2.756990562786025278e-01	2.756990562786025278e-01	4.135485844179037640e-01	2.756990562786025278e-01	2.756990562786025278e-01	4.135485844179037640e-01	4.638003192534699837e-01	2.756990562786025278e-01	5.156186255333600199e-01	4.135485844179037640e-01	5.000207708502270032e-01	4.135485844179037640e-01	4.135485844179037640e-01	4.836431855302140148e-01	2.756990562786025278e-01	4.708342804061250164e-01	4.135485844179037640e-01	4.867826509951200253e-01	2.756990562786025278e-01	2.756990562786025278e-01	5.154321595389139699e-01	2.756990562786025278e-01	4.135485844179037640e-01	5.968958188490399719e-01	4.135485844179037640e-01	2.756990562786025278e-01	2.756990562786025278e-01	2.756990562786025278e-01	2.756990562786025278e-01	2.756990562786025278e-01	4.135485844179037640e-01	6.119437084297729701e-01	4.135485844179037640e-01	4.135485844179037640e-01	2.756990562786025278e-01	2.756990562786025278e-01
2.756990562786025278e-01	2.756990562786025278e-01	4.135485844179037640e-01	4.135485844179037640e-01	4.135485844179037640e-01	2.756990562786025278e-01	6.035822115650310016e-01	2.756990562786025278e-01	2.756990562786025278e-01	2.756990562786025278e-01	1.000000000000000000e+00	6.387238276677520421e-01	2.756990562786025278e-01	2.756990562786025278e-01	2.756990562786025278e-01	5.367730038632579914e-01	4.135485844179037640e-01	4.135485844179037640e-01	5.132402900613499686e-01	6.100169292337319638e-01	5.308059227514759781e-01	4.135485844179037640e-01	2.756990562786025278e-01	4.135485844179037640e-01	2.756990562786025278e-01	6.347919387660759805e-01	4.135485844179037640e-01	2.756990562786025278e-01	5.155405644815590493e-01	5.433288522986640112e-01	5.393489651006160290e-01	2.756990562786025278e-01	2.756990562786025278e-01	4.135485844179037640e-01	4.135485844179037640e-01	5.117990353149579619e-01	2.756990562786025278e-01	4.135485844179037640e-01	4.135485844179037640e-01	2.756990562786025278e-01	2.756990562786025278e-01	2.756990562786025278e-01	5.772467067299570376e-01	5.665773183420299564e-01	4.135485844179037640e-01	5.334647080937510166e-01	2.756990562786025278e-01	5.615754047919010450e-01	2.756990562786025278e-01	2.756990562786025278e-01	4.135485844179037640e-01	4.135485844179037640e-01	4.135485844179037640e-01	2.756990562786025278e-01	5.731363366298679596e-01	5.237405999963600234e-01	5.754314932900379542e-01	2.756990562786025278e-01	4.135485844179037640e-01	2.756990562786025278e-01	5.427121729336099598e-01	2.756990562786025278e-01	4.135485844179037640e-01	5.370776739947189515e-01	2.756990562786025278e-01	5.867864798223150213e-01	2.756990562786025278e-01	4.135485844179037640e-01	5.365229334683490059e-01	5.499947155422729717e-01	2.756990562786025278e-01	2.756990562786025278e-01	4.135485844179037640e-01	4.135485844179037640e-01	5.226565730727139591e-01	5.665740899428319821e-01	5.943405710248900187e-01	4.908972040260979885e-01	2.756990562786025278e-01	4.135485844179037640e-01	4.135485844179037640e-01	5.550406014756880113e-01	2.756990562786025278e-01	4.135485844179037640e-01	2.756990562786025278e-01	2.756990562786025278e-01	2.756990562786025278e-01	2.756990562786025278e-01	2.756990562786025278e-01	2.756990562786025278e-01	5.773720451882089488e-01	2.756990562786025278e-01	4.135485844179037640e-01	4.135485844179037640e-01	2.756990562786025278e-01	5.140387933161899570e-01	4.135485844179037640e-01	2.756990562786025278e-01	5.485276406302369567e-01	5.868684076146190032e-01	2.756990562786025278e-01	4.135485844179037640e-01	2.756990562786025278e-01	4.887019673586889823e-01	2.756990562786025278e-01	5.260020578891400067e-01	5.293229899490949908e-01	2.756990562786025278e-01	5.015078059165900548e-01	2.756990562786025278e-01	2.756990562786025278e-01	2.756990562786025278e-01	4.135485844179037640e-01	4.135485844179037640e-01	4.135485844179037640e-01	2.756990562786025278e-01	4.135485844179037640e-01	2.756990562786025278e-01	6.144616591203599931e-01	5.452714084797000149e-01	2.756990562786025278e-01	5.953169623062859461e-01	4.135485844179037640e-01	2.756990562786025278e-01
2.756990562786025278e-01	4.135485844179037640e-01	4.135485844179037640e-01	2.756990562786025278e-01	2.756990562786025278e-01	2.756990562786025278e-01	6.542556409066010437e-01	2.756990562786025278e-01	2.756990562786025278e-01	2.756990562786025278e-01	6.387238276677520421e-01	1.000000000000000000e+00	2.756990562786025278e-01	2.756990562786025278e-01	2.756990562786025278e-01	4.135485844179037640e-01	4.135485844179037640e-01	2.756990562786025278e-01	5.011120226538160471e-01	6.423816953710429489e-01	2.756990562786025278e-01	2.756990562786025278e-01	6.037903053824920097e-01	5.092952110291010248e-01	2.756990562786025278e-01	2.756990562786025278e-01	2.756990562786025278e-01	2.756990562786025278e-01	4.135485844179037640e-01	5.283630879729269703e-01	2.756990562786025278e-01	2.756990562786025278e-01	2.756990562786025278e-01	2.756990562786025278e-01	4.135485844179037640e-01	4.135485844179037640e-01	2.756990562786025278e-01	4.875884303081490234e-01	4.135485844179037640e-01	4.814199553673079723e-01	2.756990562786025278e-01	2.756990562786025278e-01	5.829754574389020005e-01	2.756990562786025278e-01	4.135485844179037640e-01	5.366100077968499749e-01	4.653638067446089766e-01	4.135485844179037640e-01	2.756990562786025278e-01	2.756990562786025278e-01	6.396102097502019967e-01	4.135485844179037640e-01	4.135485844179037640e-01	5.406143562990429752e-01	4.135485844179037640e-01	2.756990562786025278e-01	5.794947225984510286e-01	4.734732497160700215e-01	2.756990562786025278e-01	4.924002522543399762e-01	4.135485844179037640e-01	5.105700814535719667e-01	6.301847897271459775e-01	4.135485844179037640e-01	4.702117787302569907e-01	2.756990562786025278e-01	2.756990562786025278e-01	5.606346043067850227e-01	4.135485844179037640e-01	5.759987772647969795e-01	5.652438456961109692e-01	2.756990562786025278e-01	2.756990562786025278e-01	2.756990562786025278e-01	5.295865248009880011e-01	4.135485844179037640e-01	4.135485844179037640e-01	4.135485844179037640e-01	4.135485844179037640e-01	2.756990562786025278e-01	2.756990562786025278e-01	4.135485844179037640e-01	2.756990562786025278e-01	5.541492133139089837e-01	4.135485844179037640e-01	5.782651696005529640e-01	4.135485844179037640e-01	2.756990562786025278e-01	4.135485844179037640e-01	4.135485844179037640e-01	6.149874782508849558e-01	4.135485844179037640e-01	2.756990562786025278e-01	4.135485844179037640e-01	4.135485844179037640e-01	4.135485844179037640e-01	4.135485844179037640e-01	5.470904754197120079e-01	5.679299442805280096e-01	6.407819755905780346e-01	4.135485844179037640e-01	2.756990562786025278e-01	4.135485844179037640e-01	2.756990562786025278e-01	2.756990562786025278e-01	4.135485844179037640e-01	2.756990562786025278e-01	4.135485844179037640e-01	4.745119001132839798e-01	4.135485844179037640e-01	5.044592404085169735e-01	4.135485844179037640e-01	4.135485844179037640e-01	4.135485844179037640e-01	4.135485844179037640e-01	2.756990562786025278e-01	5.568863756966530021e-01	4.135485844179037640e-01	6.163006840487510463e-01	4.135485844179037640e-01	2.756990562786025278e-01	6.599103077074409684e-01	2.756990562786025278e-01	6.414685370823099975e-01
