1.000000000000000000e+00	2.733649170190315392e-01	2.733649170190315392e-01	2.893258426966289765e-01	2.283737024221449974e-01	2.733649170190315392e-01	2.733649170190315392e-01	2.733649170190315392e-01	2.894736842105259944e-01	2.915309446254070180e-01	2.919161676646709891e-01	2.733649170190315392e-01	2.977624784853700191e-01	2.733649170190315392e-01	2.733649170190315392e-01	2.318104906937389909e-01	3.072289156626509810e-01	2.733649170190315392e-01	2.733649170190315392e-01	2.733649170190315392e-01	3.366708385481850252e-01	3.503759398496240074e-01	2.733649170190315392e-01	2.949526813880130049e-01	2.733649170190315392e-01	2.733649170190315392e-01	2.733649170190315392e-01	2.733649170190315392e-01	2.733649170190315392e-01	2.876712328767119797e-01	2.733649170190315392e-01	2.733649170190315392e-01	3.053691275167790264e-01	2.733649170190315392e-01	2.308998302207130038e-01	2.733649170190315392e-01	2.733649170190315392e-01	2.393887945670629958e-01	2.733649170190315392e-01	2.733649170190315392e-01	3.125000000000000000e-01	2.733649170190315392e-01	1.773195876288659878e-01	2.733649170190315392e-01	2.733649170190315392e-01	2.733649170190315392e-01	2.244165170556549904e-01	2.733649170190315392e-01	2.733649170190315392e-01	3.126801152737749834e-01	2.666666666666669960e-01	2.733649170190315392e-01	1.028277634961440035e-01	2.483974358974359864e-01	2.733649170190315392e-01	2.733649170190315392e-01	2.733649170190315392e-01	1.605206073752709905e-01	2.733649170190315392e-01	2.733649170190315392e-01	1.024999999999999939e-01	2.155339805825239874e-01	2.733649170190315392e-01	2.733649170190315392e-01	2.457044673539519886e-01	3.151693667157580148e-01	2.733649170190315392e-01	1.400437636761490134e-01	3.505859375000000000e-01	2.733649170190315392e-01	2.733649170190315392e-01	2.733649170190315392e-01	2.733649170190315392e-01	2.183486238532109935e-01	2.356792144026189917e-01	2.733649170190315392e-01	2.500000000000000000e-01	2.503912363067289926e-01	1.853932584269659956e-01	2.753846153846150058e-01	2.733649170190315392e-01	1.108033240997229919e-02	1.793248945147679907e-01	2.733649170190315392e-01	2.891566265060239727e-01	1.197339246119730055e-01	5.020325203252029578e-01	3.259345794392520257e-01	2.733649170190315392e-01	2.733649170190315392e-01	2.286689419795220057e-01	2.733649170190315392e-01	2.733649170190315392e-01	2.699186991869920171e-01	2.733649170190315392e-01	2.733649170190315392e-01	2.733649170190315392e-01	2.404181184668990057e-01	2.733649170190315392e-01	3.079847908745250162e-01	2.733649170190315392e-01	2.234432234432230102e-01	2.733649170190315392e-01	2.733649170190315392e-01	2.639138240574510075e-01	2.733649170190315392e-01	2.733649170190315392e-01	2.750000000000000222e-01	2.733649170190315392e-01	2.733649170190315392e-01	2.733649170190315392e-01	2.733649170190315392e-01	3.028169014084510224e-01	2.733649170190315392e-01	2.545787545787550066e-01	2.733649170190315392e-01	2.733649170190315392e-01	2.733649170190315392e-01	2.689075630252100169e-01	2.733649170190315392e-01	2.404458598726109952e-01	2.733649170190315392e-01	2.733649170190315392e-01	2.733649170190315392e-01
2.733649170190315392e-01	1.000000000000000000e+00	3.318681318681320214e-01	2.733649170190315392e-01	2.733649170190315392e-01	2.733649170190315392e-01	2.733649170190315392e-01	3.593582887700529915e-01	3.484358144552319736e-01	2.733649170190315392e-01	4.566596194503170225e-01	2.733649170190315392e-01	3.778501628664500123e-01	2.733649170190315392e-01	2.733649170190315392e-01	3.466955579631639806e-01	2.733649170190315392e-01	2.999999999999999889e-01	2.733649170190315392e-01	3.326110509209099786e-01	6.153061224489799752e-01	2.733649170190315392e-01	2.733649170190315392e-01	4.227902023429179756e-01	2.733649170190315392e-01	2.733649170190315392e-01	2.733649170190315392e-01	2.733649170190315392e-01	3.108695652173910084e-01	2.733649170190315392e-01	2.733649170190315392e-01	2.733649170190315392e-01	2.733649170190315392e-01	3.453159041394340267e-01	3.463626492942449842e-01	2.733649170190315392e-01	2.733649170190315392e-01	3.430420711974109804e-01	2.733649170190315392e-01	5.877551020408160465e-01	2.733649170190315392e-01	2.733649170190315392e-01	2.120535714285710083e-01	2.844243792325060194e-01	2.733649170190315392e-01	2.733649170190315392e-01	2.733649170190315392e-01	3.803879310344829845e-01	2.733649170190315392e-01	4.838709677419349986e-01	2.733649170190315392e-01	2.733649170190315392e-01	7.885714285714290339e-02	2.733649170190315392e-01	3.304061470911089926e-01	2.042175360710319909e-01	2.733649170190315392e-01	1.864406779661020030e-01	1.973684210526319982e-01	2.733649170190315392e-01	7.657657657657659933e-02	2.733649170190315392e-01	3.626609442060089727e-01	5.063424947145880317e-01	3.522355507088330007e-01	4.852320675105489811e-01	3.867822318526539793e-01	1.511111111111110017e-01	2.733649170190315392e-01	1.649831649831650093e-01	2.733649170190315392e-01	7.994011976047900037e-01	2.733649170190315392e-01	2.913472070098580002e-01	2.733649170190315392e-01	2.733649170190315392e-01	3.700107874865160018e-01	4.098712446351929772e-01	2.491838955386289911e-01	4.282678002125400174e-01	2.733649170190315392e-01	6.864988558352399725e-03	2.000000000000000111e-01	6.611570247933880040e-01	4.431578947368419730e-01	2.733649170190315392e-01	3.750000000000000000e-01	2.733649170190315392e-01	1.619797525309339958e-01	4.836670179135930114e-01	3.322545846817689941e-01	2.733649170190315392e-01	2.733649170190315392e-01	2.733649170190315392e-01	1.313131313131309930e-01	4.600000000000000200e-01	1.577181208053690109e-01	3.193548387096770136e-01	2.733649170190315392e-01	6.114583333333329929e-01	3.347732181425490117e-01	2.775377969762419794e-01	3.192640692640689726e-01	4.191489361702129823e-01	3.192640692640689726e-01	2.733649170190315392e-01	2.733649170190315392e-01	3.243534482758619886e-01	4.358430540827150090e-01	3.931623931623929868e-01	2.263736263736260135e-01	4.336188436830840098e-01	2.733649170190315392e-01	4.746300211416489834e-01	3.015184381778739930e-01	4.315789473684210065e-01	3.888888888888890061e-01	2.800000000000000266e-01	3.685344827586209959e-01	2.733649170190315392e-01	2.733649170190315392e-01	2.109375000000000000e-01	4.184322033898310034e-01	2.733649170190315392e-01
2.733649170190315392e-01	3.318681318681320214e-01	1.000000000000000000e+00	2.733649170190315392e-01	2.459312839059669964e-01	2.733649170190315392e-01	2.733649170190315392e-01	2.733649170190315392e-01	2.864864864864870020e-01	2.676518883415440198e-01	2.733649170190315392e-01	2.733649170190315392e-01	2.465986394557820038e-01	2.981072555205049879e-01	1.528822055137840086e-01	2.557726465364120183e-01	2.733649170190315392e-01	2.716763005780349904e-01	2.239089184060719939e-01	2.641165755919849811e-01	2.733649170190315392e-01	2.733649170190315392e-01	3.094841930116469797e-01	2.987012987012990228e-01	2.596153846153850253e-01	2.733649170190315392e-01	1.727493917274940116e-01	2.733649170190315392e-01	2.430426716141000087e-01	2.733649170190315392e-01	2.920517560073940255e-01	2.733649170190315392e-01	2.471169686985169867e-01	2.733649170190315392e-01	3.061224489795920101e-01	2.664233576642339729e-01	2.127659574468090120e-01	2.733649170190315392e-01	2.733649170190315392e-01	2.733649170190315392e-01	2.868318122555409966e-01	2.955182072829130036e-01	2.733649170190315392e-01	2.285714285714290084e-01	2.733649170190315392e-01	2.569558101473000122e-01	2.733649170190315392e-01	2.733649170190315392e-01	2.619414483821260187e-01	2.733649170190315392e-01	2.733649170190315392e-01	2.733649170190315392e-01	1.208791208791210048e-01	2.733649170190315392e-01	2.733649170190315392e-01	2.733649170190315392e-01	2.836767036450080215e-01	2.733649170190315392e-01	2.733649170190315392e-01	2.733686067019400201e-01	2.733649170190315392e-01	2.733649170190315392e-01	2.733649170190315392e-01	2.733649170190315392e-01	2.823315118397090040e-01	2.733649170190315392e-01	2.733649170190315392e-01	2.733649170190315392e-01	3.300781250000000000e-01	2.733649170190315392e-01	2.733649170190315392e-01	3.267015706806279951e-01	2.733649170190315392e-01	3.069105691056909779e-01	2.733649170190315392e-01	3.394495412844040216e-01	3.225225225225230030e-01	2.733649170190315392e-01	2.240000000000000047e-01	2.733649170190315392e-01	2.733649170190315392e-01	2.733649170190315392e-01	2.733649170190315392e-01	2.733649170190315392e-01	3.087774294670849740e-01	1.334894613583139933e-01	2.867383512544799951e-01	3.199052132701419859e-01	1.861575178997610103e-01	2.937685459940649890e-01	2.135416666666669905e-01	2.733649170190315392e-01	3.326293558606119860e-01	3.380281690140850004e-01	1.859296482412060025e-01	2.701492537313430198e-01	2.733649170190315392e-01	3.136882129277570042e-01	2.733649170190315392e-01	2.733649170190315392e-01	2.773722627737230106e-01	2.733649170190315392e-01	2.671614100185529805e-01	2.733649170190315392e-01	2.733649170190315392e-01	2.733649170190315392e-01	2.825112107623319879e-01	2.733649170190315392e-01	2.721617418351480189e-01	2.733649170190315392e-01	2.733649170190315392e-01	2.733649170190315392e-01	2.859174964438119804e-01	3.074581430745810251e-01	2.720306513409960214e-01	2.854914196567859830e-01	2.861952861952860028e-01	2.461538461538460010e-01	2.590051457975989790e-01	2.807971014492749995e-01	2.733649170190315392e-01	2.733649170190315392e-01	2.705696202531649996e-01	2.733649170190315392e-01
2.893258426966289765e-01	2.733649170190315392e-01	2.733649170190315392e-01	1.000000000000000000e+00	2.889518413597729762e-01	2.733649170190315392e-01	2.308868501529049988e-01	2.733649170190315392e-01	3.150492264416320243e-01	2.733649170190315392e-01	3.968462549277270157e-01	2.733649170190315392e-01	3.140495867768600124e-01	3.920000000000000151e-01	1.542372881355930092e-01	2.979020979020979842e-01	3.906250000000000000e-01	2.805232558139529875e-01	2.848664688427299807e-01	2.733649170190315392e-01	4.574712643678159885e-01	2.733649170190315392e-01	3.584905660377359915e-01	2.733649170190315392e-01	2.733649170190315392e-01	4.489544895448949746e-01	2.733649170190315392e-01	4.318471337579620206e-01	2.875722543352600136e-01	3.781291172595520056e-01	3.124108416547790035e-01	2.733649170190315392e-01	2.733649170190315392e-01	3.161659513590839854e-01	3.523391812865500072e-01	2.733649170190315392e-01	2.733649170190315392e-01	2.733649170190315392e-01	2.733649170190315392e-01	4.231651376146789989e-01	2.733649170190315392e-01	2.733649170190315392e-01	2.733649170190315392e-01	2.603369065849919783e-01	4.820457018498370272e-01	2.733649170190315392e-01	2.733649170190315392e-01	2.733649170190315392e-01	3.506493506493509882e-01	2.733649170190315392e-01	2.733649170190315392e-01	3.701799485861180239e-01	2.733649170190315392e-01	2.733649170190315392e-01	2.733649170190315392e-01	2.733649170190315392e-01	2.733649170190315392e-01	1.538461538461539935e-01	2.216981132075470096e-01	3.413940256045520094e-01	9.948542024013720675e-02	2.733649170190315392e-01	3.337988826815639909e-01	2.733649170190315392e-01	3.252148997134670094e-01	2.733649170190315392e-01	3.219178082191779811e-01	2.733649170190315392e-01	2.733649170190315392e-01	1.970198675496689922e-01	3.775100401606429901e-01	5.230296827021490014e-01	3.338192419825070090e-01	3.170731707317069881e-01	3.394109396914449794e-01	2.733649170190315392e-01	3.642857142857139907e-01	2.733649170190315392e-01	2.733649170190315392e-01	3.756684491978610207e-01	4.769065520945219849e-01	8.928571428571429811e-03	2.066772655007949877e-01	2.733649170190315392e-01	3.858267716535430103e-01	2.733649170190315392e-01	2.733649170190315392e-01	4.983164983164979911e-01	1.732026143790849904e-01	2.733649170190315392e-01	2.733649170190315392e-01	2.604790419161679971e-01	2.733649170190315392e-01	2.733649170190315392e-01	2.733649170190315392e-01	3.725992317541609866e-01	2.733649170190315392e-01	3.392070484581499734e-01	2.733649170190315392e-01	2.733649170190315392e-01	2.733649170190315392e-01	2.916666666666670182e-01	3.101449275362320179e-01	3.751686909581650187e-01	3.101449275362320179e-01	2.882096069869000132e-01	3.692893401015229782e-01	2.733649170190315392e-01	2.733649170190315392e-01	2.733649170190315392e-01	2.437888198757759972e-01	3.837837837837840271e-01	2.733649170190315392e-01	3.846153846153850253e-01	2.733649170190315392e-01	2.733649170190315392e-01	3.346883468834689901e-01	2.733649170190315392e-01	3.319386331938630197e-01	3.295128939828079750e-01	2.733649170190315392e-01	2.733649170190315392e-01	3.819163292847500002e-01	2.678018575851390248e-01
2.283737024221449974e-01	2.733649170190315392e-01	2.459312839059669964e-01	2.889518413597729762e-01	1.000000000000000000e+00	3.266978922716630152e-01	2.085020242914980004e-01	2.733649170190315392e-01	2.665505226480839873e-01	2.733649170190315392e-01	2.733649170190315392e-01	2.771084337349399851e-01	2.733649170190315392e-01	2.881355932203389925e-01	2.733649170190315392e-01	2.733649170190315392e-01	2.733649170190315392e-01	2.060931899641580134e-01	2.230483271375459930e-01	2.733649170190315392e-01	3.216957605985040214e-01	2.733649170190315392e-01	2.733649170190315392e-01	2.783018867924529904e-01	2.523510971786829815e-01	3.055181695827730026e-01	1.250000000000000000e-01	2.733649170190315392e-01	2.306306306306309950e-01	2.733649170190315392e-01	2.759856630824369939e-01	1.042183622828779938e-01	2.733649170190315392e-01	2.318339100346019921e-01	3.228782287822880015e-01	2.733649170190315392e-01	2.733649170190315392e-01	2.733649170190315392e-01	3.066298342541439736e-01	3.176020408163269804e-01	3.054830287206269923e-01	2.733649170190315392e-01	2.239130434782609924e-01	2.974683544303799998e-01	2.733649170190315392e-01	2.733649170190315392e-01	2.716981132075469985e-01	2.733649170190315392e-01	2.733649170190315392e-01	2.733649170190315392e-01	2.733649170190315392e-01	2.786885245901640218e-01	2.733649170190315392e-01	2.957983193277309852e-01	2.733649170190315392e-01	2.733649170190315392e-01	2.779503105590059864e-01	2.733649170190315392e-01	2.733649170190315392e-01	2.733649170190315392e-01	8.521303258145360160e-02	2.384769539078160083e-01	2.429284525790350036e-01	2.733649170190315392e-01	2.319587628865980022e-01	2.733649170190315392e-01	2.733649170190315392e-01	2.733649170190315392e-01	2.733649170190315392e-01	2.733649170190315392e-01	2.733649170190315392e-01	2.733649170190315392e-01	2.733649170190315392e-01	2.330827067669170027e-01	2.733649170190315392e-01	2.733649170190315392e-01	2.733649170190315392e-01	2.456692913385830068e-01	1.950286806883370083e-01	2.733649170190315392e-01	3.337142857142860186e-01	1.133144475920679940e-02	2.030567685589519944e-01	3.312883435582820169e-01	3.006134969325149897e-01	1.347031963470320115e-01	2.733649170190315392e-01	3.196721311475410054e-01	1.888111888111889958e-01	2.733649170190315392e-01	2.318339100346019921e-01	2.733649170190315392e-01	3.364779874213840172e-01	2.733649170190315392e-01	1.575178997613370102e-01	2.733649170190315392e-01	2.733649170190315392e-01	2.733649170190315392e-01	2.733649170190315392e-01	3.178893178893180127e-01	2.733649170190315392e-01	2.087912087912089931e-01	2.733649170190315392e-01	2.612752721617420115e-01	2.733649170190315392e-01	2.733649170190315392e-01	2.733649170190315392e-01	2.733649170190315392e-01	2.706422018348619840e-01	2.699186991869920171e-01	2.733649170190315392e-01	2.733649170190315392e-01	2.733649170190315392e-01	2.733649170190315392e-01	2.046263345195729888e-01	2.733649170190315392e-01	2.552504038772209771e-01	2.733649170190315392e-01	2.306425041186160041e-01	2.500000000000000000e-01	3.045685279187819727e-01	1.708333333333330040e-01	2.733649170190315392e-01	2.733649170190315392e-01
2.733649170190315392e-01	2.733649170190315392e-01	2.733649170190315392e-01	2.733649170190315392e-01	3.266978922716630152e-01	1.000000000000000000e+00	2.817955112219450164e-01	3.536165327210100129e-01	3.465116279069769822e-01	2.733649170190315392e-01	2.733649170190315392e-01	4.290502793296089856e-01	3.436073059360730264e-01	4.124860646599780023e-01	1.257783312577830104e-01	2.733649170190315392e-01	2.733649170190315392e-01	2.733649170190315392e-01	2.841981132075470096e-01	3.232558139534880137e-01	2.733649170190315392e-01	4.580573951434879776e-01	3.956916099773239992e-01	2.733649170190315392e-01	2.733649170190315392e-01	5.178764897074760176e-01	1.432098765432099907e-01	4.933481152993349772e-01	3.075117370892019864e-01	2.733649170190315392e-01	2.733649170190315392e-01	1.159235668789810048e-01	2.733649170190315392e-01	2.733649170190315392e-01	2.733649170190315392e-01	3.186558516801850094e-01	2.733649170190315392e-01	3.375870069605569901e-01	5.065645514223190427e-01	2.733649170190315392e-01	5.639344262295079568e-01	2.733649170190315392e-01	2.733649170190315392e-01	2.733649170190315392e-01	6.323377960865089742e-01	3.851428571428570091e-01	2.984723854289070277e-01	3.745664739884390082e-01	2.733649170190315392e-01	2.733649170190315392e-01	2.733649170190315392e-01	4.532130777903040086e-01	2.733649170190315392e-01	2.733649170190315392e-01	2.733649170190315392e-01	2.199017199017199997e-01	2.733649170190315392e-01	2.733649170190315392e-01	1.976047904191620130e-01	2.733649170190315392e-01	7.462686567164179829e-02	2.623345367027680175e-01	2.733649170190315392e-01	5.481997677119629930e-01	2.733649170190315392e-01	2.733649170190315392e-01	3.515358361774740259e-01	2.733649170190315392e-01	2.733649170190315392e-01	1.693448702101360004e-01	4.507531865585169828e-01	7.230614300100709491e-01	2.733649170190315392e-01	2.733649170190315392e-01	3.891509433962260234e-01	6.516393442622949728e-01	3.571428571428569843e-01	2.733649170190315392e-01	2.733649170190315392e-01	4.457274826789839883e-01	2.733649170190315392e-01	7.672634271099740104e-03	2.078720787207870013e-01	2.733649170190315392e-01	4.600456621004569979e-01	1.400491400491399863e-01	2.733649170190315392e-01	6.331236897274630238e-01	1.531862745098039880e-01	4.525386313465780130e-01	2.733649170190315392e-01	2.733649170190315392e-01	7.267206477732790493e-01	2.733649170190315392e-01	1.393034825870649862e-01	2.733649170190315392e-01	2.733649170190315392e-01	3.274853801169589906e-01	2.733649170190315392e-01	5.594855305466239770e-01	3.286875725900120226e-01	2.775175644028100019e-01	2.733649170190315392e-01	2.733649170190315392e-01	2.733649170190315392e-01	3.096926713947990017e-01	4.434589800443459739e-01	2.733649170190315392e-01	2.733649170190315392e-01	2.733649170190315392e-01	2.733649170190315392e-01	4.267734553775739959e-01	4.764512595837899767e-01	4.240437158469950174e-01	3.035294117647059919e-01	4.360135900339749959e-01	3.821510297482840213e-01	2.862190812720850075e-01	3.665893271461719838e-01	3.337195828505210016e-01	2.733649170190315392e-01	2.080291970802919943e-01	3.809523809523809867e-01	2.733649170190315392e-01
2.733649170190315392e-01	2.733649170190315392e-01	2.733649170190315392e-01	2.308868501529049988e-01	2.085020242914980004e-01	2.817955112219450164e-01	1.000000000000000000e+00	2.018691588785050117e-01	2.733649170190315392e-01	2.733649170190315392e-01	2.175324675324679935e-01	2.733649170190315392e-01	1.958955223880599894e-01	1.944444444444440034e-01	2.733649170190315392e-01	2.733649170190315392e-01	2.733649170190315392e-01	1.833333333333329873e-01	2.733649170190315392e-01	2.235772357723579962e-01	2.275064267352190084e-01	2.733649170190315392e-01	2.733649170190315392e-01	2.733649170190315392e-01	2.326820603907640006e-01	2.234794908062230079e-01	2.733649170190315392e-01	2.733649170190315392e-01	1.942148760330580093e-01	2.733649170190315392e-01	2.019801980198019931e-01	2.733649170190315392e-01	2.003610108303250092e-01	2.438524590163929917e-01	2.142857142857139963e-01	2.733649170190315392e-01	1.888888888888889950e-01	1.934235976789170086e-01	2.241630276564769986e-01	2.083333333333330095e-01	2.260273972602739878e-01	2.322485207100589977e-01	1.896103896103900066e-01	2.733649170190315392e-01	2.733649170190315392e-01	2.733649170190315392e-01	1.978947368421050124e-01	2.733649170190315392e-01	2.016528925619829882e-01	2.733649170190315392e-01	2.733649170190315392e-01	2.164781906300480008e-01	1.087719298245610061e-01	2.356215213358069938e-01	1.894093686354380024e-01	2.284946236559139976e-01	2.046979865771809959e-01	2.733649170190315392e-01	1.234866828087169965e-01	2.733649170190315392e-01	2.733649170190315392e-01	1.712328767123290074e-01	2.733649170190315392e-01	3.022875816993459974e-01	2.733649170190315392e-01	2.074303405572759940e-01	2.733649170190315392e-01	1.333333333333329984e-01	2.402343750000000000e-01	2.733649170190315392e-01	2.733649170190315392e-01	2.566844919786099855e-01	2.733649170190315392e-01	2.733649170190315392e-01	2.733649170190315392e-01	2.367816091954020041e-01	2.022471910112360050e-01	2.733649170190315392e-01	2.733649170190315392e-01	2.409012131715770055e-01	2.733649170190315392e-01	2.733649170190315392e-01	1.861702127659569939e-01	2.877792378449410271e-01	2.733649170190315392e-01	2.733649170190315392e-01	2.733649170190315392e-01	2.733649170190315392e-01	1.876832844574780057e-01	2.149532710280369907e-01	2.733649170190315392e-01	1.499999999999999944e-01	2.513368983957219860e-01	2.733649170190315392e-01	1.275964391691389865e-01	2.733649170190315392e-01	1.695402298850569867e-01	2.733649170190315392e-01	2.733649170190315392e-01	3.035460992907800248e-01	2.733649170190315392e-01	1.858974358974359864e-01	1.939393939393939947e-01	2.130584192439859970e-01	2.733649170190315392e-01	2.733649170190315392e-01	2.733649170190315392e-01	2.290388548057259999e-01	2.140468227424749958e-01	2.136445242369839903e-01	1.619047619047619957e-01	2.733649170190315392e-01	2.733649170190315392e-01	2.116903633491309944e-01	1.991614255765200014e-01	2.406779661016950067e-01	2.733649170190315392e-01	1.440329218106999876e-01	2.733649170190315392e-01	2.733649170190315392e-01	2.733649170190315392e-01	2.733649170190315392e-01	2.112436115843270013e-01	2.733649170190315392e-01
2.733649170190315392e-01	3.593582887700529915e-01	2.733649170190315392e-01	2.733649170190315392e-01	2.733649170190315392e-01	3.536165327210100129e-01	2.018691588785050117e-01	1.000000000000000000e+00	2.733649170190315392e-01	2.733649170190315392e-01	2.733649170190315392e-01	2.733649170190315392e-01	2.753623188405799893e-01	2.745664739884389749e-01	1.533333333333329884e-01	2.733649170190315392e-01	3.073593073593069991e-01	2.733649170190315392e-01	2.438162544169610035e-01	2.676767676767680126e-01	3.894472361809049876e-01	3.072625698324020216e-01	3.095975232198139859e-01	3.094512195121950082e-01	3.370253164556960002e-01	3.439153439153440073e-01	1.461864406779659897e-01	2.733649170190315392e-01	2.440273037542660117e-01	2.733649170190315392e-01	3.091537132987909886e-01	8.388520971302429463e-02	2.733649170190315392e-01	2.612312811980029847e-01	2.733649170190315392e-01	2.982758620689660023e-01	2.733649170190315392e-01	2.733649170190315392e-01	2.733649170190315392e-01	3.521303258145360160e-01	3.479381443298970034e-01	2.733649170190315392e-01	2.733649170190315392e-01	1.888489208633090111e-01	3.777267508610789859e-01	2.733649170190315392e-01	2.743362831858410233e-01	2.946859903381640056e-01	2.836257309941520033e-01	2.733649170190315392e-01	2.733649170190315392e-01	3.313696612665680274e-01	2.733649170190315392e-01	3.220064724919090016e-01	2.733649170190315392e-01	2.733649170190315392e-01	2.733649170190315392e-01	1.346534653465349951e-01	1.964980544747080005e-01	2.733649170190315392e-01	7.882882882882880082e-02	2.094717668488159934e-01	2.873376623376620032e-01	2.733649170190315392e-01	2.733649170190315392e-01	3.453757225433530254e-01	2.449612403100779878e-01	2.733649170190315392e-01	3.876953125000000000e-01	2.733649170190315392e-01	2.998500749625189754e-01	3.670103092783499887e-01	2.529118136439270081e-01	2.402826855123670058e-01	2.733649170190315392e-01	2.733649170190315392e-01	3.085808580858089845e-01	2.733649170190315392e-01	2.090090090090090114e-01	3.156297420333840087e-01	3.629213483146069841e-01	2.733649170190315392e-01	1.637426900584799949e-01	3.512544802867380023e-01	3.323397913561850214e-01	2.733649170190315392e-01	2.733649170190315392e-01	2.733649170190315392e-01	1.829787234042550004e-01	3.492753623188409873e-01	2.733649170190315392e-01	2.363636363636359983e-01	3.674948240165630264e-01	2.733649170190315392e-01	2.733649170190315392e-01	3.112391930835740061e-01	2.104121475054230028e-01	2.690355329949239982e-01	2.733649170190315392e-01	2.733649170190315392e-01	2.733649170190315392e-01	3.550863723608450040e-01	2.733649170190315392e-01	2.733649170190315392e-01	2.733649170190315392e-01	2.595818815331010221e-01	3.232323232323229822e-01	2.733649170190315392e-01	2.733649170190315392e-01	2.733649170190315392e-01	2.733649170190315392e-01	2.942942942942939899e-01	3.246217331499309799e-01	2.733649170190315392e-01	2.733649170190315392e-01	2.733649170190315392e-01	3.022151898734179998e-01	2.733649170190315392e-01	2.733649170190315392e-01	2.733649170190315392e-01	2.733649170190315392e-01	2.208835341365459892e-01	3.769968051118209873e-01	2.419659735349720120e-01
2.894736842105259944e-01	3.484358144552319736e-01	2.864864864864870020e-01	3.150492264416320243e-01	2.665505226480839873e-01	3.465116279069769822e-01	2.733649170190315392e-01	2.733649170190315392e-01	1.000000000000000000e+00	3.085621970920839896e-01	2.941176470588239833e-01	3.049327354260090162e-01	2.733649170190315392e-01	2.908545727136430115e-01	2.733649170190315392e-01	2.735042735042739759e-01	3.169642857142859760e-01	2.733649170190315392e-01	2.733649170190315392e-01	2.598967297762480033e-01	3.345633456334560218e-01	2.733649170190315392e-01	2.733649170190315392e-01	3.603896103896099823e-01	2.733649170190315392e-01	3.284379172229640043e-01	2.733649170190315392e-01	3.197755960729309899e-01	2.421052631578949899e-01	2.733649170190315392e-01	2.733649170190315392e-01	9.557109557109559617e-02	2.733649170190315392e-01	2.706896551724140010e-01	2.926829268292679975e-01	3.094812164579610059e-01	2.429906542056070040e-01	2.901554404145080257e-01	2.733649170190315392e-01	3.274780426599749883e-01	2.733649170190315392e-01	2.733649170190315392e-01	2.733649170190315392e-01	2.098298676748580061e-01	3.567318757192169953e-01	3.021001615508889793e-01	2.733649170190315392e-01	3.093645484949830160e-01	2.867867867867869847e-01	3.468795355587809826e-01	2.733649170190315392e-01	2.733649170190315392e-01	9.852216748768470589e-02	3.049180327868850071e-01	2.772808586762069982e-01	2.103092783505149943e-01	2.733649170190315392e-01	2.733649170190315392e-01	2.733649170190315392e-01	2.666666666666669960e-01	2.733649170190315392e-01	2.733649170190315392e-01	2.781456953642379992e-01	2.910863509749300193e-01	2.733649170190315392e-01	2.999999999999999889e-01	2.733649170190315392e-01	1.619870410367169888e-01	3.671875000000000000e-01	2.080536912751680123e-01	2.733649170190315392e-01	2.733649170190315392e-01	2.733649170190315392e-01	2.634508348794060151e-01	2.253968253968250124e-01	3.611738148984199870e-01	2.866666666666670138e-01	2.733649170190315392e-01	2.733649170190315392e-01	2.995391705069119781e-01	3.514739229024940181e-01	2.733649170190315392e-01	1.950207468879670003e-01	2.733649170190315392e-01	2.733649170190315392e-01	1.472527472527470072e-01	2.733649170190315392e-01	3.426573426573429892e-01	2.733649170190315392e-01	2.733649170190315392e-01	2.733649170190315392e-01	2.733649170190315392e-01	2.733649170190315392e-01	2.733649170190315392e-01	2.733649170190315392e-01	2.733649170190315392e-01	2.733649170190315392e-01	2.722513089005240139e-01	2.733649170190315392e-01	3.363057324840760254e-01	2.733649170190315392e-01	2.733649170190315392e-01	2.733649170190315392e-01	2.733649170190315392e-01	2.733649170190315392e-01	2.880733944954130266e-01	3.234859675036930171e-01	2.453151618398639877e-01	3.630573248407639730e-01	2.733649170190315392e-01	2.638036809815950123e-01	3.161189358372459846e-01	3.323903818953319877e-01	2.733649170190315392e-01	2.833638025594150123e-01	2.733649170190315392e-01	2.610062893081759872e-01	2.733649170190315392e-01	2.655737704918029740e-01	2.733649170190315392e-01	2.733649170190315392e-01	2.733649170190315392e-01	2.978395061728389970e-01	2.848484848484850174e-01
2.915309446254070180e-01	2.733649170190315392e-01	2.676518883415440198e-01	2.733649170190315392e-01	2.733649170190315392e-01	2.733649170190315392e-01	2.733649170190315392e-01	2.733649170190315392e-01	3.085621970920839896e-01	1.000000000000000000e+00	2.733649170190315392e-01	3.731563421828910099e-01	2.733649170190315392e-01	2.733649170190315392e-01	1.323828920570259970e-01	2.334869431643629978e-01	3.991097922848659829e-01	3.239929947460600257e-01	2.733649170190315392e-01	2.733649170190315392e-01	3.888213851761849749e-01	2.733649170190315392e-01	3.358547655068079840e-01	2.733649170190315392e-01	2.733649170190315392e-01	2.733649170190315392e-01	1.676767676767680071e-01	3.610354223433239751e-01	2.733649170190315392e-01	2.733649170190315392e-01	2.733649170190315392e-01	2.733649170190315392e-01	3.022900763358780107e-01	2.864077669902910239e-01	2.924071082390949927e-01	3.299663299663300187e-01	2.933810375670840020e-01	2.777777777777780122e-01	2.733649170190315392e-01	3.811881188118810271e-01	3.796178343949039857e-01	2.733649170190315392e-01	2.733649170190315392e-01	2.733649170190315392e-01	2.733649170190315392e-01	2.733649170190315392e-01	3.165217391304350203e-01	2.733649170190315392e-01	3.052781740370900110e-01	3.581267217630850208e-01	2.733649170190315392e-01	3.677325581395349818e-01	2.733649170190315392e-01	2.733649170190315392e-01	3.062605752961080063e-01	2.733649170190315392e-01	2.733649170190315392e-01	2.733649170190315392e-01	2.209737827715360092e-01	2.733649170190315392e-01	2.733649170190315392e-01	2.733649170190315392e-01	2.733649170190315392e-01	3.098404255319149869e-01	2.733649170190315392e-01	3.789173789173789775e-01	2.942989214175649737e-01	1.461538461538459954e-01	4.238281250000000000e-01	2.080808080808080052e-01	3.082489146164980043e-01	4.080578512396689783e-01	3.014827018121910007e-01	2.733649170190315392e-01	2.733649170190315392e-01	4.202247191011240224e-01	2.733649170190315392e-01	2.733649170190315392e-01	2.399299474605950111e-01	2.988505747126439793e-01	4.013452914798210092e-01	9.174311926605510301e-03	2.076190476190480083e-01	3.613053613053610058e-01	3.551673944687039897e-01	1.218568665377180033e-01	2.733649170190315392e-01	3.860252004581899987e-01	1.955645161290320011e-01	2.733649170190315392e-01	2.733649170190315392e-01	2.733649170190315392e-01	2.733649170190315392e-01	2.733649170190315392e-01	1.687242798353910112e-01	3.300561797752810111e-01	1.782178217821779875e-01	2.734627831715210067e-01	2.306338028169009902e-01	3.401937046004839815e-01	2.476489028213169907e-01	3.197158081705149812e-01	2.625607779578609802e-01	2.733649170190315392e-01	2.733649170190315392e-01	2.733649170190315392e-01	3.746397694524499777e-01	2.733649170190315392e-01	3.265602322206099806e-01	3.231240428790200236e-01	1.985815602836880078e-01	3.104956268221569782e-01	2.733649170190315392e-01	2.733649170190315392e-01	2.666666666666669960e-01	3.589364844903989993e-01	2.733649170190315392e-01	2.236842105263160130e-01	2.808641975308640015e-01	2.733649170190315392e-01	3.158705701078580175e-01	2.500000000000000000e-01	3.580060422960730238e-01	2.370766488413549866e-01
2.919161676646709891e-01	4.566596194503170225e-01	2.733649170190315392e-01	3.968462549277270157e-01	2.733649170190315392e-01	2.733649170190315392e-01	2.175324675324679935e-01	2.733649170190315392e-01	2.941176470588239833e-01	2.733649170190315392e-01	1.000000000000000000e+00	3.637602179836509908e-01	2.824536376604849797e-01	2.733649170190315392e-01	2.733649170190315392e-01	2.838235294117649743e-01	3.953168044077129961e-01	3.301127214170689883e-01	3.449419568822549853e-01	3.354037267080750007e-01	2.733649170190315392e-01	2.733649170190315392e-01	3.791606367583210124e-01	2.733649170190315392e-01	2.733649170190315392e-01	4.125786163522009997e-01	1.955719557195569891e-01	4.010484927916119768e-01	2.685887708649469796e-01	2.733649170190315392e-01	3.452566096423019815e-01	2.733649170190315392e-01	2.733649170190315392e-01	2.872023809523809867e-01	2.850812407680949900e-01	3.543307086614170265e-01	2.733649170190315392e-01	2.733649170190315392e-01	3.964421855146120222e-01	2.733649170190315392e-01	2.733649170190315392e-01	3.637500000000000178e-01	1.680261011419250106e-01	2.733649170190315392e-01	2.733649170190315392e-01	2.733649170190315392e-01	2.733649170190315392e-01	3.222060957910010126e-01	2.733649170190315392e-01	2.733649170190315392e-01	2.733649170190315392e-01	3.717774762550880019e-01	2.733649170190315392e-01	2.733649170190315392e-01	3.156249999999999889e-01	2.733649170190315392e-01	2.733649170190315392e-01	2.733649170190315392e-01	2.733649170190315392e-01	2.733649170190315392e-01	8.719851576994429310e-02	2.733649170190315392e-01	4.240506329113920003e-01	2.733649170190315392e-01	2.733649170190315392e-01	3.766578249336869910e-01	2.733649170190315392e-01	1.643356643356639890e-01	4.921875000000000000e-01	2.733649170190315392e-01	3.490304709141269779e-01	2.733649170190315392e-01	2.733649170190315392e-01	2.733649170190315392e-01	3.353115727002969892e-01	4.905027932960889792e-01	3.412816691505219935e-01	3.352192362093350253e-01	2.733649170190315392e-01	3.546592489568849982e-01	4.473684210526320260e-01	2.733649170190315392e-01	2.733649170190315392e-01	2.733649170190315392e-01	2.733649170190315392e-01	2.733649170190315392e-01	2.733649170190315392e-01	2.733649170190315392e-01	1.797153024911030128e-01	5.355029585798819491e-01	2.733649170190315392e-01	2.733649170190315392e-01	2.733649170190315392e-01	3.498542274052480194e-01	2.733649170190315392e-01	2.733649170190315392e-01	1.917562724014340025e-01	2.733649170190315392e-01	2.733649170190315392e-01	3.995243757431630183e-01	2.733649170190315392e-01	2.733649170190315392e-01	2.733649170190315392e-01	2.733649170190315392e-01	2.733649170190315392e-01	2.733649170190315392e-01	2.733649170190315392e-01	2.733649170190315392e-01	2.733649170190315392e-01	2.733649170190315392e-01	2.733649170190315392e-01	2.733649170190315392e-01	2.733649170190315392e-01	3.964577656675750128e-01	2.733649170190315392e-01	3.884992987377279827e-01	3.818722139673110250e-01	2.839116719242900100e-01	3.005780346820809967e-01	2.733649170190315392e-01	2.733649170190315392e-01	2.057335581787519962e-01	2.733649170190315392e-01	2.733649170190315392e-01
2.733649170190315392e-01	2.733649170190315392e-01	2.733649170190315392e-01	2.733649170190315392e-01	2.771084337349399851e-01	4.290502793296089856e-01	2.733649170190315392e-01	2.733649170190315392e-01	3.049327354260090162e-01	3.731563421828910099e-01	3.637602179836509908e-01	1.000000000000000000e+00	3.175775480059079836e-01	4.028571428571430246e-01	2.733649170190315392e-01	2.810650887573959977e-01	2.733649170190315392e-01	2.733649170190315392e-01	2.863999999999999879e-01	3.183925811437400277e-01	2.733649170190315392e-01	4.695035460992910137e-01	4.098360655737710023e-01	2.733649170190315392e-01	3.385269121813029858e-01	3.950000000000000178e-01	1.804788213627989968e-01	3.738680465717980073e-01	2.714723926380370189e-01	2.733649170190315392e-01	3.079268292682930119e-01	2.733649170190315392e-01	2.733649170190315392e-01	2.863568215892050017e-01	2.733649170190315392e-01	2.733649170190315392e-01	2.733649170190315392e-01	2.733649170190315392e-01	2.733649170190315392e-01	2.733649170190315392e-01	2.733649170190315392e-01	3.601003764115430217e-01	2.733649170190315392e-01	2.733649170190315392e-01	4.590347923681259990e-01	3.318965517241380114e-01	2.913385826771650033e-01	2.733649170190315392e-01	2.733649170190315392e-01	3.949468085106380144e-01	2.733649170190315392e-01	2.733649170190315392e-01	8.000000000000000167e-02	2.733649170190315392e-01	2.733649170190315392e-01	2.733649170190315392e-01	2.733649170190315392e-01	2.733649170190315392e-01	2.733649170190315392e-01	2.694524495677230180e-01	1.091954022988509965e-01	2.733649170190315392e-01	2.733649170190315392e-01	2.733649170190315392e-01	2.733649170190315392e-01	2.733649170190315392e-01	2.733649170190315392e-01	1.561403508771929960e-01	2.733649170190315392e-01	2.733649170190315392e-01	2.733649170190315392e-01	2.733649170190315392e-01	3.691813804173350033e-01	2.733649170190315392e-01	2.733649170190315392e-01	4.943693693693689828e-01	2.733649170190315392e-01	3.599419448476049999e-01	2.733649170190315392e-01	3.356353591160219918e-01	2.733649170190315392e-01	8.016032064128259318e-03	1.694630872483219863e-01	2.733649170190315392e-01	3.710344827586209981e-01	2.733649170190315392e-01	2.733649170190315392e-01	2.733649170190315392e-01	1.798561151079139941e-01	2.733649170190315392e-01	2.960725075528700123e-01	2.560386473429949739e-01	4.544524053224159865e-01	3.035460992907800248e-01	1.599264705882350035e-01	4.066852367688020276e-01	2.733649170190315392e-01	2.733649170190315392e-01	2.733649170190315392e-01	3.912009512485140061e-01	2.733649170190315392e-01	2.733649170190315392e-01	2.854961832061069793e-01	4.032258064516129892e-01	2.733649170190315392e-01	2.759689922480619839e-01	2.733649170190315392e-01	2.733649170190315392e-01	2.733649170190315392e-01	2.733649170190315392e-01	2.154605263157889916e-01	2.733649170190315392e-01	3.716129032258059794e-01	2.733649170190315392e-01	2.733649170190315392e-01	4.184704184704179930e-01	3.261494252873560207e-01	2.550544323483669995e-01	3.093841642228740141e-01	2.733649170190315392e-01	2.733649170190315392e-01	2.733649170190315392e-01	2.733649170190315392e-01	2.249190938511330118e-01
