1.000000000000000000e+00	1.119639549438721515e-01	1.119639549438721515e-01	1.666666666666669905e-01	1.119639549438721515e-01	1.119639549438721515e-01	1.119639549438721515e-01	1.119639549438721515e-01	3.298969072164950056e-01	1.119639549438721515e-01	1.119639549438721515e-01	1.119639549438721515e-01	1.119639549438721515e-01	4.726368159203980235e-01	1.119639549438721515e-01	1.119639549438721515e-01	1.119639549438721515e-01	1.119639549438721515e-01	1.119639549438721515e-01	3.862433862433859999e-01	1.119639549438721515e-01	1.119639549438721515e-01	1.119639549438721515e-01	1.119639549438721515e-01	2.007575757575759956e-01	1.119639549438721515e-01	1.119639549438721515e-01	1.119639549438721515e-01	1.119639549438721515e-01	1.119639549438721515e-01	1.119639549438721515e-01	9.239130434782609480e-02	2.934362934362930164e-01	1.119639549438721515e-01	1.119639549438721515e-01	1.119639549438721515e-01	1.119639549438721515e-01	1.119639549438721515e-01	4.254385964912280049e-01	1.119639549438721515e-01	2.015503875968990000e-01	1.119639549438721515e-01	1.188524590163930056e-01	1.119639549438721515e-01	1.119639549438721515e-01	1.119639549438721515e-01	1.119639549438721515e-01	2.260536398467430097e-01	2.372881355932200120e-01	2.341269841269839891e-01	1.119639549438721515e-01	1.119639549438721515e-01	1.119639549438721515e-01	1.119639549438721515e-01	1.119639549438721515e-01	1.119639549438721515e-01	1.119639549438721515e-01	5.917159763313609849e-02	1.119639549438721515e-01	1.374407582938390049e-01	1.119639549438721515e-01	2.343750000000000000e-01	1.119639549438721515e-01	1.119639549438721515e-01	1.119639549438721515e-01	2.620689655172410149e-01	1.119639549438721515e-01	1.119639549438721515e-01	1.119639549438721515e-01	1.119639549438721515e-01	1.119639549438721515e-01	1.119639549438721515e-01	1.119639549438721515e-01	1.119639549438721515e-01	1.357466063348420071e-01	1.119639549438721515e-01	1.119639549438721515e-01	1.119639549438721515e-01	1.870229007633590068e-01	1.119639549438721515e-01	1.119639549438721515e-01	8.000000000000000167e-03	1.119639549438721515e-01	1.119639549438721515e-01	2.521008403361340022e-01	1.119639549438721515e-01	1.119639549438721515e-01	1.749174917491750081e-01	1.119639549438721515e-01	1.119639549438721515e-01	1.119639549438721515e-01	1.119639549438721515e-01	1.119639549438721515e-01	1.119639549438721515e-01	2.406417112299469863e-01	1.119639549438721515e-01	1.119639549438721515e-01	1.972477064220179988e-01	1.119639549438721515e-01	1.119639549438721515e-01	2.610619469026549955e-01	1.119639549438721515e-01	1.119639549438721515e-01	1.119639549438721515e-01	2.227488151658769955e-01	1.119639549438721515e-01	1.119639549438721515e-01	1.119639549438721515e-01	3.017241379310339755e-01	3.045454545454550077e-01	1.119639549438721515e-01	1.119639549438721515e-01	1.119639549438721515e-01	1.119639549438721515e-01	1.119639549438721515e-01	1.119639549438721515e-01	1.119639549438721515e-01	1.119639549438721515e-01	1.793893129770990080e-01	2.913043478260869956e-01	1.119639549438721515e-01	1.119639549438721515e-01	1.119639549438721515e-01	1.119639549438721515e-01
1.119639549438721515e-01	1.000000000000000000e+00	1.119639549438721515e-01	1.840490797546009971e-01	1.119639549438721515e-01	1.119639549438721515e-01	1.119639549438721515e-01	1.119639549438721515e-01	1.244979919678709940e-01	1.119639549438721515e-01	1.412213740458020117e-01	1.119639549438721515e-01	1.119639549438721515e-01	1.119639549438721515e-01	1.119639549438721515e-01	2.592592592592590228e-01	1.119639549438721515e-01	1.119639549438721515e-01	1.250000000000000000e-01	1.119639549438721515e-01	1.119639549438721515e-01	1.119639549438721515e-01	1.119639549438721515e-01	1.119639549438721515e-01	1.119639549438721515e-01	1.119639549438721515e-01	1.119639549438721515e-01	1.119639549438721515e-01	1.119639549438721515e-01	1.119639549438721515e-01	1.119639549438721515e-01	1.119639549438721515e-01	1.119639549438721515e-01	1.119639549438721515e-01	1.119639549438721515e-01	1.119639549438721515e-01	1.119639549438721515e-01	1.119639549438721515e-01	1.119639549438721515e-01	1.119639549438721515e-01	1.119639549438721515e-01	1.119639549438721515e-01	1.119639549438721515e-01	1.119639549438721515e-01	1.119639549438721515e-01	1.207430340557280046e-01	1.659574468085109888e-01	1.119639549438721515e-01	1.119639549438721515e-01	1.119639549438721515e-01	1.119639549438721515e-01	1.119639549438721515e-01	1.119639549438721515e-01	2.366071428571429880e-01	1.119639549438721515e-01	1.119639549438721515e-01	1.119639549438721515e-01	2.331288343558280129e-01	1.119639549438721515e-01	2.476190476190479883e-01	1.119639549438721515e-01	1.119639549438721515e-01	1.119639549438721515e-01	4.464285714285710083e-01	1.119639549438721515e-01	1.119639549438721515e-01	1.119639549438721515e-01	1.119639549438721515e-01	1.119639549438721515e-01	1.632653061224489943e-01	1.119639549438721515e-01	5.113636363636360205e-01	1.119639549438721515e-01	1.813953488372090084e-01	1.119639549438721515e-01	1.119639549438721515e-01	1.119639549438721515e-01	1.119639549438721515e-01	1.119639549438721515e-01	1.119639549438721515e-01	1.119639549438721515e-01	1.369863013698630061e-02	1.119639549438721515e-01	1.119639549438721515e-01	2.260536398467430097e-01	1.119639549438721515e-01	1.119639549438721515e-01	1.119639549438721515e-01	1.119639549438721515e-01	1.486486486486489900e-01	1.119639549438721515e-01	1.119639549438721515e-01	1.119639549438721515e-01	1.119639549438721515e-01	1.598173515981740067e-01	2.032520325203250044e-01	1.119639549438721515e-01	1.457489878542509998e-01	1.119639549438721515e-01	1.119639549438721515e-01	1.119639549438721515e-01	1.119639549438721515e-01	1.119639549438721515e-01	1.119639549438721515e-01	1.119639549438721515e-01	1.119639549438721515e-01	1.119639549438721515e-01	1.119639549438721515e-01	1.119639549438721515e-01	1.119639549438721515e-01	1.119639549438721515e-01	1.119639549438721515e-01	1.647940074906369956e-01	1.119639549438721515e-01	1.119639549438721515e-01	2.034482758620690113e-01	1.119639549438721515e-01	1.119639549438721515e-01	1.119639549438721515e-01	1.474820143884890133e-01	1.119639549438721515e-01	1.119639549438721515e-01	1.119639549438721515e-01	1.119639549438721515e-01
1.119639549438721515e-01	1.119639549438721515e-01	1.000000000000000000e+00	1.119639549438721515e-01	1.898734177215190000e-01	1.119639549438721515e-01	1.119639549438721515e-01	1.119639549438721515e-01	1.119639549438721515e-01	1.119639549438721515e-01	1.119639549438721515e-01	1.119639549438721515e-01	2.818791946308720209e-01	1.119639549438721515e-01	1.119639549438721515e-01	1.119639549438721515e-01	2.761904761904759864e-01	1.119639549438721515e-01	2.440944881889759999e-01	2.359550561797749968e-01	1.119639549438721515e-01	1.119639549438721515e-01	1.119639549438721515e-01	1.119639549438721515e-01	1.119639549438721515e-01	1.119639549438721515e-01	1.119639549438721515e-01	1.119639549438721515e-01	1.119639549438721515e-01	1.119639549438721515e-01	1.119639549438721515e-01	1.115702479338839953e-01	2.065868263473049915e-01	1.119639549438721515e-01	1.119639549438721515e-01	2.457337883959040126e-01	2.086330935251800023e-01	1.119639549438721515e-01	1.119639549438721515e-01	1.119639549438721515e-01	1.119639549438721515e-01	1.898305084745759985e-01	1.119639549438721515e-01	1.775700934579440005e-01	1.119639549438721515e-01	1.119639549438721515e-01	2.549019607843139856e-01	1.119639549438721515e-01	2.500000000000000000e-01	3.159722222222219878e-01	2.356495468277949867e-01	1.119639549438721515e-01	1.119639549438721515e-01	1.119639549438721515e-01	1.119639549438721515e-01	1.119639549438721515e-01	1.119639549438721515e-01	1.119639549438721515e-01	1.119639549438721515e-01	1.119639549438721515e-01	1.119639549438721515e-01	1.119639549438721515e-01	1.119639549438721515e-01	1.119639549438721515e-01	1.119639549438721515e-01	1.119639549438721515e-01	1.119639549438721515e-01	1.119639549438721515e-01	2.719101123595509817e-01	1.119639549438721515e-01	1.119639549438721515e-01	1.119639549438721515e-01	1.923076923076920131e-01	1.119639549438721515e-01	1.119639549438721515e-01	1.119639549438721515e-01	3.774319066147859836e-01	2.604501607717040201e-01	1.625766871165640060e-01	1.119639549438721515e-01	2.917771883289119739e-01	5.181347150259070153e-03	1.119639549438721515e-01	1.119639549438721515e-01	1.119639549438721515e-01	1.119639549438721515e-01	1.119639549438721515e-01	1.119639549438721515e-01	1.119639549438721515e-01	1.119639549438721515e-01	1.119639549438721515e-01	1.119639549438721515e-01	1.672354948805460095e-01	1.119639549438721515e-01	3.043478260869569851e-01	2.619926199261989885e-01	1.119639549438721515e-01	1.119639549438721515e-01	1.119639549438721515e-01	1.119639549438721515e-01	1.119639549438721515e-01	1.119639549438721515e-01	1.119639549438721515e-01	2.801418439716309994e-01	1.119639549438721515e-01	1.119639549438721515e-01	1.119639549438721515e-01	1.119639549438721515e-01	1.119639549438721515e-01	1.119639549438721515e-01	1.119639549438721515e-01	1.119639549438721515e-01	2.395833333333330095e-01	1.119639549438721515e-01	1.119639549438721515e-01	1.119639549438721515e-01	1.119639549438721515e-01	1.119639549438721515e-01	1.119639549438721515e-01	2.673611111111109939e-01	2.466666666666670060e-01	1.119639549438721515e-01	1.119639549438721515e-01	1.119639549438721515e-01
1.666666666666669905e-01	1.840490797546009971e-01	1.119639549438721515e-01	1.000000000000000000e+00	1.119639549438721515e-01	1.119639549438721515e-01	1.119639549438721515e-01	2.450331125827809875e-01	1.119639549438721515e-01	1.119639549438721515e-01	2.993421052631580204e-01	2.668711656441720148e-01	1.119639549438721515e-01	1.119639549438721515e-01	1.119639549438721515e-01	1.119639549438721515e-01	1.119639549438721515e-01	1.119639549438721515e-01	1.119639549438721515e-01	1.119639549438721515e-01	1.119639549438721515e-01	1.119639549438721515e-01	1.119639549438721515e-01	1.119639549438721515e-01	1.119639549438721515e-01	1.119639549438721515e-01	1.119639549438721515e-01	1.119639549438721515e-01	2.243589743589740060e-01	1.119639549438721515e-01	2.465277777777780122e-01	1.119639549438721515e-01	1.119639549438721515e-01	1.119639549438721515e-01	1.119639549438721515e-01	1.119639549438721515e-01	1.119639549438721515e-01	1.119639549438721515e-01	1.119639549438721515e-01	1.119639549438721515e-01	1.119639549438721515e-01	1.119639549438721515e-01	1.119639549438721515e-01	1.119639549438721515e-01	3.562653562653559924e-01	1.119639549438721515e-01	1.119639549438721515e-01	1.119639549438721515e-01	1.119639549438721515e-01	2.960725075528700123e-01	2.506811989100820037e-01	1.119639549438721515e-01	7.722007722007720454e-02	1.119639549438721515e-01	2.169811320754720108e-01	1.119639549438721515e-01	3.091482649842269836e-01	1.119639549438721515e-01	1.119639549438721515e-01	1.119639549438721515e-01	1.119639549438721515e-01	1.119639549438721515e-01	2.702702702702700077e-01	1.188118811881190007e-01	1.119639549438721515e-01	1.119639549438721515e-01	1.119639549438721515e-01	1.716417910447760042e-01	2.914046121593290017e-01	1.911764705882350035e-01	1.119639549438721515e-01	1.119639549438721515e-01	1.119639549438721515e-01	1.119639549438721515e-01	1.119639549438721515e-01	1.119639549438721515e-01	1.119639549438721515e-01	1.119639549438721515e-01	1.119639549438721515e-01	1.119639549438721515e-01	1.119639549438721515e-01	1.244813278008300057e-02	1.119639549438721515e-01	2.287390029325510055e-01	1.119639549438721515e-01	1.119639549438721515e-01	1.119639549438721515e-01	1.119639549438721515e-01	1.119639549438721515e-01	1.119639549438721515e-01	1.119639549438721515e-01	1.119639549438721515e-01	1.119639549438721515e-01	1.119639549438721515e-01	1.119639549438721515e-01	1.119639549438721515e-01	1.119639549438721515e-01	1.119639549438721515e-01	1.119639549438721515e-01	1.119639549438721515e-01	2.515527950310559868e-01	1.119639549438721515e-01	1.119639549438721515e-01	1.119639549438721515e-01	1.119639549438721515e-01	1.119639549438721515e-01	2.477611940298510007e-01	1.119639549438721515e-01	1.119639549438721515e-01	2.500000000000000000e-01	1.119639549438721515e-01	1.119639549438721515e-01	1.119639549438721515e-01	1.119639549438721515e-01	1.119639549438721515e-01	1.119639549438721515e-01	1.119639549438721515e-01	1.607717041800640068e-01	1.119639549438721515e-01	1.119639549438721515e-01	1.119639549438721515e-01	1.119639549438721515e-01	1.119639549438721515e-01	1.119639549438721515e-01
1.119639549438721515e-01	1.119639549438721515e-01	1.898734177215190000e-01	1.119639549438721515e-01	1.000000000000000000e+00	1.119639549438721515e-01	1.119639549438721515e-01	1.119639549438721515e-01	1.119639549438721515e-01	1.119639549438721515e-01	1.119639549438721515e-01	1.119639549438721515e-01	2.103004291845489981e-01	1.119639549438721515e-01	2.187500000000000000e-01	9.784946236559139976e-01	1.705426356589150039e-01	1.666666666666669905e-01	1.119639549438721515e-01	1.794871794871789883e-01	1.119639549438721515e-01	1.119639549438721515e-01	1.119639549438721515e-01	2.589285714285710083e-01	1.924686192468620105e-01	1.119639549438721515e-01	1.119639549438721515e-01	1.119639549438721515e-01	1.658291457286429904e-01	1.119639549438721515e-01	1.119639549438721515e-01	1.575342465753420129e-01	1.119639549438721515e-01	1.877551020408159965e-01	1.119639549438721515e-01	1.119639549438721515e-01	1.119639549438721515e-01	1.612903225806449903e-01	1.814516129032260061e-01	1.258741258741259972e-01	1.982758620689659967e-01	1.119639549438721515e-01	1.119639549438721515e-01	1.119639549438721515e-01	1.652173913043480102e-01	1.119639549438721515e-01	1.119639549438721515e-01	1.119639549438721515e-01	1.119639549438721515e-01	1.576763485477180038e-01	2.070312500000000000e-01	1.119639549438721515e-01	1.119639549438721515e-01	1.119639549438721515e-01	1.119639549438721515e-01	1.834319526627219976e-01	1.119639549438721515e-01	1.119639549438721515e-01	1.119639549438721515e-01	2.682926829268290070e-01	1.119639549438721515e-01	1.119639549438721515e-01	1.234567901234570053e-01	1.119639549438721515e-01	1.460674157303369913e-01	1.119639549438721515e-01	1.502347417840380062e-01	2.058823529411759889e-01	1.119639549438721515e-01	1.119639549438721515e-01	1.119639549438721515e-01	1.119639549438721515e-01	1.261682242990649905e-01	1.119639549438721515e-01	1.119639549438721515e-01	1.119639549438721515e-01	1.493212669683260108e-01	1.119639549438721515e-01	1.119639549438721515e-01	1.119639549438721515e-01	1.119639549438721515e-01	2.173913043478260115e-02	1.119639549438721515e-01	2.932692307692310041e-01	1.119639549438721515e-01	1.119639549438721515e-01	1.119639549438721515e-01	1.119639549438721515e-01	1.119639549438721515e-01	1.259842519685039908e-01	1.119639549438721515e-01	1.119639549438721515e-01	2.410256410256410020e-01	1.119639549438721515e-01	1.119639549438721515e-01	1.119639549438721515e-01	1.119639549438721515e-01	1.119639549438721515e-01	1.119639549438721515e-01	1.119639549438721515e-01	1.345291479820630021e-01	1.119639549438721515e-01	1.119639549438721515e-01	1.119639549438721515e-01	1.119639549438721515e-01	1.278538812785390000e-01	1.652173913043480102e-01	1.119639549438721515e-01	1.440677966101689966e-01	1.119639549438721515e-01	1.119639549438721515e-01	2.389380530973450045e-01	1.119639549438721515e-01	1.119639549438721515e-01	1.119639549438721515e-01	1.119639549438721515e-01	1.119639549438721515e-01	1.119639549438721515e-01	1.991341991341989970e-01	1.119639549438721515e-01	2.177777777777779866e-01	1.119639549438721515e-01	1.119639549438721515e-01	1.119639549438721515e-01
1.119639549438721515e-01	1.119639549438721515e-01	1.119639549438721515e-01	1.119639549438721515e-01	1.119639549438721515e-01	1.000000000000000000e+00	1.119639549438721515e-01	1.119639549438721515e-01	1.119639549438721515e-01	1.119639549438721515e-01	1.978021978021979876e-01	1.119639549438721515e-01	2.013201320132010086e-01	1.119639549438721515e-01	1.119639549438721515e-01	1.119639549438721515e-01	1.119639549438721515e-01	1.119639549438721515e-01	1.119639549438721515e-01	1.119639549438721515e-01	2.294617563739380084e-01	1.119639549438721515e-01	1.920289855072460083e-01	1.119639549438721515e-01	1.119639549438721515e-01	1.119639549438721515e-01	1.119639549438721515e-01	2.114695340501789866e-01	1.119639549438721515e-01	1.119639549438721515e-01	1.119639549438721515e-01	1.119639549438721515e-01	1.119639549438721515e-01	1.119639549438721515e-01	1.119639549438721515e-01	1.119639549438721515e-01	2.137404580152670042e-01	1.119639549438721515e-01	2.175324675324679935e-01	1.119639549438721515e-01	1.119639549438721515e-01	3.817427385892119829e-01	1.119639549438721515e-01	1.119639549438721515e-01	1.119639549438721515e-01	1.119639549438721515e-01	1.119639549438721515e-01	1.119639549438721515e-01	1.119639549438721515e-01	1.119639549438721515e-01	1.119639549438721515e-01	1.119639549438721515e-01	1.405405405405409924e-01	1.119639549438721515e-01	1.119639549438721515e-01	1.119639549438721515e-01	2.392857142857139907e-01	1.119639549438721515e-01	1.119639549438721515e-01	1.119639549438721515e-01	1.119639549438721515e-01	1.119639549438721515e-01	1.119639549438721515e-01	1.119639549438721515e-01	1.119639549438721515e-01	1.119639549438721515e-01	1.119639549438721515e-01	1.119639549438721515e-01	1.119639549438721515e-01	1.119639549438721515e-01	2.866894197952220003e-01	1.119639549438721515e-01	1.413427561837460045e-01	1.119639549438721515e-01	1.119639549438721515e-01	2.144772117962470137e-01	2.000000000000000111e-01	1.119639549438721515e-01	1.993355481727570044e-01	1.119639549438721515e-01	1.119639549438721515e-01	5.714285714285709944e-03	2.226562500000000000e-01	8.473684210526319927e-01	2.654545454545449990e-01	1.119639549438721515e-01	1.119639549438721515e-01	2.608695652173910196e-01	1.119639549438721515e-01	1.119639549438721515e-01	1.119639549438721515e-01	1.119639549438721515e-01	1.119639549438721515e-01	1.119639549438721515e-01	1.119639549438721515e-01	2.089552238805970075e-01	1.119639549438721515e-01	1.119639549438721515e-01	1.119639549438721515e-01	1.119639549438721515e-01	1.119639549438721515e-01	1.119639549438721515e-01	2.258064516129029975e-01	1.119639549438721515e-01	2.222222222222219878e-01	1.119639549438721515e-01	1.119639549438721515e-01	1.119639549438721515e-01	1.119639549438721515e-01	1.119639549438721515e-01	2.489626556016600045e-01	1.119639549438721515e-01	1.119639549438721515e-01	2.666666666666669960e-01	1.119639549438721515e-01	1.968253968253969866e-01	1.119639549438721515e-01	1.119639549438721515e-01	2.508710801393729817e-01	1.119639549438721515e-01	1.119639549438721515e-01	1.119639549438721515e-01	1.119639549438721515e-01	1.119639549438721515e-01
1.119639549438721515e-01	1.119639549438721515e-01	1.119639549438721515e-01	1.119639549438721515e-01	1.119639549438721515e-01	1.119639549438721515e-01	1.000000000000000000e+00	1.119639549438721515e-01	1.159420289855069980e-01	1.119639549438721515e-01	1.119639549438721515e-01	1.551724137931030090e-01	1.119639549438721515e-01	1.119639549438721515e-01	1.119639549438721515e-01	1.119639549438721515e-01	1.370370370370370128e-01	1.119639549438721515e-01	1.450777202072540129e-01	1.119639549438721515e-01	1.782178217821779875e-01	1.119639549438721515e-01	1.119639549438721515e-01	1.810699588477369948e-01	1.934156378600820070e-01	1.554621848739499990e-01	1.119639549438721515e-01	1.119639549438721515e-01	1.119639549438721515e-01	1.119639549438721515e-01	1.443850267379679919e-01	1.119639549438721515e-01	1.119639549438721515e-01	2.231404958677689898e-01	1.119639549438721515e-01	1.489361702127660059e-01	1.119639549438721515e-01	1.450777202072540129e-01	1.119639549438721515e-01	1.119639549438721515e-01	1.940928270042190096e-01	1.797235023041469926e-01	1.119639549438721515e-01	3.872549019607839926e-01	1.119639549438721515e-01	1.119639549438721515e-01	1.119639549438721515e-01	1.119639549438721515e-01	1.119639549438721515e-01	1.119639549438721515e-01	1.119639549438721515e-01	1.119639549438721515e-01	1.119639549438721515e-01	1.119639549438721515e-01	1.119639549438721515e-01	1.119639549438721515e-01	1.119639549438721515e-01	1.119639549438721515e-01	1.119639549438721515e-01	1.119639549438721515e-01	1.119639549438721515e-01	1.119639549438721515e-01	1.119639549438721515e-01	1.119639549438721515e-01	1.119639549438721515e-01	1.375838926174499932e-01	1.119639549438721515e-01	1.119639549438721515e-01	1.119639549438721515e-01	1.623376623376620032e-01	2.195121951219509981e-01	1.119639549438721515e-01	1.232876712328769969e-01	1.918604651162789942e-01	1.119639549438721515e-01	1.604938271604940125e-01	1.119639549438721515e-01	1.040892193308550068e-01	1.119639549438721515e-01	1.119639549438721515e-01	1.119639549438721515e-01	1.119639549438721515e-01	2.291666666666669905e-01	1.119639549438721515e-01	1.119639549438721515e-01	1.119639549438721515e-01	1.119639549438721515e-01	1.119639549438721515e-01	2.301587301587300072e-01	1.192307692307690015e-01	1.119639549438721515e-01	1.269035532994919890e-01	1.119639549438721515e-01	1.119639549438721515e-01	1.647727272727269876e-01	1.990291262135920058e-01	1.119639549438721515e-01	1.584158415841580014e-01	1.119639549438721515e-01	3.150000000000000022e-01	1.119639549438721515e-01	1.119639549438721515e-01	1.119639549438721515e-01	1.119639549438721515e-01	1.119639549438721515e-01	1.004366812227070055e-01	1.567796610169490124e-01	1.119639549438721515e-01	1.119639549438721515e-01	1.119639549438721515e-01	1.119639549438721515e-01	1.264822134387350028e-01	1.696428571428570120e-01	1.119639549438721515e-01	1.255230125523009999e-01	1.119639549438721515e-01	1.119639549438721515e-01	1.134020618556700055e-01	1.119639549438721515e-01	1.119639549438721515e-01	1.119639549438721515e-01	1.119639549438721515e-01	1.306532663316579967e-01	1.119639549438721515e-01
1.119639549438721515e-01	1.119639549438721515e-01	1.119639549438721515e-01	2.450331125827809875e-01	1.119639549438721515e-01	1.119639549438721515e-01	1.119639549438721515e-01	1.000000000000000000e+00	1.119639549438721515e-01	2.560975609756099836e-01	3.317972350230409817e-01	1.119639549438721515e-01	1.726618705035969925e-01	1.119639549438721515e-01	1.119639549438721515e-01	1.119639549438721515e-01	1.119639549438721515e-01	2.790697674418600172e-01	1.981566820276499941e-01	2.568807339449539762e-01	1.119639549438721515e-01	2.438016528925620041e-01	1.119639549438721515e-01	1.119639549438721515e-01	1.119639549438721515e-01	1.119639549438721515e-01	1.119639549438721515e-01	2.987012987012990228e-01	1.119639549438721515e-01	1.119639549438721515e-01	3.041237113402059933e-01	1.119639549438721515e-01	1.119639549438721515e-01	1.119639549438721515e-01	1.834061135371179985e-01	3.261802575107299873e-01	1.119639549438721515e-01	1.119639549438721515e-01	2.166064981949460122e-01	1.119639549438721515e-01	1.119639549438721515e-01	1.752988047808770045e-01	1.119639549438721515e-01	1.119639549438721515e-01	1.119639549438721515e-01	1.119639549438721515e-01	1.119639549438721515e-01	1.119639549438721515e-01	2.208835341365459892e-01	3.130081300813010170e-01	1.119639549438721515e-01	1.119639549438721515e-01	1.119639549438721515e-01	1.119639549438721515e-01	1.119639549438721515e-01	1.119639549438721515e-01	2.409638554216869955e-01	1.119639549438721515e-01	1.119639549438721515e-01	1.119639549438721515e-01	1.119639549438721515e-01	1.913875598086119956e-01	1.119639549438721515e-01	1.119639549438721515e-01	1.119639549438721515e-01	1.119639549438721515e-01	1.119639549438721515e-01	1.119639549438721515e-01	1.888111888111889958e-01	1.119639549438721515e-01	1.119639549438721515e-01	1.119639549438721515e-01	1.119639549438721515e-01	1.119639549438721515e-01	1.119639549438721515e-01	2.652439024390240152e-01	1.119639549438721515e-01	1.119639549438721515e-01	1.119639549438721515e-01	1.119639549438721515e-01	1.119639549438721515e-01	1.119639549438721515e-01	1.119639549438721515e-01	2.470119521912350069e-01	1.119639549438721515e-01	1.119639549438721515e-01	2.103004291845489981e-01	1.119639549438721515e-01	1.119639549438721515e-01	1.119639549438721515e-01	1.119639549438721515e-01	1.119639549438721515e-01	1.119639549438721515e-01	1.119639549438721515e-01	2.079207920792079944e-01	2.274678111587979945e-01	1.119639549438721515e-01	2.026431718061670051e-01	1.119639549438721515e-01	1.119639549438721515e-01	1.119639549438721515e-01	4.188481675392670134e-01	1.119639549438721515e-01	2.298387096774190119e-01	1.119639549438721515e-01	1.119639549438721515e-01	2.479999999999999982e-01	1.119639549438721515e-01	1.119639549438721515e-01	1.119639549438721515e-01	1.119639549438721515e-01	1.119639549438721515e-01	1.119639549438721515e-01	1.119639549438721515e-01	1.119639549438721515e-01	1.119639549438721515e-01	1.119639549438721515e-01	2.686567164179100020e-01	1.119639549438721515e-01	1.119639549438721515e-01	1.119639549438721515e-01	3.040935672514620269e-01	1.119639549438721515e-01	1.119639549438721515e-01
3.298969072164950056e-01	1.244979919678709940e-01	1.119639549438721515e-01	1.119639549438721515e-01	1.119639549438721515e-01	1.119639549438721515e-01	1.159420289855069980e-01	1.119639549438721515e-01	1.000000000000000000e+00	1.119639549438721515e-01	2.844444444444440001e-01	1.119639549438721515e-01	2.301886792452829955e-01	1.119639549438721515e-01	1.119639549438721515e-01	1.119639549438721515e-01	1.119639549438721515e-01	1.119639549438721515e-01	1.119639549438721515e-01	1.119639549438721515e-01	1.119639549438721515e-01	1.119639549438721515e-01	1.119639549438721515e-01	1.119639549438721515e-01	1.119639549438721515e-01	1.119639549438721515e-01	1.119639549438721515e-01	1.119639549438721515e-01	1.119639549438721515e-01	2.456140350877190071e-01	1.119639549438721515e-01	9.793814432989690622e-02	1.119639549438721515e-01	1.119639549438721515e-01	1.119639549438721515e-01	1.119639549438721515e-01	2.227074235807859903e-01	3.197969543147209937e-01	2.813688212927760168e-01	3.212996389891700222e-01	1.119639549438721515e-01	1.895161290322580072e-01	1.119639549438721515e-01	1.119639549438721515e-01	1.119639549438721515e-01	1.119639549438721515e-01	2.571428571428570065e-01	1.119639549438721515e-01	1.119639549438721515e-01	1.119639549438721515e-01	2.006802721088440100e-01	2.639405204460970045e-01	1.119639549438721515e-01	2.361111111111109939e-01	2.164502164502160042e-01	1.119639549438721515e-01	3.318965517241380114e-01	1.119639549438721515e-01	1.119639549438721515e-01	2.115384615384620082e-01	1.119639549438721515e-01	1.857142857142859982e-01	1.119639549438721515e-01	1.119639549438721515e-01	1.119639549438721515e-01	1.119639549438721515e-01	1.119639549438721515e-01	1.119639549438721515e-01	1.119639549438721515e-01	2.044198895027619922e-01	1.894736842105259889e-01	1.119639549438721515e-01	1.119639549438721515e-01	1.119639549438721515e-01	1.119639549438721515e-01	2.691131498470950012e-01	1.119639549438721515e-01	1.119639549438721515e-01	1.119639549438721515e-01	2.477064220183489984e-01	1.119639549438721515e-01	1.119639549438721515e-01	1.119639549438721515e-01	1.119639549438721515e-01	1.119639549438721515e-01	6.626506024096390224e-02	1.119639549438721515e-01	2.266666666666669883e-01	1.119639549438721515e-01	1.119639549438721515e-01	1.119639549438721515e-01	1.119639549438721515e-01	1.119639549438721515e-01	1.119639549438721515e-01	1.119639549438721515e-01	1.119639549438721515e-01	1.119639549438721515e-01	1.119639549438721515e-01	2.448979591836729919e-01	1.119639549438721515e-01	1.119639549438721515e-01	1.119639549438721515e-01	1.119639549438721515e-01	1.119639549438721515e-01	1.119639549438721515e-01	1.119639549438721515e-01	2.682926829268290070e-01	1.119639549438721515e-01	1.119639549438721515e-01	1.119639549438721515e-01	1.119639549438721515e-01	1.119639549438721515e-01	3.144104803493449896e-01	3.768115942028990029e-01	1.119639549438721515e-01	1.936619718309859906e-01	2.226148409893989877e-01	2.200956937799040114e-01	1.119639549438721515e-01	1.119639549438721515e-01	1.119639549438721515e-01	2.598870056497180059e-01	2.753623188405799893e-01	1.119639549438721515e-01
1.119639549438721515e-01	1.119639549438721515e-01	1.119639549438721515e-01	1.119639549438721515e-01	1.119639549438721515e-01	1.119639549438721515e-01	1.119639549438721515e-01	2.560975609756099836e-01	1.119639549438721515e-01	1.000000000000000000e+00	1.119639549438721515e-01	1.119639549438721515e-01	1.119639549438721515e-01	1.119639549438721515e-01	1.119639549438721515e-01	1.119639549438721515e-01	4.102564102564100201e-01	1.119639549438721515e-01	1.119639549438721515e-01	3.911111111111110206e-01	1.119639549438721515e-01	1.119639549438721515e-01	1.119639549438721515e-01	1.119639549438721515e-01	1.119639549438721515e-01	1.119639549438721515e-01	1.119639549438721515e-01	3.038461538461539879e-01	1.119639549438721515e-01	1.119639549438721515e-01	1.119639549438721515e-01	1.119639549438721515e-01	1.119639549438721515e-01	1.119639549438721515e-01	1.119639549438721515e-01	1.119639549438721515e-01	1.119639549438721515e-01	1.960000000000000075e-01	1.119639549438721515e-01	1.119639549438721515e-01	1.119639549438721515e-01	1.119639549438721515e-01	1.328671328671330032e-01	1.119639549438721515e-01	1.119639549438721515e-01	1.119639549438721515e-01	1.119639549438721515e-01	2.284768211920530090e-01	1.119639549438721515e-01	1.119639549438721515e-01	1.119639549438721515e-01	3.392226148409889785e-01	1.119639549438721515e-01	1.119639549438721515e-01	1.119639549438721515e-01	1.119639549438721515e-01	2.794117647058820264e-01	6.976744186046510143e-02	1.458333333333330095e-01	1.119639549438721515e-01	1.119639549438721515e-01	1.950207468879670003e-01	1.119639549438721515e-01	1.119639549438721515e-01	1.896024464831800038e-01	1.119639549438721515e-01	1.119639549438721515e-01	1.119639549438721515e-01	1.119639549438721515e-01	1.119639549438721515e-01	1.119639549438721515e-01	1.119639549438721515e-01	1.119639549438721515e-01	1.890756302521010013e-01	1.119639549438721515e-01	1.119639549438721515e-01	1.119639549438721515e-01	1.119639549438721515e-01	1.947194719471949942e-01	1.119639549438721515e-01	1.119639549438721515e-01	1.142857142857140081e-02	1.119639549438721515e-01	1.119639549438721515e-01	2.690909090909089918e-01	1.119639549438721515e-01	1.119639549438721515e-01	1.119639549438721515e-01	2.526881720430109723e-01	3.038869257950529978e-01	1.119639549438721515e-01	1.119639549438721515e-01	1.565836298932380133e-01	1.119639549438721515e-01	2.198275862068969910e-01	2.500000000000000000e-01	2.342342342342340067e-01	2.734693877551019892e-01	1.119639549438721515e-01	1.481481481481480011e-01	2.262773722627740014e-01	1.119639549438721515e-01	1.119639549438721515e-01	1.119639549438721515e-01	2.874999999999999778e-01	1.827956989247309927e-01	1.119639549438721515e-01	1.495016611295680031e-01	1.119639549438721515e-01	2.611940298507460234e-01	1.796875000000000000e-01	1.119639549438721515e-01	1.119639549438721515e-01	1.119639549438721515e-01	1.119639549438721515e-01	1.119639549438721515e-01	1.119639549438721515e-01	1.119639549438721515e-01	1.119639549438721515e-01	1.119639549438721515e-01	1.119639549438721515e-01	1.119639549438721515e-01	1.119639549438721515e-01	1.119639549438721515e-01
1.119639549438721515e-01	1.412213740458020117e-01	1.119639549438721515e-01	2.993421052631580204e-01	1.119639549438721515e-01	1.978021978021979876e-01	1.119639549438721515e-01	3.317972350230409817e-01	2.844444444444440001e-01	1.119639549438721515e-01	1.000000000000000000e+00	1.119639549438721515e-01	1.119639549438721515e-01	1.119639549438721515e-01	1.711229946524059908e-01	1.650943396226420001e-01	1.119639549438721515e-01	1.119639549438721515e-01	1.119639549438721515e-01	1.119639549438721515e-01	1.119639549438721515e-01	3.223140495867770072e-01	3.362068965517239771e-01	1.119639549438721515e-01	1.119639549438721515e-01	1.119639549438721515e-01	1.119639549438721515e-01	1.119639549438721515e-01	1.119639549438721515e-01	1.119639549438721515e-01	1.119639549438721515e-01	8.920187793427229728e-02	1.119639549438721515e-01	1.119639549438721515e-01	1.119639549438721515e-01	1.119639549438721515e-01	1.119639549438721515e-01	1.119639549438721515e-01	1.119639549438721515e-01	1.119639549438721515e-01	1.520270270270270008e-01	1.119639549438721515e-01	1.119639549438721515e-01	1.119639549438721515e-01	1.119639549438721515e-01	2.244224422442240019e-01	1.119639549438721515e-01	2.625899280575539896e-01	1.119639549438721515e-01	1.119639549438721515e-01	1.119639549438721515e-01	1.119639549438721515e-01	9.714285714285710027e-02	1.119639549438721515e-01	1.119639549438721515e-01	1.119639549438721515e-01	1.119639549438721515e-01	1.119639549438721515e-01	1.119639549438721515e-01	2.262443438914029936e-01	1.011235955056180025e-01	1.119639549438721515e-01	1.119639549438721515e-01	1.119639549438721515e-01	1.864951768488750106e-01	1.119639549438721515e-01	1.119639549438721515e-01	1.581632653061219862e-01	2.217090069284060050e-01	1.119639549438721515e-01	1.119639549438721515e-01	1.000000000000000056e-01	1.119639549438721515e-01	2.955665024630539928e-01	1.557377049180329875e-01	1.119639549438721515e-01	2.886178861788620265e-01	1.119639549438721515e-01	1.119639549438721515e-01	1.119639549438721515e-01	1.119639549438721515e-01	1.119639549438721515e-01	1.119639549438721515e-01	1.119639549438721515e-01	3.708333333333330151e-01	1.119639549438721515e-01	2.647058823529410132e-01	1.119639549438721515e-01	1.119639549438721515e-01	1.119639549438721515e-01	1.119639549438721515e-01	2.017167381974249996e-01	1.466165413533830064e-01	1.119639549438721515e-01	2.829268292682929897e-01	1.119639549438721515e-01	2.763819095477390020e-01	2.586206896551719869e-01	2.705882352941180180e-01	1.119639549438721515e-01	1.119639549438721515e-01	1.119639549438721515e-01	1.660649819494580126e-01	2.806324110671939986e-01	1.119639549438721515e-01	2.653061224489799974e-01	3.734439834024900207e-01	1.854545454545450112e-01	1.119639549438721515e-01	3.140495867768600124e-01	1.119639549438721515e-01	2.250000000000000056e-01	1.119639549438721515e-01	3.881278538812790169e-01	1.119639549438721515e-01	1.119639549438721515e-01	3.468634686346859786e-01	1.119639549438721515e-01	1.119639549438721515e-01	1.119639549438721515e-01	2.527881040892189790e-01	2.941176470588239833e-01	1.119639549438721515e-01	1.119639549438721515e-01
1.119639549438721515e-01	1.119639549438721515e-01	1.119639549438721515e-01	2.668711656441720148e-01	1.119639549438721515e-01	1.119639549438721515e-01	1.551724137931030090e-01	1.119639549438721515e-01	1.119639549438721515e-01	1.119639549438721515e-01	1.119639549438721515e-01	1.000000000000000000e+00	1.119639549438721515e-01	1.119639549438721515e-01	1.119639549438721515e-01	1.119639549438721515e-01	2.895622895622900206e-01	3.805309734513270259e-01	3.318385650224219829e-01	3.946188340807170181e-01	1.119639549438721515e-01	1.119639549438721515e-01	4.449339207048459977e-01	1.119639549438721515e-01	1.119639549438721515e-01	1.119639549438721515e-01	2.398190045248869973e-01	1.119639549438721515e-01	1.119639549438721515e-01	1.119639549438721515e-01	1.119639549438721515e-01	8.225108225108229698e-02	2.549019607843139856e-01	1.119639549438721515e-01	1.846153846153849865e-01	1.119639549438721515e-01	2.886178861788620265e-01	1.119639549438721515e-01	1.119639549438721515e-01	1.119639549438721515e-01	1.655844155844160004e-01	1.119639549438721515e-01	1.624548736462090026e-01	1.119639549438721515e-01	1.119639549438721515e-01	1.119639549438721515e-01	1.119639549438721515e-01	1.119639549438721515e-01	2.445255474452550093e-01	1.119639549438721515e-01	2.187500000000000000e-01	3.228070175438599865e-01	8.247422680412369589e-02	1.119639549438721515e-01	1.119639549438721515e-01	1.119639549438721515e-01	1.119639549438721515e-01	6.046511627906980130e-02	1.119639549438721515e-01	1.119639549438721515e-01	1.505376344086019891e-01	1.119639549438721515e-01	1.119639549438721515e-01	1.119639549438721515e-01	1.119639549438721515e-01	1.119639549438721515e-01	1.119639549438721515e-01	1.119639549438721515e-01	1.119639549438721515e-01	1.971830985915490053e-01	1.119639549438721515e-01	8.921933085501859706e-02	1.119639549438721515e-01	1.757322175732219938e-01	1.119639549438721515e-01	3.573573573573570195e-01	1.119639549438721515e-01	1.119639549438721515e-01	1.119639549438721515e-01	1.119639549438721515e-01	2.479999999999999982e-01	1.119639549438721515e-01	1.119639549438721515e-01	1.119639549438721515e-01	1.119639549438721515e-01	6.467661691542289648e-02	3.991228070175439901e-01	3.149350649350650122e-01	2.287234042553190072e-01	1.119639549438721515e-01	2.355212355212359943e-01	2.163265306122449938e-01	1.119639549438721515e-01	1.119639549438721515e-01	1.119639549438721515e-01	3.347107438016529990e-01	2.142857142857139963e-01	1.832061068702290074e-01	1.119639549438721515e-01	1.119639549438721515e-01	2.416356877323420083e-01	1.119639549438721515e-01	1.119639549438721515e-01	3.902439024390240152e-01	1.119639549438721515e-01	1.119639549438721515e-01	1.119639549438721515e-01	1.944444444444440034e-01	1.119639549438721515e-01	2.727272727272729846e-01	1.119639549438721515e-01	1.119639549438721515e-01	1.119639549438721515e-01	1.119639549438721515e-01	1.119639549438721515e-01	1.119639549438721515e-01	1.119639549438721515e-01	1.119639549438721515e-01	1.973244147157189876e-01	1.119639549438721515e-01	2.157534246575339987e-01	2.745098039215689845e-01	1.119639549438721515e-01	1.119639549438721515e-01
