1.000000000000000000e+00	2.485372112917025034e-01	2.485372112917025034e-01	2.804532577903680046e-01	2.485372112917025034e-01	2.485372112917025034e-01	2.485372112917025034e-01	3.629032258064520122e-01	3.632812500000000000e-01	3.195266272189349888e-01	3.983739837398370121e-01	2.485372112917025034e-01	2.485372112917025034e-01	2.485372112917025034e-01	1.322314049586779949e-01	2.485372112917025034e-01	2.485372112917025034e-01	6.205128205128209729e-01	3.692946058091289840e-01	2.485372112917025034e-01	3.429394812680119919e-01	4.270833333333329818e-01	2.485372112917025034e-01	3.455056179775279901e-01	3.254237288135590211e-01	2.689075630252100169e-01	3.106382978723399857e-01	2.485372112917025034e-01	3.972125435540069804e-01	2.485372112917025034e-01	2.485372112917025034e-01	2.485372112917025034e-01	2.485372112917025034e-01	3.322259136212620256e-01	1.962025316455699997e-01	2.485372112917025034e-01	2.485372112917025034e-01	2.485372112917025034e-01	5.016949152542370394e-01	2.485372112917025034e-01	2.485372112917025034e-01	2.485372112917025034e-01	2.295081967213110086e-01	2.485372112917025034e-01	2.485372112917025034e-01	2.485372112917025034e-01	1.974522292993630135e-01	2.902298850574709932e-01	2.485372112917025034e-01	2.655826558265579895e-01	2.485372112917025034e-01	3.224043715846989788e-01	2.485372112917025034e-01	2.485372112917025034e-01	3.180076628352490054e-01	2.485372112917025034e-01	3.521594684385380147e-01	2.485372112917025034e-01	1.925675675675679877e-01	2.485372112917025034e-01	2.485372112917025034e-01	4.159292035398229892e-01	4.257812500000000000e-01	2.013651877133109946e-01	4.176706827309240033e-01	2.744630071599050147e-01	3.087719298245609756e-01	1.926605504587159956e-01	2.206148282097649960e-01	2.436974789915969941e-01	2.534246575342469776e-01	2.485372112917025034e-01	2.485372112917025034e-01	2.485372112917025034e-01	1.572327044025159937e-01	3.857142857142860093e-01	2.485372112917025034e-01	2.485372112917025034e-01	2.115942028985509926e-01	2.628726287262870276e-01	2.500000000000000000e-01	1.081081081081079927e-02	2.485372112917025034e-01	2.485372112917025034e-01	2.485372112917025034e-01	2.485372112917025034e-01	6.322314049586780227e-01	2.485372112917025034e-01	1.703056768558950107e-01	2.485372112917025034e-01	2.485372112917025034e-01	2.544169611307420253e-01	2.026666666666669947e-01	1.960784313725489891e-01	2.730496453900709830e-01	4.751773049645390268e-01	2.485372112917025034e-01	2.485372112917025034e-01	2.812500000000000000e-01	2.708933717579249945e-01	2.192982456140349923e-01	2.485372112917025034e-01	2.485372112917025034e-01	2.485372112917025034e-01	1.479999999999999927e-01	2.962962962962960023e-01	3.239875389408100048e-01	2.639405204460970045e-01	2.485372112917025034e-01	2.485372112917025034e-01	3.551401869158880009e-01	2.485372112917025034e-01	2.485372112917025034e-01	2.485372112917025034e-01	1.944444444444440034e-01	3.354037267080750007e-01	2.485372112917025034e-01	2.564102564102559989e-01	2.485372112917025034e-01	3.515358361774740259e-01	2.485372112917025034e-01	2.485372112917025034e-01	2.485372112917025034e-01	2.714285714285710194e-01
2.485372112917025034e-01	1.000000000000000000e+00	2.485372112917025034e-01	2.485372112917025034e-01	2.861635220125789969e-01	5.149700598802390283e-01	2.485372112917025034e-01	2.485372112917025034e-01	1.838440111420610035e-01	2.485372112917025034e-01	1.931818181818180102e-01	2.196261682242990065e-01	2.518159806295400260e-01	2.485372112917025034e-01	1.705685618729100017e-01	3.018867924528300106e-01	2.485372112917025034e-01	2.485372112917025034e-01	2.485372112917025034e-01	2.250000000000000056e-01	2.485372112917025034e-01	1.965601965601969925e-01	2.485372112917025034e-01	2.485372112917025034e-01	2.485372112917025034e-01	2.485372112917025034e-01	2.485372112917025034e-01	2.011331444759210108e-01	2.485372112917025034e-01	2.485372112917025034e-01	2.507462686567160093e-01	2.485372112917025034e-01	2.292993630573250119e-01	2.454308093994780060e-01	3.008595988538679822e-01	2.485372112917025034e-01	2.485372112917025034e-01	2.485372112917025034e-01	2.597087378640779987e-01	2.431192660550459961e-01	4.479495268138800057e-01	2.485372112917025034e-01	2.485372112917025034e-01	2.485372112917025034e-01	3.697674418604650071e-01	1.397260273972600053e-01	1.589743589743589924e-01	2.485372112917025034e-01	2.485372112917025034e-01	2.485372112917025034e-01	2.485372112917025034e-01	2.416851441241689991e-01	2.485372112917025034e-01	2.485372112917025034e-01	2.485372112917025034e-01	2.485372112917025034e-01	2.485372112917025034e-01	2.288732394366199963e-01	2.485372112917025034e-01	2.269938650306750072e-01	9.523809523809520505e-02	2.485372112917025034e-01	1.823056300268099950e-01	2.485372112917025034e-01	1.594594594594589965e-01	2.500000000000000000e-01	2.485372112917025034e-01	2.485372112917025034e-01	2.485372112917025034e-01	2.485372112917025034e-01	2.485372112917025034e-01	2.485372112917025034e-01	1.806930693069309923e-01	2.485372112917025034e-01	2.485372112917025034e-01	2.302631578947370028e-01	2.300884955752210137e-01	2.211764705882350024e-01	2.412060301507540083e-01	4.263157894736839815e-01	2.485372112917025034e-01	2.485372112917025034e-01	2.485372112917025034e-01	2.485372112917025034e-01	3.118279569892469794e-01	2.380952380952379988e-01	2.485372112917025034e-01	2.485372112917025034e-01	1.466666666666670005e-01	1.876675603217159982e-01	2.485372112917025034e-01	2.485372112917025034e-01	9.737827715355810154e-01	2.485372112917025034e-01	2.116991643454040062e-01	2.455696202531650052e-01	2.485372112917025034e-01	1.320224719101119881e-01	2.891246684350129992e-01	2.485372112917025034e-01	1.132075471698110042e-01	2.077562326869810128e-01	2.485372112917025034e-01	2.485372112917025034e-01	2.485372112917025034e-01	2.485372112917025034e-01	2.485372112917025034e-01	2.485372112917025034e-01	2.439613526570049984e-01	2.485372112917025034e-01	1.226993865030669983e-01	2.485372112917025034e-01	2.485372112917025034e-01	2.485372112917025034e-01	2.485372112917025034e-01	2.463054187192119937e-01	2.264150943396230076e-01	2.485372112917025034e-01	2.485372112917025034e-01	1.829573934837090132e-01	2.377622377622380101e-01	2.485372112917025034e-01	1.949860724233979936e-01	2.100840336134449926e-01
2.485372112917025034e-01	2.485372112917025034e-01	1.000000000000000000e+00	2.485372112917025034e-01	2.076923076923080091e-01	2.485372112917025034e-01	1.259842519685039908e-01	2.485372112917025034e-01	3.636363636363639795e-01	3.058103975535170216e-01	2.485372112917025034e-01	2.485372112917025034e-01	3.396825396825399745e-01	2.485372112917025034e-01	1.538461538461539935e-01	2.485372112917025034e-01	2.485372112917025034e-01	3.561643835616439824e-01	2.485372112917025034e-01	3.206106870229010197e-01	3.628048780487799774e-01	2.485372112917025034e-01	3.927392739273929956e-01	2.485372112917025034e-01	4.645669291338579976e-01	3.353846153846150036e-01	2.485372112917025034e-01	5.302325581395349596e-01	3.498233215547699726e-01	2.782369146005509997e-01	2.485372112917025034e-01	2.485372112917025034e-01	2.485372112917025034e-01	3.498233215547699726e-01	2.508710801393729817e-01	2.485372112917025034e-01	2.664233576642339729e-01	2.933884297520660267e-01	3.046153846153850098e-01	2.485372112917025034e-01	1.741935483870969970e-01	1.601208459214500113e-01	2.485372112917025034e-01	2.485372112917025034e-01	2.485372112917025034e-01	2.485372112917025034e-01	2.485372112917025034e-01	3.915857605177989753e-01	2.485372112917025034e-01	2.485372112917025034e-01	3.549488054607510268e-01	2.485372112917025034e-01	1.913875598086119956e-01	2.485372112917025034e-01	2.485372112917025034e-01	2.485372112917025034e-01	4.109090909090910015e-01	2.485372112917025034e-01	2.370370370370369906e-01	2.655601659751040122e-01	1.127450980392159935e-01	2.485372112917025034e-01	3.622047244094490082e-01	1.443298969072160098e-01	2.485372112917025034e-01	2.842892768079799959e-01	2.485372112917025034e-01	1.871921182266010064e-01	2.330827067669170027e-01	2.590909090909089829e-01	2.485372112917025034e-01	2.485372112917025034e-01	2.485372112917025034e-01	3.644444444444440157e-01	2.485372112917025034e-01	2.485372112917025034e-01	3.702127659574470098e-01	2.485372112917025034e-01	2.485372112917025034e-01	2.485372112917025034e-01	2.485372112917025034e-01	2.485372112917025034e-01	2.485372112917025034e-01	2.485372112917025034e-01	3.505154639175260267e-01	2.485372112917025034e-01	3.146853146853150207e-01	2.583979328165370015e-01	2.485372112917025034e-01	4.500000000000000111e-01	2.167182662538700011e-01	2.485372112917025034e-01	2.485372112917025034e-01	2.485372112917025034e-01	2.485372112917025034e-01	3.367003367003369996e-01	2.485372112917025034e-01	2.622950819672130174e-01	2.485372112917025034e-01	3.270440251572330204e-01	2.485372112917025034e-01	2.485372112917025034e-01	2.485372112917025034e-01	3.571428571428569843e-01	2.237442922374429932e-01	3.260869565217390242e-01	2.485372112917025034e-01	2.588235294117650076e-01	2.485372112917025034e-01	2.485372112917025034e-01	2.485372112917025034e-01	2.485372112917025034e-01	2.485372112917025034e-01	2.485372112917025034e-01	2.485372112917025034e-01	2.485372112917025034e-01	2.628865979381440066e-01	2.485372112917025034e-01	3.346007604562740156e-01	3.464285714285709750e-01	2.485372112917025034e-01	2.485372112917025034e-01	2.996108949416340095e-01	4.780701754385959790e-01
2.804532577903680046e-01	2.485372112917025034e-01	2.485372112917025034e-01	1.000000000000000000e+00	2.192982456140349923e-01	2.598039215686270276e-01	1.681681681681679863e-01	2.485372112917025034e-01	3.241590214067279763e-01	3.250000000000000111e-01	3.209876543209880251e-01	2.485372112917025034e-01	3.496143958868889734e-01	2.485372112917025034e-01	2.485372112917025034e-01	2.303206997084550067e-01	2.485372112917025034e-01	2.578616352201260065e-01	2.937500000000000111e-01	2.792022792022790245e-01	2.485372112917025034e-01	2.924281984334199946e-01	4.000000000000000222e-01	2.485372112917025034e-01	2.485372112917025034e-01	3.948051948051949922e-01	2.327044025157229967e-01	3.935483870967739772e-01	2.485372112917025034e-01	3.064516129032259784e-01	2.861445783132530174e-01	1.126760563380280050e-01	2.485372112917025034e-01	3.002680965147450087e-01	2.485372112917025034e-01	2.485372112917025034e-01	2.485372112917025034e-01	2.682926829268290070e-01	2.485372112917025034e-01	2.761020881670530058e-01	2.485372112917025034e-01	1.791767554479420099e-01	2.485372112917025034e-01	2.485372112917025034e-01	2.866379310344829845e-01	2.966360856269110169e-01	3.218390804597699995e-01	2.485372112917025034e-01	3.246376811594199885e-01	2.485372112917025034e-01	3.089005235602089727e-01	3.302107728337240200e-01	1.465798045602610122e-01	3.343653250773990226e-01	2.891566265060239727e-01	1.487341772151899999e-01	3.830985915492959859e-01	1.628664495114010013e-01	2.485372112917025034e-01	2.142857142857139963e-01	1.301369863013699946e-01	2.485372112917025034e-01	2.485372112917025034e-01	2.485372112917025034e-01	2.485372112917025034e-01	2.874999999999999778e-01	2.485372112917025034e-01	1.543624161073829937e-01	3.154246100519930152e-01	1.987381703470030014e-01	2.485372112917025034e-01	1.856435643564360027e-01	2.485372112917025034e-01	2.485372112917025034e-01	2.282608695652169895e-01	2.485372112917025034e-01	2.485372112917025034e-01	2.485372112917025034e-01	2.334152334152329866e-01	2.485372112917025034e-01	2.941176470588239833e-01	7.434944237918219602e-03	2.485372112917025034e-01	2.368421052631579926e-01	2.485372112917025034e-01	2.485372112917025034e-01	2.485372112917025034e-01	2.485372112917025034e-01	1.733333333333330062e-01	3.264705882352940125e-01	2.493702770780860112e-01	2.485372112917025034e-01	2.647754137115839734e-01	2.485372112917025034e-01	3.106508875739639741e-01	3.513513513513509823e-01	3.213296398891969941e-01	2.485372112917025034e-01	3.837535014005600265e-01	2.485372112917025034e-01	2.485372112917025034e-01	3.413897280966770031e-01	2.808022922636099761e-01	2.485372112917025034e-01	3.109540636042399941e-01	3.400000000000000244e-01	3.869209809264310129e-01	2.848484848484850174e-01	2.485372112917025034e-01	2.485372112917025034e-01	2.485372112917025034e-01	3.316455696202529890e-01	2.485372112917025034e-01	2.485372112917025034e-01	2.939560439560440219e-01	4.043715846994540009e-01	3.446712018140590250e-01	2.485372112917025034e-01	2.485372112917025034e-01	2.485372112917025034e-01	3.178484107579460094e-01	2.485372112917025034e-01	2.485372112917025034e-01	3.580246913580250046e-01
2.485372112917025034e-01	2.861635220125789969e-01	2.076923076923080091e-01	2.192982456140349923e-01	1.000000000000000000e+00	2.619808306709269785e-01	2.485372112917025034e-01	2.485372112917025034e-01	2.030651340996169896e-01	2.485372112917025034e-01	1.704545454545449978e-01	2.485372112917025034e-01	2.011834319526629999e-01	2.485372112917025034e-01	2.070707070707069886e-01	2.485372112917025034e-01	1.848739495798319976e-01	2.485372112917025034e-01	2.485372112917025034e-01	2.485372112917025034e-01	2.039106145251400048e-01	2.485372112917025034e-01	2.485372112917025034e-01	2.485372112917025034e-01	2.108843537414969993e-01	2.222222222222219878e-01	1.617021276595740076e-01	2.322834645669289988e-01	1.806451612903229864e-01	2.140921409214089910e-01	3.873873873873869833e-01	1.548117154811720075e-01	2.124352331606219890e-01	1.844660194174760071e-01	2.485372112917025034e-01	2.485372112917025034e-01	2.485372112917025034e-01	1.556420233463040037e-01	2.179104477611940038e-01	1.743869209809260079e-01	2.485372112917025034e-01	2.348993288590600081e-01	2.230215827338130063e-01	2.084507042253520015e-01	2.485372112917025034e-01	1.090909090909090023e-01	2.485372112917025034e-01	2.485372112917025034e-01	1.496598639455780089e-01	1.612903225806449903e-01	2.485372112917025034e-01	1.662337662337660116e-01	2.485372112917025034e-01	2.485372112917025034e-01	2.485372112917025034e-01	2.485372112917025034e-01	2.485372112917025034e-01	1.840796019900499958e-01	1.563636363636360105e-01	2.092050209205019995e-01	2.485372112917025034e-01	2.485372112917025034e-01	2.485372112917025034e-01	1.917293233082709991e-01	1.648351648351649990e-01	1.686182669789229871e-01	2.485372112917025034e-01	2.485372112917025034e-01	2.485372112917025034e-01	2.485372112917025034e-01	2.485372112917025034e-01	2.485372112917025034e-01	2.485372112917025034e-01	2.485372112917025034e-01	2.485372112917025034e-01	2.485372112917025034e-01	1.906614785992220007e-01	2.485372112917025034e-01	1.570996978851960102e-01	2.349570200573070089e-01	2.055837563451780037e-01	2.485372112917025034e-01	2.485372112917025034e-01	2.485372112917025034e-01	2.524916943521590129e-01	1.822916666666669905e-01	2.485372112917025034e-01	1.745635910224440090e-01	1.887755102040820088e-01	1.690140845070420006e-01	1.564417177914110002e-01	1.808118081180810077e-01	2.485372112917025034e-01	2.485372112917025034e-01	2.485372112917025034e-01	2.485372112917025034e-01	2.485372112917025034e-01	1.317829457364340096e-01	2.096774193548389953e-01	2.228915662650599872e-01	2.485372112917025034e-01	1.565836298932380133e-01	2.485372112917025034e-01	1.748466257668709889e-01	2.485372112917025034e-01	1.400651465798050110e-01	2.485372112917025034e-01	1.553030303030299986e-01	2.023809523809519950e-01	2.485372112917025034e-01	1.383928571428570120e-01	2.485372112917025034e-01	1.753731343283579935e-01	1.945392491467579921e-01	1.578947368421050046e-01	2.485372112917025034e-01	2.485372112917025034e-01	2.485372112917025034e-01	2.485372112917025034e-01	2.485372112917025034e-01	2.485372112917025034e-01	2.485372112917025034e-01	1.691176470588240111e-01	2.485372112917025034e-01
2.485372112917025034e-01	5.149700598802390283e-01	2.485372112917025034e-01	2.598039215686270276e-01	2.619808306709269785e-01	1.000000000000000000e+00	3.249097472924190044e-01	2.485372112917025034e-01	2.485372112917025034e-01	1.813953488372090084e-01	1.976401179941000008e-01	2.485372112917025034e-01	2.485372112917025034e-01	2.670025188916880232e-01	2.485372112917025034e-01	2.485372112917025034e-01	2.485372112917025034e-01	2.000000000000000111e-01	2.485372112917025034e-01	2.485372112917025034e-01	2.485372112917025034e-01	2.485372112917025034e-01	2.419753086419750010e-01	2.669789227166279866e-01	2.485372112917025034e-01	2.907268170426069998e-01	2.485372112917025034e-01	2.094395280235989976e-01	3.420289855072459750e-01	2.485372112917025034e-01	2.816455696202530001e-01	2.485372112917025034e-01	2.485372112917025034e-01	2.152230971128610004e-01	3.017751479289940142e-01	2.485372112917025034e-01	2.022471910112360050e-01	1.975683890577510093e-01	2.485372112917025034e-01	2.601431980906919739e-01	5.033783783783779553e-01	5.048543689320390548e-01	2.485372112917025034e-01	3.182957393483710207e-01	2.485372112917025034e-01	1.686046511627909972e-01	2.485372112917025034e-01	2.485372112917025034e-01	1.662198391420910137e-01	2.331002331002330064e-01	2.485372112917025034e-01	2.485372112917025034e-01	2.485372112917025034e-01	2.485372112917025034e-01	1.734104046242770092e-01	2.485372112917025034e-01	2.485372112917025034e-01	2.485372112917025034e-01	1.624649859943979868e-01	2.485372112917025034e-01	1.119133574007220022e-01	2.691029900332230218e-01	2.062146892655369879e-01	2.485372112917025034e-01	2.485372112917025034e-01	2.485372112917025034e-01	2.485372112917025034e-01	2.485372112917025034e-01	2.485372112917025034e-01	2.485372112917025034e-01	3.169230769230769740e-01	5.758620689655169489e-01	1.902313624678660109e-01	2.435897435897440011e-01	3.395638629283490029e-01	2.485372112917025034e-01	2.593750000000000222e-01	2.485372112917025034e-01	2.485372112917025034e-01	4.707520891364900262e-01	3.816425120772949930e-01	8.097165991902830623e-03	2.900302114803630094e-01	8.198529411764710062e-01	2.485372112917025034e-01	2.485372112917025034e-01	2.520547945205480200e-01	2.764044943820220257e-01	2.485372112917025034e-01	2.485372112917025034e-01	1.939546599496219936e-01	2.485372112917025034e-01	5.359281437125750225e-01	2.485372112917025034e-01	2.485372112917025034e-01	2.513089005235599749e-01	2.485372112917025034e-01	1.823708206686930067e-01	3.524355300859600137e-01	2.485372112917025034e-01	1.221122112211219940e-01	2.485372112917025034e-01	2.005649717514119967e-01	3.114754098360659751e-01	2.485372112917025034e-01	2.485372112917025034e-01	2.360406091370559900e-01	2.035928143712570082e-01	2.485372112917025034e-01	2.565445026178009846e-01	2.485372112917025034e-01	2.485372112917025034e-01	2.189349112426040023e-01	2.485372112917025034e-01	2.485372112917025034e-01	2.519083969465650275e-01	2.485372112917025034e-01	2.485372112917025034e-01	2.485372112917025034e-01	2.485372112917025034e-01	2.485372112917025034e-01	1.923076923076920131e-01	2.099125364431490004e-01	2.485372112917025034e-01
2.485372112917025034e-01	2.485372112917025034e-01	1.259842519685039908e-01	1.681681681681679863e-01	2.485372112917025034e-01	3.249097472924190044e-01	1.000000000000000000e+00	2.485372112917025034e-01	2.485372112917025034e-01	1.101449275362320068e-01	1.239999999999999991e-01	1.432835820895519974e-01	2.485372112917025034e-01	2.485372112917025034e-01	2.485372112917025034e-01	1.752136752136750075e-01	1.350574712643680120e-01	1.000000000000000056e-01	1.558441558441560071e-01	1.843137254901960065e-01	2.485372112917025034e-01	1.047619047619050003e-01	2.485372112917025034e-01	1.491712707182319964e-01	1.756272401433690011e-01	2.485372112917025034e-01	2.485372112917025034e-01	1.309523809523809867e-01	1.615120274914089993e-01	2.485372112917025034e-01	1.475409836065570135e-01	2.485372112917025034e-01	1.398963730569950104e-01	2.485372112917025034e-01	1.209964412811389972e-01	2.485372112917025034e-01	1.520912547528520120e-01	2.485372112917025034e-01	2.485372112917025034e-01	1.852941176470589979e-01	3.793103448275860212e-01	3.281250000000000000e-01	2.485372112917025034e-01	2.485372112917025034e-01	2.485372112917025034e-01	1.079999999999999988e-01	9.440559440559440074e-02	2.215189873417720001e-01	2.485372112917025034e-01	1.380281690140849893e-01	2.485372112917025034e-01	2.485372112917025034e-01	2.485372112917025034e-01	2.485372112917025034e-01	8.914728682170540430e-02	1.933701657458559986e-01	2.485372112917025034e-01	2.485372112917025034e-01	2.485372112917025034e-01	2.485372112917025034e-01	2.485372112917025034e-01	1.681818181818179880e-01	2.485372112917025034e-01	4.029126213592230110e-01	2.485372112917025034e-01	2.485372112917025034e-01	1.969111969111969895e-01	2.160493827160490099e-01	2.485372112917025034e-01	2.485372112917025034e-01	2.071713147410360056e-01	2.485372112917025034e-01	2.485372112917025034e-01	1.585903083700440086e-01	2.485372112917025034e-01	2.485372112917025034e-01	1.300813008130080051e-01	1.176470588235289938e-01	2.485372112917025034e-01	2.286585365853660012e-01	2.485372112917025034e-01	8.130081300813010725e-03	2.485372112917025034e-01	3.309352517985609810e-01	1.672240802675589999e-01	2.360248447204970068e-01	2.296296296296299888e-01	2.485372112917025034e-01	1.202185792349730054e-01	1.054545454545449956e-01	1.331168831168829947e-01	2.485372112917025034e-01	2.485372112917025034e-01	1.263940520446099891e-01	2.485372112917025034e-01	1.766666666666669994e-01	2.485372112917025034e-01	7.755102040816329312e-02	2.485372112917025034e-01	2.558139534883719923e-01	2.485372112917025034e-01	1.379310344827590074e-01	2.485372112917025034e-01	2.485372112917025034e-01	7.692307692307689959e-02	2.485372112917025034e-01	1.277258566978189958e-01	1.837606837606839960e-01	1.640866873065019993e-01	2.485372112917025034e-01	1.019417475728160022e-01	1.347305389221560012e-01	2.485372112917025034e-01	2.384615384615380029e-01	2.485372112917025034e-01	1.292307692307690103e-01	2.485372112917025034e-01	2.485372112917025034e-01	1.717557251908400084e-01	1.063122923588040031e-01	1.597633136094669948e-01	1.126126126126130028e-01	2.485372112917025034e-01	2.485372112917025034e-01
3.629032258064520122e-01	2.485372112917025034e-01	2.485372112917025034e-01	2.485372112917025034e-01	2.485372112917025034e-01	2.485372112917025034e-01	2.485372112917025034e-01	1.000000000000000000e+00	3.991228070175439901e-01	2.760736196319020230e-01	2.485372112917025034e-01	2.530120481927710108e-01	2.485372112917025034e-01	2.843749999999999889e-01	1.844660194174760071e-01	1.711026615969580000e-01	2.852852852852850174e-01	2.485372112917025034e-01	2.485372112917025034e-01	3.400000000000000244e-01	2.485372112917025034e-01	2.485372112917025034e-01	2.485372112917025034e-01	2.792022792022790245e-01	2.485372112917025034e-01	2.975460122699389864e-01	3.365384615384620082e-01	4.008810572687219742e-01	2.485372112917025034e-01	2.485372112917025034e-01	2.485372112917025034e-01	2.485372112917025034e-01	2.485372112917025034e-01	2.485372112917025034e-01	2.485372112917025034e-01	3.554006968641120201e-01	2.485372112917025034e-01	2.485372112917025034e-01	2.485372112917025034e-01	2.601156069364159995e-01	2.485372112917025034e-01	1.692789968652040067e-01	2.485372112917025034e-01	2.485372112917025034e-01	2.074999999999999900e-01	2.485372112917025034e-01	2.485372112917025034e-01	2.852760736196319757e-01	2.485372112917025034e-01	2.485372112917025034e-01	2.485372112917025034e-01	2.485372112917025034e-01	1.609756097560980093e-01	2.782258064516129892e-01	2.485372112917025034e-01	2.485372112917025034e-01	4.500000000000000111e-01	2.485372112917025034e-01	2.485372112917025034e-01	2.485372112917025034e-01	2.485372112917025034e-01	4.077669902912620103e-01	3.562753036437250054e-01	1.258741258741259972e-01	3.292181069958849959e-01	2.485372112917025034e-01	2.485372112917025034e-01	2.105263157894740056e-01	2.169811320754720108e-01	2.666666666666669960e-01	2.923076923076919909e-01	2.485372112917025034e-01	2.485372112917025034e-01	2.485372112917025034e-01	1.535836177474400044e-01	2.485372112917025034e-01	2.485372112917025034e-01	2.485372112917025034e-01	1.722054380664649886e-01	2.485372112917025034e-01	2.000000000000000111e-01	6.410256410256410034e-03	2.884615384615379918e-01	1.852941176470589979e-01	2.485372112917025034e-01	2.083333333333330095e-01	3.129496402877700034e-01	2.485372112917025034e-01	1.959798994974870090e-01	2.485372112917025034e-01	2.485372112917025034e-01	2.485372112917025034e-01	2.485372112917025034e-01	3.228346456692909872e-01	2.702702702702700077e-01	2.485372112917025034e-01	2.485372112917025034e-01	2.801724137931029812e-01	3.103448275862070171e-01	2.485372112917025034e-01	2.485372112917025034e-01	4.473684210526320260e-01	2.485372112917025034e-01	3.758865248226950229e-01	2.485372112917025034e-01	2.485372112917025034e-01	2.485372112917025034e-01	2.485372112917025034e-01	3.322475570032569769e-01	3.472222222222219878e-01	2.485372112917025034e-01	3.162939297124600091e-01	3.445378151260499733e-01	2.485372112917025034e-01	2.659574468085110222e-01	3.937282229965159974e-01	2.739361702127660059e-01	2.987551867219920276e-01	3.229571984435800069e-01	2.978723404255320117e-01	2.177650429799430076e-01	2.485372112917025034e-01	2.485372112917025034e-01	4.173913043478260088e-01
3.632812500000000000e-01	1.838440111420610035e-01	3.636363636363639795e-01	3.241590214067279763e-01	2.030651340996169896e-01	2.485372112917025034e-01	2.485372112917025034e-01	3.991228070175439901e-01	1.000000000000000000e+00	2.633136094674560224e-01	2.485372112917025034e-01	2.485372112917025034e-01	3.354430379746839996e-01	3.105590062111799887e-01	1.643835616438359959e-01	2.485372112917025034e-01	2.761627906976740210e-01	3.813953488372089917e-01	3.122362869198310187e-01	2.536231884057970065e-01	2.485372112917025034e-01	2.485372112917025034e-01	2.905198776758409762e-01	3.142857142857140018e-01	2.485372112917025034e-01	2.485372112917025034e-01	2.485372112917025034e-01	3.940677966101689966e-01	2.485372112917025034e-01	2.485372112917025034e-01	3.278688524590159803e-01	1.450980392156860088e-01	2.736842105263159741e-01	2.485372112917025034e-01	2.596491228070180179e-01	3.651877133105799755e-01	2.710622710622709874e-01	2.933884297520660267e-01	3.546325878594249748e-01	3.185840707964600060e-01	2.485372112917025034e-01	2.075471698113209862e-01	2.485372112917025034e-01	1.618798955613580115e-01	2.485372112917025034e-01	2.637795275590549826e-01	2.485372112917025034e-01	2.485372112917025034e-01	3.308270676691730250e-01	3.061224489795920101e-01	2.485372112917025034e-01	2.485372112917025034e-01	2.485372112917025034e-01	2.424242424242419869e-01	2.485372112917025034e-01	2.264150943396230076e-01	3.519163763066199824e-01	2.485372112917025034e-01	2.485372112917025034e-01	1.914062500000000000e-01	1.581632653061219862e-01	2.485372112917025034e-01	2.485372112917025034e-01	1.562500000000000000e-01	2.485372112917025034e-01	2.485372112917025034e-01	2.249134948096890019e-01	2.110552763819099897e-01	2.485372112917025034e-01	2.485372112917025034e-01	2.485372112917025034e-01	2.485372112917025034e-01	2.485372112917025034e-01	2.039215686274510053e-01	2.485372112917025034e-01	2.485372112917025034e-01	3.529411764705879806e-01	2.485372112917025034e-01	2.485372112917025034e-01	2.485372112917025034e-01	2.485372112917025034e-01	1.818181818181819828e-02	2.313167259786479968e-01	2.485372112917025034e-01	2.485372112917025034e-01	2.485372112917025034e-01	2.485372112917025034e-01	2.205513784461149984e-01	2.485372112917025034e-01	4.089068825910929794e-01	1.873111782477339948e-01	2.631578947368419796e-01	1.835616438356159896e-01	2.710622710622709874e-01	2.485372112917025034e-01	3.457627118644069908e-01	2.384105960264900070e-01	2.622950819672130174e-01	2.572347266881029881e-01	2.944785276073619840e-01	3.214285714285710083e-01	2.485372112917025034e-01	2.329749103942649890e-01	4.249999999999999889e-01	2.884615384615379918e-01	2.797202797202800184e-01	2.971246006389779981e-01	2.485372112917025034e-01	2.485372112917025034e-01	3.525423728813559809e-01	2.485372112917025034e-01	2.485372112917025034e-01	2.485372112917025034e-01	3.811320754716979731e-01	2.485372112917025034e-01	3.475409836065569968e-01	2.485372112917025034e-01	2.319391634980990102e-01	3.097014925373129945e-01	2.485372112917025034e-01	2.485372112917025034e-01	2.226890756302520036e-01	3.577235772357719723e-01	2.621722846441950083e-01
3.195266272189349888e-01	2.485372112917025034e-01	3.058103975535170216e-01	3.250000000000000111e-01	2.485372112917025034e-01	1.813953488372090084e-01	1.101449275362320068e-01	2.760736196319020230e-01	2.633136094674560224e-01	1.000000000000000000e+00	3.270440251572330204e-01	2.485372112917025034e-01	2.485372112917025034e-01	3.307692307692309819e-01	2.485372112917025034e-01	2.485372112917025034e-01	5.056179775280900124e-01	2.485372112917025034e-01	3.333333333333329818e-01	3.843750000000000222e-01	2.485372112917025034e-01	3.697478991596639952e-01	2.485372112917025034e-01	3.753086419753089986e-01	2.485372112917025034e-01	3.341708542713570096e-01	2.485372112917025034e-01	2.870090634441089805e-01	2.485372112917025034e-01	2.485372112917025034e-01	2.238372093023260068e-01	2.485372112917025034e-01	2.797356828193829914e-01	2.485372112917025034e-01	2.485372112917025034e-01	3.960674157303369913e-01	3.703703703703700167e-01	2.238805970149249924e-01	3.090452261306529946e-01	3.236009732360100033e-01	1.730279898218829993e-01	2.485372112917025034e-01	2.485372112917025034e-01	2.485372112917025034e-01	2.485372112917025034e-01	2.485372112917025034e-01	2.717086834733890011e-01	2.607655502392339786e-01	2.485372112917025034e-01	2.485372112917025034e-01	2.485372112917025034e-01	3.707317073170730004e-01	2.485372112917025034e-01	2.485372112917025034e-01	2.485372112917025034e-01	1.226415094339620010e-01	3.509749303621170213e-01	2.485372112917025034e-01	2.175141242937849995e-01	2.485372112917025034e-01	1.289198606271780012e-01	2.964169381107489842e-01	2.485372112917025034e-01	1.466666666666670005e-01	2.485372112917025034e-01	4.606205250596659972e-01	2.485372112917025034e-01	1.192052980132450035e-01	3.351063829787230275e-01	2.485372112917025034e-01	2.098092643051769901e-01	1.766169154228859894e-01	4.046920821114369793e-01	2.095808383233530026e-01	2.706552706552710075e-01	2.485372112917025034e-01	2.582582582582579889e-01	3.393316195372749755e-01	2.485372112917025034e-01	2.307692307692310041e-01	2.485372112917025034e-01	2.485372112917025034e-01	2.339832869080779865e-01	2.485372112917025034e-01	2.860892388451439783e-01	1.184210526315789963e-01	2.485372112917025034e-01	2.485372112917025034e-01	2.446043165467630121e-01	2.485372112917025034e-01	2.009803921568630025e-01	2.371428571428569887e-01	2.485372112917025034e-01	2.485372112917025034e-01	2.485372112917025034e-01	2.485372112917025034e-01	2.485372112917025034e-01	2.485372112917025034e-01	2.485372112917025034e-01	2.485372112917025034e-01	2.485372112917025034e-01	2.485372112917025034e-01	2.485372112917025034e-01	2.485372112917025034e-01	2.485372112917025034e-01	2.719780219780220110e-01	4.289772727272729846e-01	2.477611940298510007e-01	2.485372112917025034e-01	2.685421994884910069e-01	2.485372112917025034e-01	2.530120481927710108e-01	2.485372112917025034e-01	3.420289855072459750e-01	3.247863247863250202e-01	3.655913978494619854e-01	2.485372112917025034e-01	2.485372112917025034e-01	2.947976878612719731e-01	2.485372112917025034e-01	2.690476190476189799e-01	2.435897435897440011e-01	2.485372112917025034e-01	2.259887005649720004e-01
3.983739837398370121e-01	1.931818181818180102e-01	2.485372112917025034e-01	3.209876543209880251e-01	1.704545454545449978e-01	1.976401179941000008e-01	1.239999999999999991e-01	2.485372112917025034e-01	2.485372112917025034e-01	3.270440251572330204e-01	1.000000000000000000e+00	3.312302839116719744e-01	3.031249999999999778e-01	3.583061889250809817e-01	1.467889908256879983e-01	2.485372112917025034e-01	2.485372112917025034e-01	4.527363184079600256e-01	4.926829268292680086e-01	2.485372112917025034e-01	2.485372112917025034e-01	4.659090909090909949e-01	2.485372112917025034e-01	2.485372112917025034e-01	3.745318352059929801e-01	2.485372112917025034e-01	2.485372112917025034e-01	2.485372112917025034e-01	2.955326460481100259e-01	2.485372112917025034e-01	2.485372112917025034e-01	1.124031007751939981e-01	2.485372112917025034e-01	2.485372112917025034e-01	2.377622377622380101e-01	4.468864468864470196e-01	4.249999999999999889e-01	2.320000000000000118e-01	4.013377926421399788e-01	3.313253012048190116e-01	2.485372112917025034e-01	2.485372112917025034e-01	2.485372112917025034e-01	2.359550561797749968e-01	2.485372112917025034e-01	2.485372112917025034e-01	2.438162544169610035e-01	2.485372112917025034e-01	4.663865546218490254e-01	2.485372112917025034e-01	4.848484848484849730e-01	4.110429447852759766e-01	1.192660550458719965e-01	2.519379844961239789e-01	3.223140495867770072e-01	1.805555555555559966e-01	2.485372112917025034e-01	2.485372112917025034e-01	2.485372112917025034e-01	3.392857142857140240e-01	1.044776119402990033e-01	2.485372112917025034e-01	2.485372112917025034e-01	2.485372112917025034e-01	2.901960784313730168e-01	3.010204081632649742e-01	2.485372112917025034e-01	2.485372112917025034e-01	2.145522388059699914e-01	2.485372112917025034e-01	2.485372112917025034e-01	2.485372112917025034e-01	2.485372112917025034e-01	2.485372112917025034e-01	2.485372112917025034e-01	4.451410658307209944e-01	3.782608695652169839e-01	3.828382838283829748e-01	2.485372112917025034e-01	2.485372112917025034e-01	2.485372112917025034e-01	2.485372112917025034e-01	2.485372112917025034e-01	2.485372112917025034e-01	2.485372112917025034e-01	2.485372112917025034e-01	2.485372112917025034e-01	2.684210526315790046e-01	2.261306532663319990e-01	6.333333333333329707e-01	2.485372112917025034e-01	2.537878787878790066e-01	2.485372112917025034e-01	3.053435114503820214e-01	2.485372112917025034e-01	3.154362416107380218e-01	2.485372112917025034e-01	2.485372112917025034e-01	2.781456953642379992e-01	3.238095238095239914e-01	3.582887700534759801e-01	2.485372112917025034e-01	2.485372112917025034e-01	2.485372112917025034e-01	2.485372112917025034e-01	2.485372112917025034e-01	4.169611307420489910e-01	2.200772200772199982e-01	3.741721854304639883e-01	3.177257525083609924e-01	3.641025641025639747e-01	2.485372112917025034e-01	3.931623931623929868e-01	2.485372112917025034e-01	2.485372112917025034e-01	2.485372112917025034e-01	3.739376770538240247e-01	2.608695652173910196e-01	4.122448979591840090e-01	2.485372112917025034e-01	2.676470588235290160e-01	2.485372112917025034e-01	2.485372112917025034e-01	2.485372112917025034e-01
2.485372112917025034e-01	2.196261682242990065e-01	2.485372112917025034e-01	2.485372112917025034e-01	2.485372112917025034e-01	2.485372112917025034e-01	1.432835820895519974e-01	2.530120481927710108e-01	2.485372112917025034e-01	2.485372112917025034e-01	3.312302839116719744e-01	1.000000000000000000e+00	2.485372112917025034e-01	4.786324786324789859e-01	1.210191082802550000e-01	1.784702549575070130e-01	2.485372112917025034e-01	2.485372112917025034e-01	3.783783783783780108e-01	2.485372112917025034e-01	3.948717948717950232e-01	3.971428571428570198e-01	4.297520661157019917e-01	4.619422572178479847e-01	2.485372112917025034e-01	3.143564356435640250e-01	2.485372112917025034e-01	2.566371681415929862e-01	2.773333333333329875e-01	3.453237410071939850e-01	2.485372112917025034e-01	1.242774566473990039e-01	2.485372112917025034e-01	2.485372112917025034e-01	1.906005221932109972e-01	2.485372112917025034e-01	2.485372112917025034e-01	2.485372112917025034e-01	4.119241192411919883e-01	3.333333333333329818e-01	2.036553524804179949e-01	2.025000000000000133e-01	2.485372112917025034e-01	2.485372112917025034e-01	2.485372112917025034e-01	2.485372112917025034e-01	2.485372112917025034e-01	2.485372112917025034e-01	2.485372112917025034e-01	2.703962703962700109e-01	3.387533875338750167e-01	2.485372112917025034e-01	2.485372112917025034e-01	2.648809523809519950e-01	2.339181286549709970e-01	1.121495327102799977e-01	3.509749303621170213e-01	2.485372112917025034e-01	2.492753623188410095e-01	2.485372112917025034e-01	2.485372112917025034e-01	3.178807947019869906e-01	2.485372112917025034e-01	1.466666666666670005e-01	3.510971786833860242e-01	2.485372112917025034e-01	3.834355828220860074e-01	1.304347826086960094e-01	2.806122448979589956e-01	1.578947368421050046e-01	2.333333333333330040e-01	1.914357682619650114e-01	2.485372112917025034e-01	2.205438066465260083e-01	2.485372112917025034e-01	4.973404255319149869e-01	2.485372112917025034e-01	2.485372112917025034e-01	2.849740932642489954e-01	2.485372112917025034e-01	2.485372112917025034e-01	2.485372112917025034e-01	2.485372112917025034e-01	1.856148491879349993e-01	2.928759894459099788e-01	1.258278145695360117e-01	4.290030211480360123e-01	3.676814988290399988e-01	1.571906354515049953e-01	2.485372112917025034e-01	3.101604278074869825e-01	2.485372112917025034e-01	2.485372112917025034e-01	2.032520325203250044e-01	2.485372112917025034e-01	3.798882681564250130e-01	1.954314720812179995e-01	2.485372112917025034e-01	2.485372112917025034e-01	2.240566037735849947e-01	2.485372112917025034e-01	2.732558139534880248e-01	2.857142857142859760e-01	2.485372112917025034e-01	2.485372112917025034e-01	2.485372112917025034e-01	4.089635854341739929e-01	2.861538461538459810e-01	2.485372112917025034e-01	2.685421994884910069e-01	2.485372112917025034e-01	2.485372112917025034e-01	3.459119496855350140e-01	2.485372112917025034e-01	2.567567567567570208e-01	2.485372112917025034e-01	4.076738609112710021e-01	2.485372112917025034e-01	3.413173652694609927e-01	3.739130434782609869e-01	2.485372112917025034e-01	2.597402597402599933e-01	2.485372112917025034e-01	2.485372112917025034e-01
