1.000000000000000000e+00	2.733649170190315392e-01	2.733649170190315392e-01	2.733649170190315392e-01	2.283737024221449974e-01	2.733649170190315392e-01	2.733649170190315392e-01	2.600000000000000089e-01	2.733649170190315392e-01	2.915309446254070180e-01	2.733649170190315392e-01	2.733649170190315392e-01	2.977624784853700191e-01	2.733649170190315392e-01	1.160092807424590033e-01	2.318104906937389909e-01	2.733649170190315392e-01	3.674698795180719735e-01	2.733649170190315392e-01	2.733649170190315392e-01	3.366708385481850252e-01	2.733649170190315392e-01	2.866242038216559873e-01	2.949526813880130049e-01	2.733649170190315392e-01	2.988047808764939806e-01	2.733649170190315392e-01	3.256814921090390169e-01	2.563636363636360160e-01	2.733649170190315392e-01	2.733649170190315392e-01	2.733649170190315392e-01	2.733649170190315392e-01	2.733649170190315392e-01	2.733649170190315392e-01	2.733649170190315392e-01	2.733649170190315392e-01	2.733649170190315392e-01	3.746397694524499777e-01	3.312020460358059970e-01	3.125000000000000000e-01	2.733649170190315392e-01	2.733649170190315392e-01	2.733649170190315392e-01	2.733649170190315392e-01	2.998352553542010246e-01	2.733649170190315392e-01	2.733649170190315392e-01	2.733649170190315392e-01	3.126801152737749834e-01	2.666666666666669960e-01	3.101361573373679903e-01	1.028277634961440035e-01	2.733649170190315392e-01	2.336283185840709875e-01	2.733649170190315392e-01	2.733649170190315392e-01	1.605206073752709905e-01	2.733649170190315392e-01	2.733649170190315392e-01	2.733649170190315392e-01	2.733649170190315392e-01	2.733649170190315392e-01	2.944523470839259804e-01	2.733649170190315392e-01	2.733649170190315392e-01	2.733649170190315392e-01	2.733649170190315392e-01	2.733649170190315392e-01	2.733649170190315392e-01	2.733649170190315392e-01	3.416666666666670071e-01	2.733649170190315392e-01	2.733649170190315392e-01	2.733649170190315392e-01	2.733649170190315392e-01	2.733649170190315392e-01	2.733649170190315392e-01	2.733649170190315392e-01	2.733649170190315392e-01	2.733649170190315392e-01	2.733649170190315392e-01	1.793248945147679907e-01	2.733649170190315392e-01	2.733649170190315392e-01	2.733649170190315392e-01	2.733649170190315392e-01	2.733649170190315392e-01	1.359649122807020105e-01	2.733649170190315392e-01	2.733649170190315392e-01	2.369942196531789891e-01	2.733649170190315392e-01	2.733649170190315392e-01	2.733649170190315392e-01	4.295081967213110197e-01	1.279826464208239922e-01	2.733649170190315392e-01	2.733649170190315392e-01	2.733649170190315392e-01	2.671353251318099864e-01	2.733649170190315392e-01	2.733649170190315392e-01	2.733649170190315392e-01	2.639138240574510075e-01	2.733649170190315392e-01	2.733649170190315392e-01	2.750000000000000222e-01	2.733649170190315392e-01	2.787682333873580109e-01	2.733649170190315392e-01	2.733649170190315392e-01	3.028169014084510224e-01	2.733649170190315392e-01	2.733649170190315392e-01	2.733649170190315392e-01	2.722852512155590210e-01	2.343173431734320022e-01	2.733649170190315392e-01	2.862190812720850075e-01	2.733649170190315392e-01	2.364425162689799964e-01	2.733649170190315392e-01	2.733649170190315392e-01
2.733649170190315392e-01	1.000000000000000000e+00	3.318681318681320214e-01	5.180084745762709719e-01	2.733649170190315392e-01	2.733649170190315392e-01	2.584269662921350186e-01	2.733649170190315392e-01	2.733649170190315392e-01	2.733649170190315392e-01	2.733649170190315392e-01	2.733649170190315392e-01	2.733649170190315392e-01	4.550321199143469997e-01	1.178451178451180026e-01	2.733649170190315392e-01	2.733649170190315392e-01	2.999999999999999889e-01	2.850924918389550200e-01	2.733649170190315392e-01	2.733649170190315392e-01	4.795811518324609724e-01	2.733649170190315392e-01	2.733649170190315392e-01	4.063829787234040092e-01	2.733649170190315392e-01	2.733649170190315392e-01	2.733649170190315392e-01	2.733649170190315392e-01	2.733649170190315392e-01	2.733649170190315392e-01	2.733649170190315392e-01	2.733649170190315392e-01	2.733649170190315392e-01	2.733649170190315392e-01	3.254310344827590074e-01	2.682660850599780100e-01	2.733649170190315392e-01	2.733649170190315392e-01	2.733649170190315392e-01	2.733649170190315392e-01	5.395152792413070442e-01	2.733649170190315392e-01	2.733649170190315392e-01	2.733649170190315392e-01	2.733649170190315392e-01	3.081967213114750193e-01	2.733649170190315392e-01	4.538626609442060200e-01	2.733649170190315392e-01	2.733649170190315392e-01	2.733649170190315392e-01	2.733649170190315392e-01	2.733649170190315392e-01	3.304061470911089926e-01	2.733649170190315392e-01	4.288747346072189770e-01	2.733649170190315392e-01	1.973684210526319982e-01	3.354564755838639889e-01	2.733649170190315392e-01	2.733649170190315392e-01	3.626609442060089727e-01	2.733649170190315392e-01	2.733649170190315392e-01	2.733649170190315392e-01	2.733649170190315392e-01	2.733649170190315392e-01	2.733649170190315392e-01	1.649831649831650093e-01	4.358974358974360142e-01	2.733649170190315392e-01	2.733649170190315392e-01	2.733649170190315392e-01	2.733649170190315392e-01	2.733649170190315392e-01	2.733649170190315392e-01	2.733649170190315392e-01	2.733649170190315392e-01	4.282678002125400174e-01	2.733649170190315392e-01	2.733649170190315392e-01	2.733649170190315392e-01	2.733649170190315392e-01	2.733649170190315392e-01	2.733649170190315392e-01	3.750000000000000000e-01	2.733649170190315392e-01	2.733649170190315392e-01	2.733649170190315392e-01	2.733649170190315392e-01	2.733649170190315392e-01	2.733649170190315392e-01	2.733649170190315392e-01	2.733649170190315392e-01	4.600000000000000200e-01	1.577181208053690109e-01	2.733649170190315392e-01	2.733649170190315392e-01	6.114583333333329929e-01	2.733649170190315392e-01	2.775377969762419794e-01	2.733649170190315392e-01	4.191489361702129823e-01	2.733649170190315392e-01	3.029315960912050132e-01	2.733649170190315392e-01	2.733649170190315392e-01	2.733649170190315392e-01	2.733649170190315392e-01	2.733649170190315392e-01	2.733649170190315392e-01	2.733649170190315392e-01	4.746300211416489834e-01	2.733649170190315392e-01	2.733649170190315392e-01	2.733649170190315392e-01	2.733649170190315392e-01	3.685344827586209959e-01	2.733649170190315392e-01	2.733649170190315392e-01	2.109375000000000000e-01	2.733649170190315392e-01	2.733649170190315392e-01
2.733649170190315392e-01	3.318681318681320214e-01	1.000000000000000000e+00	2.733649170190315392e-01	2.459312839059669964e-01	3.130128956623680070e-01	2.733649170190315392e-01	2.733649170190315392e-01	2.733649170190315392e-01	2.676518883415440198e-01	2.733649170190315392e-01	2.670713201820940075e-01	2.465986394557820038e-01	2.733649170190315392e-01	2.733649170190315392e-01	2.557726465364120183e-01	2.733649170190315392e-01	2.733649170190315392e-01	2.733649170190315392e-01	2.641165755919849811e-01	2.733649170190315392e-01	2.802919708029200097e-01	2.733649170190315392e-01	2.733649170190315392e-01	2.596153846153850253e-01	2.733649170190315392e-01	2.733649170190315392e-01	2.733649170190315392e-01	2.430426716141000087e-01	2.733649170190315392e-01	2.733649170190315392e-01	2.733649170190315392e-01	2.471169686985169867e-01	2.617328519855600111e-01	2.733649170190315392e-01	2.733649170190315392e-01	2.733649170190315392e-01	2.733649170190315392e-01	3.030726256983239941e-01	2.733649170190315392e-01	2.868318122555409966e-01	2.955182072829130036e-01	2.733649170190315392e-01	2.733649170190315392e-01	2.733649170190315392e-01	2.733649170190315392e-01	2.733649170190315392e-01	2.733649170190315392e-01	2.733649170190315392e-01	3.283582089552239958e-01	2.733649170190315392e-01	3.080495356037150079e-01	2.733649170190315392e-01	3.091537132987909886e-01	2.778827977315689868e-01	2.733649170190315392e-01	2.733649170190315392e-01	2.733649170190315392e-01	2.733649170190315392e-01	2.733649170190315392e-01	7.692307692307689959e-02	2.296747967479670083e-01	2.590051457975989790e-01	2.733649170190315392e-01	2.733649170190315392e-01	3.093093093093089996e-01	2.399999999999999911e-01	2.733649170190315392e-01	2.733649170190315392e-01	2.733649170190315392e-01	2.733649170190315392e-01	3.267015706806279951e-01	2.664233576642339729e-01	2.733649170190315392e-01	2.733649170190315392e-01	2.733649170190315392e-01	2.733649170190315392e-01	2.733649170190315392e-01	2.240000000000000047e-01	2.733649170190315392e-01	2.733649170190315392e-01	8.797653958944280650e-03	2.733649170190315392e-01	2.733649170190315392e-01	3.087774294670849740e-01	2.733649170190315392e-01	2.867383512544799951e-01	2.733649170190315392e-01	2.733649170190315392e-01	2.733649170190315392e-01	2.733649170190315392e-01	2.733649170190315392e-01	2.733649170190315392e-01	2.733649170190315392e-01	2.733649170190315392e-01	2.733649170190315392e-01	2.733649170190315392e-01	3.136882129277570042e-01	2.733649170190315392e-01	2.733649170190315392e-01	2.733649170190315392e-01	2.733649170190315392e-01	2.671614100185529805e-01	2.733649170190315392e-01	2.733649170190315392e-01	2.457786116322699943e-01	2.733649170190315392e-01	2.733649170190315392e-01	2.733649170190315392e-01	2.652388797364089723e-01	2.733649170190315392e-01	2.930756843800320088e-01	2.733649170190315392e-01	2.733649170190315392e-01	2.720306513409960214e-01	2.733649170190315392e-01	2.861952861952860028e-01	2.461538461538460010e-01	2.733649170190315392e-01	2.733649170190315392e-01	2.847457627118640255e-01	2.733649170190315392e-01	2.733649170190315392e-01	2.860215053763440207e-01
2.733649170190315392e-01	5.180084745762709719e-01	2.733649170190315392e-01	1.000000000000000000e+00	2.889518413597729762e-01	2.733649170190315392e-01	2.733649170190315392e-01	2.733649170190315392e-01	2.733649170190315392e-01	2.733649170190315392e-01	2.733649170190315392e-01	2.733649170190315392e-01	3.140495867768600124e-01	2.733649170190315392e-01	2.733649170190315392e-01	2.733649170190315392e-01	2.733649170190315392e-01	2.733649170190315392e-01	2.733649170190315392e-01	2.733649170190315392e-01	2.733649170190315392e-01	2.733649170190315392e-01	3.584905660377359915e-01	2.733649170190315392e-01	3.498659517426270238e-01	2.733649170190315392e-01	2.733649170190315392e-01	2.733649170190315392e-01	2.733649170190315392e-01	2.733649170190315392e-01	2.733649170190315392e-01	1.067796610169489957e-01	2.733649170190315392e-01	2.733649170190315392e-01	2.733649170190315392e-01	3.127690100430419728e-01	2.733649170190315392e-01	3.117066290550070118e-01	2.733649170190315392e-01	2.733649170190315392e-01	2.733649170190315392e-01	2.733649170190315392e-01	2.733649170190315392e-01	2.603369065849919783e-01	4.820457018498370272e-01	3.437500000000000000e-01	2.733649170190315392e-01	3.287482806052269835e-01	2.733649170190315392e-01	2.733649170190315392e-01	2.733649170190315392e-01	2.733649170190315392e-01	2.733649170190315392e-01	2.733649170190315392e-01	2.733649170190315392e-01	2.733649170190315392e-01	2.733649170190315392e-01	1.538461538461539935e-01	2.733649170190315392e-01	2.733649170190315392e-01	9.948542024013720675e-02	2.515151515151520245e-01	2.733649170190315392e-01	2.733649170190315392e-01	2.733649170190315392e-01	3.800505050505050275e-01	3.219178082191779811e-01	2.733649170190315392e-01	5.458984375000000000e-01	2.733649170190315392e-01	3.775100401606429901e-01	5.230296827021490014e-01	3.338192419825070090e-01	3.170731707317069881e-01	3.394109396914449794e-01	5.081433224755700362e-01	2.733649170190315392e-01	2.733649170190315392e-01	2.733649170190315392e-01	2.733649170190315392e-01	2.733649170190315392e-01	8.928571428571429811e-03	2.066772655007949877e-01	4.577226606538900011e-01	2.733649170190315392e-01	2.733649170190315392e-01	3.281471004243279865e-01	2.733649170190315392e-01	2.733649170190315392e-01	2.733649170190315392e-01	2.733649170190315392e-01	2.733649170190315392e-01	2.733649170190315392e-01	2.733649170190315392e-01	2.733649170190315392e-01	2.733649170190315392e-01	2.733649170190315392e-01	2.733649170190315392e-01	2.261904761904759975e-01	2.733649170190315392e-01	3.119658119658120232e-01	2.733649170190315392e-01	2.733649170190315392e-01	3.751686909581650187e-01	2.733649170190315392e-01	2.882096069869000132e-01	2.733649170190315392e-01	2.733649170190315392e-01	2.733649170190315392e-01	2.733649170190315392e-01	2.437888198757759972e-01	2.733649170190315392e-01	2.733649170190315392e-01	3.846153846153850253e-01	3.033873343151690105e-01	3.642297650130549846e-01	2.733649170190315392e-01	2.733649170190315392e-01	3.319386331938630197e-01	3.295128939828079750e-01	2.733649170190315392e-01	2.145110410094639986e-01	3.819163292847500002e-01	2.733649170190315392e-01
2.283737024221449974e-01	2.733649170190315392e-01	2.459312839059669964e-01	2.889518413597729762e-01	1.000000000000000000e+00	2.733649170190315392e-01	2.085020242914980004e-01	2.733649170190315392e-01	2.733649170190315392e-01	2.323390894819470087e-01	2.742175856929959799e-01	2.733649170190315392e-01	2.733649170190315392e-01	2.733649170190315392e-01	2.733649170190315392e-01	2.733649170190315392e-01	2.733649170190315392e-01	2.060931899641580134e-01	2.733649170190315392e-01	2.295652173913040051e-01	2.733649170190315392e-01	2.733649170190315392e-01	2.733649170190315392e-01	2.733649170190315392e-01	2.733649170190315392e-01	3.055181695827730026e-01	2.733649170190315392e-01	2.733649170190315392e-01	2.306306306306309950e-01	2.677760968229950245e-01	2.733649170190315392e-01	2.733649170190315392e-01	2.733649170190315392e-01	2.733649170190315392e-01	3.228782287822880015e-01	2.733649170190315392e-01	2.733649170190315392e-01	2.733649170190315392e-01	2.733649170190315392e-01	3.176020408163269804e-01	3.054830287206269923e-01	2.733649170190315392e-01	2.733649170190315392e-01	2.733649170190315392e-01	2.733649170190315392e-01	2.733649170190315392e-01	2.733649170190315392e-01	2.733649170190315392e-01	2.999999999999999889e-01	2.733649170190315392e-01	2.733649170190315392e-01	2.733649170190315392e-01	2.733649170190315392e-01	2.957983193277309852e-01	2.436823104693139896e-01	2.733649170190315392e-01	2.779503105590059864e-01	1.607929515418499988e-01	2.733649170190315392e-01	2.733649170190315392e-01	2.733649170190315392e-01	2.384769539078160083e-01	2.733649170190315392e-01	2.733649170190315392e-01	2.319587628865980022e-01	2.733649170190315392e-01	2.733649170190315392e-01	1.712328767123290074e-01	3.427734375000000000e-01	2.733649170190315392e-01	2.733649170190315392e-01	3.291796469366560229e-01	2.733649170190315392e-01	2.733649170190315392e-01	2.733649170190315392e-01	2.733649170190315392e-01	2.733649170190315392e-01	2.733649170190315392e-01	2.733649170190315392e-01	2.788161993769470159e-01	2.733649170190315392e-01	2.733649170190315392e-01	2.733649170190315392e-01	2.733649170190315392e-01	2.733649170190315392e-01	2.733649170190315392e-01	2.327150084317030077e-01	2.733649170190315392e-01	1.888111888111889958e-01	2.900874635568509996e-01	2.733649170190315392e-01	2.122370936902490124e-01	2.733649170190315392e-01	2.733649170190315392e-01	2.733649170190315392e-01	2.895522388059699748e-01	2.427184466019420006e-01	2.733649170190315392e-01	2.733649170190315392e-01	2.733649170190315392e-01	2.508771929824559765e-01	2.733649170190315392e-01	2.733649170190315392e-01	2.733649170190315392e-01	2.733649170190315392e-01	2.733649170190315392e-01	2.496413199426109897e-01	2.733649170190315392e-01	2.733649170190315392e-01	2.699186991869920171e-01	2.102040816326530004e-01	2.733649170190315392e-01	2.733649170190315392e-01	2.733649170190315392e-01	2.733649170190315392e-01	2.733649170190315392e-01	2.552504038772209771e-01	2.332089552238809926e-01	2.306425041186160041e-01	2.733649170190315392e-01	2.733649170190315392e-01	2.733649170190315392e-01	2.612055641421949792e-01	2.733649170190315392e-01
2.733649170190315392e-01	2.733649170190315392e-01	3.130128956623680070e-01	2.733649170190315392e-01	2.733649170190315392e-01	1.000000000000000000e+00	2.733649170190315392e-01	3.536165327210100129e-01	2.733649170190315392e-01	2.733649170190315392e-01	2.733649170190315392e-01	2.733649170190315392e-01	2.733649170190315392e-01	2.733649170190315392e-01	2.733649170190315392e-01	2.733649170190315392e-01	2.733649170190315392e-01	2.942555685814770006e-01	2.733649170190315392e-01	2.733649170190315392e-01	2.733649170190315392e-01	2.733649170190315392e-01	3.956916099773239992e-01	2.733649170190315392e-01	2.733649170190315392e-01	2.733649170190315392e-01	1.432098765432099907e-01	2.733649170190315392e-01	3.075117370892019864e-01	2.733649170190315392e-01	2.733649170190315392e-01	2.733649170190315392e-01	2.733649170190315392e-01	2.733649170190315392e-01	3.585798816568049885e-01	2.733649170190315392e-01	2.482517482517480056e-01	2.733649170190315392e-01	2.733649170190315392e-01	2.733649170190315392e-01	2.733649170190315392e-01	2.733649170190315392e-01	2.733649170190315392e-01	2.733649170190315392e-01	6.323377960865089742e-01	2.733649170190315392e-01	2.984723854289070277e-01	2.733649170190315392e-01	2.733649170190315392e-01	2.733649170190315392e-01	3.970251716247140128e-01	2.733649170190315392e-01	2.733649170190315392e-01	3.784403669724770158e-01	3.008130081300809944e-01	2.733649170190315392e-01	2.733649170190315392e-01	2.733649170190315392e-01	2.733649170190315392e-01	2.733649170190315392e-01	2.733649170190315392e-01	2.733649170190315392e-01	2.733649170190315392e-01	5.481997677119629930e-01	2.733649170190315392e-01	4.509371554575519747e-01	2.733649170190315392e-01	2.733649170190315392e-01	2.733649170190315392e-01	2.733649170190315392e-01	2.733649170190315392e-01	7.230614300100709491e-01	3.095512082853860147e-01	2.733649170190315392e-01	2.733649170190315392e-01	2.733649170190315392e-01	2.733649170190315392e-01	3.965714285714290188e-01	2.733649170190315392e-01	4.457274826789839883e-01	2.733649170190315392e-01	2.733649170190315392e-01	2.733649170190315392e-01	2.733649170190315392e-01	4.600456621004569979e-01	2.733649170190315392e-01	3.371691599539700102e-01	6.331236897274630238e-01	1.531862745098039880e-01	2.733649170190315392e-01	2.733649170190315392e-01	2.733649170190315392e-01	2.733649170190315392e-01	2.733649170190315392e-01	1.393034825870649862e-01	2.733649170190315392e-01	2.733649170190315392e-01	2.733649170190315392e-01	2.538922155688619897e-01	2.733649170190315392e-01	3.286875725900120226e-01	2.733649170190315392e-01	2.733649170190315392e-01	3.955056179775279790e-01	2.733649170190315392e-01	2.733649170190315392e-01	2.733649170190315392e-01	3.129330254041570170e-01	4.163860830527499890e-01	2.733649170190315392e-01	2.733649170190315392e-01	2.733649170190315392e-01	2.733649170190315392e-01	2.733649170190315392e-01	2.733649170190315392e-01	2.733649170190315392e-01	2.733649170190315392e-01	2.733649170190315392e-01	2.733649170190315392e-01	3.337195828505210016e-01	2.733649170190315392e-01	2.733649170190315392e-01	2.733649170190315392e-01	2.733649170190315392e-01
2.733649170190315392e-01	2.584269662921350186e-01	2.733649170190315392e-01	2.733649170190315392e-01	2.085020242914980004e-01	2.733649170190315392e-01	1.000000000000000000e+00	2.733649170190315392e-01	1.938579654510559913e-01	2.733649170190315392e-01	2.733649170190315392e-01	2.733649170190315392e-01	2.733649170190315392e-01	2.733649170190315392e-01	2.733649170190315392e-01	2.733649170190315392e-01	2.733649170190315392e-01	1.833333333333329873e-01	2.733649170190315392e-01	2.733649170190315392e-01	2.733649170190315392e-01	2.733649170190315392e-01	2.733649170190315392e-01	2.733649170190315392e-01	2.733649170190315392e-01	2.733649170190315392e-01	2.733649170190315392e-01	2.733649170190315392e-01	2.733649170190315392e-01	1.938110749185670001e-01	2.733649170190315392e-01	2.454212454212449934e-01	2.733649170190315392e-01	2.438524590163929917e-01	2.733649170190315392e-01	1.920792079207920000e-01	2.733649170190315392e-01	1.934235976789170086e-01	2.733649170190315392e-01	2.083333333333330095e-01	2.260273972602739878e-01	2.733649170190315392e-01	2.733649170190315392e-01	2.733649170190315392e-01	2.733649170190315392e-01	2.733649170190315392e-01	1.978947368421050124e-01	2.733649170190315392e-01	2.016528925619829882e-01	2.733649170190315392e-01	2.733649170190315392e-01	2.733649170190315392e-01	1.087719298245610061e-01	2.356215213358069938e-01	1.894093686354380024e-01	2.733649170190315392e-01	2.046979865771809959e-01	2.733649170190315392e-01	2.733649170190315392e-01	2.733649170190315392e-01	6.493506493506490118e-02	1.712328767123290074e-01	1.977611940298510118e-01	2.733649170190315392e-01	2.313883299798789872e-01	2.733649170190315392e-01	2.118959107806689945e-01	2.733649170190315392e-01	2.402343750000000000e-01	2.733649170190315392e-01	2.733649170190315392e-01	2.566844919786099855e-01	1.803921568627450123e-01	2.733649170190315392e-01	2.733649170190315392e-01	2.733649170190315392e-01	2.733649170190315392e-01	2.733649170190315392e-01	2.733649170190315392e-01	2.733649170190315392e-01	2.627824019024970204e-01	2.733649170190315392e-01	2.733649170190315392e-01	2.733649170190315392e-01	2.733649170190315392e-01	2.733649170190315392e-01	2.733649170190315392e-01	2.733649170190315392e-01	2.733649170190315392e-01	2.733649170190315392e-01	2.733649170190315392e-01	1.499999999999999944e-01	2.733649170190315392e-01	2.101449275362320124e-01	2.733649170190315392e-01	2.733649170190315392e-01	2.733649170190315392e-01	2.733649170190315392e-01	2.733649170190315392e-01	3.035460992907800248e-01	2.733649170190315392e-01	1.858974358974359864e-01	2.733649170190315392e-01	2.733649170190315392e-01	1.819999999999999951e-01	2.733649170190315392e-01	2.006269592476490060e-01	2.733649170190315392e-01	2.733649170190315392e-01	2.733649170190315392e-01	1.619047619047619957e-01	2.733649170190315392e-01	2.733649170190315392e-01	2.733649170190315392e-01	1.991614255765200014e-01	2.406779661016950067e-01	1.914893617021279915e-01	2.733649170190315392e-01	2.733649170190315392e-01	2.733649170190315392e-01	2.733649170190315392e-01	2.733649170190315392e-01	2.112436115843270013e-01	1.712962962962960023e-01
2.600000000000000089e-01	2.733649170190315392e-01	2.733649170190315392e-01	2.733649170190315392e-01	2.733649170190315392e-01	3.536165327210100129e-01	2.733649170190315392e-01	1.000000000000000000e+00	2.672131147540979801e-01	3.468395461912480160e-01	2.733649170190315392e-01	2.733649170190315392e-01	2.733649170190315392e-01	2.733649170190315392e-01	2.733649170190315392e-01	2.733649170190315392e-01	3.073593073593069991e-01	2.733649170190315392e-01	2.438162544169610035e-01	2.733649170190315392e-01	2.733649170190315392e-01	3.072625698324020216e-01	2.733649170190315392e-01	2.733649170190315392e-01	2.733649170190315392e-01	2.733649170190315392e-01	2.733649170190315392e-01	2.733649170190315392e-01	2.733649170190315392e-01	3.174366616989570122e-01	2.733649170190315392e-01	2.733649170190315392e-01	2.733649170190315392e-01	2.733649170190315392e-01	2.733649170190315392e-01	2.733649170190315392e-01	2.774674115456239876e-01	2.733649170190315392e-01	2.733649170190315392e-01	3.521303258145360160e-01	2.733649170190315392e-01	2.733649170190315392e-01	1.802325581395350096e-01	2.733649170190315392e-01	2.733649170190315392e-01	2.733649170190315392e-01	2.733649170190315392e-01	2.733649170190315392e-01	2.836257309941520033e-01	2.733649170190315392e-01	2.733649170190315392e-01	2.733649170190315392e-01	9.112149532710279998e-02	3.220064724919090016e-01	2.733649170190315392e-01	2.733649170190315392e-01	2.733649170190315392e-01	1.346534653465349951e-01	2.733649170190315392e-01	2.803278688524589723e-01	2.733649170190315392e-01	2.733649170190315392e-01	2.873376623376620032e-01	2.733649170190315392e-01	2.733649170190315392e-01	2.733649170190315392e-01	2.733649170190315392e-01	2.733649170190315392e-01	2.733649170190315392e-01	2.733649170190315392e-01	2.998500749625189754e-01	2.733649170190315392e-01	2.529118136439270081e-01	2.733649170190315392e-01	2.733649170190315392e-01	3.817567567567570208e-01	2.733649170190315392e-01	2.586466165413530138e-01	2.733649170190315392e-01	2.733649170190315392e-01	3.629213483146069841e-01	2.733649170190315392e-01	1.637426900584799949e-01	3.512544802867380023e-01	2.733649170190315392e-01	2.733649170190315392e-01	2.733649170190315392e-01	2.733649170190315392e-01	2.733649170190315392e-01	2.733649170190315392e-01	2.733649170190315392e-01	2.733649170190315392e-01	2.733649170190315392e-01	2.733649170190315392e-01	1.644736842105259944e-01	2.733649170190315392e-01	2.733649170190315392e-01	2.733649170190315392e-01	2.420262664165100108e-01	2.733649170190315392e-01	2.733649170190315392e-01	2.733649170190315392e-01	2.733649170190315392e-01	2.733649170190315392e-01	2.733649170190315392e-01	2.733649170190315392e-01	2.733649170190315392e-01	2.733649170190315392e-01	2.733649170190315392e-01	2.733649170190315392e-01	2.733649170190315392e-01	2.942942942942939899e-01	2.733649170190315392e-01	2.733649170190315392e-01	2.733649170190315392e-01	2.733649170190315392e-01	2.733649170190315392e-01	2.733649170190315392e-01	2.733649170190315392e-01	2.733649170190315392e-01	2.733649170190315392e-01	2.208835341365459892e-01	2.733649170190315392e-01	2.733649170190315392e-01
2.733649170190315392e-01	2.733649170190315392e-01	2.733649170190315392e-01	2.733649170190315392e-01	2.733649170190315392e-01	2.733649170190315392e-01	1.938579654510559913e-01	2.672131147540979801e-01	1.000000000000000000e+00	2.733649170190315392e-01	2.941176470588239833e-01	2.733649170190315392e-01	2.936241610738249963e-01	2.733649170190315392e-01	2.733649170190315392e-01	2.735042735042739759e-01	2.733649170190315392e-01	3.022388059701490159e-01	2.733649170190315392e-01	2.598967297762480033e-01	3.345633456334560218e-01	2.733649170190315392e-01	3.012618296529970263e-01	2.733649170190315392e-01	2.795031055900619732e-01	2.733649170190315392e-01	1.659192825112109915e-01	3.197755960729309899e-01	2.733649170190315392e-01	2.733649170190315392e-01	2.733649170190315392e-01	2.733649170190315392e-01	2.864077669902910239e-01	2.733649170190315392e-01	2.926829268292679975e-01	2.733649170190315392e-01	2.733649170190315392e-01	2.901554404145080257e-01	2.733649170190315392e-01	2.733649170190315392e-01	2.733649170190315392e-01	3.191780821917810096e-01	2.733649170190315392e-01	2.098298676748580061e-01	2.733649170190315392e-01	3.021001615508889793e-01	2.733649170190315392e-01	3.093645484949830160e-01	2.867867867867869847e-01	2.733649170190315392e-01	2.977707006369429976e-01	2.733649170190315392e-01	2.733649170190315392e-01	2.733649170190315392e-01	2.772808586762069982e-01	2.733649170190315392e-01	2.733649170190315392e-01	2.733649170190315392e-01	2.733649170190315392e-01	2.733649170190315392e-01	2.733649170190315392e-01	2.733649170190315392e-01	2.733649170190315392e-01	2.910863509749300193e-01	2.733649170190315392e-01	2.733649170190315392e-01	2.653721682847899888e-01	2.733649170190315392e-01	3.671875000000000000e-01	2.733649170190315392e-01	2.857142857142859760e-01	3.565488565488569850e-01	2.733649170190315392e-01	2.634508348794060151e-01	2.733649170190315392e-01	3.611738148984199870e-01	2.733649170190315392e-01	2.733649170190315392e-01	2.733649170190315392e-01	2.733649170190315392e-01	2.733649170190315392e-01	2.733649170190315392e-01	2.733649170190315392e-01	2.733649170190315392e-01	2.733649170190315392e-01	1.472527472527470072e-01	3.170731707317069881e-01	2.733649170190315392e-01	2.733649170190315392e-01	2.733649170190315392e-01	2.733649170190315392e-01	2.733649170190315392e-01	2.733649170190315392e-01	2.733649170190315392e-01	2.733649170190315392e-01	2.733649170190315392e-01	2.733649170190315392e-01	2.722513089005240139e-01	2.718253968253970254e-01	2.733649170190315392e-01	2.733649170190315392e-01	2.733649170190315392e-01	2.733649170190315392e-01	3.397435897435899799e-01	2.733649170190315392e-01	2.880733944954130266e-01	2.733649170190315392e-01	2.733649170190315392e-01	2.733649170190315392e-01	2.733649170190315392e-01	2.733649170190315392e-01	2.733649170190315392e-01	3.323903818953319877e-01	2.733649170190315392e-01	2.833638025594150123e-01	2.733649170190315392e-01	2.733649170190315392e-01	2.495446265938069952e-01	2.655737704918029740e-01	2.733649170190315392e-01	2.733649170190315392e-01	1.882591093117410019e-01	2.978395061728389970e-01	2.733649170190315392e-01
2.915309446254070180e-01	2.733649170190315392e-01	2.676518883415440198e-01	2.733649170190315392e-01	2.323390894819470087e-01	2.733649170190315392e-01	2.733649170190315392e-01	3.468395461912480160e-01	2.733649170190315392e-01	1.000000000000000000e+00	3.574529667149060064e-01	3.731563421828910099e-01	2.733649170190315392e-01	3.280346820809250108e-01	2.733649170190315392e-01	2.334869431643629978e-01	2.733649170190315392e-01	2.733649170190315392e-01	2.733649170190315392e-01	2.733649170190315392e-01	2.733649170190315392e-01	2.733649170190315392e-01	3.358547655068079840e-01	3.413173652694609927e-01	2.733649170190315392e-01	2.733649170190315392e-01	2.733649170190315392e-01	2.733649170190315392e-01	2.703150912106139780e-01	2.733649170190315392e-01	2.733649170190315392e-01	2.733649170190315392e-01	2.733649170190315392e-01	2.733649170190315392e-01	2.924071082390949927e-01	2.733649170190315392e-01	2.933810375670840020e-01	2.733649170190315392e-01	2.733649170190315392e-01	2.733649170190315392e-01	2.733649170190315392e-01	2.733649170190315392e-01	2.029795158286779866e-01	2.733649170190315392e-01	2.733649170190315392e-01	3.231240428790200236e-01	3.165217391304350203e-01	3.181818181818180102e-01	2.733649170190315392e-01	2.733649170190315392e-01	2.733649170190315392e-01	3.677325581395349818e-01	2.733649170190315392e-01	2.733649170190315392e-01	3.062605752961080063e-01	2.733649170190315392e-01	2.733649170190315392e-01	2.733649170190315392e-01	2.733649170190315392e-01	2.733649170190315392e-01	2.733649170190315392e-01	2.149046793760830132e-01	2.733649170190315392e-01	2.733649170190315392e-01	2.733649170190315392e-01	2.733649170190315392e-01	2.942989214175649737e-01	2.733649170190315392e-01	2.733649170190315392e-01	2.733649170190315392e-01	3.082489146164980043e-01	2.733649170190315392e-01	2.733649170190315392e-01	2.733649170190315392e-01	2.733649170190315392e-01	2.733649170190315392e-01	2.733649170190315392e-01	2.733649170190315392e-01	2.733649170190315392e-01	2.733649170190315392e-01	4.013452914798210092e-01	2.733649170190315392e-01	2.733649170190315392e-01	2.733649170190315392e-01	3.551673944687039897e-01	2.733649170190315392e-01	3.214285714285710083e-01	3.860252004581899987e-01	2.733649170190315392e-01	3.672316384180789872e-01	2.441314553990610037e-01	2.733649170190315392e-01	4.043433298862459946e-01	2.733649170190315392e-01	2.733649170190315392e-01	3.300561797752810111e-01	1.782178217821779875e-01	2.734627831715210067e-01	2.306338028169009902e-01	3.401937046004839815e-01	2.733649170190315392e-01	2.733649170190315392e-01	2.625607779578609802e-01	3.363228699551569778e-01	3.270868824531519836e-01	2.520593080724879975e-01	2.733649170190315392e-01	2.733649170190315392e-01	2.733649170190315392e-01	3.231240428790200236e-01	2.733649170190315392e-01	2.733649170190315392e-01	3.568521031207599892e-01	3.721264367816090046e-01	2.666666666666669960e-01	2.733649170190315392e-01	2.733649170190315392e-01	2.733649170190315392e-01	2.733649170190315392e-01	2.733649170190315392e-01	2.733649170190315392e-01	2.733649170190315392e-01	2.733649170190315392e-01	2.370766488413549866e-01
2.733649170190315392e-01	2.733649170190315392e-01	2.733649170190315392e-01	2.733649170190315392e-01	2.742175856929959799e-01	2.733649170190315392e-01	2.733649170190315392e-01	2.733649170190315392e-01	2.941176470588239833e-01	3.574529667149060064e-01	1.000000000000000000e+00	2.733649170190315392e-01	2.733649170190315392e-01	3.364864864864859917e-01	2.733649170190315392e-01	2.733649170190315392e-01	2.733649170190315392e-01	3.301127214170689883e-01	3.449419568822549853e-01	2.733649170190315392e-01	4.389086595492289744e-01	3.851261620185920109e-01	3.791606367583210124e-01	2.733649170190315392e-01	2.733649170190315392e-01	4.125786163522009997e-01	2.733649170190315392e-01	4.010484927916119768e-01	2.733649170190315392e-01	3.763888888888889950e-01	3.452566096423019815e-01	2.733649170190315392e-01	3.166904422253919993e-01	2.733649170190315392e-01	2.850812407680949900e-01	3.543307086614170265e-01	2.733649170190315392e-01	2.733649170190315392e-01	3.964421855146120222e-01	2.733649170190315392e-01	3.858173076923079869e-01	3.637500000000000178e-01	1.680261011419250106e-01	2.733649170190315392e-01	2.733649170190315392e-01	2.733649170190315392e-01	2.733649170190315392e-01	2.733649170190315392e-01	4.011379800853490107e-01	2.733649170190315392e-01	2.733649170190315392e-01	3.717774762550880019e-01	8.301886792452829733e-02	3.469387755102040227e-01	3.156249999999999889e-01	2.733649170190315392e-01	2.733649170190315392e-01	1.544991511035649911e-01	2.733649170190315392e-01	3.058823529411759945e-01	8.719851576994429310e-02	2.733649170190315392e-01	4.240506329113920003e-01	3.577863577863579780e-01	2.733649170190315392e-01	3.766578249336869910e-01	2.733649170190315392e-01	2.733649170190315392e-01	4.921875000000000000e-01	2.733649170190315392e-01	2.733649170190315392e-01	4.773195876288660044e-01	2.733649170190315392e-01	2.733649170190315392e-01	3.353115727002969892e-01	2.733649170190315392e-01	2.733649170190315392e-01	2.733649170190315392e-01	2.733649170190315392e-01	2.733649170190315392e-01	2.733649170190315392e-01	2.733649170190315392e-01	2.733649170190315392e-01	2.733649170190315392e-01	3.787878787878790066e-01	1.403508771929820043e-01	2.733649170190315392e-01	2.733649170190315392e-01	2.733649170190315392e-01	2.733649170190315392e-01	2.733649170190315392e-01	2.733649170190315392e-01	2.733649170190315392e-01	2.733649170190315392e-01	2.733649170190315392e-01	2.733649170190315392e-01	2.733649170190315392e-01	3.103975535168200239e-01	2.733649170190315392e-01	2.733649170190315392e-01	2.733649170190315392e-01	2.733649170190315392e-01	2.733649170190315392e-01	2.733649170190315392e-01	2.733649170190315392e-01	2.733649170190315392e-01	2.733649170190315392e-01	2.936746987951809884e-01	2.733649170190315392e-01	2.733649170190315392e-01	2.371475953565509998e-01	2.733649170190315392e-01	2.733649170190315392e-01	2.733649170190315392e-01	2.808641975308640015e-01	2.733649170190315392e-01	2.733649170190315392e-01	2.733649170190315392e-01	3.005780346820809967e-01	3.227272727272729735e-01	2.733649170190315392e-01	2.057335581787519962e-01	2.733649170190315392e-01	2.733649170190315392e-01
2.733649170190315392e-01	2.733649170190315392e-01	2.670713201820940075e-01	2.733649170190315392e-01	2.733649170190315392e-01	2.733649170190315392e-01	2.733649170190315392e-01	2.733649170190315392e-01	2.733649170190315392e-01	3.731563421828910099e-01	2.733649170190315392e-01	1.000000000000000000e+00	2.733649170190315392e-01	4.028571428571430246e-01	2.733649170190315392e-01	2.733649170190315392e-01	3.594594594594590076e-01	2.733649170190315392e-01	2.733649170190315392e-01	2.733649170190315392e-01	2.733649170190315392e-01	2.733649170190315392e-01	2.733649170190315392e-01	2.733649170190315392e-01	2.733649170190315392e-01	2.733649170190315392e-01	2.733649170190315392e-01	2.733649170190315392e-01	2.733649170190315392e-01	2.733649170190315392e-01	2.733649170190315392e-01	9.444444444444440034e-02	3.256150506512299758e-01	2.733649170190315392e-01	3.075757575757580020e-01	2.733649170190315392e-01	2.733649170190315392e-01	2.878338278931750205e-01	2.733649170190315392e-01	2.733649170190315392e-01	2.733649170190315392e-01	2.733649170190315392e-01	2.733649170190315392e-01	2.733649170190315392e-01	2.733649170190315392e-01	2.733649170190315392e-01	2.733649170190315392e-01	2.733649170190315392e-01	2.733649170190315392e-01	2.733649170190315392e-01	2.733649170190315392e-01	3.886583679114800072e-01	2.733649170190315392e-01	2.733649170190315392e-01	2.733649170190315392e-01	2.733649170190315392e-01	3.647887323943659887e-01	1.445578231292519999e-01	2.733649170190315392e-01	2.733649170190315392e-01	2.733649170190315392e-01	2.402597402597400067e-01	2.733649170190315392e-01	2.733649170190315392e-01	2.733649170190315392e-01	2.733649170190315392e-01	2.733649170190315392e-01	2.733649170190315392e-01	2.733649170190315392e-01	2.733649170190315392e-01	2.733649170190315392e-01	2.733649170190315392e-01	3.691813804173350033e-01	2.733649170190315392e-01	2.684659090909090051e-01	2.733649170190315392e-01	2.998544395924310213e-01	2.733649170190315392e-01	2.733649170190315392e-01	2.733649170190315392e-01	4.556541019955649974e-01	2.733649170190315392e-01	2.733649170190315392e-01	4.149425287356319769e-01	2.733649170190315392e-01	2.733649170190315392e-01	2.733649170190315392e-01	2.733649170190315392e-01	2.733649170190315392e-01	2.733649170190315392e-01	2.960725075528700123e-01	2.560386473429949739e-01	4.544524053224159865e-01	3.035460992907800248e-01	2.733649170190315392e-01	2.733649170190315392e-01	2.733649170190315392e-01	2.733649170190315392e-01	2.733649170190315392e-01	3.912009512485140061e-01	2.733649170190315392e-01	2.813990461049279967e-01	2.733649170190315392e-01	2.733649170190315392e-01	2.733649170190315392e-01	2.759689922480619839e-01	2.733649170190315392e-01	3.007633587786259777e-01	3.438789546079780157e-01	3.592375366568920092e-01	2.733649170190315392e-01	2.733649170190315392e-01	2.733649170190315392e-01	4.378531073446330080e-01	2.733649170190315392e-01	2.733649170190315392e-01	2.733649170190315392e-01	2.733649170190315392e-01	2.733649170190315392e-01	2.733649170190315392e-01	2.733649170190315392e-01	2.733649170190315392e-01	2.733649170190315392e-01	2.733649170190315392e-01
