1.000000000000000000e+00	3.461538461538459788e-01	3.978494623655909890e-01	3.461538461538459788e-01	3.461538461538459788e-01	3.461538461538459788e-01	3.461538461538459788e-01	3.461538461538459788e-01	3.461538461538459788e-01	3.461538461538459788e-01	3.461538461538459788e-01	3.461538461538459788e-01	4.273504273504269979e-01	3.461538461538459788e-01	3.461538461538459788e-01	3.461538461538459788e-01	3.529411764705879806e-01	6.875000000000000000e-01	3.461538461538459788e-01	3.461538461538459788e-01	4.537815126050420145e-01	4.745762711864410233e-01	4.666666666666670071e-01	3.461538461538459788e-01	3.461538461538459788e-01	3.357142857142860204e-01	3.461538461538459788e-01	3.461538461538459788e-01	3.461538461538459788e-01	3.461538461538459788e-01	3.461538461538459788e-01	3.461538461538459788e-01	4.154929577464789858e-01	3.461538461538459788e-01	3.333333333333329818e-01	6.129032258064519567e-01	3.461538461538459788e-01	3.831775700934579865e-01	5.000000000000000000e-01	3.461538461538459788e-01	3.461538461538459788e-01	3.444444444444439979e-01	3.461538461538459788e-01	3.461538461538459788e-01	3.461538461538459788e-01	3.461538461538459788e-01	3.461538461538459788e-01	3.461538461538459788e-01	3.461538461538459788e-01	3.461538461538459788e-01	3.461538461538459788e-01	3.461538461538459788e-01	3.461538461538459788e-01	3.207547169811320042e-01	3.461538461538459788e-01	3.461538461538459788e-01	4.382022471910109740e-01	3.461538461538459788e-01	3.461538461538459788e-01	3.461538461538459788e-01	1.489361702127660059e-01	3.461538461538459788e-01	3.461538461538459788e-01	3.461538461538459788e-01	3.461538461538459788e-01	3.461538461538459788e-01	5.060240963855420215e-01	3.461538461538459788e-01	3.461538461538459788e-01	3.297872340425530013e-01	2.941176470588239833e-01	3.461538461538459788e-01	3.703703703703700167e-01	3.461538461538459788e-01	3.839285714285710083e-01	4.369747899159659998e-01	3.461538461538459788e-01	3.461538461538459788e-01	3.461538461538459788e-01	3.461538461538459788e-01	5.888888888888890172e-01	3.461538461538459788e-01	5.370370370370369795e-01	3.461538461538459788e-01	5.164835164835169801e-01	3.461538461538459788e-01	3.461538461538459788e-01	3.461538461538459788e-01	3.461538461538459788e-01	3.461538461538459788e-01	3.461538461538459788e-01	3.461538461538459788e-01	3.461538461538459788e-01	3.461538461538459788e-01	3.461538461538459788e-01	5.833333333333330373e-01	3.461538461538459788e-01	3.461538461538459788e-01	3.461538461538459788e-01	3.461538461538459788e-01	3.461538461538459788e-01	3.461538461538459788e-01	3.461538461538459788e-01	6.363636363636360205e-01	3.461538461538459788e-01	3.461538461538459788e-01	4.339622641509430223e-01	3.461538461538459788e-01	3.461538461538459788e-01	3.461538461538459788e-01	3.461538461538459788e-01	3.461538461538459788e-01	3.461538461538459788e-01	7.954545454545449701e-01	3.461538461538459788e-01	5.106382978723400523e-01	3.461538461538459788e-01	3.461538461538459788e-01	3.461538461538459788e-01	3.461538461538459788e-01	3.461538461538459788e-01	3.461538461538459788e-01	3.461538461538459788e-01	3.555555555555560132e-01
3.461538461538459788e-01	1.000000000000000000e+00	3.461538461538459788e-01	3.461538461538459788e-01	3.461538461538459788e-01	3.461538461538459788e-01	6.883116883116879858e-01	3.461538461538459788e-01	4.859813084112150072e-01	3.461538461538459788e-01	3.617021276595739909e-01	3.461538461538459788e-01	3.461538461538459788e-01	3.461538461538459788e-01	3.461538461538459788e-01	3.461538461538459788e-01	3.461538461538459788e-01	3.461538461538459788e-01	3.461538461538459788e-01	3.461538461538459788e-01	3.461538461538459788e-01	3.461538461538459788e-01	3.461538461538459788e-01	3.461538461538459788e-01	4.711538461538459788e-01	3.194444444444439757e-01	3.461538461538459788e-01	3.711340206185569923e-01	3.461538461538459788e-01	3.461538461538459788e-01	3.461538461538459788e-01	3.461538461538459788e-01	3.161290322580639911e-01	3.461538461538459788e-01	3.461538461538459788e-01	3.461538461538459788e-01	3.461538461538459788e-01	2.689075630252100169e-01	3.461538461538459788e-01	3.461538461538459788e-01	3.461538461538459788e-01	3.461538461538459788e-01	3.461538461538459788e-01	5.728155339805820478e-01	3.461538461538459788e-01	3.461538461538459788e-01	3.461538461538459788e-01	3.461538461538459788e-01	3.461538461538459788e-01	2.764227642276420038e-01	3.461538461538459788e-01	3.461538461538459788e-01	3.513513513513509823e-01	4.895833333333329818e-01	3.461538461538459788e-01	3.461538461538459788e-01	3.461538461538459788e-01	3.461538461538459788e-01	3.461538461538459788e-01	3.461538461538459788e-01	3.461538461538459788e-01	3.461538461538459788e-01	3.461538461538459788e-01	4.691358024691359985e-01	3.461538461538459788e-01	2.517006802721090120e-01	2.673267326732670091e-01	3.461538461538459788e-01	4.080459770114939766e-01	3.461538461538459788e-01	3.461538461538459788e-01	4.749999999999999778e-01	3.461538461538459788e-01	3.975903614457830249e-01	3.461538461538459788e-01	3.461538461538459788e-01	3.461538461538459788e-01	3.461538461538459788e-01	3.461538461538459788e-01	6.888888888888889950e-01	3.461538461538459788e-01	3.461538461538459788e-01	3.461538461538459788e-01	6.629213483146070285e-01	3.823529411764710062e-01	3.461538461538459788e-01	3.461538461538459788e-01	3.461538461538459788e-01	3.461538461538459788e-01	3.269230769230769829e-01	3.461538461538459788e-01	3.461538461538459788e-01	9.487179487179490112e-01	3.461538461538459788e-01	3.461538461538459788e-01	3.461538461538459788e-01	4.382022471910109740e-01	3.461538461538459788e-01	3.461538461538459788e-01	6.091954022988510520e-01	3.461538461538459788e-01	3.461538461538459788e-01	3.461538461538459788e-01	5.775862068965520457e-01	3.461538461538459788e-01	3.461538461538459788e-01	2.916666666666670182e-01	3.461538461538459788e-01	4.180327868852459772e-01	3.461538461538459788e-01	3.461538461538459788e-01	3.461538461538459788e-01	3.461538461538459788e-01	6.262626262626259654e-01	2.734375000000000000e-01	3.461538461538459788e-01	3.461538461538459788e-01	3.461538461538459788e-01	4.680851063829790104e-01	2.638888888888890061e-01	3.461538461538459788e-01	2.839506172839509901e-01	3.461538461538459788e-01	3.461538461538459788e-01
3.978494623655909890e-01	3.461538461538459788e-01	1.000000000000000000e+00	3.461538461538459788e-01	4.705882352941179736e-01	3.461538461538459788e-01	4.197530864197530076e-01	6.250000000000000000e-01	3.461538461538459788e-01	3.461538461538459788e-01	3.461538461538459788e-01	3.543307086614170265e-01	3.461538461538459788e-01	3.461538461538459788e-01	2.000000000000000111e-01	3.461538461538459788e-01	3.461538461538459788e-01	3.461538461538459788e-01	3.461538461538459788e-01	5.205479452054789791e-01	4.504504504504500129e-01	3.461538461538459788e-01	3.461538461538459788e-01	4.947368421052629750e-01	3.461538461538459788e-01	3.461538461538459788e-01	2.692307692307689959e-01	3.461538461538459788e-01	3.846153846153850253e-01	3.461538461538459788e-01	3.461538461538459788e-01	3.461538461538459788e-01	3.461538461538459788e-01	3.461538461538459788e-01	3.461538461538459788e-01	5.333333333333329929e-01	3.461538461538459788e-01	3.461538461538459788e-01	3.461538461538459788e-01	4.094488188976380116e-01	3.461538461538459788e-01	3.461538461538459788e-01	3.461538461538459788e-01	3.461538461538459788e-01	3.461538461538459788e-01	3.505154639175260267e-01	3.461538461538459788e-01	5.000000000000000000e-01	4.047619047619049892e-01	3.461538461538459788e-01	4.565217391304349781e-01	3.461538461538459788e-01	3.461538461538459788e-01	3.461538461538459788e-01	3.461538461538459788e-01	2.459016393442620130e-01	3.461538461538459788e-01	3.461538461538459788e-01	3.461538461538459788e-01	4.337349397590359867e-01	2.000000000000000111e-01	4.925373134328360214e-01	3.461538461538459788e-01	3.461538461538459788e-01	3.461538461538459788e-01	3.461538461538459788e-01	3.461538461538459788e-01	2.542372881355929870e-01	2.921348314606739827e-01	4.868421052631580204e-01	3.461538461538459788e-01	3.461538461538459788e-01	3.461538461538459788e-01	3.461538461538459788e-01	3.119266055045870067e-01	5.000000000000000000e-01	5.000000000000000000e-01	3.461538461538459788e-01	3.409090909090909949e-01	3.461538461538459788e-01	3.461538461538459788e-01	3.461538461538459788e-01	3.628318584070799879e-01	3.461538461538459788e-01	3.461538461538459788e-01	2.542372881355929870e-01	3.461538461538459788e-01	2.756410256410259940e-01	5.468750000000000000e-01	3.461538461538459788e-01	3.461538461538459788e-01	3.461538461538459788e-01	3.461538461538459788e-01	3.461538461538459788e-01	3.461538461538459788e-01	4.583333333333329818e-01	3.461538461538459788e-01	3.461538461538459788e-01	3.461538461538459788e-01	3.461538461538459788e-01	3.461538461538459788e-01	3.461538461538459788e-01	3.461538461538459788e-01	4.237288135593220151e-01	4.175824175824179862e-01	3.461538461538459788e-01	3.461538461538459788e-01	3.461538461538459788e-01	3.277310924369750134e-01	4.226804123711340178e-01	3.461538461538459788e-01	3.461538461538459788e-01	3.461538461538459788e-01	3.461538461538459788e-01	3.097345132743359875e-01	3.461538461538459788e-01	2.777777777777780122e-01	4.257425742574260097e-01	3.461538461538459788e-01	4.273504273504269979e-01	3.407407407407410105e-01	3.461538461538459788e-01	3.461538461538459788e-01	3.461538461538459788e-01
3.461538461538459788e-01	3.461538461538459788e-01	3.461538461538459788e-01	1.000000000000000000e+00	3.461538461538459788e-01	3.461538461538459788e-01	3.461538461538459788e-01	4.509803921568629748e-01	4.344262295081969816e-01	3.461538461538459788e-01	4.545454545454549744e-01	3.461538461538459788e-01	3.461538461538459788e-01	3.184713375796179857e-01	3.461538461538459788e-01	3.565217391304350003e-01	3.461538461538459788e-01	3.461538461538459788e-01	3.461538461538459788e-01	3.461538461538459788e-01	3.461538461538459788e-01	3.461538461538459788e-01	3.461538461538459788e-01	3.461538461538459788e-01	3.461538461538459788e-01	3.461538461538459788e-01	3.461538461538459788e-01	3.461538461538459788e-01	3.461538461538459788e-01	3.461538461538459788e-01	3.461538461538459788e-01	3.461538461538459788e-01	3.461538461538459788e-01	3.461538461538459788e-01	3.461538461538459788e-01	3.461538461538459788e-01	3.461538461538459788e-01	3.461538461538459788e-01	3.517241379310340199e-01	3.461538461538459788e-01	3.461538461538459788e-01	3.461538461538459788e-01	3.055555555555560243e-01	4.239999999999999880e-01	3.461538461538459788e-01	3.461538461538459788e-01	4.649122807017539993e-01	3.461538461538459788e-01	3.461538461538459788e-01	3.461538461538459788e-01	3.461538461538459788e-01	3.461538461538459788e-01	3.461538461538459788e-01	4.454545454545449923e-01	3.461538461538459788e-01	3.461538461538459788e-01	3.461538461538459788e-01	3.461538461538459788e-01	3.070866141732280230e-01	3.157894736842110084e-01	3.461538461538459788e-01	3.461538461538459788e-01	3.461538461538459788e-01	3.461538461538459788e-01	3.461538461538459788e-01	3.461538461538459788e-01	4.257425742574260097e-01	3.461538461538459788e-01	3.248730964466999827e-01	3.461538461538459788e-01	3.461538461538459788e-01	1.355932203389829949e-01	3.461538461538459788e-01	3.461538461538459788e-01	3.461538461538459788e-01	3.461538461538459788e-01	3.461538461538459788e-01	3.461538461538459788e-01	3.461538461538459788e-01	4.358974358974360142e-01	3.499999999999999778e-01	3.461538461538459788e-01	3.028169014084510224e-01	3.461538461538459788e-01	4.537037037037039977e-01	3.461538461538459788e-01	3.461538461538459788e-01	3.461538461538459788e-01	3.684210526315789824e-01	3.461538461538459788e-01	3.461538461538459788e-01	3.382352941176470229e-01	3.461538461538459788e-01	3.461538461538459788e-01	3.461538461538459788e-01	4.491525423728809918e-01	3.461538461538459788e-01	3.461538461538459788e-01	4.000000000000000222e-01	3.461538461538459788e-01	3.461538461538459788e-01	3.461538461538459788e-01	4.029850746268660022e-01	3.461538461538459788e-01	3.461538461538459788e-01	4.015151515151509920e-01	3.461538461538459788e-01	3.461538461538459788e-01	3.461538461538459788e-01	3.461538461538459788e-01	3.461538461538459788e-01	3.461538461538459788e-01	3.461538461538459788e-01	3.461538461538459788e-01	3.461538461538459788e-01	3.461538461538459788e-01	3.461538461538459788e-01	3.461538461538459788e-01	3.162393162393160040e-01	3.461538461538459788e-01	3.461538461538459788e-01	3.461538461538459788e-01	3.461538461538459788e-01	3.461538461538459788e-01
3.461538461538459788e-01	3.461538461538459788e-01	4.705882352941179736e-01	3.461538461538459788e-01	1.000000000000000000e+00	5.108695652173910196e-01	3.461538461538459788e-01	3.461538461538459788e-01	4.519230769230769829e-01	3.461538461538459788e-01	4.634146341463409868e-01	3.461538461538459788e-01	2.959999999999999853e-01	3.357664233576639901e-01	3.461538461538459788e-01	3.461538461538459788e-01	3.461538461538459788e-01	3.461538461538459788e-01	2.500000000000000000e-01	3.111111111111110050e-01	3.461538461538459788e-01	5.794392523364489955e-01	3.461538461538459788e-01	3.461538461538459788e-01	3.461538461538459788e-01	3.461538461538459788e-01	3.461538461538459788e-01	4.705882352941179736e-01	3.711340206185569923e-01	3.461538461538459788e-01	3.461538461538459788e-01	3.461538461538459788e-01	3.461538461538459788e-01	3.461538461538459788e-01	3.461538461538459788e-01	4.356435643564359750e-01	3.461538461538459788e-01	3.461538461538459788e-01	3.461538461538459788e-01	3.461538461538459788e-01	3.409090909090909949e-01	3.461538461538459788e-01	3.461538461538459788e-01	6.739130434782609758e-01	3.461538461538459788e-01	3.461538461538459788e-01	3.461538461538459788e-01	5.660377358490570332e-01	3.461538461538459788e-01	3.461538461538459788e-01	3.461538461538459788e-01	3.461538461538459788e-01	3.461538461538459788e-01	3.461538461538459788e-01	3.846153846153850253e-01	2.028985507246379993e-01	3.461538461538459788e-01	2.000000000000000111e-01	3.461538461538459788e-01	3.461538461538459788e-01	1.704545454545449978e-01	3.717948717948719728e-01	3.861386138613859820e-01	3.461538461538459788e-01	4.883720930232560153e-01	3.461538461538459788e-01	3.461538461538459788e-01	3.461538461538459788e-01	3.461538461538459788e-01	3.461538461538459788e-01	3.461538461538459788e-01	3.461538461538459788e-01	3.461538461538459788e-01	4.210526315789470120e-01	3.461538461538459788e-01	3.606557377049179891e-01	3.461538461538459788e-01	3.461538461538459788e-01	3.461538461538459788e-01	5.319148936170210451e-01	4.375000000000000000e-01	3.461538461538459788e-01	3.461538461538459788e-01	3.461538461538459788e-01	3.461538461538459788e-01	3.461538461538459788e-01	3.461538461538459788e-01	3.461538461538459788e-01	3.461538461538459788e-01	3.461538461538459788e-01	3.461538461538459788e-01	2.440944881889759999e-01	3.461538461538459788e-01	3.461538461538459788e-01	3.461538461538459788e-01	3.461538461538459788e-01	3.461538461538459788e-01	2.897196261682239982e-01	3.461538461538459788e-01	3.461538461538459788e-01	3.461538461538459788e-01	3.461538461538459788e-01	3.461538461538459788e-01	3.461538461538459788e-01	3.461538461538459788e-01	2.290076335877860025e-01	2.782608695652170061e-01	3.461538461538459788e-01	3.461538461538459788e-01	4.646464646464649739e-01	3.461538461538459788e-01	3.461538461538459788e-01	3.958333333333329818e-01	3.660714285714289917e-01	3.461538461538459788e-01	3.461538461538459788e-01	3.461538461538459788e-01	3.461538461538459788e-01	3.461538461538459788e-01	2.428571428571429935e-01	3.461538461538459788e-01	3.461538461538459788e-01	3.469387755102040227e-01	3.928571428571430157e-01
3.461538461538459788e-01	3.461538461538459788e-01	3.461538461538459788e-01	3.461538461538459788e-01	5.108695652173910196e-01	1.000000000000000000e+00	3.461538461538459788e-01	3.936170212765959797e-01	5.192307692307690514e-01	3.461538461538459788e-01	3.461538461538459788e-01	3.461538461538459788e-01	3.461538461538459788e-01	3.461538461538459788e-01	3.461538461538459788e-01	3.461538461538459788e-01	3.461538461538459788e-01	3.564356435643559751e-01	2.828282828282829842e-01	3.020833333333329818e-01	3.358778625954200181e-01	3.461538461538459788e-01	3.461538461538459788e-01	4.181818181818179880e-01	3.461538461538459788e-01	3.461538461538459788e-01	3.461538461538459788e-01	3.894736842105260277e-01	3.461538461538459788e-01	3.461538461538459788e-01	5.977011494252869594e-01	5.753424657534249587e-01	3.461538461538459788e-01	3.461538461538459788e-01	3.461538461538459788e-01	4.205607476635510045e-01	3.461538461538459788e-01	2.711864406779659897e-01	3.461538461538459788e-01	3.461538461538459788e-01	3.461538461538459788e-01	5.569620253164559998e-01	3.902439024390240152e-01	3.461538461538459788e-01	3.461538461538459788e-01	2.831858407079649864e-01	3.461538461538459788e-01	5.585585585585589596e-01	3.461538461538459788e-01	3.461538461538459788e-01	4.230769230769230171e-01	3.461538461538459788e-01	3.461538461538459788e-01	4.343434343434339762e-01	3.461538461538459788e-01	2.328767123287669993e-01	3.461538461538459788e-01	3.461538461538459788e-01	3.461538461538459788e-01	3.461538461538459788e-01	3.461538461538459788e-01	3.571428571428569843e-01	3.461538461538459788e-01	5.945945945945949607e-01	3.461538461538459788e-01	2.534246575342469776e-01	3.461538461538459788e-01	2.054794520547950087e-01	4.104046242774569975e-01	3.461538461538459788e-01	3.448275862068970188e-01	3.461538461538459788e-01	3.461538461538459788e-01	4.024390243902439823e-01	3.461538461538459788e-01	3.461538461538459788e-01	3.645833333333329818e-01	3.461538461538459788e-01	3.741007194244599932e-01	3.461538461538459788e-01	7.469879518072289892e-01	3.461538461538459788e-01	3.461538461538459788e-01	8.148148148148149916e-01	3.861386138613859820e-01	3.461538461538459788e-01	3.461538461538459788e-01	3.461538461538459788e-01	4.303797468354430000e-01	3.461538461538459788e-01	3.461538461538459788e-01	2.692307692307689959e-01	8.641975308641970388e-01	3.461538461538459788e-01	3.461538461538459788e-01	3.461538461538459788e-01	3.461538461538459788e-01	2.719298245614040210e-01	5.643564356435639695e-01	3.461538461538459788e-01	3.461538461538459788e-01	3.461538461538459788e-01	3.461538461538459788e-01	3.461538461538459788e-01	3.461538461538459788e-01	3.461538461538459788e-01	3.050847457627119952e-01	3.461538461538459788e-01	3.461538461538459788e-01	4.757281553398060026e-01	4.137931034482760229e-01	3.461538461538459788e-01	3.461538461538459788e-01	3.461538461538459788e-01	2.755905511811019837e-01	3.461538461538459788e-01	2.147239263803679965e-01	3.461538461538459788e-01	3.461538461538459788e-01	3.461538461538459788e-01	2.341772151898730003e-01	3.461538461538459788e-01	3.461538461538459788e-01	3.461538461538459788e-01
3.461538461538459788e-01	6.883116883116879858e-01	4.197530864197530076e-01	3.461538461538459788e-01	3.461538461538459788e-01	3.461538461538459788e-01	1.000000000000000000e+00	4.074074074074069962e-01	3.461538461538459788e-01	2.043795620437960092e-01	3.461538461538459788e-01	3.461538461538459788e-01	3.461538461538459788e-01	3.461538461538459788e-01	3.461538461538459788e-01	3.461538461538459788e-01	3.461538461538459788e-01	3.461538461538459788e-01	3.414634146341459786e-01	3.461538461538459788e-01	3.461538461538459788e-01	3.461538461538459788e-01	3.461538461538459788e-01	4.329896907216500002e-01	4.673913043478259977e-01	3.461538461538459788e-01	3.461538461538459788e-01	3.461538461538459788e-01	6.849315068493150305e-01	3.260869565217390242e-01	3.461538461538459788e-01	3.461538461538459788e-01	3.381294964028779826e-01	3.461538461538459788e-01	3.888888888888890061e-01	3.461538461538459788e-01	3.333333333333329818e-01	3.461538461538459788e-01	3.461538461538459788e-01	3.461538461538459788e-01	3.461538461538459788e-01	3.461538461538459788e-01	3.461538461538459788e-01	5.000000000000000000e-01	3.461538461538459788e-01	3.473684210526319927e-01	3.461538461538459788e-01	3.461538461538459788e-01	3.461538461538459788e-01	3.461538461538459788e-01	3.461538461538459788e-01	3.461538461538459788e-01	3.461538461538459788e-01	4.534883720930230067e-01	3.461538461538459788e-01	3.461538461538459788e-01	2.988505747126439793e-01	2.542372881355929870e-01	3.461538461538459788e-01	3.461538461538459788e-01	3.461538461538459788e-01	4.264705882352939903e-01	4.444444444444439757e-01	3.461538461538459788e-01	3.461538461538459788e-01	3.461538461538459788e-01	3.461538461538459788e-01	2.456140350877190071e-01	3.461538461538459788e-01	3.461538461538459788e-01	4.329896907216500002e-01	3.461538461538459788e-01	3.461538461538459788e-01	4.848484848484849730e-01	3.461538461538459788e-01	3.461538461538459788e-01	3.461538461538459788e-01	2.017543859649119919e-01	3.461538461538459788e-01	3.461538461538459788e-01	3.461538461538459788e-01	3.461538461538459788e-01	3.461538461538459788e-01	4.444444444444439757e-01	3.461538461538459788e-01	3.461538461538459788e-01	5.555555555555560243e-01	3.461538461538459788e-01	3.461538461538459788e-01	3.483146067415729963e-01	3.461538461538459788e-01	2.758620689655170155e-01	3.461538461538459788e-01	3.461538461538459788e-01	4.303797468354430000e-01	5.222222222222220323e-01	3.461538461538459788e-01	2.929292929292929837e-01	3.461538461538459788e-01	4.878048780487799774e-01	3.440860215053759830e-01	3.461538461538459788e-01	3.461538461538459788e-01	3.461538461538459788e-01	2.989690721649480021e-01	3.461538461538459788e-01	2.568807339449539762e-01	3.461538461538459788e-01	3.461538461538459788e-01	3.461538461538459788e-01	3.461538461538459788e-01	3.461538461538459788e-01	3.461538461538459788e-01	3.461538461538459788e-01	2.608695652173910196e-01	3.461538461538459788e-01	3.461538461538459788e-01	3.461538461538459788e-01	3.461538461538459788e-01	3.461538461538459788e-01	3.461538461538459788e-01	3.461538461538459788e-01	3.863636363636360205e-01	3.461538461538459788e-01
3.461538461538459788e-01	3.461538461538459788e-01	6.250000000000000000e-01	4.509803921568629748e-01	3.461538461538459788e-01	3.936170212765959797e-01	4.074074074074069962e-01	1.000000000000000000e+00	3.461538461538459788e-01	3.461538461538459788e-01	3.461538461538459788e-01	3.461538461538459788e-01	3.461538461538459788e-01	3.461538461538459788e-01	1.875000000000000000e-01	3.461538461538459788e-01	3.461538461538459788e-01	3.461538461538459788e-01	3.461538461538459788e-01	7.187500000000000000e-01	4.545454545454549744e-01	3.461538461538459788e-01	3.461538461538459788e-01	3.461538461538459788e-01	6.117647058823529882e-01	3.593750000000000000e-01	3.461538461538459788e-01	3.461538461538459788e-01	3.461538461538459788e-01	3.503649635036499843e-01	3.461538461538459788e-01	3.461538461538459788e-01	3.461538461538459788e-01	3.461538461538459788e-01	4.597701149425290068e-01	3.461538461538459788e-01	5.200000000000000178e-01	4.673913043478259977e-01	3.781512605042020025e-01	4.354838709677419928e-01	2.222222222222219878e-01	3.461538461538459788e-01	3.461538461538459788e-01	3.461538461538459788e-01	3.461538461538459788e-01	3.461538461538459788e-01	3.461538461538459788e-01	4.107142857142859760e-01	3.461538461538459788e-01	3.461538461538459788e-01	3.461538461538459788e-01	3.461538461538459788e-01	3.461538461538459788e-01	3.655913978494619854e-01	3.461538461538459788e-01	2.500000000000000000e-01	3.461538461538459788e-01	2.459016393442620130e-01	1.652173913043480102e-01	3.461538461538459788e-01	1.875000000000000000e-01	7.068965517241380114e-01	5.714285714285709528e-01	1.839080459770109921e-01	3.461538461538459788e-01	3.461538461538459788e-01	3.461538461538459788e-01	3.461538461538459788e-01	3.085714285714289962e-01	3.461538461538459788e-01	3.461538461538459788e-01	1.860465116279070019e-01	3.461538461538459788e-01	3.461538461538459788e-01	3.461538461538459788e-01	3.461538461538459788e-01	3.461538461538459788e-01	3.900000000000000133e-01	3.968253968253970254e-01	4.782608695652170172e-01	4.606741573033710235e-01	3.461538461538459788e-01	3.461538461538459788e-01	3.461538461538459788e-01	6.025641025641029769e-01	3.461538461538459788e-01	4.311926605504590171e-01	2.222222222222219878e-01	3.461538461538459788e-01	3.461538461538459788e-01	3.461538461538459788e-01	3.461538461538459788e-01	3.599999999999999867e-01	3.461538461538459788e-01	3.461538461538459788e-01	3.461538461538459788e-01	3.461538461538459788e-01	3.461538461538459788e-01	3.461538461538459788e-01	3.461538461538459788e-01	3.461538461538459788e-01	3.461538461538459788e-01	3.461538461538459788e-01	3.461538461538459788e-01	4.222222222222219989e-01	3.461538461538459788e-01	3.461538461538459788e-01	3.461538461538459788e-01	3.461538461538459788e-01	3.461538461538459788e-01	5.882352941176469674e-01	3.461538461538459788e-01	3.461538461538459788e-01	3.461538461538459788e-01	4.271844660194170085e-01	3.461538461538459788e-01	2.887323943661970205e-01	3.461538461538459788e-01	3.461538461538459788e-01	3.461538461538459788e-01	3.461538461538459788e-01	3.461538461538459788e-01	4.761904761904759975e-01	3.461538461538459788e-01
3.461538461538459788e-01	4.859813084112150072e-01	3.461538461538459788e-01	4.344262295081969816e-01	4.519230769230769829e-01	5.192307692307690514e-01	3.461538461538459788e-01	3.461538461538459788e-01	1.000000000000000000e+00	3.461538461538459788e-01	5.108695652173910196e-01	3.461538461538459788e-01	3.461538461538459788e-01	3.461538461538459788e-01	3.461538461538459788e-01	3.461538461538459788e-01	3.461538461538459788e-01	3.461538461538459788e-01	4.479166666666670182e-01	3.461538461538459788e-01	3.461538461538459788e-01	3.461538461538459788e-01	3.461538461538459788e-01	3.461538461538459788e-01	3.461538461538459788e-01	3.461538461538459788e-01	3.461538461538459788e-01	4.545454545454549744e-01	3.461538461538459788e-01	3.461538461538459788e-01	3.461538461538459788e-01	2.574257425742569882e-01	3.961038961038960138e-01	3.461538461538459788e-01	4.128440366972480069e-01	3.461538461538459788e-01	3.461538461538459788e-01	3.461538461538459788e-01	3.461538461538459788e-01	4.963503649635039872e-01	3.300970873786410187e-01	3.461538461538459788e-01	3.461538461538459788e-01	3.461538461538459788e-01	3.461538461538459788e-01	2.764227642276420038e-01	3.499999999999999778e-01	3.461538461538459788e-01	3.461538461538459788e-01	3.461538461538459788e-01	3.461538461538459788e-01	3.461538461538459788e-01	3.461538461538459788e-01	3.461538461538459788e-01	4.077669902912620103e-01	3.461538461538459788e-01	4.791666666666670182e-01	1.839080459770109921e-01	3.461538461538459788e-01	3.461538461538459788e-01	3.461538461538459788e-01	3.461538461538459788e-01	3.461538461538459788e-01	3.461538461538459788e-01	3.461538461538459788e-01	3.461538461538459788e-01	4.329896907216500002e-01	3.461538461538459788e-01	3.461538461538459788e-01	3.365384615384620082e-01	3.658536585365850247e-01	2.647058823529410132e-01	3.461538461538459788e-01	3.461538461538459788e-01	3.629032258064520122e-01	3.461538461538459788e-01	3.461538461538459788e-01	2.388059701492540043e-01	3.461538461538459788e-01	3.461538461538459788e-01	4.952380952380949775e-01	2.325581395348839953e-02	3.461538461538459788e-01	4.196428571428569843e-01	3.461538461538459788e-01	3.461538461538459788e-01	3.461538461538459788e-01	3.461538461538459788e-01	3.461538461538459788e-01	3.461538461538459788e-01	3.269230769230769829e-01	3.461538461538459788e-01	3.461538461538459788e-01	3.461538461538459788e-01	3.461538461538459788e-01	5.809523809523809978e-01	4.631578947368419907e-01	3.461538461538459788e-01	3.461538461538459788e-01	3.461538461538459788e-01	3.461538461538459788e-01	4.680851063829790104e-01	3.461538461538459788e-01	3.461538461538459788e-01	3.461538461538459788e-01	3.461538461538459788e-01	3.461538461538459788e-01	3.461538461538459788e-01	3.461538461538459788e-01	3.461538461538459788e-01	4.835164835164840191e-01	6.542056074766350315e-01	3.461538461538459788e-01	3.461538461538459788e-01	3.461538461538459788e-01	4.444444444444439757e-01	3.461538461538459788e-01	3.461538461538459788e-01	3.461538461538459788e-01	3.461538461538459788e-01	3.461538461538459788e-01	3.461538461538459788e-01	3.461538461538459788e-01	3.461538461538459788e-01
3.461538461538459788e-01	3.461538461538459788e-01	3.461538461538459788e-01	3.461538461538459788e-01	3.461538461538459788e-01	3.461538461538459788e-01	2.043795620437960092e-01	3.461538461538459788e-01	3.461538461538459788e-01	1.000000000000000000e+00	3.461538461538459788e-01	3.788819875776400226e-01	3.461538461538459788e-01	3.461538461538459788e-01	2.166666666666670071e-01	3.461538461538459788e-01	5.416666666666669627e-01	3.461538461538459788e-01	3.461538461538459788e-01	3.461538461538459788e-01	3.461538461538459788e-01	3.461538461538459788e-01	3.461538461538459788e-01	3.461538461538459788e-01	3.623188405797099776e-01	4.240506329113920003e-01	2.627118644067800157e-01	3.461538461538459788e-01	3.461538461538459788e-01	4.478527607361960095e-01	3.461538461538459788e-01	9.420289855072459806e-02	3.461538461538459788e-01	3.740458015267180136e-01	3.461538461538459788e-01	3.461538461538459788e-01	4.601769911504420274e-01	3.461538461538459788e-01	3.461538461538459788e-01	3.461538461538459788e-01	3.461538461538459788e-01	9.655172413793100539e-02	3.461538461538459788e-01	3.461538461538459788e-01	3.461538461538459788e-01	3.712121212121209934e-01	3.461538461538459788e-01	2.666666666666669960e-01	3.658536585365850247e-01	3.461538461538459788e-01	3.834586466165409990e-01	3.461538461538459788e-01	3.461538461538459788e-01	3.461538461538459788e-01	3.852459016393440239e-01	3.461538461538459788e-01	3.461538461538459788e-01	3.461538461538459788e-01	3.461538461538459788e-01	3.461538461538459788e-01	3.461538461538459788e-01	3.461538461538459788e-01	3.461538461538459788e-01	3.461538461538459788e-01	3.461538461538459788e-01	3.461538461538459788e-01	4.051724137931029812e-01	3.461538461538459788e-01	3.461538461538459788e-01	3.461538461538459788e-01	2.387096774193550042e-01	3.461538461538459788e-01	3.461538461538459788e-01	3.461538461538459788e-01	3.461538461538459788e-01	3.660130718954249796e-01	3.916666666666669960e-01	3.461538461538459788e-01	3.461538461538459788e-01	3.461538461538459788e-01	3.461538461538459788e-01	9.009009009009010666e-03	3.461538461538459788e-01	3.461538461538459788e-01	3.461538461538459788e-01	3.461538461538459788e-01	3.461538461538459788e-01	2.901554404145080257e-01	3.461538461538459788e-01	3.461538461538459788e-01	3.461538461538459788e-01	3.461538461538459788e-01	2.142857142857139963e-01	3.461538461538459788e-01	3.461538461538459788e-01	3.461538461538459788e-01	3.461538461538459788e-01	3.461538461538459788e-01	3.461538461538459788e-01	2.411347517730499934e-01	3.461538461538459788e-01	3.461538461538459788e-01	3.461538461538459788e-01	3.461538461538459788e-01	3.458646616541349861e-01	2.515337423312880016e-01	4.503816793893130055e-01	3.461538461538459788e-01	3.461538461538459788e-01	3.461538461538459788e-01	3.461538461538459788e-01	3.461538461538459788e-01	4.047619047619049892e-01	3.461538461538459788e-01	3.461538461538459788e-01	4.876033057851240082e-01	3.461538461538459788e-01	3.461538461538459788e-01	3.461538461538459788e-01	3.461538461538459788e-01	3.461538461538459788e-01	3.461538461538459788e-01	3.461538461538459788e-01	3.461538461538459788e-01
3.461538461538459788e-01	3.617021276595739909e-01	3.461538461538459788e-01	4.545454545454549744e-01	4.634146341463409868e-01	3.461538461538459788e-01	3.461538461538459788e-01	3.461538461538459788e-01	5.108695652173910196e-01	3.461538461538459788e-01	1.000000000000000000e+00	3.916666666666669960e-01	3.636363636363639795e-01	3.790322580645160144e-01	3.461538461538459788e-01	3.461538461538459788e-01	3.461538461538459788e-01	3.461538461538459788e-01	3.461538461538459788e-01	3.461538461538459788e-01	3.461538461538459788e-01	3.461538461538459788e-01	3.461538461538459788e-01	6.309523809523810423e-01	6.624999999999999778e-01	3.461538461538459788e-01	3.461538461538459788e-01	6.617647058823530326e-01	3.444444444444439979e-01	3.461538461538459788e-01	3.461538461538459788e-01	3.461538461538459788e-01	3.142857142857140018e-01	5.625000000000000000e-01	3.461538461538459788e-01	6.024096385542170307e-01	6.923076923076919575e-01	3.461538461538459788e-01	3.461538461538459788e-01	3.461538461538459788e-01	3.461538461538459788e-01	3.461538461538459788e-01	4.339622641509430223e-01	3.461538461538459788e-01	3.461538461538459788e-01	3.461538461538459788e-01	3.461538461538459788e-01	3.461538461538459788e-01	3.461538461538459788e-01	3.461538461538459788e-01	3.461538461538459788e-01	3.461538461538459788e-01	3.461538461538459788e-01	4.470588235294120083e-01	5.000000000000000000e-01	2.456140350877190071e-01	8.499999999999999778e-01	3.461538461538459788e-01	3.461538461538459788e-01	3.461538461538459788e-01	1.973684210526319982e-01	3.461538461538459788e-01	6.202531645569620000e-01	3.461538461538459788e-01	5.064935064935059961e-01	3.461538461538459788e-01	7.419354838709679711e-01	3.461538461538459788e-01	3.005780346820809967e-01	3.461538461538459788e-01	3.431372549019610085e-01	3.461538461538459788e-01	3.461538461538459788e-01	3.461538461538459788e-01	2.777777777777780122e-01	3.461538461538459788e-01	3.461538461538459788e-01	3.461538461538459788e-01	3.870967741935479878e-01	3.461538461538459788e-01	3.461538461538459788e-01	3.461538461538459788e-01	3.461538461538459788e-01	3.461538461538459788e-01	7.285714285714289806e-01	3.461538461538459788e-01	3.944954128440369967e-01	2.679738562091499854e-01	5.932203389830510432e-01	3.461538461538459788e-01	3.461538461538459788e-01	3.461538461538459788e-01	3.469387755102040227e-01	3.461538461538459788e-01	7.619047619047619735e-01	3.461538461538459788e-01	3.461538461538459788e-01	3.548387096774189842e-01	3.461538461538459788e-01	3.461538461538459788e-01	6.184210526315789824e-01	7.833333333333329929e-01	3.461538461538459788e-01	3.461538461538459788e-01	3.461538461538459788e-01	3.669724770642199818e-01	5.340909090909089496e-01	2.990654205607479743e-01	3.461538461538459788e-01	3.461538461538459788e-01	3.461538461538459788e-01	3.461538461538459788e-01	3.461538461538459788e-01	3.461538461538459788e-01	3.461538461538459788e-01	7.123287671232879648e-01	3.461538461538459788e-01	3.461538461538459788e-01	3.461538461538459788e-01	3.461538461538459788e-01	3.233082706766919889e-01	3.461538461538459788e-01	3.461538461538459788e-01	5.000000000000000000e-01
3.461538461538459788e-01	3.461538461538459788e-01	3.543307086614170265e-01	3.461538461538459788e-01	3.461538461538459788e-01	3.461538461538459788e-01	3.461538461538459788e-01	3.461538461538459788e-01	3.461538461538459788e-01	3.788819875776400226e-01	3.916666666666669960e-01	1.000000000000000000e+00	3.461538461538459788e-01	4.838709677419349986e-01	3.461538461538459788e-01	3.461538461538459788e-01	4.868421052631580204e-01	3.461538461538459788e-01	3.688524590163930195e-01	3.461538461538459788e-01	4.144736842105259944e-01	3.461538461538459788e-01	3.461538461538459788e-01	4.961832061068700006e-01	3.461538461538459788e-01	3.461538461538459788e-01	3.461538461538459788e-01	3.333333333333329818e-01	3.461538461538459788e-01	3.461538461538459788e-01	3.461538461538459788e-01	3.461538461538459788e-01	3.461538461538459788e-01	3.461538461538459788e-01	2.999999999999999889e-01	3.461538461538459788e-01	3.461538461538459788e-01	4.285714285714289917e-01	3.461538461538459788e-01	3.461538461538459788e-01	1.956521739130429871e-01	3.461538461538459788e-01	3.461538461538459788e-01	3.461538461538459788e-01	3.405797101449279940e-01	3.461538461538459788e-01	3.461538461538459788e-01	3.461538461538459788e-01	3.461538461538459788e-01	3.461538461538459788e-01	3.461538461538459788e-01	3.461538461538459788e-01	3.461538461538459788e-01	3.461538461538459788e-01	3.461538461538459788e-01	3.461538461538459788e-01	3.821138211382110184e-01	3.461538461538459788e-01	3.461538461538459788e-01	3.461538461538459788e-01	3.461538461538459788e-01	3.461538461538459788e-01	3.461538461538459788e-01	3.461538461538459788e-01	3.461538461538459788e-01	3.680981595092019942e-01	4.033613445378150253e-01	3.461538461538459788e-01	3.461538461538459788e-01	3.461538461538459788e-01	3.461538461538459788e-01	3.461538461538459788e-01	3.571428571428569843e-01	2.704918032786889914e-01	3.461538461538459788e-01	5.000000000000000000e-01	3.461538461538459788e-01	3.461538461538459788e-01	3.461538461538459788e-01	3.642857142857139907e-01	3.461538461538459788e-01	1.754385964912279910e-02	3.461538461538459788e-01	2.550335570469799973e-01	4.173228346456689941e-01	3.461538461538459788e-01	3.461538461538459788e-01	3.461538461538459788e-01	3.461538461538459788e-01	3.461538461538459788e-01	3.128491620111730209e-01	3.461538461538459788e-01	3.461538461538459788e-01	3.461538461538459788e-01	3.461538461538459788e-01	3.461538461538459788e-01	3.461538461538459788e-01	3.461538461538459788e-01	3.112582781456950110e-01	3.065693430656930007e-01	3.461538461538459788e-01	3.461538461538459788e-01	3.461538461538459788e-01	3.461538461538459788e-01	3.461538461538459788e-01	3.461538461538459788e-01	3.461538461538459788e-01	3.461538461538459788e-01	3.461538461538459788e-01	3.461538461538459788e-01	2.734375000000000000e-01	3.461538461538459788e-01	3.461538461538459788e-01	3.461538461538459788e-01	3.461538461538459788e-01	3.461538461538459788e-01	3.461538461538459788e-01	3.461538461538459788e-01	3.461538461538459788e-01	3.641975308641979825e-01	2.912087912087910069e-01	3.461538461538459788e-01	4.094488188976380116e-01	3.461538461538459788e-01
