1.000000000000000000e+00	2.000000000000000111e-01	2.605649258431594339e-01	2.605649258431594339e-01	1.808510638297869955e-01	2.605649258431594339e-01	2.605649258431594339e-01	2.605649258431594339e-01	2.605649258431594339e-01	2.605649258431594339e-01	2.605649258431594339e-01	3.765432098765429947e-01	3.445121951219510259e-01	2.605649258431594339e-01	1.322314049586779949e-01	2.605649258431594339e-01	3.048433048433050185e-01	6.205128205128209729e-01	2.605649258431594339e-01	2.605649258431594339e-01	2.605649258431594339e-01	2.605649258431594339e-01	2.605649258431594339e-01	2.605649258431594339e-01	2.605649258431594339e-01	2.689075630252100169e-01	3.106382978723399857e-01	2.605649258431594339e-01	2.605649258431594339e-01	3.160762942779289930e-01	2.605649258431594339e-01	1.915708812260540073e-01	2.605649258431594339e-01	3.322259136212620256e-01	2.605649258431594339e-01	4.155405405405410146e-01	3.357664233576639901e-01	1.985559566786999908e-01	2.605649258431594339e-01	2.605649258431594339e-01	2.605649258431594339e-01	2.605649258431594339e-01	2.605649258431594339e-01	2.506738544474390040e-01	2.605649258431594339e-01	2.056737588652479964e-01	2.605649258431594339e-01	2.605649258431594339e-01	3.613138686131390220e-01	2.605649258431594339e-01	3.550488599348530228e-01	2.605649258431594339e-01	2.605649258431594339e-01	2.261484098939930132e-01	2.605649258431594339e-01	2.605649258431594339e-01	2.605649258431594339e-01	2.026431718061670051e-01	1.925675675675679877e-01	2.605649258431594339e-01	2.605649258431594339e-01	2.605649258431594339e-01	2.605649258431594339e-01	2.013651877133109946e-01	2.605649258431594339e-01	2.605649258431594339e-01	2.605649258431594339e-01	1.926605504587159956e-01	2.605649258431594339e-01	2.605649258431594339e-01	2.605649258431594339e-01	2.605649258431594339e-01	3.875432525951559848e-01	2.538461538461539990e-01	2.605649258431594339e-01	2.605649258431594339e-01	2.605649258431594339e-01	2.605649258431594339e-01	2.605649258431594339e-01	2.605649258431594339e-01	2.500000000000000000e-01	2.605649258431594339e-01	2.605649258431594339e-01	2.605649258431594339e-01	2.605649258431594339e-01	2.605649258431594339e-01	2.605649258431594339e-01	2.605649258431594339e-01	1.703056768558950107e-01	4.392156862745100199e-01	2.605649258431594339e-01	2.544169611307420253e-01	2.605649258431594339e-01	2.605649258431594339e-01	2.730496453900709830e-01	2.605649258431594339e-01	2.605649258431594339e-01	2.605649258431594339e-01	2.812500000000000000e-01	2.708933717579249945e-01	2.605649258431594339e-01	2.903225806451609770e-01	2.605649258431594339e-01	5.597014925373130501e-01	1.479999999999999927e-01	2.962962962962960023e-01	2.605649258431594339e-01	2.639405204460970045e-01	4.781144781144779921e-01	3.483870967741939939e-01	2.605649258431594339e-01	3.154761904761900215e-01	2.605649258431594339e-01	2.605649258431594339e-01	2.605649258431594339e-01	2.605649258431594339e-01	2.605649258431594339e-01	2.564102564102559989e-01	2.605649258431594339e-01	3.515358361774740259e-01	2.605649258431594339e-01	2.605649258431594339e-01	2.652329749103939927e-01	2.714285714285710194e-01
2.000000000000000111e-01	1.000000000000000000e+00	2.142857142857139963e-01	2.605649258431594339e-01	2.605649258431594339e-01	2.605649258431594339e-01	3.754512635379059771e-01	2.605649258431594339e-01	1.838440111420610035e-01	2.605649258431594339e-01	1.931818181818180102e-01	2.605649258431594339e-01	2.605649258431594339e-01	2.548543689320389993e-01	2.605649258431594339e-01	3.018867924528300106e-01	2.605649258431594339e-01	1.597633136094669948e-01	2.605649258431594339e-01	2.605649258431594339e-01	2.605649258431594339e-01	1.965601965601969925e-01	2.605649258431594339e-01	2.605649258431594339e-01	2.605649258431594339e-01	2.605649258431594339e-01	2.605649258431594339e-01	2.605649258431594339e-01	2.605649258431594339e-01	2.605649258431594339e-01	2.605649258431594339e-01	3.163265306122450271e-01	2.605649258431594339e-01	2.454308093994780060e-01	2.605649258431594339e-01	2.605649258431594339e-01	2.605649258431594339e-01	1.826086956521739968e-01	2.605649258431594339e-01	2.605649258431594339e-01	2.605649258431594339e-01	2.605649258431594339e-01	2.605649258431594339e-01	2.605649258431594339e-01	2.605649258431594339e-01	2.605649258431594339e-01	2.605649258431594339e-01	2.605649258431594339e-01	1.815789473684210065e-01	2.202247191011240113e-01	2.551020408163269804e-01	2.605649258431594339e-01	2.605649258431594339e-01	2.605649258431594339e-01	1.634349030470909903e-01	2.605649258431594339e-01	2.710526315789469898e-01	2.288732394366199963e-01	2.605649258431594339e-01	2.605649258431594339e-01	2.605649258431594339e-01	2.605649258431594339e-01	1.823056300268099950e-01	3.986928104575159781e-01	2.605649258431594339e-01	2.605649258431594339e-01	2.605649258431594339e-01	2.262773722627740014e-01	3.605072463768119739e-01	2.605649258431594339e-01	2.605649258431594339e-01	4.627329192546579817e-01	2.605649258431594339e-01	2.605649258431594339e-01	2.605649258431594339e-01	2.302631578947370028e-01	2.605649258431594339e-01	2.605649258431594339e-01	2.412060301507540083e-01	2.605649258431594339e-01	2.605649258431594339e-01	2.605649258431594339e-01	2.605649258431594339e-01	2.605649258431594339e-01	2.605649258431594339e-01	2.605649258431594339e-01	2.605649258431594339e-01	2.605649258431594339e-01	1.466666666666670005e-01	2.605649258431594339e-01	1.787439613526569937e-01	2.605649258431594339e-01	9.737827715355810154e-01	2.605649258431594339e-01	2.605649258431594339e-01	2.455696202531650052e-01	2.605649258431594339e-01	2.605649258431594339e-01	2.605649258431594339e-01	2.605649258431594339e-01	1.132075471698110042e-01	2.605649258431594339e-01	1.801075268817199926e-01	2.605649258431594339e-01	1.134969325153370040e-01	2.605649258431594339e-01	2.605649258431594339e-01	2.605649258431594339e-01	2.439613526570049984e-01	2.605649258431594339e-01	2.605649258431594339e-01	2.605649258431594339e-01	2.605649258431594339e-01	2.605649258431594339e-01	2.605649258431594339e-01	2.605649258431594339e-01	2.605649258431594339e-01	2.605649258431594339e-01	2.605649258431594339e-01	2.605649258431594339e-01	2.605649258431594339e-01	2.605649258431594339e-01	2.605649258431594339e-01	2.100840336134449926e-01
2.605649258431594339e-01	2.142857142857139963e-01	1.000000000000000000e+00	5.802919708029200541e-01	2.605649258431594339e-01	2.605649258431594339e-01	1.259842519685039908e-01	5.047169811320759703e-01	3.636363636363639795e-01	2.605649258431594339e-01	2.605649258431594339e-01	2.605649258431594339e-01	2.605649258431594339e-01	2.865853658536590132e-01	2.605649258431594339e-01	2.605649258431594339e-01	2.988165680473369723e-01	2.605649258431594339e-01	3.347639484978540136e-01	2.605649258431594339e-01	3.628048780487799774e-01	3.333333333333329818e-01	2.605649258431594339e-01	2.605649258431594339e-01	4.645669291338579976e-01	3.353846153846150036e-01	2.620087336244539822e-01	2.605649258431594339e-01	2.605649258431594339e-01	2.782369146005509997e-01	3.499999999999999778e-01	2.605649258431594339e-01	2.605649258431594339e-01	2.605649258431594339e-01	2.508710801393729817e-01	2.605649258431594339e-01	2.605649258431594339e-01	2.605649258431594339e-01	2.605649258431594339e-01	2.605649258431594339e-01	2.605649258431594339e-01	1.601208459214500113e-01	2.605649258431594339e-01	2.714285714285710194e-01	2.605649258431594339e-01	2.251908396946560031e-01	2.605649258431594339e-01	2.605649258431594339e-01	3.511450381679390165e-01	2.605649258431594339e-01	2.605649258431594339e-01	2.605649258431594339e-01	2.605649258431594339e-01	2.605649258431594339e-01	3.829787234042549837e-01	2.605649258431594339e-01	4.109090909090910015e-01	1.869158878504670052e-01	2.370370370370369906e-01	2.605649258431594339e-01	2.605649258431594339e-01	2.605649258431594339e-01	2.605649258431594339e-01	1.443298969072160098e-01	4.152542372881359856e-01	2.605649258431594339e-01	2.605649258431594339e-01	1.871921182266010064e-01	2.330827067669170027e-01	2.590909090909089829e-01	2.605649258431594339e-01	1.713395638629280071e-01	2.605649258431594339e-01	2.605649258431594339e-01	2.605649258431594339e-01	3.625730994152049913e-01	2.605649258431594339e-01	2.605649258431594339e-01	2.605649258431594339e-01	2.605649258431594339e-01	2.605649258431594339e-01	2.605649258431594339e-01	2.605649258431594339e-01	2.605649258431594339e-01	2.605649258431594339e-01	1.911764705882350035e-01	3.146853146853150207e-01	2.605649258431594339e-01	2.028985507246379993e-01	4.500000000000000111e-01	2.605649258431594339e-01	2.605649258431594339e-01	2.605649258431594339e-01	2.605649258431594339e-01	2.605649258431594339e-01	2.605649258431594339e-01	2.605649258431594339e-01	2.605649258431594339e-01	2.605649258431594339e-01	2.605649258431594339e-01	2.605649258431594339e-01	4.327731092436969962e-01	2.605649258431594339e-01	2.605649258431594339e-01	2.237442922374429932e-01	2.605649258431594339e-01	2.605649258431594339e-01	2.605649258431594339e-01	2.605649258431594339e-01	2.605649258431594339e-01	2.605649258431594339e-01	2.605649258431594339e-01	2.605649258431594339e-01	3.505535055350549878e-01	2.474576271186439969e-01	2.605649258431594339e-01	2.605649258431594339e-01	3.613445378151259879e-01	3.346007604562740156e-01	2.605649258431594339e-01	2.386363636363640073e-01	4.195121951219509815e-01	2.605649258431594339e-01	2.605649258431594339e-01
2.605649258431594339e-01	2.605649258431594339e-01	5.802919708029200541e-01	1.000000000000000000e+00	2.605649258431594339e-01	2.605649258431594339e-01	2.605649258431594339e-01	2.605649258431594339e-01	3.241590214067279763e-01	2.605649258431594339e-01	3.209876543209880251e-01	2.605649258431594339e-01	2.605649258431594339e-01	2.605649258431594339e-01	2.605649258431594339e-01	2.605649258431594339e-01	2.605649258431594339e-01	2.605649258431594339e-01	2.605649258431594339e-01	2.605649258431594339e-01	2.605649258431594339e-01	2.924281984334199946e-01	2.605649258431594339e-01	2.605649258431594339e-01	2.605649258431594339e-01	2.605649258431594339e-01	2.605649258431594339e-01	2.605649258431594339e-01	3.002680965147450087e-01	2.605649258431594339e-01	2.605649258431594339e-01	1.126760563380280050e-01	2.605649258431594339e-01	3.002680965147450087e-01	2.554347826086960094e-01	2.605649258431594339e-01	2.605649258431594339e-01	2.605649258431594339e-01	2.605649258431594339e-01	2.605649258431594339e-01	2.605649258431594339e-01	2.605649258431594339e-01	2.605649258431594339e-01	2.605649258431594339e-01	2.866379310344829845e-01	2.966360856269110169e-01	2.605649258431594339e-01	4.063324538258579754e-01	2.605649258431594339e-01	2.605649258431594339e-01	2.605649258431594339e-01	2.605649258431594339e-01	2.605649258431594339e-01	2.605649258431594339e-01	2.605649258431594339e-01	2.605649258431594339e-01	2.605649258431594339e-01	1.628664495114010013e-01	3.123123123123119904e-01	2.605649258431594339e-01	2.605649258431594339e-01	2.605649258431594339e-01	2.865329512893979858e-01	2.605649258431594339e-01	2.605649258431594339e-01	2.605649258431594339e-01	2.605649258431594339e-01	2.605649258431594339e-01	2.605649258431594339e-01	1.987381703470030014e-01	2.605649258431594339e-01	1.856435643564360027e-01	2.605649258431594339e-01	2.893081761006289776e-01	2.605649258431594339e-01	2.605649258431594339e-01	2.996941896024459817e-01	3.308080808080809954e-01	2.334152334152329866e-01	2.605649258431594339e-01	2.605649258431594339e-01	2.605649258431594339e-01	2.605649258431594339e-01	2.605649258431594339e-01	2.605649258431594339e-01	2.605649258431594339e-01	2.605649258431594339e-01	2.605649258431594339e-01	2.605649258431594339e-01	3.264705882352940125e-01	2.605649258431594339e-01	2.605649258431594339e-01	2.605649258431594339e-01	3.119533527696790043e-01	2.605649258431594339e-01	2.605649258431594339e-01	2.605649258431594339e-01	2.724458204334370137e-01	3.837535014005600265e-01	3.190954773869350003e-01	1.677419354838710075e-01	2.605649258431594339e-01	2.605649258431594339e-01	2.605649258431594339e-01	2.605649258431594339e-01	3.400000000000000244e-01	2.605649258431594339e-01	2.605649258431594339e-01	3.274111675126900045e-01	2.456575682382129977e-01	2.605649258431594339e-01	3.316455696202529890e-01	2.605649258431594339e-01	2.605649258431594339e-01	2.605649258431594339e-01	2.605649258431594339e-01	3.446712018140590250e-01	2.605649258431594339e-01	2.605649258431594339e-01	3.114754098360659751e-01	2.605649258431594339e-01	3.003300330033000232e-01	2.605649258431594339e-01	2.605649258431594339e-01
1.808510638297869955e-01	2.605649258431594339e-01	2.605649258431594339e-01	2.605649258431594339e-01	1.000000000000000000e+00	2.619808306709269785e-01	2.605649258431594339e-01	2.605649258431594339e-01	2.605649258431594339e-01	1.913043478260869901e-01	1.704545454545449978e-01	2.605649258431594339e-01	2.605649258431594339e-01	1.768115942028989918e-01	2.605649258431594339e-01	9.675324675324680213e-01	2.605649258431594339e-01	1.757322175732219938e-01	2.605649258431594339e-01	2.605649258431594339e-01	2.605649258431594339e-01	2.605649258431594339e-01	2.155688622754489969e-01	2.605649258431594339e-01	2.605649258431594339e-01	2.605649258431594339e-01	2.605649258431594339e-01	2.605649258431594339e-01	2.605649258431594339e-01	2.140921409214089910e-01	2.605649258431594339e-01	2.605649258431594339e-01	2.605649258431594339e-01	2.605649258431594339e-01	2.605649258431594339e-01	1.779141104294479914e-01	2.605649258431594339e-01	2.605649258431594339e-01	2.605649258431594339e-01	2.605649258431594339e-01	2.428571428571429935e-01	2.605649258431594339e-01	2.605649258431594339e-01	2.605649258431594339e-01	1.979949874686720013e-01	2.605649258431594339e-01	1.678082191780820021e-01	2.605649258431594339e-01	1.496598639455780089e-01	2.605649258431594339e-01	2.605649258431594339e-01	2.605649258431594339e-01	2.605649258431594339e-01	2.430278884462150069e-01	1.884615384615379863e-01	2.605649258431594339e-01	2.196721311475409999e-01	1.840796019900499958e-01	2.605649258431594339e-01	2.092050209205019995e-01	2.605649258431594339e-01	2.605649258431594339e-01	2.605649258431594339e-01	2.605649258431594339e-01	1.648351648351649990e-01	2.605649258431594339e-01	2.605649258431594339e-01	2.605649258431594339e-01	2.524461839530329765e-01	2.605649258431594339e-01	2.259259259259260022e-01	2.605649258431594339e-01	2.605649258431594339e-01	2.605649258431594339e-01	2.605649258431594339e-01	2.605649258431594339e-01	2.605649258431594339e-01	2.605649258431594339e-01	1.570996978851960102e-01	2.349570200573070089e-01	2.605649258431594339e-01	1.333333333333329949e-02	2.313432835820899980e-01	2.605649258431594339e-01	2.605649258431594339e-01	2.605649258431594339e-01	1.920529801324500074e-01	2.605649258431594339e-01	1.887755102040820088e-01	2.605649258431594339e-01	2.605649258431594339e-01	1.808118081180810077e-01	2.605649258431594339e-01	2.537878787878790066e-01	2.605649258431594339e-01	2.605649258431594339e-01	2.605649258431594339e-01	2.605649258431594339e-01	2.096774193548389953e-01	2.605649258431594339e-01	1.045454545454549966e-01	1.565836298932380133e-01	2.605649258431594339e-01	2.605649258431594339e-01	2.605649258431594339e-01	2.605649258431594339e-01	2.605649258431594339e-01	2.605649258431594339e-01	2.605649258431594339e-01	2.605649258431594339e-01	2.605649258431594339e-01	2.839116719242900100e-01	1.753731343283579935e-01	2.605649258431594339e-01	2.605649258431594339e-01	2.605649258431594339e-01	2.605649258431594339e-01	1.755725190839690086e-01	2.605649258431594339e-01	1.758957654723130037e-01	2.000000000000000111e-01	2.605649258431594339e-01	2.605649258431594339e-01	2.159090909090909949e-01
2.605649258431594339e-01	2.605649258431594339e-01	2.605649258431594339e-01	2.605649258431594339e-01	2.619808306709269785e-01	1.000000000000000000e+00	2.605649258431594339e-01	2.605649258431594339e-01	2.454545454545450089e-01	2.605649258431594339e-01	1.976401179941000008e-01	2.605649258431594339e-01	2.605649258431594339e-01	2.605649258431594339e-01	1.748251748251750115e-01	2.605649258431594339e-01	2.605649258431594339e-01	2.605649258431594339e-01	2.605649258431594339e-01	2.605649258431594339e-01	2.605649258431594339e-01	2.605649258431594339e-01	2.605649258431594339e-01	2.669789227166279866e-01	2.276422764227639950e-01	2.605649258431594339e-01	2.605649258431594339e-01	2.605649258431594339e-01	3.420289855072459750e-01	2.605649258431594339e-01	2.605649258431594339e-01	2.605649258431594339e-01	2.605649258431594339e-01	2.152230971128610004e-01	3.017751479289940142e-01	2.605649258431594339e-01	2.605649258431594339e-01	1.975683890577510093e-01	2.605649258431594339e-01	2.605649258431594339e-01	2.605649258431594339e-01	2.605649258431594339e-01	2.605649258431594339e-01	2.605649258431594339e-01	2.605649258431594339e-01	2.605649258431594339e-01	2.605649258431594339e-01	2.605649258431594339e-01	2.605649258431594339e-01	2.605649258431594339e-01	2.605649258431594339e-01	2.605649258431594339e-01	2.605649258431594339e-01	2.605649258431594339e-01	1.734104046242770092e-01	2.605649258431594339e-01	2.710027100271000244e-01	2.605649258431594339e-01	2.605649258431594339e-01	2.605649258431594339e-01	2.605649258431594339e-01	2.605649258431594339e-01	2.605649258431594339e-01	2.605649258431594339e-01	1.959654178674349878e-01	2.605649258431594339e-01	2.605649258431594339e-01	2.605649258431594339e-01	3.067375886524820183e-01	1.474358974358969954e-01	2.605649258431594339e-01	5.758620689655169489e-01	2.605649258431594339e-01	2.435897435897440011e-01	2.605649258431594339e-01	2.605649258431594339e-01	2.605649258431594339e-01	2.605649258431594339e-01	2.213740458015270030e-01	2.605649258431594339e-01	3.816425120772949930e-01	2.605649258431594339e-01	2.605649258431594339e-01	2.605649258431594339e-01	2.605649258431594339e-01	2.605649258431594339e-01	2.605649258431594339e-01	2.605649258431594339e-01	1.498257839721250095e-01	2.605649258431594339e-01	1.939546599496219936e-01	2.605649258431594339e-01	2.605649258431594339e-01	2.662721893491120095e-01	1.825842696629209894e-01	2.605649258431594339e-01	2.605649258431594339e-01	1.823708206686930067e-01	3.524355300859600137e-01	2.605649258431594339e-01	1.221122112211219940e-01	2.605649258431594339e-01	2.605649258431594339e-01	2.605649258431594339e-01	1.294498381877020043e-01	2.605649258431594339e-01	2.605649258431594339e-01	2.605649258431594339e-01	2.605649258431594339e-01	2.605649258431594339e-01	2.605649258431594339e-01	3.808219178082190015e-01	2.189349112426040023e-01	2.605649258431594339e-01	2.605649258431594339e-01	2.519083969465650275e-01	2.200854700854699975e-01	2.605649258431594339e-01	2.605649258431594339e-01	2.605649258431594339e-01	2.605649258431594339e-01	2.605649258431594339e-01	2.605649258431594339e-01	2.941176470588239833e-01
2.605649258431594339e-01	3.754512635379059771e-01	1.259842519685039908e-01	2.605649258431594339e-01	2.605649258431594339e-01	2.605649258431594339e-01	1.000000000000000000e+00	2.605649258431594339e-01	2.605649258431594339e-01	2.605649258431594339e-01	2.605649258431594339e-01	2.605649258431594339e-01	2.605649258431594339e-01	2.605649258431594339e-01	2.605649258431594339e-01	2.605649258431594339e-01	2.605649258431594339e-01	2.605649258431594339e-01	1.558441558441560071e-01	1.843137254901960065e-01	2.605649258431594339e-01	2.605649258431594339e-01	2.605649258431594339e-01	1.491712707182319964e-01	2.605649258431594339e-01	2.605649258431594339e-01	2.605649258431594339e-01	2.605649258431594339e-01	2.605649258431594339e-01	1.764705882352939903e-01	2.605649258431594339e-01	3.262032085561499817e-01	2.605649258431594339e-01	2.605649258431594339e-01	2.605649258431594339e-01	2.605649258431594339e-01	2.605649258431594339e-01	1.069958847736629942e-01	2.605649258431594339e-01	2.605649258431594339e-01	2.605649258431594339e-01	2.605649258431594339e-01	2.605649258431594339e-01	2.852564102564100201e-01	2.605649258431594339e-01	1.079999999999999988e-01	9.440559440559440074e-02	2.605649258431594339e-01	1.151079136690650040e-01	2.605649258431594339e-01	2.605649258431594339e-01	2.605649258431594339e-01	2.605649258431594339e-01	2.605649258431594339e-01	2.605649258431594339e-01	2.605649258431594339e-01	2.605649258431594339e-01	2.605649258431594339e-01	2.605649258431594339e-01	1.250000000000000000e-01	2.605649258431594339e-01	1.681818181818179880e-01	2.605649258431594339e-01	2.605649258431594339e-01	2.605649258431594339e-01	2.605649258431594339e-01	2.605649258431594339e-01	2.605649258431594339e-01	1.701720841300189968e-01	9.905660377358489754e-02	2.071713147410360056e-01	2.605649258431594339e-01	2.605649258431594339e-01	1.585903083700440086e-01	2.605649258431594339e-01	2.605649258431594339e-01	2.605649258431594339e-01	1.176470588235289938e-01	2.605649258431594339e-01	2.605649258431594339e-01	2.605649258431594339e-01	2.605649258431594339e-01	2.605649258431594339e-01	2.605649258431594339e-01	2.605649258431594339e-01	2.605649258431594339e-01	2.605649258431594339e-01	2.605649258431594339e-01	2.605649258431594339e-01	1.054545454545449956e-01	2.605649258431594339e-01	2.605649258431594339e-01	3.710247349823320162e-01	2.605649258431594339e-01	2.605649258431594339e-01	2.605649258431594339e-01	2.605649258431594339e-01	2.605649258431594339e-01	2.605649258431594339e-01	2.558139534883719923e-01	2.605649258431594339e-01	2.605649258431594339e-01	2.605649258431594339e-01	2.605649258431594339e-01	2.605649258431594339e-01	2.605649258431594339e-01	2.605649258431594339e-01	1.837606837606839960e-01	1.640866873065019993e-01	2.605649258431594339e-01	1.019417475728160022e-01	2.605649258431594339e-01	2.605649258431594339e-01	2.605649258431594339e-01	2.605649258431594339e-01	1.292307692307690103e-01	2.605649258431594339e-01	2.605649258431594339e-01	1.717557251908400084e-01	1.063122923588040031e-01	2.605649258431594339e-01	2.605649258431594339e-01	2.605649258431594339e-01	1.015037593984959990e-01
2.605649258431594339e-01	2.605649258431594339e-01	5.047169811320759703e-01	2.605649258431594339e-01	2.605649258431594339e-01	2.605649258431594339e-01	2.605649258431594339e-01	1.000000000000000000e+00	2.605649258431594339e-01	2.605649258431594339e-01	2.605649258431594339e-01	2.530120481927710108e-01	2.803738317757010212e-01	2.605649258431594339e-01	2.605649258431594339e-01	2.605649258431594339e-01	2.605649258431594339e-01	4.019607843137260050e-01	2.605649258431594339e-01	3.400000000000000244e-01	3.172205438066469929e-01	2.605649258431594339e-01	2.605649258431594339e-01	2.605649258431594339e-01	2.605649258431594339e-01	2.605649258431594339e-01	2.605649258431594339e-01	4.008810572687219742e-01	2.605649258431594339e-01	2.605649258431594339e-01	2.605649258431594339e-01	1.019607843137250031e-01	2.605649258431594339e-01	2.605649258431594339e-01	2.605649258431594339e-01	3.554006968641120201e-01	2.605649258431594339e-01	2.605649258431594339e-01	2.605649258431594339e-01	2.605649258431594339e-01	2.605649258431594339e-01	2.605649258431594339e-01	2.605649258431594339e-01	2.605649258431594339e-01	2.605649258431594339e-01	2.605649258431594339e-01	2.605649258431594339e-01	2.605649258431594339e-01	2.605649258431594339e-01	2.605649258431594339e-01	2.605649258431594339e-01	3.352941176470590201e-01	2.605649258431594339e-01	2.782258064516129892e-01	2.605649258431594339e-01	2.605649258431594339e-01	2.605649258431594339e-01	2.029702970297030118e-01	2.605649258431594339e-01	2.605649258431594339e-01	2.605649258431594339e-01	4.077669902912620103e-01	2.605649258431594339e-01	2.605649258431594339e-01	2.605649258431594339e-01	2.605649258431594339e-01	2.605649258431594339e-01	2.105263157894740056e-01	2.605649258431594339e-01	2.605649258431594339e-01	2.605649258431594339e-01	2.605649258431594339e-01	2.605649258431594339e-01	3.640552995391699853e-01	2.605649258431594339e-01	2.605649258431594339e-01	3.640350877192979895e-01	2.605649258431594339e-01	2.605649258431594339e-01	2.605649258431594339e-01	2.605649258431594339e-01	6.410256410256410034e-03	2.605649258431594339e-01	2.605649258431594339e-01	2.605649258431594339e-01	2.083333333333330095e-01	2.605649258431594339e-01	2.605649258431594339e-01	1.959798994974870090e-01	4.977777777777779855e-01	2.605649258431594339e-01	2.605649258431594339e-01	1.825842696629209894e-01	2.605649258431594339e-01	2.605649258431594339e-01	3.219178082191779811e-01	2.605649258431594339e-01	2.605649258431594339e-01	2.605649258431594339e-01	2.605649258431594339e-01	2.605649258431594339e-01	2.605649258431594339e-01	2.605649258431594339e-01	2.605649258431594339e-01	2.605649258431594339e-01	2.605649258431594339e-01	2.605649258431594339e-01	2.605649258431594339e-01	2.605649258431594339e-01	2.605649258431594339e-01	2.605649258431594339e-01	2.605649258431594339e-01	2.605649258431594339e-01	2.605649258431594339e-01	2.605649258431594339e-01	2.605649258431594339e-01	2.605649258431594339e-01	2.605649258431594339e-01	2.605649258431594339e-01	2.605649258431594339e-01	2.177650429799430076e-01	2.605649258431594339e-01	3.347107438016529990e-01	4.173913043478260088e-01
2.605649258431594339e-01	1.838440111420610035e-01	3.636363636363639795e-01	3.241590214067279763e-01	2.605649258431594339e-01	2.454545454545450089e-01	2.605649258431594339e-01	2.605649258431594339e-01	1.000000000000000000e+00	2.605649258431594339e-01	2.605649258431594339e-01	2.633136094674560224e-01	3.354430379746839996e-01	3.105590062111799887e-01	2.605649258431594339e-01	2.605649258431594339e-01	2.761627906976740210e-01	2.605649258431594339e-01	3.122362869198310187e-01	2.605649258431594339e-01	2.605649258431594339e-01	3.470790378006869958e-01	2.905198776758409762e-01	2.605649258431594339e-01	2.605649258431594339e-01	2.605649258431594339e-01	2.605649258431594339e-01	2.605649258431594339e-01	2.605649258431594339e-01	2.677595628415300189e-01	2.605649258431594339e-01	2.605649258431594339e-01	2.736842105263159741e-01	2.605649258431594339e-01	2.605649258431594339e-01	3.651877133105799755e-01	2.605649258431594339e-01	2.605649258431594339e-01	3.546325878594249748e-01	2.605649258431594339e-01	2.338983050847459888e-01	2.605649258431594339e-01	2.605649258431594339e-01	1.618798955613580115e-01	2.605649258431594339e-01	2.605649258431594339e-01	2.981818181818179925e-01	2.605649258431594339e-01	2.605649258431594339e-01	2.605649258431594339e-01	2.605649258431594339e-01	2.605649258431594339e-01	2.605649258431594339e-01	2.424242424242419869e-01	2.999999999999999889e-01	2.605649258431594339e-01	3.519163763066199824e-01	2.095238095238100007e-01	2.605649258431594339e-01	1.914062500000000000e-01	2.605649258431594339e-01	2.605649258431594339e-01	3.106060606060609963e-01	2.605649258431594339e-01	2.605649258431594339e-01	2.605649258431594339e-01	2.605649258431594339e-01	2.110552763819099897e-01	2.605649258431594339e-01	2.605649258431594339e-01	2.605649258431594339e-01	2.129032258064519900e-01	2.605649258431594339e-01	2.605649258431594339e-01	2.605649258431594339e-01	2.605649258431594339e-01	2.605649258431594339e-01	2.605649258431594339e-01	2.605649258431594339e-01	3.264094955489609817e-01	1.917475728155340065e-01	2.605649258431594339e-01	2.605649258431594339e-01	2.248520710059170036e-01	2.605649258431594339e-01	2.149999999999999967e-01	2.605649258431594339e-01	2.605649258431594339e-01	2.605649258431594339e-01	4.089068825910929794e-01	2.605649258431594339e-01	2.605649258431594339e-01	1.835616438356159896e-01	2.605649258431594339e-01	2.605649258431594339e-01	2.605649258431594339e-01	2.605649258431594339e-01	2.605649258431594339e-01	2.572347266881029881e-01	2.944785276073619840e-01	2.605649258431594339e-01	3.268482490272370256e-01	2.605649258431594339e-01	2.605649258431594339e-01	2.605649258431594339e-01	2.797202797202800184e-01	2.605649258431594339e-01	2.605649258431594339e-01	2.605649258431594339e-01	2.605649258431594339e-01	2.605649258431594339e-01	2.605649258431594339e-01	2.605649258431594339e-01	2.605649258431594339e-01	2.605649258431594339e-01	2.605649258431594339e-01	2.605649258431594339e-01	2.605649258431594339e-01	3.097014925373129945e-01	2.605649258431594339e-01	2.605649258431594339e-01	2.226890756302520036e-01	3.577235772357719723e-01	2.605649258431594339e-01
2.605649258431594339e-01	2.605649258431594339e-01	2.605649258431594339e-01	2.605649258431594339e-01	1.913043478260869901e-01	2.605649258431594339e-01	2.605649258431594339e-01	2.605649258431594339e-01	2.605649258431594339e-01	1.000000000000000000e+00	3.270440251572330204e-01	3.973333333333329831e-01	2.605649258431594339e-01	2.605649258431594339e-01	2.605649258431594339e-01	1.988472622478389962e-01	5.056179775280900124e-01	2.605649258431594339e-01	3.333333333333329818e-01	3.843750000000000222e-01	2.605649258431594339e-01	2.605649258431594339e-01	2.605649258431594339e-01	2.605649258431594339e-01	2.605649258431594339e-01	3.341708542713570096e-01	2.909698996655519787e-01	2.870090634441089805e-01	2.605649258431594339e-01	2.605649258431594339e-01	2.605649258431594339e-01	2.605649258431594339e-01	2.605649258431594339e-01	2.605649258431594339e-01	2.192513368983959876e-01	2.605649258431594339e-01	3.703703703703700167e-01	2.605649258431594339e-01	2.605649258431594339e-01	2.605649258431594339e-01	2.605649258431594339e-01	2.605649258431594339e-01	2.605649258431594339e-01	2.605649258431594339e-01	2.605649258431594339e-01	2.477611940298510007e-01	2.717086834733890011e-01	2.607655502392339786e-01	3.502994011976049982e-01	2.605649258431594339e-01	3.387533875338750167e-01	2.605649258431594339e-01	2.605649258431594339e-01	2.605649258431594339e-01	2.605649258431594339e-01	2.605649258431594339e-01	3.509749303621170213e-01	2.605649258431594339e-01	2.605649258431594339e-01	2.605649258431594339e-01	1.289198606271780012e-01	2.605649258431594339e-01	2.605649258431594339e-01	2.605649258431594339e-01	2.565597667638480073e-01	2.605649258431594339e-01	2.605649258431594339e-01	2.605649258431594339e-01	3.351063829787230275e-01	2.605649258431594339e-01	2.605649258431594339e-01	1.766169154228859894e-01	2.605649258431594339e-01	2.605649258431594339e-01	2.605649258431594339e-01	2.605649258431594339e-01	2.582582582582579889e-01	3.393316195372749755e-01	2.605649258431594339e-01	2.605649258431594339e-01	2.605649258431594339e-01	7.604562737642589845e-03	2.605649258431594339e-01	1.828703703703699890e-01	2.860892388451439783e-01	2.605649258431594339e-01	2.605649258431594339e-01	2.920353982300890050e-01	2.605649258431594339e-01	2.605649258431594339e-01	2.605649258431594339e-01	2.605649258431594339e-01	2.605649258431594339e-01	2.605649258431594339e-01	2.605649258431594339e-01	2.605649258431594339e-01	2.605649258431594339e-01	2.898089171974519984e-01	2.544987146529559818e-01	2.605649258431594339e-01	2.605649258431594339e-01	2.605649258431594339e-01	2.605649258431594339e-01	2.605649258431594339e-01	2.207357859531769995e-01	2.605649258431594339e-01	4.289772727272729846e-01	2.477611940298510007e-01	2.605649258431594339e-01	2.685421994884910069e-01	2.605649258431594339e-01	2.605649258431594339e-01	3.048780487804880202e-01	2.605649258431594339e-01	2.605649258431594339e-01	2.605649258431594339e-01	3.811764705882350057e-01	2.605649258431594339e-01	2.605649258431594339e-01	2.605649258431594339e-01	2.605649258431594339e-01	2.605649258431594339e-01	2.492753623188410095e-01	2.605649258431594339e-01
2.605649258431594339e-01	1.931818181818180102e-01	2.605649258431594339e-01	3.209876543209880251e-01	1.704545454545449978e-01	1.976401179941000008e-01	2.605649258431594339e-01	2.605649258431594339e-01	2.605649258431594339e-01	3.270440251572330204e-01	1.000000000000000000e+00	2.605649258431594339e-01	2.605649258431594339e-01	2.605649258431594339e-01	2.605649258431594339e-01	1.760299625468159934e-01	2.605649258431594339e-01	2.605649258431594339e-01	2.605649258431594339e-01	2.605649258431594339e-01	2.605649258431594339e-01	2.605649258431594339e-01	4.280821917808220189e-01	2.605649258431594339e-01	3.745318352059929801e-01	3.159509202453990029e-01	2.605649258431594339e-01	4.464285714285710083e-01	2.605649258431594339e-01	2.605649258431594339e-01	3.403361344537820243e-01	2.605649258431594339e-01	2.605649258431594339e-01	4.960317460317459903e-01	2.605649258431594339e-01	2.605649258431594339e-01	2.605649258431594339e-01	2.320000000000000118e-01	2.605649258431594339e-01	2.605649258431594339e-01	1.732026143790849904e-01	2.605649258431594339e-01	2.605649258431594339e-01	2.605649258431594339e-01	2.133995037220839941e-01	2.605649258431594339e-01	2.605649258431594339e-01	2.605649258431594339e-01	2.605649258431594339e-01	3.715170278637769941e-01	4.848484848484849730e-01	2.605649258431594339e-01	2.605649258431594339e-01	2.605649258431594339e-01	2.605649258431594339e-01	1.805555555555559966e-01	2.605649258431594339e-01	2.605649258431594339e-01	2.605649258431594339e-01	2.605649258431594339e-01	2.605649258431594339e-01	5.025380710659900219e-01	2.605649258431594339e-01	1.349480968858129959e-01	2.605649258431594339e-01	3.010204081632649742e-01	4.016064257028110207e-01	2.605649258431594339e-01	2.605649258431594339e-01	2.605649258431594339e-01	2.605649258431594339e-01	2.605649258431594339e-01	2.605649258431594339e-01	2.605649258431594339e-01	2.605649258431594339e-01	2.605649258431594339e-01	2.605649258431594339e-01	3.828382838283829748e-01	2.160493827160490099e-01	2.605649258431594339e-01	2.605649258431594339e-01	2.605649258431594339e-01	2.605649258431594339e-01	1.855072463768120128e-01	2.605649258431594339e-01	2.605649258431594339e-01	2.605649258431594339e-01	2.684210526315790046e-01	2.261306532663319990e-01	2.605649258431594339e-01	1.722054380664649886e-01	2.605649258431594339e-01	2.605649258431594339e-01	2.605649258431594339e-01	4.194915254237289726e-01	3.154362416107380218e-01	2.605649258431594339e-01	2.605649258431594339e-01	2.781456953642379992e-01	2.605649258431594339e-01	3.582887700534759801e-01	2.605649258431594339e-01	2.605649258431594339e-01	4.379562043795620085e-01	2.605649258431594339e-01	2.605649258431594339e-01	2.605649258431594339e-01	2.605649258431594339e-01	2.605649258431594339e-01	2.605649258431594339e-01	2.605649258431594339e-01	2.605649258431594339e-01	3.931623931623929868e-01	2.605649258431594339e-01	3.296703296703299979e-01	2.605649258431594339e-01	2.605649258431594339e-01	2.605649258431594339e-01	2.605649258431594339e-01	3.381294964028779826e-01	2.676470588235290160e-01	2.605649258431594339e-01	2.605649258431594339e-01	2.605649258431594339e-01
3.765432098765429947e-01	2.605649258431594339e-01	2.605649258431594339e-01	2.605649258431594339e-01	2.605649258431594339e-01	2.605649258431594339e-01	2.605649258431594339e-01	2.530120481927710108e-01	2.633136094674560224e-01	3.973333333333329831e-01	2.605649258431594339e-01	1.000000000000000000e+00	2.605649258431594339e-01	2.605649258431594339e-01	2.605649258431594339e-01	1.784702549575070130e-01	2.605649258431594339e-01	2.605649258431594339e-01	2.605649258431594339e-01	4.429967426710100242e-01	2.605649258431594339e-01	2.605649258431594339e-01	2.605649258431594339e-01	4.619422572178479847e-01	2.955801104972379800e-01	3.143564356435640250e-01	2.605649258431594339e-01	2.605649258431594339e-01	2.773333333333329875e-01	2.605649258431594339e-01	2.605649258431594339e-01	1.242774566473990039e-01	2.605649258431594339e-01	2.605649258431594339e-01	2.605649258431594339e-01	2.605649258431594339e-01	2.605649258431594339e-01	1.781609195402300005e-01	4.119241192411919883e-01	2.605649258431594339e-01	2.605649258431594339e-01	2.605649258431594339e-01	2.605649258431594339e-01	2.605649258431594339e-01	2.605649258431594339e-01	2.605649258431594339e-01	2.605649258431594339e-01	2.605649258431594339e-01	2.605649258431594339e-01	2.703962703962700109e-01	2.605649258431594339e-01	2.605649258431594339e-01	2.605649258431594339e-01	2.605649258431594339e-01	2.339181286549709970e-01	2.605649258431594339e-01	2.605649258431594339e-01	2.605649258431594339e-01	2.605649258431594339e-01	1.858407079646020033e-01	2.605649258431594339e-01	2.605649258431594339e-01	3.547400611620800115e-01	2.605649258431594339e-01	2.605649258431594339e-01	3.275488069414320136e-01	2.605649258431594339e-01	2.605649258431594339e-01	2.605649258431594339e-01	2.605649258431594339e-01	2.605649258431594339e-01	2.605649258431594339e-01	2.605649258431594339e-01	2.605649258431594339e-01	2.605649258431594339e-01	4.973404255319149869e-01	2.180232558139529875e-01	2.605649258431594339e-01	2.605649258431594339e-01	2.605649258431594339e-01	2.605649258431594339e-01	2.605649258431594339e-01	2.605649258431594339e-01	2.605649258431594339e-01	2.605649258431594339e-01	1.258278145695360117e-01	4.290030211480360123e-01	2.605649258431594339e-01	2.605649258431594339e-01	2.605649258431594339e-01	2.605649258431594339e-01	2.605649258431594339e-01	2.188940092165899964e-01	2.605649258431594339e-01	3.829113924050630002e-01	2.605649258431594339e-01	2.605649258431594339e-01	2.605649258431594339e-01	2.605649258431594339e-01	2.240566037735849947e-01	2.605649258431594339e-01	2.605649258431594339e-01	2.605649258431594339e-01	3.816155988857939940e-01	2.605649258431594339e-01	2.605649258431594339e-01	2.605649258431594339e-01	2.605649258431594339e-01	2.605649258431594339e-01	2.685421994884910069e-01	2.605649258431594339e-01	2.605649258431594339e-01	2.605649258431594339e-01	2.605649258431594339e-01	2.567567567567570208e-01	3.368421052631579982e-01	2.605649258431594339e-01	2.605649258431594339e-01	2.605649258431594339e-01	2.605649258431594339e-01	2.605649258431594339e-01	2.597402597402599933e-01	2.751479289940830242e-01	2.605649258431594339e-01
