1.000000000000000000e+00	3.556022447605000636e-01	3.556022447605000636e-01	3.556022447605000636e-01	3.173076923076920131e-01	3.556022447605000636e-01	3.556022447605000636e-01	3.556022447605000636e-01	3.556022447605000636e-01	3.556022447605000636e-01	3.556022447605000636e-01	4.375000000000000000e-01	3.556022447605000636e-01	3.556022447605000636e-01	3.556022447605000636e-01	3.556022447605000636e-01	3.556022447605000636e-01	3.556022447605000636e-01	3.556022447605000636e-01	3.556022447605000636e-01	4.537815126050420145e-01	4.745762711864410233e-01	3.556022447605000636e-01	3.556022447605000636e-01	3.556022447605000636e-01	3.357142857142860204e-01	3.556022447605000636e-01	3.556022447605000636e-01	3.556022447605000636e-01	3.556022447605000636e-01	3.556022447605000636e-01	3.614457831325300075e-01	4.154929577464789858e-01	3.556022447605000636e-01	3.556022447605000636e-01	6.129032258064519567e-01	5.301204819277109959e-01	3.556022447605000636e-01	5.000000000000000000e-01	4.580152671755730043e-01	3.820224719101120159e-01	3.556022447605000636e-01	5.089285714285709528e-01	3.947368421052629972e-01	5.888888888888890172e-01	3.556022447605000636e-01	3.556022447605000636e-01	3.556022447605000636e-01	3.556022447605000636e-01	3.556022447605000636e-01	3.556022447605000636e-01	3.556022447605000636e-01	1.686746987951809884e-01	3.556022447605000636e-01	2.843137254901960120e-01	3.556022447605000636e-01	3.556022447605000636e-01	3.556022447605000636e-01	3.556022447605000636e-01	3.556022447605000636e-01	1.489361702127660059e-01	3.556022447605000636e-01	3.556022447605000636e-01	3.556022447605000636e-01	3.556022447605000636e-01	3.211678832116789950e-01	5.060240963855420215e-01	1.944444444444440034e-01	3.556022447605000636e-01	3.556022447605000636e-01	3.556022447605000636e-01	3.556022447605000636e-01	3.556022447605000636e-01	3.556022447605000636e-01	3.556022447605000636e-01	4.369747899159659998e-01	3.556022447605000636e-01	3.333333333333329818e-01	3.556022447605000636e-01	5.520833333333330373e-01	3.556022447605000636e-01	3.556022447605000636e-01	3.556022447605000636e-01	3.556022447605000636e-01	3.556022447605000636e-01	1.944444444444440034e-01	3.556022447605000636e-01	3.556022447605000636e-01	3.703703703703700167e-01	3.556022447605000636e-01	3.556022447605000636e-01	3.556022447605000636e-01	4.899999999999999911e-01	3.556022447605000636e-01	3.556022447605000636e-01	5.833333333333330373e-01	3.888888888888890061e-01	2.654867256637170048e-01	3.556022447605000636e-01	4.123711340206189790e-01	5.217391304347830383e-01	3.556022447605000636e-01	3.556022447605000636e-01	3.556022447605000636e-01	2.702702702702700077e-01	3.556022447605000636e-01	3.556022447605000636e-01	3.556022447605000636e-01	4.912280701754390133e-01	5.957446808510640235e-01	3.556022447605000636e-01	3.556022447605000636e-01	3.556022447605000636e-01	3.556022447605000636e-01	3.556022447605000636e-01	5.106382978723400523e-01	3.556022447605000636e-01	3.556022447605000636e-01	5.168539325842700372e-01	3.556022447605000636e-01	2.138364779874210031e-01	3.556022447605000636e-01	3.556022447605000636e-01	3.556022447605000636e-01
3.556022447605000636e-01	1.000000000000000000e+00	3.556022447605000636e-01	3.556022447605000636e-01	3.556022447605000636e-01	3.556022447605000636e-01	3.556022447605000636e-01	3.556022447605000636e-01	3.556022447605000636e-01	3.556022447605000636e-01	3.556022447605000636e-01	3.556022447605000636e-01	4.049586776859500081e-01	3.556022447605000636e-01	3.556022447605000636e-01	3.556022447605000636e-01	2.550335570469799973e-01	3.529411764705879806e-01	3.556022447605000636e-01	3.556022447605000636e-01	3.556022447605000636e-01	3.556022447605000636e-01	3.556022447605000636e-01	4.017857142857140240e-01	3.556022447605000636e-01	3.556022447605000636e-01	3.556022447605000636e-01	3.556022447605000636e-01	3.556022447605000636e-01	3.311258278145700062e-01	3.556022447605000636e-01	4.683544303797469999e-01	3.556022447605000636e-01	3.556022447605000636e-01	3.556022447605000636e-01	3.556022447605000636e-01	3.556022447605000636e-01	3.556022447605000636e-01	3.556022447605000636e-01	3.556022447605000636e-01	3.556022447605000636e-01	4.418604651162790220e-01	3.556022447605000636e-01	5.728155339805820478e-01	3.556022447605000636e-01	2.920353982300890050e-01	3.556022447605000636e-01	5.398230088495570289e-01	2.201834862385320113e-01	3.556022447605000636e-01	3.556022447605000636e-01	2.748091603053440246e-01	3.556022447605000636e-01	3.556022447605000636e-01	3.556022447605000636e-01	3.556022447605000636e-01	3.556022447605000636e-01	2.266666666666669883e-01	3.556022447605000636e-01	3.556022447605000636e-01	3.556022447605000636e-01	3.556022447605000636e-01	3.556022447605000636e-01	4.691358024691359985e-01	3.556022447605000636e-01	3.556022447605000636e-01	3.556022447605000636e-01	3.556022447605000636e-01	3.556022447605000636e-01	3.556022447605000636e-01	3.893805309734509890e-01	4.749999999999999778e-01	3.556022447605000636e-01	3.556022447605000636e-01	3.556022447605000636e-01	3.556022447605000636e-01	3.556022447605000636e-01	3.556022447605000636e-01	3.426573426573429892e-01	3.556022447605000636e-01	3.556022447605000636e-01	3.556022447605000636e-01	3.556022447605000636e-01	3.556022447605000636e-01	3.823529411764710062e-01	3.556022447605000636e-01	3.556022447605000636e-01	3.556022447605000636e-01	3.556022447605000636e-01	3.269230769230769829e-01	3.556022447605000636e-01	3.556022447605000636e-01	3.556022447605000636e-01	3.556022447605000636e-01	3.367346938775510057e-01	3.556022447605000636e-01	4.382022471910109740e-01	3.556022447605000636e-01	3.556022447605000636e-01	3.556022447605000636e-01	3.556022447605000636e-01	3.556022447605000636e-01	3.556022447605000636e-01	5.775862068965520457e-01	3.090909090909090273e-01	3.556022447605000636e-01	3.556022447605000636e-01	3.556022447605000636e-01	4.180327868852459772e-01	3.556022447605000636e-01	3.556022447605000636e-01	4.954954954954949864e-01	4.343434343434339762e-01	3.556022447605000636e-01	3.556022447605000636e-01	3.556022447605000636e-01	3.556022447605000636e-01	2.822580645161290036e-01	3.556022447605000636e-01	3.556022447605000636e-01	3.556022447605000636e-01	3.556022447605000636e-01	3.556022447605000636e-01	3.556022447605000636e-01
3.556022447605000636e-01	3.556022447605000636e-01	1.000000000000000000e+00	3.556022447605000636e-01	4.705882352941179736e-01	4.042553191489359765e-01	4.197530864197530076e-01	3.556022447605000636e-01	3.556022447605000636e-01	3.556022447605000636e-01	3.556022447605000636e-01	3.556022447605000636e-01	3.839285714285710083e-01	3.556022447605000636e-01	3.556022447605000636e-01	3.556022447605000636e-01	3.650793650793650036e-01	3.556022447605000636e-01	3.556022447605000636e-01	3.556022447605000636e-01	3.556022447605000636e-01	3.556022447605000636e-01	3.556022447605000636e-01	3.556022447605000636e-01	5.333333333333329929e-01	3.556022447605000636e-01	3.556022447605000636e-01	3.556022447605000636e-01	3.846153846153850253e-01	3.556022447605000636e-01	3.556022447605000636e-01	3.556022447605000636e-01	3.556022447605000636e-01	3.556022447605000636e-01	5.999999999999999778e-01	3.556022447605000636e-01	4.556962025316459997e-01	3.556022447605000636e-01	3.556022447605000636e-01	3.556022447605000636e-01	2.197802197802199986e-01	1.720430107526879915e-01	3.556022447605000636e-01	3.556022447605000636e-01	3.556022447605000636e-01	3.556022447605000636e-01	3.556022447605000636e-01	5.000000000000000000e-01	3.556022447605000636e-01	5.106382978723400523e-01	3.556022447605000636e-01	3.944954128440369967e-01	1.971830985915490053e-01	3.556022447605000636e-01	3.556022447605000636e-01	3.556022447605000636e-01	3.556022447605000636e-01	3.556022447605000636e-01	3.556022447605000636e-01	3.556022447605000636e-01	3.556022447605000636e-01	4.925373134328360214e-01	5.113636363636360205e-01	3.556022447605000636e-01	3.556022447605000636e-01	3.556022447605000636e-01	5.694444444444439757e-01	2.542372881355929870e-01	3.556022447605000636e-01	3.556022447605000636e-01	3.556022447605000636e-01	3.556022447605000636e-01	2.710280373831779888e-01	5.074626865671639786e-01	3.556022447605000636e-01	5.000000000000000000e-01	5.000000000000000000e-01	3.556022447605000636e-01	3.556022447605000636e-01	3.556022447605000636e-01	3.556022447605000636e-01	3.556022447605000636e-01	3.556022447605000636e-01	3.300000000000000155e-01	3.556022447605000636e-01	3.556022447605000636e-01	3.893805309734509890e-01	2.756410256410259940e-01	3.556022447605000636e-01	7.571428571428570065e-01	3.211678832116789950e-01	3.556022447605000636e-01	3.556022447605000636e-01	3.556022447605000636e-01	3.556022447605000636e-01	4.583333333333329818e-01	3.556022447605000636e-01	3.556022447605000636e-01	3.556022447605000636e-01	3.556022447605000636e-01	3.556022447605000636e-01	3.556022447605000636e-01	3.193277310924370060e-01	4.237288135593220151e-01	4.175824175824179862e-01	3.556022447605000636e-01	4.000000000000000222e-01	3.556022447605000636e-01	3.556022447605000636e-01	3.556022447605000636e-01	5.571428571428570509e-01	3.556022447605000636e-01	4.941176470588239944e-01	4.455445544554459958e-01	3.556022447605000636e-01	3.556022447605000636e-01	3.556022447605000636e-01	3.556022447605000636e-01	3.556022447605000636e-01	3.556022447605000636e-01	3.556022447605000636e-01	3.556022447605000636e-01	3.556022447605000636e-01	3.556022447605000636e-01
3.556022447605000636e-01	3.556022447605000636e-01	3.556022447605000636e-01	1.000000000000000000e+00	3.556022447605000636e-01	3.556022447605000636e-01	3.556022447605000636e-01	3.556022447605000636e-01	4.344262295081969816e-01	3.556022447605000636e-01	4.545454545454549744e-01	3.556022447605000636e-01	3.777777777777779900e-01	3.556022447605000636e-01	3.556022447605000636e-01	3.556022447605000636e-01	3.556022447605000636e-01	3.556022447605000636e-01	3.556022447605000636e-01	3.786407766990290136e-01	3.556022447605000636e-01	3.556022447605000636e-01	3.556022447605000636e-01	3.556022447605000636e-01	3.556022447605000636e-01	3.556022447605000636e-01	3.556022447605000636e-01	4.899999999999999911e-01	3.556022447605000636e-01	3.734177215189870003e-01	3.805309734513270259e-01	3.556022447605000636e-01	4.012738853503179937e-01	3.556022447605000636e-01	3.556022447605000636e-01	3.556022447605000636e-01	3.556022447605000636e-01	3.556022447605000636e-01	3.517241379310340199e-01	3.556022447605000636e-01	3.556022447605000636e-01	1.290322580645159867e-01	3.055555555555560243e-01	3.556022447605000636e-01	3.556022447605000636e-01	3.556022447605000636e-01	4.649122807017539993e-01	3.556022447605000636e-01	3.556022447605000636e-01	3.556022447605000636e-01	3.556022447605000636e-01	3.455882352941179736e-01	3.556022447605000636e-01	4.454545454545449923e-01	3.556022447605000636e-01	3.556022447605000636e-01	3.556022447605000636e-01	3.556022447605000636e-01	3.556022447605000636e-01	3.157894736842110084e-01	3.556022447605000636e-01	3.556022447605000636e-01	4.137931034482760229e-01	3.556022447605000636e-01	4.476190476190480272e-01	3.422818791946309891e-01	3.556022447605000636e-01	3.556022447605000636e-01	3.248730964466999827e-01	3.556022447605000636e-01	3.556022447605000636e-01	3.556022447605000636e-01	3.556022447605000636e-01	3.556022447605000636e-01	3.556022447605000636e-01	3.556022447605000636e-01	3.556022447605000636e-01	3.902439024390240152e-01	3.164556962025319997e-01	3.556022447605000636e-01	3.556022447605000636e-01	2.197802197802200055e-02	3.028169014084510224e-01	3.556022447605000636e-01	4.537037037037039977e-01	3.556022447605000636e-01	3.428571428571430268e-01	3.556022447605000636e-01	3.556022447605000636e-01	3.556022447605000636e-01	2.926829268292679975e-01	3.382352941176470229e-01	3.556022447605000636e-01	3.556022447605000636e-01	4.699999999999999734e-01	3.556022447605000636e-01	3.556022447605000636e-01	4.594594594594589854e-01	3.556022447605000636e-01	3.556022447605000636e-01	3.556022447605000636e-01	3.556022447605000636e-01	3.556022447605000636e-01	3.556022447605000636e-01	3.556022447605000636e-01	3.556022447605000636e-01	3.556022447605000636e-01	3.556022447605000636e-01	3.556022447605000636e-01	3.556022447605000636e-01	3.556022447605000636e-01	4.108527131782950259e-01	3.556022447605000636e-01	3.556022447605000636e-01	3.556022447605000636e-01	3.556022447605000636e-01	3.556022447605000636e-01	3.556022447605000636e-01	3.162393162393160040e-01	3.556022447605000636e-01	3.556022447605000636e-01	3.333333333333329818e-01	6.774193548387099639e-01	3.556022447605000636e-01
3.173076923076920131e-01	3.556022447605000636e-01	4.705882352941179736e-01	3.556022447605000636e-01	1.000000000000000000e+00	3.556022447605000636e-01	4.186046511627909972e-01	3.626373626373630144e-01	3.556022447605000636e-01	3.556022447605000636e-01	4.634146341463409868e-01	3.556022447605000636e-01	3.556022447605000636e-01	3.357664233576639901e-01	3.556022447605000636e-01	3.556022447605000636e-01	2.877697841726620243e-01	3.556022447605000636e-01	3.556022447605000636e-01	3.556022447605000636e-01	3.556022447605000636e-01	3.556022447605000636e-01	3.556022447605000636e-01	5.050505050505049720e-01	4.077669902912620103e-01	3.556022447605000636e-01	3.556022447605000636e-01	3.556022447605000636e-01	3.556022447605000636e-01	3.556022447605000636e-01	3.556022447605000636e-01	3.556022447605000636e-01	3.556022447605000636e-01	3.556022447605000636e-01	3.556022447605000636e-01	3.556022447605000636e-01	3.556022447605000636e-01	3.556022447605000636e-01	3.556022447605000636e-01	3.556022447605000636e-01	3.556022447605000636e-01	3.556022447605000636e-01	3.556022447605000636e-01	6.739130434782609758e-01	4.375000000000000000e-01	3.556022447605000636e-01	3.119266055045870067e-01	3.556022447605000636e-01	3.556022447605000636e-01	3.556022447605000636e-01	3.689320388349510149e-01	3.556022447605000636e-01	3.556022447605000636e-01	3.556022447605000636e-01	3.556022447605000636e-01	2.028985507246379993e-01	3.556022447605000636e-01	3.556022447605000636e-01	3.556022447605000636e-01	3.556022447605000636e-01	3.556022447605000636e-01	3.556022447605000636e-01	3.556022447605000636e-01	3.556022447605000636e-01	4.883720930232560153e-01	3.134328358208959830e-01	3.556022447605000636e-01	3.556022447605000636e-01	3.556022447605000636e-01	3.333333333333329818e-01	3.556022447605000636e-01	2.941176470588239833e-01	3.556022447605000636e-01	3.556022447605000636e-01	3.556022447605000636e-01	3.556022447605000636e-01	3.556022447605000636e-01	3.556022447605000636e-01	4.153846153846150191e-01	5.319148936170210451e-01	4.375000000000000000e-01	1.470588235294120055e-02	4.122807017543860253e-01	3.556022447605000636e-01	3.556022447605000636e-01	3.556022447605000636e-01	3.556022447605000636e-01	2.484848484848480032e-01	4.520547945205479756e-01	4.130434782608700117e-01	3.556022447605000636e-01	2.440944881889759999e-01	3.556022447605000636e-01	3.556022447605000636e-01	3.556022447605000636e-01	3.556022447605000636e-01	3.556022447605000636e-01	3.556022447605000636e-01	3.556022447605000636e-01	3.556022447605000636e-01	3.235294117647060097e-01	3.678160919540229834e-01	3.556022447605000636e-01	3.556022447605000636e-01	3.333333333333329818e-01	2.290076335877860025e-01	3.556022447605000636e-01	3.556022447605000636e-01	3.556022447605000636e-01	4.646464646464649739e-01	3.975903614457830249e-01	3.556022447605000636e-01	3.556022447605000636e-01	3.556022447605000636e-01	3.556022447605000636e-01	3.699999999999999956e-01	3.556022447605000636e-01	3.556022447605000636e-01	4.130434782608700117e-01	3.556022447605000636e-01	2.617449664429529754e-01	2.972972972972969807e-01	3.556022447605000636e-01	3.928571428571430157e-01
3.556022447605000636e-01	3.556022447605000636e-01	4.042553191489359765e-01	3.556022447605000636e-01	3.556022447605000636e-01	1.000000000000000000e+00	5.731707317073170271e-01	3.936170212765959797e-01	5.192307692307690514e-01	3.556022447605000636e-01	3.556022447605000636e-01	2.916666666666670182e-01	3.556022447605000636e-01	3.556022447605000636e-01	3.556022447605000636e-01	3.556022447605000636e-01	2.567567567567570208e-01	3.556022447605000636e-01	3.556022447605000636e-01	3.556022447605000636e-01	3.556022447605000636e-01	3.556022447605000636e-01	3.009708737864080219e-01	3.556022447605000636e-01	3.556022447605000636e-01	3.216783216783219990e-01	2.021276595744679883e-01	3.894736842105260277e-01	3.556022447605000636e-01	3.556022447605000636e-01	3.556022447605000636e-01	3.556022447605000636e-01	3.556022447605000636e-01	3.556022447605000636e-01	4.059405940594060236e-01	4.205607476635510045e-01	2.772277227722769744e-01	2.711864406779659897e-01	3.556022447605000636e-01	3.556022447605000636e-01	3.556022447605000636e-01	3.556022447605000636e-01	3.556022447605000636e-01	3.556022447605000636e-01	3.556022447605000636e-01	3.556022447605000636e-01	3.556022447605000636e-01	3.556022447605000636e-01	2.222222222222219878e-01	3.556022447605000636e-01	3.556022447605000636e-01	3.556022447605000636e-01	3.556022447605000636e-01	3.556022447605000636e-01	3.556022447605000636e-01	3.556022447605000636e-01	3.402061855670099888e-01	2.465753424657529946e-01	1.287878787878790066e-01	3.556022447605000636e-01	3.556022447605000636e-01	3.556022447605000636e-01	4.000000000000000222e-01	5.945945945945949607e-01	3.556022447605000636e-01	3.556022447605000636e-01	2.700000000000000178e-01	2.054794520547950087e-01	3.556022447605000636e-01	3.655913978494619854e-01	3.556022447605000636e-01	3.556022447605000636e-01	3.556022447605000636e-01	4.024390243902439823e-01	4.811320754716980064e-01	3.556022447605000636e-01	3.556022447605000636e-01	1.937984496124030009e-01	3.556022447605000636e-01	3.556022447605000636e-01	3.556022447605000636e-01	3.556022447605000636e-01	3.556022447605000636e-01	3.556022447605000636e-01	3.556022447605000636e-01	3.556022447605000636e-01	3.556022447605000636e-01	3.556022447605000636e-01	3.556022447605000636e-01	3.556022447605000636e-01	3.556022447605000636e-01	3.556022447605000636e-01	3.556022447605000636e-01	3.269230769230769829e-01	3.556022447605000636e-01	3.556022447605000636e-01	3.556022447605000636e-01	3.556022447605000636e-01	3.556022447605000636e-01	7.375000000000000444e-01	3.556022447605000636e-01	4.318181818181819898e-01	4.249999999999999889e-01	3.556022447605000636e-01	3.119266055045870067e-01	3.556022447605000636e-01	3.556022447605000636e-01	3.556022447605000636e-01	3.556022447605000636e-01	3.556022447605000636e-01	3.556022447605000636e-01	5.137614678899079523e-01	4.387755102040820088e-01	3.556022447605000636e-01	3.556022447605000636e-01	3.556022447605000636e-01	3.556022447605000636e-01	3.556022447605000636e-01	3.556022447605000636e-01	3.556022447605000636e-01	3.556022447605000636e-01	3.556022447605000636e-01	3.556022447605000636e-01	3.556022447605000636e-01
3.556022447605000636e-01	3.556022447605000636e-01	4.197530864197530076e-01	3.556022447605000636e-01	4.186046511627909972e-01	5.731707317073170271e-01	1.000000000000000000e+00	3.556022447605000636e-01	3.556022447605000636e-01	2.043795620437960092e-01	3.556022447605000636e-01	3.556022447605000636e-01	4.901960784313729724e-01	3.556022447605000636e-01	3.556022447605000636e-01	3.556022447605000636e-01	3.556022447605000636e-01	3.556022447605000636e-01	3.556022447605000636e-01	4.025974025974030091e-01	3.556022447605000636e-01	3.556022447605000636e-01	3.556022447605000636e-01	3.556022447605000636e-01	3.556022447605000636e-01	3.556022447605000636e-01	3.556022447605000636e-01	3.556022447605000636e-01	3.556022447605000636e-01	3.556022447605000636e-01	3.556022447605000636e-01	3.556022447605000636e-01	3.381294964028779826e-01	3.556022447605000636e-01	3.888888888888890061e-01	3.556022447605000636e-01	3.556022447605000636e-01	3.556022447605000636e-01	3.556022447605000636e-01	3.556022447605000636e-01	3.556022447605000636e-01	3.556022447605000636e-01	3.556022447605000636e-01	3.556022447605000636e-01	3.556022447605000636e-01	3.556022447605000636e-01	2.912621359223300233e-01	4.857142857142859871e-01	3.556022447605000636e-01	3.556022447605000636e-01	3.556022447605000636e-01	3.556022447605000636e-01	3.556022447605000636e-01	3.556022447605000636e-01	3.556022447605000636e-01	3.556022447605000636e-01	3.556022447605000636e-01	2.542372881355929870e-01	1.379310344827590074e-01	3.647058823529409910e-01	1.772151898734179998e-01	3.556022447605000636e-01	4.444444444444439757e-01	3.556022447605000636e-01	3.556022447605000636e-01	3.556022447605000636e-01	3.556022447605000636e-01	3.556022447605000636e-01	3.556022447605000636e-01	3.556022447605000636e-01	3.556022447605000636e-01	3.556022447605000636e-01	3.556022447605000636e-01	4.848484848484849730e-01	3.556022447605000636e-01	3.556022447605000636e-01	3.411764705882350257e-01	2.017543859649119919e-01	2.888888888888889728e-01	3.556022447605000636e-01	3.556022447605000636e-01	1.724137931034479959e-02	3.556022447605000636e-01	4.444444444444439757e-01	3.556022447605000636e-01	2.456140350877190071e-01	5.555555555555560243e-01	3.556022447605000636e-01	3.556022447605000636e-01	3.556022447605000636e-01	3.556022447605000636e-01	3.556022447605000636e-01	3.556022447605000636e-01	3.556022447605000636e-01	4.303797468354430000e-01	3.556022447605000636e-01	3.556022447605000636e-01	3.556022447605000636e-01	3.556022447605000636e-01	3.556022447605000636e-01	3.556022447605000636e-01	3.556022447605000636e-01	4.528301886792450159e-01	3.556022447605000636e-01	2.989690721649480021e-01	2.905982905982910092e-01	3.556022447605000636e-01	3.556022447605000636e-01	3.556022447605000636e-01	3.556022447605000636e-01	4.133333333333329973e-01	3.556022447605000636e-01	3.932584269662919851e-01	6.250000000000000000e-01	3.556022447605000636e-01	3.092783505154639845e-01	3.556022447605000636e-01	2.935779816513759966e-01	3.556022447605000636e-01	3.556022447605000636e-01	3.556022447605000636e-01	3.556022447605000636e-01	3.863636363636360205e-01	3.556022447605000636e-01
3.556022447605000636e-01	3.556022447605000636e-01	3.556022447605000636e-01	3.556022447605000636e-01	3.626373626373630144e-01	3.936170212765959797e-01	3.556022447605000636e-01	1.000000000000000000e+00	3.556022447605000636e-01	3.688524590163930195e-01	3.556022447605000636e-01	3.571428571428569843e-01	3.556022447605000636e-01	3.565891472868220058e-01	3.556022447605000636e-01	3.556022447605000636e-01	3.556022447605000636e-01	3.556022447605000636e-01	3.556022447605000636e-01	3.556022447605000636e-01	4.545454545454549744e-01	3.556022447605000636e-01	3.556022447605000636e-01	5.326086956521739468e-01	3.556022447605000636e-01	3.556022447605000636e-01	4.202898550724640248e-01	3.556022447605000636e-01	3.888888888888890061e-01	3.503649635036499843e-01	3.556022447605000636e-01	3.556022447605000636e-01	3.556022447605000636e-01	6.329113924050630002e-01	3.556022447605000636e-01	3.556022447605000636e-01	5.200000000000000178e-01	3.556022447605000636e-01	3.556022447605000636e-01	4.354838709677419928e-01	3.556022447605000636e-01	3.556022447605000636e-01	3.556022447605000636e-01	3.556022447605000636e-01	3.556022447605000636e-01	3.541666666666670182e-01	3.556022447605000636e-01	3.556022447605000636e-01	3.556022447605000636e-01	3.556022447605000636e-01	3.556022447605000636e-01	4.950495049504949896e-01	3.556022447605000636e-01	3.556022447605000636e-01	3.556022447605000636e-01	3.556022447605000636e-01	3.556022447605000636e-01	3.556022447605000636e-01	3.556022447605000636e-01	3.556022447605000636e-01	3.556022447605000636e-01	3.556022447605000636e-01	3.556022447605000636e-01	3.556022447605000636e-01	3.556022447605000636e-01	3.556022447605000636e-01	3.556022447605000636e-01	3.556022447605000636e-01	3.556022447605000636e-01	3.556022447605000636e-01	3.556022447605000636e-01	3.556022447605000636e-01	3.636363636363639795e-01	5.151515151515150270e-01	3.556022447605000636e-01	4.766355140186919748e-01	3.556022447605000636e-01	3.900000000000000133e-01	3.556022447605000636e-01	3.556022447605000636e-01	3.556022447605000636e-01	1.666666666666670113e-02	3.556022447605000636e-01	3.556022447605000636e-01	3.556022447605000636e-01	3.556022447605000636e-01	4.311926605504590171e-01	3.556022447605000636e-01	5.555555555555560243e-01	3.556022447605000636e-01	3.556022447605000636e-01	3.556022447605000636e-01	3.556022447605000636e-01	4.137931034482760229e-01	7.424242424242419869e-01	3.556022447605000636e-01	6.231884057971009971e-01	3.556022447605000636e-01	3.556022447605000636e-01	3.556022447605000636e-01	3.556022447605000636e-01	3.556022447605000636e-01	3.556022447605000636e-01	3.556022447605000636e-01	3.556022447605000636e-01	3.556022447605000636e-01	3.556022447605000636e-01	3.556022447605000636e-01	4.811320754716980064e-01	3.556022447605000636e-01	3.556022447605000636e-01	3.556022447605000636e-01	7.260273972602739878e-01	5.760869565217390242e-01	3.556022447605000636e-01	3.556022447605000636e-01	3.556022447605000636e-01	3.556022447605000636e-01	3.556022447605000636e-01	3.556022447605000636e-01	3.556022447605000636e-01	3.556022447605000636e-01	4.761904761904759975e-01	5.571428571428570509e-01
3.556022447605000636e-01	3.556022447605000636e-01	3.556022447605000636e-01	4.344262295081969816e-01	3.556022447605000636e-01	5.192307692307690514e-01	3.556022447605000636e-01	3.556022447605000636e-01	1.000000000000000000e+00	3.108108108108110224e-01	5.108695652173910196e-01	3.556022447605000636e-01	5.083333333333329707e-01	3.556022447605000636e-01	3.556022447605000636e-01	4.519230769230769829e-01	3.556022447605000636e-01	3.556022447605000636e-01	3.556022447605000636e-01	3.556022447605000636e-01	3.556022447605000636e-01	3.556022447605000636e-01	3.556022447605000636e-01	5.412844036697249672e-01	3.556022447605000636e-01	3.556022447605000636e-01	3.556022447605000636e-01	3.556022447605000636e-01	3.556022447605000636e-01	3.556022447605000636e-01	3.556022447605000636e-01	2.574257425742569882e-01	3.961038961038960138e-01	4.311926605504590171e-01	3.556022447605000636e-01	3.556022447605000636e-01	3.556022447605000636e-01	3.556022447605000636e-01	4.921875000000000000e-01	4.963503649635039872e-01	3.300970873786410187e-01	2.500000000000000000e-01	3.556022447605000636e-01	3.556022447605000636e-01	3.556022447605000636e-01	2.764227642276420038e-01	3.556022447605000636e-01	3.556022447605000636e-01	3.556022447605000636e-01	3.556022447605000636e-01	4.678899082568809820e-01	3.556022447605000636e-01	1.808510638297869955e-01	4.128440366972480069e-01	4.077669902912620103e-01	1.860465116279070019e-01	4.791666666666670182e-01	3.556022447605000636e-01	1.925925925925930093e-01	3.556022447605000636e-01	3.556022447605000636e-01	4.318181818181819898e-01	5.288461538461539657e-01	2.621359223300970265e-01	3.556022447605000636e-01	3.556022447605000636e-01	4.329896907216500002e-01	1.764705882352939903e-01	3.689839572192509798e-01	3.365384615384620082e-01	3.556022447605000636e-01	3.556022447605000636e-01	2.461538461538460010e-01	3.556022447605000636e-01	3.556022447605000636e-01	3.556022447605000636e-01	3.556022447605000636e-01	2.388059701492540043e-01	3.556022447605000636e-01	3.556022447605000636e-01	3.556022447605000636e-01	3.556022447605000636e-01	3.556022447605000636e-01	3.556022447605000636e-01	3.556022447605000636e-01	3.556022447605000636e-01	6.339285714285709528e-01	3.556022447605000636e-01	3.556022447605000636e-01	5.851063829787229720e-01	3.556022447605000636e-01	3.511450381679390165e-01	3.556022447605000636e-01	3.556022447605000636e-01	3.556022447605000636e-01	5.809523809523809978e-01	3.556022447605000636e-01	2.560000000000000053e-01	3.556022447605000636e-01	3.556022447605000636e-01	4.666666666666670071e-01	3.556022447605000636e-01	3.656716417910449990e-01	3.556022447605000636e-01	4.090909090909090051e-01	4.634146341463409868e-01	3.556022447605000636e-01	4.049586776859500081e-01	4.263565891472870240e-01	3.556022447605000636e-01	4.835164835164840191e-01	3.556022447605000636e-01	4.571428571428570176e-01	3.556022447605000636e-01	3.556022447605000636e-01	3.556022447605000636e-01	3.556022447605000636e-01	2.977099236641220226e-01	3.556022447605000636e-01	3.556022447605000636e-01	3.556022447605000636e-01	3.556022447605000636e-01	3.556022447605000636e-01	3.556022447605000636e-01
3.556022447605000636e-01	3.556022447605000636e-01	3.556022447605000636e-01	3.556022447605000636e-01	3.556022447605000636e-01	3.556022447605000636e-01	2.043795620437960092e-01	3.688524590163930195e-01	3.108108108108110224e-01	1.000000000000000000e+00	3.556022447605000636e-01	3.788819875776400226e-01	3.556022447605000636e-01	2.914285714285709816e-01	3.556022447605000636e-01	3.556022447605000636e-01	3.556022447605000636e-01	3.556022447605000636e-01	2.834645669291340209e-01	3.879310344827590074e-01	3.556022447605000636e-01	3.589743589743589758e-01	3.556022447605000636e-01	3.556022447605000636e-01	3.556022447605000636e-01	3.556022447605000636e-01	3.556022447605000636e-01	3.556022447605000636e-01	3.556022447605000636e-01	3.556022447605000636e-01	2.681159420289859763e-01	3.556022447605000636e-01	3.556022447605000636e-01	3.556022447605000636e-01	3.088235294117649965e-01	4.135338345864659759e-01	3.556022447605000636e-01	3.556022447605000636e-01	3.556022447605000636e-01	3.085714285714289962e-01	3.556022447605000636e-01	3.556022447605000636e-01	3.269230769230769829e-01	3.556022447605000636e-01	3.556022447605000636e-01	3.556022447605000636e-01	3.556022447605000636e-01	3.556022447605000636e-01	3.556022447605000636e-01	3.556022447605000636e-01	3.834586466165409990e-01	3.289473684210529880e-01	1.157024793388430062e-01	3.556022447605000636e-01	3.852459016393440239e-01	3.556022447605000636e-01	3.556022447605000636e-01	3.556022447605000636e-01	3.556022447605000636e-01	3.203125000000000000e-01	3.556022447605000636e-01	3.157894736842110084e-01	3.556022447605000636e-01	3.556022447605000636e-01	3.556022447605000636e-01	3.556022447605000636e-01	3.556022447605000636e-01	3.556022447605000636e-01	3.556022447605000636e-01	3.556022447605000636e-01	3.556022447605000636e-01	3.556022447605000636e-01	3.556022447605000636e-01	3.556022447605000636e-01	3.556022447605000636e-01	3.660130718954249796e-01	3.916666666666669960e-01	4.615384615384620082e-01	3.197674418604650182e-01	3.556022447605000636e-01	3.556022447605000636e-01	3.556022447605000636e-01	3.161290322580639911e-01	3.556022447605000636e-01	4.915254237288140260e-01	3.556022447605000636e-01	2.857142857142859760e-01	2.901554404145080257e-01	3.556022447605000636e-01	4.180327868852459772e-01	2.287234042553190072e-01	3.556022447605000636e-01	3.556022447605000636e-01	3.488372093023259790e-01	3.556022447605000636e-01	3.556022447605000636e-01	3.556022447605000636e-01	3.556022447605000636e-01	3.556022447605000636e-01	3.556022447605000636e-01	3.906250000000000000e-01	3.556022447605000636e-01	3.556022447605000636e-01	3.556022447605000636e-01	3.556022447605000636e-01	3.556022447605000636e-01	3.556022447605000636e-01	3.556022447605000636e-01	3.556022447605000636e-01	3.239436619718309984e-01	3.556022447605000636e-01	3.581081081081080031e-01	4.047619047619049892e-01	3.556022447605000636e-01	3.556022447605000636e-01	3.556022447605000636e-01	3.556022447605000636e-01	3.556022447605000636e-01	3.556022447605000636e-01	3.556022447605000636e-01	2.977528089887639950e-01	3.556022447605000636e-01	3.556022447605000636e-01	3.556022447605000636e-01
3.556022447605000636e-01	3.556022447605000636e-01	3.556022447605000636e-01	4.545454545454549744e-01	4.634146341463409868e-01	3.556022447605000636e-01	3.556022447605000636e-01	3.556022447605000636e-01	5.108695652173910196e-01	3.556022447605000636e-01	1.000000000000000000e+00	3.556022447605000636e-01	3.556022447605000636e-01	3.556022447605000636e-01	1.973684210526319982e-01	3.556022447605000636e-01	3.556022447605000636e-01	3.556022447605000636e-01	3.556022447605000636e-01	3.556022447605000636e-01	5.000000000000000000e-01	5.096153846153850253e-01	3.556022447605000636e-01	3.556022447605000636e-01	3.556022447605000636e-01	3.709677419354839856e-01	3.556022447605000636e-01	3.556022447605000636e-01	3.556022447605000636e-01	3.556022447605000636e-01	4.634146341463409868e-01	3.556022447605000636e-01	3.556022447605000636e-01	5.625000000000000000e-01	5.374999999999999778e-01	3.556022447605000636e-01	3.556022447605000636e-01	3.556022447605000636e-01	3.556022447605000636e-01	3.556022447605000636e-01	3.556022447605000636e-01	3.556022447605000636e-01	3.556022447605000636e-01	4.489795918367350258e-01	3.556022447605000636e-01	3.556022447605000636e-01	3.367346938775510057e-01	3.556022447605000636e-01	3.556022447605000636e-01	3.556022447605000636e-01	3.556022447605000636e-01	3.556022447605000636e-01	1.940298507462689948e-01	3.556022447605000636e-01	5.000000000000000000e-01	2.456140350877190071e-01	3.556022447605000636e-01	3.556022447605000636e-01	1.607142857142860037e-01	4.249999999999999889e-01	3.556022447605000636e-01	3.556022447605000636e-01	3.556022447605000636e-01	3.556022447605000636e-01	3.556022447605000636e-01	4.385964912280699846e-01	3.556022447605000636e-01	3.556022447605000636e-01	3.556022447605000636e-01	3.556022447605000636e-01	3.556022447605000636e-01	3.556022447605000636e-01	3.556022447605000636e-01	5.000000000000000000e-01	2.777777777777780122e-01	3.556022447605000636e-01	3.556022447605000636e-01	3.556022447605000636e-01	3.870967741935479878e-01	3.556022447605000636e-01	3.846153846153850253e-01	3.556022447605000636e-01	4.326923076923079869e-01	3.556022447605000636e-01	7.285714285714289806e-01	3.556022447605000636e-01	3.556022447605000636e-01	3.556022447605000636e-01	3.556022447605000636e-01	3.556022447605000636e-01	2.571428571428570065e-01	3.556022447605000636e-01	3.556022447605000636e-01	3.556022447605000636e-01	3.556022447605000636e-01	3.556022447605000636e-01	3.556022447605000636e-01	3.556022447605000636e-01	3.556022447605000636e-01	4.117647058823529771e-01	3.556022447605000636e-01	3.556022447605000636e-01	3.556022447605000636e-01	3.556022447605000636e-01	3.556022447605000636e-01	3.556022447605000636e-01	5.340909090909089496e-01	3.556022447605000636e-01	4.433962264150940191e-01	5.647058823529409466e-01	5.072463768115940130e-01	3.556022447605000636e-01	6.486486486486490177e-01	5.000000000000000000e-01	3.556022447605000636e-01	7.123287671232879648e-01	3.556022447605000636e-01	3.556022447605000636e-01	5.526315789473680296e-01	3.556022447605000636e-01	3.233082706766919889e-01	3.556022447605000636e-01	3.556022447605000636e-01	5.000000000000000000e-01
4.375000000000000000e-01	3.556022447605000636e-01	3.556022447605000636e-01	3.556022447605000636e-01	3.556022447605000636e-01	2.916666666666670182e-01	3.556022447605000636e-01	3.571428571428569843e-01	3.556022447605000636e-01	3.788819875776400226e-01	3.556022447605000636e-01	1.000000000000000000e+00	3.556022447605000636e-01	3.556022447605000636e-01	3.556022447605000636e-01	3.556022447605000636e-01	4.868421052631580204e-01	4.159999999999999809e-01	3.556022447605000636e-01	4.102564102564100201e-01	3.556022447605000636e-01	4.496644295302010264e-01	3.556022447605000636e-01	4.961832061068700006e-01	3.556022447605000636e-01	3.556022447605000636e-01	3.556022447605000636e-01	3.556022447605000636e-01	3.043478260869569851e-01	3.556022447605000636e-01	3.556022447605000636e-01	1.567164179104479915e-01	4.294117647058819931e-01	3.556022447605000636e-01	3.556022447605000636e-01	3.556022447605000636e-01	3.556022447605000636e-01	3.556022447605000636e-01	3.556022447605000636e-01	3.869047619047619735e-01	1.956521739130429871e-01	1.478873239436619969e-01	3.439490445859870182e-01	3.556022447605000636e-01	3.405797101449279940e-01	3.120567375886519890e-01	3.556022447605000636e-01	3.556022447605000636e-01	3.556022447605000636e-01	3.556022447605000636e-01	3.556022447605000636e-01	3.556022447605000636e-01	3.556022447605000636e-01	3.556022447605000636e-01	2.720588235294120194e-01	3.556022447605000636e-01	3.556022447605000636e-01	1.293103448275859935e-01	3.556022447605000636e-01	2.627737226277370164e-01	3.556022447605000636e-01	3.391304347826090138e-01	3.556022447605000636e-01	3.556022447605000636e-01	4.462809917355369804e-01	3.556022447605000636e-01	4.033613445378150253e-01	3.556022447605000636e-01	3.556022447605000636e-01	3.556022447605000636e-01	2.405063291139240000e-01	3.556022447605000636e-01	3.556022447605000636e-01	3.556022447605000636e-01	3.776223776223779915e-01	3.556022447605000636e-01	3.556022447605000636e-01	3.556022447605000636e-01	3.556022447605000636e-01	3.556022447605000636e-01	3.556022447605000636e-01	3.556022447605000636e-01	3.594771241830069797e-01	3.556022447605000636e-01	3.556022447605000636e-01	3.556022447605000636e-01	3.556022447605000636e-01	4.540229885057470161e-01	3.556022447605000636e-01	3.937007874015749920e-01	3.556022447605000636e-01	2.654320987654320008e-01	3.556022447605000636e-01	2.714285714285710194e-01	3.556022447605000636e-01	4.160583941605839886e-01	3.556022447605000636e-01	3.309352517985609810e-01	3.112582781456950110e-01	3.556022447605000636e-01	3.684210526315789824e-01	3.556022447605000636e-01	3.556022447605000636e-01	3.556022447605000636e-01	3.556022447605000636e-01	3.866666666666669916e-01	4.809160305343510022e-01	3.556022447605000636e-01	3.556022447605000636e-01	3.556022447605000636e-01	3.556022447605000636e-01	3.556022447605000636e-01	4.365079365079370111e-01	3.556022447605000636e-01	4.125874125874129938e-01	4.488188976377949779e-01	5.256410256410259940e-01	3.556022447605000636e-01	3.556022447605000636e-01	3.556022447605000636e-01	3.556022447605000636e-01	3.556022447605000636e-01	4.094488188976380116e-01	3.556022447605000636e-01
