1.000000000000000000e+00	5.164764108475469739e-02	6.236899427362210119e-02	1.284096351898959820e-01	4.150656973851760134e-01	1.711842872138180094e-01	1.284096351898959820e-01	2.564803570587360082e-01	1.284096351898959820e-01	1.284096351898959820e-01	1.284096351898959820e-01	1.284096351898959820e-01	1.284096351898959820e-01	1.284096351898959820e-01	5.101411254600950462e-01	1.284096351898959820e-01	1.284096351898959820e-01	1.284096351898959820e-01	1.284096351898959820e-01	1.284096351898959820e-01	2.609089936602630028e-02	6.921343809469809871e-01	9.460955430418560574e-02	1.608345180955760012e-01	1.284096351898959820e-01	5.980827407203229695e-01	1.284096351898959820e-01	1.284096351898959820e-01	5.782220959010360151e-01	1.284096351898959820e-01	2.032992288082579868e-01	1.284096351898959820e-01	5.560163671329350077e-01	1.284096351898959820e-01	1.284096351898959820e-01	1.284096351898959820e-01	4.358683019080770160e-01	3.825535023992889805e-01	1.284096351898959820e-01	3.815644582362819892e-01	6.340279473164229795e-01	1.284096351898959820e-01	3.878383964231419956e-01	1.284096351898959820e-01	1.284096351898959820e-01	2.285911430401000102e-02	5.683390826193199935e-02	6.240945170752649762e-01	1.284096351898959820e-01	8.647940212931599924e-02	5.729393390260779650e-01	4.092941860556529865e-01	1.284096351898959820e-01	5.780044122899480330e-01	5.433140417263460087e-01	1.284096351898959820e-01	1.284096351898959820e-01	1.284096351898959820e-01	1.284096351898959820e-01	1.284096351898959820e-01	1.284096351898959820e-01	1.284096351898959820e-01	5.456718159628649589e-01	1.284096351898959820e-01	2.532117606458429981e-01	1.284096351898959820e-01	1.284096351898959820e-01	1.141282923158289941e-01	1.284096351898959820e-01	1.284096351898959820e-01	1.284096351898959820e-01	6.002825050205770063e-01	5.276260876243099585e-01	4.163962858931219979e-01	6.681102848603600111e-03	3.610983953125399687e-02	1.284096351898959820e-01	1.284096351898959820e-01	1.140719028304619936e-01	6.150979024986580335e-01	1.284096351898959820e-01	6.702064728391220472e-01	1.284096351898959820e-01	1.284096351898959820e-01	1.284096351898959820e-01	6.307092549720110242e-01	6.514675283655889659e-01	4.251697074868729942e-01	1.000000000000000048e-04	1.284096351898959820e-01	1.284096351898959820e-01	1.284096351898959820e-01	1.284096351898959820e-01	1.284096351898959820e-01	5.920052004887409458e-01	5.751684356293069733e-01	2.590646119586549889e-01	6.734952023853919556e-01	1.284096351898959820e-01	4.600677855907009950e-01	1.284096351898959820e-01	1.730411898846229840e-02	1.284096351898959820e-01	1.034650768766880030e-01	6.654443940965240056e-01	1.284096351898959820e-01	3.189195470794600057e-02	1.403862371327699865e-01	1.360185823262549942e-01	1.284096351898959820e-01	1.284096351898959820e-01	1.284096351898959820e-01	1.284096351898959820e-01	1.284096351898959820e-01	3.896997605578390172e-02	1.284096351898959820e-01	1.284096351898959820e-01	1.284096351898959820e-01	6.056463157432789846e-01	1.284096351898959820e-01	5.789089522217240324e-02	1.284096351898959820e-01	5.035687551254109939e-01	1.284096351898959820e-01
5.164764108475469739e-02	1.000000000000000000e+00	1.284096351898959820e-01	4.798109755599939963e-02	1.055282856639299938e-01	1.284096351898959820e-01	1.284096351898959820e-01	1.304814076591259975e-01	9.053836807949509902e-02	1.284096351898959820e-01	1.284096351898959820e-01	1.503089239904910057e-01	6.595889473804909808e-02	3.072136988446420164e-02	2.300753382147860057e-02	6.076657206632730263e-02	9.830004594688379616e-02	1.284096351898959820e-01	1.284096351898959820e-01	1.284096351898959820e-01	6.875795958236420591e-02	1.751676861769119881e-02	1.500756403446379950e-01	1.284096351898959820e-01	1.284096351898959820e-01	1.284096351898959820e-01	4.008997289011630161e-02	7.201565834412609890e-02	1.284096351898959820e-01	6.294258298864910395e-02	1.284096351898959820e-01	1.382532860346329974e-02	1.923450208433629890e-02	1.284096351898959820e-01	1.284096351898959820e-01	1.284096351898959820e-01	8.752978371349640074e-02	1.284096351898959820e-01	1.725369577925160020e-02	1.284096351898959820e-01	2.928544590128310046e-02	1.284096351898959820e-01	5.712758131918480031e-02	2.070141049559250102e-02	1.632385777784450126e-02	1.497228699720460077e-01	1.549457195690210065e-01	2.193680215543659939e-02	1.284096351898959820e-01	1.858552086389569924e-01	1.284096351898959820e-01	2.458219540035160022e-02	1.125572244413799994e-01	1.921369091148139932e-02	1.284096351898959820e-01	1.284096351898959820e-01	2.284566919010510080e-02	1.801850416468190122e-02	1.284096351898959820e-01	1.891133133348840006e-02	1.702459641753180028e-02	1.252167860361499963e-01	1.284096351898959820e-01	1.284096351898959820e-01	1.054438809134280036e-01	2.687713161797830042e-01	3.755903549080250037e-02	1.284096351898959820e-01	1.284096351898959820e-01	2.389094221877850061e-02	1.639739808399520021e-02	1.284096351898959820e-01	1.284096351898959820e-01	5.749308654203309776e-02	5.387741121782749915e-02	1.284096351898959820e-01	1.882297219864249860e-02	1.284096351898959820e-01	9.542798258282760016e-02	1.284096351898959820e-01	1.284096351898959820e-01	1.554074849632659967e-02	1.284096351898959820e-01	2.047203587874260045e-01	2.527500300567190120e-02	1.284096351898959820e-01	1.493373451790219915e-02	1.284096351898959820e-01	1.000000000000000048e-04	2.165803104913699983e-01	8.963521801368259934e-02	1.284096351898959820e-01	1.284096351898959820e-01	1.284096351898959820e-01	1.525089875606940037e-02	1.045726358662710069e-02	1.284096351898959820e-01	1.284096351898959820e-01	1.729434817049799872e-02	1.284096351898959820e-01	5.416600433092590150e-02	1.626999295068509988e-01	1.284096351898959820e-01	1.438849265849110048e-01	1.284096351898959820e-01	1.284096351898959820e-01	2.157510963657099934e-01	1.284096351898959820e-01	1.284096351898959820e-01	1.284096351898959820e-01	1.284096351898959820e-01	1.284096351898959820e-01	1.284096351898959820e-01	1.532809981100320129e-01	1.284096351898959820e-01	1.284096351898959820e-01	3.525502035230049930e-02	1.284096351898959820e-01	1.284096351898959820e-01	1.284096351898959820e-01	2.471419199607139960e-01	2.291567024343110076e-02	1.284096351898959820e-01	1.701818715774780152e-02
6.236899427362210119e-02	1.284096351898959820e-01	1.000000000000000000e+00	1.284096351898959820e-01	1.284096351898959820e-01	1.300797616279709967e-01	1.687007041390989892e-01	1.395627052437199977e-01	1.284096351898959820e-01	1.284096351898959820e-01	1.284096351898959820e-01	2.863901945062279908e-01	9.407005251874969720e-02	5.249192458581879855e-02	1.284096351898959820e-01	1.404523292354210029e-01	1.282921281005960090e-01	1.122503706222840042e-01	1.284096351898959820e-01	2.582455581919140125e-02	1.284096351898959820e-01	1.284096351898959820e-01	1.284096351898959820e-01	2.241881318533789913e-01	1.280387652542120114e-01	1.284096351898959820e-01	5.163670303643679710e-02	1.284096351898959820e-01	2.056641549932779894e-02	1.013777690823839950e-01	1.284096351898959820e-01	2.244650044198870029e-02	1.801002526772560106e-02	1.748610639526360089e-01	1.284096351898959820e-01	1.284096351898959820e-01	6.351845708803970092e-02	1.035430240073030028e-01	2.410612106050409945e-02	1.370983953121049925e-01	1.284096351898959820e-01	2.079836947707910111e-01	6.228538678644349874e-02	1.284096351898959820e-01	1.284096351898959820e-01	3.079922956527699762e-01	3.879479398197749895e-01	2.331275582679160144e-02	1.766021541007249951e-01	1.284096351898959820e-01	2.884766364851660062e-02	1.284096351898959820e-01	1.314863151613940018e-01	1.284096351898959820e-01	1.284096351898959820e-01	3.250920812999379961e-01	2.138526371407130020e-02	1.284096351898959820e-01	1.284096351898959820e-01	3.895713858519479766e-02	1.937123698652380016e-02	1.284096351898959820e-01	1.284096351898959820e-01	1.223245084239990010e-01	2.004723418606199903e-01	2.032800920614540041e-01	1.367149846573620098e-01	1.284096351898959820e-01	3.308377674917239997e-02	1.678312814175940068e-02	2.367378386444310076e-02	2.425921141929539976e-02	1.986662421471190043e-02	4.285394148793390118e-02	1.284096351898959820e-01	2.878632597781999869e-01	2.086035226245670088e-02	5.499189141555869964e-02	1.284096351898959820e-01	1.284096351898959820e-01	1.284096351898959820e-01	1.284096351898959820e-01	2.070189768504440003e-02	1.284096351898959820e-01	1.284096351898959820e-01	2.531071728987319830e-02	2.989404340755990111e-02	1.743984970226840001e-02	1.000000000000000048e-04	1.284096351898959820e-01	1.284096351898959820e-01	2.765153236073190079e-01	1.284096351898959820e-01	2.291351316992979933e-02	1.284096351898959820e-01	1.676536383312129952e-02	1.284096351898959820e-01	2.423866727525330125e-02	3.160430183617240346e-02	5.938114022294980338e-02	1.284096351898959820e-01	1.284096351898959820e-01	2.542534247755599830e-02	1.284096351898959820e-01	1.284096351898959820e-01	1.284096351898959820e-01	1.608685871903610121e-01	3.453646867904790196e-02	1.202154932618829941e-01	1.333261290531199961e-02	1.284096351898959820e-01	6.860279358922130588e-02	1.006574404393699995e-01	1.284096351898959820e-01	2.852534200076489723e-01	1.284096351898959820e-01	1.284096351898959820e-01	1.109189961611939945e-01	9.283188706214380581e-02	2.165061382904880094e-02	1.284096351898959820e-01	1.284096351898959820e-01	1.611658440305099860e-02	2.987153918838670111e-02
1.284096351898959820e-01	4.798109755599939963e-02	1.284096351898959820e-01	1.000000000000000000e+00	1.284096351898959820e-01	1.284096351898959820e-01	1.467990569874370044e-01	1.284096351898959820e-01	2.771668367245510023e-01	1.284096351898959820e-01	2.524857997556140266e-01	1.284096351898959820e-01	3.000368008056730207e-01	1.284096351898959820e-01	1.284096351898959820e-01	1.284096351898959820e-01	1.284096351898959820e-01	2.218601053569990017e-02	1.284096351898959820e-01	1.576825819835770137e-01	1.284096351898959820e-01	1.815836604651870079e-01	1.312544414942150017e-01	1.824532282452940024e-01	1.284096351898959820e-01	1.926510583977369961e-01	1.284096351898959820e-01	1.284096351898959820e-01	1.284096351898959820e-01	1.284096351898959820e-01	1.284096351898959820e-01	1.597255530502010024e-01	1.358330486701750106e-01	1.284096351898959820e-01	2.056813607799329868e-01	1.380080327137060137e-01	1.284096351898959820e-01	1.284096351898959820e-01	1.804462502631850040e-01	1.284096351898959820e-01	1.702201428360969881e-01	1.284096351898959820e-01	1.945509683825369929e-01	1.457594225931329868e-01	1.595790210256219921e-01	5.347319358443269888e-02	1.284096351898959820e-01	1.284096351898959820e-01	2.894937468571299743e-01	1.284096351898959820e-01	1.969835150780560040e-01	1.284096351898959820e-01	1.284096351898959820e-01	1.561022987047679944e-01	1.297465100955740025e-01	1.461922792209419952e-01	1.558343497984610027e-01	1.284096351898959820e-01	1.392149877876769914e-01	1.882454692149050091e-01	1.489251558027800126e-01	1.284096351898959820e-01	1.510287233217179892e-01	1.284096351898959820e-01	1.284096351898959820e-01	5.728644471067759897e-02	1.284096351898959820e-01	1.614716658957049966e-01	1.284096351898959820e-01	1.284096351898959820e-01	1.901914292527620010e-01	1.798908031573079880e-01	1.284096351898959820e-01	1.284096351898959820e-01	1.284096351898959820e-01	1.284096351898959820e-01	1.284096351898959820e-01	1.578533747523880038e-01	1.284096351898959820e-01	1.284096351898959820e-01	1.284096351898959820e-01	1.852613109190809904e-01	1.284096351898959820e-01	6.605054205470030360e-02	1.556144622230400121e-01	1.284096351898959820e-01	1.703042882392629964e-01	1.204335339532759952e-01	1.284096351898959820e-01	1.284096351898959820e-01	1.284096351898959820e-01	1.045174127019680016e-01	1.284096351898959820e-01	1.409456957864820004e-01	1.655971385128970075e-01	1.637678684666930007e-01	1.864817281246390068e-01	1.851915654848579895e-01	1.284096351898959820e-01	2.187779844421799957e-01	2.794789759836789900e-01	5.407048359140829985e-02	1.284096351898959820e-01	1.301777593724859905e-01	2.191851090137389990e-01	1.284096351898959820e-01	1.284096351898959820e-01	9.177617609188490344e-02	1.284096351898959820e-01	1.146937225799150029e-01	1.268241987529949988e-01	2.082383726503060084e-01	1.429836550553439944e-01	1.284096351898959820e-01	7.563033785907820328e-02	1.284096351898959820e-01	1.284096351898959820e-01	1.284096351898959820e-01	1.284096351898959820e-01	1.284096351898959820e-01	1.284096351898959820e-01	1.284096351898959820e-01	1.284096351898959820e-01	1.740153940624190043e-01
4.150656973851760134e-01	1.055282856639299938e-01	1.284096351898959820e-01	1.284096351898959820e-01	1.000000000000000000e+00	1.284096351898959820e-01	1.284096351898959820e-01	3.340183465196189805e-01	1.284096351898959820e-01	1.284096351898959820e-01	1.284096351898959820e-01	8.183810240849989648e-02	3.756394567203160118e-01	1.284096351898959820e-01	2.708667655917250117e-01	1.284096351898959820e-01	1.284096351898959820e-01	1.284096351898959820e-01	3.004678322528659962e-01	2.258296749916750001e-01	1.284096351898959820e-01	3.226682506353840130e-01	2.300296152914239889e-01	2.704527375274189960e-01	1.284096351898959820e-01	1.284096351898959820e-01	1.284096351898959820e-01	1.284096351898959820e-01	2.377962735290989893e-01	3.363611628698450207e-01	1.759798340925859961e-01	2.785727927400200032e-01	2.150009406029770032e-01	2.686448415138569801e-01	1.284096351898959820e-01	2.022350996998699968e-01	3.972515604630130204e-01	3.881031792638380273e-01	2.888744363419989969e-01	4.456598908395800196e-01	1.284096351898959820e-01	1.284096351898959820e-01	1.284096351898959820e-01	2.417517895078289958e-01	1.284096351898959820e-01	1.204533754336750001e-01	1.872601359970270107e-01	1.284096351898959820e-01	4.395250234616400187e-01	1.284096351898959820e-01	1.284096351898959820e-01	1.284096351898959820e-01	2.836668419081950221e-01	1.284096351898959820e-01	2.196756926412329891e-01	1.284096351898959820e-01	2.496027099862180021e-01	1.284096351898959820e-01	2.128011399066009890e-01	3.157497720534970242e-01	1.284096351898959820e-01	9.848297278110100528e-02	1.284096351898959820e-01	1.284096351898959820e-01	1.284096351898959820e-01	1.284096351898959820e-01	2.440555040041569868e-01	2.372875588012179904e-01	3.308576588127929985e-01	1.934324557677840062e-01	1.284096351898959820e-01	2.905995432380549803e-01	2.630270360487499959e-01	2.287340421760259979e-01	3.480163357466060231e-02	1.494799420139190094e-01	1.284096351898959820e-01	1.284096351898959820e-01	1.284096351898959820e-01	2.802693571809969919e-01	3.248855789427460006e-01	2.942884234372529773e-01	2.537486431120539732e-01	1.211242331168719960e-01	2.477883620007589882e-01	1.284096351898959820e-01	1.284096351898959820e-01	1.284096351898959820e-01	1.284096351898959820e-01	2.207432597945880037e-01	1.536963984115959914e-01	1.284096351898959820e-01	4.092171351921580214e-01	1.284096351898959820e-01	3.129018334581740168e-01	1.284096351898959820e-01	1.284096351898959820e-01	3.188786806531579976e-01	1.284096351898959820e-01	1.284096351898959820e-01	4.791965842406720189e-01	1.284096351898959820e-01	2.993949356611489976e-01	2.826805464977040216e-01	3.986845135879180102e-01	3.099847309277969920e-01	1.284096351898959820e-01	1.102813005616640057e-01	2.056716800625560115e-01	1.791978437146219960e-01	1.284096351898959820e-01	2.574176405674630241e-01	1.284096351898959820e-01	1.157948433357459950e-01	1.284096351898959820e-01	3.008003607562449999e-01	2.499259952527299877e-01	1.284096351898959820e-01	1.284096351898959820e-01	1.284096351898959820e-01	1.284096351898959820e-01	2.382500029005880093e-01	2.273119885301209953e-01	1.284096351898959820e-01
1.711842872138180094e-01	1.284096351898959820e-01	1.300797616279709967e-01	1.284096351898959820e-01	1.284096351898959820e-01	1.000000000000000000e+00	1.284096351898959820e-01	1.284096351898959820e-01	2.391994622535250081e-01	1.284096351898959820e-01	2.498025096737719886e-01	8.471681857437980689e-02	2.079983792552559940e-01	1.284096351898959820e-01	1.284096351898959820e-01	1.284096351898959820e-01	2.081648758898050067e-01	1.284096351898959820e-01	1.259319539631069962e-01	1.284096351898959820e-01	1.284096351898959820e-01	1.284096351898959820e-01	1.399244624147960026e-01	2.112642439377289960e-01	1.284096351898959820e-01	1.451911070662230130e-01	1.635367864262090021e-01	1.284096351898959820e-01	1.032267286221769942e-01	1.284096351898959820e-01	1.284096351898959820e-01	1.284096351898959820e-01	1.001352822460030018e-01	1.284096351898959820e-01	1.284096351898959820e-01	1.284096351898959820e-01	2.054733257368709931e-01	1.284096351898959820e-01	1.099573594341149985e-01	1.284096351898959820e-01	1.284096351898959820e-01	1.058292157274060008e-01	1.586653031244900092e-01	9.529108785726900233e-02	1.011109103903460038e-01	1.284096351898959820e-01	1.284096351898959820e-01	1.116838433521129964e-01	1.284096351898959820e-01	1.284096351898959820e-01	1.284096351898959820e-01	1.475367652522109885e-01	1.948029506693770008e-01	1.058541243384559932e-01	9.193614394836209514e-02	1.652545453433769962e-01	1.012990679701760016e-01	1.309459125542490054e-01	8.179766713706479453e-02	1.284096351898959820e-01	1.284096351898959820e-01	1.284096351898959820e-01	8.171108738908069991e-02	1.284096351898959820e-01	1.284096351898959820e-01	9.874057187171410288e-02	1.284096351898959820e-01	2.197170550387269883e-01	1.142949382474510028e-01	1.284096351898959820e-01	1.284096351898959820e-01	1.127428005293489993e-01	9.864534427623100621e-02	1.110783418658150001e-01	3.499957726762650129e-02	1.284096351898959820e-01	9.729886005942910143e-02	1.284096351898959820e-01	1.416706584900929988e-01	1.284096351898959820e-01	1.284096351898959820e-01	1.190135032119749997e-01	8.580029312916580275e-02	1.167443237433229974e-01	1.117706125876409967e-01	1.172757861808740032e-01	1.150018426832789958e-01	9.324571329605080283e-02	1.000000000000000048e-04	1.284096351898959820e-01	1.284096351898959820e-01	1.284096351898959820e-01	1.284096351898959820e-01	1.284096351898959820e-01	1.152266963352379936e-01	9.465186776292240645e-02	1.284096351898959820e-01	1.284096351898959820e-01	1.284096351898959820e-01	1.284096351898959820e-01	1.284096351898959820e-01	1.284096351898959820e-01	1.091272630488250017e-01	1.531800272397260132e-01	1.497122996821899921e-01	1.507907737992399966e-01	1.284096351898959820e-01	8.777112553697259678e-02	1.266541871519629991e-01	1.284096351898959820e-01	7.875452252810230536e-02	1.284096351898959820e-01	1.284096351898959820e-01	1.284096351898959820e-01	1.284096351898959820e-01	1.317496005502420131e-01	1.284096351898959820e-01	2.037686422729340086e-01	1.284096351898959820e-01	1.174719064197420060e-01	1.284096351898959820e-01	9.802975304370549481e-02	1.284096351898959820e-01	1.268182295722189989e-01
1.284096351898959820e-01	1.284096351898959820e-01	1.687007041390989892e-01	1.467990569874370044e-01	1.284096351898959820e-01	1.284096351898959820e-01	1.000000000000000000e+00	4.529237702920230202e-01	1.284096351898959820e-01	1.284096351898959820e-01	1.284096351898959820e-01	1.284096351898959820e-01	1.284096351898959820e-01	7.956197977413740144e-03	1.284096351898959820e-01	1.284096351898959820e-01	1.284096351898959820e-01	1.284096351898959820e-01	1.284096351898959820e-01	1.284096351898959820e-01	7.949376891591310168e-02	1.284096351898959820e-01	1.442001848076150117e-01	1.920173681587510062e-01	1.284096351898959820e-01	1.284096351898959820e-01	1.284096351898959820e-01	1.284096351898959820e-01	1.284096351898959820e-01	1.284096351898959820e-01	1.361755237480070102e-01	1.284096351898959820e-01	1.382225579821269867e-01	1.284096351898959820e-01	1.284096351898959820e-01	1.284096351898959820e-01	2.525690009132520175e-01	2.088911800669379926e-01	1.284096351898959820e-01	1.284096351898959820e-01	1.902406709111829908e-01	1.690066848173870095e-01	1.284096351898959820e-01	1.284096351898959820e-01	1.284096351898959820e-01	1.284096351898959820e-01	1.534109156037760102e-01	1.789028817777819913e-01	1.284096351898959820e-01	1.569347637534329876e-01	1.284096351898959820e-01	1.487675241378539903e-01	2.072556682951089968e-01	1.387113563939000038e-01	1.508049692122259977e-01	1.284096351898959820e-01	1.728399497774399940e-01	1.470099478175289909e-01	1.290157516230900081e-01	1.541564530480669937e-01	1.284096351898959820e-01	9.364154847659010572e-02	1.284096351898959820e-01	8.106836488448310521e-03	2.052558399651809862e-01	1.284096351898959820e-01	1.539896602412139937e-01	1.284096351898959820e-01	2.538621304106549736e-01	1.643624747195339963e-01	1.244178076640899966e-01	1.284096351898959820e-01	1.284096351898959820e-01	1.284096351898959820e-01	1.284096351898959820e-01	1.284096351898959820e-01	1.494518019645360019e-01	1.284096351898959820e-01	1.284096351898959820e-01	1.284096351898959820e-01	1.284096351898959820e-01	1.334942723395189934e-01	1.851959238051429923e-01	1.165494182092520065e-01	1.726935786212190072e-01	1.387374741413439916e-01	1.284096351898959820e-01	1.284096351898959820e-01	1.000000000000000048e-04	2.628970773952090112e-01	1.566985718845370079e-01	1.156940586130500020e-01	1.284096351898959820e-01	1.284096351898959820e-01	1.284096351898959820e-01	1.284096351898959820e-01	1.284096351898959820e-01	1.440645053054669944e-01	1.284096351898959820e-01	1.717047693580550094e-01	1.284096351898959820e-01	9.785687940052040235e-02	1.284096351898959820e-01	1.284096351898959820e-01	1.284096351898959820e-01	2.449819718075559871e-01	1.284096351898959820e-01	6.572182507241400296e-02	1.284096351898959820e-01	1.284096351898959820e-01	1.284096351898959820e-01	1.284096351898959820e-01	3.054873974184890151e-01	1.405085319865370108e-01	1.446862848544329949e-01	2.222287931000279937e-01	1.284096351898959820e-01	1.284096351898959820e-01	2.181456117006269901e-01	1.186415732073130003e-01	1.635714279344090138e-01	1.608383031942169916e-01	9.400366106622559670e-02	1.306381088476969987e-01
2.564803570587360082e-01	1.304814076591259975e-01	1.395627052437199977e-01	1.284096351898959820e-01	3.340183465196189805e-01	1.284096351898959820e-01	4.529237702920230202e-01	1.000000000000000000e+00	4.027963770468929727e-01	1.284096351898959820e-01	1.284096351898959820e-01	1.284096351898959820e-01	1.284096351898959820e-01	1.284096351898959820e-01	1.284096351898959820e-01	2.662656310009660077e-01	1.284096351898959820e-01	1.284096351898959820e-01	1.284096351898959820e-01	2.108569446003160097e-01	8.855540244053269894e-02	2.075827200507250059e-01	1.427785400808009864e-01	1.284096351898959820e-01	1.284096351898959820e-01	2.161169828198269971e-01	2.137598263391169984e-01	2.489046687126950097e-01	1.662805437726919966e-01	1.284096351898959820e-01	1.858071021081310059e-01	1.284096351898959820e-01	1.284096351898959820e-01	1.284096351898959820e-01	2.647161263567670009e-01	1.284096351898959820e-01	1.284096351898959820e-01	2.460856355035589971e-01	1.853965174547489991e-01	2.599685094534099905e-01	1.284096351898959820e-01	1.834003194754590116e-01	1.284096351898959820e-01	1.284096351898959820e-01	1.284096351898959820e-01	1.284096351898959820e-01	1.355839368487569974e-01	2.328071252375270017e-01	2.512292412538369990e-01	1.284096351898959820e-01	1.284096351898959820e-01	1.284096351898959820e-01	1.284096351898959820e-01	1.730434488834340090e-01	2.167740818588499985e-01	1.568055522489849862e-01	2.460856355035589971e-01	1.284096351898959820e-01	1.880196676549359958e-01	1.284096351898959820e-01	1.647148472249579942e-01	9.146137969540039936e-02	2.010960708933879904e-01	1.284096351898959820e-01	1.284096351898959820e-01	1.284096351898959820e-01	1.284096351898959820e-01	1.284096351898959820e-01	3.297460819718979752e-01	2.274350608959020137e-01	1.918366969553799983e-01	1.284096351898959820e-01	1.698759809138009891e-01	2.973305870229219772e-01	1.284096351898959820e-01	1.284096351898959820e-01	2.104950095861519987e-01	1.284096351898959820e-01	1.919495965259830073e-01	1.984959196524349878e-01	2.401640090314169917e-01	1.792990854320480054e-01	2.442508633151539987e-01	1.284096351898959820e-01	1.284096351898959820e-01	1.809480447140789927e-01	1.284096351898959820e-01	1.284096351898959820e-01	1.000000000000000048e-04	2.888404467154069843e-01	1.284096351898959820e-01	1.005840326753100061e-01	1.284096351898959820e-01	1.284096351898959820e-01	1.948212893798030032e-01	1.284096351898959820e-01	1.284096351898959820e-01	1.857065559586260073e-01	1.284096351898959820e-01	1.284096351898959820e-01	2.937210606046209982e-01	6.719191141823339930e-02	2.516671392456599765e-01	2.119863949707989914e-01	2.168965530888929960e-01	1.284096351898959820e-01	1.386982993640150097e-01	1.284096351898959820e-01	3.010623973837879830e-01	1.969186248641709991e-01	1.284096351898959820e-01	2.163103396545349999e-01	1.284096351898959820e-01	1.548035725577590060e-01	1.025342756269110034e-01	1.284096351898959820e-01	2.660025783900529794e-01	2.741438183717179733e-01	2.950304111325040002e-01	1.284096351898959820e-01	1.284096351898959820e-01	2.221921868345189954e-01	1.237228847293079942e-01	1.758763275051100083e-01
1.284096351898959820e-01	9.053836807949509902e-02	1.284096351898959820e-01	2.771668367245510023e-01	1.284096351898959820e-01	2.391994622535250081e-01	1.284096351898959820e-01	4.027963770468929727e-01	1.000000000000000000e+00	3.118138894454099974e-01	4.960176599268609765e-01	1.284096351898959820e-01	4.053067146518959940e-01	1.284096351898959820e-01	1.284096351898959820e-01	3.394705521355120270e-01	3.577955761090220177e-01	1.284096351898959820e-01	3.803183223449039807e-01	2.685373848423450172e-01	1.284096351898959820e-01	1.284096351898959820e-01	2.059429124587690008e-01	1.284096351898959820e-01	4.426391172231319837e-01	3.481191760902520027e-01	3.811695569156189900e-01	3.652053444943940130e-01	2.733707116661490133e-01	3.658935669354380082e-01	2.696392699919870073e-01	3.010269736938360197e-01	2.309137072359510046e-01	1.284096351898959820e-01	1.284096351898959820e-01	1.284096351898959820e-01	3.607463636515719774e-01	4.104613510921670261e-01	3.220082812416190099e-01	4.122814041190520085e-01	1.284096351898959820e-01	1.284096351898959820e-01	1.284096351898959820e-01	1.284096351898959820e-01	1.284096351898959820e-01	8.874316561052669750e-02	2.078173430504419994e-01	1.284096351898959820e-01	4.352430338268040155e-01	1.284096351898959820e-01	3.330763890280690198e-01	2.977647382019910083e-01	3.125485714748130195e-01	1.284096351898959820e-01	1.284096351898959820e-01	1.284096351898959820e-01	1.284096351898959820e-01	3.518916728728729848e-01	2.301162472898120037e-01	1.284096351898959820e-01	1.284096351898959820e-01	1.284096351898959820e-01	1.284096351898959820e-01	1.017421275172149947e-02	4.241702962847569980e-01	9.429169619605159980e-02	3.012750270796529795e-01	2.469384368157029885e-01	2.970787897858909732e-01	2.191696347569699888e-01	1.284096351898959820e-01	1.284096351898959820e-01	1.284096351898959820e-01	2.622729346564730002e-01	1.284096351898959820e-01	1.413775652618169953e-01	1.284096351898959820e-01	3.408955850349399963e-01	2.534442701053959968e-01	3.106712323521440000e-01	3.932055536450719813e-01	1.284096351898959820e-01	2.293809140399520052e-01	1.284096351898959820e-01	2.797158560181359777e-01	1.284096351898959820e-01	1.284096351898959820e-01	1.955976792773939932e-01	1.000000000000000048e-04	2.257021596499949878e-01	1.284096351898959820e-01	1.565916645072890079e-01	4.296254973744780270e-01	2.331854727188640009e-01	3.204735973722879772e-01	2.537844757243479799e-01	1.284096351898959820e-01	3.184287319734679933e-01	3.451904286925550069e-01	1.284096351898959820e-01	4.316930471069280184e-01	8.246061882731529902e-02	1.284096351898959820e-01	1.284096351898959820e-01	1.284096351898959820e-01	3.088633140130819799e-01	1.284096351898959820e-01	1.244617358521319939e-01	2.227209476088559958e-01	1.284096351898959820e-01	1.284096351898959820e-01	1.284096351898959820e-01	1.284096351898959820e-01	1.389956511003420103e-01	1.284096351898959820e-01	2.850990602835620225e-01	2.936726778951619932e-01	3.902830653934100114e-01	1.284096351898959820e-01	3.003759212016929858e-01	1.284096351898959820e-01	1.284096351898959820e-01	2.305878801299169889e-01	1.284096351898959820e-01
1.284096351898959820e-01	1.284096351898959820e-01	1.284096351898959820e-01	1.284096351898959820e-01	1.284096351898959820e-01	1.284096351898959820e-01	1.284096351898959820e-01	1.284096351898959820e-01	3.118138894454099974e-01	1.000000000000000000e+00	2.384238813933790002e-01	1.284096351898959820e-01	1.859777178361760042e-01	2.338253717181909899e-02	1.284096351898959820e-01	1.284096351898959820e-01	2.621927071627739858e-01	6.814420434297040197e-02	1.211384865481409945e-01	1.284096351898959820e-01	1.284096351898959820e-01	1.284096351898959820e-01	2.894528723427889916e-01	2.914145157988189960e-01	2.775192918580070001e-01	1.284096351898959820e-01	1.274285355205949932e-01	2.251663211939030074e-01	1.284096351898959820e-01	1.284096351898959820e-01	1.284096351898959820e-01	7.501347170809399834e-02	1.284096351898959820e-01	2.025875998451260041e-01	1.284096351898959820e-01	4.646098075919669751e-02	1.284096351898959820e-01	2.094720756790409977e-01	1.284096351898959820e-01	2.341478092664329991e-01	9.833706696007479819e-02	2.414731721138070053e-01	1.284096351898959820e-01	1.284096351898959820e-01	1.284096351898959820e-01	1.284096351898959820e-01	1.284096351898959820e-01	1.284096351898959820e-01	2.698424072053510203e-01	1.284096351898959820e-01	8.085982836752389491e-02	1.284096351898959820e-01	2.848978470364270099e-01	8.205602608469270143e-02	7.624330473298519817e-02	1.284096351898959820e-01	1.284096351898959820e-01	1.284096351898959820e-01	6.614542995062940023e-02	1.075035311422800066e-01	1.284096351898959820e-01	1.284096351898959820e-01	7.353994232154359434e-02	2.836431124309849935e-02	3.239007656298030224e-01	1.284096351898959820e-01	1.284096351898959820e-01	1.284096351898959820e-01	1.284096351898959820e-01	1.284096351898959820e-01	1.284096351898959820e-01	1.284096351898959820e-01	6.606764292114410131e-02	1.267645195863459917e-01	1.284096351898959820e-01	1.284096351898959820e-01	8.223968519874259864e-02	9.767971295076480209e-02	1.284096351898959820e-01	1.284096351898959820e-01	1.401551595954959872e-01	8.212750766234369615e-02	7.685038729020579606e-02	1.284096351898959820e-01	1.284096351898959820e-01	8.220678971194360363e-02	1.284096351898959820e-01	1.284096351898959820e-01	1.000000000000000048e-04	3.112200631354110070e-01	1.284096351898959820e-01	2.239034083755900018e-01	1.284096351898959820e-01	8.490043880478520544e-02	1.284096351898959820e-01	1.284096351898959820e-01	1.284096351898959820e-01	7.712941467966770437e-02	1.284096351898959820e-01	1.297281907859340055e-01	1.284096351898959820e-01	1.539280651022799928e-01	8.635940909210239325e-02	2.182585846385080020e-01	1.284096351898959820e-01	1.289489717137549951e-01	1.576900039121139907e-01	1.284096351898959820e-01	1.284096351898959820e-01	6.471803629130100377e-02	1.284096351898959820e-01	1.284096351898959820e-01	1.284096351898959820e-01	2.281963760158310095e-01	2.327140034837600069e-01	1.284096351898959820e-01	1.177098997894440030e-01	1.284096351898959820e-01	1.812719729139559977e-01	1.284096351898959820e-01	1.284096351898959820e-01	8.486647902907369645e-02	1.284096351898959820e-01	1.284096351898959820e-01
1.284096351898959820e-01	1.284096351898959820e-01	1.284096351898959820e-01	2.524857997556140266e-01	1.284096351898959820e-01	2.498025096737719886e-01	1.284096351898959820e-01	1.284096351898959820e-01	4.960176599268609765e-01	2.384238813933790002e-01	1.000000000000000000e+00	6.262933353915620116e-02	4.728002973824519950e-01	4.250485592636810313e-03	4.010559482899330175e-01	1.284096351898959820e-01	3.119460046433489842e-01	1.284096351898959820e-01	1.284096351898959820e-01	3.844668977247109876e-01	7.308273996502889780e-02	1.284096351898959820e-01	1.998176273686680104e-01	1.284096351898959820e-01	1.284096351898959820e-01	4.774405451590730265e-01	1.284096351898959820e-01	1.284096351898959820e-01	1.284096351898959820e-01	3.669024283411900234e-01	2.547298910705579900e-01	1.284096351898959820e-01	1.284096351898959820e-01	3.235731583567360015e-01	3.904300508233040090e-01	1.284096351898959820e-01	4.282526351062639902e-01	1.284096351898959820e-01	4.442148822337330105e-01	1.284096351898959820e-01	3.988158913251800275e-01	1.322684152931689894e-01	1.284096351898959820e-01	1.284096351898959820e-01	1.284096351898959820e-01	6.464497049425259323e-02	1.507588390054130090e-01	1.284096351898959820e-01	4.553069835352420158e-01	1.284096351898959820e-01	1.284096351898959820e-01	1.284096351898959820e-01	3.518005896703479962e-01	1.284096351898959820e-01	3.281204619290860047e-01	2.560822923850240018e-01	1.284096351898959820e-01	1.284096351898959820e-01	3.267872829315939809e-01	1.284096351898959820e-01	3.787017542048600194e-01	1.284096351898959820e-01	3.358549284971529825e-01	1.284096351898959820e-01	1.284096351898959820e-01	1.284096351898959820e-01	1.284096351898959820e-01	2.251080394236419924e-01	1.284096351898959820e-01	3.011828691131129832e-01	4.345061665605279844e-01	4.210176635304510029e-01	1.284096351898959820e-01	1.284096351898959820e-01	1.979428783865970140e-02	1.284096351898959820e-01	3.617921154556489882e-01	4.085531732797160198e-01	2.213623237397739918e-01	1.284096351898959820e-01	1.284096351898959820e-01	1.284096351898959820e-01	1.284096351898959820e-01	1.284096351898959820e-01	1.284096351898959820e-01	1.284096351898959820e-01	1.284096351898959820e-01	1.284096351898959820e-01	1.284096351898959820e-01	1.284096351898959820e-01	1.284096351898959820e-01	1.200571661997369977e-01	1.284096351898959820e-01	1.284096351898959820e-01	4.828416802625840054e-01	3.894481374928949746e-01	3.299013223454809740e-01	1.284096351898959820e-01	1.284096351898959820e-01	1.284096351898959820e-01	1.284096351898959820e-01	1.284096351898959820e-01	3.775982390363930019e-01	1.284096351898959820e-01	5.132721456713990049e-01	3.999061164949579972e-01	7.195467119855339377e-02	1.637177729978160079e-01	1.284096351898959820e-01	2.639944565150300071e-01	1.284096351898959820e-01	1.284096351898959820e-01	1.944502667560600029e-01	1.284096351898959820e-01	1.002767761927259998e-01	1.284096351898959820e-01	1.284096351898959820e-01	5.308019600650839553e-01	1.284096351898959820e-01	4.294233301863060182e-01	1.284096351898959820e-01	1.284096351898959820e-01	1.284096351898959820e-01	1.284096351898959820e-01
1.284096351898959820e-01	1.503089239904910057e-01	2.863901945062279908e-01	1.284096351898959820e-01	8.183810240849989648e-02	8.471681857437980689e-02	1.284096351898959820e-01	1.284096351898959820e-01	1.284096351898959820e-01	1.284096351898959820e-01	6.262933353915620116e-02	1.000000000000000000e+00	1.284096351898959820e-01	8.667908117391759371e-02	1.207299235466779974e-02	1.284096351898959820e-01	6.152201653395539954e-02	1.203428716562110062e-01	1.284096351898959820e-01	1.284096351898959820e-01	1.284096351898959820e-01	1.157061625344900022e-02	1.793033050780080129e-01	1.863018810138289960e-01	5.317953037182569787e-02	1.740622716825170058e-02	1.284096351898959820e-01	1.284096351898959820e-01	1.284096351898959820e-01	6.376408345112309639e-02	6.406039071404250052e-02	7.505487238169839675e-03	6.734934678919520142e-03	1.284096351898959820e-01	1.282723395842109981e-02	3.632928146278349788e-03	3.647539324881730188e-02	1.284096351898959820e-01	1.284096351898959820e-01	1.284096351898959820e-01	8.689035542378270235e-03	1.322590772709379969e-01	1.284096351898959820e-01	1.284096351898959820e-01	9.664945896152280294e-03	1.284096351898959820e-01	1.284096351898959820e-01	1.284096351898959820e-01	1.284096351898959820e-01	1.284096351898959820e-01	1.284096351898959820e-01	1.284096351898959820e-01	6.582553484522260523e-02	1.284096351898959820e-01	1.284096351898959820e-01	1.284096351898959820e-01	1.284096351898959820e-01	1.272171257455470030e-02	1.284096351898959820e-01	1.566117327718220126e-02	6.224647466008069625e-03	2.890648521799660253e-01	1.284096351898959820e-01	1.284096351898959820e-01	1.320009865899159918e-01	1.284096351898959820e-01	1.284096351898959820e-01	1.284096351898959820e-01	1.585475214215590137e-02	6.639878536526989602e-03	1.284096351898959820e-01	9.609380179900029600e-03	1.284096351898959820e-01	1.284096351898959820e-01	1.284096351898959820e-01	2.377347226376989864e-01	9.193494376631999865e-03	1.284096351898959820e-01	1.842092114041780082e-01	1.341349552966780018e-02	2.057416106579380149e-02	1.284096351898959820e-01	1.284096351898959820e-01	1.284096351898959820e-01	9.144296805569910799e-03	1.284096351898959820e-01	1.284096351898959820e-01	7.979449635508910690e-03	1.000000000000000048e-04	1.534975884355780085e-01	1.284096351898959820e-01	1.284096351898959820e-01	3.389552130772469779e-02	9.191547358654210062e-03	1.284096351898959820e-01	6.291658489545100090e-03	1.284096351898959820e-01	9.387642084225829298e-03	1.284096351898959820e-01	1.284096351898959820e-01	2.558139196504780055e-02	1.284096351898959820e-01	1.115536721372309935e-02	1.619473713308549889e-01	1.284096351898959820e-01	1.693030412757360118e-02	2.243095128854389886e-01	1.284096351898959820e-01	1.219135368565709976e-01	1.284096351898959820e-01	1.284096351898959820e-01	4.043011385005070013e-02	8.916813885603740164e-02	1.284096351898959820e-01	5.123911163002009550e-01	1.284096351898959820e-01	1.284096351898959820e-01	3.801075577842279868e-02	1.284096351898959820e-01	9.472862650041779381e-03	1.664371462706359939e-01	1.284096351898959820e-01	6.378276175155069699e-03	1.284096351898959820e-01
