1.000000000000000000e+00	6.032780495007959987e-01	6.032780495007959987e-01	6.032780495007959987e-01	6.032780495007959987e-01	6.032780495007959987e-01	6.471905558386189528e-01	5.935526861071790394e-01	4.968202942154499868e-01	6.032780495007959987e-01	6.032780495007959987e-01	6.032780495007959987e-01	6.032780495007959987e-01	6.832648563674690312e-01	6.032780495007959987e-01	8.157283206195869996e-01	6.032780495007959987e-01	6.032780495007959987e-01	7.819095560968839509e-01	6.032780495007959987e-01	6.032780495007959987e-01	6.032780495007959987e-01	6.789140853793089736e-01	7.826637591530459792e-01	6.320570650614529828e-01	6.600401295458100392e-01	6.032780495007959987e-01	4.096183310448129888e-01	6.032780495007959987e-01	6.032780495007959987e-01	6.032780495007959987e-01	7.892715564744060552e-01	7.977981462688740200e-01	4.527247281119259892e-01	7.733932809009650411e-01	6.032780495007959987e-01	6.032780495007959987e-01	7.417517933003680008e-01	6.032780495007959987e-01	6.032780495007959987e-01	6.032780495007959987e-01	6.032780495007959987e-01	6.032780495007959987e-01	6.032780495007959987e-01	6.032780495007959987e-01	6.032780495007959987e-01	6.032780495007959987e-01	6.713338284804980516e-01	6.032780495007959987e-01	7.051321863259170097e-01	6.032780495007959987e-01	6.032780495007959987e-01	7.393617577152089559e-01	7.532620934757739972e-01	6.032780495007959987e-01	6.032780495007959987e-01	6.032780495007959987e-01	6.032780495007959987e-01	6.032780495007959987e-01	6.820823502048799503e-01	7.116629718595030019e-01	4.938275954446739724e-01	6.032780495007959987e-01	6.032780495007959987e-01	5.202713731730510549e-01	6.032780495007959987e-01	6.032780495007959987e-01	6.032780495007959987e-01	6.032780495007959987e-01	6.032780495007959987e-01	6.032780495007959987e-01	6.032780495007959987e-01	6.032780495007959987e-01	7.567174118060729926e-01	6.032780495007959987e-01	6.032780495007959987e-01	6.032780495007959987e-01	6.032780495007959987e-01	6.032780495007959987e-01	6.032780495007959987e-01	6.055856484723299848e-01	6.032780495007959987e-01	6.032780495007959987e-01	6.032780495007959987e-01	6.032780495007959987e-01	6.032780495007959987e-01	7.211532387931000043e-01	6.032780495007959987e-01	6.032780495007959987e-01	6.032780495007959987e-01	6.032780495007959987e-01	6.032780495007959987e-01	6.032780495007959987e-01	6.770314243464420345e-01	6.032780495007959987e-01	6.032780495007959987e-01	6.032780495007959987e-01	6.958246838506090270e-01	6.032780495007959987e-01	6.032780495007959987e-01	6.032780495007959987e-01	6.032780495007959987e-01	6.736122754736190155e-01	6.032780495007959987e-01	7.490024299042320477e-01	6.032780495007959987e-01	6.032780495007959987e-01	6.032780495007959987e-01	6.032780495007959987e-01	6.032780495007959987e-01	6.032780495007959987e-01	6.032780495007959987e-01	6.852744798269689852e-01	6.032780495007959987e-01	6.032780495007959987e-01	6.032780495007959987e-01	6.032780495007959987e-01	6.032780495007959987e-01	7.678977100194389616e-01	7.156626353499739857e-01	7.478848335259460356e-01	6.032780495007959987e-01	6.032780495007959987e-01	6.032780495007959987e-01
6.032780495007959987e-01	1.000000000000000000e+00	6.032780495007959987e-01	6.032780495007959987e-01	4.290250845055820217e-01	6.032780495007959987e-01	6.032780495007959987e-01	6.032780495007959987e-01	6.032780495007959987e-01	5.166088641646889856e-01	6.032780495007959987e-01	6.032780495007959987e-01	6.032780495007959987e-01	6.032780495007959987e-01	6.032780495007959987e-01	6.032780495007959987e-01	6.032780495007959987e-01	7.097937765394529697e-01	6.032780495007959987e-01	6.032780495007959987e-01	6.032780495007959987e-01	6.032780495007959987e-01	6.032780495007959987e-01	6.032780495007959987e-01	6.238506692812180177e-01	6.032780495007959987e-01	6.032780495007959987e-01	6.032780495007959987e-01	6.032780495007959987e-01	6.032780495007959987e-01	6.594202197715279823e-01	6.032780495007959987e-01	6.032780495007959987e-01	4.434884355028230196e-01	6.032780495007959987e-01	6.032780495007959987e-01	6.032780495007959987e-01	6.032780495007959987e-01	1.161327150835280014e-01	7.112719435338720197e-01	6.032780495007959987e-01	6.032780495007959987e-01	6.032780495007959987e-01	6.032780495007959987e-01	5.356105378289479635e-01	7.329999438430220282e-01	6.032780495007959987e-01	6.032780495007959987e-01	6.032780495007959987e-01	6.977816467544180057e-01	6.032780495007959987e-01	6.032780495007959987e-01	6.032780495007959987e-01	6.032780495007959987e-01	6.032780495007959987e-01	7.357631087023740468e-01	6.864355785494640205e-01	7.561096817712099627e-01	6.032780495007959987e-01	6.032780495007959987e-01	7.030340876948369955e-01	6.032780495007959987e-01	6.786102729968489511e-01	5.867121894194740062e-01	6.032780495007959987e-01	6.032780495007959987e-01	6.032780495007959987e-01	6.032780495007959987e-01	6.032780495007959987e-01	6.032780495007959987e-01	6.032780495007959987e-01	6.032780495007959987e-01	6.032780495007959987e-01	6.032780495007959987e-01	6.032780495007959987e-01	6.032780495007959987e-01	6.032780495007959987e-01	7.253794832573829954e-01	6.032780495007959987e-01	6.032780495007959987e-01	6.032780495007959987e-01	2.858936423650100256e-01	6.032780495007959987e-01	6.032780495007959987e-01	6.829558773496470225e-01	6.032780495007959987e-01	7.076981173076329901e-01	6.930600248218949933e-01	6.032780495007959987e-01	6.032780495007959987e-01	7.088797338651710023e-01	7.393946275371300336e-01	6.895570817690429566e-01	6.683127436342070071e-01	6.032780495007959987e-01	6.032780495007959987e-01	6.032780495007959987e-01	6.843530845518149830e-01	6.032780495007959987e-01	6.032780495007959987e-01	4.504112199709690012e-01	6.797432132471999955e-01	6.032780495007959987e-01	6.032780495007959987e-01	6.032780495007959987e-01	7.246712689573829858e-01	7.251223508349620150e-01	6.032780495007959987e-01	6.032780495007959987e-01	6.032780495007959987e-01	6.032780495007959987e-01	6.032780495007959987e-01	6.032780495007959987e-01	6.032780495007959987e-01	6.032780495007959987e-01	6.032780495007959987e-01	7.550628155631400329e-01	6.032780495007959987e-01	6.032780495007959987e-01	6.032780495007959987e-01	6.032780495007959987e-01	6.032780495007959987e-01	6.705632245138889447e-01	6.633013771116610391e-01
6.032780495007959987e-01	6.032780495007959987e-01	1.000000000000000000e+00	6.032780495007959987e-01	4.072881635445240178e-01	6.032780495007959987e-01	6.000159170051769797e-01	6.032780495007959987e-01	6.032780495007959987e-01	6.032780495007959987e-01	6.742569385090110279e-01	6.814093762837289958e-01	6.032780495007959987e-01	6.032780495007959987e-01	6.032780495007959987e-01	6.032780495007959987e-01	6.032780495007959987e-01	6.704978382068069731e-01	6.032780495007959987e-01	6.032780495007959987e-01	6.032780495007959987e-01	6.032780495007959987e-01	6.415962729925119845e-01	6.032780495007959987e-01	6.032780495007959987e-01	6.032780495007959987e-01	6.032780495007959987e-01	6.032780495007959987e-01	6.032780495007959987e-01	6.032780495007959987e-01	6.239983063351800530e-01	7.328493945191479897e-01	7.410390656815030175e-01	6.032780495007959987e-01	6.032780495007959987e-01	6.032780495007959987e-01	6.032780495007959987e-01	6.897582200481829906e-01	1.116636782561129942e-01	6.032780495007959987e-01	6.032780495007959987e-01	6.032780495007959987e-01	6.032780495007959987e-01	6.032780495007959987e-01	5.060912472089700298e-01	6.032780495007959987e-01	6.032780495007959987e-01	6.273205886965740330e-01	6.032780495007959987e-01	6.032780495007959987e-01	6.032780495007959987e-01	6.032780495007959987e-01	6.032780495007959987e-01	6.032780495007959987e-01	6.032780495007959987e-01	6.032780495007959987e-01	6.032780495007959987e-01	6.032780495007959987e-01	6.032780495007959987e-01	6.032780495007959987e-01	6.697732431504600514e-01	6.032780495007959987e-01	6.032780495007959987e-01	6.032780495007959987e-01	6.032780495007959987e-01	6.032780495007959987e-01	6.032780495007959987e-01	6.032780495007959987e-01	6.032780495007959987e-01	6.032780495007959987e-01	6.032780495007959987e-01	6.032780495007959987e-01	6.032780495007959987e-01	7.012038726365820152e-01	6.032780495007959987e-01	6.032780495007959987e-01	6.032780495007959987e-01	6.032780495007959987e-01	6.032780495007959987e-01	6.779910524689910511e-01	6.032780495007959987e-01	2.739893048991369762e-01	4.649593417007830132e-01	2.461249063054209985e-01	6.032780495007959987e-01	6.032780495007959987e-01	6.032780495007959987e-01	6.509078509912640254e-01	6.032780495007959987e-01	6.032780495007959987e-01	6.678806758069379956e-01	6.032780495007959987e-01	6.523514513053639829e-01	6.032780495007959987e-01	3.876259771487010064e-01	6.032780495007959987e-01	6.032780495007959987e-01	6.032780495007959987e-01	6.607449706374699666e-03	6.899145151588199631e-01	4.238195541634339758e-01	6.032780495007959987e-01	6.032780495007959987e-01	5.683534397294780494e-01	6.032780495007959987e-01	6.839372026603049992e-01	6.032780495007959987e-01	6.032780495007959987e-01	6.032780495007959987e-01	6.558333798902330480e-01	6.166987738668709973e-01	6.032780495007959987e-01	6.032780495007959987e-01	6.032780495007959987e-01	6.032780495007959987e-01	6.032780495007959987e-01	7.133060471004950553e-01	7.144369306699329680e-01	7.166629298313049734e-01	6.032780495007959987e-01	6.032780495007959987e-01	7.053641788486130215e-01	6.032780495007959987e-01	6.032780495007959987e-01
6.032780495007959987e-01	6.032780495007959987e-01	6.032780495007959987e-01	1.000000000000000000e+00	6.032780495007959987e-01	6.032780495007959987e-01	6.032780495007959987e-01	5.586629515005130386e-01	6.032780495007959987e-01	6.032780495007959987e-01	6.732759427680640174e-01	6.829102997180339640e-01	6.032780495007959987e-01	6.032780495007959987e-01	6.032780495007959987e-01	7.581793082292950237e-01	7.230650210807040290e-01	6.032780495007959987e-01	7.335585176992970302e-01	6.278754886728780127e-01	6.032780495007959987e-01	6.032780495007959987e-01	6.358351138811300096e-01	6.032780495007959987e-01	6.032780495007959987e-01	6.193095659585550194e-01	6.032780495007959987e-01	6.032780495007959987e-01	6.032780495007959987e-01	6.076452010410929860e-01	6.032780495007959987e-01	6.032780495007959987e-01	6.032780495007959987e-01	4.302556352592210032e-01	6.032780495007959987e-01	6.032780495007959987e-01	6.032780495007959987e-01	6.032780495007959987e-01	6.032780495007959987e-01	6.032780495007959987e-01	6.032780495007959987e-01	6.032780495007959987e-01	6.032780495007959987e-01	6.032780495007959987e-01	6.032780495007959987e-01	6.962946157170449846e-01	6.032780495007959987e-01	6.032780495007959987e-01	6.583502659610019903e-01	6.032780495007959987e-01	6.032780495007959987e-01	6.032780495007959987e-01	6.032780495007959987e-01	7.038860315779550403e-01	6.032780495007959987e-01	6.986772255459100522e-01	6.032780495007959987e-01	7.146508496979010472e-01	6.032780495007959987e-01	6.032780495007959987e-01	6.032780495007959987e-01	4.653842821778810257e-01	6.032780495007959987e-01	6.032780495007959987e-01	6.032780495007959987e-01	6.032780495007959987e-01	6.746363268833149851e-01	6.032780495007959987e-01	6.032780495007959987e-01	1.960415583892670122e-01	7.153343980490769471e-01	6.032780495007959987e-01	7.228272947740199683e-01	6.032780495007959987e-01	6.397561097017370191e-01	6.032780495007959987e-01	6.032780495007959987e-01	6.865387856776750120e-01	6.032780495007959987e-01	6.032780495007959987e-01	5.737308821487470123e-01	6.032780495007959987e-01	4.684128741446529909e-01	6.032780495007959987e-01	6.464353038295660436e-01	6.032780495007959987e-01	6.751896258641599813e-01	6.032780495007959987e-01	6.032780495007959987e-01	6.032780495007959987e-01	6.032780495007959987e-01	6.032780495007959987e-01	6.534648687561449565e-01	6.320959878395759901e-01	6.032780495007959987e-01	6.497952589783879684e-01	6.032780495007959987e-01	6.474095625296240053e-01	6.032780495007959987e-01	6.032780495007959987e-01	6.032780495007959987e-01	6.448492784783139697e-01	6.032780495007959987e-01	6.032780495007959987e-01	6.971111248387760195e-01	6.032780495007959987e-01	6.032780495007959987e-01	6.601686811821629863e-01	6.032780495007959987e-01	6.032780495007959987e-01	6.244340029185729835e-01	6.032780495007959987e-01	6.032780495007959987e-01	6.032780495007959987e-01	6.032780495007959987e-01	6.032780495007959987e-01	6.032780495007959987e-01	7.149291748286310533e-01	6.032780495007959987e-01	6.032780495007959987e-01	6.032780495007959987e-01	6.032780495007959987e-01	6.032780495007959987e-01	6.032780495007959987e-01
6.032780495007959987e-01	4.290250845055820217e-01	4.072881635445240178e-01	6.032780495007959987e-01	9.999999999999900080e-01	4.035421711339299833e-01	3.696893308798789857e-01	3.465899444963850273e-01	6.032780495007959987e-01	3.083087458167099726e-01	6.032780495007959987e-01	4.108960151589879928e-01	4.268231068611639811e-01	3.922057625624840171e-01	6.032780495007959987e-01	6.032780495007959987e-01	6.032780495007959987e-01	6.032780495007959987e-01	6.032780495007959987e-01	6.032780495007959987e-01	6.032780495007959987e-01	6.032780495007959987e-01	6.032780495007959987e-01	6.032780495007959987e-01	3.653789147960619932e-01	3.807313800959130079e-01	6.032780495007959987e-01	6.032780495007959987e-01	6.032780495007959987e-01	6.032780495007959987e-01	3.849973474193830181e-01	4.440445060498329766e-01	4.456341986822829893e-01	2.670269001595130254e-01	4.358294962102089998e-01	6.032780495007959987e-01	6.032780495007959987e-01	4.139662458726420247e-01	7.509821708335709389e-02	4.124460261208199863e-01	6.032780495007959987e-01	6.032780495007959987e-01	3.842318587758900006e-01	6.032780495007959987e-01	3.151990921806819834e-01	6.032780495007959987e-01	3.189419869362700166e-01	6.032780495007959987e-01	6.032780495007959987e-01	4.014523899325310174e-01	3.755608836969689945e-01	6.032780495007959987e-01	6.032780495007959987e-01	4.242835938665269757e-01	6.032780495007959987e-01	4.237117080613009845e-01	6.032780495007959987e-01	4.314483032546119756e-01	4.361311797642560273e-01	6.032780495007959987e-01	6.032780495007959987e-01	6.032780495007959987e-01	3.906866035789500202e-01	6.032780495007959987e-01	6.032780495007959987e-01	6.032780495007959987e-01	6.032780495007959987e-01	6.032780495007959987e-01	6.032780495007959987e-01	1.288164266461170049e-01	6.032780495007959987e-01	2.026605465405889872e-01	6.032780495007959987e-01	6.032780495007959987e-01	6.032780495007959987e-01	6.032780495007959987e-01	6.032780495007959987e-01	6.032780495007959987e-01	6.032780495007959987e-01	4.115720752978300201e-01	3.495894315064390079e-01	6.032780495007959987e-01	2.897748617237470015e-01	6.032780495007959987e-01	3.860659167989879959e-01	6.032780495007959987e-01	6.032780495007959987e-01	6.032780495007959987e-01	1.000000000000000021e-03	3.654365420637369771e-02	6.032780495007959987e-01	6.032780495007959987e-01	4.000114806271530266e-01	3.860884178822969748e-01	2.458100063565019922e-01	6.032780495007959987e-01	6.032780495007959987e-01	6.032780495007959987e-01	6.032780495007959987e-01	4.191377676888520254e-01	6.032780495007959987e-01	6.032780495007959987e-01	6.032780495007959987e-01	6.032780495007959987e-01	6.032780495007959987e-01	6.032780495007959987e-01	6.032780495007959987e-01	6.032780495007959987e-01	4.469827514741490093e-01	6.032780495007959987e-01	6.032780495007959987e-01	3.546097572307529977e-01	6.032780495007959987e-01	6.032780495007959987e-01	4.341331407620260263e-01	6.032780495007959987e-01	4.356234371810839834e-01	6.032780495007959987e-01	4.306953260675610018e-01	6.032780495007959987e-01	4.209792769076660113e-01	4.295632201176439735e-01	6.032780495007959987e-01	3.758788038420929900e-01
6.032780495007959987e-01	6.032780495007959987e-01	6.032780495007959987e-01	6.032780495007959987e-01	4.035421711339299833e-01	1.000000000000000000e+00	6.032780495007959987e-01	5.550913395369030390e-01	6.032780495007959987e-01	6.032780495007959987e-01	6.032780495007959987e-01	6.032780495007959987e-01	6.032780495007959987e-01	6.032780495007959987e-01	6.032780495007959987e-01	6.032780495007959987e-01	6.032780495007959987e-01	6.032780495007959987e-01	6.032780495007959987e-01	6.228960694412669641e-01	6.032780495007959987e-01	7.206051859004229954e-01	6.032780495007959987e-01	6.032780495007959987e-01	6.032780495007959987e-01	6.032780495007959987e-01	6.032780495007959987e-01	6.032780495007959987e-01	6.032780495007959987e-01	6.035628674469689647e-01	6.032780495007959987e-01	6.032780495007959987e-01	7.377697715459140548e-01	4.207925723560519971e-01	6.032780495007959987e-01	6.170374574440510296e-01	6.032780495007959987e-01	6.032780495007959987e-01	6.032780495007959987e-01	6.032780495007959987e-01	6.032780495007959987e-01	6.032780495007959987e-01	6.344529916217509502e-01	2.529735284524229910e-01	6.032780495007959987e-01	6.876387094980029868e-01	6.032780495007959987e-01	6.032780495007959987e-01	6.032780495007959987e-01	6.032780495007959987e-01	6.032780495007959987e-01	6.032780495007959987e-01	6.801010400625030483e-01	6.032780495007959987e-01	6.032780495007959987e-01	6.032780495007959987e-01	6.032780495007959987e-01	7.094867029558490357e-01	6.032780495007959987e-01	6.032780495007959987e-01	6.585188691241029568e-01	6.032780495007959987e-01	6.369142654760779898e-01	6.032780495007959987e-01	4.765722967253849807e-01	1.069781977531390066e-01	6.032780495007959987e-01	6.032780495007959987e-01	6.032780495007959987e-01	1.925592473042140040e-01	7.147325821167570536e-01	6.032780495007959987e-01	6.032780495007959987e-01	6.032780495007959987e-01	6.302854729118949617e-01	6.032780495007959987e-01	6.424283717665589810e-01	6.797467224112979656e-01	6.032780495007959987e-01	6.032780495007959987e-01	6.032780495007959987e-01	6.032780495007959987e-01	4.694365652206120010e-01	6.032780495007959987e-01	6.032780495007959987e-01	6.032780495007959987e-01	6.648499363873729973e-01	6.032780495007959987e-01	6.032780495007959987e-01	6.032780495007959987e-01	6.032780495007959987e-01	6.032780495007959987e-01	6.453399158044580419e-01	6.032780495007959987e-01	6.032780495007959987e-01	6.376487979330730527e-01	6.032780495007959987e-01	6.032780495007959987e-01	6.032780495007959987e-01	6.032780495007959987e-01	4.194581469733349999e-01	6.032780495007959987e-01	6.032780495007959987e-01	6.032780495007959987e-01	6.945564208332779543e-01	6.032780495007959987e-01	6.760538173209900137e-01	6.032780495007959987e-01	6.032780495007959987e-01	6.032780495007959987e-01	6.032780495007959987e-01	6.032780495007959987e-01	6.327792918992729554e-01	6.032780495007959987e-01	7.081427285830159679e-01	6.032780495007959987e-01	7.077694237483329598e-01	6.032780495007959987e-01	6.032780495007959987e-01	6.599425156225550149e-01	6.032780495007959987e-01	6.032780495007959987e-01	6.032780495007959987e-01	6.032780495007959987e-01
6.471905558386189528e-01	6.032780495007959987e-01	6.000159170051769797e-01	6.032780495007959987e-01	3.696893308798789857e-01	6.032780495007959987e-01	1.000000000000000000e+00	6.032780495007959987e-01	6.032780495007959987e-01	6.032780495007959987e-01	6.032780495007959987e-01	6.032780495007959987e-01	6.032780495007959987e-01	6.032780495007959987e-01	5.049177002804660086e-01	6.747466978068989985e-01	6.032780495007959987e-01	6.032780495007959987e-01	6.032780495007959987e-01	6.032780495007959987e-01	6.032780495007959987e-01	6.032780495007959987e-01	6.032780495007959987e-01	6.032780495007959987e-01	5.308911660527430021e-01	6.032780495007959987e-01	1.611108391849329913e-01	6.032780495007959987e-01	6.104334223010120519e-01	5.478264425749800326e-01	6.032780495007959987e-01	6.032780495007959987e-01	6.032780495007959987e-01	6.032780495007959987e-01	6.476903233016859662e-01	6.032780495007959987e-01	6.032780495007959987e-01	6.032780495007959987e-01	1.026195427582559938e-01	6.071238081767329486e-01	6.032780495007959987e-01	6.032780495007959987e-01	6.032780495007959987e-01	6.032780495007959987e-01	4.557097974349960112e-01	6.032780495007959987e-01	4.600733253403049838e-01	5.630638482381280507e-01	6.032780495007959987e-01	6.032780495007959987e-01	5.549656513504359623e-01	6.032780495007959987e-01	6.032780495007959987e-01	6.032780495007959987e-01	6.032780495007959987e-01	6.032780495007959987e-01	5.895947698803349901e-01	6.032780495007959987e-01	6.032780495007959987e-01	5.708420578132530343e-01	6.032780495007959987e-01	6.032780495007959987e-01	5.795915976662580071e-01	6.032780495007959987e-01	6.032780495007959987e-01	9.758558980258200122e-02	6.032780495007959987e-01	6.032780495007959987e-01	6.032780495007959987e-01	1.752104332303009993e-01	6.032780495007959987e-01	6.032780495007959987e-01	6.032780495007959987e-01	6.032780495007959987e-01	6.032780495007959987e-01	6.032780495007959987e-01	6.032780495007959987e-01	6.166374301506339917e-01	5.658405507430259718e-01	6.032780495007959987e-01	6.032780495007959987e-01	2.486933767560929875e-01	6.032780495007959987e-01	2.266456563255369872e-01	5.769892151493309917e-01	6.032780495007959987e-01	5.990913815860580138e-01	5.878961443814739729e-01	6.032780495007959987e-01	4.429731944381629788e-02	6.032780495007959987e-01	6.032780495007959987e-01	5.877887235125659471e-01	6.032780495007959987e-01	6.032780495007959987e-01	5.826142125025239871e-01	5.820604541834549783e-01	5.804078684705570312e-01	6.650392340364310283e-03	6.032780495007959987e-01	6.032780495007959987e-01	6.032780495007959987e-01	6.032780495007959987e-01	6.032780495007959987e-01	6.032780495007959987e-01	6.032780495007959987e-01	6.032780495007959987e-01	5.857478769079590419e-01	6.032780495007959987e-01	6.032780495007959987e-01	5.599563249833849898e-01	6.032780495007959987e-01	5.768013346881449843e-01	6.032780495007959987e-01	6.390652626731120334e-01	6.032780495007959987e-01	6.032780495007959987e-01	6.032780495007959987e-01	6.032780495007959987e-01	5.938473185618049488e-01	6.032780495007959987e-01	6.333317617835290125e-01	6.032780495007959987e-01	6.032780495007959987e-01
5.935526861071790394e-01	6.032780495007959987e-01	6.032780495007959987e-01	5.586629515005130386e-01	3.465899444963850273e-01	5.550913395369030390e-01	6.032780495007959987e-01	1.000000000000000000e+00	6.032780495007959987e-01	4.091354297240630267e-01	6.032780495007959987e-01	6.032780495007959987e-01	6.032780495007959987e-01	6.032780495007959987e-01	6.032780495007959987e-01	6.032780495007959987e-01	5.921799185122870179e-01	5.504435959123460398e-01	6.032780495007959987e-01	6.032780495007959987e-01	6.032780495007959987e-01	6.032780495007959987e-01	6.032780495007959987e-01	6.032780495007959987e-01	6.032780495007959987e-01	6.032780495007959987e-01	6.032780495007959987e-01	3.245955826131710076e-01	5.497853577383420287e-01	6.032780495007959987e-01	6.032780495007959987e-01	5.993155225577579959e-01	6.067764155801099735e-01	3.555459940489260062e-01	6.032780495007959987e-01	6.032780495007959987e-01	6.032780495007959987e-01	5.660412299066389652e-01	6.032780495007959987e-01	6.032780495007959987e-01	6.032780495007959987e-01	5.067829567768209476e-01	5.220826754737399877e-01	2.122587915203280051e-01	4.187231189446530277e-01	6.032780495007959987e-01	6.032780495007959987e-01	6.032780495007959987e-01	6.032780495007959987e-01	6.032780495007959987e-01	6.032780495007959987e-01	6.032780495007959987e-01	6.032780495007959987e-01	5.756044343742720004e-01	2.192891405882660127e-01	6.032780495007959987e-01	6.032780495007959987e-01	5.868648776952040125e-01	6.032780495007959987e-01	6.032780495007959987e-01	6.032780495007959987e-01	6.032780495007959987e-01	6.032780495007959987e-01	6.032780495007959987e-01	6.032780495007959987e-01	9.263458812127629838e-02	6.032780495007959987e-01	6.032780495007959987e-01	6.032780495007959987e-01	6.032780495007959987e-01	5.873495341151150351e-01	2.723313809601590196e-01	6.032780495007959987e-01	6.032780495007959987e-01	6.032780495007959987e-01	6.032780495007959987e-01	6.032780495007959987e-01	5.607563624814659864e-01	5.158379844834829475e-01	6.032780495007959987e-01	4.693683423740209748e-01	6.032780495007959987e-01	3.896273112551850160e-01	2.118182471991179872e-01	6.032780495007959987e-01	2.154714866913620130e-01	6.032780495007959987e-01	5.341678588331819633e-01	6.032780495007959987e-01	4.216305624675149855e-02	6.032780495007959987e-01	6.032780495007959987e-01	6.032780495007959987e-01	6.032780495007959987e-01	6.032780495007959987e-01	5.311038703973099961e-01	6.032780495007959987e-01	6.032780495007959987e-01	6.032780495007959987e-01	6.032780495007959987e-01	3.562629842863859753e-01	6.032780495007959987e-01	6.032780495007959987e-01	4.664015430225489922e-01	6.032780495007959987e-01	6.032780495007959987e-01	6.032780495007959987e-01	6.032780495007959987e-01	6.032780495007959987e-01	5.418809415380270167e-01	6.032780495007959987e-01	6.032780495007959987e-01	6.032780495007959987e-01	5.981892829623020047e-01	6.032780495007959987e-01	5.820255066556490053e-01	6.032780495007959987e-01	6.032780495007959987e-01	6.032780495007959987e-01	6.032780495007959987e-01	6.032780495007959987e-01	6.032780495007959987e-01	6.032780495007959987e-01	6.032780495007959987e-01
4.968202942154499868e-01	6.032780495007959987e-01	6.032780495007959987e-01	6.032780495007959987e-01	6.032780495007959987e-01	6.032780495007959987e-01	6.032780495007959987e-01	6.032780495007959987e-01	9.999999999999960032e-01	6.032780495007959987e-01	6.032780495007959987e-01	6.032780495007959987e-01	6.032780495007959987e-01	4.478933461366689794e-01	3.936140759867640115e-01	6.032780495007959987e-01	6.032780495007959987e-01	6.032780495007959987e-01	6.032780495007959987e-01	6.032780495007959987e-01	6.032780495007959987e-01	6.032780495007959987e-01	6.032780495007959987e-01	6.032780495007959987e-01	6.032780495007959987e-01	4.265787391322790056e-01	1.308780607601570112e-01	2.821941312925270173e-01	6.032780495007959987e-01	6.032780495007959987e-01	4.380035974087539974e-01	5.020368257733259787e-01	5.105553700738549860e-01	6.032780495007959987e-01	6.032780495007959987e-01	6.032780495007959987e-01	4.548445643821419915e-01	6.032780495007959987e-01	8.284282889888340551e-02	6.032780495007959987e-01	6.032780495007959987e-01	4.326571120688390004e-01	6.032780495007959987e-01	1.850212508184120030e-01	3.584400429891330120e-01	4.811055481447359949e-01	3.574049010905129831e-01	6.032780495007959987e-01	6.032780495007959987e-01	4.617682876755649923e-01	6.032780495007959987e-01	6.032780495007959987e-01	6.032780495007959987e-01	6.032780495007959987e-01	6.032780495007959987e-01	6.032780495007959987e-01	6.032780495007959987e-01	4.901295334018859751e-01	6.032780495007959987e-01	6.032780495007959987e-01	6.032780495007959987e-01	3.289902916422329793e-01	6.032780495007959987e-01	6.032780495007959987e-01	6.032780495007959987e-01	6.032780495007959987e-01	4.613934074989189948e-01	4.960287926495209748e-02	6.032780495007959987e-01	6.032780495007959987e-01	6.032780495007959987e-01	6.032780495007959987e-01	6.032780495007959987e-01	6.032780495007959987e-01	6.032780495007959987e-01	4.563736430589139803e-01	6.032780495007959987e-01	6.032780495007959987e-01	6.032780495007959987e-01	6.032780495007959987e-01	6.032780495007959987e-01	6.032780495007959987e-01	6.032780495007959987e-01	6.032780495007959987e-01	6.032780495007959987e-01	6.032780495007959987e-01	6.032780495007959987e-01	4.512586818708320124e-01	1.000000000000000021e-03	3.854146840000430285e-02	6.032780495007959987e-01	4.757672139834629998e-01	6.032780495007959987e-01	6.032780495007959987e-01	6.032780495007959987e-01	6.032780495007959987e-01	6.032780495007959987e-01	6.032780495007959987e-01	6.032780495007959987e-01	6.032780495007959987e-01	6.032780495007959987e-01	4.388374654581729817e-01	6.032780495007959987e-01	6.032780495007959987e-01	4.784576958485869946e-01	6.032780495007959987e-01	6.032780495007959987e-01	6.032780495007959987e-01	5.122885924410519598e-01	4.562815663617100226e-01	4.335305864702599932e-01	6.032780495007959987e-01	4.391226393759010138e-01	4.991865997590059778e-01	6.032780495007959987e-01	6.032780495007959987e-01	6.032780495007959987e-01	4.883187724991620016e-01	4.931037424174269934e-01	6.032780495007959987e-01	6.032780495007959987e-01	6.032780495007959987e-01	6.032780495007959987e-01	4.283561731339750045e-01
6.032780495007959987e-01	5.166088641646889856e-01	6.032780495007959987e-01	6.032780495007959987e-01	3.083087458167099726e-01	6.032780495007959987e-01	6.032780495007959987e-01	4.091354297240630267e-01	6.032780495007959987e-01	9.999999999999980016e-01	6.032780495007959987e-01	4.913451475670390090e-01	5.102676422015079982e-01	4.628172419180680008e-01	6.032780495007959987e-01	5.430085489038259938e-01	6.032780495007959987e-01	4.852376629888929815e-01	5.281604901660319484e-01	6.032780495007959987e-01	4.577388145568849764e-01	6.032780495007959987e-01	6.032780495007959987e-01	6.032780495007959987e-01	4.294025517418569859e-01	6.032780495007959987e-01	6.032780495007959987e-01	6.032780495007959987e-01	6.032780495007959987e-01	4.416755314371170194e-01	4.535581885714090045e-01	6.032780495007959987e-01	6.032780495007959987e-01	6.032780495007959987e-01	6.032780495007959987e-01	6.032780495007959987e-01	4.770517087917179877e-01	5.024312948300110326e-01	6.032780495007959987e-01	6.032780495007959987e-01	6.032780495007959987e-01	6.032780495007959987e-01	6.032780495007959987e-01	6.032780495007959987e-01	6.032780495007959987e-01	6.032780495007959987e-01	6.032780495007959987e-01	4.541416753972820075e-01	4.723205178775660151e-01	6.032780495007959987e-01	6.032780495007959987e-01	6.032780495007959987e-01	4.987928691340129950e-01	6.032780495007959987e-01	1.953131366780339884e-01	6.032780495007959987e-01	4.711446214242089869e-01	6.032780495007959987e-01	6.032780495007959987e-01	4.605063300062989806e-01	6.032780495007959987e-01	6.032780495007959987e-01	6.032780495007959987e-01	4.065226951776150233e-01	6.032780495007959987e-01	6.032780495007959987e-01	6.032780495007959987e-01	6.032780495007959987e-01	6.032780495007959987e-01	6.032780495007959987e-01	6.032780495007959987e-01	6.032780495007959987e-01	6.032780495007959987e-01	6.032780495007959987e-01	6.032780495007959987e-01	6.032780495007959987e-01	4.687569324009739913e-01	6.032780495007959987e-01	6.032780495007959987e-01	6.032780495007959987e-01	6.032780495007959987e-01	2.015538042292799870e-01	6.032780495007959987e-01	1.876921636053709985e-01	6.032780495007959987e-01	6.032780495007959987e-01	6.032780495007959987e-01	6.032780495007959987e-01	6.032780495007959987e-01	3.667728147191429838e-02	6.032780495007959987e-01	6.032780495007959987e-01	6.032780495007959987e-01	6.032780495007959987e-01	6.032780495007959987e-01	6.032780495007959987e-01	4.643905882335819801e-01	6.032780495007959987e-01	5.908534455936289599e-03	6.032780495007959987e-01	6.032780495007959987e-01	4.616457962354200140e-01	6.032780495007959987e-01	6.032780495007959987e-01	6.032780495007959987e-01	6.032780495007959987e-01	6.032780495007959987e-01	6.032780495007959987e-01	5.376490259192560073e-01	6.032780495007959987e-01	6.032780495007959987e-01	6.032780495007959987e-01	4.647739700431020027e-01	6.032780495007959987e-01	5.182046049951020139e-01	6.032780495007959987e-01	6.032780495007959987e-01	6.032780495007959987e-01	6.032780495007959987e-01	6.032780495007959987e-01	6.032780495007959987e-01	6.032780495007959987e-01	6.032780495007959987e-01	6.032780495007959987e-01
6.032780495007959987e-01	6.032780495007959987e-01	6.742569385090110279e-01	6.732759427680640174e-01	6.032780495007959987e-01	6.032780495007959987e-01	6.032780495007959987e-01	6.032780495007959987e-01	6.032780495007959987e-01	6.032780495007959987e-01	1.000000000000000000e+00	6.032780495007959987e-01	6.032780495007959987e-01	6.376492937346289747e-01	6.032780495007959987e-01	6.032780495007959987e-01	7.209878367545720090e-01	6.032780495007959987e-01	6.032780495007959987e-01	6.032780495007959987e-01	6.032780495007959987e-01	7.228588910719629945e-01	6.032780495007959987e-01	6.032780495007959987e-01	6.032780495007959987e-01	6.032780495007959987e-01	1.756314258348130042e-01	6.032780495007959987e-01	6.032780495007959987e-01	6.002904048985420182e-01	6.032780495007959987e-01	6.032780495007959987e-01	7.441181779230979787e-01	4.260086919398979877e-01	6.032780495007959987e-01	6.032780495007959987e-01	6.564512619804090399e-01	6.032780495007959987e-01	6.032780495007959987e-01	6.748351738869989846e-01	6.032780495007959987e-01	6.032780495007959987e-01	6.352265434316619608e-01	6.032780495007959987e-01	6.032780495007959987e-01	6.032780495007959987e-01	6.032780495007959987e-01	6.032780495007959987e-01	6.527860184306399915e-01	6.619378850185519969e-01	6.032780495007959987e-01	6.032780495007959987e-01	6.032780495007959987e-01	7.000142466688720200e-01	2.572723070050499938e-01	6.968471661382069637e-01	6.032780495007959987e-01	6.032780495007959987e-01	7.272955898921149576e-01	6.342517111263179519e-01	6.032780495007959987e-01	6.032780495007959987e-01	6.032780495007959987e-01	6.032780495007959987e-01	6.032780495007959987e-01	6.032780495007959987e-01	6.032780495007959987e-01	6.032780495007959987e-01	6.786925528369690541e-01	6.032780495007959987e-01	6.032780495007959987e-01	3.223591810230490018e-01	6.032780495007959987e-01	6.032780495007959987e-01	6.032780495007959987e-01	6.032780495007959987e-01	6.409809242978889987e-01	6.032780495007959987e-01	6.032780495007959987e-01	6.032780495007959987e-01	6.032780495007959987e-01	2.720336202600849851e-01	4.642862887737430055e-01	2.475003037117070037e-01	6.032780495007959987e-01	6.032780495007959987e-01	6.032780495007959987e-01	6.032780495007959987e-01	1.000000000000000021e-03	6.032780495007959987e-01	6.665915084135639601e-01	6.032780495007959987e-01	6.533154567496639586e-01	6.032780495007959987e-01	6.032780495007959987e-01	6.032780495007959987e-01	6.032780495007959987e-01	6.032780495007959987e-01	6.032780495007959987e-01	6.032780495007959987e-01	4.225183033844829850e-01	6.032780495007959987e-01	6.032780495007959987e-01	6.032780495007959987e-01	6.032780495007959987e-01	6.032780495007959987e-01	6.032780495007959987e-01	6.032780495007959987e-01	6.032780495007959987e-01	6.032780495007959987e-01	6.032780495007959987e-01	6.032780495007959987e-01	6.032780495007959987e-01	6.032780495007959987e-01	6.032780495007959987e-01	6.032780495007959987e-01	7.130395374622110483e-01	6.032780495007959987e-01	7.145058969803189663e-01	6.032780495007959987e-01	6.032780495007959987e-01	7.069012872236990486e-01	6.032780495007959987e-01	6.032780495007959987e-01
6.032780495007959987e-01	6.032780495007959987e-01	6.814093762837289958e-01	6.829102997180339640e-01	4.108960151589879928e-01	6.032780495007959987e-01	6.032780495007959987e-01	6.032780495007959987e-01	6.032780495007959987e-01	4.913451475670390090e-01	6.032780495007959987e-01	1.000000000000000000e+00	6.032780495007959987e-01	6.374716450125079703e-01	5.718511036073770093e-01	7.608786203071460363e-01	6.032780495007959987e-01	6.032780495007959987e-01	7.364862635857359896e-01	6.297405701579330550e-01	6.361439194571040234e-01	6.032780495007959987e-01	6.032780495007959987e-01	6.032780495007959987e-01	6.032780495007959987e-01	6.200979046100859593e-01	1.773201552549570070e-01	6.032780495007959987e-01	6.032780495007959987e-01	6.106236807583520498e-01	6.316748749697650434e-01	6.032780495007959987e-01	6.032780495007959987e-01	4.243527789294360142e-01	7.249708678671430429e-01	6.032780495007959987e-01	6.032780495007959987e-01	6.032780495007959987e-01	1.114436287858489999e-01	6.032780495007959987e-01	6.032780495007959987e-01	6.032780495007959987e-01	6.032780495007959987e-01	6.032780495007959987e-01	6.032780495007959987e-01	6.032780495007959987e-01	6.032780495007959987e-01	6.032780495007959987e-01	6.607565181794560205e-01	6.032780495007959987e-01	6.032780495007959987e-01	6.032780495007959987e-01	6.032780495007959987e-01	6.032780495007959987e-01	2.607968049059610216e-01	7.032858482949569945e-01	6.032780495007959987e-01	7.224264046447550491e-01	6.032780495007959987e-01	6.032780495007959987e-01	6.032780495007959987e-01	6.032780495007959987e-01	6.032780495007959987e-01	5.540397339632280316e-01	4.909648765332449982e-01	6.032780495007959987e-01	6.032780495007959987e-01	6.251065609763989395e-02	6.032780495007959987e-01	6.032780495007959987e-01	7.207328181829000258e-01	3.259119126363039798e-01	6.032780495007959987e-01	6.032780495007959987e-01	6.393047061912570106e-01	6.032780495007959987e-01	6.493082342909429761e-01	6.923196963972180207e-01	6.032780495007959987e-01	6.032780495007959987e-01	6.032780495007959987e-01	6.032780495007959987e-01	6.032780495007959987e-01	6.032780495007959987e-01	6.032780495007959987e-01	2.595101421221789884e-01	6.731418101122309539e-01	6.032780495007959987e-01	6.032780495007959987e-01	4.650235836889349966e-02	6.759037539269100447e-01	6.032780495007959987e-01	6.032780495007959987e-01	6.332079010480969883e-01	6.032780495007959987e-01	6.032780495007959987e-01	6.032780495007959987e-01	6.032780495007959987e-01	6.032780495007959987e-01	6.979773642012150336e-01	6.032780495007959987e-01	6.032780495007959987e-01	6.032780495007959987e-01	5.689343185225870236e-01	7.004072961040930245e-01	6.032780495007959987e-01	6.930149919548359572e-01	6.032780495007959987e-01	7.491617421888050465e-01	6.032780495007959987e-01	6.032780495007959987e-01	6.032780495007959987e-01	6.032780495007959987e-01	7.365753328722339788e-01	6.032780495007959987e-01	7.149153170603419483e-01	6.032780495007959987e-01	7.170653370211480526e-01	6.032780495007959987e-01	6.032780495007959987e-01	6.969632263037159881e-01	6.032780495007959987e-01	6.032780495007959987e-01	6.032780495007959987e-01
