1.000000000000000000e+00	6.643605897172359942e-01	4.530192127305855410e-01	4.530192127305855410e-01	4.530192127305855410e-01	5.944042223933539981e-01	4.530192127305855410e-01	4.530192127305855410e-01	3.342008488036620206e-01	4.530192127305855410e-01	6.032975224382870483e-01	6.118843959045180414e-01	4.530192127305855410e-01	4.530192127305855410e-01	4.530192127305855410e-01	4.530192127305855410e-01	4.530192127305855410e-01	6.017209112605680366e-01	6.801402798078030054e-01	4.530192127305855410e-01	5.471869251853860305e-01	4.530192127305855410e-01	4.530192127305855410e-01	4.530192127305855410e-01	4.530192127305855410e-01	4.530192127305855410e-01	7.155761600875619466e-02	4.530192127305855410e-01	4.530192127305855410e-01	4.530192127305855410e-01	5.339752642825470463e-01	4.530192127305855410e-01	4.530192127305855410e-01	2.889108266924019786e-01	6.685696156873960350e-01	5.334324482684470459e-01	4.530192127305855410e-01	4.530192127305855410e-01	4.530192127305855410e-01	4.530192127305855410e-01	4.530192127305855410e-01	4.530192127305855410e-01	4.530192127305855410e-01	1.293155857649510021e-01	3.803665032237170118e-01	4.530192127305855410e-01	3.884020665298720254e-01	5.356100072818630320e-01	5.727759604950199979e-01	4.530192127305855410e-01	4.530192127305855410e-01	4.530192127305855410e-01	6.230546994958859885e-01	4.530192127305855410e-01	4.530192127305855410e-01	6.326554070171199751e-01	4.530192127305855410e-01	6.605757352756860268e-01	4.530192127305855410e-01	5.491068383182859947e-01	4.530192127305855410e-01	4.530192127305855410e-01	4.530192127305855410e-01	4.436634224891700118e-01	3.592454993321930190e-01	3.241434055253390040e-02	4.530192127305855410e-01	4.530192127305855410e-01	4.530192127305855410e-01	4.530192127305855410e-01	4.530192127305855410e-01	4.530192127305855410e-01	4.530192127305855410e-01	6.461217143003969987e-01	4.530192127305855410e-01	5.823574936563939985e-01	4.530192127305855410e-01	4.530192127305855410e-01	4.530192127305855410e-01	4.530192127305855410e-01	4.530192127305855410e-01	1.434155199266479996e-01	4.530192127305855410e-01	4.530192127305855410e-01	4.530192127305855410e-01	1.305382939136600084e-01	4.530192127305855410e-01	4.530192127305855410e-01	4.530192127305855410e-01	8.183096169243550544e-03	4.530192127305855410e-01	4.530192127305855410e-01	4.530192127305855410e-01	4.530192127305855410e-01	4.530192127305855410e-01	4.530192127305855410e-01	5.609650571915789641e-01	4.530192127305855410e-01	4.530192127305855410e-01	4.530192127305855410e-01	4.530192127305855410e-01	5.598646787183809703e-01	5.384608793143690342e-01	4.530192127305855410e-01	4.530192127305855410e-01	4.530192127305855410e-01	4.530192127305855410e-01	5.727728796662759914e-01	7.042602379812900049e-01	4.530192127305855410e-01	4.530192127305855410e-01	4.718022211915229858e-01	4.530192127305855410e-01	6.822266276716010269e-01	6.659336876813459760e-01	4.530192127305855410e-01	6.644593120852040347e-01	4.530192127305855410e-01	4.530192127305855410e-01	4.530192127305855410e-01	4.530192127305855410e-01	4.530192127305855410e-01	5.451014788829130486e-01	4.530192127305855410e-01
6.643605897172359942e-01	1.000000000000000000e+00	4.530192127305855410e-01	4.530192127305855410e-01	4.530192127305855410e-01	4.530192127305855410e-01	4.530192127305855410e-01	4.530192127305855410e-01	4.530192127305855410e-01	4.530192127305855410e-01	4.530192127305855410e-01	5.961038597997200261e-01	4.530192127305855410e-01	5.336078031327510240e-01	4.530192127305855410e-01	4.530192127305855410e-01	4.530192127305855410e-01	4.530192127305855410e-01	4.530192127305855410e-01	5.201151864034689876e-01	4.530192127305855410e-01	4.530192127305855410e-01	5.332021610346570073e-01	4.530192127305855410e-01	4.530192127305855410e-01	4.530192127305855410e-01	4.530192127305855410e-01	2.405587135174150071e-01	4.530192127305855410e-01	4.530192127305855410e-01	5.207926929574330233e-01	4.530192127305855410e-01	4.530192127305855410e-01	2.797293430202080211e-01	4.530192127305855410e-01	5.238988054946730477e-01	4.530192127305855410e-01	4.530192127305855410e-01	4.530192127305855410e-01	4.530192127305855410e-01	4.530192127305855410e-01	4.530192127305855410e-01	4.530192127305855410e-01	1.273384708997929993e-01	4.530192127305855410e-01	4.530192127305855410e-01	4.530192127305855410e-01	5.276562784841070108e-01	4.530192127305855410e-01	5.690376931884459921e-01	5.115564927111569959e-01	4.530192127305855410e-01	4.530192127305855410e-01	4.530192127305855410e-01	1.322606961065639908e-01	4.530192127305855410e-01	4.530192127305855410e-01	4.530192127305855410e-01	6.633488043395240341e-01	4.530192127305855410e-01	4.530192127305855410e-01	4.530192127305855410e-01	5.447336989190899592e-01	4.530192127305855410e-01	4.530192127305855410e-01	3.236606403384360148e-02	5.832058640623210000e-01	4.530192127305855410e-01	4.530192127305855410e-01	4.530192127305855410e-01	4.530192127305855410e-01	4.530192127305855410e-01	4.530192127305855410e-01	4.530192127305855410e-01	5.375090642001140173e-01	5.654549520079630298e-01	4.530192127305855410e-01	6.046927788044109686e-01	4.530192127305855410e-01	5.929916837880280234e-01	4.540936251178420147e-01	4.530192127305855410e-01	4.530192127305855410e-01	4.530192127305855410e-01	5.502090508515620204e-01	1.281650654603979922e-01	4.530192127305855410e-01	5.630164023741960344e-01	1.000000000000000082e-05	8.468694707642410516e-03	5.832816166008939485e-01	4.530192127305855410e-01	4.530192127305855410e-01	4.530192127305855410e-01	4.530192127305855410e-01	4.530192127305855410e-01	5.484293205564539919e-01	4.530192127305855410e-01	4.530192127305855410e-01	4.530192127305855410e-01	4.530192127305855410e-01	5.461592655921809758e-01	5.282367082802960079e-01	4.449453488856929817e-01	6.184907665817059863e-01	4.530192127305855410e-01	6.043569684695360156e-01	5.628924581361820501e-01	4.530192127305855410e-01	4.530192127305855410e-01	4.530192127305855410e-01	4.530192127305855410e-01	5.383701913289550278e-01	6.706134805885359818e-01	6.472707023390179559e-01	4.530192127305855410e-01	4.530192127305855410e-01	4.530192127305855410e-01	4.530192127305855410e-01	4.530192127305855410e-01	4.530192127305855410e-01	4.530192127305855410e-01	4.530192127305855410e-01	4.530192127305855410e-01
4.530192127305855410e-01	4.530192127305855410e-01	1.000000000000000000e+00	4.530192127305855410e-01	4.530192127305855410e-01	5.327946220145040046e-01	4.530192127305855410e-01	4.530192127305855410e-01	4.530192127305855410e-01	3.276568812950579890e-01	5.392684973750380140e-01	4.530192127305855410e-01	5.758007542905410059e-01	4.865646877912179757e-01	4.530192127305855410e-01	4.530192127305855410e-01	4.530192127305855410e-01	5.345653606902970312e-01	4.530192127305855410e-01	4.530192127305855410e-01	4.530192127305855410e-01	4.530192127305855410e-01	4.530192127305855410e-01	4.530192127305855410e-01	4.365714814893240092e-01	4.530192127305855410e-01	4.530192127305855410e-01	4.530192127305855410e-01	4.530192127305855410e-01	4.539489449504020002e-01	4.776337585095259963e-01	4.530192127305855410e-01	4.530192127305855410e-01	2.597460154993819770e-01	4.530192127305855410e-01	4.530192127305855410e-01	4.530192127305855410e-01	4.530192127305855410e-01	4.530192127305855410e-01	5.379822036612790237e-01	5.912092300759069774e-01	4.652808198223820080e-01	4.530192127305855410e-01	4.530192127305855410e-01	4.530192127305855410e-01	4.530192127305855410e-01	4.530192127305855410e-01	4.816241340461879794e-01	4.530192127305855410e-01	5.185877654523870506e-01	4.530192127305855410e-01	4.530192127305855410e-01	4.530192127305855410e-01	4.530192127305855410e-01	4.530192127305855410e-01	5.705494299397150249e-01	5.101750957255229979e-01	4.530192127305855410e-01	4.530192127305855410e-01	4.530192127305855410e-01	5.336605096616729993e-01	4.530192127305855410e-01	4.530192127305855410e-01	3.998483011965450196e-01	4.530192127305855410e-01	4.530192127305855410e-01	4.530192127305855410e-01	1.254288344722000008e-02	5.443788788589970506e-01	4.530192127305855410e-01	5.858676458826079791e-01	4.530192127305855410e-01	4.530192127305855410e-01	5.734163839891069925e-01	4.530192127305855410e-01	4.530192127305855410e-01	4.530192127305855410e-01	4.530192127305855410e-01	4.530192127305855410e-01	4.530192127305855410e-01	4.116771620286679978e-01	1.315362755340739875e-01	4.530192127305855410e-01	1.111904355236079944e-01	4.530192127305855410e-01	1.193409630370179941e-01	5.337071374738410201e-01	5.102980009153460506e-01	4.530192127305855410e-01	4.530192127305855410e-01	4.530192127305855410e-01	4.530192127305855410e-01	5.120723352267759765e-01	4.872985856163740137e-01	2.265314993188050074e-01	4.530192127305855410e-01	5.031086601689349624e-01	4.530192127305855410e-01	3.841020138329210177e-04	4.530192127305855410e-01	4.530192127305855410e-01	4.958007802633049854e-01	4.800546174423370172e-01	4.530192127305855410e-01	4.530192127305855410e-01	4.530192127305855410e-01	4.530192127305855410e-01	4.530192127305855410e-01	4.530192127305855410e-01	4.530192127305855410e-01	4.530192127305855410e-01	4.176499054660839927e-01	4.530192127305855410e-01	6.067944722792689705e-01	4.530192127305855410e-01	4.530192127305855410e-01	4.530192127305855410e-01	4.530192127305855410e-01	4.530192127305855410e-01	4.530192127305855410e-01	4.530192127305855410e-01	5.787557711916090364e-01	4.530192127305855410e-01	4.530192127305855410e-01
4.530192127305855410e-01	4.530192127305855410e-01	4.530192127305855410e-01	1.000000000000000000e+00	4.530192127305855410e-01	5.386298497648199790e-01	4.530192127305855410e-01	4.530192127305855410e-01	3.041585483142790203e-01	4.530192127305855410e-01	5.380397037776269986e-01	4.530192127305855410e-01	4.530192127305855410e-01	4.530192127305855410e-01	4.124428516084849838e-01	6.480785131697910373e-01	4.530192127305855410e-01	5.381961728407760326e-01	6.154096051081400232e-01	4.530192127305855410e-01	4.530192127305855410e-01	6.019654002363850065e-01	4.530192127305855410e-01	4.530192127305855410e-01	4.530192127305855410e-01	4.530192127305855410e-01	4.530192127305855410e-01	4.530192127305855410e-01	4.530192127305855410e-01	4.581679146336710140e-01	4.843828810855509981e-01	4.530192127305855410e-01	4.530192127305855410e-01	2.667630840232099732e-01	4.530192127305855410e-01	4.530192127305855410e-01	4.530192127305855410e-01	4.530192127305855410e-01	4.530192127305855410e-01	5.444770941783689810e-01	5.931217626045730551e-01	4.530192127305855410e-01	5.018078103224750119e-01	4.530192127305855410e-01	4.530192127305855410e-01	4.530192127305855410e-01	4.530192127305855410e-01	4.530192127305855410e-01	5.194693293327470318e-01	5.278262603704979572e-01	4.738174231099960276e-01	5.024754155937819489e-01	4.530192127305855410e-01	4.530192127305855410e-01	1.215769363268170006e-01	4.530192127305855410e-01	5.097790423396380000e-01	4.530192127305855410e-01	4.530192127305855410e-01	4.938746875617119891e-01	4.530192127305855410e-01	3.016685665008960182e-01	4.530192127305855410e-01	4.530192127305855410e-01	4.530192127305855410e-01	3.031497811283600033e-02	4.530192127305855410e-01	1.269011898966860077e-02	5.502727195606570421e-01	7.784966778389200426e-02	4.530192127305855410e-01	4.530192127305855410e-01	4.530192127305855410e-01	4.530192127305855410e-01	4.530192127305855410e-01	5.215466885755889459e-01	4.530192127305855410e-01	4.530192127305855410e-01	4.530192127305855410e-01	4.530192127305855410e-01	4.530192127305855410e-01	1.331367194629320128e-01	4.530192127305855410e-01	1.173945093681140056e-01	4.530192127305855410e-01	1.201033659504389950e-01	4.530192127305855410e-01	4.530192127305855410e-01	1.000000000000000082e-05	7.847362898518820198e-03	4.530192127305855410e-01	4.530192127305855410e-01	4.530192127305855410e-01	4.873808471788430019e-01	4.530192127305855410e-01	4.530192127305855410e-01	4.530192127305855410e-01	4.530192127305855410e-01	4.530192127305855410e-01	4.530192127305855410e-01	4.530192127305855410e-01	4.530192127305855410e-01	4.530192127305855410e-01	4.099955810431309966e-01	4.530192127305855410e-01	5.607092991363209489e-01	5.589741946844130061e-01	4.530192127305855410e-01	6.377488009663619950e-01	5.213530686635410305e-01	4.530192127305855410e-01	4.530192127305855410e-01	4.530192127305855410e-01	4.530192127305855410e-01	4.530192127305855410e-01	4.530192127305855410e-01	4.530192127305855410e-01	4.530192127305855410e-01	4.530192127305855410e-01	4.530192127305855410e-01	4.530192127305855410e-01	4.530192127305855410e-01	4.530192127305855410e-01	4.780123756624289899e-01
4.530192127305855410e-01	4.530192127305855410e-01	4.530192127305855410e-01	4.530192127305855410e-01	9.999999999999840128e-01	4.530192127305855410e-01	2.103247374952059989e-01	1.901022875138259904e-01	1.457165052532979899e-01	4.530192127305855410e-01	4.530192127305855410e-01	4.530192127305855410e-01	4.530192127305855410e-01	4.530192127305855410e-01	1.923456656760970107e-01	4.530192127305855410e-01	4.530192127305855410e-01	2.468901862172780126e-01	2.780309713505800251e-01	4.530192127305855410e-01	4.530192127305855410e-01	4.530192127305855410e-01	4.530192127305855410e-01	4.530192127305855410e-01	2.064952193672029979e-01	4.530192127305855410e-01	4.530192127305855410e-01	4.530192127305855410e-01	4.530192127305855410e-01	4.530192127305855410e-01	2.241292381533150080e-01	4.530192127305855410e-01	2.818528002637459839e-01	1.263371296537590116e-01	4.530192127305855410e-01	4.530192127305855410e-01	4.530192127305855410e-01	2.511098407408369759e-01	4.530192127305855410e-01	4.530192127305855410e-01	4.530192127305855410e-01	2.183851366482620071e-01	2.234314139779060016e-01	4.530192127305855410e-01	4.530192127305855410e-01	4.530192127305855410e-01	4.530192127305855410e-01	2.241670381946229973e-01	4.530192127305855410e-01	4.530192127305855410e-01	4.530192127305855410e-01	4.530192127305855410e-01	4.530192127305855410e-01	4.530192127305855410e-01	6.275001020804570062e-02	4.530192127305855410e-01	2.355159332048570031e-01	4.530192127305855410e-01	4.530192127305855410e-01	4.530192127305855410e-01	4.530192127305855410e-01	4.530192127305855410e-01	4.530192127305855410e-01	4.530192127305855410e-01	4.530192127305855410e-01	4.530192127305855410e-01	2.490558683598980139e-01	4.530192127305855410e-01	4.530192127305855410e-01	4.031903276338379832e-02	4.530192127305855410e-01	4.530192127305855410e-01	4.530192127305855410e-01	4.530192127305855410e-01	4.530192127305855410e-01	4.530192127305855410e-01	4.530192127305855410e-01	4.530192127305855410e-01	4.530192127305855410e-01	4.530192127305855410e-01	4.530192127305855410e-01	4.530192127305855410e-01	1.436021823903929906e-01	4.530192127305855410e-01	2.251046682929080112e-01	4.530192127305855410e-01	4.530192127305855410e-01	4.530192127305855410e-01	4.530192127305855410e-01	4.530192127305855410e-01	2.413044927223559899e-01	2.544788032248970211e-01	4.530192127305855410e-01	4.530192127305855410e-01	1.109676236832070062e-01	2.292030940912909986e-01	4.530192127305855410e-01	4.530192127305855410e-01	2.962052850325989917e-04	4.530192127305855410e-01	1.234896199609659961e-01	2.238622077733490034e-01	4.530192127305855410e-01	4.530192127305855410e-01	4.530192127305855410e-01	4.530192127305855410e-01	4.530192127305855410e-01	4.530192127305855410e-01	2.831903047791369810e-01	4.530192127305855410e-01	2.194677988944450098e-01	1.970393592104369984e-01	2.232997725698959990e-01	2.779193691781750020e-01	4.530192127305855410e-01	2.663950497984580168e-01	4.530192127305855410e-01	4.530192127305855410e-01	2.671903355502989741e-01	4.530192127305855410e-01	4.530192127305855410e-01	4.530192127305855410e-01	4.530192127305855410e-01	4.530192127305855410e-01
5.944042223933539981e-01	4.530192127305855410e-01	5.327946220145040046e-01	5.386298497648199790e-01	4.530192127305855410e-01	1.000000000000000000e+00	4.477105830121569929e-01	3.976237140312809948e-01	4.530192127305855410e-01	3.256262708240639792e-01	4.530192127305855410e-01	4.530192127305855410e-01	5.725944988206159714e-01	4.530192127305855410e-01	4.530192127305855410e-01	6.349883036790789914e-01	5.927602988453100075e-01	5.294733585428129663e-01	4.530192127305855410e-01	4.530192127305855410e-01	4.530192127305855410e-01	5.984686479429129902e-01	4.825953712068060120e-01	4.530192127305855410e-01	4.530192127305855410e-01	4.530192127305855410e-01	6.610552334626469684e-02	2.255079249363400040e-01	4.530192127305855410e-01	4.530192127305855410e-01	4.761294239152220054e-01	4.530192127305855410e-01	6.209540449149739683e-01	4.530192127305855410e-01	5.893946457714670517e-01	4.530192127305855410e-01	4.530192127305855410e-01	4.530192127305855410e-01	4.530192127305855410e-01	5.370264934020929637e-01	4.530192127305855410e-01	4.530192127305855410e-01	4.530192127305855410e-01	4.530192127305855410e-01	3.372928405671020147e-01	4.530192127305855410e-01	3.371322197901159834e-01	4.530192127305855410e-01	4.530192127305855410e-01	5.095648621483229723e-01	4.530192127305855410e-01	4.530192127305855410e-01	5.466097952897680523e-01	4.530192127305855410e-01	4.530192127305855410e-01	5.602733173339670136e-01	4.530192127305855410e-01	4.530192127305855410e-01	4.530192127305855410e-01	4.530192127305855410e-01	4.530192127305855410e-01	4.530192127305855410e-01	4.530192127305855410e-01	4.530192127305855410e-01	4.530192127305855410e-01	4.530192127305855410e-01	4.530192127305855410e-01	1.243710310825470004e-02	5.396155368750189529e-01	4.530192127305855410e-01	5.908446866014850363e-01	1.657732824065830113e-01	5.937364413156149823e-01	4.530192127305855410e-01	4.530192127305855410e-01	5.117232606401530548e-01	4.530192127305855410e-01	5.461636832296540289e-01	4.811305174590599920e-01	5.390986337683300045e-01	4.026625019850120224e-01	4.530192127305855410e-01	3.057942744079690245e-01	4.530192127305855410e-01	4.957849439625219845e-01	4.530192127305855410e-01	4.530192127305855410e-01	4.530192127305855410e-01	1.000000000000000082e-05	4.530192127305855410e-01	4.530192127305855410e-01	5.605434849199459890e-01	5.034753294201439466e-01	4.530192127305855410e-01	4.530192127305855410e-01	4.941057819670249818e-01	4.943831781945339787e-01	4.530192127305855410e-01	3.900224744325100023e-04	4.530192127305855410e-01	2.563489745597740121e-01	4.530192127305855410e-01	4.530192127305855410e-01	4.530192127305855410e-01	4.530192127305855410e-01	4.530192127305855410e-01	4.530192127305855410e-01	4.530192127305855410e-01	4.530192127305855410e-01	5.129056357139949451e-01	4.530192127305855410e-01	4.530192127305855410e-01	4.530192127305855410e-01	6.067691646605289923e-01	5.823317564569320259e-01	4.530192127305855410e-01	4.530192127305855410e-01	5.810420326309220229e-01	5.849415109851540118e-01	4.530192127305855410e-01	4.530192127305855410e-01	4.530192127305855410e-01	4.822385916211739953e-01	4.530192127305855410e-01
4.530192127305855410e-01	4.530192127305855410e-01	4.530192127305855410e-01	4.530192127305855410e-01	2.103247374952059989e-01	4.477105830121569929e-01	1.000000000000000000e+00	3.373324231703799803e-01	4.530192127305855410e-01	4.530192127305855410e-01	4.530192127305855410e-01	4.530192127305855410e-01	4.530192127305855410e-01	4.139343648381220153e-01	4.530192127305855410e-01	4.530192127305855410e-01	4.530192127305855410e-01	4.530192127305855410e-01	5.165565869554350487e-01	4.530192127305855410e-01	4.068951001176959736e-01	5.078367979432329982e-01	4.152265092124730050e-01	4.530192127305855410e-01	4.530192127305855410e-01	4.001856764871890015e-01	5.724393063857680097e-02	4.530192127305855410e-01	4.530192127305855410e-01	3.895004279161489724e-01	4.530192127305855410e-01	5.163634445668889850e-01	4.530192127305855410e-01	4.530192127305855410e-01	4.530192127305855410e-01	4.103107283078000211e-01	4.303469365413020165e-01	4.697123419697449842e-01	4.530192127305855410e-01	4.530192127305855410e-01	4.530192127305855410e-01	4.530192127305855410e-01	4.192110248707809905e-01	4.530192127305855410e-01	2.919010618815000013e-01	4.530192127305855410e-01	4.530192127305855410e-01	4.066078153733849732e-01	4.530192127305855410e-01	4.530192127305855410e-01	4.530192127305855410e-01	4.211864643073000014e-01	4.530192127305855410e-01	4.808421545261180041e-01	4.530192127305855410e-01	4.530192127305855410e-01	4.370239719339890083e-01	4.530192127305855410e-01	4.530192127305855410e-01	4.530192127305855410e-01	4.530192127305855410e-01	4.530192127305855410e-01	4.530192127305855410e-01	4.530192127305855410e-01	4.530192127305855410e-01	4.530192127305855410e-01	4.505661492907420129e-01	4.530192127305855410e-01	4.530192127305855410e-01	4.530192127305855410e-01	4.530192127305855410e-01	4.530192127305855410e-01	5.055881989675180543e-01	4.530192127305855410e-01	4.530192127305855410e-01	4.530192127305855410e-01	4.262832155326800043e-01	4.688355212549220052e-01	4.097538598318660186e-01	4.530192127305855410e-01	3.521068284132159998e-01	1.130138203994009993e-01	2.597212089957660064e-01	9.771550670342189771e-02	4.530192127305855410e-01	4.530192127305855410e-01	4.481030848081710150e-01	4.530192127305855410e-01	4.530192127305855410e-01	4.530192127305855410e-01	4.515673537546330274e-01	4.530192127305855410e-01	4.530192127305855410e-01	4.530192127305855410e-01	4.530192127305855410e-01	4.530192127305855410e-01	4.530192127305855410e-01	4.530192127305855410e-01	4.530192127305855410e-01	4.530192127305855410e-01	2.239299272283920006e-01	4.193843003238489908e-01	4.530192127305855410e-01	4.530192127305855410e-01	4.530192127305855410e-01	4.530192127305855410e-01	4.530192127305855410e-01	4.325646529668700224e-01	4.530192127305855410e-01	4.397848864378640088e-01	4.530192127305855410e-01	4.530192127305855410e-01	4.530192127305855410e-01	4.530192127305855410e-01	4.530192127305855410e-01	4.530192127305855410e-01	4.530192127305855410e-01	4.530192127305855410e-01	4.992589145418109831e-01	4.530192127305855410e-01	4.530192127305855410e-01	4.530192127305855410e-01	4.530192127305855410e-01	4.530192127305855410e-01
4.530192127305855410e-01	4.530192127305855410e-01	4.530192127305855410e-01	4.530192127305855410e-01	1.901022875138259904e-01	3.976237140312809948e-01	3.373324231703799803e-01	1.000000000000009992e+00	4.530192127305855410e-01	2.465338033383150107e-01	4.530192127305855410e-01	4.530192127305855410e-01	4.530192127305855410e-01	4.530192127305855410e-01	3.092740172915720009e-01	4.530192127305855410e-01	4.530192127305855410e-01	4.530192127305855410e-01	4.530192127305855410e-01	3.578723573323089879e-01	4.530192127305855410e-01	4.530192127305855410e-01	4.530192127305855410e-01	4.530192127305855410e-01	3.223029303985570082e-01	4.530192127305855410e-01	5.061543743410169827e-02	1.715439957385709868e-01	4.530192127305855410e-01	4.530192127305855410e-01	4.530192127305855410e-01	4.530192127305855410e-01	4.571419735142729923e-01	4.530192127305855410e-01	4.530192127305855410e-01	3.531296633805799945e-01	4.530192127305855410e-01	4.530192127305855410e-01	4.530192127305855410e-01	4.530192127305855410e-01	4.530192127305855410e-01	3.447604857095549757e-01	4.530192127305855410e-01	4.530192127305855410e-01	2.556455097036450241e-01	4.530192127305855410e-01	2.577030976378579807e-01	4.530192127305855410e-01	4.530192127305855410e-01	4.530192127305855410e-01	4.530192127305855410e-01	4.530192127305855410e-01	4.058209195759959753e-01	4.208859385986409851e-01	4.530192127305855410e-01	4.193813465977510035e-01	4.530192127305855410e-01	4.338577755468729924e-01	4.434081482166760124e-01	4.530192127305855410e-01	4.530192127305855410e-01	4.530192127305855410e-01	4.530192127305855410e-01	4.530192127305855410e-01	4.530192127305855410e-01	4.530192127305855410e-01	4.530192127305855410e-01	1.031045657845760036e-02	4.080826426646400051e-01	4.530192127305855410e-01	4.344192838584829963e-01	4.530192127305855410e-01	4.381011456093160117e-01	4.530192127305855410e-01	3.596364080332720148e-01	3.824543728273340215e-01	3.680462508195049831e-01	4.040000803048829914e-01	4.530192127305855410e-01	4.530192127305855410e-01	3.057246477229230153e-01	9.773818627089600475e-02	4.530192127305855410e-01	8.788703758989220571e-02	4.530192127305855410e-01	9.027354757285810383e-02	4.530192127305855410e-01	3.743929756640659856e-01	4.530192127305855410e-01	4.530192127305855410e-01	3.927893373429159896e-01	4.150705151585920016e-01	4.530192127305855410e-01	3.546101872105220099e-01	4.530192127305855410e-01	4.530192127305855410e-01	4.530192127305855410e-01	4.530192127305855410e-01	3.473667683853170107e-04	4.530192127305855410e-01	4.530192127305855410e-01	4.530192127305855410e-01	3.523754463577840057e-01	3.027023530378459837e-01	4.530192127305855410e-01	4.530192127305855410e-01	4.530192127305855410e-01	3.801343005430850019e-01	4.530192127305855410e-01	4.530192127305855410e-01	4.530192127305855410e-01	4.530192127305855410e-01	4.530192127305855410e-01	4.530192127305855410e-01	4.530192127305855410e-01	4.530192127305855410e-01	4.530192127305855410e-01	4.530192127305855410e-01	4.354128257278420122e-01	4.530192127305855410e-01	4.530192127305855410e-01	4.256107121704080232e-01	4.530192127305855410e-01	4.530192127305855410e-01
3.342008488036620206e-01	4.530192127305855410e-01	4.530192127305855410e-01	3.041585483142790203e-01	1.457165052532979899e-01	4.530192127305855410e-01	4.530192127305855410e-01	4.530192127305855410e-01	9.999999999999940048e-01	4.530192127305855410e-01	3.038684284848999773e-01	3.032362304499029992e-01	4.530192127305855410e-01	2.840947341116860092e-01	4.530192127305855410e-01	4.530192127305855410e-01	4.530192127305855410e-01	4.530192127305855410e-01	4.530192127305855410e-01	2.760618466246649860e-01	4.530192127305855410e-01	3.349280097016519853e-01	4.530192127305855410e-01	4.530192127305855410e-01	4.530192127305855410e-01	4.530192127305855410e-01	4.133463256471429925e-02	1.377599536120809876e-01	4.530192127305855410e-01	4.530192127305855410e-01	4.530192127305855410e-01	4.530192127305855410e-01	4.530192127305855410e-01	4.530192127305855410e-01	4.530192127305855410e-01	2.710099702540750277e-01	4.530192127305855410e-01	3.153605277497389947e-01	4.530192127305855410e-01	4.530192127305855410e-01	4.530192127305855410e-01	4.530192127305855410e-01	4.530192127305855410e-01	4.530192127305855410e-01	2.003841590567070063e-01	4.530192127305855410e-01	1.994782129604109888e-01	4.530192127305855410e-01	2.919982055766360274e-01	2.980041990906969751e-01	2.646676346233510224e-01	2.753936034844770009e-01	3.082877351311890113e-01	4.530192127305855410e-01	4.530192127305855410e-01	3.162895945727060010e-01	4.530192127305855410e-01	4.530192127305855410e-01	3.350033987456950135e-01	4.530192127305855410e-01	2.907135615358180103e-01	4.530192127305855410e-01	4.530192127305855410e-01	4.530192127305855410e-01	4.530192127305855410e-01	1.982369656791420007e-02	2.976252314321329862e-01	4.530192127305855410e-01	3.068488012118180119e-01	4.807317758123959978e-02	4.530192127305855410e-01	4.530192127305855410e-01	3.339978877271190250e-01	4.530192127305855410e-01	4.530192127305855410e-01	4.530192127305855410e-01	2.778030511821960036e-01	4.530192127305855410e-01	2.749437367101810192e-01	3.009176423460330208e-01	4.530192127305855410e-01	4.530192127305855410e-01	4.530192127305855410e-01	4.530192127305855410e-01	4.530192127305855410e-01	4.530192127305855410e-01	4.530192127305855410e-01	2.874463256798009958e-01	4.530192127305855410e-01	6.087567073453360039e-03	4.530192127305855410e-01	4.530192127305855410e-01	2.861249794848300110e-01	4.530192127305855410e-01	4.530192127305855410e-01	4.530192127305855410e-01	4.530192127305855410e-01	4.530192127305855410e-01	4.530192127305855410e-01	4.530192127305855410e-01	1.499669191140269864e-01	4.530192127305855410e-01	2.728051043856309921e-01	4.530192127305855410e-01	4.530192127305855410e-01	4.530192127305855410e-01	4.530192127305855410e-01	2.860864466687240149e-01	3.506468515165500066e-01	4.530192127305855410e-01	4.530192127305855410e-01	2.438868203264979995e-01	4.530192127305855410e-01	4.530192127305855410e-01	4.530192127305855410e-01	3.269285975757709739e-01	3.312453950648839851e-01	3.252842391065989824e-01	3.302921062444270084e-01	2.958291571142609988e-01	4.530192127305855410e-01	4.530192127305855410e-01	4.530192127305855410e-01	2.649202038614890120e-01
4.530192127305855410e-01	4.530192127305855410e-01	3.276568812950579890e-01	4.530192127305855410e-01	4.530192127305855410e-01	3.256262708240639792e-01	4.530192127305855410e-01	2.465338033383150107e-01	4.530192127305855410e-01	9.999999999999970024e-01	4.530192127305855410e-01	4.530192127305855410e-01	4.530192127305855410e-01	4.530192127305855410e-01	4.530192127305855410e-01	4.530192127305855410e-01	3.627904299086699980e-01	4.530192127305855410e-01	4.530192127305855410e-01	2.896930398973799892e-01	4.530192127305855410e-01	4.530192127305855410e-01	2.961956650201880148e-01	4.530192127305855410e-01	4.530192127305855410e-01	2.863705073577180182e-01	4.530192127305855410e-01	1.457576892891679909e-01	4.530192127305855410e-01	4.530192127305855410e-01	4.530192127305855410e-01	3.668375011119739959e-01	4.530192127305855410e-01	4.530192127305855410e-01	4.530192127305855410e-01	4.530192127305855410e-01	3.136020838790249954e-01	4.530192127305855410e-01	4.530192127305855410e-01	4.530192127305855410e-01	4.530192127305855410e-01	2.840212249081069951e-01	4.530192127305855410e-01	7.489993100122270542e-02	4.530192127305855410e-01	3.373800701452420170e-01	4.530192127305855410e-01	4.530192127305855410e-01	4.530192127305855410e-01	4.530192127305855410e-01	4.530192127305855410e-01	4.530192127305855410e-01	4.530192127305855410e-01	4.530192127305855410e-01	4.530192127305855410e-01	4.530192127305855410e-01	4.530192127305855410e-01	3.536873917518469912e-01	4.530192127305855410e-01	4.530192127305855410e-01	4.530192127305855410e-01	4.530192127305855410e-01	4.530192127305855410e-01	4.530192127305855410e-01	4.530192127305855410e-01	4.530192127305855410e-01	3.226447115061459869e-01	4.530192127305855410e-01	3.288756216447660252e-01	4.530192127305855410e-01	4.530192127305855410e-01	4.530192127305855410e-01	3.627565999080630266e-01	4.530192127305855410e-01	4.530192127305855410e-01	4.530192127305855410e-01	3.051009127019260192e-01	4.530192127305855410e-01	2.994920236000209735e-01	4.530192127305855410e-01	4.530192127305855410e-01	4.530192127305855410e-01	4.530192127305855410e-01	4.530192127305855410e-01	4.530192127305855410e-01	4.530192127305855410e-01	4.530192127305855410e-01	4.530192127305855410e-01	4.530192127305855410e-01	4.530192127305855410e-01	4.530192127305855410e-01	4.530192127305855410e-01	4.530192127305855410e-01	2.951152319783360012e-01	4.530192127305855410e-01	4.530192127305855410e-01	3.006599655589959896e-01	3.065127778913239731e-01	4.530192127305855410e-01	3.375026073954019989e-01	4.530192127305855410e-01	2.978803528853249949e-01	4.530192127305855410e-01	4.530192127305855410e-01	4.530192127305855410e-01	4.530192127305855410e-01	4.530192127305855410e-01	3.144588358800590178e-01	4.530192127305855410e-01	4.530192127305855410e-01	2.870098933728220114e-01	2.530978235857370140e-01	4.530192127305855410e-01	4.530192127305855410e-01	4.530192127305855410e-01	3.551514872405099887e-01	3.585446433548640233e-01	3.498126496504839755e-01	4.530192127305855410e-01	4.530192127305855410e-01	4.530192127305855410e-01	4.530192127305855410e-01	4.530192127305855410e-01	4.530192127305855410e-01
6.032975224382870483e-01	4.530192127305855410e-01	5.392684973750380140e-01	5.380397037776269986e-01	4.530192127305855410e-01	4.530192127305855410e-01	4.530192127305855410e-01	4.530192127305855410e-01	3.038684284848999773e-01	4.530192127305855410e-01	1.000000000000000000e+00	4.530192127305855410e-01	4.530192127305855410e-01	4.530192127305855410e-01	4.530192127305855410e-01	6.445732910375170377e-01	4.530192127305855410e-01	4.530192127305855410e-01	4.530192127305855410e-01	4.530192127305855410e-01	4.530192127305855410e-01	4.530192127305855410e-01	4.530192127305855410e-01	4.530192127305855410e-01	4.530192127305855410e-01	4.699048036455930055e-01	4.530192127305855410e-01	4.530192127305855410e-01	4.530192127305855410e-01	4.495090352418399937e-01	4.530192127305855410e-01	4.530192127305855410e-01	4.530192127305855410e-01	4.530192127305855410e-01	4.530192127305855410e-01	4.742325934919630059e-01	4.530192127305855410e-01	4.530192127305855410e-01	3.198751977645099970e-02	4.530192127305855410e-01	5.881375555712620162e-01	4.530192127305855410e-01	4.911681225004699836e-01	1.128315124128559943e-01	3.435828305506509750e-01	4.530192127305855410e-01	4.530192127305855410e-01	4.530192127305855410e-01	4.530192127305855410e-01	4.530192127305855410e-01	4.530192127305855410e-01	4.530192127305855410e-01	4.530192127305855410e-01	4.530192127305855410e-01	4.530192127305855410e-01	4.530192127305855410e-01	5.067688109908889960e-01	4.530192127305855410e-01	6.071973039142209982e-01	4.530192127305855410e-01	5.215043157752650149e-01	4.530192127305855410e-01	4.530192127305855410e-01	4.530192127305855410e-01	4.530192127305855410e-01	4.530192127305855410e-01	5.359622529275129832e-01	4.530192127305855410e-01	4.530192127305855410e-01	7.662783620931179485e-02	4.530192127305855410e-01	4.530192127305855410e-01	4.530192127305855410e-01	4.530192127305855410e-01	4.530192127305855410e-01	4.530192127305855410e-01	4.530192127305855410e-01	5.523285694204630447e-01	4.530192127305855410e-01	4.530192127305855410e-01	4.099225470883369749e-01	1.300682223573779994e-01	4.530192127305855410e-01	4.530192127305855410e-01	4.530192127305855410e-01	4.530192127305855410e-01	4.530192127305855410e-01	4.530192127305855410e-01	4.530192127305855410e-01	7.924960723712489233e-03	5.296938302114729824e-01	4.530192127305855410e-01	5.132584379459590451e-01	4.898653069346090017e-01	4.530192127305855410e-01	4.530192127305855410e-01	4.530192127305855410e-01	4.530192127305855410e-01	3.969426336575600255e-04	4.530192127305855410e-01	4.530192127305855410e-01	4.530192127305855410e-01	4.848551061052039923e-01	4.530192127305855410e-01	4.530192127305855410e-01	5.527901194846149835e-01	4.530192127305855410e-01	4.530192127305855410e-01	6.280007142115190399e-01	5.214077527297990011e-01	4.530192127305855410e-01	4.530192127305855410e-01	4.530192127305855410e-01	6.067510303898230317e-01	4.530192127305855410e-01	5.832946942382869482e-01	4.530192127305855410e-01	5.900597942352400205e-01	4.530192127305855410e-01	4.530192127305855410e-01	4.530192127305855410e-01	4.530192127305855410e-01	4.530192127305855410e-01	4.530192127305855410e-01
6.118843959045180414e-01	5.961038597997200261e-01	4.530192127305855410e-01	4.530192127305855410e-01	4.530192127305855410e-01	4.530192127305855410e-01	4.530192127305855410e-01	4.530192127305855410e-01	3.032362304499029992e-01	4.530192127305855410e-01	4.530192127305855410e-01	1.000000000000000000e+00	4.530192127305855410e-01	4.530192127305855410e-01	4.530192127305855410e-01	4.530192127305855410e-01	6.048999983223639632e-01	5.418591776290969664e-01	4.530192127305855410e-01	4.530192127305855410e-01	4.530192127305855410e-01	4.530192127305855410e-01	4.530192127305855410e-01	4.530192127305855410e-01	4.474679837055700049e-01	4.530192127305855410e-01	6.652122437199020633e-02	4.530192127305855410e-01	4.530192127305855410e-01	4.530192127305855410e-01	4.868722039562189963e-01	6.222997159136339773e-01	6.347457194771930489e-01	4.530192127305855410e-01	4.530192127305855410e-01	4.872641186946090053e-01	4.530192127305855410e-01	4.530192127305855410e-01	4.530192127305855410e-01	4.530192127305855410e-01	4.530192127305855410e-01	4.530192127305855410e-01	4.530192127305855410e-01	4.530192127305855410e-01	4.530192127305855410e-01	5.795514679769829813e-01	3.510763180484670065e-01	4.530192127305855410e-01	4.530192127305855410e-01	5.254704269500239944e-01	4.530192127305855410e-01	5.014531602748040218e-01	5.609802372925479785e-01	5.816051114544390499e-01	4.530192127305855410e-01	4.530192127305855410e-01	4.530192127305855410e-01	4.530192127305855410e-01	4.530192127305855410e-01	4.947424307811750244e-01	5.347870426775379604e-01	3.043438160821920202e-01	4.530192127305855410e-01	4.530192127305855410e-01	4.530192127305855410e-01	4.530192127305855410e-01	5.407558437259259998e-01	4.530192127305855410e-01	4.530192127305855410e-01	7.859368506320610348e-02	5.986347357264839575e-01	4.530192127305855410e-01	4.530192127305855410e-01	5.764155428855219920e-01	4.961176772824690273e-01	4.530192127305855410e-01	4.530192127305855410e-01	5.620743946909759758e-01	4.530192127305855410e-01	5.472995753028060406e-01	4.530192127305855410e-01	4.530192127305855410e-01	4.530192127305855410e-01	4.530192127305855410e-01	4.530192127305855410e-01	4.530192127305855410e-01	4.530192127305855410e-01	5.223070235782799609e-01	4.530192127305855410e-01	4.530192127305855410e-01	4.530192127305855410e-01	4.530192127305855410e-01	5.172557036637469574e-01	4.530192127305855410e-01	4.530192127305855410e-01	4.530192127305855410e-01	5.077056267231260245e-01	4.530192127305855410e-01	4.530192127305855410e-01	4.530192127305855410e-01	4.530192127305855410e-01	4.530192127305855410e-01	4.530192127305855410e-01	4.132694635483000201e-01	4.530192127305855410e-01	5.601741785093470316e-01	4.530192127305855410e-01	4.530192127305855410e-01	4.530192127305855410e-01	4.530192127305855410e-01	4.781913028304760060e-01	4.229240756591660100e-01	4.530192127305855410e-01	4.530192127305855410e-01	4.530192127305855410e-01	4.530192127305855410e-01	5.961911998585129879e-01	5.938688936885220260e-01	4.530192127305855410e-01	5.414287880264609942e-01	4.530192127305855410e-01	4.530192127305855410e-01	4.530192127305855410e-01	4.530192127305855410e-01
