1.000000000000000000e+00	5.164764108475469739e-02	6.236899427362210119e-02	1.804887243943374964e-01	1.804887243943374964e-01	1.804887243943374964e-01	2.159797027415089887e-01	1.804887243943374964e-01	3.888894607352140209e-01	1.327486537399600042e-01	1.804887243943374964e-01	1.804887243943374964e-01	3.752683500946489836e-01	1.804887243943374964e-01	1.804887243943374964e-01	2.699567391329750210e-01	1.804887243943374964e-01	1.804887243943374964e-01	1.804887243943374964e-01	1.804887243943374964e-01	1.804887243943374964e-01	1.804887243943374964e-01	1.804887243943374964e-01	1.804887243943374964e-01	1.804887243943374964e-01	5.980827407203229695e-01	1.804887243943374964e-01	1.804887243943374964e-01	1.804887243943374964e-01	1.804887243943374964e-01	2.032992288082579868e-01	6.348043201631200505e-01	1.804887243943374964e-01	2.342580431566030075e-01	1.804887243943374964e-01	5.033910228865350334e-01	1.804887243943374964e-01	1.804887243943374964e-01	1.804887243943374964e-01	1.804887243943374964e-01	1.804887243943374964e-01	1.804887243943374964e-01	1.804887243943374964e-01	6.003390154943419876e-01	1.804887243943374964e-01	1.804887243943374964e-01	1.804887243943374964e-01	1.804887243943374964e-01	3.346320469373990081e-01	1.804887243943374964e-01	1.804887243943374964e-01	1.804887243943374964e-01	1.804887243943374964e-01	1.804887243943374964e-01	5.433140417263460087e-01	1.804887243943374964e-01	1.804887243943374964e-01	1.804887243943374964e-01	1.804887243943374964e-01	5.754527602638539463e-01	1.804887243943374964e-01	1.804887243943374964e-01	1.804887243943374964e-01	1.804887243943374964e-01	2.532117606458429981e-01	1.804887243943374964e-01	1.804887243943374964e-01	1.804887243943374964e-01	4.594510510748889831e-01	1.804887243943374964e-01	5.883662057344419827e-01	1.804887243943374964e-01	1.804887243943374964e-01	1.804887243943374964e-01	1.804887243943374964e-01	1.804887243943374964e-01	1.804887243943374964e-01	1.804887243943374964e-01	1.804887243943374964e-01	1.804887243943374964e-01	1.804887243943374964e-01	1.804887243943374964e-01	1.804887243943374964e-01	1.804887243943374964e-01	1.804887243943374964e-01	6.307092549720110242e-01	1.804887243943374964e-01	4.251697074868729942e-01	1.804887243943374964e-01	1.804887243943374964e-01	1.804887243943374964e-01	5.118541334273989801e-02	1.804887243943374964e-01	1.804887243943374964e-01	1.804887243943374964e-01	1.804887243943374964e-01	1.804887243943374964e-01	6.734952023853919556e-01	1.804887243943374964e-01	1.804887243943374964e-01	1.804887243943374964e-01	1.804887243943374964e-01	1.804887243943374964e-01	1.804887243943374964e-01	1.804887243943374964e-01	1.804887243943374964e-01	1.804887243943374964e-01	1.804887243943374964e-01	1.804887243943374964e-01	1.804887243943374964e-01	1.804887243943374964e-01	2.139057632411009990e-01	1.455400499722540042e-01	7.604797689859130183e-02	1.804887243943374964e-01	1.804887243943374964e-01	1.804887243943374964e-01	1.804887243943374964e-01	1.804887243943374964e-01	1.804887243943374964e-01	1.804887243943374964e-01	1.804887243943374964e-01	5.035687551254109939e-01	5.557285672161129675e-01
5.164764108475469739e-02	1.000000000000000000e+00	1.804887243943374964e-01	1.804887243943374964e-01	1.055282856639299938e-01	1.804887243943374964e-01	1.804887243943374964e-01	1.304814076591259975e-01	1.804887243943374964e-01	1.804887243943374964e-01	1.804887243943374964e-01	1.804887243943374964e-01	1.804887243943374964e-01	1.804887243943374964e-01	1.804887243943374964e-01	1.804887243943374964e-01	1.804887243943374964e-01	1.804887243943374964e-01	1.804887243943374964e-01	2.664878327886099907e-02	6.875795958236420591e-02	1.804887243943374964e-01	1.804887243943374964e-01	1.222352992347520012e-01	5.572535771145099848e-02	1.804887243943374964e-01	4.008997289011630161e-02	1.804887243943374964e-01	1.404670233690659929e-02	1.804887243943374964e-01	1.804887243943374964e-01	1.804887243943374964e-01	1.804887243943374964e-01	1.804887243943374964e-01	3.349664780916009749e-02	1.804887243943374964e-01	1.804887243943374964e-01	5.314199806296229789e-02	1.804887243943374964e-01	9.181290081985039875e-02	1.804887243943374964e-01	1.804887243943374964e-01	1.804887243943374964e-01	1.804887243943374964e-01	1.632385777784450126e-02	1.497228699720460077e-01	1.804887243943374964e-01	1.804887243943374964e-01	8.229389469809980651e-02	1.804887243943374964e-01	1.804887243943374964e-01	1.804887243943374964e-01	1.804887243943374964e-01	1.921369091148139932e-02	1.685477045643839905e-02	1.804887243943374964e-01	1.804887243943374964e-01	1.804887243943374964e-01	1.773077962546789829e-02	1.804887243943374964e-01	1.804887243943374964e-01	1.804887243943374964e-01	1.804887243943374964e-01	1.804887243943374964e-01	1.804887243943374964e-01	1.804887243943374964e-01	1.804887243943374964e-01	1.804887243943374964e-01	3.637252982743360147e-02	2.389094221877850061e-02	1.804887243943374964e-01	1.804887243943374964e-01	1.804887243943374964e-01	1.804887243943374964e-01	5.387741121782749915e-02	1.218705080434560051e-01	1.804887243943374964e-01	2.136413650574970138e-02	9.542798258282760016e-02	2.251792791955080017e-02	2.492941885974379879e-02	1.804887243943374964e-01	2.524290323884920140e-02	1.804887243943374964e-01	1.804887243943374964e-01	1.480496002804740016e-02	1.804887243943374964e-01	1.804887243943374964e-01	1.000000000000000048e-04	2.165803104913699983e-01	1.804887243943374964e-01	1.804887243943374964e-01	1.804887243943374964e-01	1.804887243943374964e-01	1.804887243943374964e-01	1.045726358662710069e-02	8.756480922482899609e-02	1.550786731407810017e-02	1.804887243943374964e-01	1.804887243943374964e-01	1.804887243943374964e-01	1.626999295068509988e-01	1.804887243943374964e-01	1.438849265849110048e-01	1.804887243943374964e-01	1.804887243943374964e-01	1.804887243943374964e-01	1.804887243943374964e-01	1.391363796652710094e-01	1.804887243943374964e-01	1.763465100834480173e-02	5.585534081665279732e-02	1.804887243943374964e-01	1.804887243943374964e-01	1.648156637676150005e-01	4.532377374132780246e-02	3.525502035230049930e-02	8.088266690113020407e-02	1.804887243943374964e-01	1.804887243943374964e-01	1.804887243943374964e-01	1.804887243943374964e-01	1.804887243943374964e-01	1.701818715774780152e-02
6.236899427362210119e-02	1.804887243943374964e-01	1.000000000000000000e+00	8.860751899106110441e-02	1.945143435766669981e-01	1.804887243943374964e-01	1.687007041390989892e-01	1.804887243943374964e-01	1.792948658853910082e-01	1.804887243943374964e-01	1.462404536801809873e-01	1.804887243943374964e-01	9.407005251874969720e-02	5.249192458581879855e-02	1.804887243943374964e-01	1.404523292354210029e-01	1.804887243943374964e-01	1.804887243943374964e-01	1.804887243943374964e-01	2.582455581919140125e-02	1.804887243943374964e-01	1.804887243943374964e-01	1.804887243943374964e-01	2.241881318533789913e-01	1.280387652542120114e-01	1.804887243943374964e-01	1.804887243943374964e-01	1.804887243943374964e-01	2.056641549932779894e-02	1.013777690823839950e-01	1.804887243943374964e-01	1.804887243943374964e-01	1.804887243943374964e-01	1.748610639526360089e-01	1.804887243943374964e-01	1.804887243943374964e-01	1.804887243943374964e-01	1.035430240073030028e-01	2.410612106050409945e-02	1.804887243943374964e-01	2.405455112362680017e-02	1.804887243943374964e-01	1.804887243943374964e-01	1.804887243943374964e-01	1.804887243943374964e-01	1.804887243943374964e-01	1.804887243943374964e-01	1.804887243943374964e-01	1.804887243943374964e-01	1.804887243943374964e-01	2.884766364851660062e-02	1.804887243943374964e-01	1.804887243943374964e-01	1.804887243943374964e-01	1.688772520395930010e-02	3.250920812999379961e-01	1.804887243943374964e-01	3.272524718156900186e-02	1.626939766783390071e-02	1.804887243943374964e-01	1.937123698652380016e-02	3.090159952859780068e-01	1.804887243943374964e-01	1.804887243943374964e-01	2.004723418606199903e-01	1.804887243943374964e-01	1.804887243943374964e-01	1.804887243943374964e-01	1.804887243943374964e-01	1.804887243943374964e-01	1.804887243943374964e-01	1.804887243943374964e-01	1.804887243943374964e-01	4.285394148793390118e-02	1.052579325938710064e-01	1.804887243943374964e-01	1.804887243943374964e-01	5.499189141555869964e-02	1.804887243943374964e-01	1.804887243943374964e-01	4.860732692188630272e-02	1.804887243943374964e-01	1.804887243943374964e-01	4.208690673135819793e-01	1.804887243943374964e-01	1.804887243943374964e-01	1.804887243943374964e-01	1.804887243943374964e-01	1.804887243943374964e-01	1.999022898750059951e-01	1.804887243943374964e-01	1.804887243943374964e-01	8.633502411145900501e-02	1.804887243943374964e-01	1.804887243943374964e-01	1.804887243943374964e-01	1.804887243943374964e-01	1.804887243943374964e-01	1.804887243943374964e-01	1.804887243943374964e-01	1.804887243943374964e-01	2.833732600294849857e-01	2.542534247755599830e-02	2.232457128079650133e-01	1.804887243943374964e-01	1.804887243943374964e-01	1.804887243943374964e-01	3.453646867904790196e-02	1.804887243943374964e-01	1.804887243943374964e-01	1.804887243943374964e-01	6.860279358922130588e-02	1.804887243943374964e-01	1.804887243943374964e-01	1.804887243943374964e-01	1.804887243943374964e-01	1.804887243943374964e-01	1.804887243943374964e-01	9.283188706214380581e-02	1.804887243943374964e-01	1.804887243943374964e-01	1.804887243943374964e-01	1.611658440305099860e-02	2.987153918838670111e-02
1.804887243943374964e-01	1.804887243943374964e-01	8.860751899106110441e-02	1.000000000000000000e+00	1.804887243943374964e-01	1.804887243943374964e-01	1.804887243943374964e-01	1.804887243943374964e-01	1.804887243943374964e-01	1.804887243943374964e-01	2.524857997556140266e-01	1.804887243943374964e-01	1.804887243943374964e-01	1.804887243943374964e-01	2.189118912536940076e-01	2.182483119542689975e-01	2.450627002432720081e-01	1.804887243943374964e-01	1.804887243943374964e-01	1.576825819835770137e-01	1.804887243943374964e-01	1.804887243943374964e-01	1.804887243943374964e-01	1.804887243943374964e-01	2.715560910797700234e-01	1.804887243943374964e-01	1.804887243943374964e-01	1.804887243943374964e-01	1.804887243943374964e-01	1.804887243943374964e-01	2.064087147223589991e-01	1.804887243943374964e-01	1.804887243943374964e-01	1.804887243943374964e-01	1.804887243943374964e-01	1.804887243943374964e-01	2.106932531302130041e-01	1.804887243943374964e-01	1.804887243943374964e-01	1.804887243943374964e-01	1.804887243943374964e-01	1.804887243943374964e-01	1.804887243943374964e-01	1.457594225931329868e-01	1.595790210256219921e-01	1.804887243943374964e-01	1.804887243943374964e-01	1.627420534573640054e-01	1.804887243943374964e-01	1.804887243943374964e-01	1.804887243943374964e-01	1.804887243943374964e-01	1.804887243943374964e-01	1.804887243943374964e-01	1.804887243943374964e-01	1.461922792209419952e-01	1.804887243943374964e-01	1.804887243943374964e-01	1.804887243943374964e-01	1.804887243943374964e-01	1.804887243943374964e-01	6.430962617339310017e-02	1.804887243943374964e-01	1.804887243943374964e-01	1.804887243943374964e-01	5.728644471067759897e-02	1.804887243943374964e-01	1.804887243943374964e-01	1.804887243943374964e-01	1.804887243943374964e-01	1.804887243943374964e-01	1.798908031573079880e-01	1.804887243943374964e-01	1.488585798483499922e-01	1.804887243943374964e-01	1.804887243943374964e-01	1.804887243943374964e-01	1.578533747523880038e-01	1.804887243943374964e-01	1.887200914246839889e-01	1.804887243943374964e-01	1.804887243943374964e-01	1.804887243943374964e-01	6.605054205470030360e-02	1.804887243943374964e-01	1.920128493055630048e-01	1.703042882392629964e-01	1.204335339532759952e-01	1.804887243943374964e-01	1.804887243943374964e-01	1.804887243943374964e-01	1.804887243943374964e-01	1.804887243943374964e-01	1.804887243943374964e-01	1.804887243943374964e-01	1.804887243943374964e-01	1.804887243943374964e-01	1.851915654848579895e-01	1.838410919286619927e-01	2.187779844421799957e-01	2.794789759836789900e-01	1.804887243943374964e-01	1.804887243943374964e-01	1.804887243943374964e-01	2.191851090137389990e-01	1.958602357341500122e-01	1.804887243943374964e-01	1.804887243943374964e-01	1.250548151215009895e-01	1.804887243943374964e-01	1.268241987529949988e-01	1.804887243943374964e-01	1.804887243943374964e-01	1.804887243943374964e-01	1.804887243943374964e-01	1.804887243943374964e-01	1.804887243943374964e-01	1.804887243943374964e-01	1.804887243943374964e-01	1.804887243943374964e-01	1.118127067828480065e-01	1.804887243943374964e-01	1.804887243943374964e-01	1.804887243943374964e-01
1.804887243943374964e-01	1.055282856639299938e-01	1.945143435766669981e-01	1.804887243943374964e-01	1.000000000000000000e+00	2.473630343717319879e-01	1.804887243943374964e-01	1.804887243943374964e-01	1.804887243943374964e-01	2.551378619825089844e-01	5.261009965307239522e-01	1.804887243943374964e-01	1.804887243943374964e-01	7.859056643373019471e-03	2.708667655917250117e-01	4.521144075470079904e-01	3.405427740908569811e-01	2.446388575165630089e-02	1.804887243943374964e-01	1.804887243943374964e-01	1.804887243943374964e-01	3.226682506353840130e-01	2.300296152914239889e-01	1.804887243943374964e-01	1.804887243943374964e-01	1.804887243943374964e-01	4.157108922944369733e-01	1.804887243943374964e-01	1.804887243943374964e-01	1.804887243943374964e-01	1.804887243943374964e-01	1.804887243943374964e-01	2.150009406029770032e-01	1.804887243943374964e-01	3.058902631839159891e-01	1.804887243943374964e-01	3.972515604630130204e-01	1.804887243943374964e-01	1.804887243943374964e-01	1.804887243943374964e-01	2.716072219575019764e-01	1.804887243943374964e-01	1.804887243943374964e-01	2.417517895078289958e-01	1.804887243943374964e-01	1.804887243943374964e-01	1.804887243943374964e-01	1.804887243943374964e-01	1.804887243943374964e-01	1.804887243943374964e-01	1.804887243943374964e-01	1.804887243943374964e-01	1.804887243943374964e-01	2.631942201482290189e-01	1.804887243943374964e-01	1.804887243943374964e-01	2.496027099862180021e-01	3.056384098650170023e-01	1.804887243943374964e-01	1.804887243943374964e-01	2.378186596222529869e-01	9.848297278110100528e-02	2.291704802734549906e-01	1.804887243943374964e-01	1.804887243943374964e-01	1.804887243943374964e-01	1.804887243943374964e-01	2.372875588012179904e-01	1.804887243943374964e-01	1.934324557677840062e-01	1.804887243943374964e-01	1.804887243943374964e-01	1.804887243943374964e-01	1.804887243943374964e-01	3.480163357466060231e-02	1.494799420139190094e-01	1.804887243943374964e-01	1.804887243943374964e-01	1.804887243943374964e-01	2.802693571809969919e-01	3.248855789427460006e-01	1.804887243943374964e-01	1.804887243943374964e-01	1.804887243943374964e-01	1.804887243943374964e-01	1.804887243943374964e-01	1.804887243943374964e-01	1.804887243943374964e-01	1.000000000000000048e-04	1.804887243943374964e-01	1.536963984115959914e-01	1.804887243943374964e-01	1.804887243943374964e-01	1.804887243943374964e-01	1.804887243943374964e-01	1.804887243943374964e-01	1.804887243943374964e-01	1.804887243943374964e-01	1.804887243943374964e-01	1.804887243943374964e-01	1.804887243943374964e-01	1.804887243943374964e-01	1.804887243943374964e-01	1.804887243943374964e-01	1.804887243943374964e-01	1.804887243943374964e-01	1.804887243943374964e-01	1.102813005616640057e-01	1.804887243943374964e-01	1.791978437146219960e-01	2.387495433353349905e-01	1.804887243943374964e-01	1.804887243943374964e-01	1.804887243943374964e-01	1.804887243943374964e-01	3.008003607562449999e-01	1.804887243943374964e-01	1.804887243943374964e-01	1.804887243943374964e-01	1.804887243943374964e-01	1.804887243943374964e-01	1.804887243943374964e-01	1.804887243943374964e-01	1.804887243943374964e-01
1.804887243943374964e-01	1.804887243943374964e-01	1.804887243943374964e-01	1.804887243943374964e-01	2.473630343717319879e-01	1.000000000000000000e+00	1.804887243943374964e-01	1.804887243943374964e-01	1.804887243943374964e-01	1.804887243943374964e-01	2.498025096737719886e-01	1.804887243943374964e-01	1.804887243943374964e-01	1.804887243943374964e-01	1.804887243943374964e-01	2.171621448424939926e-01	1.804887243943374964e-01	2.409080856565079878e-02	1.804887243943374964e-01	1.804887243943374964e-01	1.804887243943374964e-01	1.804887243943374964e-01	1.804887243943374964e-01	2.112642439377289960e-01	1.804887243943374964e-01	1.451911070662230130e-01	1.804887243943374964e-01	1.804887243943374964e-01	1.804887243943374964e-01	1.804887243943374964e-01	1.804887243943374964e-01	1.804887243943374964e-01	1.804887243943374964e-01	1.804887243943374964e-01	1.804887243943374964e-01	6.629971856775070116e-02	2.054733257368709931e-01	1.643934222765010000e-01	1.804887243943374964e-01	1.804887243943374964e-01	1.058865142976779944e-01	1.058292157274060008e-01	1.586653031244900092e-01	1.804887243943374964e-01	1.804887243943374964e-01	1.804887243943374964e-01	1.804887243943374964e-01	1.804887243943374964e-01	3.091250995452790029e-01	1.804887243943374964e-01	1.286943116734589887e-01	1.804887243943374964e-01	1.948029506693770008e-01	1.804887243943374964e-01	1.804887243943374964e-01	1.804887243943374964e-01	1.804887243943374964e-01	1.309459125542490054e-01	1.804887243943374964e-01	1.804887243943374964e-01	9.412098438550929591e-02	1.302175920416810129e-01	8.171108738908069991e-02	1.804887243943374964e-01	1.804887243943374964e-01	1.804887243943374964e-01	1.804887243943374964e-01	1.804887243943374964e-01	1.142949382474510028e-01	1.804887243943374964e-01	1.138091200659869934e-01	1.804887243943374964e-01	1.804887243943374964e-01	1.804887243943374964e-01	1.804887243943374964e-01	1.804887243943374964e-01	1.804887243943374964e-01	1.804887243943374964e-01	1.804887243943374964e-01	1.310754062771830042e-01	1.804887243943374964e-01	1.804887243943374964e-01	1.804887243943374964e-01	1.167443237433229974e-01	1.804887243943374964e-01	1.804887243943374964e-01	1.804887243943374964e-01	1.804887243943374964e-01	1.804887243943374964e-01	1.804887243943374964e-01	1.804887243943374964e-01	1.804887243943374964e-01	1.804887243943374964e-01	9.948229475726899640e-02	1.804887243943374964e-01	1.804887243943374964e-01	1.804887243943374964e-01	1.804887243943374964e-01	1.260564893322289881e-01	1.804887243943374964e-01	1.834521201587439865e-01	1.804887243943374964e-01	1.804887243943374964e-01	1.531800272397260132e-01	1.804887243943374964e-01	1.804887243943374964e-01	7.043340304668670171e-02	8.777112553697259678e-02	1.266541871519629991e-01	7.330322133765590498e-02	1.804887243943374964e-01	1.804887243943374964e-01	1.804887243943374964e-01	1.804887243943374964e-01	1.804887243943374964e-01	1.804887243943374964e-01	1.804887243943374964e-01	1.804887243943374964e-01	1.804887243943374964e-01	1.804887243943374964e-01	1.804887243943374964e-01	1.804887243943374964e-01	1.804887243943374964e-01	1.268182295722189989e-01
2.159797027415089887e-01	1.804887243943374964e-01	1.687007041390989892e-01	1.804887243943374964e-01	1.804887243943374964e-01	1.804887243943374964e-01	1.000000000000000000e+00	1.804887243943374964e-01	1.804887243943374964e-01	1.804887243943374964e-01	2.660964959047770195e-01	1.804887243943374964e-01	1.804887243943374964e-01	1.804887243943374964e-01	1.804887243943374964e-01	1.804887243943374964e-01	1.804887243943374964e-01	2.548404903622290135e-02	1.804887243943374964e-01	1.804887243943374964e-01	1.804887243943374964e-01	1.804887243943374964e-01	1.442001848076150117e-01	1.804887243943374964e-01	1.804887243943374964e-01	1.807522641828349930e-01	1.871940434071190096e-01	1.804887243943374964e-01	1.185383107673669972e-01	1.742530807858700126e-01	1.361755237480070102e-01	1.804887243943374964e-01	1.804887243943374964e-01	1.804887243943374964e-01	1.804887243943374964e-01	7.378090037218859587e-02	1.804887243943374964e-01	1.804887243943374964e-01	1.804887243943374964e-01	1.804887243943374964e-01	1.804887243943374964e-01	1.690066848173870095e-01	1.804887243943374964e-01	1.804887243943374964e-01	1.804887243943374964e-01	1.804887243943374964e-01	1.804887243943374964e-01	1.804887243943374964e-01	2.106337604709500044e-01	1.804887243943374964e-01	1.804887243943374964e-01	1.487675241378539903e-01	2.072556682951089968e-01	1.804887243943374964e-01	1.508049692122259977e-01	1.458589346433279976e-01	1.728399497774399940e-01	1.470099478175289909e-01	1.290157516230900081e-01	1.804887243943374964e-01	1.226531283286610013e-01	1.804887243943374964e-01	1.804887243943374964e-01	8.106836488448310521e-03	1.804887243943374964e-01	1.804887243943374964e-01	1.804887243943374964e-01	1.804887243943374964e-01	2.538621304106549736e-01	1.804887243943374964e-01	1.804887243943374964e-01	1.978662852163630137e-01	1.273386007821770138e-01	2.002554366066769953e-01	3.012214677033309834e-02	1.804887243943374964e-01	1.494518019645360019e-01	1.595302068964770115e-01	1.804887243943374964e-01	1.804887243943374964e-01	1.804887243943374964e-01	1.804887243943374964e-01	1.804887243943374964e-01	1.804887243943374964e-01	1.804887243943374964e-01	1.804887243943374964e-01	1.289034597767839962e-01	1.804887243943374964e-01	1.804887243943374964e-01	2.628970773952090112e-01	1.804887243943374964e-01	1.156940586130500020e-01	1.804887243943374964e-01	1.804887243943374964e-01	1.449828254257919946e-01	1.804887243943374964e-01	1.701480512961210112e-01	1.804887243943374964e-01	1.520737278727229969e-01	1.717047693580550094e-01	1.804887243943374964e-01	1.804887243943374964e-01	1.804887243943374964e-01	1.804887243943374964e-01	1.810886265837479969e-01	1.804887243943374964e-01	1.804887243943374964e-01	6.572182507241400296e-02	1.804887243943374964e-01	1.804887243943374964e-01	1.804887243943374964e-01	1.804887243943374964e-01	1.804887243943374964e-01	1.804887243943374964e-01	1.804887243943374964e-01	1.804887243943374964e-01	1.804887243943374964e-01	1.804887243943374964e-01	1.804887243943374964e-01	1.804887243943374964e-01	1.804887243943374964e-01	1.804887243943374964e-01	9.400366106622559670e-02	1.804887243943374964e-01
1.804887243943374964e-01	1.304814076591259975e-01	1.804887243943374964e-01	1.804887243943374964e-01	1.804887243943374964e-01	1.804887243943374964e-01	1.804887243943374964e-01	1.000000000000000000e+00	1.804887243943374964e-01	3.145778849270690070e-01	3.195848788836549992e-01	1.804887243943374964e-01	1.804887243943374964e-01	1.804887243943374964e-01	1.804887243943374964e-01	2.662656310009660077e-01	1.804887243943374964e-01	1.804887243943374964e-01	1.804887243943374964e-01	1.804887243943374964e-01	1.804887243943374964e-01	2.075827200507250059e-01	1.804887243943374964e-01	2.115428516055430086e-01	1.804887243943374964e-01	1.804887243943374964e-01	1.804887243943374964e-01	2.489046687126950097e-01	1.804887243943374964e-01	1.804887243943374964e-01	1.804887243943374964e-01	1.795862476927780060e-01	1.804887243943374964e-01	1.804887243943374964e-01	1.804887243943374964e-01	1.213153685073500021e-01	1.804887243943374964e-01	1.804887243943374964e-01	1.804887243943374964e-01	1.804887243943374964e-01	1.804887243943374964e-01	1.804887243943374964e-01	2.374216195660059925e-01	1.804887243943374964e-01	1.631946151439210013e-01	1.804887243943374964e-01	1.804887243943374964e-01	1.804887243943374964e-01	1.804887243943374964e-01	1.804887243943374964e-01	1.629029907021319890e-01	1.804887243943374964e-01	1.804887243943374964e-01	1.804887243943374964e-01	2.167740818588499985e-01	1.568055522489849862e-01	1.804887243943374964e-01	2.030505915573949938e-01	1.804887243943374964e-01	1.804887243943374964e-01	1.804887243943374964e-01	1.804887243943374964e-01	1.804887243943374964e-01	1.804887243943374964e-01	1.804887243943374964e-01	1.476131713815209967e-01	2.358289767127079994e-01	1.804887243943374964e-01	1.804887243943374964e-01	2.274350608959020137e-01	1.804887243943374964e-01	2.590402259641090277e-01	1.804887243943374964e-01	1.804887243943374964e-01	1.804887243943374964e-01	1.804887243943374964e-01	2.104950095861519987e-01	1.804887243943374964e-01	1.919495965259830073e-01	1.804887243943374964e-01	1.804887243943374964e-01	1.792990854320480054e-01	2.442508633151539987e-01	1.804887243943374964e-01	1.804887243943374964e-01	1.804887243943374964e-01	1.809395281091989993e-01	1.804887243943374964e-01	1.804887243943374964e-01	1.804887243943374964e-01	1.804887243943374964e-01	1.804887243943374964e-01	1.804887243943374964e-01	1.804887243943374964e-01	1.804887243943374964e-01	1.804887243943374964e-01	1.804887243943374964e-01	1.804887243943374964e-01	1.804887243943374964e-01	1.804887243943374964e-01	1.804887243943374964e-01	6.719191141823339930e-02	1.804887243943374964e-01	1.804887243943374964e-01	1.804887243943374964e-01	1.804887243943374964e-01	1.804887243943374964e-01	1.804887243943374964e-01	3.010623973837879830e-01	1.804887243943374964e-01	1.804887243943374964e-01	1.804887243943374964e-01	1.804887243943374964e-01	1.804887243943374964e-01	1.804887243943374964e-01	1.804887243943374964e-01	1.804887243943374964e-01	1.804887243943374964e-01	1.804887243943374964e-01	1.636908048620339950e-01	1.804887243943374964e-01	1.804887243943374964e-01	1.237228847293079942e-01	1.758763275051100083e-01
3.888894607352140209e-01	1.804887243943374964e-01	1.792948658853910082e-01	1.804887243943374964e-01	1.804887243943374964e-01	1.804887243943374964e-01	1.804887243943374964e-01	1.804887243943374964e-01	1.000000000000000000e+00	1.804887243943374964e-01	1.804887243943374964e-01	1.804887243943374964e-01	4.053067146518959940e-01	1.804887243943374964e-01	3.174410784399270269e-01	3.394705521355120270e-01	1.804887243943374964e-01	3.095505757514540116e-02	1.804887243943374964e-01	1.804887243943374964e-01	1.804887243943374964e-01	1.804887243943374964e-01	1.804887243943374964e-01	1.804887243943374964e-01	1.804887243943374964e-01	3.481191760902520027e-01	3.811695569156189900e-01	3.652053444943940130e-01	1.804887243943374964e-01	1.804887243943374964e-01	2.696392699919870073e-01	3.010269736938360197e-01	1.804887243943374964e-01	3.488737101296299770e-01	1.804887243943374964e-01	1.804887243943374964e-01	1.804887243943374964e-01	4.104613510921670261e-01	1.804887243943374964e-01	1.804887243943374964e-01	2.729657038053610041e-01	1.804887243943374964e-01	1.804887243943374964e-01	1.804887243943374964e-01	1.804887243943374964e-01	8.874316561052669750e-02	1.804887243943374964e-01	1.804887243943374964e-01	4.352430338268040155e-01	1.804887243943374964e-01	1.804887243943374964e-01	1.804887243943374964e-01	1.804887243943374964e-01	1.804887243943374964e-01	1.804887243943374964e-01	1.804887243943374964e-01	1.804887243943374964e-01	3.518916728728729848e-01	2.301162472898120037e-01	3.680439708334130033e-01	2.552880155012020036e-01	1.804887243943374964e-01	1.804887243943374964e-01	1.804887243943374964e-01	1.804887243943374964e-01	9.429169619605159980e-02	3.012750270796529795e-01	1.804887243943374964e-01	1.804887243943374964e-01	1.804887243943374964e-01	2.851795853675360148e-01	2.937625378427169975e-01	1.804887243943374964e-01	2.622729346564730002e-01	1.804887243943374964e-01	1.413775652618169953e-01	2.830799819942519946e-01	1.804887243943374964e-01	2.534442701053959968e-01	3.106712323521440000e-01	1.804887243943374964e-01	1.804887243943374964e-01	2.293809140399520052e-01	1.295817293942939930e-01	1.804887243943374964e-01	3.158686873232059988e-01	1.804887243943374964e-01	1.955976792773939932e-01	1.000000000000000048e-04	2.257021596499949878e-01	1.804887243943374964e-01	1.804887243943374964e-01	1.804887243943374964e-01	1.804887243943374964e-01	3.204735973722879772e-01	1.804887243943374964e-01	1.804887243943374964e-01	1.804887243943374964e-01	1.804887243943374964e-01	1.804887243943374964e-01	1.804887243943374964e-01	1.804887243943374964e-01	1.804887243943374964e-01	2.641933411145970245e-01	1.804887243943374964e-01	1.804887243943374964e-01	1.804887243943374964e-01	1.804887243943374964e-01	1.804887243943374964e-01	1.804887243943374964e-01	2.258934596759329949e-01	1.804887243943374964e-01	1.804887243943374964e-01	1.389956511003420103e-01	1.442510975583929933e-01	1.804887243943374964e-01	1.804887243943374964e-01	1.804887243943374964e-01	1.804887243943374964e-01	3.003759212016929858e-01	1.804887243943374964e-01	1.804887243943374964e-01	1.804887243943374964e-01	1.804887243943374964e-01
1.327486537399600042e-01	1.804887243943374964e-01	1.804887243943374964e-01	1.804887243943374964e-01	2.551378619825089844e-01	1.804887243943374964e-01	1.804887243943374964e-01	3.145778849270690070e-01	1.804887243943374964e-01	1.000000000000000000e+00	2.384238813933790002e-01	1.804887243943374964e-01	1.859777178361760042e-01	1.804887243943374964e-01	1.804887243943374964e-01	2.033183673565910066e-01	1.804887243943374964e-01	1.804887243943374964e-01	1.804887243943374964e-01	1.804887243943374964e-01	1.354085557759930059e-01	1.804887243943374964e-01	1.804887243943374964e-01	2.914145157988189960e-01	1.804887243943374964e-01	1.804887243943374964e-01	1.804887243943374964e-01	1.804887243943374964e-01	7.187681833324580105e-02	2.021779953374910066e-01	1.804887243943374964e-01	7.501347170809399834e-02	7.059935510090760424e-02	2.025875998451260041e-01	1.151345344992509984e-01	1.804887243943374964e-01	1.667429454797650090e-01	1.804887243943374964e-01	1.804887243943374964e-01	1.804887243943374964e-01	9.833706696007479819e-02	1.804887243943374964e-01	1.804887243943374964e-01	8.315829392310210288e-02	1.804887243943374964e-01	1.804887243943374964e-01	1.804887243943374964e-01	9.087137061634249779e-02	1.804887243943374964e-01	1.804887243943374964e-01	1.804887243943374964e-01	1.183710491733550030e-01	1.804887243943374964e-01	8.205602608469270143e-02	1.804887243943374964e-01	1.804887243943374964e-01	1.804887243943374964e-01	1.804887243943374964e-01	1.804887243943374964e-01	1.804887243943374964e-01	1.804887243943374964e-01	1.804887243943374964e-01	1.804887243943374964e-01	1.804887243943374964e-01	1.804887243943374964e-01	1.804887243943374964e-01	1.804887243943374964e-01	1.804887243943374964e-01	1.094384561473349948e-01	7.778381455218029428e-02	7.406272563956879662e-02	1.804887243943374964e-01	1.804887243943374964e-01	1.267645195863459917e-01	1.804887243943374964e-01	1.804887243943374964e-01	1.804887243943374964e-01	1.804887243943374964e-01	1.804887243943374964e-01	1.804887243943374964e-01	1.804887243943374964e-01	8.212750766234369615e-02	1.804887243943374964e-01	1.804887243943374964e-01	1.804887243943374964e-01	1.804887243943374964e-01	9.295649800554089959e-02	6.392936481626469714e-02	1.804887243943374964e-01	1.804887243943374964e-01	1.804887243943374964e-01	1.804887243943374964e-01	1.447748425725429999e-01	1.804887243943374964e-01	1.804887243943374964e-01	1.804887243943374964e-01	1.804887243943374964e-01	7.712941467966770437e-02	9.227211599927069574e-02	1.804887243943374964e-01	1.804887243943374964e-01	1.804887243943374964e-01	8.635940909210239325e-02	2.182585846385080020e-01	1.804887243943374964e-01	1.804887243943374964e-01	1.804887243943374964e-01	6.731219652518949381e-02	1.804887243943374964e-01	1.804887243943374964e-01	1.804887243943374964e-01	1.804887243943374964e-01	2.270126124816760071e-01	1.804887243943374964e-01	1.804887243943374964e-01	1.206462914405739967e-01	1.804887243943374964e-01	1.804887243943374964e-01	1.812719729139559977e-01	1.804887243943374964e-01	1.804887243943374964e-01	8.486647902907369645e-02	1.804887243943374964e-01	1.804887243943374964e-01
1.804887243943374964e-01	1.804887243943374964e-01	1.462404536801809873e-01	2.524857997556140266e-01	5.261009965307239522e-01	2.498025096737719886e-01	2.660964959047770195e-01	3.195848788836549992e-01	1.804887243943374964e-01	2.384238813933790002e-01	1.000000000000000000e+00	1.804887243943374964e-01	1.804887243943374964e-01	4.250485592636810313e-03	4.010559482899330175e-01	1.804887243943374964e-01	1.804887243943374964e-01	1.804887243943374964e-01	4.475306864134719897e-01	3.844668977247109876e-01	1.804887243943374964e-01	1.804887243943374964e-01	1.804887243943374964e-01	1.804887243943374964e-01	1.804887243943374964e-01	1.804887243943374964e-01	1.804887243943374964e-01	3.409597717390869809e-01	1.804887243943374964e-01	3.669024283411900234e-01	1.804887243943374964e-01	1.804887243943374964e-01	1.804887243943374964e-01	1.804887243943374964e-01	1.804887243943374964e-01	3.419884041975799760e-01	1.804887243943374964e-01	1.804887243943374964e-01	1.804887243943374964e-01	1.804887243943374964e-01	3.988158913251800275e-01	1.804887243943374964e-01	1.804887243943374964e-01	1.804887243943374964e-01	3.922720461539659920e-01	1.804887243943374964e-01	1.804887243943374964e-01	1.804887243943374964e-01	1.804887243943374964e-01	1.804887243943374964e-01	4.185380453523980249e-01	1.804887243943374964e-01	1.804887243943374964e-01	1.804887243943374964e-01	1.804887243943374964e-01	1.804887243943374964e-01	1.804887243943374964e-01	1.804887243943374964e-01	1.804887243943374964e-01	1.804887243943374964e-01	1.804887243943374964e-01	8.910730402043880172e-02	1.804887243943374964e-01	1.804887243943374964e-01	1.804887243943374964e-01	6.262785964767310365e-02	1.804887243943374964e-01	1.804887243943374964e-01	1.804887243943374964e-01	1.804887243943374964e-01	4.345061665605279844e-01	4.210176635304510029e-01	1.804887243943374964e-01	1.804887243943374964e-01	1.804887243943374964e-01	9.856644471276840291e-02	1.804887243943374964e-01	4.085531732797160198e-01	1.804887243943374964e-01	1.804887243943374964e-01	1.804887243943374964e-01	1.804887243943374964e-01	3.524303733848250242e-01	1.804887243943374964e-01	1.804887243943374964e-01	4.777889885646510182e-01	1.804887243943374964e-01	2.789204715892870112e-01	1.000000000000000048e-04	1.804887243943374964e-01	1.804887243943374964e-01	1.804887243943374964e-01	5.547224401263809446e-01	1.804887243943374964e-01	1.804887243943374964e-01	1.804887243943374964e-01	3.299013223454809740e-01	1.804887243943374964e-01	5.044583580416900359e-01	1.804887243943374964e-01	1.804887243943374964e-01	1.804887243943374964e-01	1.804887243943374964e-01	2.208471829887969917e-01	1.804887243943374964e-01	1.804887243943374964e-01	7.195467119855339377e-02	1.637177729978160079e-01	1.879842723861039899e-01	2.639944565150300071e-01	1.804887243943374964e-01	1.804887243943374964e-01	1.804887243943374964e-01	1.804887243943374964e-01	1.804887243943374964e-01	1.804887243943374964e-01	3.531028314071329999e-01	1.804887243943374964e-01	5.053257474554450068e-01	1.804887243943374964e-01	1.804887243943374964e-01	1.804887243943374964e-01	3.084565326591510170e-01	1.804887243943374964e-01
1.804887243943374964e-01	1.804887243943374964e-01	1.804887243943374964e-01	1.804887243943374964e-01	1.804887243943374964e-01	1.804887243943374964e-01	1.804887243943374964e-01	1.804887243943374964e-01	1.804887243943374964e-01	1.804887243943374964e-01	1.804887243943374964e-01	1.000000000000000000e+00	1.804887243943374964e-01	8.667908117391759371e-02	1.804887243943374964e-01	1.804887243943374964e-01	6.152201653395539954e-02	1.804887243943374964e-01	2.041403666018840046e-02	1.804887243943374964e-01	1.804887243943374964e-01	1.804887243943374964e-01	1.793033050780080129e-01	1.804887243943374964e-01	1.804887243943374964e-01	1.740622716825170058e-02	1.804887243943374964e-01	6.358426381928429516e-02	1.804887243943374964e-01	6.376408345112309639e-02	6.406039071404250052e-02	1.804887243943374964e-01	6.734934678919520142e-03	1.804887243943374964e-01	1.804887243943374964e-01	1.804887243943374964e-01	3.647539324881730188e-02	1.804887243943374964e-01	1.046120192144119922e-02	7.317223042851900283e-02	1.804887243943374964e-01	1.804887243943374964e-01	1.804887243943374964e-01	1.804887243943374964e-01	1.804887243943374964e-01	2.185978546109449971e-01	1.804887243943374964e-01	1.804887243943374964e-01	6.979319380940350592e-02	1.804887243943374964e-01	1.804887243943374964e-01	1.804887243943374964e-01	1.804887243943374964e-01	1.804887243943374964e-01	1.804887243943374964e-01	1.804887243943374964e-01	8.317286587421410249e-03	1.272171257455470030e-02	1.804887243943374964e-01	1.804887243943374964e-01	6.224647466008069625e-03	1.804887243943374964e-01	1.804887243943374964e-01	1.804887243943374964e-01	1.804887243943374964e-01	2.908800744273780103e-01	1.804887243943374964e-01	3.222584554078949948e-01	1.804887243943374964e-01	1.804887243943374964e-01	1.187126400571720045e-02	9.609380179900029600e-03	1.804887243943374964e-01	1.804887243943374964e-01	1.804887243943374964e-01	2.377347226376989864e-01	1.804887243943374964e-01	1.804887243943374964e-01	1.804887243943374964e-01	1.804887243943374964e-01	2.057416106579380149e-02	1.804887243943374964e-01	1.804887243943374964e-01	1.804887243943374964e-01	1.804887243943374964e-01	1.049572568150130072e-02	1.804887243943374964e-01	7.979449635508910690e-03	1.804887243943374964e-01	1.534975884355780085e-01	2.019022181457829912e-01	2.814657459180929799e-01	1.804887243943374964e-01	9.191547358654210062e-03	1.155918525950550002e-02	1.804887243943374964e-01	4.234765442542939851e-02	1.804887243943374964e-01	1.804887243943374964e-01	1.804887243943374964e-01	1.804887243943374964e-01	1.804887243943374964e-01	1.804887243943374964e-01	1.804887243943374964e-01	1.804887243943374964e-01	1.804887243943374964e-01	1.804887243943374964e-01	1.804887243943374964e-01	1.804887243943374964e-01	1.804887243943374964e-01	1.804887243943374964e-01	1.804887243943374964e-01	1.804887243943374964e-01	1.804887243943374964e-01	5.123911163002009550e-01	1.804887243943374964e-01	1.804887243943374964e-01	3.801075577842279868e-02	1.804887243943374964e-01	1.804887243943374964e-01	1.664371462706359939e-01	1.804887243943374964e-01	1.804887243943374964e-01	1.804887243943374964e-01
