1.000000000000150102e+00	7.078899260707700591e-01	9.182978493550190136e-01	7.078899260707700591e-01	7.078899260707700591e-01	7.078899260707700591e-01	7.078899260707700591e-01	7.078899260707700591e-01	7.078899260707700591e-01	7.078899260707700591e-01	7.078899260707700591e-01	7.113825770629480516e-01	7.839156119132190126e-01	7.293698717857040048e-01	7.078899260707700591e-01	7.078899260707700591e-01	7.078899260707700591e-01	7.078899260707700591e-01	7.418104614312329703e-01	7.333781186773179472e-01	7.078899260707700591e-01	7.078899260707700591e-01	7.078899260707700591e-01	7.078899260707700591e-01	7.360516688544329611e-01	7.999926091443969600e-01	7.747892921059440496e-01	7.078899260707700591e-01	7.078899260707700591e-01	7.125791454851929663e-01	7.784842168861919598e-01	7.078899260707700591e-01	8.008917387239929964e-01	7.078899260707700591e-01	7.078899260707700591e-01	7.078899260707700591e-01	7.371316093620200460e-01	7.078899260707700591e-01	7.078899260707700591e-01	7.078899260707700591e-01	6.765103054361609747e-01	7.201179888161060028e-01	7.078899260707700591e-01	7.078899260707700591e-01	7.982191144714110287e-01	7.078899260707700591e-01	7.078899260707700591e-01	7.238652130334459756e-01	7.078899260707700591e-01	7.544228070326539637e-01	7.078899260707700591e-01	7.078899260707700591e-01	7.078899260707700591e-01	6.571397540738069809e-01	7.194574417710180025e-01	7.078899260707700591e-01	6.235132740882569635e-01	6.405664632266879766e-01	7.078899260707700591e-01	7.078899260707700591e-01	7.078899260707700591e-01	7.078899260707700591e-01	8.108134399905400080e-01	7.078899260707700591e-01	7.078899260707700591e-01	7.427267292577039992e-01	7.078899260707700591e-01	7.078899260707700591e-01	7.078899260707700591e-01	7.078899260707700591e-01	6.889760115390990425e-01	6.770611726751190051e-01	7.655009165359469847e-01	7.078899260707700591e-01	7.078899260707700591e-01	6.200505088368699624e-01	7.078899260707700591e-01	7.936662988326470547e-01	7.078899260707700591e-01	7.078899260707700591e-01	7.078899260707700591e-01	6.725084800934120199e-01	7.078899260707700591e-01	7.078899260707700591e-01	7.078899260707700591e-01	7.078899260707700591e-01	7.078899260707700591e-01	7.078899260707700591e-01	7.078899260707700591e-01	7.411337685872300129e-01	7.078899260707700591e-01	7.078899260707700591e-01	7.078899260707700591e-01	7.078899260707700591e-01	7.078899260707700591e-01	7.078899260707700591e-01	7.925125574038509590e-01	6.320038790620770008e-01	7.179683690069299518e-01	7.449305868031900202e-01	7.078899260707700591e-01	7.078899260707700591e-01	7.078899260707700591e-01	6.099926251554520507e-01	7.078899260707700591e-01	7.078899260707700591e-01	7.078899260707700591e-01	7.078899260707700591e-01	7.078899260707700591e-01	7.078899260707700591e-01	7.078899260707700591e-01	7.078899260707700591e-01	7.078899260707700591e-01	7.798637438007349765e-01	7.078899260707700591e-01	7.078899260707700591e-01	7.078899260707700591e-01	9.084193006170380169e-01	8.863143654298449858e-01	7.078899260707700591e-01	7.078899260707700591e-01	7.882519794287480286e-01	7.078899260707700591e-01	7.078899260707700591e-01
7.078899260707700591e-01	1.000000000000039968e+00	7.078899260707700591e-01	7.399396764504879709e-01	7.078899260707700591e-01	7.078899260707700591e-01	7.078899260707700591e-01	7.217277002772409800e-01	7.078899260707700591e-01	7.078899260707700591e-01	7.499100779699819919e-01	7.078899260707700591e-01	7.078899260707700591e-01	6.649303312109580144e-01	7.078899260707700591e-01	7.078899260707700591e-01	7.078899260707700591e-01	7.078899260707700591e-01	7.002522364194050386e-01	7.163189787159119915e-01	7.078899260707700591e-01	6.493504876826400318e-01	7.118731691044170029e-01	7.078899260707700591e-01	7.078899260707700591e-01	7.078899260707700591e-01	7.471817028383119785e-01	7.078899260707700591e-01	7.078899260707700591e-01	6.504826775841600073e-01	7.078899260707700591e-01	7.134116530012559743e-01	7.078899260707700591e-01	7.617195659387929751e-01	6.383219709518489493e-01	7.566460162935190192e-01	7.078899260707700591e-01	7.078899260707700591e-01	7.078899260707700591e-01	7.078899260707700591e-01	7.078899260707700591e-01	7.078899260707700591e-01	7.059348011157390301e-01	7.078899260707700591e-01	7.078899260707700591e-01	7.078899260707700591e-01	7.078899260707700591e-01	6.576416556991460105e-01	7.286746893825080118e-01	7.078899260707700591e-01	7.577396195048480276e-01	7.078899260707700591e-01	7.078899260707700591e-01	7.078899260707700591e-01	7.078899260707700591e-01	7.078899260707700591e-01	6.064043430674700419e-01	7.078899260707700591e-01	7.078899260707700591e-01	7.078899260707700591e-01	7.078899260707700591e-01	7.078899260707700591e-01	7.078899260707700591e-01	6.213404707105080194e-01	7.078899260707700591e-01	7.265307134361319585e-01	6.878935470062450541e-01	7.078899260707700591e-01	7.078899260707700591e-01	7.078899260707700591e-01	7.078899260707700591e-01	7.078899260707700591e-01	7.078899260707700591e-01	7.078899260707700591e-01	7.078899260707700591e-01	7.078899260707700591e-01	7.078899260707700591e-01	7.078899260707700591e-01	7.116179020885019524e-01	7.078899260707700591e-01	7.078899260707700591e-01	7.078899260707700591e-01	6.314905143610100025e-01	7.078899260707700591e-01	7.078899260707700591e-01	7.078899260707700591e-01	7.009179415816559899e-01	7.078899260707700591e-01	7.078899260707700591e-01	7.078899260707700591e-01	7.078899260707700591e-01	7.078899260707700591e-01	6.156675624168820304e-01	7.078899260707700591e-01	7.078899260707700591e-01	7.174238695472290317e-01	7.078899260707700591e-01	7.078899260707700591e-01	7.078899260707700591e-01	7.078899260707700591e-01	7.355648747167969903e-01	7.078899260707700591e-01	7.078899260707700591e-01	6.124735774816439937e-01	7.078899260707700591e-01	6.513083715910340521e-01	7.483546655394229807e-01	7.078899260707700591e-01	7.078899260707700591e-01	7.078899260707700591e-01	7.078899260707700591e-01	7.178793586019279749e-01	7.078899260707700591e-01	7.078899260707700591e-01	7.078899260707700591e-01	8.150047196105160152e-01	8.471840368539600430e-01	8.642542102209369581e-01	7.078899260707700591e-01	7.078899260707700591e-01	7.078899260707700591e-01	7.610111148855119856e-01	7.616632835359370413e-01	7.078899260707700591e-01
9.182978493550190136e-01	7.078899260707700591e-01	1.000000000000049960e+00	7.420275652438319547e-01	7.379198200808559927e-01	8.020464947357589525e-01	7.777268175721000487e-01	7.078899260707700591e-01	7.078899260707700591e-01	7.078899260707700591e-01	7.078899260707700591e-01	7.078899260707700591e-01	7.696195840149580025e-01	7.078899260707700591e-01	7.078899260707700591e-01	7.525423935036510414e-01	7.425689570706209830e-01	7.078899260707700591e-01	7.078899260707700591e-01	7.045331586061700513e-01	7.078899260707700591e-01	7.078899260707700591e-01	7.078899260707700591e-01	7.078899260707700591e-01	7.078899260707700591e-01	7.078899260707700591e-01	7.078899260707700591e-01	7.078899260707700591e-01	5.039649690826220052e-01	7.078899260707700591e-01	7.078899260707700591e-01	7.078899260707700591e-01	7.078899260707700591e-01	7.865855499835510134e-01	7.078899260707700591e-01	7.706999394003849480e-01	7.250432354197110518e-01	7.078899260707700591e-01	7.078899260707700591e-01	7.078899260707700591e-01	7.078899260707700591e-01	7.078899260707700591e-01	7.891969096164860309e-01	7.078899260707700591e-01	7.881534457843329955e-01	7.078899260707700591e-01	7.078899260707700591e-01	7.078899260707700591e-01	7.078899260707700591e-01	7.078899260707700591e-01	7.078899260707700591e-01	7.078899260707700591e-01	7.078899260707700591e-01	7.078899260707700591e-01	7.078899260707700591e-01	7.078899260707700591e-01	7.078899260707700591e-01	7.078899260707700591e-01	7.078899260707700591e-01	7.078899260707700591e-01	7.078899260707700591e-01	7.078899260707700591e-01	7.078899260707700591e-01	7.078899260707700591e-01	7.078899260707700591e-01	7.078899260707700591e-01	7.393952752606679502e-01	7.089004800781629756e-01	7.078899260707700591e-01	6.540359107377140546e-01	6.574424906811889846e-01	6.758748871486349730e-01	7.487186575617550410e-01	7.078899260707700591e-01	7.078899260707700591e-01	7.078899260707700591e-01	7.078899260707700591e-01	7.691798503210379723e-01	7.636247514574280304e-01	7.616332229625299988e-01	7.078899260707700591e-01	6.536578673169950449e-01	7.078899260707700591e-01	7.078899260707700591e-01	7.078899260707700591e-01	7.078899260707700591e-01	7.312472995808430021e-01	7.885581207871490417e-01	7.078899260707700591e-01	7.094664932407149793e-01	7.078899260707700591e-01	7.584921942167710540e-01	7.078899260707700591e-01	7.078899260707700591e-01	6.089904762552980078e-01	7.945071145258859602e-01	7.078899260707700591e-01	7.078899260707700591e-01	7.078899260707700591e-01	7.078899260707700591e-01	7.078899260707700591e-01	7.078899260707700591e-01	7.078899260707700591e-01	7.078899260707700591e-01	7.078899260707700591e-01	7.078899260707700591e-01	7.078899260707700591e-01	7.078899260707700591e-01	6.454635360246010478e-01	7.078899260707700591e-01	7.078899260707700591e-01	7.078899260707700591e-01	7.452158872521790212e-01	7.422658312001829684e-01	7.793522502284350173e-01	8.556589773292549994e-01	7.078899260707700591e-01	7.078899260707700591e-01	7.078899260707700591e-01	7.078899260707700591e-01	7.078899260707700591e-01	7.078899260707700591e-01	7.078899260707700591e-01	7.717770643781529660e-01
7.078899260707700591e-01	7.399396764504879709e-01	7.420275652438319547e-01	9.999999999999239497e-01	7.078899260707700591e-01	7.078899260707700591e-01	7.078899260707700591e-01	7.078899260707700591e-01	7.078899260707700591e-01	7.078899260707700591e-01	7.452757556154859797e-01	7.023644559834839596e-01	7.720951282191450549e-01	7.240182631668620195e-01	7.078899260707700591e-01	7.078899260707700591e-01	7.078899260707700591e-01	7.078899260707700591e-01	7.078899260707700591e-01	7.250100634356250184e-01	7.078899260707700591e-01	7.075569162643370325e-01	7.375225905197410059e-01	7.856320168511530255e-01	7.078899260707700591e-01	7.078899260707700591e-01	7.925564497384219864e-01	7.518317519579660324e-01	7.078899260707700591e-01	7.078899260707700591e-01	7.078899260707700591e-01	7.078899260707700591e-01	7.596743307134860013e-01	7.078899260707700591e-01	6.667331853500589878e-01	7.078899260707700591e-01	7.078899260707700591e-01	7.905838688382640367e-01	7.078899260707700591e-01	7.733207990050640079e-01	7.078899260707700591e-01	7.078899260707700591e-01	7.078899260707700591e-01	7.078899260707700591e-01	7.911701392792089838e-01	6.893631842537569776e-01	7.078899260707700591e-01	6.642013271648250505e-01	7.078899260707700591e-01	7.078899260707700591e-01	7.124877194650980350e-01	7.646056004653589699e-01	7.078899260707700591e-01	7.078899260707700591e-01	7.078899260707700591e-01	7.078899260707700591e-01	7.078899260707700591e-01	7.041737188322679808e-01	6.885512013212200522e-01	6.234903035232890467e-01	7.824143472063630478e-01	7.078899260707700591e-01	7.078899260707700591e-01	7.078899260707700591e-01	6.020408706199319449e-01	7.926283921056349602e-01	7.078899260707700591e-01	7.078899260707700591e-01	7.078899260707700591e-01	7.078899260707700591e-01	7.078899260707700591e-01	7.078899260707700591e-01	7.078899260707700591e-01	7.078899260707700591e-01	7.078899260707700591e-01	7.078899260707700591e-01	7.361568661345290199e-01	7.078899260707700591e-01	7.078899260707700591e-01	7.078899260707700591e-01	7.078899260707700591e-01	6.545151890186460264e-01	6.562866490136860520e-01	7.078899260707700591e-01	7.078899260707700591e-01	7.078899260707700591e-01	7.247339822781739826e-01	7.078899260707700591e-01	7.793225939581059913e-01	7.078899260707700591e-01	7.078899260707700591e-01	7.078899260707700591e-01	6.255648415439869492e-01	7.078899260707700591e-01	6.424302715044120093e-01	7.078899260707700591e-01	7.078899260707700591e-01	7.078899260707700591e-01	7.460007638268599806e-01	7.078899260707700591e-01	7.373804785520560179e-01	6.118582054683080473e-01	7.078899260707700591e-01	7.078899260707700591e-01	7.078899260707700591e-01	6.935235719379230224e-01	7.722906350313859525e-01	7.078899260707700591e-01	7.513587715322369576e-01	6.715693910340470030e-01	7.078899260707700591e-01	7.078899260707700591e-01	7.412035829830030398e-01	7.078899260707700591e-01	7.078899260707700591e-01	7.628258766230140431e-01	7.078899260707700591e-01	7.614816447992069914e-01	7.654056829153760289e-01	7.078899260707700591e-01	7.683349648557410427e-01	7.284865372881420553e-01	7.078899260707700591e-01	7.336185295196600009e-01
7.078899260707700591e-01	7.078899260707700591e-01	7.379198200808559927e-01	7.078899260707700591e-01	9.999999999999039657e-01	7.087034306836850206e-01	7.078899260707700591e-01	7.078899260707700591e-01	7.078899260707700591e-01	7.078899260707700591e-01	7.078899260707700591e-01	7.078899260707700591e-01	7.078899260707700591e-01	7.078899260707700591e-01	7.078899260707700591e-01	7.078899260707700591e-01	7.078899260707700591e-01	7.078899260707700591e-01	7.078899260707700591e-01	8.199987865471870530e-01	7.078899260707700591e-01	7.078899260707700591e-01	7.078899260707700591e-01	7.078899260707700591e-01	7.078899260707700591e-01	8.164298119281210298e-01	7.388648905585170068e-01	7.655147549015419717e-01	6.154847332107370450e-01	7.078899260707700591e-01	7.078899260707700591e-01	7.003239709578199523e-01	7.078899260707700591e-01	7.078899260707700591e-01	7.078899260707700591e-01	7.078899260707700591e-01	7.078899260707700591e-01	7.078899260707700591e-01	6.191525149188039645e-01	7.078899260707700591e-01	7.078899260707700591e-01	7.078899260707700591e-01	6.971040535251820103e-01	7.078899260707700591e-01	7.078899260707700591e-01	6.575068890292390389e-01	6.098724499645119534e-01	7.078899260707700591e-01	7.078899260707700591e-01	7.105436868432160047e-01	7.339253853697209617e-01	6.963312970518330536e-01	7.078899260707700591e-01	7.078899260707700591e-01	7.078899260707700591e-01	7.078899260707700591e-01	7.078899260707700591e-01	7.078899260707700591e-01	7.078899260707700591e-01	7.078899260707700591e-01	7.078899260707700591e-01	7.078899260707700591e-01	7.078899260707700591e-01	7.078899260707700591e-01	7.078899260707700591e-01	7.259756399514409875e-01	6.750627225994639824e-01	7.078899260707700591e-01	6.779902100034800316e-01	7.078899260707700591e-01	7.078899260707700591e-01	7.078899260707700591e-01	7.078899260707700591e-01	7.078899260707700591e-01	7.156806643940260004e-01	7.078899260707700591e-01	7.078899260707700591e-01	7.456685411446910550e-01	6.875296830905549550e-01	7.078899260707700591e-01	7.078899260707700591e-01	7.078899260707700591e-01	7.078899260707700591e-01	7.078899260707700591e-01	7.078899260707700591e-01	7.078899260707700591e-01	7.078899260707700591e-01	7.528571146729959862e-01	7.078899260707700591e-01	7.078899260707700591e-01	7.078899260707700591e-01	7.078899260707700591e-01	7.078899260707700591e-01	6.003557818462810225e-01	7.078899260707700591e-01	7.078899260707700591e-01	7.078899260707700591e-01	7.078899260707700591e-01	7.078899260707700591e-01	7.078899260707700591e-01	7.078899260707700591e-01	5.879089209216390444e-01	7.078899260707700591e-01	7.078899260707700591e-01	5.601023999948759879e-01	7.078899260707700591e-01	7.078899260707700591e-01	7.078899260707700591e-01	7.078899260707700591e-01	7.078899260707700591e-01	7.335607207475030034e-01	6.914999477952500362e-01	7.078899260707700591e-01	7.078899260707700591e-01	7.425815640443399479e-01	7.078899260707700591e-01	7.078899260707700591e-01	7.078899260707700591e-01	7.722545510687489623e-01	7.637392768507229590e-01	8.075192387356849855e-01	7.078899260707700591e-01	7.078899260707700591e-01	7.078899260707700591e-01
7.078899260707700591e-01	7.078899260707700591e-01	8.020464947357589525e-01	7.078899260707700591e-01	7.087034306836850206e-01	1.000000000000019984e+00	7.700094309093700184e-01	7.078899260707700591e-01	7.819072435345539862e-01	7.078899260707700591e-01	7.078899260707700591e-01	7.078899260707700591e-01	7.555625907980190181e-01	7.078899260707700591e-01	7.078899260707700591e-01	6.960520861310269813e-01	7.439523236337279855e-01	7.465139266551550357e-01	7.078899260707700591e-01	7.078899260707700591e-01	7.078899260707700591e-01	7.078899260707700591e-01	6.655303399375389617e-01	7.078899260707700591e-01	7.078899260707700591e-01	7.078899260707700591e-01	7.078899260707700591e-01	6.968951102886560278e-01	4.880306829109850031e-01	7.078899260707700591e-01	7.078899260707700591e-01	7.545413481595120153e-01	7.078899260707700591e-01	7.078899260707700591e-01	7.078899260707700591e-01	7.078899260707700591e-01	7.078899260707700591e-01	7.078899260707700591e-01	6.749189817343189679e-01	6.723379048668349789e-01	6.646370788291300347e-01	7.078899260707700591e-01	7.078899260707700591e-01	6.429483800089530465e-01	7.078899260707700591e-01	6.998519580382009941e-01	7.078899260707700591e-01	7.078899260707700591e-01	7.078899260707700591e-01	7.078899260707700591e-01	7.078899260707700591e-01	6.733224263853779812e-01	7.078899260707700591e-01	6.211511090478759600e-01	7.078899260707700591e-01	7.078899260707700591e-01	5.543831071294269552e-01	5.688749703668259938e-01	7.078899260707700591e-01	5.712005235059539610e-01	7.078899260707700591e-01	7.078899260707700591e-01	7.078899260707700591e-01	7.078899260707700591e-01	7.078899260707700591e-01	7.078899260707700591e-01	7.078899260707700591e-01	6.914312950237859745e-01	7.078899260707700591e-01	6.236973482562649940e-01	6.367081148964419679e-01	7.078899260707700591e-01	7.349214062732759567e-01	7.078899260707700591e-01	7.078899260707700591e-01	7.078899260707700591e-01	7.078899260707700591e-01	7.078899260707700591e-01	7.078899260707700591e-01	7.425332976704710486e-01	7.078899260707700591e-01	6.238726554098370514e-01	6.168376265199669861e-01	7.605229086632290247e-01	7.078899260707700591e-01	6.659469559282350515e-01	7.078899260707700591e-01	7.078899260707700591e-01	7.830743726092009860e-01	7.078899260707700591e-01	7.078899260707700591e-01	7.078899260707700591e-01	7.078899260707700591e-01	6.065664598337210389e-01	7.078899260707700591e-01	7.078899260707700591e-01	7.436023792358510409e-01	5.604041490586130214e-01	7.078899260707700591e-01	7.078899260707700591e-01	7.078899260707700591e-01	7.078899260707700591e-01	7.078899260707700591e-01	7.078899260707700591e-01	7.078899260707700591e-01	7.078899260707700591e-01	7.176723603838629506e-01	7.078899260707700591e-01	6.411853204952630003e-01	6.691247116282720286e-01	7.078899260707700591e-01	7.078899260707700591e-01	7.078899260707700591e-01	7.193704539818239763e-01	7.078899260707700591e-01	7.078899260707700591e-01	7.078899260707700591e-01	7.078899260707700591e-01	7.078899260707700591e-01	7.078899260707700591e-01	7.579447187693100219e-01	7.078899260707700591e-01	7.078899260707700591e-01	7.078899260707700591e-01
7.078899260707700591e-01	7.078899260707700591e-01	7.777268175721000487e-01	7.078899260707700591e-01	7.078899260707700591e-01	7.700094309093700184e-01	1.000000000000029976e+00	8.362504673261109689e-01	7.078899260707700591e-01	7.538623245139830509e-01	7.078899260707700591e-01	7.078899260707700591e-01	7.078899260707700591e-01	7.078899260707700591e-01	7.078899260707700591e-01	7.078899260707700591e-01	7.078899260707700591e-01	7.394434253706749782e-01	7.049388304259589511e-01	7.638694715089879850e-01	7.219760260247619632e-01	7.078899260707700591e-01	7.937411043021169732e-01	7.078899260707700591e-01	7.078899260707700591e-01	8.052508817397789898e-01	7.078899260707700591e-01	7.078899260707700591e-01	7.078899260707700591e-01	6.774017516528210159e-01	7.078899260707700591e-01	7.078899260707700591e-01	7.078899260707700591e-01	7.945873067016879787e-01	6.610751275644329850e-01	7.506605786146169912e-01	6.939045876103070443e-01	7.609445692183729459e-01	7.078899260707700591e-01	7.078899260707700591e-01	7.078899260707700591e-01	7.991554963872400386e-01	7.373359425102210540e-01	7.078899260707700591e-01	7.607533188939620272e-01	7.012473224356320367e-01	7.078899260707700591e-01	7.078899260707700591e-01	7.078899260707700591e-01	7.186595965101170158e-01	7.078899260707700591e-01	7.078899260707700591e-01	7.078899260707700591e-01	7.078899260707700591e-01	7.078899260707700591e-01	7.078899260707700591e-01	7.078899260707700591e-01	7.078899260707700591e-01	6.754047195501250433e-01	7.078899260707700591e-01	7.078899260707700591e-01	6.885065381294139808e-01	7.078899260707700591e-01	7.078899260707700591e-01	7.078899260707700591e-01	7.078899260707700591e-01	7.204358670913709739e-01	7.078899260707700591e-01	7.078899260707700591e-01	7.078899260707700591e-01	7.078899260707700591e-01	6.488872557928280216e-01	7.358422913885810379e-01	7.562483569851139453e-01	7.078899260707700591e-01	7.078899260707700591e-01	7.991121203492690395e-01	7.078899260707700591e-01	7.078899260707700591e-01	7.078899260707700591e-01	7.078899260707700591e-01	7.078899260707700591e-01	7.078899260707700591e-01	7.193252453056869777e-01	7.078899260707700591e-01	7.078899260707700591e-01	6.995801770494629590e-01	7.753074405019140247e-01	7.078899260707700591e-01	6.960273187437100439e-01	7.078899260707700591e-01	7.078899260707700591e-01	7.078899260707700591e-01	7.078899260707700591e-01	7.078899260707700591e-01	7.542876239779190417e-01	7.078899260707700591e-01	7.078899260707700591e-01	7.103770502904079853e-01	7.078899260707700591e-01	7.078899260707700591e-01	6.314537537623089447e-01	7.078899260707700591e-01	7.078899260707700591e-01	7.078899260707700591e-01	7.078899260707700591e-01	7.078899260707700591e-01	7.078899260707700591e-01	7.078899260707700591e-01	7.078899260707700591e-01	7.078899260707700591e-01	7.078899260707700591e-01	7.078899260707700591e-01	7.604635761669350513e-01	7.078899260707700591e-01	7.078899260707700591e-01	7.924616663518569970e-01	7.078899260707700591e-01	7.983066737033429616e-01	7.078899260707700591e-01	7.974195207997699653e-01	7.078899260707700591e-01	7.078899260707700591e-01	7.078899260707700591e-01
7.078899260707700591e-01	7.217277002772409800e-01	7.078899260707700591e-01	7.078899260707700591e-01	7.078899260707700591e-01	7.078899260707700591e-01	8.362504673261109689e-01	9.999999999999610312e-01	8.364333748233809818e-01	7.078899260707700591e-01	7.078899260707700591e-01	7.078899260707700591e-01	7.347488015170580145e-01	7.078899260707700591e-01	7.078899260707700591e-01	7.189496315579749774e-01	7.078899260707700591e-01	7.220902466997080049e-01	6.638371564913559952e-01	7.078899260707700591e-01	7.078899260707700591e-01	7.078899260707700591e-01	7.078899260707700591e-01	7.078899260707700591e-01	7.078899260707700591e-01	7.078899260707700591e-01	7.078899260707700591e-01	7.078899260707700591e-01	5.069164545522689691e-01	7.078899260707700591e-01	7.078899260707700591e-01	7.078899260707700591e-01	7.078899260707700591e-01	7.078899260707700591e-01	6.311304620627169459e-01	7.171679430200930128e-01	6.698236723964080541e-01	7.078899260707700591e-01	7.078899260707700591e-01	7.078899260707700591e-01	6.163469512458019661e-01	7.078899260707700591e-01	7.078899260707700591e-01	7.078899260707700591e-01	7.348515742953649621e-01	6.845169783181620504e-01	7.078899260707700591e-01	7.078899260707700591e-01	7.078899260707700591e-01	6.811047831457329726e-01	7.078899260707700591e-01	7.078899260707700591e-01	6.516321954883269596e-01	7.078899260707700591e-01	7.078899260707700591e-01	7.078899260707700591e-01	7.078899260707700591e-01	7.078899260707700591e-01	6.372788280817399675e-01	7.078899260707700591e-01	7.078899260707700591e-01	7.078899260707700591e-01	7.078899260707700591e-01	6.167277108466310276e-01	7.078899260707700591e-01	7.078899260707700591e-01	6.863902297405749531e-01	6.648212413694639666e-01	6.349016165233369868e-01	7.078899260707700591e-01	7.078899260707700591e-01	7.078899260707700591e-01	7.078899260707700591e-01	7.078899260707700591e-01	7.078899260707700591e-01	7.078899260707700591e-01	7.078899260707700591e-01	7.078899260707700591e-01	7.078899260707700591e-01	7.078899260707700591e-01	7.078899260707700591e-01	6.078461867685619469e-01	5.929100162747350522e-01	7.078899260707700591e-01	7.078899260707700591e-01	6.249490334659729696e-01	7.078899260707700591e-01	7.078899260707700591e-01	7.556002254438980437e-01	7.078899260707700591e-01	7.078899260707700591e-01	7.078899260707700591e-01	7.078899260707700591e-01	7.078899260707700591e-01	5.726791118897059940e-01	7.305645204307480434e-01	7.369895092126209635e-01	7.078899260707700591e-01	7.078899260707700591e-01	7.078899260707700591e-01	7.787966383659949976e-01	6.060356604787799917e-01	7.078899260707700591e-01	7.078899260707700591e-01	7.078899260707700591e-01	6.114073959034189709e-01	7.079145344597209677e-01	6.963524346856420078e-01	6.267350978767519676e-01	7.078899260707700591e-01	7.078899260707700591e-01	7.078899260707700591e-01	7.078899260707700591e-01	7.029549557981930041e-01	7.078899260707700591e-01	7.078899260707700591e-01	7.510896259153480026e-01	7.078899260707700591e-01	7.616728978062520250e-01	7.078899260707700591e-01	7.078899260707700591e-01	7.078899260707700591e-01	7.078899260707700591e-01	7.078899260707700591e-01
7.078899260707700591e-01	7.078899260707700591e-01	7.078899260707700591e-01	7.078899260707700591e-01	7.078899260707700591e-01	7.819072435345539862e-01	7.078899260707700591e-01	8.364333748233809818e-01	1.000000000000129896e+00	7.108882774124509751e-01	7.048803365377800390e-01	6.501090204039750020e-01	7.078899260707700591e-01	7.078899260707700591e-01	1.000000000000000021e-03	7.078899260707700591e-01	7.078899260707700591e-01	7.078899260707700591e-01	7.078899260707700591e-01	7.078899260707700591e-01	7.078899260707700591e-01	7.078899260707700591e-01	7.078899260707700591e-01	6.831730866161860316e-01	7.078899260707700591e-01	7.078899260707700591e-01	7.078982391677040020e-01	7.078899260707700591e-01	7.078899260707700591e-01	7.078899260707700591e-01	7.078899260707700591e-01	7.078899260707700591e-01	7.078899260707700591e-01	7.078899260707700591e-01	7.078899260707700591e-01	7.078899260707700591e-01	7.078899260707700591e-01	7.078899260707700591e-01	7.078899260707700591e-01	7.078899260707700591e-01	7.078899260707700591e-01	7.078899260707700591e-01	7.078899260707700591e-01	7.078899260707700591e-01	7.078899260707700591e-01	7.078899260707700591e-01	7.078899260707700591e-01	7.078899260707700591e-01	7.078899260707700591e-01	6.994328320129139520e-01	7.896005742047700338e-01	7.078899260707700591e-01	6.800572468414129990e-01	7.078899260707700591e-01	7.078899260707700591e-01	7.801229341602710088e-01	7.078899260707700591e-01	7.078899260707700591e-01	7.078899260707700591e-01	5.756705237755029847e-01	7.078899260707700591e-01	6.830971577228569513e-01	7.710946918492640467e-01	6.660701718879940003e-01	7.078899260707700591e-01	7.078899260707700591e-01	7.078899260707700591e-01	7.078167684367739909e-01	7.078899260707700591e-01	7.078899260707700591e-01	7.078899260707700591e-01	6.608192552094429573e-01	7.078899260707700591e-01	7.506623600996610302e-01	7.459132460572369672e-01	7.078899260707700591e-01	7.078899260707700591e-01	7.275260675386450160e-01	7.078899260707700591e-01	7.078899260707700591e-01	7.078899260707700591e-01	7.078899260707700591e-01	7.078899260707700591e-01	7.078899260707700591e-01	7.078899260707700591e-01	6.786223246607949733e-01	7.078899260707700591e-01	7.435645125991969806e-01	7.078899260707700591e-01	6.779291688728119603e-01	7.078899260707700591e-01	7.438269851748809947e-01	7.078899260707700591e-01	7.078899260707700591e-01	7.078899260707700591e-01	7.707573805715770554e-01	7.078899260707700591e-01	7.078899260707700591e-01	6.833514072053690214e-01	7.078899260707700591e-01	7.078899260707700591e-01	7.078899260707700591e-01	7.078899260707700591e-01	7.078899260707700591e-01	7.078899260707700591e-01	7.078899260707700591e-01	7.080079284777609505e-01	7.078899260707700591e-01	6.417209982789640055e-01	7.078899260707700591e-01	7.078899260707700591e-01	7.078899260707700591e-01	7.445071235372250351e-01	7.078899260707700591e-01	7.435984497543459693e-01	7.725783476136910410e-01	7.078899260707700591e-01	7.078899260707700591e-01	7.078899260707700591e-01	7.078899260707700591e-01	7.622439309102400085e-01	7.548602490801780140e-01	7.078899260707700591e-01	7.078899260707700591e-01
7.078899260707700591e-01	7.078899260707700591e-01	7.078899260707700591e-01	7.078899260707700591e-01	7.078899260707700591e-01	7.078899260707700591e-01	7.538623245139830509e-01	7.078899260707700591e-01	7.108882774124509751e-01	1.000000000000069944e+00	7.078899260707700591e-01	7.078899260707700591e-01	7.078899260707700591e-01	7.078899260707700591e-01	1.000000000000000021e-03	7.078899260707700591e-01	7.078899260707700591e-01	6.879773517517390191e-01	7.078899260707700591e-01	7.078899260707700591e-01	7.078899260707700591e-01	7.078899260707700591e-01	7.415759147228500048e-01	7.078899260707700591e-01	7.078899260707700591e-01	7.078899260707700591e-01	7.311335981989349753e-01	7.078899260707700591e-01	6.166987560006309543e-01	7.078899260707700591e-01	7.078899260707700591e-01	7.078899260707700591e-01	6.810782659484380108e-01	7.078899260707700591e-01	6.306675897334429459e-01	7.078899260707700591e-01	7.078899260707700591e-01	7.078899260707700591e-01	7.078899260707700591e-01	7.078899260707700591e-01	5.740301739899099642e-01	7.078899260707700591e-01	7.078899260707700591e-01	6.310130744841779826e-01	7.078899260707700591e-01	7.078899260707700591e-01	6.343573860052580393e-01	7.078899260707700591e-01	7.259433082963719919e-01	7.078899260707700591e-01	7.078899260707700591e-01	7.078899260707700591e-01	7.078899260707700591e-01	7.078899260707700591e-01	6.526674148398490249e-01	6.843867370445450016e-01	6.612011652045099996e-01	7.078899260707700591e-01	6.552619869362169558e-01	6.163013404078699908e-01	7.078899260707700591e-01	7.078899260707700591e-01	7.078899260707700591e-01	7.078899260707700591e-01	7.078899260707700591e-01	7.078899260707700591e-01	6.564343892714400441e-01	7.078899260707700591e-01	6.797149468553510543e-01	7.078899260707700591e-01	6.698427783107360201e-01	6.014815033530449551e-01	7.078899260707700591e-01	7.078899260707700591e-01	7.078899260707700591e-01	7.078899260707700591e-01	7.078899260707700591e-01	7.078899260707700591e-01	7.078899260707700591e-01	7.078899260707700591e-01	7.078899260707700591e-01	6.434287857663799626e-01	6.437844155519499845e-01	6.334688799048220353e-01	7.078899260707700591e-01	5.705583367008779661e-01	7.078899260707700591e-01	7.078899260707700591e-01	7.078899260707700591e-01	7.078899260707700591e-01	7.078899260707700591e-01	7.078899260707700591e-01	7.078899260707700591e-01	6.267779289461400394e-01	7.078899260707700591e-01	7.078899260707700591e-01	7.343856626478509897e-01	6.473151931520140234e-01	7.078899260707700591e-01	7.478666049448849940e-01	7.078899260707700591e-01	5.981289397962169518e-01	7.078899260707700591e-01	7.078899260707700591e-01	7.078899260707700591e-01	6.863988819866729818e-01	7.485563512862399849e-01	7.078899260707700591e-01	6.750690091295360462e-01	7.078899260707700591e-01	7.078899260707700591e-01	7.078899260707700591e-01	6.814370444109889569e-01	7.078899260707700591e-01	7.078899260707700591e-01	7.078899260707700591e-01	7.078899260707700591e-01	7.078899260707700591e-01	7.343712208419720389e-01	7.219754121090899979e-01	7.078899260707700591e-01	7.428973998835820547e-01	7.331383291121800205e-01	7.284072042017469828e-01
7.078899260707700591e-01	7.499100779699819919e-01	7.078899260707700591e-01	7.452757556154859797e-01	7.078899260707700591e-01	7.078899260707700591e-01	7.078899260707700591e-01	7.078899260707700591e-01	7.048803365377800390e-01	7.078899260707700591e-01	9.999999999999910072e-01	7.682858605721080147e-01	7.078899260707700591e-01	7.078899260707700591e-01	7.078899260707700591e-01	7.295471562334859827e-01	7.078899260707700591e-01	7.078899260707700591e-01	7.012390996199120430e-01	7.078899260707700591e-01	7.078899260707700591e-01	7.078899260707700591e-01	7.078899260707700591e-01	7.078899260707700591e-01	7.078899260707700591e-01	7.078899260707700591e-01	7.078899260707700591e-01	7.078899260707700591e-01	7.078899260707700591e-01	7.078899260707700591e-01	7.078899260707700591e-01	6.833000472582869689e-01	7.078899260707700591e-01	7.078899260707700591e-01	7.078899260707700591e-01	7.078899260707700591e-01	7.078899260707700591e-01	7.078899260707700591e-01	7.078899260707700591e-01	7.330674744790830477e-01	7.078899260707700591e-01	7.359518722188990170e-01	6.837927874540640216e-01	7.078899260707700591e-01	7.078899260707700591e-01	6.359853667902900520e-01	7.078899260707700591e-01	7.078899260707700591e-01	7.479753734948719757e-01	7.078899260707700591e-01	7.078899260707700591e-01	7.078899260707700591e-01	7.078899260707700591e-01	5.871194353172159985e-01	6.538163720910740162e-01	7.078899260707700591e-01	7.078899260707700591e-01	7.078899260707700591e-01	7.078899260707700591e-01	6.052282790209270180e-01	7.078899260707700591e-01	7.078899260707700591e-01	7.078899260707700591e-01	7.078899260707700591e-01	5.612338123111599852e-01	7.078899260707700591e-01	7.078899260707700591e-01	7.078899260707700591e-01	6.770975952294490119e-01	7.078899260707700591e-01	7.078899260707700591e-01	7.078899260707700591e-01	7.055858355971680318e-01	7.078899260707700591e-01	7.078899260707700591e-01	7.078899260707700591e-01	7.557315940743000171e-01	7.078899260707700591e-01	7.078899260707700591e-01	7.091204940035970017e-01	7.078899260707700591e-01	7.078899260707700591e-01	6.181247017224219542e-01	7.078899260707700591e-01	7.078899260707700591e-01	5.703418640438610021e-01	7.078899260707700591e-01	7.078899260707700591e-01	7.801405584136269500e-01	7.127627483040399614e-01	7.078899260707700591e-01	7.078899260707700591e-01	7.078899260707700591e-01	6.067173065772929474e-01	6.334382498017879781e-01	6.846977927317769996e-01	7.078899260707700591e-01	7.078899260707700591e-01	7.078899260707700591e-01	7.659885812306720387e-01	7.078899260707700591e-01	7.078899260707700591e-01	7.078899260707700591e-01	6.786376256491329917e-01	7.078899260707700591e-01	7.078899260707700591e-01	7.078899260707700591e-01	7.078899260707700591e-01	7.078899260707700591e-01	7.078899260707700591e-01	7.078899260707700591e-01	7.078899260707700591e-01	6.684253259591890206e-01	7.441622192767020083e-01	7.078899260707700591e-01	7.479839424179930418e-01	7.078899260707700591e-01	7.532911814917070403e-01	7.566395996126999979e-01	7.078899260707700591e-01	7.788867646771809872e-01	7.078899260707700591e-01	7.078899260707700591e-01	7.078899260707700591e-01
7.113825770629480516e-01	7.078899260707700591e-01	7.078899260707700591e-01	7.023644559834839596e-01	7.078899260707700591e-01	7.078899260707700591e-01	7.078899260707700591e-01	7.078899260707700591e-01	6.501090204039750020e-01	7.078899260707700591e-01	7.682858605721080147e-01	1.000000000000039968e+00	6.853257187023239494e-01	7.078899260707700591e-01	1.000000000000000021e-03	7.078899260707700591e-01	7.078899260707700591e-01	6.403516856582219807e-01	6.708573263868929937e-01	7.510850218762360475e-01	5.974242462789499664e-01	6.845490040702459922e-01	7.078899260707700591e-01	7.078899260707700591e-01	7.078899260707700591e-01	7.078899260707700591e-01	7.078899260707700591e-01	7.177800141177640425e-01	6.507082475433050295e-01	7.078899260707700591e-01	7.078899260707700591e-01	6.552992183903789680e-01	7.078899260707700591e-01	7.141488370987599810e-01	7.078899260707700591e-01	7.078899260707700591e-01	6.257792659814600533e-01	7.393283548759279622e-01	7.078899260707700591e-01	7.242619305995200429e-01	5.273356116653850068e-01	7.016179986606050356e-01	7.078899260707700591e-01	7.078899260707700591e-01	7.078899260707700591e-01	7.078899260707700591e-01	7.078899260707700591e-01	7.078899260707700591e-01	7.078899260707700591e-01	7.269012253417299618e-01	7.017160356098890439e-01	6.859328003036110344e-01	7.078899260707700591e-01	5.741670156866159891e-01	6.361909603079799469e-01	7.078899260707700591e-01	7.078899260707700591e-01	7.078899260707700591e-01	7.078899260707700591e-01	7.078899260707700591e-01	7.078899260707700591e-01	7.078899260707700591e-01	7.078899260707700591e-01	7.078899260707700591e-01	5.145014082624960183e-01	6.932869478012989584e-01	7.078899260707700591e-01	7.078899260707700591e-01	6.515837006272150456e-01	5.106435133699800399e-01	7.078899260707700591e-01	5.820030570688580207e-01	7.078899260707700591e-01	7.078899260707700591e-01	7.078899260707700591e-01	7.078899260707700591e-01	7.078899260707700591e-01	7.078899260707700591e-01	7.078899260707700591e-01	6.817916793917779827e-01	7.078899260707700591e-01	7.078899260707700591e-01	5.744798739904990459e-01	7.078899260707700591e-01	7.078899260707700591e-01	7.078899260707700591e-01	6.529520083895550275e-01	7.220721161668129939e-01	7.078899260707700591e-01	7.078899260707700591e-01	7.078899260707700591e-01	7.078899260707700591e-01	7.078899260707700591e-01	7.078899260707700591e-01	7.078899260707700591e-01	6.453208218907250382e-01	7.078899260707700591e-01	7.078899260707700591e-01	6.658853977372950483e-01	7.048160106095779920e-01	7.078899260707700591e-01	7.078899260707700591e-01	7.078899260707700591e-01	7.078899260707700591e-01	7.078899260707700591e-01	6.159678242189210451e-01	7.078899260707700591e-01	7.078899260707700591e-01	6.609424723885839459e-01	5.965704624859949901e-01	7.122508899071280375e-01	7.078899260707700591e-01	7.078899260707700591e-01	7.078899260707700591e-01	7.080188982612080073e-01	7.078899260707700591e-01	7.190578822495670153e-01	7.078899260707700591e-01	7.078899260707700591e-01	7.519237572835240080e-01	7.078899260707700591e-01	7.078899260707700591e-01	7.078899260707700591e-01	7.078899260707700591e-01
