1.000000000000000000e+00	6.032780495007959987e-01	7.211851053021810509e-01	7.254965288400190282e-01	6.032780495007959987e-01	7.174778205019860522e-01	6.032780495007959987e-01	5.935526861071790394e-01	4.968202942154499868e-01	5.227844941051740246e-01	7.243107863100679555e-01	7.308738226118319803e-01	7.576396657645170230e-01	6.832648563674690312e-01	6.032780495007959987e-01	8.157283206195869996e-01	7.746235881974440352e-01	7.231021040199570038e-01	7.819095560968839509e-01	6.727935011811430055e-01	6.805592614518209960e-01	6.032780495007959987e-01	6.789140853793089736e-01	6.032780495007959987e-01	6.320570650614529828e-01	6.600401295458100392e-01	1.857752000627390099e-01	4.096183310448129888e-01	7.260957859046389684e-01	6.032780495007959987e-01	6.700253456698129773e-01	7.892715564744060552e-01	6.032780495007959987e-01	6.032780495007959987e-01	6.032780495007959987e-01	6.695905439104149481e-01	7.017660076063509944e-01	7.417517933003680008e-01	1.182828386160360012e-01	7.210325231693690551e-01	7.686390364260450303e-01	6.572598187610849685e-01	6.032780495007959987e-01	6.032780495007959987e-01	5.395919060498080011e-01	7.489827177008130388e-01	6.032780495007959987e-01	6.032780495007959987e-01	7.007039326226499609e-01	7.051321863259170097e-01	6.032780495007959987e-01	6.863227503893739589e-01	7.393617577152089559e-01	7.532620934757739972e-01	2.764756949380420270e-01	7.466131098307869918e-01	6.980268740117280268e-01	7.674784351655989934e-01	7.755340147674060214e-01	6.820823502048799503e-01	6.032780495007959987e-01	4.938275954446739724e-01	6.032780495007959987e-01	5.952961800309970464e-01	5.202713731730510549e-01	6.032780495007959987e-01	6.032780495007959987e-01	6.032780495007959987e-01	6.032780495007959987e-01	2.072511417857859917e-01	6.032780495007959987e-01	3.426781967828830266e-01	6.032780495007959987e-01	7.567174118060729926e-01	6.826812756494650136e-01	7.081627040438609466e-01	6.032780495007959987e-01	6.032780495007959987e-01	6.783786780744850420e-01	7.243965166967990532e-01	6.032780495007959987e-01	6.032780495007959987e-01	5.008537993399340138e-01	2.612045643459440236e-01	6.885409985046869741e-01	2.726606967097329748e-01	7.211532387931000043e-01	6.032780495007959987e-01	1.000000000000000021e-03	6.032780495007959987e-01	6.032780495007959987e-01	6.032780495007959987e-01	6.032780495007959987e-01	6.770314243464420345e-01	4.126007892466819760e-01	6.899224762390580024e-01	6.914472868818839491e-01	6.958246838506090270e-01	6.935117203803220151e-03	7.413175822693740535e-01	4.528755948231770190e-01	6.905813061730829983e-01	6.736122754736190155e-01	6.030472217899309761e-01	6.032780495007959987e-01	7.390689982537830272e-01	7.321701915903949809e-01	6.032780495007959987e-01	7.994957844822420112e-01	7.092676712011629636e-01	6.683171824205069722e-01	6.191250025464020146e-01	6.032780495007959987e-01	6.032780495007959987e-01	7.714457420843280344e-01	6.032780495007959987e-01	7.703551928981110519e-01	6.032780495007959987e-01	7.678977100194389616e-01	7.156626353499739857e-01	7.478848335259460356e-01	6.032780495007959987e-01	6.032780495007959987e-01	6.032780495007959987e-01
6.032780495007959987e-01	1.000000000000000000e+00	6.032780495007959987e-01	7.175132848387799633e-01	4.290250845055820217e-01	7.072813206679160469e-01	6.032780495007959987e-01	5.879543395358149960e-01	4.929443802439140154e-01	5.166088641646889856e-01	6.032780495007959987e-01	7.187865417608020335e-01	6.032780495007959987e-01	6.697310226315269510e-01	5.944824454912379652e-01	7.986980706953930031e-01	7.641268499913990153e-01	6.032780495007959987e-01	7.705466166383320159e-01	6.032780495007959987e-01	6.696818956107030152e-01	6.032780495007959987e-01	6.694060328827470263e-01	6.032780495007959987e-01	6.238506692812180177e-01	6.491293789154829463e-01	1.843421573219249932e-01	4.027785415598619800e-01	7.174395586344579634e-01	6.032780495007959987e-01	6.032780495007959987e-01	6.032780495007959987e-01	6.032780495007959987e-01	4.434884355028230196e-01	7.630820099136710333e-01	6.619276896899829454e-01	6.905800583784910129e-01	7.324496266901260322e-01	1.161327150835280014e-01	6.032780495007959987e-01	6.032780495007959987e-01	6.479139494860990389e-01	6.802019671863710482e-01	6.032780495007959987e-01	5.356105378289479635e-01	6.032780495007959987e-01	6.032780495007959987e-01	6.032780495007959987e-01	6.898825042176659483e-01	6.977816467544180057e-01	6.519319481042079589e-01	6.799596415904709534e-01	6.032780495007959987e-01	7.390498320332500315e-01	2.749514393121200162e-01	7.357631087023740468e-01	6.864355785494640205e-01	7.561096817712099627e-01	7.695332072293800119e-01	6.032780495007959987e-01	6.032780495007959987e-01	4.862123985937710224e-01	6.786102729968489511e-01	5.867121894194740062e-01	6.032780495007959987e-01	1.119617292427800004e-01	7.088209727092430468e-01	6.419641848905449644e-02	7.211256508052710235e-01	2.037476037223960035e-01	7.560782567493929962e-01	6.032780495007959987e-01	7.612591398681679555e-01	7.435749637020250269e-01	6.728520611567679888e-01	6.949744146055060190e-01	6.032780495007959987e-01	7.253794832573829954e-01	6.659040442090869982e-01	6.032780495007959987e-01	6.032780495007959987e-01	6.032780495007959987e-01	6.032780495007959987e-01	6.032780495007959987e-01	6.829558773496470225e-01	6.032780495007959987e-01	7.076981173076329901e-01	6.930600248218949933e-01	1.000000000000000021e-03	4.758120530865710129e-02	7.088797338651710023e-01	7.393946275371300336e-01	6.895570817690429566e-01	6.683127436342070071e-01	4.074263477609669781e-01	6.808006479895639673e-01	6.032780495007959987e-01	6.032780495007959987e-01	6.871244143032140261e-03	6.032780495007959987e-01	4.504112199709690012e-01	6.032780495007959987e-01	6.654205654789300262e-01	5.963934272533339964e-01	7.359004861389130125e-01	7.246712689573829858e-01	7.251223508349620150e-01	6.929626420563209654e-01	7.909765444038070470e-01	6.944395375911239787e-01	6.577416727316189871e-01	6.099745721457909831e-01	6.735398639830779688e-01	7.749014663008000348e-01	6.032780495007959987e-01	7.528574894654179728e-01	6.032780495007959987e-01	6.032780495007959987e-01	6.032780495007959987e-01	7.053429083314319836e-01	7.312004819011489465e-01	7.491549730135129703e-01	6.705632245138889447e-01	6.633013771116610391e-01
7.211851053021810509e-01	6.032780495007959987e-01	1.000000000000000000e+00	6.775970125703200120e-01	4.072881635445240178e-01	6.690794332888649887e-01	6.000159170051769797e-01	6.032780495007959987e-01	4.686573367511300270e-01	4.905891070089329897e-01	6.032780495007959987e-01	6.814093762837289958e-01	7.030634336360680470e-01	6.314202008202860483e-01	5.598096680299869954e-01	7.529532282222319850e-01	7.213908527348019684e-01	6.704978382068069731e-01	7.284911180288700105e-01	6.275655552646950408e-01	6.313502420584770070e-01	7.244406325918779643e-01	6.415962729925119845e-01	7.324135130312080522e-01	6.032780495007959987e-01	6.107909350488269773e-01	1.749598210666810094e-01	6.032780495007959987e-01	6.032780495007959987e-01	6.040679760772780238e-01	6.239983063351800530e-01	6.032780495007959987e-01	7.410390656815030175e-01	6.032780495007959987e-01	7.205241361425199775e-01	6.289693426392040099e-01	6.032780495007959987e-01	6.897582200481829906e-01	6.032780495007959987e-01	6.032780495007959987e-01	7.150140052435790539e-01	6.032780495007959987e-01	6.032780495007959987e-01	2.527352821356559920e-01	5.060912472089700298e-01	6.927785776217380009e-01	5.158231036167589822e-01	6.032780495007959987e-01	6.032780495007959987e-01	6.576369647700960330e-01	6.168275836602510331e-01	6.381435989157919764e-01	6.870046113454659764e-01	7.031178878444760416e-01	2.603330818105630273e-01	6.032780495007959987e-01	6.508077880069640386e-01	6.032780495007959987e-01	7.233797437393310048e-01	6.346830053091260249e-01	6.697732431504600514e-01	4.642366022828159910e-01	6.032780495007959987e-01	6.032780495007959987e-01	4.836349690710199933e-01	1.062852508265350049e-01	6.713067149291359614e-01	6.113756868373920045e-02	6.783281203060219644e-01	6.032780495007959987e-01	6.032780495007959987e-01	6.032780495007959987e-01	7.189919706166280067e-01	6.032780495007959987e-01	6.032780495007959987e-01	6.557439666194310179e-01	6.408657334016459872e-01	6.836987699567119714e-01	6.366067562409220004e-01	6.779910524689910511e-01	5.675342610075799765e-01	6.032780495007959987e-01	4.649593417007830132e-01	6.032780495007959987e-01	6.469118202889909686e-01	2.574920655185530260e-01	6.032780495007959987e-01	6.032780495007959987e-01	6.032780495007959987e-01	4.579662539141009930e-02	6.032780495007959987e-01	6.921732841718809537e-01	6.523514513053639829e-01	6.032780495007959987e-01	3.876259771487010064e-01	6.032780495007959987e-01	6.450399092700459525e-01	6.032780495007959987e-01	6.032780495007959987e-01	6.032780495007959987e-01	4.238195541634339758e-01	6.032780495007959987e-01	6.260150427090720449e-01	5.683534397294780494e-01	6.942494448101149684e-01	6.839372026603049992e-01	6.815749849609490374e-01	6.032780495007959987e-01	7.420427843935299972e-01	6.558333798902330480e-01	6.032780495007959987e-01	5.727758638992710427e-01	6.032780495007959987e-01	7.269875936050409493e-01	7.199109941187189499e-01	6.032780495007959987e-01	7.133060471004950553e-01	6.032780495007959987e-01	7.166629298313049734e-01	6.643044524332679668e-01	6.912363936629090100e-01	7.053641788486130215e-01	6.313498209301350306e-01	6.198910306360769784e-01
7.254965288400190282e-01	7.175132848387799633e-01	6.775970125703200120e-01	1.000000000000000000e+00	6.032780495007959987e-01	6.737471812719330044e-01	6.105769772664459971e-01	6.032780495007959987e-01	4.678323308259410007e-01	6.032780495007959987e-01	6.732759427680640174e-01	6.829102997180339640e-01	7.065626067936200405e-01	6.032780495007959987e-01	5.682077503160649634e-01	7.581793082292950237e-01	7.230650210807040290e-01	6.734009033609750228e-01	7.335585176992970302e-01	6.032780495007959987e-01	6.341260453711690115e-01	6.032780495007959987e-01	6.032780495007959987e-01	7.323424661669239999e-01	6.032780495007959987e-01	6.193095659585550194e-01	1.779626335156500039e-01	3.934888933612299966e-01	6.755098071898300027e-01	6.032780495007959987e-01	6.296116294949920533e-01	6.032780495007959987e-01	7.443704105300119611e-01	4.302556352592210032e-01	6.032780495007959987e-01	6.032780495007959987e-01	6.032780495007959987e-01	6.032780495007959987e-01	1.144151484201469948e-01	6.032780495007959987e-01	6.032780495007959987e-01	6.032780495007959987e-01	6.439749231948580510e-01	2.575252997326289983e-01	6.032780495007959987e-01	6.032780495007959987e-01	6.032780495007959987e-01	6.374204431573790020e-01	6.583502659610019903e-01	6.650905187679100328e-01	6.208115190257840199e-01	6.445216061134909635e-01	6.888494044613630019e-01	7.038860315779550403e-01	6.032780495007959987e-01	6.986772255459100522e-01	6.032780495007959987e-01	7.146508496979010472e-01	6.032780495007959987e-01	6.032780495007959987e-01	6.032780495007959987e-01	6.032780495007959987e-01	6.425656552863530102e-01	5.519269934836580349e-01	4.866645717659129899e-01	6.032780495007959987e-01	6.032780495007959987e-01	6.159465045766159691e-02	6.830063168222160197e-01	1.960415583892670122e-01	7.153343980490769471e-01	6.032780495007959987e-01	7.228272947740199683e-01	7.053736393238669855e-01	6.032780495007959987e-01	6.600293935423859892e-01	6.468865935611060047e-01	6.865387856776750120e-01	6.032780495007959987e-01	6.788923863074789455e-01	5.737308821487470123e-01	6.032780495007959987e-01	4.684128741446529909e-01	2.548036529030309749e-01	6.464353038295660436e-01	2.585407548521910237e-01	6.032780495007959987e-01	6.032780495007959987e-01	1.000000000000000021e-03	4.532252558156499994e-02	6.682414212785090513e-01	6.928265890264220239e-01	6.534648687561449565e-01	6.320959878395759901e-01	3.872349282651589841e-01	6.497952589783879684e-01	6.032780495007959987e-01	6.032780495007959987e-01	6.032780495007959987e-01	6.952530359941679894e-01	4.279802320577190122e-01	6.448492784783139697e-01	6.263437565001319651e-01	6.032780495007959987e-01	6.971111248387760195e-01	6.912460641347020207e-01	6.898800582859210273e-01	6.601686811821629863e-01	7.504439474323170156e-01	6.032780495007959987e-01	6.032780495007959987e-01	5.782356836000449585e-01	6.403515323615329713e-01	7.328488834377959726e-01	7.190757791188350234e-01	7.108054912530390457e-01	7.146428547080609928e-01	7.149291748286310533e-01	7.203626642334129970e-01	6.032780495007959987e-01	6.032780495007959987e-01	7.113159126399970500e-01	6.032780495007959987e-01	6.032780495007959987e-01
6.032780495007959987e-01	4.290250845055820217e-01	4.072881635445240178e-01	6.032780495007959987e-01	9.999999999999900080e-01	4.035421711339299833e-01	6.032780495007959987e-01	3.465899444963850273e-01	2.924907330865070265e-01	3.083087458167099726e-01	4.103573089443929844e-01	4.108960151589879928e-01	4.268231068611639811e-01	6.032780495007959987e-01	6.032780495007959987e-01	4.527038495623910141e-01	4.383800208904510276e-01	4.095128129697099828e-01	4.417679791090399766e-01	6.032780495007959987e-01	6.032780495007959987e-01	4.359621209518830254e-01	3.876568079865619909e-01	6.032780495007959987e-01	3.653789147960619932e-01	3.807313800959130079e-01	6.032780495007959987e-01	2.514057741215999786e-01	4.104601993174140095e-01	3.701100765013080052e-01	6.032780495007959987e-01	6.032780495007959987e-01	4.456341986822829893e-01	2.670269001595130254e-01	4.358294962102089998e-01	3.816031344309330220e-01	6.032780495007959987e-01	4.139662458726420247e-01	7.509821708335709389e-02	4.124460261208199863e-01	4.326552296674249787e-01	3.786702834206340240e-01	3.842318587758900006e-01	6.032780495007959987e-01	3.151990921806819834e-01	6.032780495007959987e-01	3.189419869362700166e-01	3.850387881033289772e-01	3.981639605519090019e-01	4.014523899325310174e-01	3.755608836969689945e-01	3.925345359957519986e-01	4.188214774617379788e-01	4.242835938665269757e-01	1.708365617327619879e-01	4.237117080613009845e-01	3.973689641219619872e-01	4.314483032546119756e-01	6.032780495007959987e-01	6.032780495007959987e-01	4.037201965776959778e-01	2.924996766164499884e-01	3.906866035789500202e-01	3.415438595585260084e-01	3.031610704185920269e-01	6.032780495007959987e-01	4.118018887689030016e-01	4.395949593909490027e-02	6.032780495007959987e-01	1.288164266461170049e-01	4.340718513023120173e-01	6.032780495007959987e-01	4.337795849944049986e-01	4.239159619619279895e-01	3.869306021498780113e-01	6.032780495007959987e-01	3.868872596756339766e-01	6.032780495007959987e-01	6.032780495007959987e-01	6.032780495007959987e-01	3.495894315064390079e-01	1.783118844651890023e-01	2.897748617237470015e-01	1.613597837681459979e-01	3.860659167989879959e-01	1.723641770411120100e-01	4.059468920740649800e-01	3.957803256860810137e-01	1.000000000000000021e-03	6.032780495007959987e-01	4.035750693071680217e-01	4.175024493051630037e-01	4.000114806271530266e-01	3.860884178822969748e-01	2.458100063565019922e-01	3.905375056737239725e-01	6.032780495007959987e-01	3.980284153759829913e-01	5.597644305106889984e-03	4.191377676888520254e-01	2.631697807018990032e-01	6.032780495007959987e-01	6.032780495007959987e-01	3.422720364067369792e-01	4.205695755498279897e-01	6.032780495007959987e-01	4.182779720612440078e-01	6.032780495007959987e-01	6.032780495007959987e-01	4.011683802909030150e-01	3.798673851801139811e-01	3.546097572307529977e-01	3.840873558589130154e-01	6.032780495007959987e-01	4.341331407620260263e-01	6.032780495007959987e-01	6.032780495007959987e-01	6.032780495007959987e-01	4.306953260675610018e-01	4.007422400498569792e-01	6.032780495007959987e-01	4.295632201176439735e-01	6.032780495007959987e-01	6.032780495007959987e-01
7.174778205019860522e-01	7.072813206679160469e-01	6.690794332888649887e-01	6.737471812719330044e-01	4.035421711339299833e-01	1.000000000000000000e+00	6.032780495007959987e-01	6.032780495007959987e-01	4.617691114520500184e-01	6.032780495007959987e-01	6.032780495007959987e-01	6.713959968234759490e-01	6.032780495007959987e-01	6.337849845326389842e-01	5.623491401906010045e-01	7.483691048406939661e-01	6.032780495007959987e-01	6.664144123051970459e-01	7.226277815594539522e-01	6.228960694412669641e-01	6.220068170959990317e-01	7.206051859004229954e-01	6.281277065640580304e-01	7.241614404834200158e-01	5.932297357340340360e-01	6.032780495007959987e-01	6.032780495007959987e-01	3.865071889561559892e-01	6.659773234358330463e-01	6.032780495007959987e-01	6.227432327265840506e-01	7.300569969136410098e-01	7.377697715459140548e-01	6.032780495007959987e-01	7.136125458125029963e-01	6.170374574440510296e-01	6.469738341505379964e-01	6.860407956492560189e-01	1.096552395000460062e-01	6.032780495007959987e-01	7.094494424678889910e-01	6.032780495007959987e-01	6.344529916217509502e-01	2.529735284524229910e-01	4.997491260320129913e-01	6.876387094980029868e-01	6.032780495007959987e-01	6.032780495007959987e-01	6.032780495007959987e-01	6.503108385123770319e-01	6.032780495007959987e-01	6.032780495007959987e-01	6.032780495007959987e-01	6.984757623543329519e-01	2.583804594712290070e-01	6.032780495007959987e-01	6.465271096391349559e-01	7.094867029558490357e-01	7.188617736170169747e-01	6.032780495007959987e-01	6.585188691241029568e-01	4.584027589848049811e-01	6.369142654760779898e-01	5.463397628550880070e-01	4.765722967253849807e-01	6.032780495007959987e-01	6.693519661155250544e-01	6.080798255985810086e-02	6.032780495007959987e-01	6.032780495007959987e-01	6.032780495007959987e-01	6.032780495007959987e-01	7.169632585678199499e-01	6.032780495007959987e-01	6.302854729118949617e-01	6.032780495007959987e-01	6.424283717665589810e-01	6.032780495007959987e-01	6.269101576074870286e-01	6.741213777080039549e-01	5.595707001117210533e-01	2.676905682283760024e-01	4.694365652206120010e-01	2.434624739098119883e-01	6.390310149778619664e-01	2.614421381521749854e-01	6.648499363873729973e-01	6.032780495007959987e-01	1.000000000000000021e-03	4.543725944324079891e-02	6.650623703790450314e-01	6.911155887538219522e-01	6.453399158044580419e-01	6.323393771520530171e-01	3.831998880558080134e-01	6.032780495007959987e-01	6.378772561238309491e-01	6.032780495007959987e-01	6.672272442916469919e-03	6.821904754520350389e-01	4.194581469733349999e-01	6.421828939599589781e-01	6.230948492352580415e-01	5.597376444601399603e-01	6.945564208332779543e-01	6.832407497421709719e-01	6.032780495007959987e-01	6.032780495007959987e-01	6.032780495007959987e-01	6.530288008832370039e-01	6.154600760307059604e-01	5.753645691679879492e-01	6.032780495007959987e-01	7.269682414823710470e-01	7.081427285830159679e-01	7.083304574950249899e-01	7.077694237483329598e-01	7.071413234076080467e-01	7.101666198653590056e-01	6.599425156225550149e-01	6.032780495007959987e-01	7.001070627429699655e-01	6.278312838016849584e-01	6.166420328967779918e-01
6.032780495007959987e-01	6.032780495007959987e-01	6.000159170051769797e-01	6.105769772664459971e-01	6.032780495007959987e-01	6.032780495007959987e-01	1.000000000000000000e+00	4.997865567985450008e-01	4.281063860771540108e-01	4.382666622998889761e-01	6.036251698929460119e-01	6.068336235615100493e-01	6.032780495007959987e-01	5.695183662601419616e-01	5.049177002804660086e-01	6.032780495007959987e-01	6.467920735495840123e-01	6.026245082526440200e-01	6.032780495007959987e-01	5.585685058449429974e-01	6.032780495007959987e-01	6.032780495007959987e-01	5.706524131727489513e-01	6.559164658479249566e-01	5.308911660527430021e-01	5.573714119794700439e-01	1.611108391849329913e-01	3.517839258200010089e-01	6.032780495007959987e-01	5.478264425749800326e-01	6.032780495007959987e-01	6.558352438856019928e-01	6.678014650089559856e-01	3.836430835404520123e-01	6.476903233016859662e-01	5.663312389368519995e-01	5.838293943154609922e-01	6.032780495007959987e-01	1.026195427582559938e-01	6.071238081767329486e-01	6.407065019606520417e-01	6.032780495007959987e-01	5.741414021934579948e-01	2.293973738921729899e-01	6.032780495007959987e-01	6.218413175998219744e-01	6.032780495007959987e-01	6.032780495007959987e-01	6.032780495007959987e-01	5.896208327406350369e-01	5.549656513504359623e-01	5.758667196642259789e-01	6.032780495007959987e-01	6.266703198292570276e-01	2.361457591273219969e-01	6.032780495007959987e-01	5.895947698803349901e-01	6.394287495664829901e-01	6.486061685961499457e-01	5.708420578132530343e-01	5.960176563618170276e-01	4.227471144564490246e-01	5.795915976662580071e-01	4.981136997104559927e-01	6.032780495007959987e-01	6.032780495007959987e-01	6.032780495007959987e-01	6.032780495007959987e-01	6.114953690987340318e-01	1.752104332303009993e-01	6.389610434716590515e-01	2.927116029455970048e-01	6.470671154006939485e-01	6.299620374351789787e-01	5.739704224384030162e-01	5.907028463066610335e-01	5.803046783647349827e-01	6.166374301506339917e-01	5.658405507430259718e-01	6.062858941050209838e-01	6.032780495007959987e-01	2.486933767560929875e-01	6.032780495007959987e-01	2.266456563255369872e-01	6.032780495007959987e-01	2.320765767162540072e-01	6.032780495007959987e-01	5.878961443814739729e-01	1.000000000000000021e-03	4.429731944381629788e-02	6.020433370964769493e-01	6.240128109971609938e-01	6.032780495007959987e-01	5.676724271345290340e-01	6.032780495007959987e-01	5.826142125025239871e-01	5.820604541834549783e-01	6.032780495007959987e-01	6.032780495007959987e-01	6.236170784496859465e-01	3.847787983960799796e-01	6.032780495007959987e-01	6.032780495007959987e-01	5.127307171400330432e-01	6.222428475160779460e-01	6.158662788868379812e-01	6.142482017007649953e-01	5.857478769079590419e-01	6.676500407560109762e-01	6.032780495007959987e-01	5.599563249833849898e-01	6.032780495007959987e-01	6.032780495007959987e-01	6.558905836127260081e-01	6.032780495007959987e-01	6.392608953856480092e-01	6.418155939053880044e-01	6.032780495007959987e-01	6.418852805173610454e-01	5.938473185618049488e-01	6.174276001523949509e-01	6.333317617835290125e-01	6.032780495007959987e-01	5.587011317586000336e-01
5.935526861071790394e-01	5.879543395358149960e-01	6.032780495007959987e-01	6.032780495007959987e-01	3.465899444963850273e-01	6.032780495007959987e-01	4.997865567985450008e-01	1.000000000000000000e+00	3.890376585099269979e-01	6.032780495007959987e-01	5.522161949035510053e-01	5.578067502417759504e-01	6.032780495007959987e-01	5.250772814794719690e-01	4.728390263258340220e-01	6.171933951236070470e-01	5.921799185122870179e-01	5.504435959123460398e-01	5.955329127400440514e-01	5.190012571817560483e-01	5.152445870934589944e-01	6.032780495007959987e-01	5.206031060448850223e-01	6.005741588836319700e-01	4.854575054920939881e-01	5.065054102591000085e-01	1.489404738212879997e-01	3.245955826131710076e-01	6.032780495007959987e-01	6.032780495007959987e-01	6.032780495007959987e-01	5.993155225577579959e-01	6.067764155801099735e-01	3.555459940489260062e-01	6.032780495007959987e-01	6.032780495007959987e-01	6.032780495007959987e-01	5.660412299066389652e-01	9.772458058797420244e-02	5.523688398787259812e-01	6.032780495007959987e-01	6.032780495007959987e-01	6.032780495007959987e-01	6.032780495007959987e-01	4.187231189446530277e-01	5.712510273294360008e-01	4.208709763002310145e-01	5.156933393222430384e-01	6.032780495007959987e-01	6.032780495007959987e-01	5.099223212402379524e-01	6.032780495007959987e-01	5.623681194999800015e-01	5.756044343742720004e-01	2.192891405882660127e-01	6.032780495007959987e-01	5.295578439208730170e-01	6.032780495007959987e-01	5.950775446767520016e-01	5.212991134421760542e-01	5.411422194455639545e-01	6.032780495007959987e-01	5.260837384068820510e-01	4.526428650127369835e-01	4.016392377221300047e-01	9.263458812127629838e-02	5.541522255049570189e-01	5.394869203077769931e-02	5.643664966124249949e-01	1.641330219649939914e-01	5.873495341151150351e-01	2.723313809601590196e-01	5.905218757135549668e-01	6.032780495007959987e-01	6.032780495007959987e-01	5.414804403106640018e-01	5.283705248161509882e-01	5.607563624814659864e-01	6.032780495007959987e-01	6.032780495007959987e-01	6.032780495007959987e-01	6.032780495007959987e-01	3.896273112551850160e-01	2.118182471991179872e-01	5.265378383629070180e-01	2.154714866913620130e-01	5.530904818668650469e-01	5.341678588331819633e-01	1.000000000000000021e-03	4.216305624675149855e-02	6.032780495007959987e-01	6.032780495007959987e-01	5.342689519048500202e-01	5.159767545701660074e-01	3.215219972454749775e-01	6.032780495007959987e-01	5.279183973627400439e-01	6.032780495007959987e-01	6.196822899642969763e-03	5.712038682964699632e-01	3.562629842863859753e-01	5.291221772620220420e-01	5.138990158048639678e-01	4.664015430225489922e-01	5.707320634310319996e-01	6.032780495007959987e-01	5.611201021378630083e-01	6.032780495007959987e-01	6.032780495007959987e-01	5.418809415380270167e-01	5.106586441469089799e-01	4.726767542802839950e-01	6.032780495007959987e-01	6.032780495007959987e-01	6.032780495007959987e-01	5.820255066556490053e-01	5.852531200513190202e-01	5.880137050333319459e-01	5.882065381456480502e-01	6.032780495007959987e-01	5.680613180823249619e-01	5.797202046815660426e-01	6.032780495007959987e-01	5.139753132970920069e-01
4.968202942154499868e-01	4.929443802439140154e-01	4.686573367511300270e-01	4.678323308259410007e-01	2.924907330865070265e-01	4.617691114520500184e-01	4.281063860771540108e-01	3.890376585099269979e-01	9.999999999999960032e-01	3.516964031844819760e-01	4.675474709784709915e-01	4.669263939108910244e-01	4.853365036524660003e-01	6.032780495007959987e-01	3.936140759867640115e-01	5.172270283111489730e-01	6.032780495007959987e-01	4.610556106030629930e-01	6.032780495007959987e-01	4.397684822180160102e-01	4.319543912579559830e-01	4.975099623778870273e-01	6.032780495007959987e-01	6.032780495007959987e-01	4.129343327839860023e-01	4.265787391322790056e-01	1.308780607601570112e-01	2.821941312925270173e-01	4.676408325049989934e-01	6.032780495007959987e-01	4.380035974087539974e-01	6.032780495007959987e-01	5.105553700738549860e-01	3.014260971653279775e-01	4.944514331485149738e-01	4.346149349260070016e-01	6.032780495007959987e-01	4.787572574593539909e-01	6.032780495007959987e-01	4.666507075419980000e-01	4.954453804805329931e-01	4.326571120688390004e-01	4.433339453994409873e-01	6.032780495007959987e-01	3.584400429891330120e-01	4.811055481447359949e-01	6.032780495007959987e-01	4.339622950400839896e-01	4.558065872892340109e-01	4.617682876755649923e-01	6.032780495007959987e-01	4.390887604111720077e-01	6.032780495007959987e-01	6.032780495007959987e-01	1.881293950423620076e-01	4.796569880323779955e-01	4.455657330233739888e-01	4.901295334018859751e-01	6.032780495007959987e-01	4.437461634282179879e-01	4.545256789976149792e-01	6.032780495007959987e-01	6.032780495007959987e-01	3.846781114615019925e-01	3.438283861247820039e-01	8.188106799047520368e-02	6.032780495007959987e-01	4.960287926495209748e-02	6.032780495007959987e-01	1.441214628967940059e-01	4.910798094512640044e-01	2.310725141178469888e-01	6.032780495007959987e-01	4.795333309356100138e-01	6.032780495007959987e-01	4.563736430589139803e-01	6.032780495007959987e-01	4.791997608898220240e-01	4.386308300353020106e-01	6.032780495007959987e-01	3.963298861132619755e-01	6.032780495007959987e-01	3.238551480669240035e-01	1.805375164296519896e-01	4.454417586131539930e-01	1.876039097476970008e-01	4.619539803505279818e-01	4.512586818708320124e-01	1.000000000000000021e-03	3.854146840000430285e-02	4.636832663574569913e-01	6.032780495007959987e-01	6.032780495007959987e-01	4.357328681426900219e-01	2.737855066352339883e-01	4.442558136605109786e-01	4.444179213415749841e-01	4.463615361413210136e-01	5.811315736274629863e-03	6.032780495007959987e-01	6.032780495007959987e-01	4.388374654581729817e-01	4.364501453449349810e-01	3.959334778724559745e-01	6.032780495007959987e-01	4.726306757347439880e-01	4.667843983795110230e-01	4.498949467820569925e-01	5.122885924410519598e-01	4.562815663617100226e-01	4.335305864702599932e-01	4.063262653060369933e-01	4.391226393759010138e-01	4.991865997590059778e-01	6.032780495007959987e-01	4.898928611629380092e-01	4.940116189391259849e-01	6.032780495007959987e-01	4.931037424174269934e-01	4.596143511786919822e-01	4.775603417737450118e-01	6.032780495007959987e-01	4.376657345116349851e-01	4.283561731339750045e-01
5.227844941051740246e-01	5.166088641646889856e-01	4.905891070089329897e-01	6.032780495007959987e-01	3.083087458167099726e-01	6.032780495007959987e-01	4.382666622998889761e-01	6.032780495007959987e-01	3.516964031844819760e-01	9.999999999999980016e-01	4.900840276683749996e-01	6.032780495007959987e-01	5.102676422015079982e-01	4.628172419180680008e-01	4.177906582811070080e-01	5.430085489038259938e-01	6.032780495007959987e-01	4.852376629888929815e-01	5.281604901660319484e-01	4.535066650626500273e-01	6.032780495007959987e-01	5.199228286338910543e-01	4.599777029982309862e-01	5.282024232493399696e-01	6.032780495007959987e-01	6.032780495007959987e-01	1.372277016535269900e-01	6.032780495007959987e-01	4.914474446022280008e-01	4.416755314371170194e-01	4.535581885714090045e-01	5.272623212871869747e-01	5.372237150867730238e-01	3.167060447486250152e-01	5.172841937538059653e-01	4.567602951835599834e-01	4.770517087917179877e-01	6.032780495007959987e-01	6.032780495007959987e-01	6.032780495007959987e-01	5.202638985240759517e-01	4.478193750264389816e-01	6.032780495007959987e-01	1.912675675816160048e-01	3.704574746090180115e-01	4.998316114243290254e-01	3.732288427355279770e-01	6.032780495007959987e-01	6.032780495007959987e-01	4.817660796869610018e-01	6.032780495007959987e-01	4.677393250358939936e-01	4.987928691340129950e-01	5.059755313902319918e-01	6.032780495007959987e-01	5.023210161946070063e-01	4.711446214242089869e-01	6.032780495007959987e-01	5.202474169755439970e-01	6.032780495007959987e-01	4.815816455341729863e-01	3.471211194293890023e-01	4.656356417106110035e-01	6.032780495007959987e-01	6.032780495007959987e-01	8.416088328318580003e-02	6.032780495007959987e-01	5.029293905838289752e-02	4.917529828983849827e-01	6.032780495007959987e-01	5.161221668622899550e-01	2.410658955099919953e-01	5.235110783876859575e-01	5.084648721393250081e-01	4.634506726021370149e-01	4.832829949385459845e-01	4.687569324009739913e-01	6.032780495007959987e-01	4.632384003253550153e-01	4.873045908903609891e-01	4.167775197393829845e-01	2.015538042292799870e-01	3.422126383005060224e-01	1.876921636053709985e-01	4.653146352950590092e-01	6.032780495007959987e-01	6.032780495007959987e-01	4.717936195558929957e-01	1.000000000000000021e-03	6.032780495007959987e-01	4.875124000785119871e-01	4.995871324911529965e-01	6.032780495007959987e-01	4.589061059081849803e-01	2.838586166370469788e-01	4.644249696437550146e-01	6.032780495007959987e-01	4.701402541090319853e-01	5.908534455936289599e-03	4.999474711679829930e-01	3.168550931617979960e-01	4.616457962354200140e-01	4.588445211581900218e-01	4.125974467938030021e-01	5.073901014510739937e-01	4.946221041218170078e-01	4.951354347270809919e-01	4.778831200763690168e-01	5.376490259192560073e-01	4.755127192400199765e-01	4.508212668420170099e-01	4.160549762595520118e-01	6.032780495007959987e-01	5.269665478641210044e-01	5.182046049951020139e-01	5.164793121203810067e-01	5.196233218504090479e-01	5.115103917580170467e-01	5.195953595998600294e-01	4.797508696273040107e-01	5.012516920402609877e-01	5.118926314259100163e-01	4.595319792341370224e-01	4.541260063300430194e-01
7.243107863100679555e-01	6.032780495007959987e-01	6.032780495007959987e-01	6.732759427680640174e-01	4.103573089443929844e-01	6.032780495007959987e-01	6.036251698929460119e-01	5.522161949035510053e-01	4.675474709784709915e-01	4.900840276683749996e-01	1.000000000000000000e+00	6.783910524216749671e-01	7.054684312994380369e-01	6.376492937346289747e-01	5.644906659621079514e-01	7.555594715297530017e-01	7.209878367545720090e-01	6.032780495007959987e-01	6.032780495007959987e-01	6.303138332157830481e-01	6.032780495007959987e-01	6.032780495007959987e-01	6.330765680674660389e-01	7.299870660432510316e-01	6.032780495007959987e-01	6.175346759707740496e-01	1.756314258348130042e-01	6.032780495007959987e-01	6.716535473908350484e-01	6.002904048985420182e-01	6.229376491878210187e-01	7.311768942283900508e-01	7.441181779230979787e-01	4.260086919398979877e-01	7.200455415123210301e-01	6.032780495007959987e-01	6.564512619804090399e-01	6.916884498402899872e-01	1.111241850953469945e-01	6.748351738869989846e-01	6.032780495007959987e-01	6.114425949965049956e-01	6.032780495007959987e-01	6.032780495007959987e-01	5.056774027167779684e-01	6.999926599096180091e-01	5.080295386358899545e-01	6.248329183448320112e-01	6.527860184306399915e-01	6.032780495007959987e-01	6.189415755600480296e-01	6.397737554908230484e-01	6.032780495007959987e-01	7.000142466688720200e-01	2.572723070050499938e-01	6.968471661382069637e-01	6.480310886680199500e-01	6.032780495007959987e-01	7.272955898921149576e-01	6.032780495007959987e-01	6.599951678456149606e-01	4.615533169382510237e-01	6.405986990985770291e-01	6.032780495007959987e-01	4.792810703010240148e-01	1.055384351546280047e-01	6.716155840429569590e-01	6.077415909996009696e-02	6.786925528369690541e-01	1.940721700297690089e-01	7.169091503502890150e-01	3.223591810230490018e-01	6.032780495007959987e-01	6.977387069817839738e-01	6.381405069974429578e-01	6.553758248050860491e-01	6.032780495007959987e-01	6.032780495007959987e-01	6.330808666621849934e-01	6.753325315746250279e-01	5.659892160460799904e-01	6.032780495007959987e-01	6.032780495007959987e-01	6.032780495007959987e-01	6.388924223295120441e-01	2.542745188945069734e-01	6.664556632975749961e-01	6.505174724471299852e-01	1.000000000000000021e-03	4.560805745028179842e-02	6.665915084135639601e-01	6.032780495007959987e-01	6.032780495007959987e-01	6.341506267726230162e-01	3.890411307934489860e-01	6.418667961647399611e-01	6.032780495007959987e-01	6.430848860990699967e-01	6.747591351319970343e-03	6.898448106148880044e-01	6.032780495007959987e-01	6.032780495007959987e-01	6.300033218172399474e-01	6.032780495007959987e-01	6.032780495007959987e-01	6.032780495007959987e-01	6.836909310701240194e-01	6.544654770000940536e-01	6.032780495007959987e-01	6.032780495007959987e-01	6.214083618384099728e-01	6.032780495007959987e-01	6.349012208930829848e-01	7.269543744655070361e-01	7.144369679070600165e-01	7.088898778938169665e-01	6.032780495007959987e-01	7.141264414538319727e-01	7.145058969803189663e-01	6.641357280428540344e-01	6.032780495007959987e-01	6.032780495007959987e-01	6.300126035713700112e-01	6.180369259781689495e-01
7.308738226118319803e-01	7.187865417608020335e-01	6.814093762837289958e-01	6.829102997180339640e-01	4.108960151589879928e-01	6.713959968234759490e-01	6.068336235615100493e-01	5.578067502417759504e-01	4.669263939108910244e-01	6.032780495007959987e-01	6.783910524216749671e-01	1.000000000000000000e+00	7.106478758067420465e-01	6.032780495007959987e-01	6.032780495007959987e-01	7.608786203071460363e-01	6.032780495007959987e-01	6.032780495007959987e-01	7.364862635857359896e-01	6.032780495007959987e-01	6.032780495007959987e-01	7.263736667447340256e-01	6.427683417513699871e-01	7.384553322231409700e-01	5.985493082285719968e-01	6.200979046100859593e-01	6.032780495007959987e-01	3.864423803836529725e-01	6.790861959436990114e-01	6.106236807583520498e-01	6.032780495007959987e-01	7.387898154259260330e-01	7.481866180986189718e-01	4.243527789294360142e-01	6.032780495007959987e-01	6.032780495007959987e-01	6.604607054599960225e-01	6.032780495007959987e-01	1.114436287858489999e-01	6.032780495007959987e-01	7.234509252052300221e-01	6.032780495007959987e-01	6.462262145244019873e-01	2.543838679688010251e-01	6.032780495007959987e-01	7.059829732700889648e-01	5.126889670830490076e-01	6.288938391955140039e-01	6.607565181794560205e-01	6.631943622469600452e-01	6.032780495007959987e-01	6.032780495007959987e-01	6.914592290853690537e-01	7.075786243647139706e-01	2.607968049059610216e-01	7.032858482949569945e-01	6.546322817902330282e-01	7.224264046447550491e-01	6.032780495007959987e-01	6.381730607309750170e-01	6.706752910935279699e-01	4.680141881940449999e-01	6.455019030051609707e-01	5.540397339632280316e-01	4.909648765332449982e-01	1.065665387937879960e-01	6.754432663166269890e-01	6.032780495007959987e-01	6.839329073069539966e-01	6.032780495007959987e-01	7.207328181829000258e-01	3.259119126363039798e-01	6.032780495007959987e-01	7.035424528223890306e-01	6.032780495007959987e-01	6.667911081207139601e-01	6.032780495007959987e-01	6.923196963972180207e-01	6.032780495007959987e-01	6.032780495007959987e-01	5.690321181416839735e-01	2.722010474312249739e-01	6.032780495007959987e-01	2.476124572866660045e-01	6.449729401759120018e-01	6.032780495007959987e-01	6.731418101122309539e-01	6.606433665451539872e-01	6.032780495007959987e-01	6.032780495007959987e-01	6.759037539269100447e-01	6.949817431897139519e-01	6.565583187399659515e-01	6.332079010480969883e-01	3.899876032446940033e-01	6.507963117973970535e-01	6.487954235605940534e-01	6.555777285566070089e-01	6.717209428885480109e-03	6.979773642012150336e-01	4.299142529189989848e-01	6.456415090158069692e-01	6.325203412534500247e-01	5.689343185225870236e-01	7.004072961040930245e-01	6.908249398711330258e-01	6.930149919548359572e-01	6.032780495007959987e-01	6.032780495007959987e-01	6.032780495007959987e-01	6.244631049239790510e-01	5.773819033847480409e-01	6.400617517200579698e-01	7.365753328722339788e-01	7.186252463332659657e-01	7.149153170603419483e-01	6.032780495007959987e-01	7.170653370211480526e-01	7.211161322954220410e-01	6.759796279780929673e-01	6.969632263037159881e-01	7.094437159668309789e-01	6.412489869790060082e-01	6.278978426824689540e-01
