1.000000000000000000e+00	3.329729729729730137e-01	2.292768959435630138e-01	2.772451099466674007e-01	2.772451099466674007e-01	2.772451099466674007e-01	2.772451099466674007e-01	2.772451099466674007e-01	2.772451099466674007e-01	2.915309446254070180e-01	2.919161676646709891e-01	2.772451099466674007e-01	2.772451099466674007e-01	2.772451099466674007e-01	2.772451099466674007e-01	2.772451099466674007e-01	2.772451099466674007e-01	3.674698795180719735e-01	2.772451099466674007e-01	2.772451099466674007e-01	2.772451099466674007e-01	3.503759398496240074e-01	2.772451099466674007e-01	2.949526813880130049e-01	2.772451099466674007e-01	2.772451099466674007e-01	2.772451099466674007e-01	2.772451099466674007e-01	2.563636363636360160e-01	2.772451099466674007e-01	2.772451099466674007e-01	2.772451099466674007e-01	2.772451099466674007e-01	2.435233160621760040e-01	2.772451099466674007e-01	2.772451099466674007e-01	2.772451099466674007e-01	2.772451099466674007e-01	3.746397694524499777e-01	2.772451099466674007e-01	2.772451099466674007e-01	3.212290502793300195e-01	2.772451099466674007e-01	2.772451099466674007e-01	3.371691599539700102e-01	2.772451099466674007e-01	2.772451099466674007e-01	2.772451099466674007e-01	2.772451099466674007e-01	2.772451099466674007e-01	2.666666666666669960e-01	2.772451099466674007e-01	2.772451099466674007e-01	2.772451099466674007e-01	2.336283185840709875e-01	1.801242236024840071e-01	2.984375000000000222e-01	2.772451099466674007e-01	2.020833333333330040e-01	2.772451099466674007e-01	2.772451099466674007e-01	2.155339805825239874e-01	2.772451099466674007e-01	2.944523470839259804e-01	2.457044673539519886e-01	2.772451099466674007e-01	2.750000000000000222e-01	2.772451099466674007e-01	2.772451099466674007e-01	2.772451099466674007e-01	2.560606060606059886e-01	3.416666666666670071e-01	2.772451099466674007e-01	2.772451099466674007e-01	2.772451099466674007e-01	2.772451099466674007e-01	2.500000000000000000e-01	2.772451099466674007e-01	2.772451099466674007e-01	2.772451099466674007e-01	2.772451099466674007e-01	1.108033240997229919e-02	1.793248945147679907e-01	2.772451099466674007e-01	2.772451099466674007e-01	2.772451099466674007e-01	2.772451099466674007e-01	3.259345794392520257e-01	2.772451099466674007e-01	2.772451099466674007e-01	2.286689419795220057e-01	2.772451099466674007e-01	2.772451099466674007e-01	2.699186991869920171e-01	2.772451099466674007e-01	4.295081967213110197e-01	2.772451099466674007e-01	2.772451099466674007e-01	2.772451099466674007e-01	2.772451099466674007e-01	2.772451099466674007e-01	2.234432234432230102e-01	2.772451099466674007e-01	2.772451099466674007e-01	2.639138240574510075e-01	2.298025134649910040e-01	2.772451099466674007e-01	2.750000000000000222e-01	2.772451099466674007e-01	2.787682333873580109e-01	2.165991902834009941e-01	2.657450076804919736e-01	3.028169014084510224e-01	2.772451099466674007e-01	2.772451099466674007e-01	2.772451099466674007e-01	2.772451099466674007e-01	2.772451099466674007e-01	2.689075630252100169e-01	2.862190812720850075e-01	2.404458598726109952e-01	2.772451099466674007e-01	2.772451099466674007e-01	2.772451099466674007e-01
3.329729729729730137e-01	1.000000000000000000e+00	2.772451099466674007e-01	2.772451099466674007e-01	2.772451099466674007e-01	6.967213114754100545e-01	2.772451099466674007e-01	2.772451099466674007e-01	3.484358144552319736e-01	3.989304812834220115e-01	2.772451099466674007e-01	4.507936507936510240e-01	2.772451099466674007e-01	4.550321199143469997e-01	1.178451178451180026e-01	2.772451099466674007e-01	2.772451099466674007e-01	2.772451099466674007e-01	2.772451099466674007e-01	3.326110509209099786e-01	6.153061224489799752e-01	2.772451099466674007e-01	2.772451099466674007e-01	2.772451099466674007e-01	4.063829787234040092e-01	2.772451099466674007e-01	1.451068616422949986e-01	2.772451099466674007e-01	2.772451099466674007e-01	2.772451099466674007e-01	3.423913043478259977e-01	1.050228310502279994e-01	2.772451099466674007e-01	3.453159041394340267e-01	2.772451099466674007e-01	2.772451099466674007e-01	2.682660850599780100e-01	2.772451099466674007e-01	2.772451099466674007e-01	5.877551020408160465e-01	2.772451099466674007e-01	2.772451099466674007e-01	2.772451099466674007e-01	2.772451099466674007e-01	2.772451099466674007e-01	2.772451099466674007e-01	2.772451099466674007e-01	2.772451099466674007e-01	4.538626609442060200e-01	2.772451099466674007e-01	2.772451099466674007e-01	2.772451099466674007e-01	2.772451099466674007e-01	3.989189189189190077e-01	2.772451099466674007e-01	2.772451099466674007e-01	4.288747346072189770e-01	1.864406779661020030e-01	2.772451099466674007e-01	3.354564755838639889e-01	2.772451099466674007e-01	2.524698133918770182e-01	2.772451099466674007e-01	2.772451099466674007e-01	2.772451099466674007e-01	2.772451099466674007e-01	2.772451099466674007e-01	1.511111111111110017e-01	2.772451099466674007e-01	2.772451099466674007e-01	2.772451099466674007e-01	7.994011976047900037e-01	2.772451099466674007e-01	2.772451099466674007e-01	3.879781420765029964e-01	2.772451099466674007e-01	2.772451099466674007e-01	2.772451099466674007e-01	2.772451099466674007e-01	4.282678002125400174e-01	7.174796747967480126e-01	2.772451099466674007e-01	2.000000000000000111e-01	2.772451099466674007e-01	2.772451099466674007e-01	2.772451099466674007e-01	2.772451099466674007e-01	2.772451099466674007e-01	2.772451099466674007e-01	2.772451099466674007e-01	2.772451099466674007e-01	2.589771490750820138e-01	2.772451099466674007e-01	2.772451099466674007e-01	1.313131313131309930e-01	2.772451099466674007e-01	2.772451099466674007e-01	3.193548387096770136e-01	2.772451099466674007e-01	2.772451099466674007e-01	2.772451099466674007e-01	2.772451099466674007e-01	3.192640692640689726e-01	2.772451099466674007e-01	2.772451099466674007e-01	2.772451099466674007e-01	2.772451099466674007e-01	3.243534482758619886e-01	4.358430540827150090e-01	2.772451099466674007e-01	2.263736263736260135e-01	2.772451099466674007e-01	2.772451099466674007e-01	2.772451099466674007e-01	3.015184381778739930e-01	2.772451099466674007e-01	2.772451099466674007e-01	2.772451099466674007e-01	3.685344827586209959e-01	3.379978471474699986e-01	3.899033297529539976e-01	2.109375000000000000e-01	4.184322033898310034e-01	2.772451099466674007e-01
2.292768959435630138e-01	2.772451099466674007e-01	1.000000000000000000e+00	5.359589041095890183e-01	2.772451099466674007e-01	2.772451099466674007e-01	2.772451099466674007e-01	2.772451099466674007e-01	2.772451099466674007e-01	2.676518883415440198e-01	2.772451099466674007e-01	2.772451099466674007e-01	2.465986394557820038e-01	2.772451099466674007e-01	1.528822055137840086e-01	2.772451099466674007e-01	2.772451099466674007e-01	2.772451099466674007e-01	2.772451099466674007e-01	2.772451099466674007e-01	3.286802030456850154e-01	2.802919708029200097e-01	2.772451099466674007e-01	2.987012987012990228e-01	2.772451099466674007e-01	2.772451099466674007e-01	2.772451099466674007e-01	2.772451099466674007e-01	2.772451099466674007e-01	2.772451099466674007e-01	2.772451099466674007e-01	1.162790697674419976e-01	2.772451099466674007e-01	2.772451099466674007e-01	2.772451099466674007e-01	2.664233576642339729e-01	2.772451099466674007e-01	2.772451099466674007e-01	2.772451099466674007e-01	2.772451099466674007e-01	2.772451099466674007e-01	2.772451099466674007e-01	2.772451099466674007e-01	2.772451099466674007e-01	3.392018779342719781e-01	2.772451099466674007e-01	2.772451099466674007e-01	2.772451099466674007e-01	2.619414483821260187e-01	2.772451099466674007e-01	2.772451099466674007e-01	2.772451099466674007e-01	2.772451099466674007e-01	3.091537132987909886e-01	2.772451099466674007e-01	2.772451099466674007e-01	2.772451099466674007e-01	1.371681415929200121e-01	2.772451099466674007e-01	2.772451099466674007e-01	2.772451099466674007e-01	2.296747967479670083e-01	2.772451099466674007e-01	2.772451099466674007e-01	2.772451099466674007e-01	2.772451099466674007e-01	2.772451099466674007e-01	2.772451099466674007e-01	3.300781250000000000e-01	2.772451099466674007e-01	2.772451099466674007e-01	2.772451099466674007e-01	2.772451099466674007e-01	3.069105691056909779e-01	2.772451099466674007e-01	2.772451099466674007e-01	2.772451099466674007e-01	2.772451099466674007e-01	2.772451099466674007e-01	3.011272141706919925e-01	2.772451099466674007e-01	2.772451099466674007e-01	2.772451099466674007e-01	2.772451099466674007e-01	2.772451099466674007e-01	1.334894613583139933e-01	2.772451099466674007e-01	3.199052132701419859e-01	2.772451099466674007e-01	2.772451099466674007e-01	2.772451099466674007e-01	2.772451099466674007e-01	2.772451099466674007e-01	2.772451099466674007e-01	1.859296482412060025e-01	2.772451099466674007e-01	2.772451099466674007e-01	2.772451099466674007e-01	2.772451099466674007e-01	2.846251588310039771e-01	2.772451099466674007e-01	2.837301587301589989e-01	2.671614100185529805e-01	2.772451099466674007e-01	2.772451099466674007e-01	2.772451099466674007e-01	2.772451099466674007e-01	2.772451099466674007e-01	2.772451099466674007e-01	2.772451099466674007e-01	2.772451099466674007e-01	2.772451099466674007e-01	2.859174964438119804e-01	3.074581430745810251e-01	2.772451099466674007e-01	2.854914196567859830e-01	2.772451099466674007e-01	2.461538461538460010e-01	2.772451099466674007e-01	2.772451099466674007e-01	2.772451099466674007e-01	2.119205298013250027e-01	2.772451099466674007e-01	2.772451099466674007e-01
2.772451099466674007e-01	2.772451099466674007e-01	5.359589041095890183e-01	1.000000000000000000e+00	2.772451099466674007e-01	2.772451099466674007e-01	2.772451099466674007e-01	2.772451099466674007e-01	2.772451099466674007e-01	3.621399176954729904e-01	3.968462549277270157e-01	2.772451099466674007e-01	2.772451099466674007e-01	2.772451099466674007e-01	1.542372881355930092e-01	2.979020979020979842e-01	2.772451099466674007e-01	2.772451099466674007e-01	2.772451099466674007e-01	2.772451099466674007e-01	2.772451099466674007e-01	2.772451099466674007e-01	2.772451099466674007e-01	3.723118279569890277e-01	2.772451099466674007e-01	2.772451099466674007e-01	1.716666666666669949e-01	4.318471337579620206e-01	2.875722543352600136e-01	3.781291172595520056e-01	2.772451099466674007e-01	1.067796610169489957e-01	3.378932968536250137e-01	3.161659513590839854e-01	2.772451099466674007e-01	3.127690100430419728e-01	2.772451099466674007e-01	2.772451099466674007e-01	2.772451099466674007e-01	4.231651376146789989e-01	2.772451099466674007e-01	2.772451099466674007e-01	2.772451099466674007e-01	2.772451099466674007e-01	2.772451099466674007e-01	3.437500000000000000e-01	2.772451099466674007e-01	2.772451099466674007e-01	3.506493506493509882e-01	2.772451099466674007e-01	2.772451099466674007e-01	2.772451099466674007e-01	9.965034965034960668e-02	2.772451099466674007e-01	2.772451099466674007e-01	2.087912087912089931e-01	2.772451099466674007e-01	2.772451099466674007e-01	2.772451099466674007e-01	2.772451099466674007e-01	9.948542024013720675e-02	2.772451099466674007e-01	3.337988826815639909e-01	2.772451099466674007e-01	2.772451099466674007e-01	2.772451099466674007e-01	2.772451099466674007e-01	1.742671009771989965e-01	2.772451099466674007e-01	1.970198675496689922e-01	2.772451099466674007e-01	5.230296827021490014e-01	3.338192419825070090e-01	2.772451099466674007e-01	3.394109396914449794e-01	2.772451099466674007e-01	2.772451099466674007e-01	2.772451099466674007e-01	2.772451099466674007e-01	2.772451099466674007e-01	2.772451099466674007e-01	2.772451099466674007e-01	2.066772655007949877e-01	4.577226606538900011e-01	3.858267716535430103e-01	2.772451099466674007e-01	2.772451099466674007e-01	4.983164983164979911e-01	1.732026143790849904e-01	2.772451099466674007e-01	2.772451099466674007e-01	2.772451099466674007e-01	5.257201646090530200e-01	2.772451099466674007e-01	2.772451099466674007e-01	3.725992317541609866e-01	2.772451099466674007e-01	2.772451099466674007e-01	2.772451099466674007e-01	2.772451099466674007e-01	2.772451099466674007e-01	2.772451099466674007e-01	3.101449275362320179e-01	2.772451099466674007e-01	2.772451099466674007e-01	2.882096069869000132e-01	2.772451099466674007e-01	2.819074333800840049e-01	2.772451099466674007e-01	2.772451099466674007e-01	2.772451099466674007e-01	2.772451099466674007e-01	4.062500000000000000e-01	2.772451099466674007e-01	2.772451099466674007e-01	2.772451099466674007e-01	3.346883468834689901e-01	2.630813953488370105e-01	2.772451099466674007e-01	2.772451099466674007e-01	2.772451099466674007e-01	2.145110410094639986e-01	3.819163292847500002e-01	2.772451099466674007e-01
2.772451099466674007e-01	2.772451099466674007e-01	2.772451099466674007e-01	2.772451099466674007e-01	1.000000000000000000e+00	3.266978922716630152e-01	2.772451099466674007e-01	2.772451099466674007e-01	2.665505226480839873e-01	2.323390894819470087e-01	2.772451099466674007e-01	2.772451099466674007e-01	2.558922558922560042e-01	2.881355932203389925e-01	2.772451099466674007e-01	2.772451099466674007e-01	2.835820895522390139e-01	2.060931899641580134e-01	2.772451099466674007e-01	2.772451099466674007e-01	3.216957605985040214e-01	2.772451099466674007e-01	2.772451099466674007e-01	2.772451099466674007e-01	2.772451099466674007e-01	3.055181695827730026e-01	2.772451099466674007e-01	3.123209169054440015e-01	2.772451099466674007e-01	2.772451099466674007e-01	2.759856630824369939e-01	2.772451099466674007e-01	2.643678160919539777e-01	2.318339100346019921e-01	2.772451099466674007e-01	2.360139860139859880e-01	1.895910780669139983e-01	2.772451099466674007e-01	2.772451099466674007e-01	2.772451099466674007e-01	2.772451099466674007e-01	2.772451099466674007e-01	2.772451099466674007e-01	2.772451099466674007e-01	2.772451099466674007e-01	2.772451099466674007e-01	2.716981132075469985e-01	2.696817420435509982e-01	2.772451099466674007e-01	2.863247863247859737e-01	2.772451099466674007e-01	2.772451099466674007e-01	2.772451099466674007e-01	2.772451099466674007e-01	2.772451099466674007e-01	2.772451099466674007e-01	2.772451099466674007e-01	2.772451099466674007e-01	2.772451099466674007e-01	2.772451099466674007e-01	8.521303258145360160e-02	2.772451099466674007e-01	2.772451099466674007e-01	2.772451099466674007e-01	2.319587628865980022e-01	2.772451099466674007e-01	2.772451099466674007e-01	2.772451099466674007e-01	3.427734375000000000e-01	2.772451099466674007e-01	2.772451099466674007e-01	3.291796469366560229e-01	2.772451099466674007e-01	2.772451099466674007e-01	2.772451099466674007e-01	2.772451099466674007e-01	2.772451099466674007e-01	2.772451099466674007e-01	2.772451099466674007e-01	2.772451099466674007e-01	3.337142857142860186e-01	2.772451099466674007e-01	2.030567685589519944e-01	2.772451099466674007e-01	2.772451099466674007e-01	2.772451099466674007e-01	2.772451099466674007e-01	3.196721311475410054e-01	2.772451099466674007e-01	2.772451099466674007e-01	2.318339100346019921e-01	2.772451099466674007e-01	3.364779874213840172e-01	2.630718954248369990e-01	2.772451099466674007e-01	2.772451099466674007e-01	2.427184466019420006e-01	2.772451099466674007e-01	2.772451099466674007e-01	2.772451099466674007e-01	2.508771929824559765e-01	2.772451099466674007e-01	2.772451099466674007e-01	2.772451099466674007e-01	2.772451099466674007e-01	2.772451099466674007e-01	2.496413199426109897e-01	2.772451099466674007e-01	2.772451099466674007e-01	2.772451099466674007e-01	2.772451099466674007e-01	2.870662460567819929e-01	3.025568181818180102e-01	2.729927007299269848e-01	2.772451099466674007e-01	2.772451099466674007e-01	2.772451099466674007e-01	2.332089552238809926e-01	2.306425041186160041e-01	2.772451099466674007e-01	2.772451099466674007e-01	2.772451099466674007e-01	2.772451099466674007e-01	2.269076305220880108e-01
2.772451099466674007e-01	6.967213114754100545e-01	2.772451099466674007e-01	2.772451099466674007e-01	3.266978922716630152e-01	1.000000000000000000e+00	2.772451099466674007e-01	3.536165327210100129e-01	3.465116279069769822e-01	2.772451099466674007e-01	2.772451099466674007e-01	4.290502793296089856e-01	2.772451099466674007e-01	4.124860646599780023e-01	2.772451099466674007e-01	2.772451099466674007e-01	2.772451099466674007e-01	2.942555685814770006e-01	2.841981132075470096e-01	2.772451099466674007e-01	2.772451099466674007e-01	2.772451099466674007e-01	3.956916099773239992e-01	2.772451099466674007e-01	4.089347079037800037e-01	2.772451099466674007e-01	2.772451099466674007e-01	2.772451099466674007e-01	2.772451099466674007e-01	2.772451099466674007e-01	2.772451099466674007e-01	2.772451099466674007e-01	2.772451099466674007e-01	3.399765533411490126e-01	2.772451099466674007e-01	3.186558516801850094e-01	2.772451099466674007e-01	2.772451099466674007e-01	2.772451099466674007e-01	2.772451099466674007e-01	2.772451099466674007e-01	2.772451099466674007e-01	2.772451099466674007e-01	2.772451099466674007e-01	2.772451099466674007e-01	2.772451099466674007e-01	2.772451099466674007e-01	2.772451099466674007e-01	2.772451099466674007e-01	2.772451099466674007e-01	2.772451099466674007e-01	2.772451099466674007e-01	2.772451099466674007e-01	2.772451099466674007e-01	2.772451099466674007e-01	2.199017199017199997e-01	4.298745724059290230e-01	2.772451099466674007e-01	1.976047904191620130e-01	2.772451099466674007e-01	2.772451099466674007e-01	2.772451099466674007e-01	2.772451099466674007e-01	2.772451099466674007e-01	2.772451099466674007e-01	2.772451099466674007e-01	3.515358361774740259e-01	2.772451099466674007e-01	7.636718750000000000e-01	2.772451099466674007e-01	2.772451099466674007e-01	2.772451099466674007e-01	3.095512082853860147e-01	2.772451099466674007e-01	2.772451099466674007e-01	2.772451099466674007e-01	2.772451099466674007e-01	2.772451099466674007e-01	2.601431980906919739e-01	4.457274826789839883e-01	6.440329218107000431e-01	2.772451099466674007e-01	2.078720787207870013e-01	2.772451099466674007e-01	2.772451099466674007e-01	2.772451099466674007e-01	3.371691599539700102e-01	2.772451099466674007e-01	2.772451099466674007e-01	4.525386313465780130e-01	2.772451099466674007e-01	2.772451099466674007e-01	2.772451099466674007e-01	2.772451099466674007e-01	2.772451099466674007e-01	4.485458612975389836e-01	2.772451099466674007e-01	2.772451099466674007e-01	2.772451099466674007e-01	2.772451099466674007e-01	2.772451099466674007e-01	2.772451099466674007e-01	2.772451099466674007e-01	2.772451099466674007e-01	2.772451099466674007e-01	2.772451099466674007e-01	2.772451099466674007e-01	2.772451099466674007e-01	4.163860830527499890e-01	4.044032444959440031e-01	2.307692307692310041e-01	2.772451099466674007e-01	2.772451099466674007e-01	2.772451099466674007e-01	2.772451099466674007e-01	2.772451099466674007e-01	2.772451099466674007e-01	2.772451099466674007e-01	3.665893271461719838e-01	2.772451099466674007e-01	3.831990794016110202e-01	2.772451099466674007e-01	2.772451099466674007e-01	2.772451099466674007e-01
2.772451099466674007e-01	2.772451099466674007e-01	2.772451099466674007e-01	2.772451099466674007e-01	2.772451099466674007e-01	2.772451099466674007e-01	1.000000000000000000e+00	2.772451099466674007e-01	2.772451099466674007e-01	1.826086956521739968e-01	2.772451099466674007e-01	2.772451099466674007e-01	2.772451099466674007e-01	1.944444444444440034e-01	1.393188854489159911e-01	2.772451099466674007e-01	2.772451099466674007e-01	2.772451099466674007e-01	2.772451099466674007e-01	2.772451099466674007e-01	2.772451099466674007e-01	2.772451099466674007e-01	2.772451099466674007e-01	2.772451099466674007e-01	2.772451099466674007e-01	2.772451099466674007e-01	1.239193083573490034e-01	2.772451099466674007e-01	1.942148760330580093e-01	2.772451099466674007e-01	2.019801980198019931e-01	2.454212454212449934e-01	2.772451099466674007e-01	2.438524590163929917e-01	2.772451099466674007e-01	1.920792079207920000e-01	2.772451099466674007e-01	2.772451099466674007e-01	2.241630276564769986e-01	2.772451099466674007e-01	2.772451099466674007e-01	2.322485207100589977e-01	2.772451099466674007e-01	2.772451099466674007e-01	2.772451099466674007e-01	1.922398589065260066e-01	2.772451099466674007e-01	2.070240295748609904e-01	2.016528925619829882e-01	2.295839753466870081e-01	2.772451099466674007e-01	2.772451099466674007e-01	2.772451099466674007e-01	2.772451099466674007e-01	2.772451099466674007e-01	2.772451099466674007e-01	2.772451099466674007e-01	2.772451099466674007e-01	2.772451099466674007e-01	2.045889101338430049e-01	6.493506493506490118e-02	2.772451099466674007e-01	2.772451099466674007e-01	2.772451099466674007e-01	2.772451099466674007e-01	2.772451099466674007e-01	2.118959107806689945e-01	2.772451099466674007e-01	2.772451099466674007e-01	2.772451099466674007e-01	2.772451099466674007e-01	2.566844919786099855e-01	2.772451099466674007e-01	2.772451099466674007e-01	2.772451099466674007e-01	2.772451099466674007e-01	2.772451099466674007e-01	2.035087719298249997e-01	2.772451099466674007e-01	2.772451099466674007e-01	2.627824019024970204e-01	2.772451099466674007e-01	1.861702127659569939e-01	2.772451099466674007e-01	2.772451099466674007e-01	2.772451099466674007e-01	1.923809523809519861e-01	2.772451099466674007e-01	2.772451099466674007e-01	2.772451099466674007e-01	1.832358674463940018e-01	1.499999999999999944e-01	2.772451099466674007e-01	2.772451099466674007e-01	2.772451099466674007e-01	2.772451099466674007e-01	1.695402298850569867e-01	2.772451099466674007e-01	2.772451099466674007e-01	2.772451099466674007e-01	1.875000000000000000e-01	2.772451099466674007e-01	1.939393939393939947e-01	2.772451099466674007e-01	2.772451099466674007e-01	1.991614255765200014e-01	2.772451099466674007e-01	2.772451099466674007e-01	2.772451099466674007e-01	2.772451099466674007e-01	2.772451099466674007e-01	2.772451099466674007e-01	2.772451099466674007e-01	2.116903633491309944e-01	2.772451099466674007e-01	2.772451099466674007e-01	2.772451099466674007e-01	1.440329218106999876e-01	2.113207547169810019e-01	2.772451099466674007e-01	2.772451099466674007e-01	2.772451099466674007e-01	2.772451099466674007e-01	2.772451099466674007e-01
2.772451099466674007e-01	2.772451099466674007e-01	2.772451099466674007e-01	2.772451099466674007e-01	2.772451099466674007e-01	3.536165327210100129e-01	2.772451099466674007e-01	1.000000000000000000e+00	2.772451099466674007e-01	2.772451099466674007e-01	2.772451099466674007e-01	2.772451099466674007e-01	2.772451099466674007e-01	2.772451099466674007e-01	2.772451099466674007e-01	2.772451099466674007e-01	2.772451099466674007e-01	2.772451099466674007e-01	2.772451099466674007e-01	2.676767676767680126e-01	2.772451099466674007e-01	3.072625698324020216e-01	2.772451099466674007e-01	3.094512195121950082e-01	3.370253164556960002e-01	2.772451099466674007e-01	1.461864406779659897e-01	2.772451099466674007e-01	2.440273037542660117e-01	3.174366616989570122e-01	2.772451099466674007e-01	2.772451099466674007e-01	2.534562211981569724e-01	2.772451099466674007e-01	2.772451099466674007e-01	2.772451099466674007e-01	2.772451099466674007e-01	2.772451099466674007e-01	2.772451099466674007e-01	2.772451099466674007e-01	2.772451099466674007e-01	3.279352226720649854e-01	2.772451099466674007e-01	1.888489208633090111e-01	2.772451099466674007e-01	2.772451099466674007e-01	2.772451099466674007e-01	2.946859903381640056e-01	2.772451099466674007e-01	2.772451099466674007e-01	2.772451099466674007e-01	3.313696612665680274e-01	2.772451099466674007e-01	3.220064724919090016e-01	2.772451099466674007e-01	2.772451099466674007e-01	2.772451099466674007e-01	1.346534653465349951e-01	2.772451099466674007e-01	2.772451099466674007e-01	2.772451099466674007e-01	2.772451099466674007e-01	2.873376623376620032e-01	2.772451099466674007e-01	2.772451099466674007e-01	2.772451099466674007e-01	2.772451099466674007e-01	1.893617021276599865e-01	2.772451099466674007e-01	2.116630669546440136e-01	2.998500749625189754e-01	3.670103092783499887e-01	2.772451099466674007e-01	2.772451099466674007e-01	2.772451099466674007e-01	2.772451099466674007e-01	2.772451099466674007e-01	2.772451099466674007e-01	2.772451099466674007e-01	3.156297420333840087e-01	3.629213483146069841e-01	2.772451099466674007e-01	1.637426900584799949e-01	2.772451099466674007e-01	2.772451099466674007e-01	2.772451099466674007e-01	2.675367047308320201e-01	2.772451099466674007e-01	2.772451099466674007e-01	2.772451099466674007e-01	2.772451099466674007e-01	2.772451099466674007e-01	2.772451099466674007e-01	3.083067092651760044e-01	2.772451099466674007e-01	2.772451099466674007e-01	2.104121475054230028e-01	2.772451099466674007e-01	2.772451099466674007e-01	2.772451099466674007e-01	2.545454545454550188e-01	2.772451099466674007e-01	2.284768211920530090e-01	3.124042879019909846e-01	2.772451099466674007e-01	2.595818815331010221e-01	3.232323232323229822e-01	2.772451099466674007e-01	3.128742514970059840e-01	2.772451099466674007e-01	1.988742964352719911e-01	2.772451099466674007e-01	2.772451099466674007e-01	2.772451099466674007e-01	2.772451099466674007e-01	2.772451099466674007e-01	2.772451099466674007e-01	2.772451099466674007e-01	2.772451099466674007e-01	2.772451099466674007e-01	2.947702060221870091e-01	2.772451099466674007e-01	2.772451099466674007e-01	2.419659735349720120e-01
2.772451099466674007e-01	3.484358144552319736e-01	2.772451099466674007e-01	2.772451099466674007e-01	2.665505226480839873e-01	3.465116279069769822e-01	2.772451099466674007e-01	2.772451099466674007e-01	1.000000000000000000e+00	2.772451099466674007e-01	2.772451099466674007e-01	3.049327354260090162e-01	2.772451099466674007e-01	2.908545727136430115e-01	1.369863013698630061e-01	2.772451099466674007e-01	2.772451099466674007e-01	2.772451099466674007e-01	2.772451099466674007e-01	2.598967297762480033e-01	3.345633456334560218e-01	2.772451099466674007e-01	2.772451099466674007e-01	3.603896103896099823e-01	2.795031055900619732e-01	3.284379172229640043e-01	2.772451099466674007e-01	2.772451099466674007e-01	2.772451099466674007e-01	2.772451099466674007e-01	2.772451099466674007e-01	2.772451099466674007e-01	2.864077669902910239e-01	2.706896551724140010e-01	2.926829268292679975e-01	2.772451099466674007e-01	2.772451099466674007e-01	2.901554404145080257e-01	3.448753462603880160e-01	2.772451099466674007e-01	3.242894056847550055e-01	3.191780821917810096e-01	2.772451099466674007e-01	2.098298676748580061e-01	2.772451099466674007e-01	3.021001615508889793e-01	2.772451099466674007e-01	2.772451099466674007e-01	2.867867867867869847e-01	2.772451099466674007e-01	2.977707006369429976e-01	2.772451099466674007e-01	2.772451099466674007e-01	3.049180327868850071e-01	2.772451099466674007e-01	2.103092783505149943e-01	2.772451099466674007e-01	2.772451099466674007e-01	2.772451099466674007e-01	2.772451099466674007e-01	2.772451099466674007e-01	2.247619047619049959e-01	2.772451099466674007e-01	2.910863509749300193e-01	2.428810720268010093e-01	2.772451099466674007e-01	2.772451099466674007e-01	2.772451099466674007e-01	2.772451099466674007e-01	2.772451099466674007e-01	2.772451099466674007e-01	3.565488565488569850e-01	2.772451099466674007e-01	2.772451099466674007e-01	2.772451099466674007e-01	3.611738148984199870e-01	2.772451099466674007e-01	2.772451099466674007e-01	2.772451099466674007e-01	2.995391705069119781e-01	2.772451099466674007e-01	2.772451099466674007e-01	2.772451099466674007e-01	2.772451099466674007e-01	2.772451099466674007e-01	2.772451099466674007e-01	2.772451099466674007e-01	2.772451099466674007e-01	1.706783369803059891e-01	2.772451099466674007e-01	2.772451099466674007e-01	2.772451099466674007e-01	2.772451099466674007e-01	2.829581993569130205e-01	2.772451099466674007e-01	3.408748114630469894e-01	2.013422818791950064e-01	2.722513089005240139e-01	2.718253968253970254e-01	3.363057324840760254e-01	2.772451099466674007e-01	2.772451099466674007e-01	2.772451099466674007e-01	2.772451099466674007e-01	2.772451099466674007e-01	2.772451099466674007e-01	2.772451099466674007e-01	2.453151618398639877e-01	2.772451099466674007e-01	2.772451099466674007e-01	2.638036809815950123e-01	3.161189358372459846e-01	3.323903818953319877e-01	3.408071748878919727e-01	2.772451099466674007e-01	3.060606060606059775e-01	2.772451099466674007e-01	2.772451099466674007e-01	2.772451099466674007e-01	2.772451099466674007e-01	2.772451099466674007e-01	2.772451099466674007e-01	2.978395061728389970e-01	2.848484848484850174e-01
2.915309446254070180e-01	3.989304812834220115e-01	2.676518883415440198e-01	3.621399176954729904e-01	2.323390894819470087e-01	2.772451099466674007e-01	1.826086956521739968e-01	2.772451099466674007e-01	2.772451099466674007e-01	1.000000000000000000e+00	2.772451099466674007e-01	2.772451099466674007e-01	2.772451099466674007e-01	2.772451099466674007e-01	1.323828920570259970e-01	2.334869431643629978e-01	3.991097922848659829e-01	2.772451099466674007e-01	2.772451099466674007e-01	3.166666666666669849e-01	2.772451099466674007e-01	2.772451099466674007e-01	3.358547655068079840e-01	2.772451099466674007e-01	2.772451099466674007e-01	2.772451099466674007e-01	2.772451099466674007e-01	2.772451099466674007e-01	2.772451099466674007e-01	2.772451099466674007e-01	2.772451099466674007e-01	2.772451099466674007e-01	3.022900763358780107e-01	2.772451099466674007e-01	2.924071082390949927e-01	3.299663299663300187e-01	2.772451099466674007e-01	2.777777777777780122e-01	2.772451099466674007e-01	2.772451099466674007e-01	2.772451099466674007e-01	2.772451099466674007e-01	2.029795158286779866e-01	2.772451099466674007e-01	2.772451099466674007e-01	3.231240428790200236e-01	2.772451099466674007e-01	2.772451099466674007e-01	2.772451099466674007e-01	3.581267217630850208e-01	2.772451099466674007e-01	2.772451099466674007e-01	9.327548806941429738e-02	2.772451099466674007e-01	2.772451099466674007e-01	2.772451099466674007e-01	2.772451099466674007e-01	2.772451099466674007e-01	2.772451099466674007e-01	2.772451099466674007e-01	2.772451099466674007e-01	2.772451099466674007e-01	2.772451099466674007e-01	2.772451099466674007e-01	2.618296529968450193e-01	2.772451099466674007e-01	2.942989214175649737e-01	2.772451099466674007e-01	4.238281250000000000e-01	2.772451099466674007e-01	2.772451099466674007e-01	2.772451099466674007e-01	2.772451099466674007e-01	2.772451099466674007e-01	2.351190476190480050e-01	2.772451099466674007e-01	2.772451099466674007e-01	2.772451099466674007e-01	2.772451099466674007e-01	2.772451099466674007e-01	4.013452914798210092e-01	2.772451099466674007e-01	2.076190476190480083e-01	2.772451099466674007e-01	3.551673944687039897e-01	2.772451099466674007e-01	3.214285714285710083e-01	2.772451099466674007e-01	2.772451099466674007e-01	2.772451099466674007e-01	2.772451099466674007e-01	2.152542372881360022e-01	2.772451099466674007e-01	2.772451099466674007e-01	2.772451099466674007e-01	2.772451099466674007e-01	2.772451099466674007e-01	2.772451099466674007e-01	2.772451099466674007e-01	2.772451099466674007e-01	2.476489028213169907e-01	2.772451099466674007e-01	2.625607779578609802e-01	2.772451099466674007e-01	2.772451099466674007e-01	2.520593080724879975e-01	2.772451099466674007e-01	2.772451099466674007e-01	3.265602322206099806e-01	3.231240428790200236e-01	2.772451099466674007e-01	2.772451099466674007e-01	3.568521031207599892e-01	2.772451099466674007e-01	2.772451099466674007e-01	2.772451099466674007e-01	2.772451099466674007e-01	2.772451099466674007e-01	2.808641975308640015e-01	2.930756843800320088e-01	2.772451099466674007e-01	2.772451099466674007e-01	3.580060422960730238e-01	2.772451099466674007e-01
2.919161676646709891e-01	2.772451099466674007e-01	2.772451099466674007e-01	3.968462549277270157e-01	2.772451099466674007e-01	2.772451099466674007e-01	2.772451099466674007e-01	2.772451099466674007e-01	2.772451099466674007e-01	2.772451099466674007e-01	1.000000000000000000e+00	2.772451099466674007e-01	2.772451099466674007e-01	2.772451099466674007e-01	2.772451099466674007e-01	2.772451099466674007e-01	2.772451099466674007e-01	2.772451099466674007e-01	2.772451099466674007e-01	2.772451099466674007e-01	2.772451099466674007e-01	3.851261620185920109e-01	3.791606367583210124e-01	2.772451099466674007e-01	2.772451099466674007e-01	2.772451099466674007e-01	1.955719557195569891e-01	2.772451099466674007e-01	2.772451099466674007e-01	3.763888888888889950e-01	3.452566096423019815e-01	2.772451099466674007e-01	2.772451099466674007e-01	2.872023809523809867e-01	2.850812407680949900e-01	2.772451099466674007e-01	2.772451099466674007e-01	2.811127379209369948e-01	2.772451099466674007e-01	2.772451099466674007e-01	2.772451099466674007e-01	3.637500000000000178e-01	1.680261011419250106e-01	2.387096774193550042e-01	2.772451099466674007e-01	2.772451099466674007e-01	2.772451099466674007e-01	3.222060957910010126e-01	4.011379800853490107e-01	2.772451099466674007e-01	3.263009845288329935e-01	2.772451099466674007e-01	2.772451099466674007e-01	2.772451099466674007e-01	2.772451099466674007e-01	2.772451099466674007e-01	2.772451099466674007e-01	2.772451099466674007e-01	1.953642384105959973e-01	2.772451099466674007e-01	2.772451099466674007e-01	2.772451099466674007e-01	2.772451099466674007e-01	2.772451099466674007e-01	2.946428571428569843e-01	2.772451099466674007e-01	3.421828908554570003e-01	2.772451099466674007e-01	2.772451099466674007e-01	1.949910554561720133e-01	2.772451099466674007e-01	4.773195876288660044e-01	2.772451099466674007e-01	2.772451099466674007e-01	2.772451099466674007e-01	4.905027932960889792e-01	3.412816691505219935e-01	2.772451099466674007e-01	2.772451099466674007e-01	2.772451099466674007e-01	4.473684210526320260e-01	2.772451099466674007e-01	2.772451099466674007e-01	2.772451099466674007e-01	2.772451099466674007e-01	2.772451099466674007e-01	2.772451099466674007e-01	2.772451099466674007e-01	2.772451099466674007e-01	2.772451099466674007e-01	2.772451099466674007e-01	2.772451099466674007e-01	4.661190965092399940e-01	2.772451099466674007e-01	2.772451099466674007e-01	3.416886543535619936e-01	2.772451099466674007e-01	2.772451099466674007e-01	2.303999999999999937e-01	2.772451099466674007e-01	3.680884676145340095e-01	3.595317725752509852e-01	2.772451099466674007e-01	3.388888888888890172e-01	2.772451099466674007e-01	2.691131498470950012e-01	4.046639231824419869e-01	2.772451099466674007e-01	3.190348525469169916e-01	3.654970760233919869e-01	2.772451099466674007e-01	3.365517241379309965e-01	2.772451099466674007e-01	2.772451099466674007e-01	2.772451099466674007e-01	3.884992987377279827e-01	2.772451099466674007e-01	2.839116719242900100e-01	2.772451099466674007e-01	2.772451099466674007e-01	3.294964028776979914e-01	2.772451099466674007e-01	3.803418803418799898e-01	2.772451099466674007e-01
2.772451099466674007e-01	4.507936507936510240e-01	2.772451099466674007e-01	2.772451099466674007e-01	2.772451099466674007e-01	4.290502793296089856e-01	2.772451099466674007e-01	2.772451099466674007e-01	3.049327354260090162e-01	2.772451099466674007e-01	2.772451099466674007e-01	1.000000000000000000e+00	3.175775480059079836e-01	2.772451099466674007e-01	2.772451099466674007e-01	2.772451099466674007e-01	3.594594594594590076e-01	2.772451099466674007e-01	2.772451099466674007e-01	3.183925811437400277e-01	4.171562867215040105e-01	2.772451099466674007e-01	2.772451099466674007e-01	2.772451099466674007e-01	2.772451099466674007e-01	2.772451099466674007e-01	2.772451099466674007e-01	2.772451099466674007e-01	2.714723926380370189e-01	3.424283765347890252e-01	2.772451099466674007e-01	9.444444444444440034e-02	2.772451099466674007e-01	2.863568215892050017e-01	2.772451099466674007e-01	4.556313993174059829e-01	2.772451099466674007e-01	2.772451099466674007e-01	2.772451099466674007e-01	4.221954161640529835e-01	2.772451099466674007e-01	2.772451099466674007e-01	2.772451099466674007e-01	2.772451099466674007e-01	4.590347923681259990e-01	2.772451099466674007e-01	2.913385826771650033e-01	2.772451099466674007e-01	2.772451099466674007e-01	2.772451099466674007e-01	2.772451099466674007e-01	2.772451099466674007e-01	2.772451099466674007e-01	2.772451099466674007e-01	2.772451099466674007e-01	2.772451099466674007e-01	2.772451099466674007e-01	2.772451099466674007e-01	2.772451099466674007e-01	2.772451099466674007e-01	1.091954022988509965e-01	2.772451099466674007e-01	3.550834597875570098e-01	2.772451099466674007e-01	2.772451099466674007e-01	2.772451099466674007e-01	2.772451099466674007e-01	2.772451099466674007e-01	4.853515625000000000e-01	1.952983725135619963e-01	2.772451099466674007e-01	2.772451099466674007e-01	2.772451099466674007e-01	2.357473035439139886e-01	2.684659090909090051e-01	2.772451099466674007e-01	2.772451099466674007e-01	2.772451099466674007e-01	2.772451099466674007e-01	2.772451099466674007e-01	2.772451099466674007e-01	2.772451099466674007e-01	1.694630872483219863e-01	2.772451099466674007e-01	3.710344827586209981e-01	2.772451099466674007e-01	3.724569640062599940e-01	2.772451099466674007e-01	2.772451099466674007e-01	2.772451099466674007e-01	2.772451099466674007e-01	2.772451099466674007e-01	2.772451099466674007e-01	2.772451099466674007e-01	2.772451099466674007e-01	2.772451099466674007e-01	2.772451099466674007e-01	2.772451099466674007e-01	2.772451099466674007e-01	3.912009512485140061e-01	2.772451099466674007e-01	2.813990461049279967e-01	2.854961832061069793e-01	4.032258064516129892e-01	2.815829528158300121e-01	2.759689922480619839e-01	2.772451099466674007e-01	2.772451099466674007e-01	2.772451099466674007e-01	2.772451099466674007e-01	2.772451099466674007e-01	2.772451099466674007e-01	2.772451099466674007e-01	4.378531073446330080e-01	2.772451099466674007e-01	2.772451099466674007e-01	2.772451099466674007e-01	2.772451099466674007e-01	3.093841642228740141e-01	3.061840120663649745e-01	2.772451099466674007e-01	2.772451099466674007e-01	3.762517882689560000e-01	2.772451099466674007e-01
