1.000000000000150102e+00	6.939321640245106337e-01	6.939321640245106337e-01	7.620309648537080260e-01	6.939321640245106337e-01	6.939321640245106337e-01	7.933691797818660518e-01	6.939321640245106337e-01	7.921684836817090014e-01	6.939321640245106337e-01	7.516143267228260205e-01	7.113825770629480516e-01	7.839156119132190126e-01	7.293698717857040048e-01	1.000000000000000021e-03	6.939321640245106337e-01	6.939321640245106337e-01	7.658117146642200446e-01	6.939321640245106337e-01	6.939321640245106337e-01	6.939321640245106337e-01	6.939321640245106337e-01	6.939321640245106337e-01	6.939321640245106337e-01	6.939321640245106337e-01	7.999926091443969600e-01	6.939321640245106337e-01	6.939321640245106337e-01	6.939321640245106337e-01	6.939321640245106337e-01	7.784842168861919598e-01	6.939321640245106337e-01	6.939321640245106337e-01	8.132979589205689974e-01	6.939321640245106337e-01	6.939321640245106337e-01	6.939321640245106337e-01	7.996806852163820256e-01	6.939321640245106337e-01	6.939321640245106337e-01	6.939321640245106337e-01	6.939321640245106337e-01	6.939321640245106337e-01	6.817847732510220471e-01	6.939321640245106337e-01	6.939321640245106337e-01	6.875941410140119503e-01	6.939321640245106337e-01	7.460755874010660538e-01	6.939321640245106337e-01	6.939321640245106337e-01	6.939321640245106337e-01	6.939321640245106337e-01	6.939321640245106337e-01	6.939321640245106337e-01	8.076209237931000207e-01	6.939321640245106337e-01	6.939321640245106337e-01	6.939321640245106337e-01	6.939321640245106337e-01	6.939321640245106337e-01	7.342699868547789555e-01	8.108134399905400080e-01	6.939321640245106337e-01	6.939321640245106337e-01	6.939321640245106337e-01	6.939321640245106337e-01	7.244013745199300303e-01	6.939321640245106337e-01	6.939321640245106337e-01	6.889760115390990425e-01	6.939321640245106337e-01	6.939321640245106337e-01	6.939321640245106337e-01	6.939321640245106337e-01	6.939321640245106337e-01	8.046173868523499584e-01	7.936662988326470547e-01	7.756380314871750281e-01	6.939321640245106337e-01	6.939321640245106337e-01	6.939321640245106337e-01	6.939321640245106337e-01	6.939321640245106337e-01	6.939321640245106337e-01	6.939321640245106337e-01	7.534008889170860090e-01	6.939321640245106337e-01	6.939321640245106337e-01	7.411337685872300129e-01	7.652956897007640036e-01	6.939321640245106337e-01	6.939321640245106337e-01	6.939321640245106337e-01	6.939321640245106337e-01	6.939321640245106337e-01	7.925125574038509590e-01	6.320038790620770008e-01	7.179683690069299518e-01	6.939321640245106337e-01	7.892315146712880480e-01	6.939321640245106337e-01	6.939321640245106337e-01	6.939321640245106337e-01	6.939321640245106337e-01	6.774367748903139530e-01	6.939321640245106337e-01	7.461668291445460177e-01	6.939321640245106337e-01	6.939321640245106337e-01	6.939321640245106337e-01	6.939321640245106337e-01	6.939321640245106337e-01	6.939321640245106337e-01	6.939321640245106337e-01	6.939321640245106337e-01	8.997773220336759969e-01	6.939321640245106337e-01	6.939321640245106337e-01	6.939321640245106337e-01	6.939321640245106337e-01	6.939321640245106337e-01	6.939321640245106337e-01	6.939321640245106337e-01
6.939321640245106337e-01	1.000000000000039968e+00	6.939321640245106337e-01	7.399396764504879709e-01	6.939321640245106337e-01	7.307355580440310083e-01	6.939321640245106337e-01	6.939321640245106337e-01	6.939321640245106337e-01	6.939321640245106337e-01	6.939321640245106337e-01	6.939321640245106337e-01	6.939321640245106337e-01	6.939321640245106337e-01	6.939321640245106337e-01	6.939321640245106337e-01	6.327479093900070239e-01	7.076479031565540145e-01	6.939321640245106337e-01	6.939321640245106337e-01	6.939321640245106337e-01	6.939321640245106337e-01	6.939321640245106337e-01	6.939321640245106337e-01	6.939321640245106337e-01	6.939321640245106337e-01	7.471817028383119785e-01	6.939321640245106337e-01	6.939321640245106337e-01	6.939321640245106337e-01	6.939321640245106337e-01	6.939321640245106337e-01	6.939321640245106337e-01	6.939321640245106337e-01	6.939321640245106337e-01	6.939321640245106337e-01	6.939321640245106337e-01	6.939321640245106337e-01	6.939321640245106337e-01	7.140475678343950472e-01	6.939321640245106337e-01	6.939321640245106337e-01	6.939321640245106337e-01	6.939321640245106337e-01	7.323118158445850456e-01	6.939321640245106337e-01	6.939321640245106337e-01	6.576416556991460105e-01	6.939321640245106337e-01	6.939321640245106337e-01	6.939321640245106337e-01	6.838037344524769967e-01	6.939321640245106337e-01	6.939321640245106337e-01	6.599687616274310109e-01	6.939321640245106337e-01	6.939321640245106337e-01	6.939321640245106337e-01	6.586062367169019938e-01	6.939321640245106337e-01	6.939321640245106337e-01	6.939321640245106337e-01	6.939321640245106337e-01	6.939321640245106337e-01	5.910067758567599805e-01	6.939321640245106337e-01	6.939321640245106337e-01	6.734525485162500269e-01	6.939321640245106337e-01	5.741233552321759470e-01	6.475614441691670553e-01	6.939321640245106337e-01	7.165743487844969950e-01	7.533355353418189626e-01	6.939321640245106337e-01	6.939321640245106337e-01	7.650539900394599524e-01	6.939321640245106337e-01	7.116179020885019524e-01	7.250522767857709994e-01	6.939321640245106337e-01	6.939321640245106337e-01	6.939321640245106337e-01	6.939321640245106337e-01	6.939321640245106337e-01	6.939321640245106337e-01	7.009179415816559899e-01	6.939321640245106337e-01	6.939321640245106337e-01	6.939321640245106337e-01	6.939321640245106337e-01	7.030298755855649562e-01	6.939321640245106337e-01	6.939321640245106337e-01	6.034554443362539766e-01	6.939321640245106337e-01	7.652859857826349588e-01	6.939321640245106337e-01	6.730669271114280150e-01	7.285125067615280114e-01	6.939321640245106337e-01	6.086647961573180554e-01	6.939321640245106337e-01	6.124735774816439937e-01	6.939321640245106337e-01	6.939321640245106337e-01	6.939321640245106337e-01	6.883359037779940293e-01	6.939321640245106337e-01	6.939321640245106337e-01	7.520472201941319490e-01	6.939321640245106337e-01	6.939321640245106337e-01	6.939321640245106337e-01	6.939321640245106337e-01	6.939321640245106337e-01	6.939321640245106337e-01	6.939321640245106337e-01	6.939321640245106337e-01	6.939321640245106337e-01	6.939321640245106337e-01	6.939321640245106337e-01	6.939321640245106337e-01	6.939321640245106337e-01
6.939321640245106337e-01	6.939321640245106337e-01	1.000000000000049960e+00	6.939321640245106337e-01	6.939321640245106337e-01	8.020464947357589525e-01	7.777268175721000487e-01	6.939321640245106337e-01	6.939321640245106337e-01	7.090302181253169689e-01	7.246107028628659963e-01	6.740802842983280030e-01	6.939321640245106337e-01	6.939321640245106337e-01	6.939321640245106337e-01	6.939321640245106337e-01	6.939321640245106337e-01	6.939321640245106337e-01	7.159765398942370407e-01	7.045331586061700513e-01	7.736648048767640340e-01	6.939321640245106337e-01	7.148501550525040438e-01	6.939321640245106337e-01	6.939321640245106337e-01	7.897952882332309743e-01	6.939321640245106337e-01	6.939321640245106337e-01	6.939321640245106337e-01	6.939321640245106337e-01	7.603400995070730417e-01	6.939321640245106337e-01	6.939321640245106337e-01	7.865855499835510134e-01	6.939321640245106337e-01	7.706999394003849480e-01	7.250432354197110518e-01	7.624614331010090007e-01	6.940686352281419946e-01	7.007196985600450123e-01	6.939321640245106337e-01	6.999897332152410501e-01	6.939321640245106337e-01	6.939321640245106337e-01	6.939321640245106337e-01	7.126013780771449646e-01	6.816993652796410341e-01	6.939321640245106337e-01	6.939321640245106337e-01	6.939321640245106337e-01	8.131012135627589954e-01	6.786669334333039760e-01	7.065226684755420150e-01	6.939321640245106337e-01	7.047688854336060515e-01	6.939321640245106337e-01	5.819335729859029804e-01	5.929186568209410257e-01	6.939321640245106337e-01	6.939321640245106337e-01	7.096889700257069666e-01	6.939321640245106337e-01	6.939321640245106337e-01	6.939321640245106337e-01	6.939321640245106337e-01	6.939321640245106337e-01	6.939321640245106337e-01	6.939321640245106337e-01	6.939321640245106337e-01	6.540359107377140546e-01	6.939321640245106337e-01	6.758748871486349730e-01	7.487186575617550410e-01	7.871731295809050177e-01	6.939321640245106337e-01	6.939321640245106337e-01	6.939321640245106337e-01	6.939321640245106337e-01	7.636247514574280304e-01	7.616332229625299988e-01	6.939321640245106337e-01	6.939321640245106337e-01	6.458154691067460318e-01	6.939321640245106337e-01	6.939321640245106337e-01	6.939321640245106337e-01	6.939321640245106337e-01	6.939321640245106337e-01	6.939321640245106337e-01	7.094664932407149793e-01	6.939321640245106337e-01	7.584921942167710540e-01	6.939321640245106337e-01	6.939321640245106337e-01	6.939321640245106337e-01	6.939321640245106337e-01	7.722889158607459947e-01	5.959826557824909887e-01	6.939321640245106337e-01	7.172259260075309895e-01	6.939321640245106337e-01	6.759531724435019484e-01	6.939321640245106337e-01	6.939321640245106337e-01	6.939321640245106337e-01	6.939321640245106337e-01	6.939321640245106337e-01	6.939321640245106337e-01	6.939321640245106337e-01	6.880640068747789773e-01	6.939321640245106337e-01	6.939321640245106337e-01	6.939321640245106337e-01	6.939321640245106337e-01	6.939321640245106337e-01	6.939321640245106337e-01	6.939321640245106337e-01	8.905152584734250532e-01	6.939321640245106337e-01	6.939321640245106337e-01	7.887965836265039554e-01	6.939321640245106337e-01	6.939321640245106337e-01	6.939321640245106337e-01
7.620309648537080260e-01	7.399396764504879709e-01	6.939321640245106337e-01	9.999999999999239497e-01	7.445979031813190208e-01	6.939321640245106337e-01	6.939321640245106337e-01	6.939321640245106337e-01	6.939321640245106337e-01	7.262104973368059824e-01	6.939321640245106337e-01	6.939321640245106337e-01	6.939321640245106337e-01	6.939321640245106337e-01	6.939321640245106337e-01	6.939321640245106337e-01	6.613465855219620160e-01	6.939321640245106337e-01	6.939321640245106337e-01	6.939321640245106337e-01	6.939321640245106337e-01	6.939321640245106337e-01	6.939321640245106337e-01	7.856320168511530255e-01	6.939321640245106337e-01	6.939321640245106337e-01	7.925564497384219864e-01	6.939321640245106337e-01	6.392708231505489502e-01	6.953049627810500288e-01	6.939321640245106337e-01	7.204129134166760151e-01	6.939321640245106337e-01	8.122932262999119635e-01	6.939321640245106337e-01	6.939321640245106337e-01	6.939321640245106337e-01	7.905838688382640367e-01	6.847949228437619773e-01	6.939321640245106337e-01	6.939321640245106337e-01	6.939321640245106337e-01	6.939321640245106337e-01	6.939321640245106337e-01	6.939321640245106337e-01	6.939321640245106337e-01	6.939321640245106337e-01	6.939321640245106337e-01	6.939321640245106337e-01	6.939321640245106337e-01	7.124877194650980350e-01	6.939321640245106337e-01	6.939321640245106337e-01	6.939321640245106337e-01	6.939321640245106337e-01	6.939321640245106337e-01	6.939321640245106337e-01	6.939321640245106337e-01	6.939321640245106337e-01	6.939321640245106337e-01	6.939321640245106337e-01	7.055489303918880406e-01	7.404060607356820478e-01	6.518871973470760084e-01	6.939321640245106337e-01	6.939321640245106337e-01	6.939321640245106337e-01	6.939321640245106337e-01	6.939321640245106337e-01	6.939321640245106337e-01	6.939321640245106337e-01	6.335367000939590154e-01	6.939321640245106337e-01	7.975405139110860464e-01	6.939321640245106337e-01	6.939321640245106337e-01	6.939321640245106337e-01	6.939321640245106337e-01	6.939321640245106337e-01	6.939321640245106337e-01	6.939321640245106337e-01	6.939321640245106337e-01	6.939321640245106337e-01	6.939321640245106337e-01	6.939321640245106337e-01	6.939321640245106337e-01	6.939321640245106337e-01	6.939321640245106337e-01	7.793225939581059913e-01	6.939321640245106337e-01	7.755053536015410476e-01	7.476937424995609982e-01	6.255648415439869492e-01	6.939321640245106337e-01	6.939321640245106337e-01	6.939321640245106337e-01	6.939321640245106337e-01	6.939321640245106337e-01	6.939321640245106337e-01	7.581466953940489972e-01	7.373804785520560179e-01	6.118582054683080473e-01	6.150504582390999841e-01	6.939321640245106337e-01	5.820784190023460258e-01	6.939321640245106337e-01	7.722906350313859525e-01	7.244020726531269494e-01	6.939321640245106337e-01	6.715693910340470030e-01	6.939321640245106337e-01	6.939321640245106337e-01	6.939321640245106337e-01	6.939321640245106337e-01	7.597460840064029775e-01	6.939321640245106337e-01	6.939321640245106337e-01	6.939321640245106337e-01	7.654056829153760289e-01	6.939321640245106337e-01	6.939321640245106337e-01	6.939321640245106337e-01	6.939321640245106337e-01	6.939321640245106337e-01
6.939321640245106337e-01	6.939321640245106337e-01	6.939321640245106337e-01	7.445979031813190208e-01	9.999999999999039657e-01	7.087034306836850206e-01	8.002910712797880466e-01	6.939321640245106337e-01	7.522234967789780402e-01	6.939321640245106337e-01	6.939321640245106337e-01	6.939321640245106337e-01	6.939321640245106337e-01	6.939321640245106337e-01	6.939321640245106337e-01	6.939321640245106337e-01	6.121424203546750320e-01	6.939321640245106337e-01	6.939321640245106337e-01	6.939321640245106337e-01	6.689993277181079945e-01	6.939321640245106337e-01	6.939321640245106337e-01	6.939321640245106337e-01	6.939321640245106337e-01	8.164298119281210298e-01	6.939321640245106337e-01	6.939321640245106337e-01	6.939321640245106337e-01	6.275755332062680214e-01	6.939321640245106337e-01	7.003239709578199523e-01	6.939321640245106337e-01	6.939321640245106337e-01	6.939321640245106337e-01	6.939321640245106337e-01	6.939321640245106337e-01	6.939321640245106337e-01	6.191525149188039645e-01	6.939321640245106337e-01	5.785567122111839877e-01	6.939321640245106337e-01	6.971040535251820103e-01	6.402959774789449554e-01	6.939321640245106337e-01	6.939321640245106337e-01	6.939321640245106337e-01	6.378370102375809925e-01	6.939321640245106337e-01	6.939321640245106337e-01	7.339253853697209617e-01	6.963312970518330536e-01	6.939321640245106337e-01	6.939321640245106337e-01	6.939321640245106337e-01	7.031442807714539667e-01	6.250486253664260250e-01	6.744261487411680189e-01	6.939321640245106337e-01	6.939321640245106337e-01	7.571346438040930105e-01	6.939321640245106337e-01	6.939321640245106337e-01	6.939321640245106337e-01	6.939321640245106337e-01	6.939321640245106337e-01	6.939321640245106337e-01	6.694610043303399483e-01	6.939321640245106337e-01	5.519522780957250019e-01	6.939321640245106337e-01	6.939321640245106337e-01	6.939321640245106337e-01	6.939321640245106337e-01	7.156806643940260004e-01	6.939321640245106337e-01	6.939321640245106337e-01	6.939321640245106337e-01	6.939321640245106337e-01	6.939321640245106337e-01	6.939321640245106337e-01	6.939321640245106337e-01	6.073258968470649499e-01	6.549440546313389788e-01	6.939321640245106337e-01	6.939321640245106337e-01	6.939321640245106337e-01	6.939321640245106337e-01	6.939321640245106337e-01	7.010652184104659845e-01	6.939321640245106337e-01	6.939321640245106337e-01	6.939321640245106337e-01	6.939321640245106337e-01	6.291238732250109544e-01	7.105953086949789999e-01	6.939321640245106337e-01	6.939321640245106337e-01	6.892182156245439950e-01	7.237340934457650032e-01	7.582056792790919930e-01	6.939321640245106337e-01	5.892101797761919446e-01	6.939321640245106337e-01	6.939321640245106337e-01	6.939321640245106337e-01	6.939321640245106337e-01	6.939321640245106337e-01	6.939321640245106337e-01	6.939321640245106337e-01	7.335607207475030034e-01	6.939321640245106337e-01	6.939321640245106337e-01	7.554926580601839525e-01	6.939321640245106337e-01	6.939321640245106337e-01	6.939321640245106337e-01	6.939321640245106337e-01	6.939321640245106337e-01	6.939321640245106337e-01	8.075192387356849855e-01	6.939321640245106337e-01	6.939321640245106337e-01	7.752130567795799676e-01
6.939321640245106337e-01	7.307355580440310083e-01	8.020464947357589525e-01	6.939321640245106337e-01	7.087034306836850206e-01	1.000000000000019984e+00	7.700094309093700184e-01	7.281915509258010122e-01	6.939321640245106337e-01	6.939321640245106337e-01	6.766704655714459449e-01	6.339365051944759744e-01	6.939321640245106337e-01	6.963415999299380488e-01	6.939321640245106337e-01	6.939321640245106337e-01	7.439523236337279855e-01	7.465139266551550357e-01	6.939321640245106337e-01	6.662366694044470350e-01	6.939321640245106337e-01	6.939321640245106337e-01	6.939321640245106337e-01	6.665167902864660432e-01	6.939321640245106337e-01	6.939321640245106337e-01	7.182252335284230460e-01	6.939321640245106337e-01	4.880306829109850031e-01	6.939321640245106337e-01	6.939321640245106337e-01	7.545413481595120153e-01	6.939321640245106337e-01	8.363772801170490379e-01	6.939321640245106337e-01	7.381791025768029701e-01	6.939321640245106337e-01	7.313068305521880363e-01	6.939321640245106337e-01	6.939321640245106337e-01	6.646370788291300347e-01	6.713833933247009833e-01	7.512142244934360003e-01	6.939321640245106337e-01	7.736267268067129610e-01	6.939321640245106337e-01	6.939321640245106337e-01	6.939321640245106337e-01	6.939321640245106337e-01	6.939321640245106337e-01	6.939321640245106337e-01	6.939321640245106337e-01	6.730415864004239967e-01	6.939321640245106337e-01	6.876071430280580321e-01	6.939321640245106337e-01	6.939321640245106337e-01	6.939321640245106337e-01	6.939321640245106337e-01	6.939321640245106337e-01	6.939321640245106337e-01	6.754548058080079853e-01	6.939321640245106337e-01	6.939321640245106337e-01	6.939321640245106337e-01	6.816338344072520039e-01	6.939321640245106337e-01	6.939321640245106337e-01	6.446495733906010273e-01	6.939321640245106337e-01	6.367081148964419679e-01	6.939321640245106337e-01	7.349214062732759567e-01	6.939321640245106337e-01	7.645229345833499668e-01	6.939321640245106337e-01	6.939321640245106337e-01	6.939321640245106337e-01	6.939321640245106337e-01	6.939321640245106337e-01	7.653842136885740111e-01	6.939321640245106337e-01	6.939321640245106337e-01	6.939321640245106337e-01	6.939321640245106337e-01	6.939321640245106337e-01	6.939321640245106337e-01	6.939321640245106337e-01	6.939321640245106337e-01	6.939321640245106337e-01	6.939321640245106337e-01	6.939321640245106337e-01	6.536584818038939648e-01	6.065664598337210389e-01	6.939321640245106337e-01	7.849142115277020215e-01	7.436023792358510409e-01	6.939321640245106337e-01	6.939321640245106337e-01	6.939321640245106337e-01	6.939321640245106337e-01	6.939321640245106337e-01	6.073654759323100505e-01	6.939321640245106337e-01	6.215108432305700426e-01	6.939321640245106337e-01	6.939321640245106337e-01	7.378569911669540238e-01	6.939321640245106337e-01	6.939321640245106337e-01	6.939321640245106337e-01	6.939321640245106337e-01	6.939321640245106337e-01	6.939321640245106337e-01	6.939321640245106337e-01	6.939321640245106337e-01	6.939321640245106337e-01	7.900577729827860107e-01	6.939321640245106337e-01	6.939321640245106337e-01	6.939321640245106337e-01	6.939321640245106337e-01	6.939321640245106337e-01	6.939321640245106337e-01
7.933691797818660518e-01	6.939321640245106337e-01	7.777268175721000487e-01	6.939321640245106337e-01	8.002910712797880466e-01	7.700094309093700184e-01	1.000000000000029976e+00	6.939321640245106337e-01	8.440413644076200095e-01	7.538623245139830509e-01	6.939321640245106337e-01	7.214428863491080257e-01	6.939321640245106337e-01	6.961572725293370123e-01	6.939321640245106337e-01	6.939321640245106337e-01	6.939321640245106337e-01	6.939321640245106337e-01	6.939321640245106337e-01	6.939321640245106337e-01	7.219760260247619632e-01	6.320216301520460433e-01	7.937411043021169732e-01	7.122132452810360226e-01	7.704026662431749939e-01	6.939321640245106337e-01	6.939321640245106337e-01	6.939321640245106337e-01	6.939321640245106337e-01	6.939321640245106337e-01	7.482468290878440120e-01	6.939321640245106337e-01	7.448597599731969776e-01	6.939321640245106337e-01	6.939321640245106337e-01	6.939321640245106337e-01	6.939321640245106337e-01	6.939321640245106337e-01	6.939321640245106337e-01	6.939321640245106337e-01	6.939321640245106337e-01	7.991554963872400386e-01	6.939321640245106337e-01	6.584467932982880356e-01	6.939321640245106337e-01	7.012473224356320367e-01	6.421902277830230377e-01	6.939321640245106337e-01	6.939321640245106337e-01	6.939321640245106337e-01	6.939321640245106337e-01	6.939321640245106337e-01	6.939321640245106337e-01	6.939321640245106337e-01	6.939321640245106337e-01	6.939321640245106337e-01	6.057400038680219589e-01	6.358485570389339481e-01	6.754047195501250433e-01	6.012615466993740387e-01	6.939321640245106337e-01	6.939321640245106337e-01	7.991921698439230504e-01	6.432827384254490299e-01	6.033502077657509899e-01	7.250653221309379948e-01	6.939321640245106337e-01	6.939321640245106337e-01	6.939321640245106337e-01	6.939321640245106337e-01	6.939321640245106337e-01	6.939321640245106337e-01	6.939321640245106337e-01	6.939321640245106337e-01	7.481819995220000408e-01	6.306762792498159520e-01	6.939321640245106337e-01	7.606556009021140374e-01	7.229642269288639733e-01	6.939321640245106337e-01	6.939321640245106337e-01	6.939321640245106337e-01	6.238651635577230348e-01	6.939321640245106337e-01	6.302925494615350122e-01	6.939321640245106337e-01	6.995801770494629590e-01	7.753074405019140247e-01	7.946506726070700077e-01	6.939321640245106337e-01	7.310302544392049962e-01	7.344212254737180201e-01	6.197083940421670434e-01	6.939321640245106337e-01	6.939321640245106337e-01	7.542876239779190417e-01	6.939321640245106337e-01	6.939321640245106337e-01	6.939321640245106337e-01	6.939321640245106337e-01	6.939321640245106337e-01	6.314537537623089447e-01	6.939321640245106337e-01	6.939321640245106337e-01	6.939321640245106337e-01	6.391148012052290106e-01	6.939321640245106337e-01	6.939321640245106337e-01	6.939321640245106337e-01	6.572391054731560045e-01	6.939321640245106337e-01	7.368504727826870049e-01	7.159337432335439733e-01	6.939321640245106337e-01	6.939321640245106337e-01	6.939321640245106337e-01	6.939321640245106337e-01	7.875866611092540159e-01	6.939321640245106337e-01	6.939321640245106337e-01	6.939321640245106337e-01	7.848072176295609603e-01	6.939321640245106337e-01	6.939321640245106337e-01
6.939321640245106337e-01	6.939321640245106337e-01	6.939321640245106337e-01	6.939321640245106337e-01	6.939321640245106337e-01	7.281915509258010122e-01	6.939321640245106337e-01	9.999999999999610312e-01	6.939321640245106337e-01	6.939321640245106337e-01	6.939321640245106337e-01	6.939321640245106337e-01	6.939321640245106337e-01	6.939321640245106337e-01	6.939321640245106337e-01	6.939321640245106337e-01	6.939321640245106337e-01	6.939321640245106337e-01	6.638371564913559952e-01	6.939321640245106337e-01	7.093566344199879747e-01	6.939321640245106337e-01	6.939321640245106337e-01	6.773190177492449671e-01	6.939321640245106337e-01	6.939321640245106337e-01	7.021526042592789452e-01	7.984814879672149646e-01	6.939321640245106337e-01	6.939321640245106337e-01	6.939321640245106337e-01	6.939321640245106337e-01	6.939321640245106337e-01	7.365795284572399515e-01	6.311304620627169459e-01	6.939321640245106337e-01	6.939321640245106337e-01	7.113808507638279544e-01	6.450402023052289602e-01	6.939321640245106337e-01	6.939321640245106337e-01	6.939321640245106337e-01	7.381879839695979495e-01	6.939321640245106337e-01	7.348515742953649621e-01	6.845169783181620504e-01	6.939321640245106337e-01	6.558162402678500147e-01	6.888336433110250345e-01	6.811047831457329726e-01	6.939321640245106337e-01	6.939321640245106337e-01	6.939321640245106337e-01	5.922517430328320120e-01	6.939321640245106337e-01	6.939321640245106337e-01	6.939321640245106337e-01	5.778154757582559808e-01	6.939321640245106337e-01	6.939321640245106337e-01	6.874334867684089856e-01	6.544765593069810095e-01	6.939321640245106337e-01	6.939321640245106337e-01	5.896559817225489608e-01	6.764638161014879802e-01	6.939321640245106337e-01	6.648212413694639666e-01	6.939321640245106337e-01	6.939321640245106337e-01	6.939321640245106337e-01	6.180837645070980102e-01	6.947563217447669803e-01	7.266365537940769892e-01	6.939321640245106337e-01	5.651234768294629562e-01	6.939321640245106337e-01	6.939321640245106337e-01	6.939321640245106337e-01	6.960216112244760334e-01	8.101232047112519874e-01	6.078461867685619469e-01	6.939321640245106337e-01	6.939321640245106337e-01	6.939321640245106337e-01	6.939321640245106337e-01	6.629051172913410506e-01	6.939321640245106337e-01	7.556002254438980437e-01	6.939321640245106337e-01	6.939321640245106337e-01	6.939321640245106337e-01	6.939321640245106337e-01	5.823949842721319881e-01	5.726791118897059940e-01	7.305645204307480434e-01	6.939321640245106337e-01	6.939321640245106337e-01	6.573479863955650204e-01	6.982355559546159496e-01	6.939321640245106337e-01	6.060356604787799917e-01	6.939321640245106337e-01	6.939321640245106337e-01	6.939321640245106337e-01	6.114073959034189709e-01	6.939321640245106337e-01	6.939321640245106337e-01	6.939321640245106337e-01	6.271448838591600072e-01	6.939321640245106337e-01	6.939321640245106337e-01	6.939321640245106337e-01	6.939321640245106337e-01	7.280204197791400045e-01	6.939321640245106337e-01	6.939321640245106337e-01	6.939321640245106337e-01	6.939321640245106337e-01	7.254152871904849809e-01	6.939321640245106337e-01	6.939321640245106337e-01	6.939321640245106337e-01	6.939321640245106337e-01
7.921684836817090014e-01	6.939321640245106337e-01	6.939321640245106337e-01	6.939321640245106337e-01	7.522234967789780402e-01	6.939321640245106337e-01	8.440413644076200095e-01	6.939321640245106337e-01	1.000000000000129896e+00	6.939321640245106337e-01	6.939321640245106337e-01	6.939321640245106337e-01	6.939321640245106337e-01	6.939321640245106337e-01	6.939321640245106337e-01	6.939321640245106337e-01	7.415554263954120540e-01	7.682730725569479890e-01	6.876611852217050513e-01	6.939321640245106337e-01	7.770797125852559883e-01	5.789967068882390100e-01	6.939321640245106337e-01	6.939321640245106337e-01	6.939321640245106337e-01	6.939321640245106337e-01	6.939321640245106337e-01	6.939321640245106337e-01	6.939321640245106337e-01	6.939321640245106337e-01	6.939321640245106337e-01	6.939321640245106337e-01	6.939321640245106337e-01	6.939321640245106337e-01	6.939321640245106337e-01	6.939321640245106337e-01	7.148993871894999685e-01	6.939321640245106337e-01	6.939321640245106337e-01	6.669834950492260495e-01	6.939321640245106337e-01	6.939321640245106337e-01	7.833577978310110046e-01	6.939321640245106337e-01	6.939321640245106337e-01	6.939321640245106337e-01	6.939321640245106337e-01	6.939321640245106337e-01	6.939321640245106337e-01	6.939321640245106337e-01	6.939321640245106337e-01	6.625692150622809473e-01	6.939321640245106337e-01	6.939321640245106337e-01	6.831063178809589909e-01	7.801229341602710088e-01	6.939321640245106337e-01	6.939321640245106337e-01	6.786210377428270046e-01	6.939321640245106337e-01	6.939321640245106337e-01	6.939321640245106337e-01	6.939321640245106337e-01	6.939321640245106337e-01	6.528532795823920321e-01	6.891934437485760512e-01	6.939321640245106337e-01	6.939321640245106337e-01	6.939321640245106337e-01	6.939321640245106337e-01	6.939321640245106337e-01	6.939321640245106337e-01	7.173587971496470095e-01	6.939321640245106337e-01	6.939321640245106337e-01	6.939321640245106337e-01	6.939321640245106337e-01	7.275260675386450160e-01	6.939321640245106337e-01	6.939321640245106337e-01	6.939321640245106337e-01	6.301407502291640483e-01	6.310819877954220170e-01	7.669085747385190333e-01	6.939321640245106337e-01	6.786223246607949733e-01	6.939321640245106337e-01	7.435645125991969806e-01	7.674097749924829737e-01	6.939321640245106337e-01	6.939321640245106337e-01	6.939321640245106337e-01	6.939321640245106337e-01	6.939321640245106337e-01	6.939321640245106337e-01	7.707573805715770554e-01	6.939321640245106337e-01	6.939321640245106337e-01	6.833514072053690214e-01	6.939321640245106337e-01	7.841773710931440045e-01	6.939321640245106337e-01	6.939321640245106337e-01	6.939321640245106337e-01	6.939321640245106337e-01	6.939321640245106337e-01	6.939321640245106337e-01	6.939321640245106337e-01	6.939321640245106337e-01	6.939321640245106337e-01	7.292336012541119628e-01	6.939321640245106337e-01	7.445071235372250351e-01	7.045201449106399672e-01	6.939321640245106337e-01	7.725783476136910410e-01	7.706827487833419754e-01	6.939321640245106337e-01	6.939321640245106337e-01	6.939321640245106337e-01	7.622439309102400085e-01	7.548602490801780140e-01	6.939321640245106337e-01	6.939321640245106337e-01
6.939321640245106337e-01	6.939321640245106337e-01	7.090302181253169689e-01	7.262104973368059824e-01	6.939321640245106337e-01	6.939321640245106337e-01	7.538623245139830509e-01	6.939321640245106337e-01	6.939321640245106337e-01	1.000000000000069944e+00	6.939321640245106337e-01	6.939321640245106337e-01	6.939321640245106337e-01	6.577367102594999793e-01	1.000000000000000021e-03	6.939321640245106337e-01	5.935043776495589896e-01	6.879773517517390191e-01	6.939321640245106337e-01	6.939321640245106337e-01	6.939321640245106337e-01	6.939321640245106337e-01	6.939321640245106337e-01	6.939321640245106337e-01	6.939321640245106337e-01	8.068215683120369963e-01	6.939321640245106337e-01	6.939321640245106337e-01	6.939321640245106337e-01	6.939321640245106337e-01	6.939321640245106337e-01	6.481300124120179529e-01	6.810782659484380108e-01	6.939321640245106337e-01	6.939321640245106337e-01	6.939321640245106337e-01	6.755196428390279895e-01	6.939321640245106337e-01	6.186590113751709863e-01	6.939321640245106337e-01	6.939321640245106337e-01	7.202946112289010383e-01	6.939321640245106337e-01	6.939321640245106337e-01	6.939321640245106337e-01	6.939321640245106337e-01	6.343573860052580393e-01	6.939321640245106337e-01	6.939321640245106337e-01	6.939321640245106337e-01	6.939321640245106337e-01	6.939321640245106337e-01	6.939321640245106337e-01	6.939321640245106337e-01	6.939321640245106337e-01	6.939321640245106337e-01	6.612011652045099996e-01	6.939321640245106337e-01	6.939321640245106337e-01	6.939321640245106337e-01	6.939321640245106337e-01	6.801647495726059756e-01	7.421003473539390383e-01	6.939321640245106337e-01	6.939321640245106337e-01	7.409795875711989721e-01	6.939321640245106337e-01	6.939321640245106337e-01	6.939321640245106337e-01	6.939321640245106337e-01	6.698427783107360201e-01	6.014815033530449551e-01	6.818279802642479570e-01	6.939321640245106337e-01	6.939321640245106337e-01	6.939321640245106337e-01	6.939321640245106337e-01	6.939321640245106337e-01	7.136672410884179474e-01	6.939321640245106337e-01	6.939321640245106337e-01	6.434287857663799626e-01	6.939321640245106337e-01	6.939321640245106337e-01	6.939321640245106337e-01	6.939321640245106337e-01	6.939321640245106337e-01	6.939321640245106337e-01	6.939321640245106337e-01	6.939321640245106337e-01	6.939321640245106337e-01	6.939321640245106337e-01	6.939321640245106337e-01	6.939321640245106337e-01	6.179715534719459891e-01	6.673536525906490491e-01	6.939321640245106337e-01	6.939321640245106337e-01	6.847417165567150077e-01	6.939321640245106337e-01	6.939321640245106337e-01	6.939321640245106337e-01	6.939321640245106337e-01	6.939321640245106337e-01	6.939321640245106337e-01	6.939321640245106337e-01	7.485563512862399849e-01	6.939321640245106337e-01	6.939321640245106337e-01	6.450529651875299697e-01	7.580627096974700274e-01	6.984051378344859895e-01	6.939321640245106337e-01	6.939321640245106337e-01	6.939321640245106337e-01	6.939321640245106337e-01	7.372206898163210509e-01	6.939321640245106337e-01	6.939321640245106337e-01	6.939321640245106337e-01	7.452023028677879912e-01	6.939321640245106337e-01	7.331383291121800205e-01	6.939321640245106337e-01
7.516143267228260205e-01	6.939321640245106337e-01	7.246107028628659963e-01	6.939321640245106337e-01	6.939321640245106337e-01	6.766704655714459449e-01	6.939321640245106337e-01	6.939321640245106337e-01	6.939321640245106337e-01	6.939321640245106337e-01	9.999999999999910072e-01	7.682858605721080147e-01	6.939321640245106337e-01	6.939321640245106337e-01	6.939321640245106337e-01	7.295471562334859827e-01	5.828530976896290072e-01	6.844377720991130509e-01	7.012390996199120430e-01	6.939321640245106337e-01	6.552311602607689967e-01	6.939321640245106337e-01	7.606458635186059691e-01	7.277431952725780251e-01	6.939321640245106337e-01	6.939321640245106337e-01	6.939321640245106337e-01	7.627088048656499586e-01	6.410053293338090485e-01	6.015826255227200159e-01	6.939321640245106337e-01	6.939321640245106337e-01	6.847523792695789924e-01	6.939321640245106337e-01	6.939321640245106337e-01	6.939321640245106337e-01	6.939321640245106337e-01	7.599649900769790412e-01	6.939321640245106337e-01	6.939321640245106337e-01	5.622765465117319783e-01	6.939321640245106337e-01	6.939321640245106337e-01	6.939321640245106337e-01	6.939321640245106337e-01	6.939321640245106337e-01	6.939321640245106337e-01	6.939321640245106337e-01	6.939321640245106337e-01	6.939321640245106337e-01	7.337797815245410415e-01	7.024200572125739450e-01	7.073409109747550438e-01	5.871194353172159985e-01	6.538163720910740162e-01	6.939321640245106337e-01	6.939321640245106337e-01	6.939321640245106337e-01	6.939321640245106337e-01	6.939321640245106337e-01	6.939321640245106337e-01	6.939321640245106337e-01	6.939321640245106337e-01	6.939321640245106337e-01	6.939321640245106337e-01	6.939321640245106337e-01	6.572151940677000148e-01	6.939321640245106337e-01	6.939321640245106337e-01	6.939321640245106337e-01	6.939321640245106337e-01	6.939321640245106337e-01	7.055858355971680318e-01	6.939321640245106337e-01	6.939321640245106337e-01	6.939321640245106337e-01	6.939321640245106337e-01	6.939321640245106337e-01	6.939321640245106337e-01	6.939321640245106337e-01	6.939321640245106337e-01	6.430960323665190215e-01	6.939321640245106337e-01	6.939321640245106337e-01	6.939321640245106337e-01	6.939321640245106337e-01	6.939321640245106337e-01	6.939321640245106337e-01	7.801405584136269500e-01	6.939321640245106337e-01	6.939321640245106337e-01	6.939321640245106337e-01	6.939321640245106337e-01	6.939321640245106337e-01	6.939321640245106337e-01	6.939321640245106337e-01	6.939321640245106337e-01	6.939321640245106337e-01	6.939321640245106337e-01	6.939321640245106337e-01	6.939321640245106337e-01	5.801133294386620065e-01	6.939321640245106337e-01	6.939321640245106337e-01	6.939321640245106337e-01	6.939321640245106337e-01	6.939321640245106337e-01	6.529278675973230195e-01	6.792123715860309829e-01	6.939321640245106337e-01	6.939321640245106337e-01	6.939321640245106337e-01	6.939321640245106337e-01	7.441622192767020083e-01	6.939321640245106337e-01	6.939321640245106337e-01	7.591731338294139819e-01	6.939321640245106337e-01	7.566395996126999979e-01	7.447453086202210359e-01	6.939321640245106337e-01	6.939321640245106337e-01	7.397077714002230353e-01	6.939321640245106337e-01
7.113825770629480516e-01	6.939321640245106337e-01	6.740802842983280030e-01	6.939321640245106337e-01	6.939321640245106337e-01	6.339365051944759744e-01	7.214428863491080257e-01	6.939321640245106337e-01	6.939321640245106337e-01	6.939321640245106337e-01	7.682858605721080147e-01	1.000000000000039968e+00	6.939321640245106337e-01	6.939321640245106337e-01	6.939321640245106337e-01	6.704343578961550199e-01	6.939321640245106337e-01	6.939321640245106337e-01	6.939321640245106337e-01	7.510850218762360475e-01	6.939321640245106337e-01	6.845490040702459922e-01	6.939321640245106337e-01	6.939321640245106337e-01	6.939321640245106337e-01	7.370516387399830283e-01	6.939321640245106337e-01	7.177800141177640425e-01	6.939321640245106337e-01	6.939321640245106337e-01	6.939321640245106337e-01	6.939321640245106337e-01	6.939321640245106337e-01	6.939321640245106337e-01	6.939321640245106337e-01	6.939321640245106337e-01	6.257792659814600533e-01	7.393283548759279622e-01	6.939321640245106337e-01	7.242619305995200429e-01	6.939321640245106337e-01	7.016179986606050356e-01	6.939321640245106337e-01	6.939321640245106337e-01	6.667767918606940514e-01	5.971961805865539930e-01	6.939321640245106337e-01	5.978497422048779653e-01	6.939321640245106337e-01	6.939321640245106337e-01	7.017160356098890439e-01	6.939321640245106337e-01	6.939321640245106337e-01	6.939321640245106337e-01	6.361909603079799469e-01	6.939321640245106337e-01	6.939321640245106337e-01	6.939321640245106337e-01	6.163826216074099751e-01	6.939321640245106337e-01	6.939321640245106337e-01	6.579013970966000047e-01	6.939321640245106337e-01	5.792209818141259570e-01	5.145014082624960183e-01	6.939321640245106337e-01	6.165953121903250400e-01	6.939321640245106337e-01	6.515837006272150456e-01	5.106435133699800399e-01	6.939321640245106337e-01	5.820030570688580207e-01	6.842010664294470024e-01	7.028257490690550391e-01	6.939321640245106337e-01	6.939321640245106337e-01	6.939321640245106337e-01	6.939321640245106337e-01	6.501192223609030263e-01	6.817916793917779827e-01	6.939321640245106337e-01	6.233940032297170530e-01	6.939321640245106337e-01	6.939321640245106337e-01	6.939321640245106337e-01	5.415040176473580047e-01	6.939321640245106337e-01	6.939321640245106337e-01	7.360462408348370511e-01	6.756823369780510236e-01	6.939321640245106337e-01	6.367979338899799613e-01	6.939321640245106337e-01	6.939321640245106337e-01	6.939321640245106337e-01	6.939321640245106337e-01	6.939321640245106337e-01	6.939321640245106337e-01	6.939321640245106337e-01	6.939321640245106337e-01	6.939321640245106337e-01	6.939321640245106337e-01	5.694912797833560081e-01	6.939321640245106337e-01	6.939321640245106337e-01	6.939321640245106337e-01	6.939321640245106337e-01	6.939321640245106337e-01	6.939321640245106337e-01	5.965704624859949901e-01	6.939321640245106337e-01	6.939321640245106337e-01	6.939321640245106337e-01	6.939321640245106337e-01	7.080188982612080073e-01	6.939321640245106337e-01	6.939321640245106337e-01	6.939321640245106337e-01	6.939321640245106337e-01	7.519237572835240080e-01	6.939321640245106337e-01	6.939321640245106337e-01	7.523093356949930310e-01	7.759550817573600545e-01
