1.000000000000000000e+00	7.824998244898494493e-01	7.824998244898494493e-01	7.824998244898494493e-01	7.824998244898494493e-01	8.063465959714080089e-01	7.824998244898494493e-01	8.471002149769489842e-01	7.824998244898494493e-01	7.817258591054480066e-01	9.225132488705030109e-01	6.267540648415620419e-01	8.873428673016460211e-01	7.824998244898494493e-01	7.824998244898494493e-01	7.824998244898494493e-01	7.824998244898494493e-01	7.824998244898494493e-01	7.824998244898494493e-01	7.824998244898494493e-01	7.824998244898494493e-01	9.561177835345620046e-01	7.824998244898494493e-01	7.824998244898494493e-01	8.872257310331640445e-01	7.824998244898494493e-01	7.824998244898494493e-01	7.824998244898494493e-01	7.824998244898494493e-01	8.440352745310819582e-01	7.824998244898494493e-01	7.824998244898494493e-01	7.824998244898494493e-01	7.824998244898494493e-01	7.824998244898494493e-01	7.824998244898494493e-01	7.824998244898494493e-01	7.824998244898494493e-01	7.824998244898494493e-01	7.824998244898494493e-01	7.824998244898494493e-01	7.824998244898494493e-01	8.909152915045830401e-01	7.824998244898494493e-01	9.215870733177939922e-01	7.824998244898494493e-01	7.824998244898494493e-01	7.824998244898494493e-01	7.824998244898494493e-01	7.824998244898494493e-01	9.343328369095059704e-01	8.967846392958539470e-01	7.824998244898494493e-01	9.353362437748780067e-01	7.824998244898494493e-01	7.824998244898494493e-01	7.824998244898494493e-01	7.824998244898494493e-01	7.824998244898494493e-01	7.824998244898494493e-01	7.824998244898494493e-01	7.824998244898494493e-01	7.824998244898494493e-01	4.586178369365039864e-01	7.824998244898494493e-01	6.597227807742529482e-01	7.824998244898494493e-01	7.824998244898494493e-01	7.824998244898494493e-01	7.824998244898494493e-01	7.824998244898494493e-01	7.824998244898494493e-01	7.824998244898494493e-01	7.824998244898494493e-01	7.824998244898494493e-01	7.824998244898494493e-01	7.824998244898494493e-01	7.824998244898494493e-01	7.824998244898494493e-01	7.824998244898494493e-01	7.824998244898494493e-01	7.824998244898494493e-01	9.050142767147789646e-01	7.824998244898494493e-01	9.394388429253890394e-01	9.453429490393150392e-01	7.824998244898494493e-01	9.009559931899829843e-01	7.824998244898494493e-01	7.824998244898494493e-01	7.824998244898494493e-01	6.959560043820860464e-01	7.824998244898494493e-01	7.824998244898494493e-01	7.824998244898494493e-01	7.824998244898494493e-01	7.824998244898494493e-01	7.824998244898494493e-01	7.824998244898494493e-01	9.096650069247079751e-01	9.513360343911200223e-01	7.824998244898494493e-01	7.824998244898494493e-01	7.583246520780889677e-01	9.515435571156269923e-01	7.824998244898494493e-01	6.569397542862880357e-01	7.824998244898494493e-01	7.824998244898494493e-01	7.824998244898494493e-01	7.824998244898494493e-01	7.824998244898494493e-01	7.824998244898494493e-01	7.824998244898494493e-01	6.731952989304510471e-01	7.824998244898494493e-01	7.824998244898494493e-01	7.824998244898494493e-01	9.406798772800429864e-01	7.824998244898494493e-01	7.824998244898494493e-01	7.824998244898494493e-01	9.197427900090719977e-01	9.308641112044639954e-01
7.824998244898494493e-01	1.000000000000000000e+00	7.824998244898494493e-01	6.904908755223060357e-01	7.601527980063740308e-01	7.824998244898494493e-01	7.824998244898494493e-01	7.824998244898494493e-01	7.460825435716980092e-01	7.824998244898494493e-01	7.518366166414409690e-01	7.824998244898494493e-01	7.824998244898494493e-01	7.824998244898494493e-01	7.824998244898494493e-01	7.106720556092429586e-01	7.536037015131079597e-01	7.824998244898494493e-01	7.824998244898494493e-01	7.824998244898494493e-01	7.824998244898494493e-01	7.824998244898494493e-01	7.824998244898494493e-01	7.824998244898494493e-01	7.032059097555449778e-01	7.824998244898494493e-01	6.755254756744250022e-01	7.824998244898494493e-01	5.944272523843140421e-01	7.824998244898494493e-01	7.824998244898494493e-01	7.824998244898494493e-01	7.824998244898494493e-01	7.655999998413729468e-01	7.824998244898494493e-01	5.566183945353799789e-01	7.824998244898494493e-01	7.824998244898494493e-01	7.824998244898494493e-01	7.824998244898494493e-01	6.501444524813400072e-01	7.824998244898494493e-01	7.824998244898494493e-01	6.232151833849890465e-01	7.824998244898494493e-01	7.824998244898494493e-01	7.824998244898494493e-01	7.824998244898494493e-01	7.824998244898494493e-01	7.824998244898494493e-01	7.824998244898494493e-01	7.824998244898494493e-01	7.661538984545329667e-01	7.824998244898494493e-01	7.824998244898494493e-01	7.831068272919150530e-01	7.824998244898494493e-01	7.824998244898494493e-01	6.115532317022179809e-01	7.824998244898494493e-01	7.824998244898494493e-01	7.824998244898494493e-01	7.824998244898494493e-01	6.896907496396560422e-01	7.824998244898494493e-01	7.824998244898494493e-01	7.824998244898494493e-01	7.824998244898494493e-01	7.824998244898494493e-01	6.342015712378390457e-01	7.824998244898494493e-01	7.824998244898494493e-01	7.824998244898494493e-01	7.824998244898494493e-01	7.824998244898494493e-01	7.824998244898494493e-01	7.824998244898494493e-01	7.824998244898494493e-01	7.824998244898494493e-01	6.296404705068829877e-01	6.375008857990259736e-01	7.824998244898494493e-01	7.824998244898494493e-01	7.824998244898494493e-01	7.824998244898494493e-01	7.824998244898494493e-01	7.824998244898494493e-01	6.208587218547440001e-01	1.000000000000000021e-03	7.824998244898494493e-01	7.451709488950070126e-01	7.824998244898494493e-01	7.824998244898494493e-01	7.824998244898494493e-01	6.004195936987990478e-01	7.824998244898494493e-01	7.430503563330780326e-01	7.824998244898494493e-01	6.096973889084570386e-01	6.534666912904559810e-01	7.007762289728870497e-01	7.824998244898494493e-01	7.824998244898494493e-01	7.824998244898494493e-01	6.294001824693209457e-01	7.824998244898494493e-01	7.824998244898494493e-01	7.824998244898494493e-01	7.862189832534870471e-01	7.824998244898494493e-01	7.824998244898494493e-01	7.034057349120209635e-01	7.939897850612960273e-01	7.824998244898494493e-01	7.824998244898494493e-01	7.824998244898494493e-01	7.824998244898494493e-01	7.358921370413950003e-01	7.824998244898494493e-01	7.824998244898494493e-01	7.824998244898494493e-01	7.824998244898494493e-01	7.824998244898494493e-01	7.824998244898494493e-01
7.824998244898494493e-01	7.824998244898494493e-01	1.000000000000000000e+00	7.824998244898494493e-01	8.190085310692459819e-01	7.824998244898494493e-01	8.049107853332609919e-01	7.824998244898494493e-01	7.824998244898494493e-01	7.824998244898494493e-01	7.910080324412229746e-01	7.824998244898494493e-01	7.495722740703749665e-01	7.824998244898494493e-01	7.824998244898494493e-01	7.824998244898494493e-01	7.824998244898494493e-01	7.824998244898494493e-01	6.923541618900159733e-01	7.824998244898494493e-01	7.824998244898494493e-01	6.565514831119959593e-01	7.824998244898494493e-01	7.824998244898494493e-01	7.824998244898494493e-01	7.824998244898494493e-01	7.824998244898494493e-01	7.695365098751879573e-01	7.824998244898494493e-01	7.824998244898494493e-01	7.824998244898494493e-01	7.824998244898494493e-01	7.824998244898494493e-01	7.824998244898494493e-01	7.824998244898494493e-01	7.824998244898494493e-01	7.824998244898494493e-01	7.583942980258230326e-01	7.824998244898494493e-01	7.848054984682230062e-01	7.824998244898494493e-01	7.824998244898494493e-01	7.824998244898494493e-01	6.182786784530189816e-01	7.824998244898494493e-01	8.662195710987149466e-01	7.824998244898494493e-01	7.824998244898494493e-01	7.824998244898494493e-01	7.824998244898494493e-01	7.824998244898494493e-01	6.925409656011489723e-01	7.824998244898494493e-01	6.418794034510669766e-01	6.079309185733400289e-01	8.719462426859490023e-01	7.824998244898494493e-01	7.824998244898494493e-01	6.051718222449310458e-01	7.824998244898494493e-01	7.824998244898494493e-01	8.665701661127109823e-01	7.824998244898494493e-01	7.824998244898494493e-01	7.824998244898494493e-01	7.824998244898494493e-01	7.824998244898494493e-01	7.824998244898494493e-01	7.824998244898494493e-01	7.824998244898494493e-01	7.824998244898494493e-01	7.824998244898494493e-01	7.824998244898494493e-01	7.824998244898494493e-01	7.824998244898494493e-01	7.824998244898494493e-01	7.824998244898494493e-01	7.824998244898494493e-01	7.824998244898494493e-01	6.722203350342179640e-01	7.824998244898494493e-01	7.824998244898494493e-01	6.232169719692549625e-01	7.824998244898494493e-01	6.291076246687199447e-01	7.824998244898494493e-01	7.824998244898494493e-01	6.103206312739779538e-01	1.000000000000000021e-03	7.824998244898494493e-01	8.185244723682170154e-01	7.824998244898494493e-01	7.824998244898494493e-01	7.824998244898494493e-01	7.824998244898494493e-01	7.824998244898494493e-01	7.824998244898494493e-01	7.824998244898494493e-01	7.824998244898494493e-01	7.086760788399749655e-01	7.824998244898494493e-01	7.824998244898494493e-01	7.824998244898494493e-01	8.328845601531339460e-01	7.824998244898494493e-01	7.824998244898494493e-01	8.002580149059560499e-01	7.824998244898494493e-01	7.723287068550229728e-01	7.824998244898494493e-01	7.824998244898494493e-01	7.824998244898494493e-01	7.557847783266310460e-01	7.824998244898494493e-01	7.824998244898494493e-01	6.686991119333109967e-01	7.824998244898494493e-01	7.824998244898494493e-01	7.824998244898494493e-01	6.266317625899400223e-01	7.824998244898494493e-01	7.824998244898494493e-01	6.044757666151610032e-01	7.824998244898494493e-01
7.824998244898494493e-01	6.904908755223060357e-01	7.824998244898494493e-01	1.000000000000000000e+00	8.485698820121070352e-01	8.040103757947789642e-01	7.824998244898494493e-01	7.824998244898494493e-01	7.824998244898494493e-01	7.824998244898494493e-01	7.824998244898494493e-01	7.824998244898494493e-01	7.824998244898494493e-01	7.824998244898494493e-01	7.824998244898494493e-01	7.824998244898494493e-01	8.424090447616709998e-01	7.824998244898494493e-01	8.119640143041260139e-01	7.983082147263209638e-01	7.196535224716680279e-01	7.824998244898494493e-01	7.824998244898494493e-01	7.824998244898494493e-01	7.824998244898494493e-01	7.824998244898494493e-01	8.462011797459899620e-01	7.824998244898494493e-01	8.092607425027009693e-01	7.824998244898494493e-01	8.249579823827839498e-01	7.824998244898494493e-01	7.839185804050590178e-01	8.211432064029969835e-01	7.824998244898494493e-01	7.824998244898494493e-01	7.824998244898494493e-01	8.097881260304370388e-01	7.824998244898494493e-01	7.824998244898494493e-01	7.824998244898494493e-01	7.824998244898494493e-01	7.824998244898494493e-01	7.824998244898494493e-01	7.824998244898494493e-01	7.824998244898494493e-01	7.824998244898494493e-01	7.824998244898494493e-01	7.824998244898494493e-01	7.956526906399500332e-01	8.202693654673399726e-01	8.087638760827320361e-01	7.996174972099320266e-01	7.973282319930730111e-01	7.824998244898494493e-01	7.824998244898494493e-01	7.824998244898494493e-01	7.824998244898494493e-01	7.824998244898494493e-01	7.824998244898494493e-01	7.824998244898494493e-01	7.824998244898494493e-01	7.824998244898494493e-01	7.824998244898494493e-01	7.824998244898494493e-01	7.055792128437140542e-01	7.824998244898494493e-01	8.006232706093849849e-01	7.824998244898494493e-01	7.669612851164210321e-01	7.824998244898494493e-01	7.824998244898494493e-01	7.824998244898494493e-01	7.927215674104439724e-01	7.824998244898494493e-01	7.824998244898494493e-01	7.989889572924100403e-01	7.824998244898494493e-01	7.496260564309510377e-01	7.824998244898494493e-01	7.824998244898494493e-01	8.141550953633499565e-01	7.824998244898494493e-01	7.179351385724099810e-01	7.824998244898494493e-01	7.824998244898494493e-01	8.058399551768340441e-01	7.824998244898494493e-01	7.824998244898494493e-01	7.630664172109300480e-01	7.824998244898494493e-01	7.824998244898494493e-01	7.824998244898494493e-01	7.824998244898494493e-01	7.824998244898494493e-01	7.824998244898494493e-01	8.148072581132990155e-01	8.141177111786159770e-01	7.824998244898494493e-01	7.824998244898494493e-01	7.824998244898494493e-01	7.006254069909549909e-01	7.824998244898494493e-01	7.798637355833919482e-01	7.824998244898494493e-01	8.196975155071339891e-01	6.936986814027720216e-01	7.473190406179109901e-01	7.760547812113589572e-01	7.679127597072570310e-01	7.824998244898494493e-01	7.824998244898494493e-01	7.888384941176329601e-01	7.824998244898494493e-01	7.824998244898494493e-01	8.231960279991860086e-01	7.824998244898494493e-01	7.824998244898494493e-01	8.628377902147950085e-01	7.824998244898494493e-01	7.824998244898494493e-01	7.847536964957230188e-01	7.824998244898494493e-01	7.824998244898494493e-01
7.824998244898494493e-01	7.601527980063740308e-01	8.190085310692459819e-01	8.485698820121070352e-01	1.000000000000000000e+00	7.824998244898494493e-01	7.824998244898494493e-01	8.748312923143829467e-01	7.824998244898494493e-01	8.465582497197630119e-01	7.824998244898494493e-01	7.824998244898494493e-01	7.824998244898494493e-01	5.537869452341359633e-01	8.527567735991079534e-01	7.824998244898494493e-01	8.768975251187830500e-01	6.360370748843180433e-01	8.636107358713329685e-01	8.340542459232309636e-01	7.310128700564729742e-01	7.824998244898494493e-01	7.824998244898494493e-01	7.824998244898494493e-01	7.824998244898494493e-01	8.918336777396409509e-01	8.984874735413379554e-01	7.824998244898494493e-01	8.393225361127359951e-01	8.755772885196579924e-01	7.824998244898494493e-01	7.824998244898494493e-01	7.824998244898494493e-01	7.824998244898494493e-01	7.824998244898494493e-01	8.229054903059529469e-01	7.824998244898494493e-01	7.824998244898494493e-01	7.824998244898494493e-01	7.824998244898494493e-01	7.824998244898494493e-01	7.824998244898494493e-01	7.824998244898494493e-01	7.824998244898494493e-01	8.379506460080949903e-01	7.824998244898494493e-01	7.824998244898494493e-01	8.574415847518119804e-01	9.046117809694790290e-01	8.214236921422930493e-01	7.824998244898494493e-01	7.824998244898494493e-01	7.824998244898494493e-01	7.824998244898494493e-01	7.824998244898494493e-01	7.824998244898494493e-01	7.824998244898494493e-01	7.824998244898494493e-01	8.280320647591780103e-01	7.824998244898494493e-01	7.824998244898494493e-01	7.824998244898494493e-01	8.355492369201039660e-01	7.824998244898494493e-01	7.824998244898494493e-01	7.454960848435719933e-01	8.419860618988359580e-01	7.824998244898494493e-01	7.824998244898494493e-01	7.824998244898494493e-01	7.824998244898494493e-01	7.824998244898494493e-01	7.824998244898494493e-01	7.824998244898494493e-01	7.824998244898494493e-01	7.824998244898494493e-01	8.486307675236810510e-01	7.824998244898494493e-01	7.824998244898494493e-01	7.824998244898494493e-01	7.824998244898494493e-01	8.614249917094249920e-01	8.459947794390220155e-01	7.824998244898494493e-01	7.824998244898494493e-01	7.824998244898494493e-01	7.824998244898494493e-01	7.824998244898494493e-01	1.000000000000000021e-03	7.824998244898494493e-01	7.958194010222120474e-01	7.824998244898494493e-01	8.967640498850170117e-01	8.340542459232309636e-01	7.824998244898494493e-01	7.824998244898494493e-01	7.824998244898494493e-01	7.824998244898494493e-01	8.718386451994349917e-01	7.824998244898494493e-01	7.824998244898494493e-01	7.824998244898494493e-01	7.824998244898494493e-01	7.824998244898494493e-01	7.824998244898494493e-01	7.824998244898494493e-01	7.824998244898494493e-01	7.824998244898494493e-01	7.824998244898494493e-01	8.108578868690089481e-01	7.824998244898494493e-01	7.824998244898494493e-01	7.824998244898494493e-01	7.824998244898494493e-01	7.824998244898494493e-01	7.824998244898494493e-01	7.824998244898494493e-01	7.824998244898494493e-01	7.824998244898494493e-01	7.824998244898494493e-01	7.999732770563430240e-01	7.824998244898494493e-01	7.824998244898494493e-01	7.824998244898494493e-01
8.063465959714080089e-01	7.824998244898494493e-01	7.824998244898494493e-01	8.040103757947789642e-01	7.824998244898494493e-01	1.000000000000000000e+00	7.824998244898494493e-01	7.824998244898494493e-01	8.399249506709529633e-01	7.824998244898494493e-01	7.824998244898494493e-01	7.824998244898494493e-01	7.824998244898494493e-01	7.824998244898494493e-01	7.824998244898494493e-01	7.824998244898494493e-01	8.258107475595419800e-01	7.824998244898494493e-01	7.824998244898494493e-01	7.824998244898494493e-01	7.824998244898494493e-01	7.824998244898494493e-01	7.824998244898494493e-01	7.824998244898494493e-01	7.824998244898494493e-01	7.824998244898494493e-01	7.824998244898494493e-01	7.824998244898494493e-01	7.581114011471770109e-01	8.110906305098229963e-01	7.824998244898494493e-01	7.824998244898494493e-01	7.824998244898494493e-01	8.413049020532600286e-01	7.824998244898494493e-01	7.824998244898494493e-01	7.824998244898494493e-01	7.824998244898494493e-01	7.639735930349970117e-01	7.824998244898494493e-01	7.604670108196960321e-01	7.604168153365370442e-01	7.824998244898494493e-01	7.507520686222800554e-01	7.824998244898494493e-01	7.824998244898494493e-01	7.824998244898494493e-01	7.824998244898494493e-01	8.666074718044769476e-01	7.824998244898494493e-01	7.824998244898494493e-01	7.824998244898494493e-01	8.191566255912330341e-01	7.824998244898494493e-01	7.824998244898494493e-01	7.824998244898494493e-01	7.824998244898494493e-01	7.804234742387079482e-01	7.824998244898494493e-01	7.824998244898494493e-01	7.824998244898494493e-01	7.798928320958380400e-01	7.824998244898494493e-01	7.824998244898494493e-01	8.174328670960130383e-01	7.824998244898494493e-01	7.824998244898494493e-01	7.824998244898494493e-01	7.824998244898494493e-01	7.384075423082480105e-01	7.824998244898494493e-01	7.824998244898494493e-01	7.539260257092650352e-01	7.649191658986700393e-01	7.824998244898494493e-01	7.824998244898494493e-01	7.526634761228759851e-01	7.824998244898494493e-01	7.824998244898494493e-01	7.824998244898494493e-01	7.824998244898494493e-01	7.713828297095030040e-01	7.824998244898494493e-01	7.824998244898494493e-01	7.654989345931629829e-01	7.824998244898494493e-01	7.824998244898494493e-01	7.487681504507669450e-01	7.824998244898494493e-01	7.824998244898494493e-01	7.824998244898494493e-01	7.824998244898494493e-01	7.824998244898494493e-01	7.824998244898494493e-01	7.824998244898494493e-01	7.501361049409069892e-01	7.824998244898494493e-01	7.824998244898494493e-01	7.824998244898494493e-01	7.824998244898494493e-01	7.824998244898494493e-01	7.824998244898494493e-01	7.824998244898494493e-01	7.824998244898494493e-01	7.824998244898494493e-01	7.939692770960350421e-01	7.824998244898494493e-01	7.824998244898494493e-01	7.772584124913269887e-01	7.824998244898494493e-01	7.824998244898494493e-01	8.089286904618450125e-01	7.824998244898494493e-01	7.824998244898494493e-01	7.824998244898494493e-01	7.824998244898494493e-01	7.824998244898494493e-01	7.824998244898494493e-01	7.824998244898494493e-01	7.701573523715860015e-01	7.824998244898494493e-01	7.533506978960929912e-01	7.824998244898494493e-01	7.824998244898494493e-01
7.824998244898494493e-01	7.824998244898494493e-01	8.049107853332609919e-01	7.824998244898494493e-01	7.824998244898494493e-01	7.824998244898494493e-01	1.000000000000000000e+00	7.824998244898494493e-01	8.624590023994169741e-01	7.824998244898494493e-01	8.509110253792729894e-01	7.824998244898494493e-01	7.824998244898494493e-01	5.546171960732000361e-01	7.824998244898494493e-01	7.824998244898494493e-01	7.824998244898494493e-01	7.824998244898494493e-01	7.951596151207449559e-01	7.824998244898494493e-01	7.824998244898494493e-01	7.824998244898494493e-01	7.824998244898494493e-01	7.824998244898494493e-01	8.656852488863500117e-01	7.824998244898494493e-01	7.824998244898494493e-01	7.824998244898494493e-01	7.824998244898494493e-01	8.080956775436219930e-01	7.841593447526240546e-01	7.799599820370609615e-01	7.824998244898494493e-01	7.824998244898494493e-01	8.291045110362059711e-01	7.824998244898494493e-01	7.824998244898494493e-01	7.824998244898494493e-01	7.824998244898494493e-01	7.824998244898494493e-01	7.824998244898494493e-01	8.050886776602940165e-01	7.824998244898494493e-01	7.824998244898494493e-01	7.824998244898494493e-01	7.533225916268010414e-01	7.824998244898494493e-01	7.824998244898494493e-01	7.824998244898494493e-01	7.978455495149170407e-01	7.824998244898494493e-01	7.824998244898494493e-01	7.824998244898494493e-01	7.824998244898494493e-01	7.824998244898494493e-01	7.907560876078310041e-01	7.824998244898494493e-01	7.824998244898494493e-01	7.824998244898494493e-01	7.961095146628770491e-01	7.742217201370720225e-01	7.824998244898494493e-01	7.923303549374429711e-01	5.558872413155480086e-01	7.824998244898494493e-01	7.824998244898494493e-01	7.824998244898494493e-01	7.824998244898494493e-01	8.460409116088459802e-01	7.824998244898494493e-01	7.824998244898494493e-01	8.207167688499600322e-01	7.824998244898494493e-01	7.824998244898494493e-01	6.523817356158050362e-01	7.824998244898494493e-01	7.931061445461360382e-01	7.824998244898494493e-01	8.140943469348720374e-01	7.824998244898494493e-01	7.824998244898494493e-01	7.824998244898494493e-01	7.824998244898494493e-01	7.694172594065979975e-01	8.072102380998910087e-01	7.859437517859130251e-01	7.824998244898494493e-01	7.824998244898494493e-01	7.824998244898494493e-01	7.824998244898494493e-01	7.824998244898494493e-01	7.687264122523139731e-01	7.824998244898494493e-01	7.824998244898494493e-01	7.824998244898494493e-01	7.824998244898494493e-01	7.824998244898494493e-01	7.895632775696860284e-01	7.824998244898494493e-01	7.824998244898494493e-01	8.513800285687429525e-01	7.824998244898494493e-01	7.824998244898494493e-01	8.340039802779040112e-01	7.824998244898494493e-01	8.423751983143870081e-01	7.824998244898494493e-01	7.824998244898494493e-01	7.824998244898494493e-01	7.824998244898494493e-01	7.824998244898494493e-01	7.955636405021909718e-01	7.824998244898494493e-01	7.824998244898494493e-01	7.824998244898494493e-01	7.824998244898494493e-01	7.824998244898494493e-01	7.824998244898494493e-01	7.824998244898494493e-01	7.710884489080109816e-01	7.824998244898494493e-01	7.824998244898494493e-01	7.495077403310730357e-01	7.824998244898494493e-01
8.471002149769489842e-01	7.824998244898494493e-01	7.824998244898494493e-01	7.824998244898494493e-01	8.748312923143829467e-01	7.824998244898494493e-01	7.824998244898494493e-01	1.000000000000000000e+00	7.824998244898494493e-01	7.824998244898494493e-01	7.824998244898494493e-01	7.191311779132619764e-01	7.824998244898494493e-01	7.824998244898494493e-01	7.824998244898494493e-01	7.824998244898494493e-01	8.347702617009830073e-01	7.824998244898494493e-01	7.824998244898494493e-01	7.824998244898494493e-01	7.824998244898494493e-01	7.824998244898494493e-01	7.887004077920960476e-01	7.824998244898494493e-01	7.824998244898494493e-01	7.824998244898494493e-01	7.824998244898494493e-01	7.824998244898494493e-01	7.824998244898494493e-01	7.824998244898494493e-01	7.824998244898494493e-01	7.824998244898494493e-01	7.824998244898494493e-01	7.824998244898494493e-01	7.824998244898494493e-01	7.824998244898494493e-01	7.824998244898494493e-01	7.824998244898494493e-01	7.824998244898494493e-01	7.824998244898494493e-01	7.824998244898494493e-01	7.824998244898494493e-01	8.391611624372420364e-01	7.824998244898494493e-01	7.824998244898494493e-01	7.209124220480499501e-01	7.824998244898494493e-01	7.824998244898494493e-01	7.824998244898494493e-01	7.824998244898494493e-01	7.824998244898494493e-01	7.824998244898494493e-01	7.824998244898494493e-01	8.074094932090629673e-01	8.299020164318220427e-01	7.824998244898494493e-01	7.824998244898494493e-01	8.233094363864890131e-01	7.824998244898494493e-01	7.824998244898494493e-01	7.824998244898494493e-01	7.824998244898494493e-01	7.824998244898494493e-01	7.824998244898494493e-01	7.824998244898494493e-01	7.824998244898494493e-01	7.824998244898494493e-01	8.231062574382479458e-01	7.824998244898494493e-01	7.824998244898494493e-01	7.824998244898494493e-01	7.824998244898494493e-01	8.055925341235139481e-01	7.824998244898494493e-01	6.097446349777959629e-01	7.589974381517949897e-01	7.824998244898494493e-01	8.127566951432489972e-01	8.176839246622490398e-01	7.824998244898494493e-01	7.824998244898494493e-01	7.824998244898494493e-01	8.420682247999550230e-01	7.824998244898494493e-01	7.824998244898494493e-01	7.824998244898494493e-01	7.824998244898494493e-01	7.824998244898494493e-01	7.824998244898494493e-01	8.594642788238510134e-01	7.824998244898494493e-01	7.824998244898494493e-01	8.407907743025969660e-01	7.824998244898494493e-01	7.824998244898494493e-01	7.824998244898494493e-01	7.824998244898494493e-01	7.824998244898494493e-01	8.246502558626389590e-01	7.824998244898494493e-01	7.824998244898494493e-01	7.194366931167079926e-01	7.824998244898494493e-01	7.824998244898494493e-01	7.824998244898494493e-01	7.824998244898494493e-01	7.824998244898494493e-01	7.824998244898494493e-01	7.824998244898494493e-01	7.824998244898494493e-01	7.824998244898494493e-01	7.824998244898494493e-01	7.824998244898494493e-01	7.824998244898494493e-01	7.574893994117729568e-01	8.545476637514519691e-01	7.824998244898494493e-01	7.824998244898494493e-01	7.824998244898494493e-01	7.824998244898494493e-01	7.824998244898494493e-01	8.324042449099630092e-01	7.824998244898494493e-01	7.824998244898494493e-01
7.824998244898494493e-01	7.460825435716980092e-01	7.824998244898494493e-01	7.824998244898494493e-01	7.824998244898494493e-01	8.399249506709529633e-01	8.624590023994169741e-01	7.824998244898494493e-01	1.000000000000000000e+00	8.675232079602609447e-01	7.824998244898494493e-01	7.824998244898494493e-01	7.824998244898494493e-01	7.824998244898494493e-01	7.824998244898494493e-01	8.765603613541379513e-01	8.821984087029800525e-01	7.824998244898494493e-01	8.887905206508760481e-01	7.824998244898494493e-01	7.824998244898494493e-01	7.824998244898494493e-01	7.824998244898494493e-01	8.759165879636660046e-01	9.053909671184130481e-01	7.824998244898494493e-01	7.824998244898494493e-01	7.824998244898494493e-01	7.824998244898494493e-01	7.824998244898494493e-01	8.522845659990120337e-01	7.824998244898494493e-01	8.363217384722020364e-01	7.824998244898494493e-01	7.824998244898494493e-01	8.283267896909880523e-01	7.824998244898494493e-01	8.970961117877249702e-01	8.709333507327750024e-01	8.975802671509930386e-01	7.824998244898494493e-01	8.232621809931750523e-01	8.913449477741399729e-01	7.824998244898494493e-01	7.824998244898494493e-01	7.442626040184210368e-01	7.824998244898494493e-01	7.824998244898494493e-01	7.824998244898494493e-01	7.824998244898494493e-01	7.824998244898494493e-01	7.824998244898494493e-01	8.677722164649339653e-01	7.824998244898494493e-01	7.824998244898494493e-01	7.824998244898494493e-01	8.522723361169339817e-01	7.824998244898494493e-01	8.359689861585599679e-01	7.824998244898494493e-01	8.466189908952439502e-01	7.824998244898494493e-01	7.824998244898494493e-01	7.824998244898494493e-01	7.824998244898494493e-01	7.497874266673290045e-01	7.824998244898494493e-01	7.824998244898494493e-01	7.824998244898494493e-01	7.824998244898494493e-01	7.824998244898494493e-01	7.824998244898494493e-01	8.579954422563179639e-01	8.494104880137309799e-01	7.824998244898494493e-01	7.824998244898494493e-01	7.824998244898494493e-01	7.824998244898494493e-01	7.824998244898494493e-01	8.671348973633850044e-01	8.924097505403669750e-01	7.824998244898494493e-01	7.824998244898494493e-01	7.794274181391519507e-01	7.824998244898494493e-01	7.824998244898494493e-01	7.824998244898494493e-01	8.195634355970630169e-01	7.824998244898494493e-01	7.824998244898494493e-01	7.999365440690510143e-01	7.824998244898494493e-01	9.021021767300979599e-01	7.824998244898494493e-01	7.824998244898494493e-01	7.824998244898494493e-01	8.743794827700589467e-01	7.824998244898494493e-01	7.824998244898494493e-01	8.973227051826480061e-01	9.026304806022159566e-01	7.824998244898494493e-01	8.611901622233529840e-01	7.824998244898494493e-01	7.824998244898494493e-01	7.824998244898494493e-01	7.502200702204679938e-01	7.824998244898494493e-01	7.824998244898494493e-01	8.254150497105080531e-01	8.340829705093150137e-01	7.824998244898494493e-01	7.824998244898494493e-01	7.824998244898494493e-01	7.824998244898494493e-01	7.824998244898494493e-01	7.824998244898494493e-01	7.824998244898494493e-01	7.824998244898494493e-01	8.635785159822779722e-01	7.824998244898494493e-01	7.824998244898494493e-01	7.824998244898494493e-01	7.824998244898494493e-01
7.817258591054480066e-01	7.824998244898494493e-01	7.824998244898494493e-01	7.824998244898494493e-01	8.465582497197630119e-01	7.824998244898494493e-01	7.824998244898494493e-01	7.824998244898494493e-01	8.675232079602609447e-01	1.000000000000000000e+00	7.824998244898494493e-01	7.977677015412459882e-01	7.824998244898494493e-01	7.824998244898494493e-01	7.824998244898494493e-01	7.824998244898494493e-01	7.824998244898494493e-01	7.206724619854020242e-01	7.730494140378949552e-01	7.824998244898494493e-01	7.824998244898494493e-01	7.480400243957260331e-01	7.824998244898494493e-01	7.824998244898494493e-01	8.552837272399089752e-01	7.824998244898494493e-01	7.824998244898494493e-01	7.824998244898494493e-01	7.824998244898494493e-01	7.824998244898494493e-01	7.824998244898494493e-01	7.824998244898494493e-01	7.824998244898494493e-01	8.230802730503620213e-01	7.682720717974279578e-01	6.877852820363159481e-01	7.824998244898494493e-01	8.264414125244969878e-01	7.824998244898494493e-01	7.824998244898494493e-01	7.824998244898494493e-01	7.824998244898494493e-01	7.840603299022109729e-01	7.383863508594390446e-01	7.824998244898494493e-01	7.824998244898494493e-01	7.824998244898494493e-01	7.464166458650010050e-01	8.523628414001549469e-01	7.824998244898494493e-01	7.358667940026489829e-01	7.824998244898494493e-01	7.824998244898494493e-01	7.371857900239610073e-01	7.824998244898494493e-01	7.824998244898494493e-01	7.526353954926929823e-01	7.824998244898494493e-01	7.180608352555609697e-01	7.618738303995530314e-01	7.824998244898494493e-01	8.311390697374559933e-01	7.274007566378759559e-01	7.824998244898494493e-01	7.824998244898494493e-01	7.824998244898494493e-01	8.034636959436659565e-01	7.824998244898494493e-01	7.824998244898494493e-01	7.824998244898494493e-01	7.280293916955280498e-01	7.824998244898494493e-01	7.179578035611470233e-01	7.824998244898494493e-01	7.824998244898494493e-01	7.824998244898494493e-01	7.824998244898494493e-01	7.824998244898494493e-01	7.824998244898494493e-01	7.580200262499080521e-01	7.869187755898030545e-01	7.824998244898494493e-01	7.824998244898494493e-01	7.824998244898494493e-01	7.824998244898494493e-01	7.824998244898494493e-01	7.824998244898494493e-01	7.824998244898494493e-01	1.000000000000000021e-03	7.824998244898494493e-01	7.824998244898494493e-01	8.331834034256200283e-01	7.824998244898494493e-01	7.824998244898494493e-01	7.824998244898494493e-01	7.824998244898494493e-01	7.824998244898494493e-01	7.824998244898494493e-01	7.478103499429109569e-01	7.824998244898494493e-01	7.824998244898494493e-01	7.824998244898494493e-01	7.824998244898494493e-01	7.824998244898494493e-01	7.824998244898494493e-01	7.824998244898494493e-01	7.983127969110920263e-01	7.195936297377010238e-01	7.824998244898494493e-01	7.161530294932100249e-01	7.824998244898494493e-01	7.824998244898494493e-01	8.345858109336159458e-01	8.351153180016299693e-01	7.824998244898494493e-01	7.726656923844239522e-01	7.703474611934060245e-01	7.824998244898494493e-01	8.119966388368300425e-01	7.824998244898494493e-01	7.824998244898494493e-01	7.402195376240070512e-01	6.876451499016069668e-01	7.824998244898494493e-01
9.225132488705030109e-01	7.518366166414409690e-01	7.910080324412229746e-01	7.824998244898494493e-01	7.824998244898494493e-01	7.824998244898494493e-01	8.509110253792729894e-01	7.824998244898494493e-01	7.824998244898494493e-01	7.824998244898494493e-01	1.000000000000000000e+00	7.132936557947280320e-01	9.126984324974619645e-01	7.824998244898494493e-01	7.824998244898494493e-01	8.786382428336559913e-01	7.824998244898494493e-01	7.824998244898494493e-01	7.824998244898494493e-01	7.824998244898494493e-01	7.824998244898494493e-01	7.824998244898494493e-01	8.216995572417670202e-01	7.824998244898494493e-01	7.824998244898494493e-01	7.824998244898494493e-01	7.824998244898494493e-01	7.824998244898494493e-01	7.824998244898494493e-01	8.849065668624149783e-01	7.824998244898494493e-01	9.034753732487309508e-01	7.824998244898494493e-01	8.714484029769909990e-01	7.824998244898494493e-01	7.824998244898494493e-01	7.824998244898494493e-01	7.824998244898494493e-01	7.824998244898494493e-01	7.824998244898494493e-01	8.939528956743020283e-01	7.824998244898494493e-01	7.824998244898494493e-01	7.824998244898494493e-01	7.824998244898494493e-01	7.824998244898494493e-01	7.824998244898494493e-01	7.824998244898494493e-01	9.085118216412839676e-01	7.824998244898494493e-01	7.824998244898494493e-01	7.824998244898494493e-01	8.803824160243119978e-01	7.824998244898494493e-01	7.824998244898494493e-01	7.824998244898494493e-01	7.824998244898494493e-01	9.206248371171900091e-01	7.824998244898494493e-01	7.824998244898494493e-01	7.824998244898494493e-01	7.824998244898494493e-01	7.824998244898494493e-01	7.824998244898494493e-01	7.824998244898494493e-01	7.824998244898494493e-01	7.824998244898494493e-01	7.824998244898494493e-01	7.824998244898494493e-01	7.824998244898494493e-01	9.033457371594240115e-01	8.998784106553060491e-01	8.966508165749129677e-01	7.824998244898494493e-01	7.824998244898494493e-01	7.538524630837230012e-01	7.824998244898494493e-01	7.824998244898494493e-01	7.824998244898494493e-01	7.824998244898494493e-01	7.824998244898494493e-01	7.824998244898494493e-01	7.824998244898494493e-01	7.824998244898494493e-01	7.824998244898494493e-01	7.824998244898494493e-01	9.027211520621839513e-01	7.824998244898494493e-01	7.824998244898494493e-01	7.824998244898494493e-01	7.586925420594019531e-01	7.824998244898494493e-01	7.824998244898494493e-01	7.824998244898494493e-01	7.824998244898494493e-01	7.824998244898494493e-01	8.735091527591779537e-01	7.824998244898494493e-01	7.824998244898494493e-01	7.824998244898494493e-01	7.824998244898494493e-01	7.065255033449110433e-01	7.824998244898494493e-01	7.824998244898494493e-01	7.824998244898494493e-01	7.824998244898494493e-01	7.254702178125309597e-01	8.019731747681060341e-01	7.824998244898494493e-01	8.500884517001420226e-01	8.771265684788229766e-01	7.824998244898494493e-01	8.189756248115980242e-01	7.824998244898494493e-01	7.824998244898494493e-01	8.951184276901820169e-01	7.824998244898494493e-01	7.824998244898494493e-01	7.824998244898494493e-01	9.020503988792849537e-01	7.824998244898494493e-01	7.824998244898494493e-01	7.824998244898494493e-01	7.824998244898494493e-01
6.267540648415620419e-01	7.824998244898494493e-01	7.824998244898494493e-01	7.824998244898494493e-01	7.824998244898494493e-01	7.824998244898494493e-01	7.824998244898494493e-01	7.191311779132619764e-01	7.824998244898494493e-01	7.977677015412459882e-01	7.132936557947280320e-01	1.000000000000000000e+00	7.257034444593020162e-01	7.824998244898494493e-01	5.835518070711199767e-01	7.824998244898494493e-01	7.824998244898494493e-01	7.824998244898494493e-01	7.824998244898494493e-01	7.824998244898494493e-01	7.995211195976820173e-01	7.824998244898494493e-01	7.824998244898494493e-01	8.147113878429299572e-01	6.992072593787369561e-01	7.824998244898494493e-01	7.824998244898494493e-01	7.824998244898494493e-01	7.824998244898494493e-01	7.824998244898494493e-01	7.152615817681859944e-01	7.824998244898494493e-01	7.824998244898494493e-01	7.824998244898494493e-01	5.878802642799769718e-01	7.824998244898494493e-01	7.824998244898494493e-01	7.824998244898494493e-01	7.824998244898494493e-01	7.824998244898494493e-01	5.606086919603989749e-01	7.824998244898494493e-01	7.824998244898494493e-01	5.529865030761369482e-01	7.824998244898494493e-01	8.307503554689920078e-01	8.723241902245040258e-01	5.656136824785900075e-01	7.824998244898494493e-01	8.710858344705819656e-01	7.824998244898494493e-01	7.824998244898494493e-01	7.824998244898494493e-01	7.824998244898494493e-01	7.824998244898494493e-01	8.357482917055909510e-01	7.824998244898494493e-01	7.824998244898494493e-01	7.824998244898494493e-01	7.824998244898494493e-01	5.382632090485059972e-01	7.824998244898494493e-01	7.824998244898494493e-01	7.824998244898494493e-01	7.811876055356119508e-01	8.602021085118589649e-01	7.824998244898494493e-01	7.824998244898494493e-01	7.824998244898494493e-01	7.824998244898494493e-01	7.824998244898494493e-01	7.824998244898494493e-01	7.824998244898494493e-01	5.998632708990609963e-01	7.824998244898494493e-01	7.824998244898494493e-01	5.644801543590850512e-01	7.824998244898494493e-01	8.135898428999840393e-01	7.824998244898494493e-01	7.824998244898494493e-01	7.824998244898494493e-01	7.824998244898494493e-01	9.355483311638049804e-01	7.824998244898494493e-01	7.824998244898494493e-01	7.824998244898494493e-01	7.824998244898494493e-01	7.824998244898494493e-01	7.824998244898494493e-01	7.824998244898494493e-01	7.824998244898494493e-01	6.618391532553330459e-01	7.824998244898494493e-01	7.824998244898494493e-01	7.824998244898494493e-01	7.824998244898494493e-01	7.824998244898494493e-01	7.824998244898494493e-01	7.824998244898494493e-01	6.395110984575409496e-01	7.824998244898494493e-01	5.779533475340480342e-01	7.824998244898494493e-01	6.026846413299270511e-01	7.824998244898494493e-01	7.824998244898494493e-01	6.256416344019789522e-01	7.824998244898494493e-01	7.824998244898494493e-01	7.824998244898494493e-01	7.824998244898494493e-01	7.824998244898494493e-01	7.535517964091360543e-01	9.216928748729129595e-01	7.824998244898494493e-01	7.824998244898494493e-01	6.711523947652060507e-01	6.735450855643889678e-01	5.665445811845060131e-01	7.824998244898494493e-01	7.824998244898494493e-01	7.824998244898494493e-01	7.824998244898494493e-01
