1.000000000000000000e+00	5.164764108475469739e-02	2.558357348245339780e-01	2.104157644066129984e-01	4.150656973851760134e-01	2.558357348245339780e-01	2.558357348245339780e-01	2.564803570587360082e-01	3.888894607352140209e-01	1.327486537399600042e-01	2.558357348245339780e-01	2.168528907124750091e-02	3.752683500946489836e-01	2.558357348245339780e-01	2.558357348245339780e-01	2.558357348245339780e-01	2.878564853295049741e-01	2.558357348245339780e-01	2.558357348245339780e-01	2.558357348245339780e-01	2.609089936602630028e-02	2.558357348245339780e-01	2.558357348245339780e-01	2.558357348245339780e-01	2.558357348245339780e-01	5.980827407203229695e-01	6.169535749858660045e-01	2.578906005566570236e-01	2.558357348245339780e-01	2.558357348245339780e-01	2.558357348245339780e-01	6.348043201631200505e-01	2.558357348245339780e-01	2.558357348245339780e-01	6.010034121881430158e-01	2.558357348245339780e-01	4.358683019080770160e-01	2.558357348245339780e-01	2.558357348245339780e-01	2.558357348245339780e-01	2.558357348245339780e-01	2.558357348245339780e-01	2.558357348245339780e-01	6.003390154943419876e-01	2.558357348245339780e-01	2.558357348245339780e-01	5.683390826193199935e-02	6.240945170752649762e-01	3.346320469373990081e-01	2.558357348245339780e-01	2.558357348245339780e-01	2.558357348245339780e-01	2.558357348245339780e-01	5.780044122899480330e-01	2.558357348245339780e-01	1.085177438865250060e-01	5.767950421216629930e-01	2.558357348245339780e-01	5.291680529482439832e-01	2.558357348245339780e-01	2.558357348245339780e-01	2.558357348245339780e-01	2.558357348245339780e-01	2.558357348245339780e-01	2.532117606458429981e-01	2.558357348245339780e-01	2.558357348245339780e-01	1.141282923158289941e-01	2.558357348245339780e-01	2.558357348245339780e-01	5.883662057344419827e-01	6.002825050205770063e-01	2.558357348245339780e-01	2.558357348245339780e-01	6.681102848603600111e-03	3.610983953125399687e-02	2.558357348245339780e-01	4.911159494707449946e-01	2.558357348245339780e-01	6.150979024986580335e-01	2.558357348245339780e-01	6.702064728391220472e-01	2.558357348245339780e-01	2.558357348245339780e-01	5.991252118506660285e-01	6.307092549720110242e-01	2.558357348245339780e-01	2.558357348245339780e-01	2.558357348245339780e-01	2.558357348245339780e-01	5.177785998268490120e-02	5.118541334273989801e-02	2.558357348245339780e-01	4.843439442228629765e-01	5.920052004887409458e-01	5.751684356293069733e-01	2.590646119586549889e-01	6.734952023853919556e-01	2.558357348245339780e-01	4.600677855907009950e-01	6.642552626426520002e-01	2.558357348245339780e-01	5.541092060785820506e-01	2.558357348245339780e-01	2.558357348245339780e-01	2.558357348245339780e-01	2.558357348245339780e-01	1.403862371327699865e-01	2.558357348245339780e-01	2.558357348245339780e-01	2.558357348245339780e-01	2.558357348245339780e-01	2.558357348245339780e-01	7.604797689859130183e-02	3.896997605578390172e-02	2.558357348245339780e-01	2.558357348245339780e-01	2.558357348245339780e-01	6.056463157432789846e-01	2.558357348245339780e-01	2.558357348245339780e-01	5.027990350142189646e-01	2.558357348245339780e-01	5.557285672161129675e-01
5.164764108475469739e-02	1.000000000000000000e+00	2.558357348245339780e-01	2.558357348245339780e-01	2.558357348245339780e-01	2.558357348245339780e-01	1.376901092684360006e-01	2.558357348245339780e-01	2.558357348245339780e-01	2.558357348245339780e-01	2.558357348245339780e-01	2.558357348245339780e-01	2.558357348245339780e-01	3.072136988446420164e-02	2.300753382147860057e-02	6.076657206632730263e-02	2.558357348245339780e-01	2.558357348245339780e-01	2.558357348245339780e-01	2.558357348245339780e-01	2.558357348245339780e-01	1.751676861769119881e-02	1.500756403446379950e-01	2.558357348245339780e-01	2.558357348245339780e-01	2.699786283190040020e-02	2.558357348245339780e-01	2.558357348245339780e-01	2.558357348245339780e-01	2.558357348245339780e-01	2.558357348245339780e-01	2.558357348245339780e-01	2.558357348245339780e-01	1.118916761328690029e-01	2.558357348245339780e-01	2.558357348245339780e-01	2.558357348245339780e-01	5.314199806296229789e-02	2.558357348245339780e-01	2.558357348245339780e-01	2.928544590128310046e-02	8.621117354779890551e-02	5.712758131918480031e-02	2.070141049559250102e-02	2.558357348245339780e-01	1.497228699720460077e-01	2.558357348245339780e-01	2.558357348245339780e-01	8.229389469809980651e-02	2.558357348245339780e-01	2.026612511615820053e-02	2.558357348245339780e-01	2.558357348245339780e-01	2.558357348245339780e-01	1.685477045643839905e-02	2.558357348245339780e-01	2.284566919010510080e-02	2.558357348245339780e-01	2.558357348245339780e-01	2.558357348245339780e-01	2.558357348245339780e-01	1.252167860361499963e-01	2.558357348245339780e-01	2.558357348245339780e-01	2.558357348245339780e-01	2.687713161797830042e-01	2.558357348245339780e-01	2.558357348245339780e-01	2.558357348245339780e-01	2.558357348245339780e-01	2.558357348245339780e-01	2.558357348245339780e-01	2.558357348245339780e-01	2.558357348245339780e-01	2.558357348245339780e-01	2.558357348245339780e-01	1.882297219864249860e-02	2.558357348245339780e-01	9.542798258282760016e-02	2.251792791955080017e-02	2.558357348245339780e-01	2.558357348245339780e-01	2.558357348245339780e-01	2.558357348245339780e-01	2.527500300567190120e-02	2.558357348245339780e-01	2.558357348245339780e-01	2.006821392722139830e-02	1.000000000000000048e-04	2.558357348245339780e-01	8.963521801368259934e-02	2.558357348245339780e-01	2.558357348245339780e-01	2.558357348245339780e-01	2.558357348245339780e-01	2.558357348245339780e-01	2.558357348245339780e-01	2.558357348245339780e-01	2.558357348245339780e-01	2.558357348245339780e-01	2.558357348245339780e-01	2.558357348245339780e-01	2.309269959914509937e-02	2.558357348245339780e-01	2.558357348245339780e-01	2.558357348245339780e-01	2.558357348245339780e-01	2.558357348245339780e-01	2.558357348245339780e-01	2.558357348245339780e-01	2.558357348245339780e-01	2.558357348245339780e-01	1.508227153577189894e-01	2.558357348245339780e-01	2.558357348245339780e-01	4.532377374132780246e-02	3.525502035230049930e-02	2.558357348245339780e-01	2.558357348245339780e-01	2.558357348245339780e-01	2.471419199607139960e-01	2.558357348245339780e-01	2.558357348245339780e-01	2.558357348245339780e-01
2.558357348245339780e-01	2.558357348245339780e-01	1.000000000000000000e+00	2.558357348245339780e-01	2.558357348245339780e-01	2.558357348245339780e-01	2.558357348245339780e-01	1.395627052437199977e-01	2.558357348245339780e-01	2.670060765126079927e-01	2.558357348245339780e-01	2.558357348245339780e-01	9.407005251874969720e-02	2.558357348245339780e-01	3.026568342178730109e-02	2.558357348245339780e-01	2.558357348245339780e-01	2.558357348245339780e-01	2.558357348245339780e-01	2.582455581919140125e-02	2.558357348245339780e-01	2.558357348245339780e-01	2.558357348245339780e-01	2.558357348245339780e-01	2.558357348245339780e-01	2.558357348245339780e-01	5.163670303643679710e-02	1.166976265635940035e-01	2.558357348245339780e-01	1.013777690823839950e-01	2.558357348245339780e-01	2.244650044198870029e-02	1.801002526772560106e-02	2.558357348245339780e-01	2.558357348245339780e-01	1.157442909626160005e-02	2.558357348245339780e-01	2.558357348245339780e-01	2.558357348245339780e-01	1.370983953121049925e-01	2.405455112362680017e-02	2.558357348245339780e-01	2.558357348245339780e-01	2.558357348245339780e-01	2.558357348245339780e-01	3.079922956527699762e-01	2.558357348245339780e-01	2.558357348245339780e-01	2.558357348245339780e-01	2.558357348245339780e-01	2.884766364851660062e-02	4.916183401161530048e-02	1.314863151613940018e-01	2.558357348245339780e-01	2.558357348245339780e-01	3.250920812999379961e-01	2.558357348245339780e-01	3.272524718156900186e-02	2.558357348245339780e-01	2.558357348245339780e-01	2.558357348245339780e-01	2.558357348245339780e-01	1.752336564941999950e-02	1.223245084239990010e-01	2.558357348245339780e-01	2.558357348245339780e-01	1.367149846573620098e-01	2.558357348245339780e-01	2.558357348245339780e-01	2.558357348245339780e-01	2.558357348245339780e-01	2.425921141929539976e-02	2.558357348245339780e-01	2.558357348245339780e-01	2.558357348245339780e-01	2.878632597781999869e-01	2.558357348245339780e-01	5.499189141555869964e-02	2.558357348245339780e-01	2.558357348245339780e-01	2.558357348245339780e-01	2.558357348245339780e-01	2.070189768504440003e-02	2.558357348245339780e-01	2.558357348245339780e-01	2.558357348245339780e-01	2.558357348245339780e-01	2.558357348245339780e-01	2.558357348245339780e-01	2.558357348245339780e-01	2.558357348245339780e-01	2.558357348245339780e-01	2.558357348245339780e-01	2.291351316992979933e-02	2.558357348245339780e-01	2.558357348245339780e-01	2.558357348245339780e-01	2.423866727525330125e-02	2.558357348245339780e-01	5.938114022294980338e-02	8.679543302692530049e-02	2.558357348245339780e-01	2.542534247755599830e-02	2.232457128079650133e-01	2.558357348245339780e-01	2.558357348245339780e-01	2.558357348245339780e-01	3.453646867904790196e-02	2.558357348245339780e-01	2.558357348245339780e-01	1.682742329850290056e-02	6.860279358922130588e-02	2.558357348245339780e-01	1.267466213131369923e-01	2.558357348245339780e-01	3.688629173632090169e-02	2.558357348245339780e-01	2.558357348245339780e-01	9.283188706214380581e-02	2.558357348245339780e-01	2.558357348245339780e-01	2.558357348245339780e-01	1.611658440305099860e-02	2.558357348245339780e-01
2.104157644066129984e-01	2.558357348245339780e-01	2.558357348245339780e-01	1.000000000000000000e+00	2.558357348245339780e-01	1.671594195515349879e-01	1.467990569874370044e-01	1.856934452553319903e-01	2.558357348245339780e-01	2.558357348245339780e-01	2.524857997556140266e-01	5.438186338149109816e-02	2.558357348245339780e-01	2.558357348245339780e-01	2.558357348245339780e-01	2.558357348245339780e-01	2.558357348245339780e-01	2.558357348245339780e-01	2.558357348245339780e-01	2.558357348245339780e-01	2.558357348245339780e-01	2.558357348245339780e-01	2.558357348245339780e-01	1.824532282452940024e-01	2.558357348245339780e-01	2.558357348245339780e-01	2.558357348245339780e-01	1.659326316721450034e-01	2.558357348245339780e-01	2.463058048716819937e-01	2.558357348245339780e-01	1.597255530502010024e-01	2.558357348245339780e-01	2.558357348245339780e-01	2.056813607799329868e-01	2.558357348245339780e-01	2.558357348245339780e-01	2.558357348245339780e-01	2.558357348245339780e-01	2.558357348245339780e-01	2.558357348245339780e-01	2.558357348245339780e-01	2.558357348245339780e-01	2.558357348245339780e-01	1.595790210256219921e-01	2.558357348245339780e-01	9.844821367608240503e-02	2.558357348245339780e-01	2.558357348245339780e-01	2.558357348245339780e-01	1.969835150780560040e-01	2.558357348245339780e-01	2.558357348245339780e-01	2.558357348245339780e-01	1.297465100955740025e-01	1.461922792209419952e-01	2.558357348245339780e-01	1.796792515622880060e-01	2.558357348245339780e-01	1.882454692149050091e-01	2.558357348245339780e-01	6.430962617339310017e-02	1.510287233217179892e-01	3.627289740383449982e-03	2.558357348245339780e-01	2.558357348245339780e-01	2.558357348245339780e-01	1.614716658957049966e-01	2.558357348245339780e-01	2.558357348245339780e-01	2.558357348245339780e-01	2.558357348245339780e-01	2.558357348245339780e-01	1.488585798483499922e-01	2.558357348245339780e-01	6.340345914813830253e-02	2.558357348245339780e-01	2.558357348245339780e-01	2.558357348245339780e-01	1.887200914246839889e-01	1.879798484460359909e-01	2.558357348245339780e-01	2.558357348245339780e-01	2.558357348245339780e-01	2.558357348245339780e-01	1.920128493055630048e-01	2.558357348245339780e-01	2.558357348245339780e-01	1.000000000000000048e-04	2.558357348245339780e-01	2.558357348245339780e-01	2.558357348245339780e-01	2.558357348245339780e-01	2.558357348245339780e-01	2.558357348245339780e-01	2.558357348245339780e-01	2.558357348245339780e-01	1.851915654848579895e-01	2.558357348245339780e-01	2.187779844421799957e-01	2.558357348245339780e-01	2.558357348245339780e-01	2.558357348245339780e-01	2.558357348245339780e-01	2.558357348245339780e-01	2.558357348245339780e-01	4.983982119580129821e-02	2.558357348245339780e-01	1.250548151215009895e-01	2.558357348245339780e-01	2.558357348245339780e-01	2.082383726503060084e-01	1.429836550553439944e-01	6.613453425553429688e-02	7.563033785907820328e-02	2.558357348245339780e-01	2.558357348245339780e-01	1.965158574235670030e-01	2.558357348245339780e-01	2.558357348245339780e-01	2.558357348245339780e-01	2.558357348245339780e-01	2.558357348245339780e-01	1.740153940624190043e-01
4.150656973851760134e-01	2.558357348245339780e-01	2.558357348245339780e-01	2.558357348245339780e-01	1.000000000000000000e+00	2.558357348245339780e-01	2.558357348245339780e-01	2.558357348245339780e-01	2.558357348245339780e-01	2.558357348245339780e-01	2.558357348245339780e-01	8.183810240849989648e-02	2.558357348245339780e-01	7.859056643373019471e-03	2.558357348245339780e-01	2.558357348245339780e-01	2.558357348245339780e-01	2.446388575165630089e-02	3.004678322528659962e-01	2.558357348245339780e-01	2.558357348245339780e-01	2.558357348245339780e-01	2.558357348245339780e-01	2.558357348245339780e-01	2.558357348245339780e-01	2.558357348245339780e-01	2.558357348245339780e-01	2.558357348245339780e-01	2.377962735290989893e-01	2.558357348245339780e-01	1.759798340925859961e-01	2.558357348245339780e-01	2.150009406029770032e-01	2.558357348245339780e-01	3.058902631839159891e-01	2.022350996998699968e-01	2.558357348245339780e-01	2.558357348245339780e-01	2.558357348245339780e-01	2.558357348245339780e-01	2.558357348245339780e-01	2.558357348245339780e-01	2.558357348245339780e-01	2.558357348245339780e-01	2.558357348245339780e-01	2.558357348245339780e-01	2.558357348245339780e-01	2.833132466320649745e-01	4.395250234616400187e-01	1.992681943944769885e-01	3.041960618833889907e-01	2.558357348245339780e-01	2.558357348245339780e-01	2.558357348245339780e-01	2.558357348245339780e-01	2.558357348245339780e-01	2.496027099862180021e-01	2.558357348245339780e-01	2.558357348245339780e-01	3.157497720534970242e-01	2.558357348245339780e-01	2.558357348245339780e-01	2.291704802734549906e-01	2.558357348245339780e-01	2.558357348245339780e-01	8.995643026028379841e-02	2.440555040041569868e-01	2.558357348245339780e-01	2.558357348245339780e-01	2.558357348245339780e-01	2.558357348245339780e-01	2.905995432380549803e-01	2.558357348245339780e-01	2.558357348245339780e-01	2.558357348245339780e-01	2.558357348245339780e-01	2.603052204966039840e-01	2.558357348245339780e-01	2.341643410425010008e-01	2.802693571809969919e-01	3.248855789427460006e-01	2.558357348245339780e-01	2.558357348245339780e-01	2.558357348245339780e-01	2.558357348245339780e-01	3.015871556426980016e-01	2.811479748569509773e-01	2.558357348245339780e-01	2.558357348245339780e-01	2.558357348245339780e-01	1.536963984115959914e-01	2.558357348245339780e-01	2.558357348245339780e-01	2.258296749916750001e-01	2.558357348245339780e-01	2.558357348245339780e-01	2.558357348245339780e-01	2.558357348245339780e-01	3.247632690785680065e-01	3.529034509306889777e-01	2.558357348245339780e-01	9.263111292326679791e-02	2.558357348245339780e-01	2.558357348245339780e-01	2.558357348245339780e-01	2.558357348245339780e-01	2.558357348245339780e-01	2.558357348245339780e-01	2.558357348245339780e-01	2.558357348245339780e-01	2.558357348245339780e-01	2.558357348245339780e-01	2.558357348245339780e-01	2.558357348245339780e-01	2.558357348245339780e-01	2.558357348245339780e-01	2.558357348245339780e-01	2.558357348245339780e-01	2.558357348245339780e-01	2.558357348245339780e-01	2.558357348245339780e-01	2.382500029005880093e-01	2.558357348245339780e-01	2.558357348245339780e-01
2.558357348245339780e-01	2.558357348245339780e-01	2.558357348245339780e-01	1.671594195515349879e-01	2.558357348245339780e-01	1.000000000000000000e+00	1.279664678163300040e-01	2.558357348245339780e-01	2.558357348245339780e-01	2.001470720025269878e-01	2.498025096737719886e-01	8.471681857437980689e-02	2.558357348245339780e-01	2.558357348245339780e-01	2.558357348245339780e-01	2.558357348245339780e-01	2.558357348245339780e-01	2.558357348245339780e-01	1.259319539631069962e-01	2.558357348245339780e-01	2.558357348245339780e-01	1.254557070788759887e-01	1.399244624147960026e-01	2.558357348245339780e-01	2.558357348245339780e-01	2.558357348245339780e-01	1.635367864262090021e-01	2.558357348245339780e-01	2.558357348245339780e-01	2.558357348245339780e-01	1.661240886237189962e-01	2.558357348245339780e-01	2.558357348245339780e-01	2.558357348245339780e-01	2.558357348245339780e-01	6.629971856775070116e-02	2.558357348245339780e-01	1.643934222765010000e-01	2.558357348245339780e-01	2.558357348245339780e-01	2.558357348245339780e-01	1.058292157274060008e-01	1.586653031244900092e-01	2.558357348245339780e-01	2.558357348245339780e-01	2.558357348245339780e-01	2.558357348245339780e-01	1.116838433521129964e-01	2.558357348245339780e-01	2.558357348245339780e-01	2.558357348245339780e-01	2.558357348245339780e-01	2.558357348245339780e-01	1.058541243384559932e-01	2.558357348245339780e-01	2.558357348245339780e-01	2.558357348245339780e-01	2.558357348245339780e-01	2.558357348245339780e-01	2.558357348245339780e-01	2.558357348245339780e-01	1.302175920416810129e-01	8.171108738908069991e-02	2.558357348245339780e-01	2.558357348245339780e-01	2.558357348245339780e-01	2.558357348245339780e-01	2.558357348245339780e-01	2.558357348245339780e-01	2.558357348245339780e-01	1.138091200659869934e-01	2.558357348245339780e-01	2.558357348245339780e-01	1.110783418658150001e-01	2.558357348245339780e-01	2.558357348245339780e-01	9.729886005942910143e-02	2.558357348245339780e-01	2.558357348245339780e-01	2.558357348245339780e-01	2.558357348245339780e-01	1.190135032119749997e-01	2.558357348245339780e-01	2.558357348245339780e-01	2.558357348245339780e-01	1.172757861808740032e-01	1.150018426832789958e-01	2.558357348245339780e-01	2.558357348245339780e-01	2.558357348245339780e-01	2.558357348245339780e-01	1.197185957340889950e-01	2.558357348245339780e-01	2.558357348245339780e-01	2.558357348245339780e-01	2.558357348245339780e-01	1.651340280063419985e-01	2.558357348245339780e-01	1.260564893322289881e-01	2.558357348245339780e-01	2.558357348245339780e-01	2.558357348245339780e-01	2.558357348245339780e-01	1.531800272397260132e-01	2.558357348245339780e-01	1.507907737992399966e-01	2.558357348245339780e-01	8.777112553697259678e-02	1.266541871519629991e-01	2.558357348245339780e-01	2.558357348245339780e-01	1.757315205526530089e-01	1.235773866096400025e-01	1.037015349478619952e-01	1.156967813707590054e-01	2.558357348245339780e-01	2.558357348245339780e-01	2.037686422729340086e-01	1.824746986355010037e-01	2.558357348245339780e-01	2.558357348245339780e-01	2.558357348245339780e-01	2.558357348245339780e-01	2.558357348245339780e-01
2.558357348245339780e-01	1.376901092684360006e-01	2.558357348245339780e-01	1.467990569874370044e-01	2.558357348245339780e-01	1.279664678163300040e-01	1.000000000000000000e+00	2.558357348245339780e-01	2.558357348245339780e-01	2.558357348245339780e-01	2.558357348245339780e-01	8.222807352412600523e-02	2.150819126165849915e-01	7.956197977413740144e-03	2.558357348245339780e-01	2.558357348245339780e-01	2.558357348245339780e-01	2.548404903622290135e-02	2.558357348245339780e-01	2.558357348245339780e-01	7.949376891591310168e-02	1.534939760901239958e-01	1.442001848076150117e-01	1.920173681587510062e-01	2.558357348245339780e-01	2.558357348245339780e-01	1.871940434071190096e-01	2.558357348245339780e-01	2.558357348245339780e-01	2.558357348245339780e-01	2.558357348245339780e-01	2.558357348245339780e-01	2.558357348245339780e-01	2.558357348245339780e-01	2.558357348245339780e-01	7.378090037218859587e-02	2.558357348245339780e-01	2.088911800669379926e-01	2.558357348245339780e-01	2.558357348245339780e-01	2.558357348245339780e-01	2.558357348245339780e-01	2.558357348245339780e-01	1.669078392466800120e-01	2.558357348245339780e-01	2.558357348245339780e-01	2.558357348245339780e-01	2.558357348245339780e-01	2.558357348245339780e-01	2.558357348245339780e-01	2.558357348245339780e-01	2.558357348245339780e-01	2.072556682951089968e-01	1.387113563939000038e-01	2.558357348245339780e-01	1.458589346433279976e-01	2.558357348245339780e-01	2.558357348245339780e-01	1.290157516230900081e-01	2.558357348245339780e-01	2.558357348245339780e-01	2.558357348245339780e-01	2.558357348245339780e-01	2.558357348245339780e-01	2.052558399651809862e-01	2.558357348245339780e-01	2.558357348245339780e-01	2.558357348245339780e-01	2.558357348245339780e-01	2.558357348245339780e-01	2.558357348245339780e-01	1.978662852163630137e-01	1.273386007821770138e-01	2.558357348245339780e-01	2.558357348245339780e-01	2.558357348245339780e-01	2.558357348245339780e-01	2.558357348245339780e-01	2.558357348245339780e-01	2.558357348245339780e-01	2.558357348245339780e-01	2.558357348245339780e-01	1.851959238051429923e-01	2.558357348245339780e-01	1.726935786212190072e-01	2.558357348245339780e-01	1.289034597767839962e-01	2.558357348245339780e-01	2.558357348245339780e-01	2.628970773952090112e-01	1.566985718845370079e-01	1.156940586130500020e-01	2.558357348245339780e-01	2.558357348245339780e-01	2.558357348245339780e-01	2.558357348245339780e-01	2.558357348245339780e-01	2.558357348245339780e-01	2.558357348245339780e-01	2.558357348245339780e-01	2.673015728070040065e-01	9.785687940052040235e-02	2.558357348245339780e-01	2.558357348245339780e-01	2.558357348245339780e-01	2.449819718075559871e-01	2.558357348245339780e-01	6.572182507241400296e-02	2.616441161284460137e-01	2.558357348245339780e-01	2.558357348245339780e-01	2.558357348245339780e-01	2.558357348245339780e-01	2.558357348245339780e-01	2.558357348245339780e-01	2.558357348245339780e-01	2.011386684724469909e-01	2.558357348245339780e-01	2.558357348245339780e-01	1.186415732073130003e-01	2.558357348245339780e-01	2.558357348245339780e-01	2.558357348245339780e-01	2.558357348245339780e-01
2.564803570587360082e-01	2.558357348245339780e-01	1.395627052437199977e-01	1.856934452553319903e-01	2.558357348245339780e-01	2.558357348245339780e-01	2.558357348245339780e-01	1.000000000000000000e+00	2.558357348245339780e-01	2.558357348245339780e-01	2.558357348245339780e-01	2.558357348245339780e-01	2.558357348245339780e-01	2.558357348245339780e-01	1.986922142531719893e-01	2.558357348245339780e-01	2.558357348245339780e-01	2.534707854647130082e-02	2.558357348245339780e-01	2.558357348245339780e-01	2.558357348245339780e-01	2.075827200507250059e-01	1.427785400808009864e-01	2.558357348245339780e-01	2.558357348245339780e-01	2.161169828198269971e-01	2.558357348245339780e-01	2.558357348245339780e-01	2.558357348245339780e-01	2.558357348245339780e-01	2.558357348245339780e-01	2.558357348245339780e-01	2.558357348245339780e-01	2.558357348245339780e-01	2.558357348245339780e-01	2.558357348245339780e-01	2.783303304605420081e-01	2.558357348245339780e-01	2.558357348245339780e-01	2.558357348245339780e-01	2.558357348245339780e-01	1.834003194754590116e-01	2.558357348245339780e-01	2.283736659845760075e-01	1.631946151439210013e-01	6.833048710743690191e-02	2.558357348245339780e-01	2.558357348245339780e-01	2.558357348245339780e-01	1.508830678743350029e-01	1.629029907021319890e-01	2.558357348245339780e-01	2.558357348245339780e-01	2.558357348245339780e-01	2.558357348245339780e-01	1.568055522489849862e-01	2.558357348245339780e-01	2.030505915573949938e-01	2.558357348245339780e-01	2.558357348245339780e-01	2.558357348245339780e-01	2.558357348245339780e-01	2.558357348245339780e-01	2.558357348245339780e-01	2.558357348245339780e-01	1.476131713815209967e-01	2.558357348245339780e-01	2.026400509436389885e-01	2.558357348245339780e-01	2.274350608959020137e-01	2.558357348245339780e-01	2.558357348245339780e-01	2.558357348245339780e-01	2.558357348245339780e-01	2.558357348245339780e-01	2.558357348245339780e-01	2.558357348245339780e-01	2.558357348245339780e-01	2.558357348245339780e-01	2.558357348245339780e-01	2.558357348245339780e-01	1.792990854320480054e-01	2.558357348245339780e-01	2.558357348245339780e-01	2.545561019655689927e-01	2.558357348245339780e-01	1.809395281091989993e-01	1.628684907570039919e-01	2.558357348245339780e-01	2.558357348245339780e-01	2.558357348245339780e-01	2.558357348245339780e-01	2.558357348245339780e-01	2.558357348245339780e-01	2.558357348245339780e-01	1.326518423983379935e-01	2.558357348245339780e-01	2.558357348245339780e-01	2.558357348245339780e-01	2.222967921656419932e-01	2.937210606046209982e-01	2.558357348245339780e-01	2.558357348245339780e-01	2.558357348245339780e-01	2.558357348245339780e-01	2.558357348245339780e-01	2.558357348245339780e-01	2.558357348245339780e-01	2.558357348245339780e-01	2.558357348245339780e-01	1.715189897824029863e-01	2.558357348245339780e-01	2.558357348245339780e-01	1.548035725577590060e-01	2.558357348245339780e-01	2.558357348245339780e-01	2.558357348245339780e-01	2.558357348245339780e-01	2.558357348245339780e-01	2.558357348245339780e-01	1.443190091894900051e-01	2.558357348245339780e-01	1.237228847293079942e-01	2.558357348245339780e-01
3.888894607352140209e-01	2.558357348245339780e-01	2.558357348245339780e-01	2.558357348245339780e-01	2.558357348245339780e-01	2.558357348245339780e-01	2.558357348245339780e-01	2.558357348245339780e-01	1.000000000000000000e+00	2.558357348245339780e-01	2.558357348245339780e-01	2.558357348245339780e-01	2.558357348245339780e-01	6.467303821695569860e-03	2.558357348245339780e-01	3.394705521355120270e-01	2.558357348245339780e-01	3.095505757514540116e-02	3.803183223449039807e-01	2.558357348245339780e-01	2.558357348245339780e-01	2.558357348245339780e-01	2.059429124587690008e-01	3.374315047467790207e-01	2.558357348245339780e-01	3.481191760902520027e-01	3.811695569156189900e-01	2.558357348245339780e-01	2.558357348245339780e-01	2.558357348245339780e-01	2.558357348245339780e-01	2.558357348245339780e-01	2.309137072359510046e-01	2.558357348245339780e-01	3.073044818312909987e-01	2.558357348245339780e-01	3.607463636515719774e-01	2.558357348245339780e-01	2.558357348245339780e-01	4.122814041190520085e-01	2.558357348245339780e-01	2.558357348245339780e-01	2.558357348245339780e-01	2.558357348245339780e-01	2.558357348245339780e-01	8.874316561052669750e-02	2.558357348245339780e-01	2.857371735742800234e-01	4.352430338268040155e-01	2.558357348245339780e-01	2.558357348245339780e-01	2.558357348245339780e-01	2.558357348245339780e-01	2.558357348245339780e-01	2.315340476847690121e-01	2.558357348245339780e-01	2.558357348245339780e-01	2.558357348245339780e-01	2.558357348245339780e-01	2.558357348245339780e-01	2.558357348245339780e-01	1.148963401352089964e-01	2.558357348245339780e-01	2.558357348245339780e-01	2.558357348245339780e-01	9.429169619605159980e-02	2.558357348245339780e-01	2.558357348245339780e-01	2.558357348245339780e-01	2.558357348245339780e-01	2.558357348245339780e-01	2.558357348245339780e-01	2.848174015058430042e-01	2.558357348245339780e-01	2.918430868257640073e-02	1.413775652618169953e-01	2.558357348245339780e-01	2.558357348245339780e-01	2.558357348245339780e-01	2.558357348245339780e-01	3.932055536450719813e-01	2.558357348245339780e-01	2.558357348245339780e-01	1.295817293942939930e-01	2.558357348245339780e-01	2.558357348245339780e-01	2.558357348245339780e-01	1.955976792773939932e-01	1.000000000000000048e-04	2.558357348245339780e-01	2.558357348245339780e-01	2.558357348245339780e-01	2.558357348245339780e-01	2.331854727188640009e-01	2.558357348245339780e-01	2.558357348245339780e-01	2.558357348245339780e-01	3.184287319734679933e-01	2.558357348245339780e-01	2.558357348245339780e-01	2.558357348245339780e-01	2.558357348245339780e-01	2.936312133446680184e-01	2.558357348245339780e-01	2.558357348245339780e-01	2.558357348245339780e-01	9.473878100329929941e-02	2.558357348245339780e-01	2.558357348245339780e-01	2.073483619372349929e-01	2.258934596759329949e-01	2.896164050354950170e-01	2.153452823268290073e-01	2.558357348245339780e-01	2.558357348245339780e-01	2.558357348245339780e-01	2.558357348245339780e-01	2.558357348245339780e-01	2.558357348245339780e-01	2.558357348245339780e-01	1.251048564749510095e-01	2.558357348245339780e-01	2.558357348245339780e-01	2.558357348245339780e-01
1.327486537399600042e-01	2.558357348245339780e-01	2.670060765126079927e-01	2.558357348245339780e-01	2.558357348245339780e-01	2.001470720025269878e-01	2.558357348245339780e-01	2.558357348245339780e-01	2.558357348245339780e-01	1.000000000000000000e+00	2.558357348245339780e-01	1.568092425294649872e-01	2.558357348245339780e-01	2.558357348245339780e-01	2.558357348245339780e-01	2.558357348245339780e-01	2.558357348245339780e-01	2.558357348245339780e-01	2.558357348245339780e-01	2.558357348245339780e-01	2.558357348245339780e-01	9.250476115019640178e-02	2.894528723427889916e-01	2.558357348245339780e-01	2.558357348245339780e-01	2.558357348245339780e-01	1.274285355205949932e-01	2.558357348245339780e-01	2.558357348245339780e-01	2.021779953374910066e-01	2.558357348245339780e-01	2.558357348245339780e-01	2.558357348245339780e-01	2.558357348245339780e-01	1.151345344992509984e-01	2.558357348245339780e-01	2.558357348245339780e-01	2.558357348245339780e-01	2.558357348245339780e-01	2.341478092664329991e-01	2.558357348245339780e-01	2.414731721138070053e-01	1.360345884669310057e-01	2.558357348245339780e-01	2.558357348245339780e-01	2.558357348245339780e-01	3.370346852774879776e-01	2.558357348245339780e-01	2.558357348245339780e-01	2.558357348245339780e-01	8.085982836752389491e-02	2.558357348245339780e-01	2.558357348245339780e-01	2.558357348245339780e-01	7.624330473298519817e-02	2.558357348245339780e-01	2.558357348245339780e-01	2.558357348245339780e-01	2.558357348245339780e-01	2.558357348245339780e-01	7.355725113184999331e-02	2.194380099192410061e-01	2.558357348245339780e-01	2.836431124309849935e-02	2.558357348245339780e-01	2.558357348245339780e-01	2.558357348245339780e-01	2.558357348245339780e-01	1.094384561473349948e-01	2.558357348245339780e-01	2.558357348245339780e-01	9.430723079659460162e-02	2.558357348245339780e-01	2.558357348245339780e-01	2.558357348245339780e-01	2.558357348245339780e-01	2.558357348245339780e-01	9.767971295076480209e-02	2.558357348245339780e-01	2.558357348245339780e-01	2.558357348245339780e-01	8.212750766234369615e-02	2.558357348245339780e-01	2.558357348245339780e-01	2.558357348245339780e-01	2.558357348245339780e-01	2.558357348245339780e-01	2.558357348245339780e-01	2.558357348245339780e-01	2.558357348245339780e-01	2.558357348245339780e-01	2.558357348245339780e-01	2.558357348245339780e-01	8.490043880478520544e-02	2.558357348245339780e-01	5.910230367547589930e-02	2.023445948141620043e-01	2.558357348245339780e-01	2.558357348245339780e-01	2.558357348245339780e-01	2.558357348245339780e-01	1.539280651022799928e-01	2.558357348245339780e-01	2.558357348245339780e-01	2.558357348245339780e-01	1.289489717137549951e-01	1.576900039121139907e-01	2.558357348245339780e-01	2.168761364132200109e-01	6.471803629130100377e-02	2.558357348245339780e-01	2.558357348245339780e-01	2.558357348245339780e-01	2.281963760158310095e-01	2.558357348245339780e-01	1.206462914405739967e-01	2.558357348245339780e-01	2.558357348245339780e-01	2.558357348245339780e-01	2.558357348245339780e-01	2.273922455605560111e-01	2.558357348245339780e-01	4.638341379938269726e-02	2.558357348245339780e-01
2.558357348245339780e-01	2.558357348245339780e-01	2.558357348245339780e-01	2.524857997556140266e-01	2.558357348245339780e-01	2.498025096737719886e-01	2.558357348245339780e-01	2.558357348245339780e-01	2.558357348245339780e-01	2.558357348245339780e-01	1.000000000000000000e+00	2.558357348245339780e-01	2.558357348245339780e-01	4.250485592636810313e-03	2.558357348245339780e-01	3.461259145645410040e-01	3.119460046433489842e-01	2.558357348245339780e-01	2.558357348245339780e-01	3.844668977247109876e-01	7.308273996502889780e-02	5.030475850789050130e-01	1.998176273686680104e-01	2.558357348245339780e-01	2.558357348245339780e-01	4.774405451590730265e-01	4.693083123675910184e-01	2.558357348245339780e-01	3.514282220043700167e-01	2.558357348245339780e-01	2.558357348245339780e-01	2.558357348245339780e-01	2.558357348245339780e-01	3.235731583567360015e-01	2.558357348245339780e-01	3.419884041975799760e-01	2.558357348245339780e-01	2.558357348245339780e-01	2.558357348245339780e-01	2.558357348245339780e-01	3.988158913251800275e-01	2.558357348245339780e-01	2.558357348245339780e-01	2.558357348245339780e-01	2.558357348245339780e-01	2.558357348245339780e-01	1.507588390054130090e-01	2.558357348245339780e-01	2.558357348245339780e-01	2.558357348245339780e-01	4.185380453523980249e-01	2.558357348245339780e-01	2.558357348245339780e-01	2.558357348245339780e-01	2.558357348245339780e-01	2.560822923850240018e-01	3.740163693491789787e-01	2.558357348245339780e-01	3.267872829315939809e-01	2.558357348245339780e-01	2.558357348245339780e-01	2.558357348245339780e-01	3.358549284971529825e-01	2.558357348245339780e-01	2.558357348245339780e-01	2.558357348245339780e-01	2.558357348245339780e-01	2.251080394236419924e-01	2.558357348245339780e-01	3.011828691131129832e-01	2.558357348245339780e-01	2.558357348245339780e-01	2.558357348245339780e-01	2.558357348245339780e-01	2.558357348245339780e-01	9.856644471276840291e-02	2.558357348245339780e-01	2.558357348245339780e-01	2.213623237397739918e-01	2.558357348245339780e-01	2.558357348245339780e-01	2.558357348245339780e-01	2.558357348245339780e-01	9.126142189335430255e-02	2.558357348245339780e-01	2.558357348245339780e-01	2.558357348245339780e-01	2.558357348245339780e-01	2.558357348245339780e-01	2.558357348245339780e-01	2.558357348245339780e-01	1.200571661997369977e-01	2.558357348245339780e-01	3.339318896266360026e-01	2.558357348245339780e-01	3.894481374928949746e-01	3.299013223454809740e-01	2.558357348245339780e-01	2.558357348245339780e-01	5.204118763808890380e-01	2.558357348245339780e-01	2.558357348245339780e-01	2.558357348245339780e-01	2.558357348245339780e-01	2.558357348245339780e-01	2.558357348245339780e-01	2.558357348245339780e-01	1.637177729978160079e-01	2.558357348245339780e-01	2.558357348245339780e-01	2.558357348245339780e-01	3.028531612391550110e-01	1.944502667560600029e-01	1.094333052539329942e-01	2.558357348245339780e-01	2.558357348245339780e-01	2.558357348245339780e-01	2.558357348245339780e-01	2.558357348245339780e-01	4.294233301863060182e-01	2.558357348245339780e-01	3.647672785115059768e-01	2.558357348245339780e-01	4.431707031174110245e-01
2.168528907124750091e-02	2.558357348245339780e-01	2.558357348245339780e-01	5.438186338149109816e-02	8.183810240849989648e-02	8.471681857437980689e-02	8.222807352412600523e-02	2.558357348245339780e-01	2.558357348245339780e-01	1.568092425294649872e-01	2.558357348245339780e-01	1.000000000000000000e+00	7.214457878981080097e-02	2.558357348245339780e-01	1.207299235466779974e-02	2.558357348245339780e-01	2.558357348245339780e-01	2.558357348245339780e-01	2.558357348245339780e-01	2.558357348245339780e-01	2.558357348245339780e-01	2.558357348245339780e-01	2.558357348245339780e-01	2.558357348245339780e-01	5.317953037182569787e-02	2.558357348245339780e-01	2.029762760079559941e-02	6.358426381928429516e-02	2.558357348245339780e-01	2.558357348245339780e-01	2.558357348245339780e-01	2.558357348245339780e-01	6.734934678919520142e-03	2.558357348245339780e-01	1.282723395842109981e-02	2.558357348245339780e-01	2.558357348245339780e-01	2.558357348245339780e-01	2.558357348245339780e-01	7.317223042851900283e-02	2.558357348245339780e-01	2.558357348245339780e-01	2.558357348245339780e-01	2.558357348245339780e-01	2.558357348245339780e-01	2.558357348245339780e-01	2.558357348245339780e-01	2.558357348245339780e-01	2.558357348245339780e-01	2.558357348245339780e-01	2.558357348245339780e-01	2.132043937660769994e-02	2.558357348245339780e-01	2.558357348245339780e-01	2.558357348245339780e-01	2.558357348245339780e-01	2.558357348245339780e-01	2.558357348245339780e-01	2.558357348245339780e-01	2.558357348245339780e-01	6.224647466008069625e-03	2.890648521799660253e-01	2.558357348245339780e-01	1.652467673777759938e-01	2.558357348245339780e-01	2.558357348245339780e-01	2.558357348245339780e-01	2.558357348245339780e-01	2.558357348245339780e-01	2.558357348245339780e-01	2.558357348245339780e-01	2.558357348245339780e-01	2.558357348245339780e-01	2.558357348245339780e-01	1.573415506244650042e-01	2.558357348245339780e-01	9.193494376631999865e-03	2.558357348245339780e-01	1.842092114041780082e-01	2.558357348245339780e-01	2.558357348245339780e-01	2.558357348245339780e-01	2.558357348245339780e-01	5.790800223396209701e-01	2.558357348245339780e-01	2.558357348245339780e-01	2.558357348245339780e-01	2.558357348245339780e-01	1.000000000000000048e-04	2.558357348245339780e-01	2.558357348245339780e-01	2.558357348245339780e-01	2.558357348245339780e-01	2.558357348245339780e-01	2.558357348245339780e-01	2.558357348245339780e-01	2.558357348245339780e-01	2.558357348245339780e-01	2.558357348245339780e-01	2.558357348245339780e-01	2.558357348245339780e-01	2.558357348245339780e-01	1.115536721372309935e-02	2.558357348245339780e-01	2.558357348245339780e-01	1.693030412757360118e-02	2.558357348245339780e-01	2.558357348245339780e-01	2.558357348245339780e-01	4.649209339792129830e-03	2.558357348245339780e-01	2.558357348245339780e-01	8.916813885603740164e-02	9.824454055793739593e-02	2.558357348245339780e-01	2.558357348245339780e-01	1.457300804819510083e-02	2.558357348245339780e-01	3.913632760026589802e-02	2.558357348245339780e-01	2.558357348245339780e-01	9.458160502777359854e-03	2.558357348245339780e-01	1.216969558897530029e-02
