1.000000000000000000e+00	4.228086507674799766e-01	4.466228561321879953e-01	5.941366248514022841e-01	5.941366248514022841e-01	5.988566395776889761e-01	5.941366248514022841e-01	5.941366248514022841e-01	7.600555996296619599e-01	5.941366248514022841e-01	5.941366248514022841e-01	5.941366248514022841e-01	7.522240680925850187e-01	5.941366248514022841e-01	5.941366248514022841e-01	5.941366248514022841e-01	5.941366248514022841e-01	5.941366248514022841e-01	5.941366248514022841e-01	5.941366248514022841e-01	3.467315710315240218e-01	5.941366248514022841e-01	5.941366248514022841e-01	5.881049553647460515e-01	5.941366248514022841e-01	5.941366248514022841e-01	8.690980719815749600e-01	6.745641397236880055e-01	5.941366248514022841e-01	5.941366248514022841e-01	5.941366248514022841e-01	8.763292280852029714e-01	5.941366248514022841e-01	6.559905398210710281e-01	8.625101485137319779e-01	5.941366248514022841e-01	5.941366248514022841e-01	5.941366248514022841e-01	8.914538688036719449e-01	5.941366248514022841e-01	5.941366248514022841e-01	5.941366248514022841e-01	5.941366248514022841e-01	5.941366248514022841e-01	5.941366248514022841e-01	5.941366248514022841e-01	5.941366248514022841e-01	5.941366248514022841e-01	5.941366248514022841e-01	5.941366248514022841e-01	5.941366248514022841e-01	7.714311078447929626e-01	6.655764372702589471e-01	5.941366248514022841e-01	5.941366248514022841e-01	5.941366248514022841e-01	5.941366248514022841e-01	5.941366248514022841e-01	8.311980677721160227e-01	5.941366248514022841e-01	8.852107354046969689e-01	5.941366248514022841e-01	5.941366248514022841e-01	5.941366248514022841e-01	5.941366248514022841e-01	3.712752025224460017e-01	5.941366248514022841e-01	5.941366248514022841e-01	5.941366248514022841e-01	5.941366248514022841e-01	5.941366248514022841e-01	5.941366248514022841e-01	5.941366248514022841e-01	5.941366248514022841e-01	5.941366248514022841e-01	5.941366248514022841e-01	5.941366248514022841e-01	5.941366248514022841e-01	5.941366248514022841e-01	5.941366248514022841e-01	5.941366248514022841e-01	8.902540697555849647e-01	7.884019525723530153e-01	5.941366248514022841e-01	8.617262600739310496e-01	8.746832363850010061e-01	5.941366248514022841e-01	5.941366248514022841e-01	5.941366248514022841e-01	5.941366248514022841e-01	5.941366248514022841e-01	4.217059032418269959e-01	5.941366248514022841e-01	8.100985600679969645e-01	5.941366248514022841e-01	5.941366248514022841e-01	5.941366248514022841e-01	5.941366248514022841e-01	5.941366248514022841e-01	5.941366248514022841e-01	5.941366248514022841e-01	5.941366248514022841e-01	8.423934688250559466e-01	5.941366248514022841e-01	5.941366248514022841e-01	8.632003241284590400e-01	3.675551451303240014e-01	5.941366248514022841e-01	5.601600156323790491e-01	5.941366248514022841e-01	5.941366248514022841e-01	5.941366248514022841e-01	5.941366248514022841e-01	5.941366248514022841e-01	3.895920253823870194e-01	5.941366248514022841e-01	5.941366248514022841e-01	5.941366248514022841e-01	5.941366248514022841e-01	5.941366248514022841e-01	4.370598126385479842e-01	8.189468358572520312e-01	5.941366248514022841e-01	5.941366248514022841e-01
4.228086507674799766e-01	1.000000000000000000e+00	5.941366248514022841e-01	4.138601880222440021e-01	5.203441869080019933e-01	5.240176052998499756e-01	5.941366248514022841e-01	5.941366248514022841e-01	5.941366248514022841e-01	5.941366248514022841e-01	5.941366248514022841e-01	5.941366248514022841e-01	5.941366248514022841e-01	3.635839114073580181e-01	5.941366248514022841e-01	4.432585845697279980e-01	5.097285593100150392e-01	4.239113838493139830e-01	5.941366248514022841e-01	5.941366248514022841e-01	5.941366248514022841e-01	5.941366248514022841e-01	5.941366248514022841e-01	5.941366248514022841e-01	4.322460020547759796e-01	5.941366248514022841e-01	3.928120632845280014e-01	5.941366248514022841e-01	5.941366248514022841e-01	5.941366248514022841e-01	3.975806336622810244e-01	5.941366248514022841e-01	5.941366248514022841e-01	5.292705730994220481e-01	5.941366248514022841e-01	2.476769272392000121e-01	5.941366248514022841e-01	5.941366248514022841e-01	5.941366248514022841e-01	5.941366248514022841e-01	3.585630828043980256e-01	5.941366248514022841e-01	5.941366248514022841e-01	5.941366248514022841e-01	3.025720232429779943e-01	5.941366248514022841e-01	5.941366248514022841e-01	3.296964912698959749e-01	5.941366248514022841e-01	5.941366248514022841e-01	5.941366248514022841e-01	3.407835920115789841e-01	5.941366248514022841e-01	5.941366248514022841e-01	3.053983608769360036e-01	5.941366248514022841e-01	3.336076243691940002e-01	5.941366248514022841e-01	5.941366248514022841e-01	3.157849168002829776e-01	5.941366248514022841e-01	5.941366248514022841e-01	5.941366248514022841e-01	4.127187003245280095e-01	5.202232510795109510e-01	5.941366248514022841e-01	5.941366248514022841e-01	5.941366248514022841e-01	5.941366248514022841e-01	5.941366248514022841e-01	5.941366248514022841e-01	3.429876695554249788e-01	2.806851882033529755e-01	5.941366248514022841e-01	4.280320711706330217e-01	5.941366248514022841e-01	3.153555930610419944e-01	5.941366248514022841e-01	5.941366248514022841e-01	5.941366248514022841e-01	3.421749723172700097e-01	5.941366248514022841e-01	5.941366248514022841e-01	5.941366248514022841e-01	5.941366248514022841e-01	5.941366248514022841e-01	5.941366248514022841e-01	5.941366248514022841e-01	5.941366248514022841e-01	5.941366248514022841e-01	5.941366248514022841e-01	5.941366248514022841e-01	4.375501150652519877e-01	5.941366248514022841e-01	2.966546306399610033e-01	5.941366248514022841e-01	5.941366248514022841e-01	5.941366248514022841e-01	5.941366248514022841e-01	3.629431781848589944e-01	5.941366248514022841e-01	5.941366248514022841e-01	3.346515429061580060e-01	5.941366248514022841e-01	5.941366248514022841e-01	5.941366248514022841e-01	6.404935278285459610e-01	5.941366248514022841e-01	5.941366248514022841e-01	5.941366248514022841e-01	3.094377186109890099e-01	4.325386523657719917e-01	5.941366248514022841e-01	5.941366248514022841e-01	5.941366248514022841e-01	5.941366248514022841e-01	3.784170851910589883e-01	5.941366248514022841e-01	5.941366248514022841e-01	2.948752703171820255e-01	5.941366248514022841e-01	5.941366248514022841e-01	5.941366248514022841e-01	3.062555865964179946e-01
4.466228561321879953e-01	5.941366248514022841e-01	1.000000000000000000e+00	5.941366248514022841e-01	5.941366248514022841e-01	5.529422603687419446e-01	5.941366248514022841e-01	5.941366248514022841e-01	5.941366248514022841e-01	5.941366248514022841e-01	5.941366248514022841e-01	6.954204840622609796e-01	5.032569474541349619e-01	5.941366248514022841e-01	3.620089428868120129e-01	5.654040893198409856e-01	5.941366248514022841e-01	5.941366248514022841e-01	5.941366248514022841e-01	5.941366248514022841e-01	5.941366248514022841e-01	5.941366248514022841e-01	5.941366248514022841e-01	5.941366248514022841e-01	5.504077873931280118e-01	5.941366248514022841e-01	5.941366248514022841e-01	5.357762680727740090e-01	3.235758568468249941e-01	5.941366248514022841e-01	5.941366248514022841e-01	5.941366248514022841e-01	5.941366248514022841e-01	5.941366248514022841e-01	3.613882792681930023e-01	5.941366248514022841e-01	5.941366248514022841e-01	5.941366248514022841e-01	3.388530357196180010e-01	5.941366248514022841e-01	5.941366248514022841e-01	5.941366248514022841e-01	5.941366248514022841e-01	5.941366248514022841e-01	3.359650553829949815e-01	5.941366248514022841e-01	5.941366248514022841e-01	5.941366248514022841e-01	6.043018377845880140e-01	5.941366248514022841e-01	5.941366248514022841e-01	5.941366248514022841e-01	5.546725166138190000e-01	5.941366248514022841e-01	5.941366248514022841e-01	5.941366248514022841e-01	5.941366248514022841e-01	5.941366248514022841e-01	5.941366248514022841e-01	3.895547387514459725e-01	5.941366248514022841e-01	7.109524213583400254e-01	5.941366248514022841e-01	5.941366248514022841e-01	5.941366248514022841e-01	5.941366248514022841e-01	5.609916450745150440e-01	6.759952762424179529e-01	3.714935548894809925e-01	3.050206909216339746e-01	5.941366248514022841e-01	5.941366248514022841e-01	5.941366248514022841e-01	5.941366248514022841e-01	5.941366248514022841e-01	5.941366248514022841e-01	3.249125284958059856e-01	4.305854989632529883e-01	5.941366248514022841e-01	5.941366248514022841e-01	5.941366248514022841e-01	5.941366248514022841e-01	5.941366248514022841e-01	5.941366248514022841e-01	5.941366248514022841e-01	5.941366248514022841e-01	3.607119568857780068e-01	5.941366248514022841e-01	5.941366248514022841e-01	5.941366248514022841e-01	5.941366248514022841e-01	5.941366248514022841e-01	5.941366248514022841e-01	3.338951187830340173e-01	3.565025567053149991e-01	5.941366248514022841e-01	5.268590093183349587e-01	3.393932288752299908e-01	5.941366248514022841e-01	5.941366248514022841e-01	5.941366248514022841e-01	5.941366248514022841e-01	5.941366248514022841e-01	6.468787179141679555e-01	5.941366248514022841e-01	5.941366248514022841e-01	5.881411418616260267e-01	5.941366248514022841e-01	5.941366248514022841e-01	5.941366248514022841e-01	5.941366248514022841e-01	5.941366248514022841e-01	5.941366248514022841e-01	5.941366248514022841e-01	5.941366248514022841e-01	3.834222265918669770e-01	5.941366248514022841e-01	5.941366248514022841e-01	5.941366248514022841e-01	5.941366248514022841e-01	6.187370278484980446e-01	5.941366248514022841e-01	5.941366248514022841e-01	5.941366248514022841e-01
5.941366248514022841e-01	4.138601880222440021e-01	5.941366248514022841e-01	1.000000000000000000e+00	5.941366248514022841e-01	5.941366248514022841e-01	5.941366248514022841e-01	6.131785259294599832e-01	5.941366248514022841e-01	6.256405716754519508e-01	6.704263711470750398e-01	5.941366248514022841e-01	5.941366248514022841e-01	5.941366248514022841e-01	5.941366248514022841e-01	5.941366248514022841e-01	6.646397487146900040e-01	3.307801790269899733e-01	5.941366248514022841e-01	5.941366248514022841e-01	5.941366248514022841e-01	5.941366248514022841e-01	5.941366248514022841e-01	6.100509028456040372e-01	6.847584264675540267e-01	5.941366248514022841e-01	5.941366248514022841e-01	5.934605065591750384e-01	6.040251021467689663e-01	5.941366248514022841e-01	5.941366248514022841e-01	5.941366248514022841e-01	5.941366248514022841e-01	5.941366248514022841e-01	5.941366248514022841e-01	5.941366248514022841e-01	5.941366248514022841e-01	5.941366248514022841e-01	5.941366248514022841e-01	5.941366248514022841e-01	5.978748606546050448e-01	5.003854455558499614e-01	5.941366248514022841e-01	5.941366248514022841e-01	5.867676190144049952e-01	5.941366248514022841e-01	5.099516337379309538e-01	5.941366248514022841e-01	6.976013495714380452e-01	5.941366248514022841e-01	5.941366248514022841e-01	5.941366248514022841e-01	5.870203951387079622e-01	5.941366248514022841e-01	5.941366248514022841e-01	5.941366248514022841e-01	5.941366248514022841e-01	5.941366248514022841e-01	5.941366248514022841e-01	5.941366248514022841e-01	5.751073996162999746e-01	5.941366248514022841e-01	5.941366248514022841e-01	5.941366248514022841e-01	6.508578050252730174e-01	4.357292061614609913e-01	5.941366248514022841e-01	5.941366248514022841e-01	6.122318621781609460e-01	5.941366248514022841e-01	6.174566597867400253e-01	6.075494951599480498e-01	5.941366248514022841e-01	5.750327014082200483e-01	3.080341169035599735e-01	5.941366248514022841e-01	5.941366248514022841e-01	5.849172503137619605e-01	5.941366248514022841e-01	6.160652134936960289e-01	5.941366248514022841e-01	5.941366248514022841e-01	5.663015743650680056e-01	5.941366248514022841e-01	5.941366248514022841e-01	5.941366248514022841e-01	5.941366248514022841e-01	5.941366248514022841e-01	5.941366248514022841e-01	5.941366248514022841e-01	5.350478562374759717e-01	5.188912631833639821e-01	5.941366248514022841e-01	5.941366248514022841e-01	5.941366248514022841e-01	5.912008952046560184e-01	5.941366248514022841e-01	5.941366248514022841e-01	5.941366248514022841e-01	5.941366248514022841e-01	5.941366248514022841e-01	5.941366248514022841e-01	5.941366248514022841e-01	5.530632402352509969e-01	5.941366248514022841e-01	5.941366248514022841e-01	5.941366248514022841e-01	5.941366248514022841e-01	5.941366248514022841e-01	5.330871804023310512e-01	5.941366248514022841e-01	5.941366248514022841e-01	5.683455551166100017e-01	5.941366248514022841e-01	4.723495974691109822e-01	5.941366248514022841e-01	5.941366248514022841e-01	5.941366248514022841e-01	5.941366248514022841e-01	5.941366248514022841e-01	5.291620329785350352e-01	5.613599486903170233e-01	5.941366248514022841e-01	5.941366248514022841e-01
5.941366248514022841e-01	5.203441869080019933e-01	5.941366248514022841e-01	5.941366248514022841e-01	1.000000000000000000e+00	6.664460997147559906e-01	5.941366248514022841e-01	5.941366248514022841e-01	8.206057455690159985e-01	5.941366248514022841e-01	8.297956717116830028e-01	5.941366248514022841e-01	7.524400884600069839e-01	2.446862230040099950e-01	5.941366248514022841e-01	7.940546023210469651e-01	7.313021502481330538e-01	3.403063220775390252e-01	5.941366248514022841e-01	6.490448936901209720e-01	4.740804004421479978e-01	7.199373673339040103e-01	5.941366248514022841e-01	6.839490277303530430e-01	5.941366248514022841e-01	5.941366248514022841e-01	5.941366248514022841e-01	5.941366248514022841e-01	5.941366248514022841e-01	7.286820805784880450e-01	5.941366248514022841e-01	5.941366248514022841e-01	6.398457999322769707e-01	5.941366248514022841e-01	5.941366248514022841e-01	5.941366248514022841e-01	7.647674591782920306e-01	5.941366248514022841e-01	5.941366248514022841e-01	5.941366248514022841e-01	5.941366248514022841e-01	5.941366248514022841e-01	5.941366248514022841e-01	5.941366248514022841e-01	6.562910835564149670e-01	5.407292196364960057e-01	5.941366248514022841e-01	5.941366248514022841e-01	5.941366248514022841e-01	6.258758625471839698e-01	5.941366248514022841e-01	5.941366248514022841e-01	5.941366248514022841e-01	6.785650604408419717e-01	5.941366248514022841e-01	5.941366248514022841e-01	5.941366248514022841e-01	5.941366248514022841e-01	6.379370720669470529e-01	5.941366248514022841e-01	5.941366248514022841e-01	5.941366248514022841e-01	5.941366248514022841e-01	5.941366248514022841e-01	5.941366248514022841e-01	5.941366248514022841e-01	5.941366248514022841e-01	5.941366248514022841e-01	5.941366248514022841e-01	5.941366248514022841e-01	5.941366248514022841e-01	5.941366248514022841e-01	6.784398181481009482e-01	5.941366248514022841e-01	5.941366248514022841e-01	5.941366248514022841e-01	6.763928389335690516e-01	5.941366248514022841e-01	5.941366248514022841e-01	6.910697363165669849e-01	5.941366248514022841e-01	5.941366248514022841e-01	5.941366248514022841e-01	5.416023479500530202e-01	5.941366248514022841e-01	5.941366248514022841e-01	5.941366248514022841e-01	5.941366248514022841e-01	1.000000000000000021e-03	5.941366248514022841e-01	5.941366248514022841e-01	5.555111900310959472e-01	5.941366248514022841e-01	6.490448936901209720e-01	5.941366248514022841e-01	5.941366248514022841e-01	5.941366248514022841e-01	5.941366248514022841e-01	7.212921559956769757e-01	7.389158601727869868e-01	5.941366248514022841e-01	5.941366248514022841e-01	5.941366248514022841e-01	6.927916032016420145e-01	5.941366248514022841e-01	7.115991550255990061e-01	4.957884753261270205e-01	5.270463408076060396e-01	5.941366248514022841e-01	5.941366248514022841e-01	5.941366248514022841e-01	5.941366248514022841e-01	5.941366248514022841e-01	5.941366248514022841e-01	5.571542517153299512e-01	5.941366248514022841e-01	5.941366248514022841e-01	8.172465814633259606e-01	5.941366248514022841e-01	5.941366248514022841e-01	5.941366248514022841e-01	5.941366248514022841e-01	6.502796126935259657e-01	5.941366248514022841e-01
5.988566395776889761e-01	5.240176052998499756e-01	5.529422603687419446e-01	5.941366248514022841e-01	6.664460997147559906e-01	1.000000000000000000e+00	5.503174856744039722e-01	5.941366248514022841e-01	6.599805543437590183e-01	5.941366248514022841e-01	5.941366248514022841e-01	5.941366248514022841e-01	5.941366248514022841e-01	5.941366248514022841e-01	5.941366248514022841e-01	6.417075919604710021e-01	5.941366248514022841e-01	5.941366248514022841e-01	5.941366248514022841e-01	5.941366248514022841e-01	5.941366248514022841e-01	5.941366248514022841e-01	5.941366248514022841e-01	5.941366248514022841e-01	5.941366248514022841e-01	5.708806608625730528e-01	5.941366248514022841e-01	6.165792612599839684e-01	5.941366248514022841e-01	5.941366248514022841e-01	5.941366248514022841e-01	5.941366248514022841e-01	5.941366248514022841e-01	5.941366248514022841e-01	5.941366248514022841e-01	4.546232204870390148e-01	5.941366248514022841e-01	5.918560236359799998e-01	5.265961370711850220e-01	5.941366248514022841e-01	5.208566974734309962e-01	5.941366248514022841e-01	5.941366248514022841e-01	5.941366248514022841e-01	5.941366248514022841e-01	5.941366248514022841e-01	5.586684797489720467e-01	5.941366248514022841e-01	7.110253318283830115e-01	5.941366248514022841e-01	5.941366248514022841e-01	5.941366248514022841e-01	5.941366248514022841e-01	5.208104084370920317e-01	5.941366248514022841e-01	5.927549714648380208e-01	5.941366248514022841e-01	5.941366248514022841e-01	5.941366248514022841e-01	5.941366248514022841e-01	5.941366248514022841e-01	5.941366248514022841e-01	5.941366248514022841e-01	2.710025212224220215e-01	5.941366248514022841e-01	5.103910968536370385e-01	5.941366248514022841e-01	5.941366248514022841e-01	5.325480720071840146e-01	5.941366248514022841e-01	5.941366248514022841e-01	5.941366248514022841e-01	5.102480553998309798e-01	5.941366248514022841e-01	5.941366248514022841e-01	5.363589781015399849e-01	5.941366248514022841e-01	5.941366248514022841e-01	5.668244733492560083e-01	5.941366248514022841e-01	5.941366248514022841e-01	5.941366248514022841e-01	5.941366248514022841e-01	5.941366248514022841e-01	5.941366248514022841e-01	5.941366248514022841e-01	5.941366248514022841e-01	5.019718320865850236e-01	5.941366248514022841e-01	5.941366248514022841e-01	5.941366248514022841e-01	5.941366248514022841e-01	5.941366248514022841e-01	5.941366248514022841e-01	5.941366248514022841e-01	5.941366248514022841e-01	5.926293607427089993e-01	5.941366248514022841e-01	5.479186431906779564e-01	5.731644776853089818e-01	6.110192572888669682e-01	4.898018187996420192e-01	5.941366248514022841e-01	5.941366248514022841e-01	5.941366248514022841e-01	5.941366248514022841e-01	5.941366248514022841e-01	5.941366248514022841e-01	5.486720792364759847e-01	5.941366248514022841e-01	4.779366625492090237e-01	5.941366248514022841e-01	5.447662381497979656e-01	5.941366248514022841e-01	5.344373402530949724e-01	5.941366248514022841e-01	5.941366248514022841e-01	5.941366248514022841e-01	5.941366248514022841e-01	5.941366248514022841e-01	5.688703414263980296e-01	5.941366248514022841e-01	5.941366248514022841e-01	5.941366248514022841e-01
5.941366248514022841e-01	5.941366248514022841e-01	5.941366248514022841e-01	5.941366248514022841e-01	5.941366248514022841e-01	5.503174856744039722e-01	1.000000000000000000e+00	5.941366248514022841e-01	5.941366248514022841e-01	5.941366248514022841e-01	5.941366248514022841e-01	4.839668524793520055e-01	5.941366248514022841e-01	5.941366248514022841e-01	5.941366248514022841e-01	5.941366248514022841e-01	5.941366248514022841e-01	3.443692140133440271e-01	5.792545394969069728e-01	5.550176992750579519e-01	5.941366248514022841e-01	5.941366248514022841e-01	5.697460623092910348e-01	6.191728728610510490e-01	5.941366248514022841e-01	6.083932473840759636e-01	5.941366248514022841e-01	5.941366248514022841e-01	5.382176096106070506e-01	5.941366248514022841e-01	5.941366248514022841e-01	5.532258486136889530e-01	5.627817155089750445e-01	5.941366248514022841e-01	5.941366248514022841e-01	4.689646313290020130e-01	5.941366248514022841e-01	5.941366248514022841e-01	5.941366248514022841e-01	5.941366248514022841e-01	5.941366248514022841e-01	5.941366248514022841e-01	5.941366248514022841e-01	5.944716125988680488e-01	5.941366248514022841e-01	5.941366248514022841e-01	5.800867560757689834e-01	6.065783458179739851e-01	5.941366248514022841e-01	5.941366248514022841e-01	5.941366248514022841e-01	5.941366248514022841e-01	6.330624387954769672e-01	5.941366248514022841e-01	5.941366248514022841e-01	5.941366248514022841e-01	5.941366248514022841e-01	5.941366248514022841e-01	5.941366248514022841e-01	5.941366248514022841e-01	5.435794772743069991e-01	5.941366248514022841e-01	5.941366248514022841e-01	5.941366248514022841e-01	5.941366248514022841e-01	5.941366248514022841e-01	5.941366248514022841e-01	6.339199534304870154e-01	5.941366248514022841e-01	5.941366248514022841e-01	5.458398965373519873e-01	5.941366248514022841e-01	5.495317342068839483e-01	6.267750601081959472e-01	3.615093610269339841e-01	5.941366248514022841e-01	5.756974631106209772e-01	5.941366248514022841e-01	6.126547479575950028e-01	5.941366248514022841e-01	5.941366248514022841e-01	5.941366248514022841e-01	5.941366248514022841e-01	5.941366248514022841e-01	5.941366248514022841e-01	5.941366248514022841e-01	5.514850239472900428e-01	5.941366248514022841e-01	1.000000000000000021e-03	5.941366248514022841e-01	5.941366248514022841e-01	5.941366248514022841e-01	5.941366248514022841e-01	5.941366248514022841e-01	5.706426370288649741e-01	5.941366248514022841e-01	5.941366248514022841e-01	5.695902801293739603e-01	5.941366248514022841e-01	5.941366248514022841e-01	5.941366248514022841e-01	5.941366248514022841e-01	6.397758145422950404e-01	5.941366248514022841e-01	5.941366248514022841e-01	6.645761381287309533e-01	5.941366248514022841e-01	5.941366248514022841e-01	6.774016619829940078e-01	5.300454720697980182e-01	5.941366248514022841e-01	5.799559000474819870e-01	7.085844745547820178e-01	5.654698049893860379e-01	5.703033321099549857e-01	5.941366248514022841e-01	5.941366248514022841e-01	6.961911015199310215e-01	5.941366248514022841e-01	5.941366248514022841e-01	5.941366248514022841e-01	5.881089759766710001e-01	5.941366248514022841e-01	5.941366248514022841e-01
5.941366248514022841e-01	5.941366248514022841e-01	5.941366248514022841e-01	6.131785259294599832e-01	5.941366248514022841e-01	5.941366248514022841e-01	5.941366248514022841e-01	1.000000000000000000e+00	7.678531699198439808e-01	5.941366248514022841e-01	5.941366248514022841e-01	5.941366248514022841e-01	5.941366248514022841e-01	2.213411677306159897e-01	5.941366248514022841e-01	5.941366248514022841e-01	5.941366248514022841e-01	5.941366248514022841e-01	5.941366248514022841e-01	5.941366248514022841e-01	4.945021469319509921e-01	5.941366248514022841e-01	5.941366248514022841e-01	5.941366248514022841e-01	7.499493409919619769e-01	5.941366248514022841e-01	5.941366248514022841e-01	6.676500173235320190e-01	5.941366248514022841e-01	6.511604488489529663e-01	5.941366248514022841e-01	5.941366248514022841e-01	5.941366248514022841e-01	5.941366248514022841e-01	5.941366248514022841e-01	5.941366248514022841e-01	6.896774073459509546e-01	6.654444935519030491e-01	6.128935351963550326e-01	5.941366248514022841e-01	5.941366248514022841e-01	5.941366248514022841e-01	5.941366248514022841e-01	6.511604488489529663e-01	5.941366248514022841e-01	4.586252476782169962e-01	5.596394386446470470e-01	5.941366248514022841e-01	6.694553960316530494e-01	5.772936603194009919e-01	5.941366248514022841e-01	6.048350142575590338e-01	5.941366248514022841e-01	5.941366248514022841e-01	5.941366248514022841e-01	5.941366248514022841e-01	6.654444935519030491e-01	6.293039942466740477e-01	5.941366248514022841e-01	5.941366248514022841e-01	5.941366248514022841e-01	5.941366248514022841e-01	6.275382486062119902e-01	5.941366248514022841e-01	5.941366248514022841e-01	5.941366248514022841e-01	6.572654319077180229e-01	6.289341089150970454e-01	5.941366248514022841e-01	5.941366248514022841e-01	5.941366248514022841e-01	5.941366248514022841e-01	5.941366248514022841e-01	7.030354172419890357e-01	3.077478496438110223e-01	5.941366248514022841e-01	5.941366248514022841e-01	6.102594701078839501e-01	5.941366248514022841e-01	5.941366248514022841e-01	6.607525537445859687e-01	5.941366248514022841e-01	5.941366248514022841e-01	5.941366248514022841e-01	5.941366248514022841e-01	5.941366248514022841e-01	5.941366248514022841e-01	5.941366248514022841e-01	1.000000000000000021e-03	6.971436591002260208e-01	5.941366248514022841e-01	5.941366248514022841e-01	5.941366248514022841e-01	6.369434754796949871e-01	5.941366248514022841e-01	5.560963545754029624e-01	5.941366248514022841e-01	5.941366248514022841e-01	5.941366248514022841e-01	5.941366248514022841e-01	5.941366248514022841e-01	5.941366248514022841e-01	5.941366248514022841e-01	5.941366248514022841e-01	6.414795056811980478e-01	5.941366248514022841e-01	5.633437273009459512e-01	5.941366248514022841e-01	7.055873894922509715e-01	5.941366248514022841e-01	5.941366248514022841e-01	5.941366248514022841e-01	5.941366248514022841e-01	5.816116168528340236e-01	5.941366248514022841e-01	5.941366248514022841e-01	6.806604924114919575e-01	6.866476209526669594e-01	5.941366248514022841e-01	5.941366248514022841e-01	5.941366248514022841e-01	6.459904245932930333e-01	5.449524855634869658e-01	5.941366248514022841e-01
7.600555996296619599e-01	5.941366248514022841e-01	5.941366248514022841e-01	5.941366248514022841e-01	8.206057455690159985e-01	6.599805543437590183e-01	5.941366248514022841e-01	7.678531699198439808e-01	1.000000000000000000e+00	5.941366248514022841e-01	5.941366248514022841e-01	4.990121313599990005e-01	5.941366248514022841e-01	5.941366248514022841e-01	5.941366248514022841e-01	7.306325145935189669e-01	5.941366248514022841e-01	5.941366248514022841e-01	5.941366248514022841e-01	6.825383810197880319e-01	5.941366248514022841e-01	5.941366248514022841e-01	6.318949697315739966e-01	5.941366248514022841e-01	5.941366248514022841e-01	5.941366248514022841e-01	5.941366248514022841e-01	5.941366248514022841e-01	6.860845373676770498e-01	5.941366248514022841e-01	5.941366248514022841e-01	7.055632710516229755e-01	5.941366248514022841e-01	7.364547764256480500e-01	5.941366248514022841e-01	5.941366248514022841e-01	5.941366248514022841e-01	5.941366248514022841e-01	5.941366248514022841e-01	5.941366248514022841e-01	6.857891033559520011e-01	5.941366248514022841e-01	5.941366248514022841e-01	5.941366248514022841e-01	5.941366248514022841e-01	5.941366248514022841e-01	5.941366248514022841e-01	6.949594733101349675e-01	5.941366248514022841e-01	6.243715286264690523e-01	5.941366248514022841e-01	5.941366248514022841e-01	7.133038983235050479e-01	5.941366248514022841e-01	6.537654261924390475e-01	5.941366248514022841e-01	5.941366248514022841e-01	5.941366248514022841e-01	5.941366248514022841e-01	5.941366248514022841e-01	6.725794314673839702e-01	5.941366248514022841e-01	5.941366248514022841e-01	5.941366248514022841e-01	7.794732648240210171e-01	5.941366248514022841e-01	5.941366248514022841e-01	6.661135815633389967e-01	5.941366248514022841e-01	5.941366248514022841e-01	5.941366248514022841e-01	5.941366248514022841e-01	5.941366248514022841e-01	5.941366248514022841e-01	5.941366248514022841e-01	5.941366248514022841e-01	5.941366248514022841e-01	5.941366248514022841e-01	5.941366248514022841e-01	7.120565997929589885e-01	5.941366248514022841e-01	5.941366248514022841e-01	5.941366248514022841e-01	5.523264297690789748e-01	5.941366248514022841e-01	5.941366248514022841e-01	7.124315342793410277e-01	6.225047063654950419e-01	5.941366248514022841e-01	5.941366248514022841e-01	5.941366248514022841e-01	5.835552459027140149e-01	7.823722315991810117e-01	5.941366248514022841e-01	5.941366248514022841e-01	6.714262953586049854e-01	7.263096999368450213e-01	5.941366248514022841e-01	5.941366248514022841e-01	5.941366248514022841e-01	5.941366248514022841e-01	5.941366248514022841e-01	5.941366248514022841e-01	5.941366248514022841e-01	5.941366248514022841e-01	5.941366248514022841e-01	5.042936138697410309e-01	5.941366248514022841e-01	5.941366248514022841e-01	5.941366248514022841e-01	6.490981424663510024e-01	5.941366248514022841e-01	5.941366248514022841e-01	5.941366248514022841e-01	5.941366248514022841e-01	5.941366248514022841e-01	5.941366248514022841e-01	7.608458240612839818e-01	7.871847678237160473e-01	5.941366248514022841e-01	5.467138018786810161e-01	5.941366248514022841e-01	5.941366248514022841e-01	7.145973486819310327e-01
5.941366248514022841e-01	5.941366248514022841e-01	5.941366248514022841e-01	6.256405716754519508e-01	5.941366248514022841e-01	5.941366248514022841e-01	5.941366248514022841e-01	5.941366248514022841e-01	5.941366248514022841e-01	1.000000000000000000e+00	5.941366248514022841e-01	5.941366248514022841e-01	6.134510674189760371e-01	5.941366248514022841e-01	5.941366248514022841e-01	5.941366248514022841e-01	6.778139533373489511e-01	5.941366248514022841e-01	5.941366248514022841e-01	5.303136916891929564e-01	5.941366248514022841e-01	5.941366248514022841e-01	6.975727351157889888e-01	5.941366248514022841e-01	5.941366248514022841e-01	5.941366248514022841e-01	5.941366248514022841e-01	5.941366248514022841e-01	4.654161566644179904e-01	5.941366248514022841e-01	5.941366248514022841e-01	5.941366248514022841e-01	5.941366248514022841e-01	5.941366248514022841e-01	5.941366248514022841e-01	4.100076554301270160e-01	5.943009438929549582e-01	5.941366248514022841e-01	5.941366248514022841e-01	5.941366248514022841e-01	5.941366248514022841e-01	5.941366248514022841e-01	5.601791637182179651e-01	5.941366248514022841e-01	5.941366248514022841e-01	5.646894417899880336e-01	5.941366248514022841e-01	5.941366248514022841e-01	5.941366248514022841e-01	7.067798673624650085e-01	4.816135219033729764e-01	5.379968823783559673e-01	6.943658379363150113e-01	4.836724717748980273e-01	5.941366248514022841e-01	5.941366248514022841e-01	5.941366248514022841e-01	5.941366248514022841e-01	5.941366248514022841e-01	5.941366248514022841e-01	5.941366248514022841e-01	5.941366248514022841e-01	5.941366248514022841e-01	3.552495846063309926e-01	5.941366248514022841e-01	5.941366248514022841e-01	5.941366248514022841e-01	5.941366248514022841e-01	5.941366248514022841e-01	4.762178256023690270e-01	5.941366248514022841e-01	5.941366248514022841e-01	5.941366248514022841e-01	5.941366248514022841e-01	3.896373068037299880e-01	5.941366248514022841e-01	4.839867048149419926e-01	5.941366248514022841e-01	6.637179908407609963e-01	5.941366248514022841e-01	5.941366248514022841e-01	5.941366248514022841e-01	4.745505879772259905e-01	5.941366248514022841e-01	5.941366248514022841e-01	5.941366248514022841e-01	5.941366248514022841e-01	4.498404095803310021e-01	5.941366248514022841e-01	5.941366248514022841e-01	5.941366248514022841e-01	5.941366248514022841e-01	5.704047124371699473e-01	5.941366248514022841e-01	5.941366248514022841e-01	5.941366248514022841e-01	5.941366248514022841e-01	5.941366248514022841e-01	5.941366248514022841e-01	5.525077073744150136e-01	5.941366248514022841e-01	5.941366248514022841e-01	5.941366248514022841e-01	6.426471086794529608e-01	5.941366248514022841e-01	5.941366248514022841e-01	5.847413293395089529e-01	5.941366248514022841e-01	5.941366248514022841e-01	5.941366248514022841e-01	5.941366248514022841e-01	5.941366248514022841e-01	6.500307035403439793e-01	5.941366248514022841e-01	5.941366248514022841e-01	5.941366248514022841e-01	5.941366248514022841e-01	5.522056110762399994e-01	6.089008936250780435e-01	5.941366248514022841e-01	5.941366248514022841e-01	5.941366248514022841e-01	5.941366248514022841e-01	4.913109845895459737e-01
5.941366248514022841e-01	5.941366248514022841e-01	5.941366248514022841e-01	6.704263711470750398e-01	8.297956717116830028e-01	5.941366248514022841e-01	5.941366248514022841e-01	5.941366248514022841e-01	5.941366248514022841e-01	5.941366248514022841e-01	1.000000000000000000e+00	5.941366248514022841e-01	5.941366248514022841e-01	5.941366248514022841e-01	7.668878779084880026e-01	5.941366248514022841e-01	5.941366248514022841e-01	2.797331067330969812e-01	5.941366248514022841e-01	5.941366248514022841e-01	4.676711574148180173e-01	5.941366248514022841e-01	6.263766847797339610e-01	5.941366248514022841e-01	7.839516939858830469e-01	8.067272532617899561e-01	8.027111750413949975e-01	7.315621741226250307e-01	5.941366248514022841e-01	7.473135517606059874e-01	5.941366248514022841e-01	7.852121912590359631e-01	5.941366248514022841e-01	7.205233087301989858e-01	7.609290533589579963e-01	5.941366248514022841e-01	7.816451447521289841e-01	5.941366248514022841e-01	5.941366248514022841e-01	5.941366248514022841e-01	7.656410934156410164e-01	5.941366248514022841e-01	5.941366248514022841e-01	5.941366248514022841e-01	5.941366248514022841e-01	5.941366248514022841e-01	5.941366248514022841e-01	5.941366248514022841e-01	5.941366248514022841e-01	5.941366248514022841e-01	7.764523223850550160e-01	5.941366248514022841e-01	5.941366248514022841e-01	7.806038093648040022e-01	7.234502849044299744e-01	5.941366248514022841e-01	5.941366248514022841e-01	5.941366248514022841e-01	7.225951515838370254e-01	8.151262266444939675e-01	5.941366248514022841e-01	4.953954522458000054e-01	5.941366248514022841e-01	5.941366248514022841e-01	5.941366248514022841e-01	4.471605693963520145e-01	6.988615483317189847e-01	5.941366248514022841e-01	5.941366248514022841e-01	5.941366248514022841e-01	7.849438307254239522e-01	5.941366248514022841e-01	5.941366248514022841e-01	7.108552190281649530e-01	3.199988409677609891e-01	5.941366248514022841e-01	5.941366248514022841e-01	7.710251233925580205e-01	5.941366248514022841e-01	8.058673381254589652e-01	5.941366248514022841e-01	5.941366248514022841e-01	7.386279738307159892e-01	4.988449952550679800e-01	5.941366248514022841e-01	8.068982430904340086e-01	7.836516188359370361e-01	5.941366248514022841e-01	1.000000000000000021e-03	5.941366248514022841e-01	5.941366248514022841e-01	5.941366248514022841e-01	5.941366248514022841e-01	5.941366248514022841e-01	8.093678389128280415e-01	5.941366248514022841e-01	5.941366248514022841e-01	5.941366248514022841e-01	5.941366248514022841e-01	5.941366248514022841e-01	5.941366248514022841e-01	5.941366248514022841e-01	5.941366248514022841e-01	6.448520146871690173e-01	5.941366248514022841e-01	5.941366248514022841e-01	5.941366248514022841e-01	5.941366248514022841e-01	5.941366248514022841e-01	5.941366248514022841e-01	5.941366248514022841e-01	5.941366248514022841e-01	5.941366248514022841e-01	5.258658254449769531e-01	5.941366248514022841e-01	7.680211707775329577e-01	7.390371090407640287e-01	5.941366248514022841e-01	5.941366248514022841e-01	5.941366248514022841e-01	5.941366248514022841e-01	5.941366248514022841e-01	5.941366248514022841e-01	5.941366248514022841e-01
5.941366248514022841e-01	5.941366248514022841e-01	6.954204840622609796e-01	5.941366248514022841e-01	5.941366248514022841e-01	5.941366248514022841e-01	4.839668524793520055e-01	5.941366248514022841e-01	4.990121313599990005e-01	5.941366248514022841e-01	5.941366248514022841e-01	1.000000000000000000e+00	5.941366248514022841e-01	5.941366248514022841e-01	5.941366248514022841e-01	5.941366248514022841e-01	5.941366248514022841e-01	5.941366248514022841e-01	5.941366248514022841e-01	5.941366248514022841e-01	5.941366248514022841e-01	5.941366248514022841e-01	5.941366248514022841e-01	5.941366248514022841e-01	4.264139921157010238e-01	5.941366248514022841e-01	3.223416323537769967e-01	4.491336353000690007e-01	2.386054602714040018e-01	5.941366248514022841e-01	4.501080444600549790e-01	5.941366248514022841e-01	5.941366248514022841e-01	5.941366248514022841e-01	5.941366248514022841e-01	5.941366248514022841e-01	3.821765261336910191e-01	4.023658285271429769e-01	5.941366248514022841e-01	5.941366248514022841e-01	5.941366248514022841e-01	5.941366248514022841e-01	5.941366248514022841e-01	5.941366248514022841e-01	2.598391912742830101e-01	6.429371436126589678e-01	5.941366248514022841e-01	2.573183541337160096e-01	5.941366248514022841e-01	5.941366248514022841e-01	5.941366248514022841e-01	5.941366248514022841e-01	5.941366248514022841e-01	5.941366248514022841e-01	5.941366248514022841e-01	5.941366248514022841e-01	5.941366248514022841e-01	5.941366248514022841e-01	2.218517060152520037e-01	5.941366248514022841e-01	2.286625069108519925e-01	5.941366248514022841e-01	5.941366248514022841e-01	5.941366248514022841e-01	5.553023519531630203e-01	6.985701639560180087e-01	5.941366248514022841e-01	5.941366248514022841e-01	5.941366248514022841e-01	5.941366248514022841e-01	5.941366248514022841e-01	5.941366248514022841e-01	5.941366248514022841e-01	5.941366248514022841e-01	5.843656754077249937e-01	5.941366248514022841e-01	5.941366248514022841e-01	3.233635614054760077e-01	5.941366248514022841e-01	5.941366248514022841e-01	5.941366248514022841e-01	5.941366248514022841e-01	5.941366248514022841e-01	5.941366248514022841e-01	5.941366248514022841e-01	5.941366248514022841e-01	2.648248072783089824e-01	5.941366248514022841e-01	1.000000000000000021e-03	5.801819426406989999e-01	6.282680040628719764e-01	6.919254037653429501e-01	5.941366248514022841e-01	5.941366248514022841e-01	5.941366248514022841e-01	2.293748969335620003e-01	5.941366248514022841e-01	2.576510512291569910e-01	5.941366248514022841e-01	5.941366248514022841e-01	5.941366248514022841e-01	7.873247022144980178e-01	5.941366248514022841e-01	5.941366248514022841e-01	5.941366248514022841e-01	5.941366248514022841e-01	5.941366248514022841e-01	3.272062788401899902e-01	5.941366248514022841e-01	5.941366248514022841e-01	5.941366248514022841e-01	5.941366248514022841e-01	5.941366248514022841e-01	5.941366248514022841e-01	8.234549999323460545e-01	2.822997824804590050e-01	5.941366248514022841e-01	5.941366248514022841e-01	3.900744097162749946e-01	5.941366248514022841e-01	5.941366248514022841e-01	5.941366248514022841e-01	5.941366248514022841e-01	5.941366248514022841e-01
