1.000000000000000000e+00	3.878459190935449885e-01	3.878459190935449885e-01	6.048456605862500002e-01	2.705557093945850089e-01	3.878459190935449885e-01	3.878459190935449885e-01	4.416292324044169826e-01	3.878459190935449885e-01	3.878459190935449885e-01	3.878459190935449885e-01	3.878459190935449885e-01	3.878459190935449885e-01	3.878459190935449885e-01	3.878459190935449885e-01	7.267922101633700338e-01	3.878459190935449885e-01	3.878459190935449885e-01	3.878459190935449885e-01	5.374357703196930292e-01	3.878459190935449885e-01	3.878459190935449885e-01	3.878459190935449885e-01	6.811684388066550078e-01	3.878459190935449885e-01	5.215599804397339501e-01	7.155761600875619466e-02	3.878459190935449885e-01	6.056286129959369546e-01	3.878459190935449885e-01	5.339752642825470463e-01	3.878459190935449885e-01	3.878459190935449885e-01	3.878459190935449885e-01	3.878459190935449885e-01	5.334324482684470459e-01	3.878459190935449885e-01	3.878459190935449885e-01	3.527452965672660257e-02	5.990248071115830131e-01	3.878459190935449885e-01	3.878459190935449885e-01	3.878459190935449885e-01	1.293155857649510021e-01	3.878459190935449885e-01	3.878459190935449885e-01	3.878459190935449885e-01	5.356100072818630320e-01	3.878459190935449885e-01	3.878459190935449885e-01	3.878459190935449885e-01	3.878459190935449885e-01	6.230546994958859885e-01	3.878459190935449885e-01	3.878459190935449885e-01	3.878459190935449885e-01	5.693510540973779621e-01	3.878459190935449885e-01	3.878459190935449885e-01	3.878459190935449885e-01	5.868737304911829655e-01	3.878459190935449885e-01	3.878459190935449885e-01	3.878459190935449885e-01	3.878459190935449885e-01	3.241434055253390040e-02	5.962569225583700394e-01	1.379924633550979989e-02	6.106914757990650200e-01	8.493621170839600609e-02	3.878459190935449885e-01	3.878459190935449885e-01	6.700068396132830006e-01	3.878459190935449885e-01	3.878459190935449885e-01	3.878459190935449885e-01	3.878459190935449885e-01	3.878459190935449885e-01	3.878459190935449885e-01	6.034094062551970117e-01	3.878459190935449885e-01	3.878459190935449885e-01	3.878459190935449885e-01	3.878459190935449885e-01	3.878459190935449885e-01	1.305382939136600084e-01	3.878459190935449885e-01	3.878459190935449885e-01	3.878459190935449885e-01	8.183096169243550544e-03	3.878459190935449885e-01	6.319131505668910131e-01	3.878459190935449885e-01	5.427492994290790129e-01	3.878459190935449885e-01	5.590280448171000005e-01	5.609650571915789641e-01	3.878459190935449885e-01	4.143625103891659771e-04	3.878459190935449885e-01	2.890616871320499937e-01	3.878459190935449885e-01	3.878459190935449885e-01	4.527476610155489745e-01	6.358304586525169722e-01	3.878459190935449885e-01	3.878459190935449885e-01	5.727728796662759914e-01	3.878459190935449885e-01	5.837818192487580493e-01	3.878459190935449885e-01	3.878459190935449885e-01	3.878459190935449885e-01	3.878459190935449885e-01	3.878459190935449885e-01	6.531555362483060234e-01	3.878459190935449885e-01	6.554220291053669545e-01	3.878459190935449885e-01	3.878459190935449885e-01	3.878459190935449885e-01	3.878459190935449885e-01	5.451014788829130486e-01	3.878459190935449885e-01
3.878459190935449885e-01	1.000000000000000000e+00	3.878459190935449885e-01	5.944502568123890551e-01	2.655686621914140066e-01	3.878459190935449885e-01	3.878459190935449885e-01	4.351203615925789969e-01	3.878459190935449885e-01	3.552910749506000276e-01	3.878459190935449885e-01	5.961038597997200261e-01	3.878459190935449885e-01	3.878459190935449885e-01	3.878459190935449885e-01	7.031595794967390178e-01	3.878459190935449885e-01	3.878459190935449885e-01	6.647180232023269797e-01	3.878459190935449885e-01	3.878459190935449885e-01	3.878459190935449885e-01	3.878459190935449885e-01	3.878459190935449885e-01	3.878459190935449885e-01	3.878459190935449885e-01	3.878459190935449885e-01	2.405587135174150071e-01	3.878459190935449885e-01	4.916383792546940024e-01	3.878459190935449885e-01	3.878459190935449885e-01	3.878459190935449885e-01	3.878459190935449885e-01	3.878459190935449885e-01	3.878459190935449885e-01	3.878459190935449885e-01	3.878459190935449885e-01	3.878459190935449885e-01	3.878459190935449885e-01	6.472829675517639547e-01	3.878459190935449885e-01	5.467368940947030520e-01	3.878459190935449885e-01	3.759784642986410130e-01	3.878459190935449885e-01	3.878459190935449885e-01	3.878459190935449885e-01	3.878459190935449885e-01	3.878459190935449885e-01	3.878459190935449885e-01	3.878459190935449885e-01	3.878459190935449885e-01	3.878459190935449885e-01	3.878459190935449885e-01	3.878459190935449885e-01	3.878459190935449885e-01	3.878459190935449885e-01	3.878459190935449885e-01	5.351436626648949924e-01	3.878459190935449885e-01	3.878459190935449885e-01	3.878459190935449885e-01	3.878459190935449885e-01	3.878459190935449885e-01	3.878459190935449885e-01	3.878459190935449885e-01	3.878459190935449885e-01	5.991460331079759838e-01	3.878459190935449885e-01	3.878459190935449885e-01	3.878459190935449885e-01	6.522079743083359915e-01	3.878459190935449885e-01	3.878459190935449885e-01	5.654549520079630298e-01	3.878459190935449885e-01	3.878459190935449885e-01	3.878459190935449885e-01	3.878459190935449885e-01	3.878459190935449885e-01	3.878459190935449885e-01	3.878459190935449885e-01	3.878459190935449885e-01	3.878459190935449885e-01	3.878459190935449885e-01	3.878459190935449885e-01	3.878459190935449885e-01	3.878459190935449885e-01	8.468694707642410516e-03	3.878459190935449885e-01	3.878459190935449885e-01	5.585642334227769457e-01	3.878459190935449885e-01	3.878459190935449885e-01	3.878459190935449885e-01	3.878459190935449885e-01	5.519737020728670007e-01	4.083987640704909885e-04	3.878459190935449885e-01	3.878459190935449885e-01	3.878459190935449885e-01	3.878459190935449885e-01	4.449453488856929817e-01	3.878459190935449885e-01	3.878459190935449885e-01	6.043569684695360156e-01	3.878459190935449885e-01	3.878459190935449885e-01	3.878459190935449885e-01	3.878459190935449885e-01	3.878459190935449885e-01	5.383701913289550278e-01	3.878459190935449885e-01	6.472707023390179559e-01	3.878459190935449885e-01	3.878459190935449885e-01	3.878459190935449885e-01	3.878459190935449885e-01	3.878459190935449885e-01	3.878459190935449885e-01	6.360333610112050007e-01	3.878459190935449885e-01	5.256032834339009474e-01
3.878459190935449885e-01	3.878459190935449885e-01	1.000000000000000000e+00	3.878459190935449885e-01	2.447920214073329992e-01	3.878459190935449885e-01	4.491870356898829963e-01	3.878459190935449885e-01	3.878459190935449885e-01	3.276568812950579890e-01	3.878459190935449885e-01	5.482582283240530208e-01	3.878459190935449885e-01	3.878459190935449885e-01	4.029319591344859841e-01	3.878459190935449885e-01	3.878459190935449885e-01	5.345653606902970312e-01	6.087618639628590289e-01	3.878459190935449885e-01	3.878459190935449885e-01	3.878459190935449885e-01	3.878459190935449885e-01	6.139052308202399555e-01	4.365714814893240092e-01	3.878459190935449885e-01	3.878459190935449885e-01	3.878459190935449885e-01	3.878459190935449885e-01	3.878459190935449885e-01	4.776337585095259963e-01	3.878459190935449885e-01	3.878459190935449885e-01	2.597460154993819770e-01	3.878459190935449885e-01	3.878459190935449885e-01	5.137035721518129483e-01	3.878459190935449885e-01	3.223116951641209760e-02	3.878459190935449885e-01	3.878459190935449885e-01	4.652808198223820080e-01	3.878459190935449885e-01	1.159048723642400053e-01	3.878459190935449885e-01	5.626582164803870523e-01	3.878459190935449885e-01	4.816241340461879794e-01	3.878459190935449885e-01	5.185877654523870506e-01	3.878459190935449885e-01	3.878459190935449885e-01	5.553281561301950386e-01	3.878459190935449885e-01	3.878459190935449885e-01	3.878459190935449885e-01	3.878459190935449885e-01	3.878459190935449885e-01	3.878459190935449885e-01	3.878459190935449885e-01	5.336605096616729993e-01	3.878459190935449885e-01	3.878459190935449885e-01	3.878459190935449885e-01	3.878459190935449885e-01	2.983223039821019870e-02	3.878459190935449885e-01	1.254288344722000008e-02	3.878459190935449885e-01	3.878459190935449885e-01	3.878459190935449885e-01	1.722514017081669957e-01	3.878459190935449885e-01	5.734163839891069925e-01	3.878459190935449885e-01	3.878459190935449885e-01	3.878459190935449885e-01	5.511470583101559795e-01	3.878459190935449885e-01	3.878459190935449885e-01	3.878459190935449885e-01	3.878459190935449885e-01	3.878459190935449885e-01	3.878459190935449885e-01	5.053980967515999678e-01	3.878459190935449885e-01	3.878459190935449885e-01	3.878459190935449885e-01	1.000000000000000082e-05	3.878459190935449885e-01	3.878459190935449885e-01	3.878459190935449885e-01	3.878459190935449885e-01	3.878459190935449885e-01	3.878459190935449885e-01	5.036732147247310332e-01	3.878459190935449885e-01	3.878459190935449885e-01	3.878459190935449885e-01	3.878459190935449885e-01	3.878459190935449885e-01	3.878459190935449885e-01	3.878459190935449885e-01	3.878459190935449885e-01	3.878459190935449885e-01	3.878459190935449885e-01	5.484670143301599854e-01	3.878459190935449885e-01	3.878459190935449885e-01	3.878459190935449885e-01	3.878459190935449885e-01	3.878459190935449885e-01	3.878459190935449885e-01	6.067944722792689705e-01	3.878459190935449885e-01	3.878459190935449885e-01	3.878459190935449885e-01	3.878459190935449885e-01	5.933468103484650369e-01	3.878459190935449885e-01	5.606970088397500440e-01	5.787557711916090364e-01	4.864797172634989786e-01	3.878459190935449885e-01
6.048456605862500002e-01	5.944502568123890551e-01	3.878459190935449885e-01	1.000000000000000000e+00	3.878459190935449885e-01	3.878459190935449885e-01	3.878459190935449885e-01	3.878459190935449885e-01	3.878459190935449885e-01	3.878459190935449885e-01	3.878459190935449885e-01	3.878459190935449885e-01	3.878459190935449885e-01	3.878459190935449885e-01	3.878459190935449885e-01	3.878459190935449885e-01	3.878459190935449885e-01	3.878459190935449885e-01	3.878459190935449885e-01	3.878459190935449885e-01	4.898355562159770193e-01	3.878459190935449885e-01	3.878459190935449885e-01	3.878459190935449885e-01	4.446231454664569815e-01	4.720226027604669805e-01	3.878459190935449885e-01	3.878459190935449885e-01	5.408393125509489696e-01	3.878459190935449885e-01	3.878459190935449885e-01	3.878459190935449885e-01	3.878459190935449885e-01	3.878459190935449885e-01	3.878459190935449885e-01	3.878459190935449885e-01	3.878459190935449885e-01	3.878459190935449885e-01	3.878459190935449885e-01	5.444770941783689810e-01	5.931217626045730551e-01	3.878459190935449885e-01	3.878459190935449885e-01	1.193650975377919948e-01	3.878459190935449885e-01	3.878459190935449885e-01	3.878459190935449885e-01	3.878459190935449885e-01	3.878459190935449885e-01	3.878459190935449885e-01	3.878459190935449885e-01	3.878459190935449885e-01	3.878459190935449885e-01	3.878459190935449885e-01	1.215769363268170006e-01	3.878459190935449885e-01	3.878459190935449885e-01	5.907388291666579860e-01	3.878459190935449885e-01	3.878459190935449885e-01	3.878459190935449885e-01	3.878459190935449885e-01	3.878459190935449885e-01	3.940780272124220218e-01	3.878459190935449885e-01	3.031497811283600033e-02	3.878459190935449885e-01	3.878459190935449885e-01	3.878459190935449885e-01	3.878459190935449885e-01	5.916243522099909891e-01	3.878459190935449885e-01	3.878459190935449885e-01	3.878459190935449885e-01	4.966666363370900172e-01	3.878459190935449885e-01	3.878459190935449885e-01	5.547383064853279588e-01	3.878459190935449885e-01	3.878459190935449885e-01	4.187414860421049823e-01	3.878459190935449885e-01	3.047501214398730118e-01	3.878459190935449885e-01	3.878459190935449885e-01	1.201033659504389950e-01	5.404377200614729482e-01	5.177477879852550036e-01	1.000000000000000082e-05	3.878459190935449885e-01	3.878459190935449885e-01	5.627193127215870394e-01	3.878459190935449885e-01	3.878459190935449885e-01	2.261735398041919975e-01	5.089320309453629898e-01	5.004230354782810419e-01	3.878459190935449885e-01	3.878459190935449885e-01	3.878459190935449885e-01	3.878459190935449885e-01	3.878459190935449885e-01	3.878459190935449885e-01	3.878459190935449885e-01	3.878459190935449885e-01	3.878459190935449885e-01	3.878459190935449885e-01	3.878459190935449885e-01	6.377488009663619950e-01	5.213530686635410305e-01	3.878459190935449885e-01	4.239043295641919951e-01	3.878459190935449885e-01	6.144770890484679837e-01	3.878459190935449885e-01	5.857661951460010341e-01	3.878459190935449885e-01	3.878459190935449885e-01	5.981531006387019733e-01	5.382314742768290472e-01	5.708181027770820037e-01	3.878459190935449885e-01	3.878459190935449885e-01	3.878459190935449885e-01
2.705557093945850089e-01	2.655686621914140066e-01	2.447920214073329992e-01	3.878459190935449885e-01	9.999999999999840128e-01	2.412736740331770102e-01	3.878459190935449885e-01	1.901022875138259904e-01	3.878459190935449885e-01	1.582512426071200073e-01	3.878459190935449885e-01	3.878459190935449885e-01	3.878459190935449885e-01	3.878459190935449885e-01	3.878459190935449885e-01	2.888899512550289761e-01	2.746974567967520042e-01	2.468901862172780126e-01	3.878459190935449885e-01	3.878459190935449885e-01	3.878459190935449885e-01	3.878459190935449885e-01	3.878459190935449885e-01	3.878459190935449885e-01	3.878459190935449885e-01	2.202504011141999951e-01	3.878459190935449885e-01	3.878459190935449885e-01	3.878459190935449885e-01	3.878459190935449885e-01	3.878459190935449885e-01	3.878459190935449885e-01	3.878459190935449885e-01	3.878459190935449885e-01	2.721975288944240012e-01	2.210410526322159896e-01	2.374698772323559914e-01	3.878459190935449885e-01	1.731193195994040063e-02	3.878459190935449885e-01	3.878459190935449885e-01	3.878459190935449885e-01	3.878459190935449885e-01	3.878459190935449885e-01	3.878459190935449885e-01	3.878459190935449885e-01	3.878459190935449885e-01	3.878459190935449885e-01	3.878459190935449885e-01	3.878459190935449885e-01	2.155820486785229861e-01	2.310420959327300072e-01	3.878459190935449885e-01	3.878459190935449885e-01	6.275001020804570062e-02	2.604335924288639914e-01	3.878459190935449885e-01	3.878459190935449885e-01	3.878459190935449885e-01	2.231091331634690034e-01	3.878459190935449885e-01	3.878459190935449885e-01	3.878459190935449885e-01	3.878459190935449885e-01	3.878459190935449885e-01	3.878459190935449885e-01	2.490558683598980139e-01	3.878459190935449885e-01	2.554516894743639743e-01	3.878459190935449885e-01	2.704795686667419985e-01	8.200712179770740240e-02	3.878459190935449885e-01	3.878459190935449885e-01	3.878459190935449885e-01	2.385565096737080060e-01	3.878459190935449885e-01	2.506303565198870209e-01	2.230235024970010083e-01	3.878459190935449885e-01	1.926862858071780038e-01	6.710506434788610086e-02	3.878459190935449885e-01	3.878459190935449885e-01	3.878459190935449885e-01	3.878459190935449885e-01	3.878459190935449885e-01	3.878459190935449885e-01	3.878459190935449885e-01	3.878459190935449885e-01	3.878459190935449885e-01	3.878459190935449885e-01	2.379744450662240052e-01	3.878459190935449885e-01	3.878459190935449885e-01	3.878459190935449885e-01	2.292308169013050068e-01	3.878459190935449885e-01	3.878459190935449885e-01	2.560422668547320257e-01	1.234896199609659961e-01	3.878459190935449885e-01	3.878459190935449885e-01	3.878459190935449885e-01	3.878459190935449885e-01	2.524351986017630001e-01	3.878459190935449885e-01	3.878459190935449885e-01	2.831903047791369810e-01	3.878459190935449885e-01	3.878459190935449885e-01	3.878459190935449885e-01	3.878459190935449885e-01	3.878459190935449885e-01	2.705394080827859815e-01	3.878459190935449885e-01	2.719959187667880252e-01	2.664011361511670062e-01	3.878459190935449885e-01	3.878459190935449885e-01	3.878459190935449885e-01	2.660907595926810254e-01	3.878459190935449885e-01	2.158680485168089913e-01
3.878459190935449885e-01	3.878459190935449885e-01	3.878459190935449885e-01	3.878459190935449885e-01	2.412736740331770102e-01	1.000000000000000000e+00	4.477105830121569929e-01	3.878459190935449885e-01	3.878459190935449885e-01	3.256262708240639792e-01	3.878459190935449885e-01	3.878459190935449885e-01	5.725944988206159714e-01	3.878459190935449885e-01	3.878459190935449885e-01	3.878459190935449885e-01	3.878459190935449885e-01	3.878459190935449885e-01	3.878459190935449885e-01	4.763125226050650141e-01	3.878459190935449885e-01	3.878459190935449885e-01	3.878459190935449885e-01	6.031026341971159610e-01	4.412528072069359930e-01	4.608863625098300054e-01	6.610552334626469684e-02	2.255079249363400040e-01	3.878459190935449885e-01	3.878459190935449885e-01	3.878459190935449885e-01	3.878459190935449885e-01	3.878459190935449885e-01	3.878459190935449885e-01	5.893946457714670517e-01	3.878459190935449885e-01	3.878459190935449885e-01	3.878459190935449885e-01	3.132750161852609905e-02	3.878459190935449885e-01	3.878459190935449885e-01	3.878459190935449885e-01	4.902313107133079995e-01	1.160761061029590008e-01	3.372928405671020147e-01	5.561314444148669489e-01	3.878459190935449885e-01	3.878459190935449885e-01	5.077239346414009757e-01	3.878459190935449885e-01	3.878459190935449885e-01	3.878459190935449885e-01	5.466097952897680523e-01	3.878459190935449885e-01	1.199867166368159960e-01	3.878459190935449885e-01	3.878459190935449885e-01	3.878459190935449885e-01	5.962016168279400397e-01	3.878459190935449885e-01	3.878459190935449885e-01	3.878459190935449885e-01	4.932142870074590069e-01	3.878455748616160270e-01	3.878459190935449885e-01	3.013752910430279874e-02	3.878459190935449885e-01	1.243710310825470004e-02	5.396155368750189529e-01	3.878459190935449885e-01	3.878459190935449885e-01	3.878459190935449885e-01	3.878459190935449885e-01	3.878459190935449885e-01	4.851953711389709878e-01	3.878459190935449885e-01	3.878459190935449885e-01	3.878459190935449885e-01	4.811305174590599920e-01	5.390986337683300045e-01	3.878459190935449885e-01	3.878459190935449885e-01	3.878459190935449885e-01	3.878459190935449885e-01	3.878459190935449885e-01	1.222218216491779974e-01	3.878459190935449885e-01	3.878459190935449885e-01	3.878459190935449885e-01	3.878459190935449885e-01	5.277912602205839798e-01	3.878459190935449885e-01	3.878459190935449885e-01	3.878459190935449885e-01	2.224919097112640076e-01	3.878459190935449885e-01	3.878459190935449885e-01	3.878459190935449885e-01	3.878459190935449885e-01	3.878459190935449885e-01	3.878459190935449885e-01	3.878459190935449885e-01	3.878459190935449885e-01	3.878459190935449885e-01	5.649221862505140468e-01	5.505686743923889903e-01	3.878459190935449885e-01	3.878459190935449885e-01	6.203692976581050011e-01	3.878459190935449885e-01	3.878459190935449885e-01	3.878459190935449885e-01	3.878459190935449885e-01	3.878459190935449885e-01	3.878459190935449885e-01	3.878459190935449885e-01	5.818508509699299447e-01	3.878459190935449885e-01	5.849415109851540118e-01	3.878459190935449885e-01	3.878459190935449885e-01	5.720117088875710243e-01	3.878459190935449885e-01	3.878459190935449885e-01
3.878459190935449885e-01	3.878459190935449885e-01	4.491870356898829963e-01	3.878459190935449885e-01	3.878459190935449885e-01	4.477105830121569929e-01	1.000000000000000000e+00	3.878459190935449885e-01	3.878459190935449885e-01	2.745861714893880201e-01	3.878459190935449885e-01	3.878459190935449885e-01	3.878459190935449885e-01	4.139343648381220153e-01	3.878459190935449885e-01	3.878459190935449885e-01	3.878459190935449885e-01	4.522505240061079901e-01	3.878459190935449885e-01	4.015331510254970260e-01	3.878459190935449885e-01	3.878459190935449885e-01	4.152265092124730050e-01	3.878459190935449885e-01	3.878459190935449885e-01	4.001856764871890015e-01	5.724393063857680097e-02	3.878459190935449885e-01	3.878459190935449885e-01	3.895004279161489724e-01	4.022042520904700047e-01	5.163634445668889850e-01	3.878459190935449885e-01	3.878459190935449885e-01	5.063513498157610204e-01	3.878459190935449885e-01	3.878459190935449885e-01	3.878459190935449885e-01	3.878459190935449885e-01	3.878459190935449885e-01	4.978231413790459858e-01	3.992276739150940057e-01	3.878459190935449885e-01	3.878459190935449885e-01	3.878459190935449885e-01	3.878459190935449885e-01	3.878459190935449885e-01	3.878459190935449885e-01	3.878459190935449885e-01	4.370542404053859853e-01	3.974826599194190013e-01	3.878459190935449885e-01	3.878459190935449885e-01	3.878459190935449885e-01	1.042086328829699982e-01	3.878459190935449885e-01	4.370239719339890083e-01	4.962685065386109873e-01	3.878459190935449885e-01	3.878459190935449885e-01	3.878459190935449885e-01	3.878459190935449885e-01	4.254627867535449859e-01	3.878459190935449885e-01	3.878459190935449885e-01	2.609622117738399916e-02	3.878459190935449885e-01	3.878459190935449885e-01	3.878459190935449885e-01	3.878459190935449885e-01	3.878459190935449885e-01	3.878459190935449885e-01	3.878459190935449885e-01	3.878459190935449885e-01	3.878459190935449885e-01	4.383115212529329896e-01	4.262832155326800043e-01	3.878459190935449885e-01	3.878459190935449885e-01	3.878459190935449885e-01	3.878459190935449885e-01	3.878459190935449885e-01	2.597212089957660064e-01	3.878459190935449885e-01	3.878459190935449885e-01	3.878459190935449885e-01	3.878459190935449885e-01	3.878459190935449885e-01	3.878459190935449885e-01	3.878459190935449885e-01	3.878459190935449885e-01	3.878459190935449885e-01	3.878459190935449885e-01	4.118342010464839942e-01	3.878459190935449885e-01	4.289443520608530180e-01	3.878459190935449885e-01	4.264019873600770061e-01	3.878459190935449885e-01	3.878459190935449885e-01	2.239299272283920006e-01	4.193843003238489908e-01	4.115925531576890006e-01	3.878459190935449885e-01	3.878459190935449885e-01	3.878459190935449885e-01	3.878459190935449885e-01	4.325646529668700224e-01	5.310123175376030291e-01	3.878459190935449885e-01	3.878459190935449885e-01	3.878459190935449885e-01	3.878459190935449885e-01	5.164317129270480367e-01	3.878459190935449885e-01	3.878459190935449885e-01	3.878459190935449885e-01	3.878459190935449885e-01	4.992589145418109831e-01	3.878459190935449885e-01	3.878459190935449885e-01	3.878459190935449885e-01	4.115448963839329899e-01	3.878459190935449885e-01
4.416292324044169826e-01	4.351203615925789969e-01	3.878459190935449885e-01	3.878459190935449885e-01	1.901022875138259904e-01	3.878459190935449885e-01	3.878459190935449885e-01	1.000000000000009992e+00	3.878459190935449885e-01	3.878459190935449885e-01	3.944016035999580172e-01	3.878459190935449885e-01	3.878459190935449885e-01	3.878459190935449885e-01	3.092740172915720009e-01	3.878459190935449885e-01	3.878459190935449885e-01	3.878459190935449885e-01	3.878459190935449885e-01	3.878459190935449885e-01	3.878459190935449885e-01	4.396419849410370118e-01	3.878459190935449885e-01	3.878459190935449885e-01	3.878459190935449885e-01	3.878459190935449885e-01	3.878459190935449885e-01	1.715439957385709868e-01	3.878459190935449885e-01	3.878459190935449885e-01	3.500405166360590070e-01	3.878459190935449885e-01	3.878459190935449885e-01	1.978550471824750134e-01	3.878459190935449885e-01	3.531296633805799945e-01	3.798292325694789806e-01	3.878459190935449885e-01	3.878459190935449885e-01	3.878459190935449885e-01	4.314787236587450114e-01	3.878459190935449885e-01	3.612070148185480001e-01	3.878459190935449885e-01	2.556455097036450241e-01	3.878459190935449885e-01	3.878459190935449885e-01	3.543050550363360252e-01	3.878459190935449885e-01	3.878459190935449885e-01	3.878459190935449885e-01	3.878459190935449885e-01	3.878459190935449885e-01	3.878459190935449885e-01	3.878459190935449885e-01	3.878459190935449885e-01	3.693428895800189848e-01	4.338577755468729924e-01	3.878459190935449885e-01	3.878459190935449885e-01	3.820801487746199876e-01	2.208426345602690077e-01	3.878459190935449885e-01	3.878459190935449885e-01	2.394934495365219906e-01	2.405185159693369948e-02	3.878459190935449885e-01	3.878459190935449885e-01	3.878459190935449885e-01	3.878459190935449885e-01	3.878459190935449885e-01	1.302913544355039921e-01	3.878459190935449885e-01	3.878459190935449885e-01	3.878459190935449885e-01	3.824543728273340215e-01	3.878459190935449885e-01	3.878459190935449885e-01	3.878459190935449885e-01	3.878459190935449885e-01	3.878459190935449885e-01	3.878459190935449885e-01	2.283666899145710139e-01	3.878459190935449885e-01	3.878459190935449885e-01	3.878459190935449885e-01	3.878459190935449885e-01	3.878459190935449885e-01	1.000000000000000082e-05	3.878459190935449885e-01	3.878459190935449885e-01	3.878459190935449885e-01	3.745039968745350056e-01	3.546101872105220099e-01	3.878459190935449885e-01	3.878459190935449885e-01	3.878459190935449885e-01	3.878459190935449885e-01	3.878459190935449885e-01	3.878459190935449885e-01	3.878459190935449885e-01	3.878459190935449885e-01	3.523754463577840057e-01	3.027023530378459837e-01	4.153173182589650070e-01	3.878459190935449885e-01	3.878459190935449885e-01	3.878459190935449885e-01	4.605029183660669934e-01	3.828976782639170184e-01	3.878459190935449885e-01	3.091077361780210087e-01	3.878459190935449885e-01	3.878459190935449885e-01	3.878459190935449885e-01	3.878459190935449885e-01	3.878459190935449885e-01	3.878459190935449885e-01	3.878459190935449885e-01	3.910578779878550182e-01	3.878459190935449885e-01	3.878459190935449885e-01	3.573591088720530218e-01	3.878459190935449885e-01
3.878459190935449885e-01	3.878459190935449885e-01	3.878459190935449885e-01	3.878459190935449885e-01	3.878459190935449885e-01	3.878459190935449885e-01	3.878459190935449885e-01	3.878459190935449885e-01	9.999999999999940048e-01	3.878459190935449885e-01	3.878459190935449885e-01	3.878459190935449885e-01	3.878459190935449885e-01	2.840947341116860092e-01	2.320384220877720061e-01	3.878459190935449885e-01	3.341923491027919968e-01	3.878459190935449885e-01	3.878459190935449885e-01	3.878459190935449885e-01	2.684151481172339926e-01	3.878459190935449885e-01	3.878459190935449885e-01	3.878459190935449885e-01	3.878459190935449885e-01	3.878459190935449885e-01	3.878459190935449885e-01	3.878459190935449885e-01	3.039635029130010047e-01	2.579493701278540163e-01	3.878459190935449885e-01	3.878459190935449885e-01	3.878459190935449885e-01	3.878459190935449885e-01	3.878459190935449885e-01	2.710099702540750277e-01	3.878459190935449885e-01	3.878459190935449885e-01	2.018972970928619923e-02	3.029557603218079875e-01	3.878459190935449885e-01	3.878459190935449885e-01	2.795766831650819961e-01	3.878459190935449885e-01	3.878459190935449885e-01	3.878459190935449885e-01	3.878459190935449885e-01	3.878459190935449885e-01	3.878459190935449885e-01	3.878459190935449885e-01	3.878459190935449885e-01	3.878459190935449885e-01	3.878459190935449885e-01	3.878459190935449885e-01	7.298347288596969407e-02	3.878459190935449885e-01	3.878459190935449885e-01	3.878459190935449885e-01	3.350033987456950135e-01	3.878459190935449885e-01	3.878459190935449885e-01	1.751968664923760077e-01	3.878459190935449885e-01	3.878459190935449885e-01	1.877344382686330082e-01	3.878459190935449885e-01	3.878459190935449885e-01	3.878459190935449885e-01	3.068488012118180119e-01	4.807317758123959978e-02	3.878459190935449885e-01	3.878459190935449885e-01	3.878459190935449885e-01	3.161618469646410023e-01	3.878459190935449885e-01	3.878459190935449885e-01	2.778030511821960036e-01	3.878459190935449885e-01	3.878459190935449885e-01	3.878459190935449885e-01	3.878459190935449885e-01	3.878459190935449885e-01	3.878459190935449885e-01	3.878459190935449885e-01	2.816621236083020063e-01	7.266432225150669388e-02	3.878459190935449885e-01	2.874463256798009958e-01	1.000000000000000082e-05	3.878459190935449885e-01	3.878459190935449885e-01	3.878459190935449885e-01	2.861249794848300110e-01	3.878459190935449885e-01	3.878459190935449885e-01	3.878459190935449885e-01	3.878459190935449885e-01	3.878459190935449885e-01	3.878459190935449885e-01	3.878459190935449885e-01	1.499669191140269864e-01	2.751467005909389862e-01	3.878459190935449885e-01	3.878459190935449885e-01	3.878459190935449885e-01	3.878459190935449885e-01	3.878459190935449885e-01	3.878459190935449885e-01	3.878459190935449885e-01	2.924750905206000007e-01	3.878459190935449885e-01	3.878459190935449885e-01	2.754268964506910167e-01	3.878459190935449885e-01	3.276155473296620269e-01	3.878459190935449885e-01	3.878459190935449885e-01	3.878459190935449885e-01	3.302921062444270084e-01	3.878459190935449885e-01	3.878459190935449885e-01	3.878459190935449885e-01	3.878459190935449885e-01	3.878459190935449885e-01
3.878459190935449885e-01	3.552910749506000276e-01	3.276568812950579890e-01	3.878459190935449885e-01	1.582512426071200073e-01	3.256262708240639792e-01	2.745861714893880201e-01	3.878459190935449885e-01	3.878459190935449885e-01	9.999999999999970024e-01	3.878459190935449885e-01	3.284483749003799802e-01	3.484819600351050095e-01	2.990655171628450182e-01	3.878459190935449885e-01	3.878459190935449885e-01	3.878459190935449885e-01	3.878459190935449885e-01	3.878459190935449885e-01	2.896930398973799892e-01	3.878459190935449885e-01	3.878459190935449885e-01	2.961956650201880148e-01	3.878459190935449885e-01	3.878459190935449885e-01	2.863705073577180182e-01	3.878459190935449885e-01	3.878459190935449885e-01	3.285555220076969984e-01	3.878459190935449885e-01	2.897446084729130011e-01	3.878459190935449885e-01	3.878459190935449885e-01	3.878459190935449885e-01	3.560190397649469762e-01	2.929560250550520273e-01	3.136020838790249954e-01	3.878459190935449885e-01	3.878459190935449885e-01	3.279715828801449962e-01	3.592374128101589736e-01	2.840212249081069951e-01	3.878459190935449885e-01	7.489993100122270542e-02	3.878459190935449885e-01	3.373800701452420170e-01	2.134883501720100107e-01	3.878459190935449885e-01	3.087428121305569872e-01	3.184713266562820277e-01	3.878459190935449885e-01	3.878459190935449885e-01	3.878459190935449885e-01	3.878459190935449885e-01	3.878459190935449885e-01	3.878459190935449885e-01	3.878459190935449885e-01	3.878459190935449885e-01	3.878459190935449885e-01	2.967291767842260009e-01	3.878459190935449885e-01	1.905589641920300004e-01	3.878459190935449885e-01	3.878459190935449885e-01	3.878459190935449885e-01	3.878459190935449885e-01	3.878459190935449885e-01	3.878459190935449885e-01	3.878459190935449885e-01	5.139810407123510116e-02	3.878459190935449885e-01	3.878459190935449885e-01	3.627565999080630266e-01	3.878459190935449885e-01	3.878459190935449885e-01	3.200438385912480199e-01	3.878459190935449885e-01	3.878459190935449885e-01	3.878459190935449885e-01	3.878459190935449885e-01	3.878459190935449885e-01	3.878459190935449885e-01	1.863540286435499960e-01	3.878459190935449885e-01	3.878459190935449885e-01	3.878459190935449885e-01	3.878459190935449885e-01	3.878459190935449885e-01	1.000000000000000082e-05	3.878459190935449885e-01	3.878459190935449885e-01	3.878459190935449885e-01	3.179368035648990065e-01	3.878459190935449885e-01	1.390351910501650134e-01	3.878459190935449885e-01	3.878459190935449885e-01	3.878459190935449885e-01	3.878459190935449885e-01	3.878459190935449885e-01	1.651781299549459903e-01	3.878459190935449885e-01	2.950531828350569929e-01	3.878459190935449885e-01	3.878459190935449885e-01	3.878459190935449885e-01	3.878459190935449885e-01	3.144588358800590178e-01	3.878459190935449885e-01	3.878459190935449885e-01	3.878459190935449885e-01	3.878459190935449885e-01	3.878459190935449885e-01	3.665151357143799915e-01	3.878459190935449885e-01	3.878459190935449885e-01	3.878459190935449885e-01	3.498126496504839755e-01	3.878459190935449885e-01	3.878459190935449885e-01	3.878459190935449885e-01	3.878459190935449885e-01	2.957460925120479756e-01	3.878459190935449885e-01
3.878459190935449885e-01	3.878459190935449885e-01	3.878459190935449885e-01	3.878459190935449885e-01	3.878459190935449885e-01	3.878459190935449885e-01	3.878459190935449885e-01	3.944016035999580172e-01	3.878459190935449885e-01	3.878459190935449885e-01	1.000000000000000000e+00	3.878459190935449885e-01	3.878459190935449885e-01	3.878459190935449885e-01	3.878459190935449885e-01	6.445732910375170377e-01	5.989666411150910141e-01	3.878459190935449885e-01	3.878459190935449885e-01	4.852295775180550108e-01	4.808626468148199939e-01	3.878459190935449885e-01	3.878459190935449885e-01	6.107216271838440402e-01	3.878459190935449885e-01	3.878459190935449885e-01	6.553130872763759940e-02	3.878459190935449885e-01	3.878459190935449885e-01	4.495090352418399937e-01	3.878459190935449885e-01	6.122819851253640255e-01	3.878459190935449885e-01	3.878459190935449885e-01	3.878459190935449885e-01	3.878459190935449885e-01	5.171235627398510504e-01	5.612716356196170153e-01	3.878459190935449885e-01	3.878459190935449885e-01	3.878459190935449885e-01	3.878459190935449885e-01	4.911681225004699836e-01	3.878459190935449885e-01	3.878459190935449885e-01	3.878459190935449885e-01	3.878459190935449885e-01	3.878459190935449885e-01	5.126068994109399535e-01	3.878459190935449885e-01	3.878459190935449885e-01	3.878459190935449885e-01	5.543971176078990037e-01	3.878459190935449885e-01	3.878459190935449885e-01	5.678441497362329837e-01	3.878459190935449885e-01	3.878459190935449885e-01	6.071973039142209982e-01	3.878459190935449885e-01	3.878459190935449885e-01	2.977868630977730247e-01	3.878459190935449885e-01	3.878459190935449885e-01	3.159012995761359965e-01	3.878459190935449885e-01	5.359622529275129832e-01	3.878459190935449885e-01	3.878459190935449885e-01	3.878459190935449885e-01	3.878459190935449885e-01	3.878459190935449885e-01	3.878459190935449885e-01	3.878459190935449885e-01	3.878459190935449885e-01	3.878459190935449885e-01	3.878459190935449885e-01	3.878459190935449885e-01	3.878459190935449885e-01	3.878459190935449885e-01	3.878459190935449885e-01	3.878459190935449885e-01	3.878459190935449885e-01	3.878459190935449885e-01	3.878459190935449885e-01	3.878459190935449885e-01	3.878459190935449885e-01	3.878459190935449885e-01	3.878459190935449885e-01	7.924960723712489233e-03	3.878459190935449885e-01	3.878459190935449885e-01	5.132584379459590451e-01	3.878459190935449885e-01	3.878459190935449885e-01	3.878459190935449885e-01	3.878459190935449885e-01	5.007215904824040553e-01	3.878459190935449885e-01	3.878459190935449885e-01	3.878459190935449885e-01	3.878459190935449885e-01	4.848551061052039923e-01	4.071513805052829893e-01	3.878459190935449885e-01	3.878459190935449885e-01	3.878459190935449885e-01	3.878459190935449885e-01	3.878459190935449885e-01	5.214077527297990011e-01	3.878459190935449885e-01	4.165625157001470180e-01	3.878459190935449885e-01	3.878459190935449885e-01	5.904618482091830156e-01	5.832946942382869482e-01	3.878459190935449885e-01	3.878459190935449885e-01	3.878459190935449885e-01	3.878459190935449885e-01	3.878459190935449885e-01	3.878459190935449885e-01	3.878459190935449885e-01	3.878459190935449885e-01
3.878459190935449885e-01	5.961038597997200261e-01	5.482582283240530208e-01	3.878459190935449885e-01	3.878459190935449885e-01	3.878459190935449885e-01	3.878459190935449885e-01	3.878459190935449885e-01	3.878459190935449885e-01	3.284483749003799802e-01	3.878459190935449885e-01	1.000000000000000000e+00	3.878459190935449885e-01	3.878459190935449885e-01	3.878459190935449885e-01	6.516972572348279646e-01	6.048999983223639632e-01	3.878459190935449885e-01	3.878459190935449885e-01	3.878459190935449885e-01	4.922799513220679768e-01	6.059917993347599952e-01	3.878459190935449885e-01	3.878459190935449885e-01	4.474679837055700049e-01	3.878459190935449885e-01	3.878459190935449885e-01	3.878459190935449885e-01	3.878459190935449885e-01	3.878459190935449885e-01	3.878459190935449885e-01	3.878459190935449885e-01	3.878459190935449885e-01	2.610512247967239907e-01	6.041591660184140178e-01	3.878459190935449885e-01	3.878459190935449885e-01	3.878459190935449885e-01	3.878459190935449885e-01	3.878459190935449885e-01	3.878459190935449885e-01	3.878459190935449885e-01	3.878459190935449885e-01	3.878459190935449885e-01	3.432824476694389948e-01	3.878459190935449885e-01	3.878459190935449885e-01	3.878459190935449885e-01	5.224471925967439923e-01	3.878459190935449885e-01	4.776848526576519816e-01	3.878459190935449885e-01	3.878459190935449885e-01	3.878459190935449885e-01	3.878459190935449885e-01	3.878459190935449885e-01	3.878459190935449885e-01	3.878459190935449885e-01	3.878459190935449885e-01	4.947424307811750244e-01	3.878459190935449885e-01	3.043438160821920202e-01	3.878459190935449885e-01	3.878459190935449885e-01	3.280501854489489832e-01	3.878459190935449885e-01	3.878459190935449885e-01	3.878459190935449885e-01	3.878459190935449885e-01	3.878459190935449885e-01	5.986347357264839575e-01	3.878459190935449885e-01	3.878459190935449885e-01	5.764155428855219920e-01	4.961176772824690273e-01	3.878459190935449885e-01	5.083345097831599713e-01	5.620743946909759758e-01	3.878459190935449885e-01	3.878459190935449885e-01	3.878459190935449885e-01	3.878459190935449885e-01	3.878459190935449885e-01	1.122451566456710015e-01	5.030268234539240213e-01	3.878459190935449885e-01	5.378717682568320280e-01	3.878459190935449885e-01	3.878459190935449885e-01	3.878459190935449885e-01	3.878459190935449885e-01	3.878459190935449885e-01	5.172557036637469574e-01	3.878459190935449885e-01	2.286976404494910076e-01	3.878459190935449885e-01	3.878459190935449885e-01	3.878459190935449885e-01	3.878459190935449885e-01	3.878459190935449885e-01	2.664315303286119985e-01	3.878459190935449885e-01	3.878459190935449885e-01	3.878459190935449885e-01	3.878459190935449885e-01	3.878459190935449885e-01	5.629590854162269675e-01	3.878459190935449885e-01	6.360423654455630293e-01	5.244614472906700131e-01	3.878459190935449885e-01	3.878459190935449885e-01	3.878459190935449885e-01	3.878459190935449885e-01	5.958942904491769665e-01	5.910813843663389466e-01	5.961911998585129879e-01	3.878459190935449885e-01	3.878459190935449885e-01	3.878459190935449885e-01	5.679923355520809514e-01	5.840088608278389826e-01	3.878459190935449885e-01	3.878459190935449885e-01
