1.000000000000000000e+00	2.772451099466674007e-01	2.292768959435630138e-01	2.772451099466674007e-01	2.772451099466674007e-01	2.772451099466674007e-01	1.862745098039219893e-01	2.600000000000000089e-01	2.894736842105259944e-01	2.915309446254070180e-01	2.772451099466674007e-01	3.333333333333329818e-01	2.977624784853700191e-01	4.184873949579829833e-01	2.772451099466674007e-01	2.772451099466674007e-01	2.772451099466674007e-01	2.772451099466674007e-01	2.772451099466674007e-01	2.772451099466674007e-01	3.366708385481850252e-01	2.772451099466674007e-01	2.866242038216559873e-01	2.772451099466674007e-01	2.768987341772150002e-01	2.772451099466674007e-01	1.919431279620849862e-01	2.772451099466674007e-01	2.563636363636360160e-01	2.772451099466674007e-01	2.456747404844289995e-01	2.772451099466674007e-01	3.053691275167790264e-01	2.435233160621760040e-01	2.308998302207130038e-01	2.772451099466674007e-01	2.437619961612280117e-01	2.772451099466674007e-01	2.772451099466674007e-01	2.772451099466674007e-01	2.772451099466674007e-01	2.772451099466674007e-01	2.772451099466674007e-01	2.772451099466674007e-01	2.772451099466674007e-01	2.772451099466674007e-01	2.244165170556549904e-01	2.772451099466674007e-01	3.084112149532710068e-01	2.772451099466674007e-01	2.666666666666669960e-01	3.101361573373679903e-01	1.028277634961440035e-01	2.772451099466674007e-01	2.336283185840709875e-01	2.772451099466674007e-01	2.984375000000000222e-01	2.772451099466674007e-01	2.772451099466674007e-01	2.772451099466674007e-01	2.772451099466674007e-01	2.772451099466674007e-01	2.950257289879930078e-01	2.944523470839259804e-01	2.772451099466674007e-01	3.151693667157580148e-01	2.772451099466674007e-01	1.400437636761490134e-01	2.772451099466674007e-01	2.772451099466674007e-01	2.772451099466674007e-01	2.772451099466674007e-01	2.772451099466674007e-01	2.772451099466674007e-01	2.356792144026189917e-01	2.772451099466674007e-01	2.500000000000000000e-01	2.503912363067289926e-01	1.853932584269659956e-01	2.772451099466674007e-01	3.428571428571430268e-01	1.108033240997229919e-02	1.793248945147679907e-01	2.772451099466674007e-01	2.772451099466674007e-01	1.197339246119730055e-01	5.020325203252029578e-01	3.259345794392520257e-01	1.359649122807020105e-01	2.848920863309349905e-01	2.772451099466674007e-01	2.772451099466674007e-01	2.772451099466674007e-01	2.699186991869920171e-01	1.385681293302540029e-01	4.295081967213110197e-01	1.279826464208239922e-01	2.404181184668990057e-01	1.954022988505750014e-01	3.079847908745250162e-01	2.671353251318099864e-01	2.772451099466674007e-01	2.243478260869569973e-01	2.772451099466674007e-01	2.772451099466674007e-01	2.298025134649910040e-01	2.772451099466674007e-01	2.772451099466674007e-01	3.233438485804420170e-01	2.787682333873580109e-01	2.165991902834009941e-01	2.772451099466674007e-01	2.772451099466674007e-01	4.839797639123100126e-01	2.545787545787550066e-01	2.822458270106220080e-01	2.722852512155590210e-01	2.343173431734320022e-01	2.689075630252100169e-01	2.862190812720850075e-01	2.404458598726109952e-01	2.364425162689799964e-01	2.772451099466674007e-01	2.089843750000000000e-01
2.772451099466674007e-01	1.000000000000000000e+00	3.318681318681320214e-01	2.772451099466674007e-01	2.772451099466674007e-01	2.772451099466674007e-01	2.584269662921350186e-01	3.593582887700529915e-01	3.484358144552319736e-01	3.989304812834220115e-01	2.772451099466674007e-01	2.772451099466674007e-01	2.772451099466674007e-01	4.550321199143469997e-01	2.772451099466674007e-01	2.772451099466674007e-01	4.681528662420380016e-01	2.772451099466674007e-01	2.772451099466674007e-01	2.772451099466674007e-01	6.153061224489799752e-01	2.772451099466674007e-01	2.772451099466674007e-01	4.227902023429179756e-01	2.772451099466674007e-01	2.772451099466674007e-01	2.772451099466674007e-01	2.772451099466674007e-01	3.108695652173910084e-01	2.772451099466674007e-01	2.772451099466674007e-01	1.050228310502279994e-01	3.858520900321539826e-01	2.772451099466674007e-01	3.463626492942449842e-01	2.772451099466674007e-01	2.772451099466674007e-01	3.430420711974109804e-01	5.414480587618050178e-01	5.877551020408160465e-01	2.772451099466674007e-01	5.395152792413070442e-01	2.120535714285710083e-01	2.844243792325060194e-01	7.008113590263690407e-01	3.916755602988259977e-01	2.772451099466674007e-01	3.803879310344829845e-01	4.538626609442060200e-01	4.838709677419349986e-01	2.772451099466674007e-01	4.536842105263160230e-01	7.885714285714290339e-02	2.772451099466674007e-01	3.304061470911089926e-01	2.042175360710319909e-01	4.288747346072189770e-01	2.772451099466674007e-01	2.772451099466674007e-01	3.354564755838639889e-01	2.772451099466674007e-01	2.772451099466674007e-01	3.626609442060089727e-01	5.063424947145880317e-01	3.522355507088330007e-01	2.772451099466674007e-01	3.867822318526539793e-01	2.772451099466674007e-01	2.772451099466674007e-01	1.649831649831650093e-01	4.358974358974360142e-01	7.994011976047900037e-01	3.254310344827590074e-01	2.913472070098580002e-01	3.879781420765029964e-01	2.772451099466674007e-01	3.700107874865160018e-01	2.772451099466674007e-01	2.491838955386289911e-01	4.282678002125400174e-01	7.174796747967480126e-01	2.772451099466674007e-01	2.000000000000000111e-01	6.611570247933880040e-01	2.772451099466674007e-01	1.564625850340140012e-01	3.750000000000000000e-01	2.772451099466674007e-01	1.619797525309339958e-01	4.836670179135930114e-01	3.322545846817689941e-01	2.772451099466674007e-01	9.458874458874459989e-01	3.980582524271840117e-01	1.313131313131309930e-01	2.772451099466674007e-01	2.772451099466674007e-01	3.193548387096770136e-01	2.516483516483519756e-01	6.114583333333329929e-01	3.347732181425490117e-01	2.775377969762419794e-01	2.772451099466674007e-01	2.772451099466674007e-01	3.192640692640689726e-01	3.029315960912050132e-01	2.772451099466674007e-01	2.772451099466674007e-01	4.358430540827150090e-01	3.931623931623929868e-01	2.772451099466674007e-01	2.772451099466674007e-01	2.772451099466674007e-01	4.746300211416489834e-01	3.015184381778739930e-01	4.315789473684210065e-01	3.888888888888890061e-01	2.800000000000000266e-01	2.772451099466674007e-01	2.772451099466674007e-01	2.772451099466674007e-01	2.109375000000000000e-01	4.184322033898310034e-01	2.434210526315790102e-01
2.292768959435630138e-01	3.318681318681320214e-01	1.000000000000000000e+00	2.772451099466674007e-01	2.459312839059669964e-01	2.772451099466674007e-01	2.772451099466674007e-01	2.772451099466674007e-01	2.772451099466674007e-01	2.676518883415440198e-01	3.135725429017159893e-01	2.670713201820940075e-01	2.772451099466674007e-01	2.981072555205049879e-01	1.528822055137840086e-01	2.557726465364120183e-01	2.772451099466674007e-01	2.716763005780349904e-01	2.239089184060719939e-01	2.772451099466674007e-01	3.286802030456850154e-01	2.802919708029200097e-01	3.094841930116469797e-01	2.987012987012990228e-01	2.596153846153850253e-01	3.091655266757870058e-01	1.727493917274940116e-01	2.772451099466674007e-01	2.430426716141000087e-01	3.012618296529970263e-01	2.772451099466674007e-01	1.162790697674419976e-01	2.471169686985169867e-01	2.617328519855600111e-01	2.772451099466674007e-01	2.664233576642339729e-01	2.772451099466674007e-01	2.867513611615239988e-01	3.030726256983239941e-01	2.772451099466674007e-01	2.772451099466674007e-01	2.772451099466674007e-01	2.772451099466674007e-01	2.772451099466674007e-01	2.772451099466674007e-01	2.772451099466674007e-01	2.448210922787190102e-01	2.605752961082909991e-01	2.772451099466674007e-01	2.772451099466674007e-01	2.772451099466674007e-01	2.772451099466674007e-01	2.772451099466674007e-01	2.772451099466674007e-01	2.778827977315689868e-01	1.960784313725489891e-01	2.772451099466674007e-01	1.371681415929200121e-01	1.880341880341880045e-01	2.733686067019400201e-01	7.692307692307689959e-02	2.296747967479670083e-01	2.772451099466674007e-01	2.772988505747129850e-01	2.823315118397090040e-01	3.093093093093089996e-01	2.772451099466674007e-01	2.772451099466674007e-01	2.772451099466674007e-01	2.214111922141120126e-01	2.772451099466674007e-01	2.772451099466674007e-01	2.772451099466674007e-01	3.069105691056909779e-01	2.772451099466674007e-01	2.772451099466674007e-01	3.225225225225230030e-01	2.588996763754050079e-01	2.240000000000000047e-01	2.772451099466674007e-01	2.772451099466674007e-01	2.772451099466674007e-01	2.772451099466674007e-01	3.153374233128830029e-01	2.772451099466674007e-01	1.334894613583139933e-01	2.772451099466674007e-01	3.199052132701419859e-01	1.861575178997610103e-01	2.937685459940649890e-01	2.772451099466674007e-01	2.345924453280320010e-01	3.326293558606119860e-01	3.380281690140850004e-01	1.859296482412060025e-01	2.701492537313430198e-01	2.772451099466674007e-01	3.136882129277570042e-01	2.059999999999999887e-01	2.846251588310039771e-01	2.773722627737230106e-01	2.772451099466674007e-01	2.772451099466674007e-01	2.772451099466674007e-01	2.772451099466674007e-01	2.772451099466674007e-01	2.825112107623319879e-01	2.772451099466674007e-01	2.721617418351480189e-01	2.772451099466674007e-01	2.314225053078559913e-01	2.772451099466674007e-01	2.772451099466674007e-01	3.074581430745810251e-01	2.720306513409960214e-01	2.854914196567859830e-01	2.772451099466674007e-01	2.772451099466674007e-01	2.590051457975989790e-01	2.807971014492749995e-01	2.772451099466674007e-01	2.772451099466674007e-01	2.772451099466674007e-01	2.772451099466674007e-01
2.772451099466674007e-01	2.772451099466674007e-01	2.772451099466674007e-01	1.000000000000000000e+00	2.772451099466674007e-01	4.768722466960350070e-01	2.772451099466674007e-01	2.772451099466674007e-01	2.772451099466674007e-01	2.772451099466674007e-01	3.968462549277270157e-01	2.772451099466674007e-01	2.772451099466674007e-01	2.772451099466674007e-01	1.542372881355930092e-01	2.772451099466674007e-01	3.906250000000000000e-01	2.805232558139529875e-01	2.772451099466674007e-01	2.772451099466674007e-01	2.772451099466674007e-01	3.881163084702909938e-01	3.584905660377359915e-01	3.723118279569890277e-01	3.498659517426270238e-01	2.772451099466674007e-01	1.716666666666669949e-01	4.318471337579620206e-01	2.875722543352600136e-01	3.781291172595520056e-01	2.772451099466674007e-01	1.067796610169489957e-01	2.772451099466674007e-01	2.772451099466674007e-01	2.772451099466674007e-01	2.772451099466674007e-01	2.772451099466674007e-01	2.772451099466674007e-01	4.056029232643120208e-01	2.772451099466674007e-01	4.245283018867920255e-01	2.772451099466674007e-01	2.122641509433960127e-01	2.772451099466674007e-01	4.820457018498370272e-01	2.772451099466674007e-01	3.028064992614479811e-01	3.287482806052269835e-01	3.506493506493509882e-01	4.098984771573599972e-01	3.578231292517010109e-01	2.772451099466674007e-01	9.965034965034960668e-02	2.772451099466674007e-01	2.772451099466674007e-01	2.772451099466674007e-01	2.772451099466674007e-01	1.538461538461539935e-01	2.216981132075470096e-01	2.772451099466674007e-01	2.772451099466674007e-01	2.515151515151520245e-01	2.772451099466674007e-01	2.772451099466674007e-01	3.252148997134670094e-01	2.772451099466674007e-01	3.219178082191779811e-01	2.772451099466674007e-01	2.772451099466674007e-01	2.772451099466674007e-01	2.772451099466674007e-01	5.230296827021490014e-01	3.338192419825070090e-01	3.170731707317069881e-01	2.772451099466674007e-01	2.772451099466674007e-01	2.772451099466674007e-01	3.591836734693880095e-01	2.772451099466674007e-01	2.772451099466674007e-01	2.772451099466674007e-01	2.772451099466674007e-01	2.772451099466674007e-01	2.772451099466674007e-01	3.858267716535430103e-01	2.772451099466674007e-01	2.772451099466674007e-01	2.772451099466674007e-01	2.772451099466674007e-01	2.772451099466674007e-01	2.707182320441989809e-01	2.772451099466674007e-01	5.257201646090530200e-01	3.662952646239550081e-01	2.772451099466674007e-01	2.772451099466674007e-01	2.203389830508470093e-01	2.772451099466674007e-01	2.772451099466674007e-01	4.226327944572749740e-01	3.119658119658120232e-01	2.772451099466674007e-01	2.772451099466674007e-01	3.751686909581650187e-01	3.101449275362320179e-01	2.882096069869000132e-01	3.692893401015229782e-01	2.772451099466674007e-01	3.423772609819120127e-01	3.328840970350400164e-01	2.772451099466674007e-01	3.837837837837840271e-01	4.062500000000000000e-01	2.772451099466674007e-01	3.033873343151690105e-01	3.642297650130549846e-01	3.346883468834689901e-01	2.630813953488370105e-01	2.772451099466674007e-01	3.295128939828079750e-01	3.711484593837540147e-01	2.772451099466674007e-01	2.772451099466674007e-01	2.678018575851390248e-01
2.772451099466674007e-01	2.772451099466674007e-01	2.459312839059669964e-01	2.772451099466674007e-01	1.000000000000000000e+00	2.772451099466674007e-01	2.772451099466674007e-01	2.772451099466674007e-01	2.772451099466674007e-01	2.772451099466674007e-01	2.772451099466674007e-01	2.771084337349399851e-01	2.558922558922560042e-01	2.881355932203389925e-01	2.772451099466674007e-01	9.512195121951220189e-01	2.772451099466674007e-01	2.772451099466674007e-01	2.230483271375459930e-01	2.295652173913040051e-01	2.772451099466674007e-01	2.772451099466674007e-01	2.772451099466674007e-01	2.772451099466674007e-01	2.772451099466674007e-01	2.772451099466674007e-01	2.772451099466674007e-01	3.123209169054440015e-01	2.306306306306309950e-01	2.677760968229950245e-01	2.772451099466674007e-01	2.772451099466674007e-01	2.643678160919539777e-01	2.318339100346019921e-01	2.772451099466674007e-01	2.772451099466674007e-01	1.895910780669139983e-01	2.772451099466674007e-01	3.066298342541439736e-01	3.176020408163269804e-01	3.054830287206269923e-01	2.772451099466674007e-01	2.239130434782609924e-01	2.772451099466674007e-01	2.772451099466674007e-01	2.637540453074430080e-01	2.716981132075469985e-01	2.696817420435509982e-01	2.999999999999999889e-01	2.772451099466674007e-01	2.660256410256410242e-01	2.786885245901640218e-01	2.772451099466674007e-01	2.772451099466674007e-01	2.772451099466674007e-01	2.772451099466674007e-01	2.779503105590059864e-01	1.607929515418499988e-01	1.780538302277429874e-01	2.585616438356159730e-01	2.772451099466674007e-01	2.384769539078160083e-01	2.772451099466674007e-01	2.772451099466674007e-01	2.772451099466674007e-01	2.789017341040460063e-01	2.409836065573769948e-01	1.712328767123290074e-01	3.427734375000000000e-01	2.772451099466674007e-01	2.772451099466674007e-01	2.772451099466674007e-01	2.085470085470089996e-01	2.330827067669170027e-01	2.533557046979870164e-01	3.374858437146089907e-01	2.704081632653059786e-01	2.456692913385830068e-01	1.950286806883370083e-01	2.788161993769470159e-01	3.337142857142860186e-01	2.772451099466674007e-01	2.030567685589519944e-01	2.772451099466674007e-01	3.006134969325149897e-01	1.347031963470320115e-01	2.772451099466674007e-01	2.772451099466674007e-01	1.888111888111889958e-01	2.772451099466674007e-01	2.318339100346019921e-01	2.122370936902490124e-01	2.772451099466674007e-01	2.772451099466674007e-01	2.772451099466674007e-01	2.895522388059699748e-01	2.772451099466674007e-01	2.416225749559079983e-01	2.102161100196459909e-01	2.772451099466674007e-01	2.508771929824559765e-01	2.772451099466674007e-01	2.723948811700179773e-01	2.772451099466674007e-01	2.772451099466674007e-01	2.772451099466674007e-01	2.496413199426109897e-01	2.772451099466674007e-01	2.772451099466674007e-01	2.699186991869920171e-01	2.772451099466674007e-01	2.772451099466674007e-01	2.772451099466674007e-01	2.729927007299269848e-01	2.046263345195729888e-01	2.772451099466674007e-01	2.552504038772209771e-01	2.772451099466674007e-01	2.306425041186160041e-01	2.500000000000000000e-01	3.045685279187819727e-01	2.772451099466674007e-01	2.612055641421949792e-01	2.269076305220880108e-01
2.772451099466674007e-01	2.772451099466674007e-01	2.772451099466674007e-01	4.768722466960350070e-01	2.772451099466674007e-01	1.000000000000000000e+00	2.817955112219450164e-01	3.536165327210100129e-01	2.772451099466674007e-01	2.772451099466674007e-01	4.241417497231450007e-01	2.772451099466674007e-01	2.772451099466674007e-01	2.772451099466674007e-01	1.257783312577830104e-01	3.414918414918409750e-01	2.772451099466674007e-01	2.942555685814770006e-01	2.841981132075470096e-01	2.772451099466674007e-01	2.772451099466674007e-01	2.772451099466674007e-01	2.772451099466674007e-01	2.772451099466674007e-01	4.089347079037800037e-01	2.772451099466674007e-01	2.772451099466674007e-01	2.772451099466674007e-01	3.075117370892019864e-01	4.404086265607259909e-01	3.275261324041809918e-01	2.772451099466674007e-01	3.772935779816509738e-01	3.399765533411490126e-01	2.772451099466674007e-01	2.772451099466674007e-01	2.482517482517480056e-01	2.772451099466674007e-01	2.772451099466674007e-01	5.591054313099039774e-01	5.639344262295079568e-01	2.772451099466674007e-01	2.107186358099880086e-01	2.772451099466674007e-01	6.323377960865089742e-01	3.851428571428570091e-01	2.772451099466674007e-01	2.772451099466674007e-01	2.772451099466674007e-01	5.022522522522520072e-01	2.772451099466674007e-01	2.772451099466674007e-01	7.984790874524720639e-02	2.772451099466674007e-01	3.008130081300809944e-01	2.199017199017199997e-01	2.772451099466674007e-01	1.754601226993859897e-01	2.772451099466674007e-01	2.772451099466674007e-01	7.462686567164179829e-02	2.772451099466674007e-01	2.772451099466674007e-01	2.772451099466674007e-01	3.379953379953379855e-01	4.509371554575519747e-01	2.772451099466674007e-01	2.772451099466674007e-01	2.772451099466674007e-01	1.693448702101360004e-01	2.772451099466674007e-01	7.230614300100709491e-01	3.095512082853860147e-01	2.772451099466674007e-01	3.891509433962260234e-01	6.516393442622949728e-01	3.571428571428569843e-01	2.772451099466674007e-01	2.601431980906919739e-01	4.457274826789839883e-01	6.440329218107000431e-01	7.672634271099740104e-03	2.772451099466674007e-01	8.287092882991560217e-01	2.772451099466674007e-01	2.772451099466674007e-01	3.371691599539700102e-01	2.772451099466674007e-01	1.531862745098039880e-01	4.525386313465780130e-01	2.772451099466674007e-01	2.648456057007130271e-01	7.267206477732790493e-01	2.772451099466674007e-01	2.772451099466674007e-01	4.485458612975389836e-01	1.743462017434619926e-01	2.772451099466674007e-01	2.772451099466674007e-01	5.594855305466239770e-01	3.286875725900120226e-01	2.775175644028100019e-01	3.227699530516430215e-01	3.955056179775279790e-01	3.212192262602580062e-01	2.772451099466674007e-01	4.434589800443459739e-01	3.129330254041570170e-01	2.772451099466674007e-01	4.044032444959440031e-01	2.307692307692310041e-01	2.772451099466674007e-01	4.764512595837899767e-01	4.240437158469950174e-01	3.035294117647059919e-01	2.772451099466674007e-01	3.821510297482840213e-01	2.862190812720850075e-01	2.772451099466674007e-01	2.772451099466674007e-01	2.772451099466674007e-01	2.080291970802919943e-01	3.809523809523809867e-01	2.660996354799510244e-01
1.862745098039219893e-01	2.584269662921350186e-01	2.772451099466674007e-01	2.772451099466674007e-01	2.772451099466674007e-01	2.817955112219450164e-01	1.000000000000000000e+00	2.772451099466674007e-01	1.938579654510559913e-01	2.772451099466674007e-01	2.772451099466674007e-01	2.772451099466674007e-01	2.772451099466674007e-01	2.772451099466674007e-01	1.393188854489159911e-01	2.772451099466674007e-01	2.772451099466674007e-01	2.772451099466674007e-01	2.772451099466674007e-01	2.772451099466674007e-01	2.275064267352190084e-01	2.772451099466674007e-01	2.772451099466674007e-01	2.772451099466674007e-01	2.326820603907640006e-01	2.772451099466674007e-01	2.772451099466674007e-01	2.177177177177180012e-01	2.772451099466674007e-01	1.938110749185670001e-01	2.772451099466674007e-01	2.772451099466674007e-01	2.003610108303250092e-01	2.438524590163929917e-01	2.142857142857139963e-01	2.772451099466674007e-01	2.772451099466674007e-01	1.934235976789170086e-01	2.241630276564769986e-01	2.083333333333330095e-01	2.772451099466674007e-01	2.322485207100589977e-01	1.896103896103900066e-01	2.772451099466674007e-01	2.772451099466674007e-01	1.922398589065260066e-01	1.978947368421050124e-01	2.772451099466674007e-01	2.016528925619829882e-01	2.772451099466674007e-01	2.409420289855070119e-01	2.772451099466674007e-01	1.087719298245610061e-01	2.772451099466674007e-01	1.894093686354380024e-01	2.284946236559139976e-01	2.772451099466674007e-01	2.772451099466674007e-01	2.772451099466674007e-01	2.045889101338430049e-01	2.772451099466674007e-01	2.772451099466674007e-01	1.977611940298510118e-01	2.772451099466674007e-01	2.313883299798789872e-01	2.772451099466674007e-01	2.118959107806689945e-01	1.333333333333329984e-01	2.402343750000000000e-01	2.023460410557179900e-01	2.323580034423410046e-01	2.772451099466674007e-01	1.803921568627450123e-01	1.900647948164150003e-01	2.772451099466674007e-01	2.367816091954020041e-01	2.772451099466674007e-01	2.035087719298249997e-01	2.772451099466674007e-01	2.772451099466674007e-01	2.627824019024970204e-01	8.000000000000000167e-03	2.772451099466674007e-01	2.772451099466674007e-01	2.220394736842110084e-01	1.597633136094669948e-01	1.923809523809519861e-01	2.772451099466674007e-01	2.772451099466674007e-01	2.772451099466674007e-01	1.832358674463940018e-01	1.499999999999999944e-01	2.513368983957219860e-01	2.772451099466674007e-01	1.275964391691389865e-01	2.401960784313730002e-01	1.695402298850569867e-01	1.768172888015719924e-01	2.772451099466674007e-01	3.035460992907800248e-01	2.772451099466674007e-01	1.858974358974359864e-01	1.939393939393939947e-01	2.772451099466674007e-01	1.819999999999999951e-01	1.991614255765200014e-01	2.006269592476490060e-01	2.772451099466674007e-01	2.140468227424749958e-01	2.772451099466674007e-01	2.772451099466674007e-01	2.772451099466674007e-01	2.772451099466674007e-01	2.116903633491309944e-01	1.991614255765200014e-01	2.406779661016950067e-01	1.914893617021279915e-01	2.772451099466674007e-01	2.772451099466674007e-01	1.714285714285710138e-01	2.772451099466674007e-01	1.598984771573599972e-01	2.772451099466674007e-01	1.712962962962960023e-01
2.600000000000000089e-01	3.593582887700529915e-01	2.772451099466674007e-01	2.772451099466674007e-01	2.772451099466674007e-01	3.536165327210100129e-01	2.772451099466674007e-01	1.000000000000000000e+00	2.772451099466674007e-01	3.468395461912480160e-01	2.772451099466674007e-01	3.127753303964759812e-01	2.772451099466674007e-01	2.745664739884389749e-01	2.772451099466674007e-01	2.557377049180329931e-01	3.073593073593069991e-01	2.504347826086960049e-01	2.772451099466674007e-01	2.772451099466674007e-01	2.772451099466674007e-01	2.772451099466674007e-01	2.772451099466674007e-01	3.094512195121950082e-01	2.772451099466674007e-01	3.439153439153440073e-01	2.772451099466674007e-01	3.723252496433669956e-01	2.772451099466674007e-01	2.772451099466674007e-01	2.772451099466674007e-01	8.388520971302429463e-02	2.772451099466674007e-01	2.772451099466674007e-01	2.549342105263159852e-01	2.772451099466674007e-01	2.772451099466674007e-01	2.772451099466674007e-01	3.052631578947370139e-01	2.772451099466674007e-01	3.479381443298970034e-01	2.772451099466674007e-01	1.802325581395350096e-01	1.888489208633090111e-01	2.772451099466674007e-01	2.772451099466674007e-01	2.772451099466674007e-01	2.772451099466674007e-01	2.836257309941520033e-01	3.635057471264370177e-01	3.001555209953339909e-01	3.313696612665680274e-01	9.112149532710279998e-02	2.772451099466674007e-01	2.940140845070419728e-01	1.921568627450979949e-01	2.772451099466674007e-01	2.772451099466674007e-01	2.772451099466674007e-01	2.772451099466674007e-01	7.882882882882880082e-02	2.094717668488159934e-01	2.772451099466674007e-01	2.772451099466674007e-01	2.772451099466674007e-01	3.453757225433530254e-01	2.449612403100779878e-01	2.772451099466674007e-01	2.772451099466674007e-01	2.772451099466674007e-01	2.772451099466674007e-01	2.772451099466674007e-01	2.529118136439270081e-01	2.772451099466674007e-01	2.772451099466674007e-01	2.772451099466674007e-01	2.772451099466674007e-01	2.772451099466674007e-01	2.772451099466674007e-01	2.772451099466674007e-01	2.772451099466674007e-01	4.987531172069829648e-03	2.772451099466674007e-01	3.512544802867380023e-01	2.772451099466674007e-01	1.336116910229639965e-01	2.675367047308320201e-01	3.639534883720930147e-01	1.829787234042550004e-01	3.492753623188409873e-01	2.772451099466674007e-01	2.363636363636359983e-01	2.772451099466674007e-01	3.083067092651760044e-01	1.644736842105259944e-01	3.112391930835740061e-01	2.772451099466674007e-01	2.690355329949239982e-01	2.420262664165100108e-01	3.275434243176180149e-01	2.772451099466674007e-01	2.772451099466674007e-01	2.284768211920530090e-01	3.124042879019909846e-01	3.226381461675579820e-01	2.595818815331010221e-01	2.772451099466674007e-01	2.491694352159470049e-01	2.772451099466674007e-01	2.772451099466674007e-01	1.988742964352719911e-01	2.942942942942939899e-01	3.246217331499309799e-01	3.440702781844799940e-01	2.358974358974360030e-01	2.772451099466674007e-01	2.772451099466674007e-01	2.772451099466674007e-01	2.728731942215090189e-01	2.772451099466674007e-01	2.772451099466674007e-01	2.208835341365459892e-01	2.772451099466674007e-01	2.772451099466674007e-01
2.894736842105259944e-01	3.484358144552319736e-01	2.772451099466674007e-01	2.772451099466674007e-01	2.772451099466674007e-01	2.772451099466674007e-01	1.938579654510559913e-01	2.772451099466674007e-01	1.000000000000000000e+00	2.772451099466674007e-01	2.941176470588239833e-01	2.772451099466674007e-01	2.772451099466674007e-01	2.772451099466674007e-01	2.772451099466674007e-01	2.735042735042739759e-01	3.169642857142859760e-01	3.022388059701490159e-01	2.772451099466674007e-01	2.598967297762480033e-01	3.345633456334560218e-01	3.455882352941179736e-01	3.012618296529970263e-01	2.772451099466674007e-01	2.795031055900619732e-01	3.284379172229640043e-01	1.659192825112109915e-01	2.772451099466674007e-01	2.772451099466674007e-01	3.135464231354639919e-01	3.067375886524820183e-01	2.772451099466674007e-01	2.864077669902910239e-01	2.772451099466674007e-01	2.926829268292679975e-01	2.772451099466674007e-01	2.772451099466674007e-01	2.901554404145080257e-01	3.448753462603880160e-01	3.274780426599749883e-01	3.242894056847550055e-01	3.191780821917810096e-01	2.772451099466674007e-01	2.098298676748580061e-01	2.772451099466674007e-01	3.021001615508889793e-01	2.825688073394500011e-01	2.772451099466674007e-01	2.772451099466674007e-01	2.772451099466674007e-01	2.977707006369429976e-01	2.772451099466674007e-01	9.852216748768470589e-02	2.772451099466674007e-01	2.772808586762069982e-01	2.103092783505149943e-01	2.772451099466674007e-01	2.772451099466674007e-01	2.772451099466674007e-01	2.772451099466674007e-01	9.307875894988069942e-02	2.247619047619049959e-01	2.772451099466674007e-01	2.910863509749300193e-01	2.772451099466674007e-01	2.999999999999999889e-01	2.653721682847899888e-01	1.619870410367169888e-01	3.671875000000000000e-01	2.080536912751680123e-01	2.772451099466674007e-01	3.565488565488569850e-01	2.448979591836729919e-01	2.634508348794060151e-01	2.772451099466674007e-01	3.611738148984199870e-01	2.772451099466674007e-01	2.730109204368170173e-01	2.772451099466674007e-01	2.772451099466674007e-01	2.772451099466674007e-01	7.915567282321900322e-03	2.772451099466674007e-01	2.772451099466674007e-01	2.772451099466674007e-01	2.772451099466674007e-01	2.772451099466674007e-01	3.426573426573429892e-01	1.706783369803059891e-01	3.304093567251459862e-01	2.772451099466674007e-01	2.772451099466674007e-01	3.499480789200419828e-01	2.829581993569130205e-01	2.772451099466674007e-01	3.408748114630469894e-01	2.772451099466674007e-01	2.772451099466674007e-01	2.772451099466674007e-01	3.363057324840760254e-01	2.924693520140109748e-01	2.772451099466674007e-01	2.772451099466674007e-01	3.397435897435899799e-01	3.061594202898549888e-01	2.880733944954130266e-01	2.772451099466674007e-01	2.772451099466674007e-01	3.630573248407639730e-01	2.937399678972710260e-01	2.772451099466674007e-01	2.772451099466674007e-01	3.323903818953319877e-01	3.408071748878919727e-01	2.833638025594150123e-01	2.772451099466674007e-01	2.610062893081759872e-01	2.772451099466674007e-01	2.772451099466674007e-01	2.867012089810019870e-01	2.943089430894310077e-01	2.772451099466674007e-01	2.772451099466674007e-01	2.848484848484850174e-01
2.915309446254070180e-01	3.989304812834220115e-01	2.676518883415440198e-01	2.772451099466674007e-01	2.772451099466674007e-01	2.772451099466674007e-01	2.772451099466674007e-01	3.468395461912480160e-01	2.772451099466674007e-01	1.000000000000000000e+00	2.772451099466674007e-01	3.731563421828910099e-01	2.772451099466674007e-01	3.280346820809250108e-01	1.323828920570259970e-01	2.334869431643629978e-01	3.991097922848659829e-01	3.239929947460600257e-01	2.772451099466674007e-01	2.772451099466674007e-01	2.772451099466674007e-01	2.772451099466674007e-01	3.358547655068079840e-01	2.772451099466674007e-01	3.590138674884439940e-01	3.431122448979589956e-01	2.772451099466674007e-01	2.772451099466674007e-01	2.703150912106139780e-01	3.157142857142860026e-01	2.772451099466674007e-01	2.772451099466674007e-01	2.772451099466674007e-01	2.772451099466674007e-01	2.924071082390949927e-01	2.772451099466674007e-01	2.933810375670840020e-01	2.772451099466674007e-01	2.772451099466674007e-01	3.811881188118810271e-01	2.772451099466674007e-01	3.346405228758170258e-01	2.029795158286779866e-01	2.245614035087719895e-01	2.772451099466674007e-01	2.772451099466674007e-01	3.165217391304350203e-01	3.181818181818180102e-01	2.772451099466674007e-01	3.581267217630850208e-01	2.772451099466674007e-01	2.772451099466674007e-01	9.327548806941429738e-02	2.772451099466674007e-01	2.772451099466674007e-01	1.748633879781419931e-01	2.772451099466674007e-01	1.296296296296300110e-01	2.772451099466674007e-01	2.772451099466674007e-01	2.772451099466674007e-01	2.772451099466674007e-01	3.195548489666140135e-01	3.098404255319149869e-01	2.772451099466674007e-01	2.772451099466674007e-01	2.772451099466674007e-01	2.772451099466674007e-01	2.772451099466674007e-01	2.772451099466674007e-01	2.772451099466674007e-01	4.080578512396689783e-01	2.772451099466674007e-01	2.772451099466674007e-01	2.772451099466674007e-01	2.772451099466674007e-01	2.772451099466674007e-01	3.262518968133539810e-01	2.772451099466674007e-01	2.772451099466674007e-01	2.772451099466674007e-01	9.174311926605510301e-03	2.772451099466674007e-01	2.772451099466674007e-01	2.772451099466674007e-01	1.218568665377180033e-01	2.772451099466674007e-01	2.772451099466674007e-01	1.955645161290320011e-01	3.672316384180789872e-01	2.772451099466674007e-01	2.152542372881360022e-01	4.043433298862459946e-01	2.776119402985069984e-01	1.687242798353910112e-01	2.772451099466674007e-01	1.782178217821779875e-01	2.772451099466674007e-01	2.306338028169009902e-01	3.401937046004839815e-01	2.476489028213169907e-01	3.197158081705149812e-01	2.772451099466674007e-01	2.772451099466674007e-01	2.772451099466674007e-01	2.772451099466674007e-01	3.746397694524499777e-01	2.772451099466674007e-01	2.772451099466674007e-01	3.231240428790200236e-01	1.985815602836880078e-01	2.772451099466674007e-01	2.772451099466674007e-01	2.772451099466674007e-01	2.666666666666669960e-01	3.589364844903989993e-01	3.437500000000000000e-01	2.772451099466674007e-01	2.772451099466674007e-01	2.772451099466674007e-01	2.772451099466674007e-01	2.500000000000000000e-01	3.580060422960730238e-01	2.772451099466674007e-01
2.772451099466674007e-01	2.772451099466674007e-01	3.135725429017159893e-01	3.968462549277270157e-01	2.772451099466674007e-01	4.241417497231450007e-01	2.772451099466674007e-01	2.772451099466674007e-01	2.941176470588239833e-01	2.772451099466674007e-01	1.000000000000000000e+00	2.772451099466674007e-01	2.824536376604849797e-01	2.772451099466674007e-01	1.361161524500910103e-01	2.772451099466674007e-01	2.772451099466674007e-01	3.301127214170689883e-01	3.449419568822549853e-01	2.772451099466674007e-01	2.772451099466674007e-01	2.772451099466674007e-01	2.772451099466674007e-01	2.772451099466674007e-01	2.772451099466674007e-01	4.125786163522009997e-01	1.955719557195569891e-01	2.772451099466674007e-01	2.772451099466674007e-01	2.772451099466674007e-01	3.452566096423019815e-01	9.926470588235289383e-02	2.772451099466674007e-01	2.872023809523809867e-01	2.850812407680949900e-01	2.772451099466674007e-01	2.790322580645159811e-01	2.772451099466674007e-01	2.772451099466674007e-01	2.772451099466674007e-01	2.772451099466674007e-01	2.772451099466674007e-01	2.772451099466674007e-01	2.387096774193550042e-01	2.772451099466674007e-01	2.772451099466674007e-01	2.921874999999999889e-01	3.222060957910010126e-01	2.772451099466674007e-01	2.772451099466674007e-01	2.772451099466674007e-01	3.717774762550880019e-01	8.301886792452829733e-02	2.772451099466674007e-01	2.772451099466674007e-01	2.772451099466674007e-01	2.772451099466674007e-01	2.772451099466674007e-01	1.953642384105959973e-01	2.772451099466674007e-01	8.719851576994429310e-02	2.536585365853660234e-01	2.772451099466674007e-01	2.772451099466674007e-01	2.946428571428569843e-01	2.772451099466674007e-01	3.421828908554570003e-01	2.772451099466674007e-01	2.772451099466674007e-01	1.949910554561720133e-01	2.772451099466674007e-01	2.772451099466674007e-01	2.772451099466674007e-01	2.700156985871269844e-01	3.353115727002969892e-01	4.905027932960889792e-01	2.772451099466674007e-01	2.772451099466674007e-01	2.329635499207609872e-01	2.772451099466674007e-01	4.473684210526320260e-01	2.772451099466674007e-01	1.617161716171620078e-01	4.246260069044879848e-01	3.787878787878790066e-01	1.403508771929820043e-01	2.772451099466674007e-01	4.222222222222219989e-01	1.797153024911030128e-01	2.772451099466674007e-01	2.627737226277370164e-01	2.612179487179490112e-01	2.772451099466674007e-01	3.498542274052480194e-01	1.706422018348620062e-01	2.772451099466674007e-01	1.917562724014340025e-01	2.772451099466674007e-01	2.303999999999999937e-01	3.995243757431630183e-01	3.680884676145340095e-01	3.595317725752509852e-01	2.772451099466674007e-01	3.388888888888890172e-01	3.433544303797469999e-01	2.772451099466674007e-01	4.046639231824419869e-01	2.772451099466674007e-01	3.190348525469169916e-01	2.772451099466674007e-01	2.371475953565509998e-01	3.365517241379309965e-01	3.986928104575159781e-01	2.772451099466674007e-01	2.808641975308640015e-01	3.884992987377279827e-01	2.772451099466674007e-01	2.772451099466674007e-01	2.772451099466674007e-01	3.227272727272729735e-01	2.772451099466674007e-01	2.772451099466674007e-01	3.803418803418799898e-01	2.949152542372879826e-01
3.333333333333329818e-01	2.772451099466674007e-01	2.670713201820940075e-01	2.772451099466674007e-01	2.771084337349399851e-01	2.772451099466674007e-01	2.772451099466674007e-01	3.127753303964759812e-01	2.772451099466674007e-01	3.731563421828910099e-01	2.772451099466674007e-01	1.000000000000000000e+00	3.175775480059079836e-01	2.772451099466674007e-01	1.275045537340619983e-01	2.810650887573959977e-01	2.772451099466674007e-01	3.360522022838500211e-01	2.863999999999999879e-01	3.183925811437400277e-01	4.171562867215040105e-01	4.695035460992910137e-01	2.772451099466674007e-01	2.772451099466674007e-01	2.772451099466674007e-01	3.950000000000000178e-01	1.804788213627989968e-01	3.738680465717980073e-01	2.772451099466674007e-01	3.424283765347890252e-01	2.772451099466674007e-01	2.772451099466674007e-01	2.772451099466674007e-01	2.772451099466674007e-01	2.772451099466674007e-01	4.556313993174059829e-01	2.772451099466674007e-01	2.878338278931750205e-01	4.368421052631579760e-01	4.221954161640529835e-01	3.992673992673990147e-01	3.601003764115430217e-01	2.772451099466674007e-01	2.137161084529509980e-01	2.772451099466674007e-01	3.318965517241380114e-01	2.913385826771650033e-01	2.772451099466674007e-01	2.772451099466674007e-01	2.772451099466674007e-01	2.772451099466674007e-01	2.772451099466674007e-01	8.000000000000000167e-02	3.309143686502180048e-01	2.537537537537539745e-01	2.772451099466674007e-01	3.647887323943659887e-01	2.772451099466674007e-01	2.772451099466674007e-01	2.694524495677230180e-01	2.772451099466674007e-01	2.402597402597400067e-01	2.772451099466674007e-01	3.522580645161290103e-01	2.823179791976230257e-01	3.876177658142659910e-01	2.772451099466674007e-01	1.561403508771929960e-01	4.853515625000000000e-01	1.952983725135619963e-01	2.772451099466674007e-01	2.772451099466674007e-01	2.772451099466674007e-01	2.772451099466674007e-01	2.684659090909090051e-01	4.943693693693689828e-01	2.772451099466674007e-01	2.772451099466674007e-01	2.336000000000000021e-01	3.356353591160219918e-01	4.556541019955649974e-01	2.772451099466674007e-01	1.694630872483219863e-01	2.772451099466674007e-01	2.772451099466674007e-01	1.320422535211270010e-01	2.772451099466674007e-01	2.772451099466674007e-01	2.772451099466674007e-01	2.772451099466674007e-01	2.960725075528700123e-01	2.560386473429949739e-01	2.772451099466674007e-01	2.772451099466674007e-01	2.772451099466674007e-01	4.066852367688020276e-01	2.772451099466674007e-01	3.016845329249620011e-01	2.772451099466674007e-01	3.912009512485140061e-01	2.772451099466674007e-01	2.772451099466674007e-01	2.854961832061069793e-01	4.032258064516129892e-01	2.772451099466674007e-01	2.759689922480619839e-01	2.772451099466674007e-01	2.772451099466674007e-01	2.772451099466674007e-01	2.772451099466674007e-01	2.154605263157889916e-01	3.160054719562240266e-01	2.772451099466674007e-01	4.378531073446330080e-01	2.772451099466674007e-01	4.184704184704179930e-01	2.772451099466674007e-01	2.772451099466674007e-01	2.772451099466674007e-01	3.061840120663649745e-01	3.328488372093019732e-01	2.772451099466674007e-01	3.762517882689560000e-01	2.772451099466674007e-01
