9.999999999999990008e-01	3.272856596078278502e-01	3.272856596078278502e-01	5.427618921650919637e-01	3.272856596078278502e-01	3.272856596078278502e-01	5.800901188189819813e-01	3.272856596078278502e-01	6.267810014084009840e-01	6.484343835613429752e-01	6.016740228455550454e-01	5.935988308834460048e-01	5.842651850532799562e-01	3.272856596078278502e-01	3.272856596078278502e-01	3.272856596078278502e-01	5.215206399821830097e-01	5.071045642105580509e-01	3.272856596078278502e-01	3.272856596078278502e-01	3.272856596078278502e-01	3.272856596078278502e-01	3.272856596078278502e-01	6.177267545614649746e-01	3.272856596078278502e-01	3.272856596078278502e-01	3.272856596078278502e-01	6.194369575166179809e-01	3.272856596078278502e-01	6.000713720496789749e-01	3.272856596078278502e-01	5.553970396667360365e-01	3.272856596078278502e-01	6.502924834090879624e-01	5.709995925178480425e-01	3.272856596078278502e-01	6.091484565160659725e-01	6.021070927490459468e-01	6.048114185859739811e-01	5.451525687400310405e-01	6.301608502667509493e-01	3.272856596078278502e-01	5.830796876785589999e-01	5.680367128119230280e-01	5.254031448340269472e-01	3.272856596078278502e-01	5.622998248397630405e-01	3.272856596078278502e-01	3.272856596078278502e-01	5.984230501566879523e-01	6.376129371505150356e-01	5.436296463834350279e-01	3.272856596078278502e-01	3.272856596078278502e-01	5.724310737408080385e-01	5.360096971798969934e-01	5.795691850789219668e-01	5.484410635913250509e-01	3.272856596078278502e-01	5.571294144856540065e-01	3.272856596078278502e-01	3.272856596078278502e-01	6.345877762999080351e-01	5.525881364802089912e-01	5.209584746675509637e-01	3.272856596078278502e-01	3.272856596078278502e-01	5.800625505807529558e-01	5.425105471967690551e-01	3.272856596078278502e-01	3.272856596078278502e-01	3.272856596078278502e-01	5.710309189614970471e-01	3.272856596078278502e-01	3.272856596078278502e-01	5.535841023483429879e-01	6.687409593227030546e-01	3.272856596078278502e-01	5.457613483247549802e-01	5.612239600886369528e-01	5.782879668980820398e-01	5.753902297515659514e-01	5.685674146826830144e-01	6.306114396682349632e-01	3.272856596078278502e-01	5.413850238092799971e-01	5.771835269248649647e-01	3.272856596078278502e-01	7.614104334908340377e-01	3.272856596078278502e-01	3.272856596078278502e-01	3.272856596078278502e-01	4.925922604795269777e-01	5.031099769830329471e-01	4.788348377339329831e-01	4.961340410067899831e-01	5.408622239414669908e-01	5.358280287147190180e-01	5.258209865220280221e-01	5.514742452875599499e-01	3.272856596078278502e-01	5.281588586117970108e-01	5.278024661112270532e-01	5.108492390504030256e-01	5.321053701385829449e-01	3.272856596078278502e-01	3.272856596078278502e-01	5.465338661583050150e-01	5.697566479762979919e-01	3.272856596078278502e-01	6.095290855984080158e-01	3.272856596078278502e-01	5.674810358700490553e-01	5.946161882008179633e-01	5.960944636781260186e-01	3.272856596078278502e-01	3.272856596078278502e-01	3.272856596078278502e-01	7.309618890341840203e-01	6.298193560863879492e-01	5.252803616475989479e-01	3.272856596078278502e-01	6.628849920138270013e-01	6.466893627630699859e-01
3.272856596078278502e-01	9.999999999999990008e-01	7.194527112262479873e-01	3.272856596078278502e-01	5.939821430943329483e-01	5.835000794540780023e-01	5.733834862331610438e-01	3.272856596078278502e-01	6.074245922041759949e-01	3.272856596078278502e-01	6.014656922687730001e-01	3.272856596078278502e-01	5.674529926903999488e-01	3.272856596078278502e-01	5.691548612679649954e-01	3.272856596078278502e-01	3.272856596078278502e-01	3.272856596078278502e-01	5.482164871005400508e-01	3.272856596078278502e-01	5.317651968727420408e-01	5.842803285149350545e-01	6.085620757359170296e-01	3.272856596078278502e-01	5.692434319590830016e-01	3.272856596078278502e-01	3.272856596078278502e-01	5.952376082706279936e-01	5.488770437634009625e-01	3.272856596078278502e-01	3.272856596078278502e-01	3.272856596078278502e-01	5.262133848249630486e-01	3.272856596078278502e-01	5.656903991500880080e-01	5.433424719309809525e-01	5.815633692341669603e-01	5.638367009038549593e-01	5.749189541906729595e-01	3.272856596078278502e-01	3.272856596078278502e-01	3.272856596078278502e-01	3.272856596078278502e-01	5.666148496120040345e-01	4.932112230480930060e-01	3.272856596078278502e-01	3.272856596078278502e-01	3.272856596078278502e-01	5.817231730168910264e-01	3.272856596078278502e-01	3.272856596078278502e-01	3.272856596078278502e-01	3.272856596078278502e-01	3.272856596078278502e-01	3.272856596078278502e-01	5.314227235787060133e-01	5.710162783813079734e-01	3.272856596078278502e-01	3.272856596078278502e-01	3.272856596078278502e-01	5.692739042339189925e-01	3.272856596078278502e-01	5.970618140297380139e-01	5.583910300300070073e-01	3.272856596078278502e-01	5.737371485059380438e-01	3.272856596078278502e-01	5.489674269459210443e-01	5.182753714969160486e-01	5.509235898422759625e-01	5.461126186183600240e-01	5.863076450755400071e-01	3.272856596078278502e-01	3.272856596078278502e-01	3.272856596078278502e-01	5.410004712496160328e-01	3.272856596078278502e-01	3.272856596078278502e-01	3.272856596078278502e-01	5.429488601683070126e-01	5.766624688806339938e-01	3.272856596078278502e-01	5.403259381626970281e-01	6.182780878630620425e-01	5.543922659585940327e-01	3.272856596078278502e-01	3.272856596078278502e-01	5.461712047365060441e-01	3.272856596078278502e-01	3.272856596078278502e-01	3.272856596078278502e-01	5.170548808983339573e-01	3.272856596078278502e-01	5.067554129125200202e-01	4.868410730703899847e-01	5.047899721548130270e-01	3.272856596078278502e-01	5.252203206628770493e-01	3.272856596078278502e-01	5.659882507834079757e-01	5.320637582281430022e-01	5.397021316763089827e-01	3.272856596078278502e-01	4.987333516683569723e-01	3.272856596078278502e-01	3.272856596078278502e-01	5.346609151745820299e-01	5.211585177795100554e-01	3.272856596078278502e-01	5.226324496152390253e-01	5.835104871860899989e-01	6.013255712224430116e-01	5.732317117866649880e-01	5.790201078984049676e-01	5.711218055948199535e-01	7.117217294699249575e-01	6.635056905459549847e-01	7.262916560850080083e-01	3.272856596078278502e-01	3.272856596078278502e-01	3.272856596078278502e-01	6.152814284145909918e-01	3.272856596078278502e-01	3.272856596078278502e-01
3.272856596078278502e-01	7.194527112262479873e-01	1.000000000000000000e+00	3.272856596078278502e-01	5.703697954910730283e-01	3.272856596078278502e-01	5.706787301390769951e-01	3.272856596078278502e-01	6.033761113250970531e-01	5.983310685239020543e-01	5.781834087450590243e-01	3.272856596078278502e-01	5.807803595856170231e-01	3.272856596078278502e-01	5.579135286047419706e-01	3.272856596078278502e-01	5.320432927419690428e-01	3.272856596078278502e-01	3.272856596078278502e-01	5.556129891925479791e-01	3.272856596078278502e-01	3.272856596078278502e-01	3.272856596078278502e-01	3.272856596078278502e-01	5.860027833044160195e-01	5.784066099305550379e-01	3.272856596078278502e-01	3.272856596078278502e-01	3.272856596078278502e-01	3.272856596078278502e-01	3.272856596078278502e-01	3.272856596078278502e-01	5.459870492730289904e-01	6.311645992188109622e-01	3.272856596078278502e-01	5.546907574745080227e-01	5.723391614258740434e-01	5.758158877996779612e-01	3.272856596078278502e-01	3.272856596078278502e-01	5.804737907171629852e-01	3.272856596078278502e-01	5.724089610169109665e-01	5.472117305815970001e-01	5.182042251602430039e-01	3.272856596078278502e-01	5.468039297157170076e-01	3.272856596078278502e-01	3.272856596078278502e-01	3.272856596078278502e-01	3.272856596078278502e-01	5.522287152973389679e-01	3.272856596078278502e-01	3.272856596078278502e-01	5.469500111349420157e-01	5.466080141613279819e-01	3.272856596078278502e-01	3.272856596078278502e-01	5.404375008107940026e-01	5.464249655341120171e-01	3.272856596078278502e-01	5.466023103409559658e-01	3.272856596078278502e-01	3.272856596078278502e-01	3.272856596078278502e-01	3.272856596078278502e-01	3.272856596078278502e-01	5.706381008664590526e-01	3.272856596078278502e-01	5.426328438364219631e-01	3.272856596078278502e-01	3.272856596078278502e-01	5.529546513442460398e-01	3.272856596078278502e-01	5.175103443545010506e-01	3.272856596078278502e-01	3.272856596078278502e-01	5.171105692931520226e-01	5.566878578591000215e-01	5.373193163164390329e-01	5.435227609674889715e-01	3.272856596078278502e-01	3.272856596078278502e-01	3.272856596078278502e-01	5.292112725149510366e-01	3.272856596078278502e-01	3.272856596078278502e-01	3.272856596078278502e-01	7.087988129662140535e-01	5.664169882465439620e-01	5.989355904994460023e-01	3.272856596078278502e-01	3.272856596078278502e-01	4.647628148196260023e-01	3.272856596078278502e-01	5.087162170693250163e-01	5.501470173938779462e-01	3.272856596078278502e-01	3.272856596078278502e-01	5.532450649315010516e-01	4.941756411781230152e-01	5.165272294856370072e-01	3.272856596078278502e-01	3.272856596078278502e-01	3.272856596078278502e-01	3.272856596078278502e-01	3.272856596078278502e-01	5.431959670637940274e-01	3.272856596078278502e-01	5.131816934365209804e-01	5.854665231629549993e-01	3.272856596078278502e-01	3.272856596078278502e-01	3.272856596078278502e-01	3.272856596078278502e-01	3.272856596078278502e-01	6.744791407965530228e-01	3.272856596078278502e-01	6.837228743322080193e-01	3.272856596078278502e-01	3.272856596078278502e-01	3.272856596078278502e-01	6.108712115247220131e-01	6.091342981253760058e-01
5.427618921650919637e-01	3.272856596078278502e-01	3.272856596078278502e-01	9.999999999999980016e-01	4.942340029058400197e-01	4.815073774829479736e-01	4.795392618105159821e-01	3.272856596078278502e-01	3.272856596078278502e-01	3.272856596078278502e-01	3.272856596078278502e-01	4.855836645755060021e-01	5.632385982236419730e-01	5.621262099152030123e-01	5.694378786732749997e-01	5.452212496046410228e-01	3.272856596078278502e-01	5.834183234309650024e-01	3.272856596078278502e-01	4.946404260197539982e-01	5.758557649351380148e-01	5.625515770315649977e-01	5.147768953640230460e-01	3.272856596078278502e-01	3.272856596078278502e-01	5.302007099176719862e-01	5.127378864324559915e-01	3.272856596078278502e-01	5.678265638685310313e-01	3.272856596078278502e-01	5.568565637041019700e-01	3.272856596078278502e-01	3.272856596078278502e-01	3.272856596078278502e-01	3.272856596078278502e-01	3.272856596078278502e-01	5.683702578151640372e-01	5.039510709712480274e-01	6.037475253596840119e-01	3.272856596078278502e-01	5.095132570595239940e-01	3.272856596078278502e-01	5.182922556721809570e-01	3.272856596078278502e-01	5.246466166014850385e-01	5.157661410036440408e-01	3.272856596078278502e-01	3.272856596078278502e-01	3.272856596078278502e-01	5.192722630848399801e-01	4.729786140319089949e-01	3.272856596078278502e-01	4.751206244884930152e-01	3.272856596078278502e-01	4.945023859694540058e-01	3.272856596078278502e-01	3.272856596078278502e-01	5.028571856287989972e-01	3.272856596078278502e-01	4.818177360249359942e-01	3.272856596078278502e-01	3.272856596078278502e-01	4.698916828773019860e-01	5.173783236804400110e-01	4.735312493719330273e-01	5.616105594774990495e-01	5.471741071593180239e-01	3.272856596078278502e-01	5.759833815212770380e-01	3.272856596078278502e-01	5.066247394355000155e-01	3.272856596078278502e-01	3.272856596078278502e-01	3.272856596078278502e-01	3.272856596078278502e-01	3.272856596078278502e-01	5.143585950225449954e-01	3.272856596078278502e-01	5.151213051741709847e-01	5.070980376206509765e-01	3.272856596078278502e-01	4.420301673004730092e-01	3.272856596078278502e-01	3.272856596078278502e-01	5.069264552972919669e-01	3.272856596078278502e-01	3.272856596078278502e-01	5.129759422596299467e-01	5.331795465797789513e-01	3.272856596078278502e-01	5.487877790149759960e-01	5.373600330332040098e-01	4.850209171826069809e-01	5.116093578214410131e-01	4.438849113116979939e-01	3.272856596078278502e-01	5.379984406618030235e-01	3.272856596078278502e-01	5.447281745775980344e-01	5.264291996950849484e-01	4.636820241657190200e-01	4.910440389735700184e-01	3.272856596078278502e-01	3.272856596078278502e-01	4.797779301454970224e-01	4.962487625886239928e-01	5.003845432241870173e-01	3.272856596078278502e-01	3.272856596078278502e-01	4.919056561960429841e-01	5.336979319035829450e-01	3.272856596078278502e-01	5.573347530062070510e-01	5.460260122749239775e-01	5.223267108879120491e-01	5.420870964432650263e-01	3.272856596078278502e-01	5.294551463198150509e-01	3.272856596078278502e-01	3.272856596078278502e-01	3.272856596078278502e-01	3.272856596078278502e-01	3.272856596078278502e-01	5.286874552816399619e-01
3.272856596078278502e-01	5.939821430943329483e-01	5.703697954910730283e-01	4.942340029058400197e-01	9.999999999999970024e-01	3.272856596078278502e-01	6.936655243588100150e-01	6.402885262268690481e-01	3.272856596078278502e-01	6.147876135332860370e-01	6.216960958555389771e-01	6.666517435813580361e-01	5.810898488697120445e-01	5.336079093008400109e-01	5.449487827964990538e-01	5.464008110733939994e-01	5.196001030745159843e-01	4.658567377296969902e-01	3.272856596078278502e-01	3.272856596078278502e-01	5.184278956527800242e-01	5.301636889807299635e-01	6.206184678871670135e-01	3.272856596078278502e-01	3.272856596078278502e-01	3.272856596078278502e-01	4.677806649032609787e-01	3.272856596078278502e-01	5.012704149554130240e-01	3.272856596078278502e-01	3.272856596078278502e-01	5.046407614970139788e-01	3.272856596078278502e-01	3.272856596078278502e-01	3.272856596078278502e-01	3.272856596078278502e-01	5.192720448484410278e-01	5.067064553543769723e-01	5.197622908946509801e-01	4.761269193855079962e-01	5.554401048869560542e-01	3.272856596078278502e-01	3.272856596078278502e-01	3.272856596078278502e-01	4.369924407036849812e-01	3.272856596078278502e-01	4.941179451907140030e-01	5.772613774095359807e-01	5.441759125880080150e-01	3.272856596078278502e-01	3.272856596078278502e-01	5.309441179748179973e-01	3.272856596078278502e-01	5.435117875668350473e-01	5.717160693944439709e-01	5.268374840838290218e-01	3.272856596078278502e-01	4.860189083647299957e-01	3.272856596078278502e-01	5.077603739381509884e-01	5.499223928631099545e-01	5.089216119210570044e-01	3.272856596078278502e-01	5.538158400818029570e-01	4.754074532280900267e-01	3.272856596078278502e-01	4.961581040637950135e-01	5.516151271249409849e-01	3.272856596078278502e-01	5.772773739550709493e-01	3.272856596078278502e-01	3.272856596078278502e-01	3.272856596078278502e-01	5.261155641788130000e-01	3.272856596078278502e-01	3.272856596078278502e-01	6.052973133695019881e-01	3.272856596078278502e-01	3.272856596078278502e-01	5.057339455102419778e-01	6.691982343545439527e-01	5.336521680535709633e-01	3.272856596078278502e-01	5.719535653368019723e-01	5.173971583216080417e-01	5.679837941708759663e-01	5.576000732457410125e-01	5.463491243942519837e-01	3.272856596078278502e-01	3.272856596078278502e-01	3.272856596078278502e-01	5.380523132331930247e-01	3.272856596078278502e-01	3.272856596078278502e-01	3.272856596078278502e-01	5.270571262289229786e-01	5.658200638935509952e-01	5.480002926972670219e-01	5.460247999321270473e-01	6.015322387084149902e-01	3.272856596078278502e-01	3.272856596078278502e-01	5.456505537179909826e-01	4.704092625143940221e-01	5.786078271545349594e-01	3.272856596078278502e-01	5.470350611266620033e-01	3.272856596078278502e-01	3.272856596078278502e-01	3.272856596078278502e-01	3.272856596078278502e-01	5.417780566942600462e-01	3.272856596078278502e-01	5.404298303885189947e-01	3.272856596078278502e-01	6.137219472750300442e-01	5.479657553694780026e-01	3.272856596078278502e-01	6.066185266506649576e-01	5.694163782275010188e-01	5.773410116727759611e-01	3.272856596078278502e-01	5.523863515743779873e-01	6.063007457974139980e-01
3.272856596078278502e-01	5.835000794540780023e-01	3.272856596078278502e-01	4.815073774829479736e-01	3.272856596078278502e-01	9.999999999999980016e-01	5.741148839918279734e-01	5.295283401195129969e-01	5.420536088639450467e-01	3.272856596078278502e-01	3.272856596078278502e-01	6.233246037553119567e-01	3.272856596078278502e-01	5.498227126815909971e-01	5.181813491371529690e-01	5.182593624738679461e-01	5.528489635910109889e-01	4.474054086127409735e-01	3.272856596078278502e-01	5.637437324241659775e-01	3.272856596078278502e-01	3.272856596078278502e-01	5.102756491822779683e-01	3.272856596078278502e-01	5.242302307052899568e-01	3.272856596078278502e-01	3.272856596078278502e-01	5.116342868160930202e-01	3.272856596078278502e-01	5.230684059553769583e-01	5.093839225373330004e-01	3.272856596078278502e-01	4.643549887246830044e-01	5.944465223337059845e-01	3.272856596078278502e-01	3.272856596078278502e-01	5.021797944466750430e-01	3.272856596078278502e-01	3.272856596078278502e-01	5.089830454216539568e-01	3.272856596078278502e-01	3.272856596078278502e-01	5.770348392684460093e-01	3.272856596078278502e-01	4.511804913203820155e-01	3.272856596078278502e-01	3.272856596078278502e-01	5.323061816287859571e-01	5.673390360144330291e-01	3.272856596078278502e-01	5.524982476249159502e-01	6.131380023253339973e-01	5.092418541958200207e-01	3.272856596078278502e-01	5.547041993045449537e-01	3.272856596078278502e-01	3.272856596078278502e-01	4.625472160270749922e-01	3.272856596078278502e-01	4.902513960331369991e-01	5.665034693715920167e-01	4.972520397624139998e-01	5.146409981519940446e-01	3.272856596078278502e-01	4.628968431761260049e-01	3.272856596078278502e-01	3.272856596078278502e-01	5.591610440217940070e-01	5.189707717008660293e-01	5.575864479608589885e-01	3.272856596078278502e-01	3.272856596078278502e-01	4.946844653525879765e-01	3.272856596078278502e-01	3.272856596078278502e-01	5.662752118119970257e-01	5.389123686068030272e-01	3.272856596078278502e-01	6.013393291628009729e-01	3.272856596078278502e-01	5.753242192371379460e-01	3.272856596078278502e-01	4.700782630348039892e-01	5.135692825111529691e-01	4.652294514184620033e-01	3.272856596078278502e-01	5.923067762714120388e-01	3.272856596078278502e-01	3.272856596078278502e-01	3.272856596078278502e-01	3.272856596078278502e-01	3.272856596078278502e-01	5.301749475264450062e-01	3.272856596078278502e-01	5.267001206541890301e-01	3.272856596078278502e-01	6.040274386458149847e-01	3.272856596078278502e-01	3.272856596078278502e-01	3.272856596078278502e-01	3.272856596078278502e-01	5.664001126606219572e-01	3.272856596078278502e-01	3.272856596078278502e-01	3.272856596078278502e-01	3.272856596078278502e-01	6.097607687302010193e-01	3.272856596078278502e-01	4.611274156424229886e-01	3.272856596078278502e-01	3.272856596078278502e-01	3.272856596078278502e-01	5.374640837811509586e-01	6.042963378692309817e-01	3.272856596078278502e-01	5.702432413659600519e-01	5.415912650570049447e-01	3.272856596078278502e-01	3.272856596078278502e-01	3.272856596078278502e-01	6.005464885997430224e-01	3.272856596078278502e-01	5.166091258241399808e-01	3.272856596078278502e-01
5.800901188189819813e-01	5.733834862331610438e-01	5.706787301390769951e-01	4.795392618105159821e-01	6.936655243588100150e-01	5.741148839918279734e-01	9.999999999999990008e-01	3.272856596078278502e-01	3.272856596078278502e-01	3.272856596078278502e-01	6.035822115650310016e-01	3.272856596078278502e-01	3.272856596078278502e-01	3.272856596078278502e-01	3.272856596078278502e-01	5.291538103527799741e-01	3.272856596078278502e-01	3.272856596078278502e-01	3.272856596078278502e-01	6.492615763925280170e-01	5.180774050840150080e-01	3.272856596078278502e-01	6.047703858012499767e-01	5.141653491010740318e-01	6.237275697752130421e-01	6.616151297573910073e-01	4.632268016729729765e-01	3.272856596078278502e-01	4.870087688945269888e-01	3.272856596078278502e-01	3.272856596078278502e-01	4.829508746608809910e-01	4.448939272372089970e-01	3.272856596078278502e-01	5.112068285070699991e-01	4.535449607680420159e-01	5.006539111181439461e-01	3.272856596078278502e-01	5.145658726076419720e-01	4.847114406355459981e-01	5.330405249879649476e-01	6.591644851092529622e-01	5.969186554291679991e-01	5.593245667832870138e-01	3.272856596078278502e-01	3.272856596078278502e-01	4.872005857359599790e-01	3.272856596078278502e-01	3.272856596078278502e-01	3.272856596078278502e-01	5.550590629021909805e-01	5.341050593331619911e-01	3.272856596078278502e-01	3.272856596078278502e-01	3.272856596078278502e-01	3.272856596078278502e-01	5.651114720489629484e-01	4.796155873402480063e-01	3.272856596078278502e-01	4.989857847843849892e-01	5.614058665552039695e-01	5.016797056904720442e-01	6.128946266742999471e-01	3.272856596078278502e-01	3.272856596078278502e-01	3.272856596078278502e-01	3.272856596078278502e-01	5.529018057411060338e-01	5.244475013319369605e-01	3.272856596078278502e-01	3.272856596078278502e-01	5.427279500542540047e-01	3.272856596078278502e-01	3.272856596078278502e-01	3.272856596078278502e-01	3.272856596078278502e-01	3.272856596078278502e-01	3.272856596078278502e-01	5.786483980365829671e-01	5.111994788085949537e-01	6.559918617963960141e-01	5.150743815948990445e-01	4.954188952061219786e-01	5.403012909299900191e-01	3.272856596078278502e-01	5.592999413509409656e-01	5.683675882565120130e-01	3.272856596078278502e-01	3.272856596078278502e-01	3.272856596078278502e-01	5.909096429935409844e-01	5.401666914835520084e-01	3.272856596078278502e-01	3.272856596078278502e-01	3.272856596078278502e-01	3.272856596078278502e-01	3.272856596078278502e-01	3.272856596078278502e-01	5.435162163346769493e-01	5.977723337125909753e-01	3.272856596078278502e-01	5.576183679711920194e-01	3.272856596078278502e-01	3.272856596078278502e-01	3.272856596078278502e-01	5.279445678036079892e-01	5.581553824562850430e-01	3.272856596078278502e-01	4.849930779916389878e-01	3.272856596078278502e-01	3.272856596078278502e-01	5.298147675494200293e-01	5.358642542155549471e-01	3.272856596078278502e-01	5.469223811720830275e-01	3.272856596078278502e-01	3.272856596078278502e-01	5.895582454613770285e-01	5.831604153170999449e-01	3.272856596078278502e-01	3.272856596078278502e-01	3.272856596078278502e-01	3.272856596078278502e-01	3.272856596078278502e-01
3.272856596078278502e-01	3.272856596078278502e-01	3.272856596078278502e-01	3.272856596078278502e-01	6.402885262268690481e-01	5.295283401195129969e-01	3.272856596078278502e-01	1.000000000000000000e+00	3.272856596078278502e-01	3.272856596078278502e-01	3.272856596078278502e-01	6.132648130905330452e-01	5.509002203806220299e-01	3.272856596078278502e-01	3.272856596078278502e-01	3.272856596078278502e-01	4.962224213202029999e-01	4.701101203249369864e-01	3.272856596078278502e-01	3.272856596078278502e-01	3.272856596078278502e-01	3.272856596078278502e-01	6.669503161331580277e-01	3.272856596078278502e-01	3.272856596078278502e-01	3.272856596078278502e-01	5.257112106095800375e-01	3.272856596078278502e-01	3.272856596078278502e-01	3.272856596078278502e-01	3.272856596078278502e-01	4.940621850329939835e-01	5.135018384527370028e-01	5.613347020571110013e-01	5.317132762565279780e-01	3.272856596078278502e-01	3.272856596078278502e-01	5.557699502660420343e-01	3.272856596078278502e-01	3.272856596078278502e-01	3.272856596078278502e-01	3.272856596078278502e-01	3.272856596078278502e-01	5.219583612115079596e-01	4.688588791588980120e-01	3.272856596078278502e-01	3.272856596078278502e-01	3.272856596078278502e-01	3.272856596078278502e-01	5.261044591705069662e-01	5.771157644444969703e-01	3.272856596078278502e-01	3.272856596078278502e-01	3.272856596078278502e-01	5.452597359572369795e-01	3.272856596078278502e-01	5.483890851077349859e-01	3.272856596078278502e-01	5.107691547219209705e-01	5.175456809451950413e-01	5.412163114701850075e-01	3.272856596078278502e-01	3.272856596078278502e-01	3.272856596078278502e-01	4.873982957784480097e-01	5.540065902124809982e-01	5.653582466649810234e-01	5.422305502469360050e-01	5.012888654204300520e-01	3.272856596078278502e-01	5.049899956785579569e-01	5.670867480978939446e-01	3.272856596078278502e-01	5.578671386829739953e-01	4.887075188383089852e-01	3.272856596078278502e-01	6.278635355754510483e-01	3.272856596078278502e-01	5.293242844251719870e-01	3.272856596078278502e-01	3.272856596078278502e-01	5.370688815320190379e-01	3.272856596078278502e-01	6.097693103769039613e-01	5.245708458011909547e-01	5.367956161293020445e-01	3.272856596078278502e-01	5.212725749717810331e-01	6.466895331274880032e-01	5.157035714378800373e-01	5.674821279977659838e-01	3.272856596078278502e-01	3.272856596078278502e-01	3.272856596078278502e-01	4.846216961149629743e-01	4.896509109841780116e-01	5.225169969997950359e-01	3.272856596078278502e-01	5.017140678370429763e-01	5.352555763723709781e-01	3.272856596078278502e-01	4.953083164809899963e-01	4.992690191626720231e-01	4.771157248734450018e-01	5.127650592717919453e-01	3.272856596078278502e-01	5.198627143811940243e-01	3.272856596078278502e-01	5.265916139452899714e-01	5.137008373701259512e-01	3.272856596078278502e-01	5.813633895595839984e-01	5.431225755099260422e-01	3.272856596078278502e-01	5.678584690794949985e-01	6.128720651581850420e-01	3.272856596078278502e-01	3.272856596078278502e-01	6.134752209035080339e-01	6.070354056900160167e-01	4.964687579558390018e-01	5.960346423655570325e-01	6.017745719401249582e-01	3.272856596078278502e-01
6.267810014084009840e-01	6.074245922041759949e-01	6.033761113250970531e-01	3.272856596078278502e-01	3.272856596078278502e-01	5.420536088639450467e-01	3.272856596078278502e-01	3.272856596078278502e-01	1.000000000000000000e+00	6.388051832995139678e-01	3.272856596078278502e-01	5.924200737498069858e-01	3.272856596078278502e-01	3.272856596078278502e-01	3.272856596078278502e-01	5.717997888140740059e-01	3.272856596078278502e-01	4.795296007857000053e-01	5.207668835089119819e-01	3.272856596078278502e-01	3.272856596078278502e-01	3.272856596078278502e-01	3.272856596078278502e-01	3.272856596078278502e-01	3.272856596078278502e-01	3.272856596078278502e-01	5.410830977901179839e-01	6.636479375680569559e-01	3.272856596078278502e-01	3.272856596078278502e-01	5.794483036192979997e-01	4.949727407486300135e-01	3.272856596078278502e-01	5.955044027134920315e-01	5.426965127177769688e-01	3.272856596078278502e-01	3.272856596078278502e-01	5.698175647742379502e-01	5.499581234927579665e-01	5.142465896590020513e-01	3.272856596078278502e-01	6.003942538536870543e-01	5.886422062703949853e-01	3.272856596078278502e-01	4.759723696054750097e-01	3.272856596078278502e-01	3.272856596078278502e-01	3.272856596078278502e-01	5.689413730195890251e-01	3.272856596078278502e-01	3.272856596078278502e-01	3.272856596078278502e-01	3.272856596078278502e-01	5.065180244248550512e-01	3.272856596078278502e-01	5.162330475953480491e-01	5.455529112431329875e-01	5.080312967273159508e-01	5.152299992805330353e-01	3.272856596078278502e-01	5.569811812420289998e-01	3.272856596078278502e-01	5.903504827348899919e-01	3.272856596078278502e-01	3.272856596078278502e-01	5.552781412991739662e-01	3.272856596078278502e-01	3.272856596078278502e-01	5.136626878370540439e-01	5.252918504225809748e-01	3.272856596078278502e-01	3.272856596078278502e-01	5.271113550927859492e-01	3.272856596078278502e-01	3.272856596078278502e-01	5.210570713443229973e-01	6.160648290054919762e-01	5.085187132263879750e-01	3.272856596078278502e-01	5.193199049769769982e-01	3.272856596078278502e-01	5.334279074664459719e-01	5.181533825311980257e-01	3.272856596078278502e-01	3.272856596078278502e-01	3.272856596078278502e-01	3.272856596078278502e-01	5.347298004601179766e-01	3.272856596078278502e-01	3.272856596078278502e-01	3.272856596078278502e-01	5.013848132886660203e-01	3.272856596078278502e-01	4.612034776774490141e-01	4.563576207376249805e-01	4.884984116360729933e-01	5.280688062551950335e-01	5.003654059371870355e-01	3.272856596078278502e-01	5.314326813028740215e-01	5.145585383682990122e-01	4.914362840032039936e-01	3.272856596078278502e-01	4.928542009737780227e-01	5.024302197521820501e-01	4.835454648981409864e-01	3.272856596078278502e-01	5.326465983009760485e-01	5.291949186807090033e-01	5.209210670614510263e-01	3.272856596078278502e-01	5.954355892548699458e-01	5.655948159232500050e-01	3.272856596078278502e-01	3.272856596078278502e-01	3.272856596078278502e-01	5.752438031895299453e-01	3.272856596078278502e-01	3.272856596078278502e-01	6.280470751808330254e-01	3.272856596078278502e-01	5.864910094442119526e-01	3.272856596078278502e-01	3.272856596078278502e-01
6.484343835613429752e-01	3.272856596078278502e-01	5.983310685239020543e-01	3.272856596078278502e-01	6.147876135332860370e-01	3.272856596078278502e-01	3.272856596078278502e-01	3.272856596078278502e-01	6.388051832995139678e-01	1.000000000000000000e+00	6.107509247684890230e-01	5.920390349839409483e-01	3.272856596078278502e-01	3.272856596078278502e-01	5.771069649940400170e-01	5.685727537482140326e-01	3.272856596078278502e-01	4.705383010100990249e-01	5.407957403257730444e-01	6.007836240170419950e-01	4.965524276887099964e-01	5.674646341373900116e-01	6.376043605454599916e-01	5.801585237612509882e-01	3.272856596078278502e-01	3.272856596078278502e-01	3.272856596078278502e-01	3.272856596078278502e-01	5.557680901538739615e-01	5.769903513718159793e-01	6.023697801220919690e-01	3.272856596078278502e-01	3.272856596078278502e-01	3.272856596078278502e-01	3.272856596078278502e-01	5.296320075804029637e-01	5.615101325654110465e-01	3.272856596078278502e-01	5.431510755355889453e-01	4.929611766777259874e-01	3.272856596078278502e-01	3.272856596078278502e-01	5.610824890700339962e-01	5.241237141295880253e-01	3.272856596078278502e-01	5.475707551174390231e-01	5.047564732285080291e-01	5.298940494044790395e-01	3.272856596078278502e-01	5.488051146861649965e-01	5.974979893955889576e-01	5.002869574918159534e-01	3.272856596078278502e-01	5.037870610064629773e-01	5.359905258022490404e-01	3.272856596078278502e-01	3.272856596078278502e-01	5.182631263137990052e-01	4.967882283030359836e-01	5.160953687486480312e-01	3.272856596078278502e-01	5.278660371583310251e-01	5.940108026379780082e-01	5.223196730583600234e-01	3.272856596078278502e-01	5.572029998407069806e-01	3.272856596078278502e-01	5.408266431181499856e-01	4.935960229335760174e-01	3.272856596078278502e-01	5.009454961469480549e-01	3.272856596078278502e-01	3.272856596078278502e-01	5.441703898463550182e-01	3.272856596078278502e-01	5.248329688365970247e-01	3.272856596078278502e-01	4.769496936422120137e-01	3.272856596078278502e-01	5.165819074101809516e-01	5.838097562534400042e-01	5.356029003220630358e-01	5.239202182749780334e-01	5.826116681618089821e-01	3.272856596078278502e-01	5.059674664173889891e-01	5.432942520279080423e-01	5.012167867750879635e-01	3.272856596078278502e-01	5.251078337271609664e-01	3.272856596078278502e-01	4.923045179547890227e-01	4.585276782109010130e-01	4.650577669007620041e-01	3.272856596078278502e-01	3.272856596078278502e-01	5.156186255333600199e-01	5.098448917022959659e-01	3.272856596078278502e-01	5.252694896244309852e-01	5.054009622237599642e-01	3.272856596078278502e-01	5.045058536446189734e-01	4.708342804061250164e-01	5.059856447092619947e-01	4.867826509951200253e-01	3.272856596078278502e-01	3.272856596078278502e-01	3.272856596078278502e-01	3.272856596078278502e-01	3.272856596078278502e-01	5.968958188490399719e-01	3.272856596078278502e-01	5.490441864501010016e-01	5.604173770485419981e-01	3.272856596078278502e-01	3.272856596078278502e-01	6.090412252744580313e-01	3.272856596078278502e-01	6.119437084297729701e-01	3.272856596078278502e-01	3.272856596078278502e-01	6.240095472929420017e-01	3.272856596078278502e-01
6.016740228455550454e-01	6.014656922687730001e-01	5.781834087450590243e-01	3.272856596078278502e-01	6.216960958555389771e-01	3.272856596078278502e-01	6.035822115650310016e-01	3.272856596078278502e-01	3.272856596078278502e-01	6.107509247684890230e-01	1.000000000000000000e+00	3.272856596078278502e-01	3.272856596078278502e-01	3.272856596078278502e-01	3.272856596078278502e-01	5.367730038632579914e-01	3.272856596078278502e-01	4.602840776802969991e-01	5.132402900613499686e-01	6.100169292337319638e-01	3.272856596078278502e-01	3.272856596078278502e-01	3.272856596078278502e-01	3.272856596078278502e-01	5.739276428517570139e-01	6.347919387660759805e-01	5.163825619059040362e-01	5.694275364163380315e-01	5.155405644815590493e-01	5.433288522986640112e-01	3.272856596078278502e-01	5.254606076657329927e-01	3.272856596078278502e-01	5.832242653718939795e-01	4.939430278231090043e-01	3.272856596078278502e-01	5.313966896050490440e-01	3.272856596078278502e-01	5.395346002321219636e-01	4.955113016376360147e-01	3.272856596078278502e-01	3.272856596078278502e-01	3.272856596078278502e-01	5.665773183420299564e-01	4.720762815987750161e-01	3.272856596078278502e-01	5.099667459991740204e-01	3.272856596078278502e-01	3.272856596078278502e-01	5.507726854828850493e-01	3.272856596078278502e-01	3.272856596078278502e-01	5.218248916975229967e-01	5.241510274124420166e-01	3.272856596078278502e-01	5.237405999963600234e-01	5.754314932900379542e-01	3.272856596078278502e-01	5.079245689397889896e-01	5.130620720577420135e-01	5.427121729336099598e-01	3.272856596078278502e-01	3.272856596078278502e-01	3.272856596078278502e-01	3.272856596078278502e-01	5.867864798223150213e-01	3.272856596078278502e-01	5.878859935142459747e-01	3.272856596078278502e-01	5.499947155422729717e-01	5.362140542853359726e-01	3.272856596078278502e-01	3.272856596078278502e-01	3.272856596078278502e-01	5.226565730727139591e-01	3.272856596078278502e-01	3.272856596078278502e-01	3.272856596078278502e-01	3.272856596078278502e-01	3.272856596078278502e-01	6.233758631750130341e-01	3.272856596078278502e-01	3.272856596078278502e-01	3.272856596078278502e-01	5.234598230562029775e-01	5.048485761901100322e-01	3.272856596078278502e-01	3.272856596078278502e-01	6.221463395182209588e-01	5.519543113901500542e-01	5.773720451882089488e-01	5.058188357127649804e-01	5.026273080949770211e-01	3.272856596078278502e-01	4.811504998957389923e-01	3.272856596078278502e-01	3.272856596078278502e-01	3.272856596078278502e-01	3.272856596078278502e-01	3.272856596078278502e-01	3.272856596078278502e-01	3.272856596078278502e-01	5.366611984431020055e-01	4.887019673586889823e-01	3.272856596078278502e-01	5.260020578891400067e-01	3.272856596078278502e-01	3.272856596078278502e-01	5.015078059165900548e-01	4.810551868534290176e-01	5.004648820616069971e-01	5.647459414225369789e-01	5.281664653396720421e-01	5.552264804953439548e-01	3.272856596078278502e-01	3.272856596078278502e-01	5.480268030467699836e-01	3.272856596078278502e-01	3.272856596078278502e-01	5.452714084797000149e-01	3.272856596078278502e-01	3.272856596078278502e-01	5.658683438258730325e-01	5.900853345864980337e-01
5.935988308834460048e-01	3.272856596078278502e-01	3.272856596078278502e-01	4.855836645755060021e-01	6.666517435813580361e-01	6.233246037553119567e-01	3.272856596078278502e-01	6.132648130905330452e-01	5.924200737498069858e-01	5.920390349839409483e-01	3.272856596078278502e-01	1.000000000000000000e+00	3.272856596078278502e-01	3.272856596078278502e-01	5.445384700479950491e-01	3.272856596078278502e-01	5.159049036935430266e-01	4.378478688621800230e-01	3.272856596078278502e-01	3.272856596078278502e-01	3.272856596078278502e-01	3.272856596078278502e-01	6.037903053824920097e-01	3.272856596078278502e-01	5.786000041349149692e-01	6.376826962038180113e-01	4.672177282732080106e-01	3.272856596078278502e-01	5.009377679742940126e-01	5.283630879729269703e-01	3.272856596078278502e-01	4.964786996815159781e-01	3.272856596078278502e-01	3.272856596078278502e-01	3.272856596078278502e-01	3.272856596078278502e-01	3.272856596078278502e-01	4.875884303081490234e-01	3.272856596078278502e-01	4.814199553673079723e-01	3.272856596078278502e-01	6.049463637242780134e-01	3.272856596078278502e-01	5.768590497329509903e-01	4.307338145103800087e-01	3.272856596078278502e-01	4.653638067446089766e-01	3.272856596078278502e-01	3.272856596078278502e-01	5.401645372537690060e-01	6.396102097502019967e-01	3.272856596078278502e-01	5.149143867259899920e-01	5.406143562990429752e-01	3.272856596078278502e-01	3.272856596078278502e-01	5.794947225984510286e-01	4.734732497160700215e-01	4.938312853423310056e-01	4.924002522543399762e-01	3.272856596078278502e-01	5.105700814535719667e-01	6.301847897271459775e-01	5.559599056086349522e-01	4.702117787302569907e-01	3.272856596078278502e-01	3.272856596078278502e-01	5.606346043067850227e-01	3.272856596078278502e-01	3.272856596078278502e-01	3.272856596078278502e-01	5.615894501463469801e-01	3.272856596078278502e-01	5.229673270364719739e-01	5.295865248009880011e-01	5.706306578484630077e-01	6.546212298746769687e-01	5.290958718817869721e-01	5.727043400911040472e-01	3.272856596078278502e-01	6.713332811203780448e-01	5.230841166520380225e-01	4.871971799639729928e-01	3.272856596078278502e-01	3.272856596078278502e-01	5.782651696005529640e-01	3.272856596078278502e-01	3.272856596078278502e-01	3.272856596078278502e-01	5.436819648725790266e-01	3.272856596078278502e-01	5.575454393058929536e-01	3.272856596078278502e-01	3.272856596078278502e-01	3.272856596078278502e-01	3.272856596078278502e-01	5.894595251774880085e-01	3.272856596078278502e-01	5.679299442805280096e-01	3.272856596078278502e-01	6.133854928334200318e-01	5.734329811082310435e-01	3.272856596078278502e-01	3.272856596078278502e-01	5.880204686365749778e-01	3.272856596078278502e-01	3.272856596078278502e-01	3.272856596078278502e-01	4.745119001132839798e-01	4.683635584021200171e-01	3.272856596078278502e-01	3.272856596078278502e-01	3.272856596078278502e-01	5.681318482531629854e-01	3.272856596078278502e-01	3.272856596078278502e-01	5.568863756966530021e-01	6.051465252977149545e-01	6.163006840487510463e-01	3.272856596078278502e-01	6.325221767831069597e-01	3.272856596078278502e-01	6.069157257547880269e-01	6.414685370823099975e-01
