1.000000000000000000e+00	4.228086507674799766e-01	5.941366248514022841e-01	5.941366248514022841e-01	7.745754771185000553e-01	5.988566395776889761e-01	6.406906020857040529e-01	6.734904738391089829e-01	7.600555996296619599e-01	5.941366248514022841e-01	8.252020191593339993e-01	3.285938886505569978e-01	7.522240680925850187e-01	5.941366248514022841e-01	8.224029418133289582e-01	6.835844094958669626e-01	5.941366248514022841e-01	2.169812510792299975e-01	5.941366248514022841e-01	5.941366248514022841e-01	3.467315710315240218e-01	5.941366248514022841e-01	5.040936915901780280e-01	5.941366248514022841e-01	5.941366248514022841e-01	5.941366248514022841e-01	8.690980719815749600e-01	5.941366248514022841e-01	8.528821087511829768e-01	5.941366248514022841e-01	5.941366248514022841e-01	5.941366248514022841e-01	5.941366248514022841e-01	6.559905398210710281e-01	8.625101485137319779e-01	8.192268215087950001e-01	7.856578723222830130e-01	7.564373308400680340e-01	5.941366248514022841e-01	5.941366248514022841e-01	5.941366248514022841e-01	5.941366248514022841e-01	5.941366248514022841e-01	5.941366248514022841e-01	5.941366248514022841e-01	5.941366248514022841e-01	4.347264803069920136e-01	5.941366248514022841e-01	7.275919137448040308e-01	4.911061366552719742e-01	5.941366248514022841e-01	7.714311078447929626e-01	6.655764372702589471e-01	8.527888217639190138e-01	5.941366248514022841e-01	5.245839402652530126e-01	8.522700991017889693e-01	5.941366248514022841e-01	5.941366248514022841e-01	5.941366248514022841e-01	5.941366248514022841e-01	5.941366248514022841e-01	5.941366248514022841e-01	5.941366248514022841e-01	6.709857781238039998e-01	5.941366248514022841e-01	6.112991973166650439e-01	5.941366248514022841e-01	5.941366248514022841e-01	5.941366248514022841e-01	5.941366248514022841e-01	8.622094754561540064e-01	8.304937348738460345e-01	5.941366248514022841e-01	5.941366248514022841e-01	3.810598984647460274e-01	8.335197691112220530e-01	5.941366248514022841e-01	5.322459728374000498e-01	5.941366248514022841e-01	8.034688433295590348e-01	5.941366248514022841e-01	5.941366248514022841e-01	3.649061917379369802e-01	8.617262600739310496e-01	5.941366248514022841e-01	5.941366248514022841e-01	5.941366248514022841e-01	1.000000000000000021e-03	5.425251008528529928e-01	4.231180522071300021e-01	4.217059032418269959e-01	5.941366248514022841e-01	8.100985600679969645e-01	8.587387116854029445e-01	8.515711972369339744e-01	6.754547812468859602e-01	8.915209103036200178e-01	5.941366248514022841e-01	7.980873858667949516e-01	5.941366248514022841e-01	5.941366248514022841e-01	5.941366248514022841e-01	5.173681139584399569e-01	5.941366248514022841e-01	5.941366248514022841e-01	5.941366248514022841e-01	5.653267865449690399e-01	5.601600156323790491e-01	7.828858765426149890e-01	8.381769145798929621e-01	5.941366248514022841e-01	5.712788897562639523e-01	5.941366248514022841e-01	3.895920253823870194e-01	5.941366248514022841e-01	8.188068789173430506e-01	8.778762836135359793e-01	5.941366248514022841e-01	5.941366248514022841e-01	5.941366248514022841e-01	8.189468358572520312e-01	5.941366248514022841e-01	8.431078937610519963e-01
4.228086507674799766e-01	1.000000000000000000e+00	6.759444420592229941e-01	4.138601880222440021e-01	5.941366248514022841e-01	5.941366248514022841e-01	5.941366248514022841e-01	5.534376893417449761e-01	4.976936210989639786e-01	6.229261705202769894e-01	5.068859686741240544e-01	5.941366248514022841e-01	5.941366248514022841e-01	5.941366248514022841e-01	3.342925422302759908e-01	4.432585845697279980e-01	5.941366248514022841e-01	5.941366248514022841e-01	5.941366248514022841e-01	5.941366248514022841e-01	5.941366248514022841e-01	5.941366248514022841e-01	5.763945167583010010e-01	5.941366248514022841e-01	4.322460020547759796e-01	3.501905917503729815e-01	3.928120632845280014e-01	5.941366248514022841e-01	5.941366248514022841e-01	4.478121905601680219e-01	3.975806336622810244e-01	2.883169123019019842e-01	5.941366248514022841e-01	5.292705730994220481e-01	5.941366248514022841e-01	5.941366248514022841e-01	5.941366248514022841e-01	5.941366248514022841e-01	5.941366248514022841e-01	4.997188143162680229e-01	3.585630828043980256e-01	5.941366248514022841e-01	5.941366248514022841e-01	3.241914155907210104e-01	5.941366248514022841e-01	5.760005974860430422e-01	5.941366248514022841e-01	5.941366248514022841e-01	5.941366248514022841e-01	5.941366248514022841e-01	5.941366248514022841e-01	3.407835920115789841e-01	5.941366248514022841e-01	3.172433551388070261e-01	3.053983608769360036e-01	5.941366248514022841e-01	5.941366248514022841e-01	3.113794503717939866e-01	5.941366248514022841e-01	5.941366248514022841e-01	5.941366248514022841e-01	5.468558501265390337e-01	3.089557647088849723e-01	4.127187003245280095e-01	5.941366248514022841e-01	6.827110520833760132e-01	5.941366248514022841e-01	5.683572117733920459e-01	3.818631232733770142e-01	5.941366248514022841e-01	3.029673730640279894e-01	3.429876695554249788e-01	5.941366248514022841e-01	4.361852127193650008e-01	5.941366248514022841e-01	5.425696105593079688e-01	3.153555930610419944e-01	5.941366248514022841e-01	5.941366248514022841e-01	5.941366248514022841e-01	3.421749723172700097e-01	2.982815466032859852e-01	3.434193927146410030e-01	5.941366248514022841e-01	3.435461971884329890e-01	5.941366248514022841e-01	5.941366248514022841e-01	5.941366248514022841e-01	1.000000000000000021e-03	5.941366248514022841e-01	5.941366248514022841e-01	5.941366248514022841e-01	5.941366248514022841e-01	3.430181539091219922e-01	5.941366248514022841e-01	5.941366248514022841e-01	4.928888195784080217e-01	5.941366248514022841e-01	3.076910488320350190e-01	3.629431781848589944e-01	5.941366248514022841e-01	5.900783519695760315e-01	3.346515429061580060e-01	5.941366248514022841e-01	5.941366248514022841e-01	4.417369356329030050e-01	5.941366248514022841e-01	5.941366248514022841e-01	5.941366248514022841e-01	5.941366248514022841e-01	5.941366248514022841e-01	5.941366248514022841e-01	5.941366248514022841e-01	5.799440055087380363e-01	5.922972284347040040e-01	4.070666630891640048e-01	5.941366248514022841e-01	4.816530343175470241e-01	4.304442239962210093e-01	2.948752703171820255e-01	6.662729873657999846e-01	5.941366248514022841e-01	5.941366248514022841e-01	5.941366248514022841e-01
5.941366248514022841e-01	6.759444420592229941e-01	1.000000000000000000e+00	5.941366248514022841e-01	6.215011536916410506e-01	5.529422603687419446e-01	5.941366248514022841e-01	5.941366248514022841e-01	5.941366248514022841e-01	6.814054368916030446e-01	5.941366248514022841e-01	6.954204840622609796e-01	5.941366248514022841e-01	4.248049340274899777e-01	3.620089428868120129e-01	5.654040893198409856e-01	5.507239601134480411e-01	5.941366248514022841e-01	5.941366248514022841e-01	5.941366248514022841e-01	5.941366248514022841e-01	3.670378721640569775e-01	6.718027995096079730e-01	5.941366248514022841e-01	5.941366248514022841e-01	5.941366248514022841e-01	5.941366248514022841e-01	5.357762680727740090e-01	5.941366248514022841e-01	5.143141183227559754e-01	4.676104136346950213e-01	5.941366248514022841e-01	5.941366248514022841e-01	5.941366248514022841e-01	3.613882792681930023e-01	2.738108704095379986e-01	4.489985528988419961e-01	5.174813104526280183e-01	5.941366248514022841e-01	5.614482239975420175e-01	3.386422925436949893e-01	5.941366248514022841e-01	5.941366248514022841e-01	3.181077305777860187e-01	5.941366248514022841e-01	7.102674282833100206e-01	5.941366248514022841e-01	5.941366248514022841e-01	6.043018377845880140e-01	5.941366248514022841e-01	3.569976601125660065e-01	5.941366248514022841e-01	5.546725166138190000e-01	3.477999121548029926e-01	5.941366248514022841e-01	5.941366248514022841e-01	5.941366248514022841e-01	5.941366248514022841e-01	3.022784326338039951e-01	5.941366248514022841e-01	5.941366248514022841e-01	7.109524213583400254e-01	5.941366248514022841e-01	5.941366248514022841e-01	6.269721996134880460e-01	6.295105364560570349e-01	5.941366248514022841e-01	5.941366248514022841e-01	3.714935548894809925e-01	3.050206909216339746e-01	3.370762606691720120e-01	5.941366248514022841e-01	3.203381114372049754e-01	5.941366248514022841e-01	5.199565802449439555e-01	6.964576863698289655e-01	3.249125284958059856e-01	5.941366248514022841e-01	5.941366248514022841e-01	5.941366248514022841e-01	5.941366248514022841e-01	5.941366248514022841e-01	3.241936319431930058e-01	7.777060783911720065e-01	3.315408791515290221e-01	3.436871459629329828e-01	5.941366248514022841e-01	5.941366248514022841e-01	5.941366248514022841e-01	6.264537699159220541e-01	6.206264937948400284e-01	5.941366248514022841e-01	4.908678146496109895e-01	3.338951187830340173e-01	3.565025567053149991e-01	3.049268675911759874e-01	5.268590093183349587e-01	3.393932288752299908e-01	3.665889882545840250e-01	5.941366248514022841e-01	5.941366248514022841e-01	6.932843526972729542e-01	5.941366248514022841e-01	6.468787179141679555e-01	3.978715738315730110e-01	4.015194775811600225e-01	5.881411418616260267e-01	3.761601644764510088e-01	5.404187849347009687e-01	5.941366248514022841e-01	3.052543321251720010e-01	5.941366248514022841e-01	5.132498352086489746e-01	5.941366248514022841e-01	6.946174773886309994e-01	3.834222265918669770e-01	3.698160541695399983e-01	5.941366248514022841e-01	5.941366248514022841e-01	3.284411660595660254e-01	5.941366248514022841e-01	3.208334343646629949e-01	3.014508865166889984e-01	5.941366248514022841e-01
5.941366248514022841e-01	4.138601880222440021e-01	5.941366248514022841e-01	1.000000000000000000e+00	6.762772442847250209e-01	5.941366248514022841e-01	5.727101168444159729e-01	5.941366248514022841e-01	5.941366248514022841e-01	6.256405716754519508e-01	5.941366248514022841e-01	4.291924380864819977e-01	5.941366248514022841e-01	2.073743809098350099e-01	5.941366248514022841e-01	5.941366248514022841e-01	6.646397487146900040e-01	5.941366248514022841e-01	5.941366248514022841e-01	5.941366248514022841e-01	5.941366248514022841e-01	5.941366248514022841e-01	5.941366248514022841e-01	6.100509028456040372e-01	5.941366248514022841e-01	5.941366248514022841e-01	5.941366248514022841e-01	5.941366248514022841e-01	6.040251021467689663e-01	6.656173906399790452e-01	6.323098229726209496e-01	5.941366248514022841e-01	5.941366248514022841e-01	5.941366248514022841e-01	6.316617344060649897e-01	5.625278394358810274e-01	6.360949167888410027e-01	6.049632120282769643e-01	6.080938514951550466e-01	6.361297072048179846e-01	5.978748606546050448e-01	5.003854455558499614e-01	5.941366248514022841e-01	5.941366248514022841e-01	5.867676190144049952e-01	4.270966931562290014e-01	5.099516337379309538e-01	5.901227286212320511e-01	5.941366248514022841e-01	5.941366248514022841e-01	6.237827484750040341e-01	6.031420487968229827e-01	5.870203951387079622e-01	5.941366248514022841e-01	5.941366248514022841e-01	5.720214294971309732e-01	5.827339885838389577e-01	6.073418540808459554e-01	5.941366248514022841e-01	6.156147211004290298e-01	5.941366248514022841e-01	5.941366248514022841e-01	5.941366248514022841e-01	5.941366248514022841e-01	6.508578050252730174e-01	5.941366248514022841e-01	5.941366248514022841e-01	5.941366248514022841e-01	5.941366248514022841e-01	5.315150931073350238e-01	6.174566597867400253e-01	6.075494951599480498e-01	5.941366248514022841e-01	5.941366248514022841e-01	3.080341169035599735e-01	4.487622564496849820e-01	5.859218121050510097e-01	5.849172503137619605e-01	5.033429681070720196e-01	5.941366248514022841e-01	6.153622527101429984e-01	5.941366248514022841e-01	5.941366248514022841e-01	5.941366248514022841e-01	5.824950048379670120e-01	6.191686398805360536e-01	5.941366248514022841e-01	5.941366248514022841e-01	5.941366248514022841e-01	5.941366248514022841e-01	5.941366248514022841e-01	5.188912631833639821e-01	6.384606400443210150e-01	5.941366248514022841e-01	5.931116889157900252e-01	5.912008952046560184e-01	5.941366248514022841e-01	6.126966337255209671e-01	6.113953257002010533e-01	5.941366248514022841e-01	6.905030263874429863e-01	5.941366248514022841e-01	5.787993078883699738e-01	5.941366248514022841e-01	5.941366248514022841e-01	5.941366248514022841e-01	4.184549364609450040e-01	4.996607398511460074e-01	5.941366248514022841e-01	5.941366248514022841e-01	5.488859287026279787e-01	5.941366248514022841e-01	5.683455551166100017e-01	4.542938869477720076e-01	5.941366248514022841e-01	6.290975198037239702e-01	5.941366248514022841e-01	6.233521815779620168e-01	5.941366248514022841e-01	5.941366248514022841e-01	5.941366248514022841e-01	5.613599486903170233e-01	5.491336480053660152e-01	6.017170385365759877e-01
7.745754771185000553e-01	5.941366248514022841e-01	6.215011536916410506e-01	6.762772442847250209e-01	1.000000000000000000e+00	5.941366248514022841e-01	5.941366248514022841e-01	5.941366248514022841e-01	5.941366248514022841e-01	6.724644885248729498e-01	8.297956717116830028e-01	5.941366248514022841e-01	7.524400884600069839e-01	2.446862230040099950e-01	6.842530248191099895e-01	7.940546023210469651e-01	7.313021502481330538e-01	5.941366248514022841e-01	7.051823090880620093e-01	6.490448936901209720e-01	4.740804004421479978e-01	7.199373673339040103e-01	6.525285495143740011e-01	6.839490277303530430e-01	5.941366248514022841e-01	7.613245168731499479e-01	5.941366248514022841e-01	6.939482228119370211e-01	6.588535232425749566e-01	5.941366248514022841e-01	5.941366248514022841e-01	6.898518844666090555e-01	5.941366248514022841e-01	6.826177109495600304e-01	7.088558050635700436e-01	5.941366248514022841e-01	7.647674591782920306e-01	5.941366248514022841e-01	5.941366248514022841e-01	7.907446580926309476e-01	5.941366248514022841e-01	5.941366248514022841e-01	7.798410452272820370e-01	6.620185967279049732e-01	6.562910835564149670e-01	5.941366248514022841e-01	5.941366248514022841e-01	6.932416970653499932e-01	7.875669551399220314e-01	5.941366248514022841e-01	5.941366248514022841e-01	5.941366248514022841e-01	5.941366248514022841e-01	5.941366248514022841e-01	6.438564514026740015e-01	5.941366248514022841e-01	5.941366248514022841e-01	7.086862113225990134e-01	5.941366248514022841e-01	5.941366248514022841e-01	6.588715405809669745e-01	5.100039309271630072e-01	6.518196307763980402e-01	5.941366248514022841e-01	5.941366248514022841e-01	4.967622092219209917e-01	6.638450538164759607e-01	6.584437618731320274e-01	7.251982927455260519e-01	6.204949768176559743e-01	6.834488958812789949e-01	5.941366248514022841e-01	5.941366248514022841e-01	5.941366248514022841e-01	5.941366248514022841e-01	5.757289501634009765e-01	6.763928389335690516e-01	5.941366248514022841e-01	5.941366248514022841e-01	5.941366248514022841e-01	5.941366248514022841e-01	5.941366248514022841e-01	6.713987545604660490e-01	5.941366248514022841e-01	6.667787838563650205e-01	5.941366248514022841e-01	5.941366248514022841e-01	5.941366248514022841e-01	5.941366248514022841e-01	6.447638496896770377e-01	5.941366248514022841e-01	5.555111900310959472e-01	5.941366248514022841e-01	6.490448936901209720e-01	5.941366248514022841e-01	6.689429958853400082e-01	7.069296728486700321e-01	5.941366248514022841e-01	5.941366248514022841e-01	7.389158601727869868e-01	8.075880859859250194e-01	5.010084370303069523e-01	5.941366248514022841e-01	5.941366248514022841e-01	7.655678163077319631e-01	7.115991550255990061e-01	5.941366248514022841e-01	5.941366248514022841e-01	5.941366248514022841e-01	6.068686977345469913e-01	6.596196947943380184e-01	6.742045246417139870e-01	5.941366248514022841e-01	5.345688895624050030e-01	5.941366248514022841e-01	7.054089325526330390e-01	5.941366248514022841e-01	8.172465814633259606e-01	5.941366248514022841e-01	6.903708609540050167e-01	5.876427682836540267e-01	5.941366248514022841e-01	5.941366248514022841e-01	5.941366248514022841e-01
5.988566395776889761e-01	5.941366248514022841e-01	5.529422603687419446e-01	5.941366248514022841e-01	5.941366248514022841e-01	1.000000000000000000e+00	5.503174856744039722e-01	5.649751923437319467e-01	5.941366248514022841e-01	6.266765136018089821e-01	6.683487374964719452e-01	4.881771261632419923e-01	6.337206293359090026e-01	5.941366248514022841e-01	5.396840613897789796e-01	5.941366248514022841e-01	5.941366248514022841e-01	3.387904938447550141e-01	5.941366248514022841e-01	5.422321697491769843e-01	4.329143626009480106e-01	5.941366248514022841e-01	5.941366248514022841e-01	5.941366248514022841e-01	5.941366248514022841e-01	5.708806608625730528e-01	5.909584391144550031e-01	5.941366248514022841e-01	5.941366248514022841e-01	5.941366248514022841e-01	5.941366248514022841e-01	5.191006029778979514e-01	5.124749651413379459e-01	5.941366248514022841e-01	5.555301792050010290e-01	5.941366248514022841e-01	5.941366248514022841e-01	5.918560236359799998e-01	5.941366248514022841e-01	6.381595359756150332e-01	5.208566974734309962e-01	5.207748042853780346e-01	5.857896398042440333e-01	5.051458952222499521e-01	5.139204630754590220e-01	4.805544817067730068e-01	5.941366248514022841e-01	5.941366248514022841e-01	7.110253318283830115e-01	5.941366248514022841e-01	5.941366248514022841e-01	5.941366248514022841e-01	5.941366248514022841e-01	5.208104084370920317e-01	4.999135838438439894e-01	5.941366248514022841e-01	5.941366248514022841e-01	5.941366248514022841e-01	5.941366248514022841e-01	5.340063777637069631e-01	5.941366248514022841e-01	5.941366248514022841e-01	4.830809448331280231e-01	5.941366248514022841e-01	5.941366248514022841e-01	5.941366248514022841e-01	5.317695143655869483e-01	5.941366248514022841e-01	5.941366248514022841e-01	5.941366248514022841e-01	5.941366248514022841e-01	5.304369732332819831e-01	5.102480553998309798e-01	5.281500646105730112e-01	5.941366248514022841e-01	5.363589781015399849e-01	5.941366248514022841e-01	5.941366248514022841e-01	5.668244733492560083e-01	5.941366248514022841e-01	5.149262880681959587e-01	5.941366248514022841e-01	5.941366248514022841e-01	5.358385401660390457e-01	5.941366248514022841e-01	5.941366248514022841e-01	5.335028116310960300e-01	5.019718320865850236e-01	1.000000000000000021e-03	5.941366248514022841e-01	4.919428568336399743e-01	5.941366248514022841e-01	5.941366248514022841e-01	5.941366248514022841e-01	5.338056241739730368e-01	5.041591746407489971e-01	5.941366248514022841e-01	5.941366248514022841e-01	5.479186431906779564e-01	5.941366248514022841e-01	6.110192572888669682e-01	5.941366248514022841e-01	5.941366248514022841e-01	5.941366248514022841e-01	5.941366248514022841e-01	5.941366248514022841e-01	4.626814829602949874e-01	5.941366248514022841e-01	5.941366248514022841e-01	5.941366248514022841e-01	5.941366248514022841e-01	5.941366248514022841e-01	5.941366248514022841e-01	5.177113170839490186e-01	5.344373402530949724e-01	5.549949333653450001e-01	5.941366248514022841e-01	5.941366248514022841e-01	6.100717563637559904e-01	5.368065186030690494e-01	5.941366248514022841e-01	5.941366248514022841e-01	4.644022581390129800e-01	5.488784238018109551e-01
6.406906020857040529e-01	5.941366248514022841e-01	5.941366248514022841e-01	5.727101168444159729e-01	5.941366248514022841e-01	5.503174856744039722e-01	1.000000000000000000e+00	7.944672815611270034e-01	7.029441030180380023e-01	6.752654792890639968e-01	5.941366248514022841e-01	5.941366248514022841e-01	6.399157929779949461e-01	5.941366248514022841e-01	5.704086120404090465e-01	5.941366248514022841e-01	5.941366248514022841e-01	5.941366248514022841e-01	5.941366248514022841e-01	5.550176992750579519e-01	4.792355938424899819e-01	5.801779762220039549e-01	5.697460623092910348e-01	5.941366248514022841e-01	7.092242055162649716e-01	6.083932473840759636e-01	5.941366248514022841e-01	5.941366248514022841e-01	5.941366248514022841e-01	6.019556779879380315e-01	5.603476951000320172e-01	5.941366248514022841e-01	5.627817155089750445e-01	5.999671697533519588e-01	5.941366248514022841e-01	5.941366248514022841e-01	6.704905416940819540e-01	5.941366248514022841e-01	5.941366248514022841e-01	6.843091621318859730e-01	6.175030954151820017e-01	5.941366248514022841e-01	5.941366248514022841e-01	5.941366248514022841e-01	5.396324099207769898e-01	5.941366248514022841e-01	5.941366248514022841e-01	5.941366248514022841e-01	5.941366248514022841e-01	5.941366248514022841e-01	5.533960713691410405e-01	5.749304985298829829e-01	6.330624387954769672e-01	5.633591327806279914e-01	5.941366248514022841e-01	5.941366248514022841e-01	5.941366248514022841e-01	5.729490030558009872e-01	5.516245406518249794e-01	5.941366248514022841e-01	5.941366248514022841e-01	5.025899266580999836e-01	5.941366248514022841e-01	5.941366248514022841e-01	5.941366248514022841e-01	5.941366248514022841e-01	5.807216282796670015e-01	6.339199534304870154e-01	6.714859709635510043e-01	5.918236545813250205e-01	5.941366248514022841e-01	6.245935319447160072e-01	5.495317342068839483e-01	5.941366248514022841e-01	3.615093610269339841e-01	5.432265530514930330e-01	5.941366248514022841e-01	5.941366248514022841e-01	6.126547479575950028e-01	5.941366248514022841e-01	5.941366248514022841e-01	5.571199717455119771e-01	6.127008224598099462e-01	5.355785105999819606e-01	5.941366248514022841e-01	5.941366248514022841e-01	5.514850239472900428e-01	5.438880092636060315e-01	5.941366248514022841e-01	6.783424234575390344e-01	5.941366248514022841e-01	5.941366248514022841e-01	5.941366248514022841e-01	6.017952031078079855e-01	5.941366248514022841e-01	5.028545661489319807e-01	5.978012921531929980e-01	5.695902801293739603e-01	5.941366248514022841e-01	5.941366248514022841e-01	6.816244192156000192e-01	5.090599213487150276e-01	5.941366248514022841e-01	6.489517188426400240e-01	6.087219208110089541e-01	6.645761381287309533e-01	5.748401034333779913e-01	4.534684963137439739e-01	6.774016619829940078e-01	5.941366248514022841e-01	5.941366248514022841e-01	5.941366248514022841e-01	5.941366248514022841e-01	5.654698049893860379e-01	5.703033321099549857e-01	6.460213396712169986e-01	6.275768614603780549e-01	5.941366248514022841e-01	6.425504594462909669e-01	5.383537698759900403e-01	5.941366248514022841e-01	5.881089759766710001e-01	5.941366248514022841e-01	5.536306862954679664e-01
6.734904738391089829e-01	5.534376893417449761e-01	5.941366248514022841e-01	5.941366248514022841e-01	5.941366248514022841e-01	5.649751923437319467e-01	7.944672815611270034e-01	1.000000000000000000e+00	7.678531699198439808e-01	5.941366248514022841e-01	7.179320405117299853e-01	4.559304757264620034e-01	5.941366248514022841e-01	5.941366248514022841e-01	5.941366248514022841e-01	6.808559614690470330e-01	6.503729781966509638e-01	3.438305031654450006e-01	5.941366248514022841e-01	5.941366248514022841e-01	5.941366248514022841e-01	6.333524779629829959e-01	5.941366248514022841e-01	5.941366248514022841e-01	5.941366248514022841e-01	6.408088757450569606e-01	6.387706200750530305e-01	6.676500173235320190e-01	5.938217082652490486e-01	5.941366248514022841e-01	6.132875279922209710e-01	5.941366248514022841e-01	6.320764345228819803e-01	6.136440161300029672e-01	6.797025755476010511e-01	5.941366248514022841e-01	5.941366248514022841e-01	5.941366248514022841e-01	5.941366248514022841e-01	6.761385567823799958e-01	6.676682752152559575e-01	6.109691323145759467e-01	5.941366248514022841e-01	5.941366248514022841e-01	5.941366248514022841e-01	5.941366248514022841e-01	5.941366248514022841e-01	6.548076467759299524e-01	6.694553960316530494e-01	5.941366248514022841e-01	5.902921974458380516e-01	6.048350142575590338e-01	6.595746012261110014e-01	5.941366248514022841e-01	5.941366248514022841e-01	5.837866824331809923e-01	5.941366248514022841e-01	5.941366248514022841e-01	6.154001163670209662e-01	6.483486245096800049e-01	5.921919570624349927e-01	4.991622604784790029e-01	5.941366248514022841e-01	5.941366248514022841e-01	6.739234208022250039e-01	5.941366248514022841e-01	6.572654319077180229e-01	5.941366248514022841e-01	5.941366248514022841e-01	6.503818708484350175e-01	5.941366248514022841e-01	6.754363104272920193e-01	5.941366248514022841e-01	7.030354172419890357e-01	5.941366248514022841e-01	5.941366248514022841e-01	6.359209932475899940e-01	6.102594701078839501e-01	6.191093811918000345e-01	5.941366248514022841e-01	6.607525537445859687e-01	5.941366248514022841e-01	5.941366248514022841e-01	5.941366248514022841e-01	5.941366248514022841e-01	6.085846052594060529e-01	5.941366248514022841e-01	5.941366248514022841e-01	5.941366248514022841e-01	5.941366248514022841e-01	5.416060506443409750e-01	5.941366248514022841e-01	5.941366248514022841e-01	6.369434754796949871e-01	6.217858960269530000e-01	5.941366248514022841e-01	5.941366248514022841e-01	5.941366248514022841e-01	6.317481078205430256e-01	5.941366248514022841e-01	7.005453553037479519e-01	5.941366248514022841e-01	6.697941614413910338e-01	5.941366248514022841e-01	5.941366248514022841e-01	5.941366248514022841e-01	5.941366248514022841e-01	5.941366248514022841e-01	5.941366248514022841e-01	6.237230481844050489e-01	5.941366248514022841e-01	5.941366248514022841e-01	5.941366248514022841e-01	5.941366248514022841e-01	5.160116858517439509e-01	5.941366248514022841e-01	5.941366248514022841e-01	6.866476209526669594e-01	7.014511181503939596e-01	5.911200654572790203e-01	5.698824066667319554e-01	5.941366248514022841e-01	5.941366248514022841e-01	6.035792875784079525e-01
7.600555996296619599e-01	4.976936210989639786e-01	5.941366248514022841e-01	5.941366248514022841e-01	5.941366248514022841e-01	5.941366248514022841e-01	7.029441030180380023e-01	7.678531699198439808e-01	1.000000000000000000e+00	5.941366248514022841e-01	8.157227168713669929e-01	5.941366248514022841e-01	7.692402767730710522e-01	5.941366248514022841e-01	7.165296767051699822e-01	7.306325145935189669e-01	5.941366248514022841e-01	3.643851732656390174e-01	5.941366248514022841e-01	5.941366248514022841e-01	5.941366248514022841e-01	7.332896756301250374e-01	5.941366248514022841e-01	7.293549148720489539e-01	7.891838806385319538e-01	7.359917207904670411e-01	5.941366248514022841e-01	5.941366248514022841e-01	6.860845373676770498e-01	7.467160339242909783e-01	6.833507821032429597e-01	7.055632710516229755e-01	5.941366248514022841e-01	5.941366248514022841e-01	7.098062802992589626e-01	5.941366248514022841e-01	5.941366248514022841e-01	5.941366248514022841e-01	7.195092915572399717e-01	5.941366248514022841e-01	6.857891033559520011e-01	6.292179549945500217e-01	7.603310451720139973e-01	5.941366248514022841e-01	5.941366248514022841e-01	4.948065017204130167e-01	5.941366248514022841e-01	5.941366248514022841e-01	5.941366248514022841e-01	5.941366248514022841e-01	7.266076874068020386e-01	5.941366248514022841e-01	7.133038983235050479e-01	6.926447937141599898e-01	5.941366248514022841e-01	5.941366248514022841e-01	5.941366248514022841e-01	5.941366248514022841e-01	5.941366248514022841e-01	5.941366248514022841e-01	5.941366248514022841e-01	5.941366248514022841e-01	6.655536864869769920e-01	2.637443484233010227e-01	5.941366248514022841e-01	5.941366248514022841e-01	5.941366248514022841e-01	6.661135815633389967e-01	5.941366248514022841e-01	6.434252248602260194e-01	6.945652428341350104e-01	5.941366248514022841e-01	6.943088756239820247e-01	5.941366248514022841e-01	3.582029186121519770e-01	5.664835659197640094e-01	6.930758389994889912e-01	7.315221644326790340e-01	5.941366248514022841e-01	7.120565997929589885e-01	7.624965023495110517e-01	5.941366248514022841e-01	5.941366248514022841e-01	5.941366248514022841e-01	6.906729905522870361e-01	7.154968219059699708e-01	7.124315342793410277e-01	5.941366248514022841e-01	1.000000000000000021e-03	5.941366248514022841e-01	5.875784927842869765e-01	5.835552459027140149e-01	5.941366248514022841e-01	5.941366248514022841e-01	7.185114376730260544e-01	6.714262953586049854e-01	5.941366248514022841e-01	7.171765808294769950e-01	5.941366248514022841e-01	7.725341435520109989e-01	7.834641301976169592e-01	4.843640539544880053e-01	5.941366248514022841e-01	6.793123557135569701e-01	7.523886494130319624e-01	7.108503592605239785e-01	5.941366248514022841e-01	5.941366248514022841e-01	6.464366283619750186e-01	6.331446752137970257e-01	6.490981424663510024e-01	5.941366248514022841e-01	6.401433232591270395e-01	5.941366248514022841e-01	5.941366248514022841e-01	6.945082641636179943e-01	7.005118310021219985e-01	5.941366248514022841e-01	7.871847678237160473e-01	7.051196388570950546e-01	5.941366248514022841e-01	5.941366248514022841e-01	5.941366248514022841e-01	7.145973486819310327e-01
5.941366248514022841e-01	6.229261705202769894e-01	6.814054368916030446e-01	6.256405716754519508e-01	6.724644885248729498e-01	6.266765136018089821e-01	6.752654792890639968e-01	5.941366248514022841e-01	5.941366248514022841e-01	1.000000000000000000e+00	6.593581950065140473e-01	5.941366248514022841e-01	6.134510674189760371e-01	3.358663059608469892e-01	5.058474314361689483e-01	5.941366248514022841e-01	5.941366248514022841e-01	4.582616847546540084e-01	5.416208616746309712e-01	5.303136916891929564e-01	5.941366248514022841e-01	5.008098171270269905e-01	6.975727351157889888e-01	5.941366248514022841e-01	6.890929949104289687e-01	5.453028031000100029e-01	5.496444524994760217e-01	5.941366248514022841e-01	4.654161566644179904e-01	6.285171735598209519e-01	6.370784787974680397e-01	4.712271601151880041e-01	4.629979047727900143e-01	6.288868136856280433e-01	5.336815597046530302e-01	5.941366248514022841e-01	5.943009438929549582e-01	6.350216984550239863e-01	5.941366248514022841e-01	5.941366248514022841e-01	5.941366248514022841e-01	5.941366248514022841e-01	5.941366248514022841e-01	5.941366248514022841e-01	4.791176612194030238e-01	5.646894417899880336e-01	5.941366248514022841e-01	5.941366248514022841e-01	5.941366248514022841e-01	5.941366248514022841e-01	5.941366248514022841e-01	5.941366248514022841e-01	5.941366248514022841e-01	4.836724717748980273e-01	5.941366248514022841e-01	6.691899969761040401e-01	5.081697682269520344e-01	5.108099852455330048e-01	5.941366248514022841e-01	5.941366248514022841e-01	5.941366248514022841e-01	5.941366248514022841e-01	5.941366248514022841e-01	3.552495846063309926e-01	7.207351527262120250e-01	5.941366248514022841e-01	5.941366248514022841e-01	5.941366248514022841e-01	5.258730156909250386e-01	5.941366248514022841e-01	4.694843058859269891e-01	5.941366248514022841e-01	4.541603574092010209e-01	5.488108843119380298e-01	3.896373068037299880e-01	5.941366248514022841e-01	5.941366248514022841e-01	5.087920161382279982e-01	6.637179908407609963e-01	5.168731703620059736e-01	5.941366248514022841e-01	4.837948330112070150e-01	5.941366248514022841e-01	5.941366248514022841e-01	5.074060365885649793e-01	4.839304586456910084e-01	5.015190459009469803e-01	4.498404095803310021e-01	5.941366248514022841e-01	7.124217932243720464e-01	5.941366248514022841e-01	5.941366248514022841e-01	5.941366248514022841e-01	4.884842670764479866e-01	5.941366248514022841e-01	5.941366248514022841e-01	6.286675822696640159e-01	5.941366248514022841e-01	5.004436042519160299e-01	5.941366248514022841e-01	5.918560236359799998e-01	5.941366248514022841e-01	5.941366248514022841e-01	5.941366248514022841e-01	5.941366248514022841e-01	5.941366248514022841e-01	5.941366248514022841e-01	4.566292148362099956e-01	5.941366248514022841e-01	5.941366248514022841e-01	5.941366248514022841e-01	5.941366248514022841e-01	6.500307035403439793e-01	5.941366248514022841e-01	6.547315487729039596e-01	5.941366248514022841e-01	5.941366248514022841e-01	5.522056110762399994e-01	5.941366248514022841e-01	4.813468978772780238e-01	5.941366248514022841e-01	5.941366248514022841e-01	4.098086885684150138e-01	4.913109845895459737e-01
8.252020191593339993e-01	5.068859686741240544e-01	5.941366248514022841e-01	5.941366248514022841e-01	8.297956717116830028e-01	6.683487374964719452e-01	5.941366248514022841e-01	7.179320405117299853e-01	8.157227168713669929e-01	6.593581950065140473e-01	1.000000000000000000e+00	5.941366248514022841e-01	8.044416822318090077e-01	5.941366248514022841e-01	5.941366248514022841e-01	7.347650263062129872e-01	7.129041353590740426e-01	2.797331067330969812e-01	7.917075030849319850e-01	5.941366248514022841e-01	4.676711574148180173e-01	8.190644181739490381e-01	6.263766847797339610e-01	5.941366248514022841e-01	7.839516939858830469e-01	8.067272532617899561e-01	8.027111750413949975e-01	7.315621741226250307e-01	7.380172183979819556e-01	5.941366248514022841e-01	5.941366248514022841e-01	5.941366248514022841e-01	7.232623654639429578e-01	7.205233087301989858e-01	5.941366248514022841e-01	5.941366248514022841e-01	7.816451447521289841e-01	5.941366248514022841e-01	5.941366248514022841e-01	7.975474097966830378e-01	7.656410934156410164e-01	5.941366248514022841e-01	5.941366248514022841e-01	7.532532923049849449e-01	5.941366248514022841e-01	4.512974037490540269e-01	5.941366248514022841e-01	5.941366248514022841e-01	5.941366248514022841e-01	6.209108354024940324e-01	5.941366248514022841e-01	7.663166197705589822e-01	5.941366248514022841e-01	5.941366248514022841e-01	5.941366248514022841e-01	5.941366248514022841e-01	5.941366248514022841e-01	8.211837890759999814e-01	7.225951515838370254e-01	8.151262266444939675e-01	5.941366248514022841e-01	4.953954522458000054e-01	7.283633241955219662e-01	5.941366248514022841e-01	7.557808470824990410e-01	5.941366248514022841e-01	5.941366248514022841e-01	5.941366248514022841e-01	7.495187922226750343e-01	5.941366248514022841e-01	5.941366248514022841e-01	7.777858346646260301e-01	5.941366248514022841e-01	7.108552190281649530e-01	3.199988409677609891e-01	5.941366248514022841e-01	7.442747632979269667e-01	5.941366248514022841e-01	6.452886089916789469e-01	5.941366248514022841e-01	8.081790599785210194e-01	5.941366248514022841e-01	7.386279738307159892e-01	4.988449952550679800e-01	5.941366248514022841e-01	8.068982430904340086e-01	7.836516188359370361e-01	6.901018880539150357e-01	1.000000000000000021e-03	6.218666675937329913e-01	5.941366248514022841e-01	5.402119274852339448e-01	5.941366248514022841e-01	7.271493441369359934e-01	8.093678389128280415e-01	5.941366248514022841e-01	5.941366248514022841e-01	7.930346849535480080e-01	8.197310369252680529e-01	5.941366248514022841e-01	8.537980288355699887e-01	5.941366248514022841e-01	5.941366248514022841e-01	6.448520146871690173e-01	5.941366248514022841e-01	7.662485164745229671e-01	5.941366248514022841e-01	5.911483546117149990e-01	6.153664596680840093e-01	5.941366248514022841e-01	7.317572527001769966e-01	5.941366248514022841e-01	5.941366248514022841e-01	5.941366248514022841e-01	5.941366248514022841e-01	5.941366248514022841e-01	5.941366248514022841e-01	8.319428102788719581e-01	8.201402395846979498e-01	5.941366248514022841e-01	5.254561438942340068e-01	7.460475851270079728e-01	5.941366248514022841e-01	5.941366248514022841e-01
3.285938886505569978e-01	5.941366248514022841e-01	6.954204840622609796e-01	4.291924380864819977e-01	5.941366248514022841e-01	4.881771261632419923e-01	5.941366248514022841e-01	4.559304757264620034e-01	5.941366248514022841e-01	5.941366248514022841e-01	5.941366248514022841e-01	1.000000000000000000e+00	4.659191577855960054e-01	5.941366248514022841e-01	5.941366248514022841e-01	5.941366248514022841e-01	4.448523775340330055e-01	5.941366248514022841e-01	3.228775762131489979e-01	2.794903367989099996e-01	5.868518656260109934e-01	5.941366248514022841e-01	5.941366248514022841e-01	6.137614928833760031e-01	4.264139921157010238e-01	3.082679588546199945e-01	3.223416323537769967e-01	4.491336353000690007e-01	2.386054602714040018e-01	4.495022484428090048e-01	4.501080444600549790e-01	5.941366248514022841e-01	2.339566532641980112e-01	5.941366248514022841e-01	5.941366248514022841e-01	5.941366248514022841e-01	5.941366248514022841e-01	5.941366248514022841e-01	5.941366248514022841e-01	4.678374439029650000e-01	5.941366248514022841e-01	5.941366248514022841e-01	5.941366248514022841e-01	2.438445800412779862e-01	5.941366248514022841e-01	6.429371436126589678e-01	5.941366248514022841e-01	5.941366248514022841e-01	5.941366248514022841e-01	7.198094099655959477e-01	5.941366248514022841e-01	5.941366248514022841e-01	5.941366248514022841e-01	5.941366248514022841e-01	5.941366248514022841e-01	6.521895991356819744e-01	2.487476765933850087e-01	5.941366248514022841e-01	5.941366248514022841e-01	5.941366248514022841e-01	5.941366248514022841e-01	5.941366248514022841e-01	5.941366248514022841e-01	5.941366248514022841e-01	5.941366248514022841e-01	5.941366248514022841e-01	4.556375734340579742e-01	7.196716351564710346e-01	3.000199221733459987e-01	5.941366248514022841e-01	2.758324792499720068e-01	2.594043378309749959e-01	5.941366248514022841e-01	2.960002806936870012e-01	5.843656754077249937e-01	6.588039781024289665e-01	2.560916311626559860e-01	5.941366248514022841e-01	6.117507139498550295e-01	2.857951575408370082e-01	3.236112529684280203e-01	2.562667688785180142e-01	5.941366248514022841e-01	5.941366248514022841e-01	5.941366248514022841e-01	2.661388464451330260e-01	2.648248072783089824e-01	5.941366248514022841e-01	5.941366248514022841e-01	5.801819426406989999e-01	6.282680040628719764e-01	5.941366248514022841e-01	5.941366248514022841e-01	5.941366248514022841e-01	2.737060631380879849e-01	2.293748969335620003e-01	3.991138573145299739e-01	2.576510512291569910e-01	5.941366248514022841e-01	5.941366248514022841e-01	5.941366248514022841e-01	5.941366248514022841e-01	2.708932329422980012e-01	5.941366248514022841e-01	2.993274521917039799e-01	5.941366248514022841e-01	5.941366248514022841e-01	5.941366248514022841e-01	5.941366248514022841e-01	2.100770050500880004e-01	2.135085191880989886e-01	3.937773318313150250e-01	4.954936787976150225e-01	5.941366248514022841e-01	8.234549999323460545e-01	5.941366248514022841e-01	2.927621261313340106e-01	5.941366248514022841e-01	3.900744097162749946e-01	2.583283326496930155e-01	5.939841177083560186e-01	2.582117983330030064e-01	2.302877915621709959e-01	2.778291240915909954e-01
