1.000000000000000000e+00	5.175118264410156765e-01	5.175118264410156765e-01	7.254965288400190282e-01	4.341498362413109824e-01	5.175118264410156765e-01	5.175118264410156765e-01	5.935526861071790394e-01	5.175118264410156765e-01	5.227844941051740246e-01	7.243107863100679555e-01	5.175118264410156765e-01	5.175118264410156765e-01	6.832648563674690312e-01	6.016173831843020237e-01	8.157283206195869996e-01	5.175118264410156765e-01	5.175118264410156765e-01	7.819095560968839509e-01	6.727935011811430055e-01	5.175118264410156765e-01	5.175118264410156765e-01	6.789140853793089736e-01	7.826637591530459792e-01	6.320570650614529828e-01	5.175118264410156765e-01	1.857752000627390099e-01	5.175118264410156765e-01	7.260957859046389684e-01	6.484656889086100051e-01	5.175118264410156765e-01	5.175118264410156765e-01	7.977981462688740200e-01	5.175118264410156765e-01	5.175118264410156765e-01	5.175118264410156765e-01	7.017660076063509944e-01	5.175118264410156765e-01	1.182828386160360012e-01	5.175118264410156765e-01	7.686390364260450303e-01	5.175118264410156765e-01	6.863961728999989909e-01	5.175118264410156765e-01	5.395919060498080011e-01	5.175118264410156765e-01	5.175118264410156765e-01	5.175118264410156765e-01	5.175118264410156765e-01	5.175118264410156765e-01	5.175118264410156765e-01	6.863227503893739589e-01	7.393617577152089559e-01	5.175118264410156765e-01	5.175118264410156765e-01	5.175118264410156765e-01	5.175118264410156765e-01	7.674784351655989934e-01	7.755340147674060214e-01	5.175118264410156765e-01	5.175118264410156765e-01	4.938275954446739724e-01	6.851046853613079746e-01	5.175118264410156765e-01	5.202713731730510549e-01	1.120682875255129968e-01	5.175118264410156765e-01	6.497833644346459603e-02	5.175118264410156765e-01	2.072511417857859917e-01	7.666098411697890302e-01	3.426781967828830266e-01	7.744539944778540130e-01	5.175118264410156765e-01	6.826812756494650136e-01	5.175118264410156765e-01	5.175118264410156765e-01	7.377261457420269952e-01	5.175118264410156765e-01	5.175118264410156765e-01	5.175118264410156765e-01	2.895343991545359930e-01	5.175118264410156765e-01	2.612045643459440236e-01	6.885409985046869741e-01	5.175118264410156765e-01	7.211532387931000043e-01	6.986689760132609450e-01	5.175118264410156765e-01	5.175118264410156765e-01	7.193990442846209810e-01	5.175118264410156765e-01	6.983543977502140176e-01	6.770314243464420345e-01	4.126007892466819760e-01	5.175118264410156765e-01	6.914472868818839491e-01	5.175118264410156765e-01	6.935117203803220151e-03	5.175118264410156765e-01	5.175118264410156765e-01	6.905813061730829983e-01	5.175118264410156765e-01	5.175118264410156765e-01	7.490024299042320477e-01	5.175118264410156765e-01	7.321701915903949809e-01	7.007015271167970072e-01	7.994957844822420112e-01	7.092676712011629636e-01	6.683171824205069722e-01	6.191250025464020146e-01	5.175118264410156765e-01	5.175118264410156765e-01	7.714457420843280344e-01	5.175118264410156765e-01	5.175118264410156765e-01	7.636513643991810207e-01	7.678977100194389616e-01	7.156626353499739857e-01	7.478848335259460356e-01	5.175118264410156765e-01	6.789026612326629628e-01	6.712756912809699772e-01
5.175118264410156765e-01	1.000000000000000000e+00	7.146718731509189571e-01	5.175118264410156765e-01	5.175118264410156765e-01	5.175118264410156765e-01	6.386683497488350181e-01	5.175118264410156765e-01	5.175118264410156765e-01	5.166088641646889856e-01	7.110099721308099641e-01	7.187865417608020335e-01	5.175118264410156765e-01	5.175118264410156765e-01	5.175118264410156765e-01	7.986980706953930031e-01	7.641268499913990153e-01	5.175118264410156765e-01	7.705466166383320159e-01	6.588725714215589724e-01	6.696818956107030152e-01	7.669976955460070522e-01	5.175118264410156765e-01	5.175118264410156765e-01	5.175118264410156765e-01	5.175118264410156765e-01	5.175118264410156765e-01	5.175118264410156765e-01	5.175118264410156765e-01	5.175118264410156765e-01	5.175118264410156765e-01	5.175118264410156765e-01	5.175118264410156765e-01	4.434884355028230196e-01	5.175118264410156765e-01	6.619276896899829454e-01	5.175118264410156765e-01	5.175118264410156765e-01	1.161327150835280014e-01	7.112719435338720197e-01	7.575851603801120326e-01	5.175118264410156765e-01	5.175118264410156765e-01	5.175118264410156765e-01	5.356105378289479635e-01	7.329999438430220282e-01	5.175118264410156765e-01	5.175118264410156765e-01	6.898825042176659483e-01	5.175118264410156765e-01	5.175118264410156765e-01	6.799596415904709534e-01	5.175118264410156765e-01	5.175118264410156765e-01	5.175118264410156765e-01	5.175118264410156765e-01	6.864355785494640205e-01	7.561096817712099627e-01	5.175118264410156765e-01	6.709607038666159928e-01	5.175118264410156765e-01	4.862123985937710224e-01	6.786102729968489511e-01	5.867121894194740062e-01	5.121140838228519510e-01	1.119617292427800004e-01	5.175118264410156765e-01	6.419641848905449644e-02	7.211256508052710235e-01	5.175118264410156765e-01	5.175118264410156765e-01	3.352880273970310077e-01	5.175118264410156765e-01	7.435749637020250269e-01	6.728520611567679888e-01	6.949744146055060190e-01	5.175118264410156765e-01	7.253794832573829954e-01	5.175118264410156765e-01	5.175118264410156765e-01	5.175118264410156765e-01	5.175118264410156765e-01	5.175118264410156765e-01	2.598503971888729835e-01	5.175118264410156765e-01	5.175118264410156765e-01	7.076981173076329901e-01	5.175118264410156765e-01	1.000000000000000021e-03	5.175118264410156765e-01	5.175118264410156765e-01	7.393946275371300336e-01	5.175118264410156765e-01	6.683127436342070071e-01	5.175118264410156765e-01	6.808006479895639673e-01	5.175118264410156765e-01	6.843530845518149830e-01	6.871244143032140261e-03	7.303531263597470291e-01	4.504112199709690012e-01	6.797432132471999955e-01	6.654205654789300262e-01	5.963934272533339964e-01	5.175118264410156765e-01	5.175118264410156765e-01	5.175118264410156765e-01	5.175118264410156765e-01	7.909765444038070470e-01	5.175118264410156765e-01	5.175118264410156765e-01	5.175118264410156765e-01	6.735398639830779688e-01	5.175118264410156765e-01	7.575759981220639983e-01	5.175118264410156765e-01	5.175118264410156765e-01	5.175118264410156765e-01	7.577612576955810031e-01	7.053429083314319836e-01	5.175118264410156765e-01	5.175118264410156765e-01	6.705632245138889447e-01	5.175118264410156765e-01
5.175118264410156765e-01	7.146718731509189571e-01	1.000000000000000000e+00	5.175118264410156765e-01	5.175118264410156765e-01	5.175118264410156765e-01	5.175118264410156765e-01	5.528609581270570450e-01	5.175118264410156765e-01	4.905891070089329897e-01	5.175118264410156765e-01	5.175118264410156765e-01	5.175118264410156765e-01	5.175118264410156765e-01	5.598096680299869954e-01	7.529532282222319850e-01	7.213908527348019684e-01	6.704978382068069731e-01	5.175118264410156765e-01	6.275655552646950408e-01	6.313502420584770070e-01	5.175118264410156765e-01	5.175118264410156765e-01	7.324135130312080522e-01	5.175118264410156765e-01	5.175118264410156765e-01	5.175118264410156765e-01	3.847568015339289937e-01	6.726374809536309618e-01	5.175118264410156765e-01	6.239983063351800530e-01	7.328493945191479897e-01	7.410390656815030175e-01	4.229973910132879822e-01	7.205241361425199775e-01	5.175118264410156765e-01	5.175118264410156765e-01	6.897582200481829906e-01	1.116636782561129942e-01	6.732300182554690204e-01	5.175118264410156765e-01	5.175118264410156765e-01	6.417275244188329619e-01	2.527352821356559920e-01	5.060912472089700298e-01	5.175118264410156765e-01	5.175118264410156765e-01	5.175118264410156765e-01	5.175118264410156765e-01	6.576369647700960330e-01	6.168275836602510331e-01	5.175118264410156765e-01	5.175118264410156765e-01	7.031178878444760416e-01	2.603330818105630273e-01	5.175118264410156765e-01	5.175118264410156765e-01	7.133407185722060451e-01	5.175118264410156765e-01	5.175118264410156765e-01	6.697732431504600514e-01	5.175118264410156765e-01	6.418655846541519994e-01	5.570714602771540402e-01	4.836349690710199933e-01	5.175118264410156765e-01	6.713067149291359614e-01	5.175118264410156765e-01	5.175118264410156765e-01	1.936690708919679982e-01	7.108840612498019684e-01	5.175118264410156765e-01	7.189919706166280067e-01	5.175118264410156765e-01	5.175118264410156765e-01	5.175118264410156765e-01	5.175118264410156765e-01	5.175118264410156765e-01	5.175118264410156765e-01	5.175118264410156765e-01	5.675342610075799765e-01	5.175118264410156765e-01	4.649593417007830132e-01	5.175118264410156765e-01	5.175118264410156765e-01	5.175118264410156765e-01	6.698105930611280012e-01	6.509078509912640254e-01	5.175118264410156765e-01	5.175118264410156765e-01	6.678806758069379956e-01	6.921732841718809537e-01	6.523514513053639829e-01	6.320278931171540160e-01	5.175118264410156765e-01	5.175118264410156765e-01	6.450399092700459525e-01	6.438014821108489771e-01	6.607449706374699666e-03	6.899145151588199631e-01	5.175118264410156765e-01	5.175118264410156765e-01	5.175118264410156765e-01	5.683534397294780494e-01	6.942494448101149684e-01	6.839372026603049992e-01	6.815749849609490374e-01	6.551421772333280158e-01	5.175118264410156765e-01	5.175118264410156765e-01	6.166987738668709973e-01	5.727758638992710427e-01	5.175118264410156765e-01	7.269875936050409493e-01	5.175118264410156765e-01	7.096852419633510323e-01	5.175118264410156765e-01	7.144369306699329680e-01	7.166629298313049734e-01	5.175118264410156765e-01	6.912363936629090100e-01	7.053641788486130215e-01	5.175118264410156765e-01	5.175118264410156765e-01
7.254965288400190282e-01	5.175118264410156765e-01	5.175118264410156765e-01	1.000000000000000000e+00	4.136119415015029888e-01	6.737471812719330044e-01	5.175118264410156765e-01	5.586629515005130386e-01	4.678323308259410007e-01	4.876625360214850158e-01	6.732759427680640174e-01	5.175118264410156765e-01	5.175118264410156765e-01	5.175118264410156765e-01	5.682077503160649634e-01	7.581793082292950237e-01	5.175118264410156765e-01	6.734009033609750228e-01	5.175118264410156765e-01	5.175118264410156765e-01	6.341260453711690115e-01	5.175118264410156765e-01	6.358351138811300096e-01	7.323424661669239999e-01	5.961177493950140516e-01	6.193095659585550194e-01	5.175118264410156765e-01	5.175118264410156765e-01	6.755098071898300027e-01	5.175118264410156765e-01	5.175118264410156765e-01	5.175118264410156765e-01	7.443704105300119611e-01	4.302556352592210032e-01	7.298112360121159492e-01	5.175118264410156765e-01	5.175118264410156765e-01	5.175118264410156765e-01	5.175118264410156765e-01	6.784062277239719663e-01	7.164894298406819795e-01	5.175118264410156765e-01	6.439749231948580510e-01	5.175118264410156765e-01	5.055573742637650136e-01	6.962946157170449846e-01	5.081321373381589845e-01	5.175118264410156765e-01	5.175118264410156765e-01	6.650905187679100328e-01	5.175118264410156765e-01	6.445216061134909635e-01	6.888494044613630019e-01	5.175118264410156765e-01	5.175118264410156765e-01	6.986772255459100522e-01	6.504852826881579730e-01	5.175118264410156765e-01	5.175118264410156765e-01	6.374584376017430332e-01	6.655257311438359524e-01	4.653842821778810257e-01	5.175118264410156765e-01	5.175118264410156765e-01	5.175118264410156765e-01	5.175118264410156765e-01	6.746363268833149851e-01	5.175118264410156765e-01	6.830063168222160197e-01	1.960415583892670122e-01	5.175118264410156765e-01	3.225564312558429902e-01	5.175118264410156765e-01	5.175118264410156765e-01	6.397561097017370191e-01	6.600293935423859892e-01	5.175118264410156765e-01	5.175118264410156765e-01	6.340601524403649547e-01	5.175118264410156765e-01	5.175118264410156765e-01	5.175118264410156765e-01	4.684128741446529909e-01	5.175118264410156765e-01	6.464353038295660436e-01	2.585407548521910237e-01	5.175118264410156765e-01	5.175118264410156765e-01	5.175118264410156765e-01	5.175118264410156765e-01	6.682414212785090513e-01	6.928265890264220239e-01	5.175118264410156765e-01	5.175118264410156765e-01	3.872349282651589841e-01	6.497952589783879684e-01	5.175118264410156765e-01	5.175118264410156765e-01	6.867193077526790278e-03	6.952530359941679894e-01	5.175118264410156765e-01	6.448492784783139697e-01	5.175118264410156765e-01	5.660535745350180337e-01	5.175118264410156765e-01	5.175118264410156765e-01	5.175118264410156765e-01	6.601686811821629863e-01	5.175118264410156765e-01	6.598729931153850536e-01	6.244340029185729835e-01	5.782356836000449585e-01	6.403515323615329713e-01	7.328488834377959726e-01	5.175118264410156765e-01	7.108054912530390457e-01	5.175118264410156765e-01	7.149291748286310533e-01	5.175118264410156765e-01	6.734290942631819821e-01	6.991742955136039939e-01	5.175118264410156765e-01	5.175118264410156765e-01	5.175118264410156765e-01
4.341498362413109824e-01	5.175118264410156765e-01	5.175118264410156765e-01	4.136119415015029888e-01	9.999999999999900080e-01	4.035421711339299833e-01	3.696893308798789857e-01	3.465899444963850273e-01	5.175118264410156765e-01	5.175118264410156765e-01	5.175118264410156765e-01	5.175118264410156765e-01	5.175118264410156765e-01	3.922057625624840171e-01	5.175118264410156765e-01	5.175118264410156765e-01	5.175118264410156765e-01	5.175118264410156765e-01	4.417679791090399766e-01	3.799985594120040000e-01	5.175118264410156765e-01	5.175118264410156765e-01	3.876568079865619909e-01	5.175118264410156765e-01	5.175118264410156765e-01	5.175118264410156765e-01	1.181008337855589951e-01	5.175118264410156765e-01	4.104601993174140095e-01	5.175118264410156765e-01	5.175118264410156765e-01	5.175118264410156765e-01	5.175118264410156765e-01	2.670269001595130254e-01	4.358294962102089998e-01	3.816031344309330220e-01	5.175118264410156765e-01	4.139662458726420247e-01	7.509821708335709389e-02	5.175118264410156765e-01	4.326552296674249787e-01	5.175118264410156765e-01	5.175118264410156765e-01	1.630023731877350002e-01	3.151990921806819834e-01	5.175118264410156765e-01	5.175118264410156765e-01	3.850387881033289772e-01	3.981639605519090019e-01	5.175118264410156765e-01	3.755608836969689945e-01	5.175118264410156765e-01	4.188214774617379788e-01	5.175118264410156765e-01	1.708365617327619879e-01	5.175118264410156765e-01	5.175118264410156765e-01	5.175118264410156765e-01	5.175118264410156765e-01	5.175118264410156765e-01	4.037201965776959778e-01	2.924996766164499884e-01	5.175118264410156765e-01	5.175118264410156765e-01	5.175118264410156765e-01	7.438307828690819690e-02	5.175118264410156765e-01	4.395949593909490027e-02	5.175118264410156765e-01	5.175118264410156765e-01	5.175118264410156765e-01	5.175118264410156765e-01	5.175118264410156765e-01	5.175118264410156765e-01	3.869306021498780113e-01	5.175118264410156765e-01	5.175118264410156765e-01	5.175118264410156765e-01	3.837839936564039767e-01	4.115720752978300201e-01	3.495894315064390079e-01	1.783118844651890023e-01	2.897748617237470015e-01	5.175118264410156765e-01	3.860659167989879959e-01	5.175118264410156765e-01	4.059468920740649800e-01	5.175118264410156765e-01	5.175118264410156765e-01	3.654365420637369771e-02	5.175118264410156765e-01	4.175024493051630037e-01	5.175118264410156765e-01	5.175118264410156765e-01	2.458100063565019922e-01	5.175118264410156765e-01	3.905676536861160120e-01	5.175118264410156765e-01	5.597644305106889984e-03	5.175118264410156765e-01	5.175118264410156765e-01	3.847045264380840046e-01	3.857335577629970036e-01	3.422720364067369792e-01	5.175118264410156765e-01	5.175118264410156765e-01	5.175118264410156765e-01	3.999853491362569957e-01	5.175118264410156765e-01	4.011683802909030150e-01	3.798673851801139811e-01	5.175118264410156765e-01	5.175118264410156765e-01	5.175118264410156765e-01	4.341331407620260263e-01	4.298766815701640098e-01	5.175118264410156765e-01	5.175118264410156765e-01	5.175118264410156765e-01	5.175118264410156765e-01	4.209792769076660113e-01	4.295632201176439735e-01	3.908906314187389763e-01	3.758788038420929900e-01
5.175118264410156765e-01	5.175118264410156765e-01	5.175118264410156765e-01	6.737471812719330044e-01	4.035421711339299833e-01	1.000000000000000000e+00	5.175118264410156765e-01	5.550913395369030390e-01	5.175118264410156765e-01	5.175118264410156765e-01	5.175118264410156765e-01	5.175118264410156765e-01	5.175118264410156765e-01	6.337849845326389842e-01	5.175118264410156765e-01	7.483691048406939661e-01	7.162107104153510040e-01	5.175118264410156765e-01	7.226277815594539522e-01	6.228960694412669641e-01	5.175118264410156765e-01	5.175118264410156765e-01	5.175118264410156765e-01	7.241614404834200158e-01	5.932297357340340360e-01	6.099438359319959702e-01	1.766121122401259902e-01	3.865071889561559892e-01	6.659773234358330463e-01	6.035628674469689647e-01	6.227432327265840506e-01	5.175118264410156765e-01	7.377697715459140548e-01	5.175118264410156765e-01	5.175118264410156765e-01	5.175118264410156765e-01	5.175118264410156765e-01	5.175118264410156765e-01	1.096552395000460062e-01	6.724664460445040071e-01	7.094494424678889910e-01	5.175118264410156765e-01	6.344529916217509502e-01	5.175118264410156765e-01	5.175118264410156765e-01	6.876387094980029868e-01	4.995972208035500128e-01	5.175118264410156765e-01	6.488103556505939729e-01	6.503108385123770319e-01	6.128926245775280224e-01	5.175118264410156765e-01	6.801010400625030483e-01	5.175118264410156765e-01	2.583804594712290070e-01	6.909029702025230035e-01	6.465271096391349559e-01	5.175118264410156765e-01	5.175118264410156765e-01	5.175118264410156765e-01	6.585188691241029568e-01	5.175118264410156765e-01	6.369142654760779898e-01	5.463397628550880070e-01	4.765722967253849807e-01	1.069781977531390066e-01	6.693519661155250544e-01	6.080798255985810086e-02	5.175118264410156765e-01	1.925592473042140040e-01	5.175118264410156765e-01	3.175832792423869955e-01	5.175118264410156765e-01	5.175118264410156765e-01	6.302854729118949617e-01	6.520675870039539523e-01	5.175118264410156765e-01	6.797467224112979656e-01	6.269101576074870286e-01	5.175118264410156765e-01	5.595707001117210533e-01	5.175118264410156765e-01	5.175118264410156765e-01	2.434624739098119883e-01	5.175118264410156765e-01	5.175118264410156765e-01	6.648499363873729973e-01	5.175118264410156765e-01	5.175118264410156765e-01	5.175118264410156765e-01	5.175118264410156765e-01	5.175118264410156765e-01	5.175118264410156765e-01	6.323393771520530171e-01	5.175118264410156765e-01	5.175118264410156765e-01	6.378772561238309491e-01	5.175118264410156765e-01	6.672272442916469919e-03	5.175118264410156765e-01	5.175118264410156765e-01	6.421828939599589781e-01	6.230948492352580415e-01	5.597376444601399603e-01	5.175118264410156765e-01	6.832407497421709719e-01	5.175118264410156765e-01	5.175118264410156765e-01	7.373262729455299924e-01	5.175118264410156765e-01	6.154600760307059604e-01	5.753645691679879492e-01	5.175118264410156765e-01	5.175118264410156765e-01	7.081427285830159679e-01	5.175118264410156765e-01	5.175118264410156765e-01	5.175118264410156765e-01	5.175118264410156765e-01	6.599425156225550149e-01	5.175118264410156765e-01	7.001070627429699655e-01	6.278312838016849584e-01	6.166420328967779918e-01
5.175118264410156765e-01	6.386683497488350181e-01	5.175118264410156765e-01	5.175118264410156765e-01	3.696893308798789857e-01	5.175118264410156765e-01	1.000000000000000000e+00	4.997865567985450008e-01	4.281063860771540108e-01	5.175118264410156765e-01	5.175118264410156765e-01	6.068336235615100493e-01	5.175118264410156765e-01	5.695183662601419616e-01	5.175118264410156765e-01	5.175118264410156765e-01	6.467920735495840123e-01	6.026245082526440200e-01	6.559918022036139718e-01	5.175118264410156765e-01	5.175118264410156765e-01	6.489024035945319957e-01	5.175118264410156765e-01	6.559164658479249566e-01	5.175118264410156765e-01	5.573714119794700439e-01	5.175118264410156765e-01	3.517839258200010089e-01	5.175118264410156765e-01	5.175118264410156765e-01	5.591641685650610150e-01	5.175118264410156765e-01	5.175118264410156765e-01	5.175118264410156765e-01	6.476903233016859662e-01	5.663312389368519995e-01	5.838293943154609922e-01	6.173732339550920267e-01	1.026195427582559938e-01	6.071238081767329486e-01	6.407065019606520417e-01	5.565194372705040138e-01	5.175118264410156765e-01	2.293973738921729899e-01	5.175118264410156765e-01	5.175118264410156765e-01	4.600733253403049838e-01	5.630638482381280507e-01	5.869417014874670491e-01	5.175118264410156765e-01	5.175118264410156765e-01	5.175118264410156765e-01	5.175118264410156765e-01	6.266703198292570276e-01	2.361457591273219969e-01	6.264518063762339883e-01	5.895947698803349901e-01	5.175118264410156765e-01	5.175118264410156765e-01	5.708420578132530343e-01	5.175118264410156765e-01	4.227471144564490246e-01	5.795915976662580071e-01	4.981136997104559927e-01	4.392360885133940185e-01	5.175118264410156765e-01	6.011910400806700361e-01	5.175118264410156765e-01	5.175118264410156765e-01	5.175118264410156765e-01	6.389610434716590515e-01	5.175118264410156765e-01	5.175118264410156765e-01	6.299620374351789787e-01	5.175118264410156765e-01	5.175118264410156765e-01	5.803046783647349827e-01	6.166374301506339917e-01	5.658405507430259718e-01	6.062858941050209838e-01	5.136489491801220497e-01	5.175118264410156765e-01	5.175118264410156765e-01	5.175118264410156765e-01	5.175118264410156765e-01	5.175118264410156765e-01	5.175118264410156765e-01	5.878961443814739729e-01	5.175118264410156765e-01	5.175118264410156765e-01	5.175118264410156765e-01	5.175118264410156765e-01	5.877887235125659471e-01	5.676724271345290340e-01	5.175118264410156765e-01	5.175118264410156765e-01	5.820604541834549783e-01	5.804078684705570312e-01	5.175118264410156765e-01	5.175118264410156765e-01	5.175118264410156765e-01	5.175118264410156765e-01	5.674598124959110423e-01	5.175118264410156765e-01	5.175118264410156765e-01	6.158662788868379812e-01	6.142482017007649953e-01	5.175118264410156765e-01	5.175118264410156765e-01	5.175118264410156765e-01	5.175118264410156765e-01	5.169199020743380224e-01	5.768013346881449843e-01	5.175118264410156765e-01	6.390652626731120334e-01	5.175118264410156765e-01	5.175118264410156765e-01	6.369979382938349977e-01	5.175118264410156765e-01	5.938473185618049488e-01	5.175118264410156765e-01	6.333317617835290125e-01	5.175118264410156765e-01	5.587011317586000336e-01
5.935526861071790394e-01	5.175118264410156765e-01	5.528609581270570450e-01	5.586629515005130386e-01	3.465899444963850273e-01	5.550913395369030390e-01	4.997865567985450008e-01	1.000000000000000000e+00	5.175118264410156765e-01	5.175118264410156765e-01	5.175118264410156765e-01	5.175118264410156765e-01	5.175118264410156765e-01	5.250772814794719690e-01	4.728390263258340220e-01	5.175118264410156765e-01	5.921799185122870179e-01	5.504435959123460398e-01	5.175118264410156765e-01	5.190012571817560483e-01	5.152445870934589944e-01	5.918466189018679602e-01	5.175118264410156765e-01	5.175118264410156765e-01	4.854575054920939881e-01	5.175118264410156765e-01	1.489404738212879997e-01	3.245955826131710076e-01	5.497853577383420287e-01	4.960173360516870189e-01	5.117230282828599819e-01	5.993155225577579959e-01	6.067764155801099735e-01	3.555459940489260062e-01	5.175118264410156765e-01	5.146007766585890542e-01	5.391053241357319781e-01	5.175118264410156765e-01	5.175118264410156765e-01	5.175118264410156765e-01	5.848089164585269506e-01	5.175118264410156765e-01	5.220826754737399877e-01	5.175118264410156765e-01	4.187231189446530277e-01	5.712510273294360008e-01	5.175118264410156765e-01	5.175118264410156765e-01	5.175118264410156765e-01	5.387246849963069906e-01	5.099223212402379524e-01	5.252474110789140394e-01	5.175118264410156765e-01	5.175118264410156765e-01	2.192891405882660127e-01	5.175118264410156765e-01	5.175118264410156765e-01	5.175118264410156765e-01	5.950775446767520016e-01	5.175118264410156765e-01	5.175118264410156765e-01	3.813844693573940070e-01	5.175118264410156765e-01	5.175118264410156765e-01	4.016392377221300047e-01	5.175118264410156765e-01	5.175118264410156765e-01	5.175118264410156765e-01	5.175118264410156765e-01	1.641330219649939914e-01	5.873495341151150351e-01	5.175118264410156765e-01	5.175118264410156765e-01	5.175118264410156765e-01	5.206326309070560265e-01	5.414804403106640018e-01	5.283705248161509882e-01	5.175118264410156765e-01	5.158379844834829475e-01	5.175118264410156765e-01	5.175118264410156765e-01	2.266792292454259949e-01	5.175118264410156765e-01	2.118182471991179872e-01	5.265378383629070180e-01	5.175118264410156765e-01	5.530904818668650469e-01	5.175118264410156765e-01	5.175118264410156765e-01	5.175118264410156765e-01	5.175118264410156765e-01	5.175118264410156765e-01	5.342689519048500202e-01	5.175118264410156765e-01	3.215219972454749775e-01	5.175118264410156765e-01	5.279183973627400439e-01	5.175118264410156765e-01	6.196822899642969763e-03	5.712038682964699632e-01	3.562629842863859753e-01	5.291221772620220420e-01	5.175118264410156765e-01	5.175118264410156765e-01	5.175118264410156765e-01	5.647192665763479669e-01	5.175118264410156765e-01	5.393816410330199984e-01	5.175118264410156765e-01	5.175118264410156765e-01	5.175118264410156765e-01	4.726767542802839950e-01	5.175118264410156765e-01	5.981892829623020047e-01	5.175118264410156765e-01	5.820255066556490053e-01	5.852531200513190202e-01	5.175118264410156765e-01	5.882065381456480502e-01	5.175118264410156765e-01	5.175118264410156765e-01	5.175118264410156765e-01	5.175118264410156765e-01	5.175118264410156765e-01
5.175118264410156765e-01	5.175118264410156765e-01	5.175118264410156765e-01	4.678323308259410007e-01	5.175118264410156765e-01	5.175118264410156765e-01	4.281063860771540108e-01	5.175118264410156765e-01	9.999999999999960032e-01	3.516964031844819760e-01	5.175118264410156765e-01	4.669263939108910244e-01	5.175118264410156765e-01	5.175118264410156765e-01	5.175118264410156765e-01	5.172270283111489730e-01	4.968122295550529977e-01	5.175118264410156765e-01	5.175118264410156765e-01	4.397684822180160102e-01	5.175118264410156765e-01	4.975099623778870273e-01	5.175118264410156765e-01	5.175118264410156765e-01	5.175118264410156765e-01	4.265787391322790056e-01	5.175118264410156765e-01	5.175118264410156765e-01	4.676408325049989934e-01	4.211276366972819818e-01	5.175118264410156765e-01	5.020368257733259787e-01	5.105553700738549860e-01	3.014260971653279775e-01	4.944514331485149738e-01	5.175118264410156765e-01	5.175118264410156765e-01	5.175118264410156765e-01	5.175118264410156765e-01	4.666507075419980000e-01	5.175118264410156765e-01	4.326571120688390004e-01	4.433339453994409873e-01	1.850212508184120030e-01	5.175118264410156765e-01	4.811055481447359949e-01	3.574049010905129831e-01	5.175118264410156765e-01	4.558065872892340109e-01	4.617682876755649923e-01	5.175118264410156765e-01	4.390887604111720077e-01	5.175118264410156765e-01	5.175118264410156765e-01	1.881293950423620076e-01	5.175118264410156765e-01	5.175118264410156765e-01	4.901295334018859751e-01	5.175118264410156765e-01	5.175118264410156765e-01	4.545256789976149792e-01	3.289902916422329793e-01	5.175118264410156765e-01	3.846781114615019925e-01	3.438283861247820039e-01	8.188106799047520368e-02	4.613934074989189948e-01	5.175118264410156765e-01	5.175118264410156765e-01	1.441214628967940059e-01	5.175118264410156765e-01	5.175118264410156765e-01	5.175118264410156765e-01	4.795333309356100138e-01	5.175118264410156765e-01	5.175118264410156765e-01	4.415368062237229885e-01	4.791997608898220240e-01	5.175118264410156765e-01	5.175118264410156765e-01	3.963298861132619755e-01	5.175118264410156765e-01	5.175118264410156765e-01	1.805375164296519896e-01	4.454417586131539930e-01	5.175118264410156765e-01	4.619539803505279818e-01	4.512586818708320124e-01	5.175118264410156765e-01	3.854146840000430285e-02	4.636832663574569913e-01	4.757672139834629998e-01	4.499336211003129860e-01	4.357328681426900219e-01	5.175118264410156765e-01	5.175118264410156765e-01	4.444179213415749841e-01	5.175118264410156765e-01	5.811315736274629863e-03	4.783955704677599896e-01	2.979076955654980097e-01	4.388374654581729817e-01	4.364501453449349810e-01	3.959334778724559745e-01	4.784576958485869946e-01	5.175118264410156765e-01	4.667843983795110230e-01	5.175118264410156765e-01	5.122885924410519598e-01	4.562815663617100226e-01	5.175118264410156765e-01	5.175118264410156765e-01	4.391226393759010138e-01	5.175118264410156765e-01	4.905496063578180244e-01	4.898928611629380092e-01	5.175118264410156765e-01	5.175118264410156765e-01	4.931037424174269934e-01	4.596143511786919822e-01	4.775603417737450118e-01	5.175118264410156765e-01	4.376657345116349851e-01	5.175118264410156765e-01
5.227844941051740246e-01	5.166088641646889856e-01	4.905891070089329897e-01	4.876625360214850158e-01	5.175118264410156765e-01	5.175118264410156765e-01	5.175118264410156765e-01	5.175118264410156765e-01	3.516964031844819760e-01	9.999999999999980016e-01	4.900840276683749996e-01	5.175118264410156765e-01	5.102676422015079982e-01	5.175118264410156765e-01	5.175118264410156765e-01	5.430085489038259938e-01	5.235422381329889463e-01	5.175118264410156765e-01	5.281604901660319484e-01	4.535066650626500273e-01	4.577388145568849764e-01	5.175118264410156765e-01	5.175118264410156765e-01	5.175118264410156765e-01	5.175118264410156765e-01	4.501800063768889859e-01	1.372277016535269900e-01	2.925434923510940033e-01	5.175118264410156765e-01	4.416755314371170194e-01	5.175118264410156765e-01	5.272623212871869747e-01	5.175118264410156765e-01	5.175118264410156765e-01	5.172841937538059653e-01	4.567602951835599834e-01	5.175118264410156765e-01	5.175118264410156765e-01	8.786135047014080601e-02	4.908897913293470139e-01	5.175118264410156765e-01	4.478193750264389816e-01	4.664705890081800033e-01	1.912675675816160048e-01	5.175118264410156765e-01	4.998316114243290254e-01	5.175118264410156765e-01	4.541416753972820075e-01	5.175118264410156765e-01	4.817660796869610018e-01	4.522350141794019840e-01	5.175118264410156765e-01	4.987928691340129950e-01	5.059755313902319918e-01	1.953131366780339884e-01	5.023210161946070063e-01	5.175118264410156765e-01	5.151193660685510212e-01	5.175118264410156765e-01	4.605063300062989806e-01	5.175118264410156765e-01	5.175118264410156765e-01	5.175118264410156765e-01	4.065226951776150233e-01	5.175118264410156765e-01	8.416088328318580003e-02	5.175118264410156765e-01	5.029293905838289752e-02	4.917529828983849827e-01	5.175118264410156765e-01	5.175118264410156765e-01	2.410658955099919953e-01	5.235110783876859575e-01	5.175118264410156765e-01	5.175118264410156765e-01	5.175118264410156765e-01	5.175118264410156765e-01	5.175118264410156765e-01	4.632384003253550153e-01	4.873045908903609891e-01	5.175118264410156765e-01	2.015538042292799870e-01	3.422126383005060224e-01	5.175118264410156765e-01	5.175118264410156765e-01	1.994548731248730056e-01	5.175118264410156765e-01	4.717936195558929957e-01	5.175118264410156765e-01	5.175118264410156765e-01	5.175118264410156765e-01	5.175118264410156765e-01	4.812498381516979729e-01	4.589061059081849803e-01	2.838586166370469788e-01	5.175118264410156765e-01	4.643905882335819801e-01	4.701402541090319853e-01	5.175118264410156765e-01	4.999474711679829930e-01	5.175118264410156765e-01	4.616457962354200140e-01	5.175118264410156765e-01	4.125974467938030021e-01	5.175118264410156765e-01	5.175118264410156765e-01	5.175118264410156765e-01	5.175118264410156765e-01	5.175118264410156765e-01	5.175118264410156765e-01	4.508212668420170099e-01	5.175118264410156765e-01	4.647739700431020027e-01	5.175118264410156765e-01	5.175118264410156765e-01	5.175118264410156765e-01	5.175118264410156765e-01	5.175118264410156765e-01	5.175118264410156765e-01	4.797508696273040107e-01	5.012516920402609877e-01	5.118926314259100163e-01	4.595319792341370224e-01	5.175118264410156765e-01
7.243107863100679555e-01	7.110099721308099641e-01	5.175118264410156765e-01	6.732759427680640174e-01	5.175118264410156765e-01	5.175118264410156765e-01	5.175118264410156765e-01	5.175118264410156765e-01	5.175118264410156765e-01	4.900840276683749996e-01	1.000000000000000000e+00	6.783910524216749671e-01	5.175118264410156765e-01	6.376492937346289747e-01	5.175118264410156765e-01	5.175118264410156765e-01	7.209878367545720090e-01	5.175118264410156765e-01	5.175118264410156765e-01	5.175118264410156765e-01	5.175118264410156765e-01	7.228588910719629945e-01	5.175118264410156765e-01	5.175118264410156765e-01	5.175118264410156765e-01	5.175118264410156765e-01	1.756314258348130042e-01	3.869711779956709896e-01	6.716535473908350484e-01	6.002904048985420182e-01	6.229376491878210187e-01	7.311768942283900508e-01	7.441181779230979787e-01	4.260086919398979877e-01	5.175118264410156765e-01	6.211586512732679699e-01	6.564512619804090399e-01	6.916884498402899872e-01	5.175118264410156765e-01	6.748351738869989846e-01	5.175118264410156765e-01	6.114425949965049956e-01	5.175118264410156765e-01	2.484372506683920068e-01	5.056774027167779684e-01	5.175118264410156765e-01	5.175118264410156765e-01	5.175118264410156765e-01	5.175118264410156765e-01	6.619378850185519969e-01	5.175118264410156765e-01	5.175118264410156765e-01	6.862692546444489894e-01	5.175118264410156765e-01	5.175118264410156765e-01	6.968471661382069637e-01	5.175118264410156765e-01	7.108117335402690529e-01	5.175118264410156765e-01	5.175118264410156765e-01	5.175118264410156765e-01	5.175118264410156765e-01	6.405986990985770291e-01	5.175118264410156765e-01	4.792810703010240148e-01	1.055384351546280047e-01	5.175118264410156765e-01	6.077415909996009696e-02	6.786925528369690541e-01	5.175118264410156765e-01	7.169091503502890150e-01	3.223591810230490018e-01	5.175118264410156765e-01	5.175118264410156765e-01	5.175118264410156765e-01	6.553758248050860491e-01	5.175118264410156765e-01	5.175118264410156765e-01	5.175118264410156765e-01	5.175118264410156765e-01	5.659892160460799904e-01	2.720336202600849851e-01	4.642862887737430055e-01	5.175118264410156765e-01	6.388924223295120441e-01	5.175118264410156765e-01	5.175118264410156765e-01	5.175118264410156765e-01	1.000000000000000021e-03	5.175118264410156765e-01	5.175118264410156765e-01	5.175118264410156765e-01	5.175118264410156765e-01	5.175118264410156765e-01	3.890411307934489860e-01	6.418667961647399611e-01	6.416057100648450140e-01	6.430848860990699967e-01	5.175118264410156765e-01	5.175118264410156765e-01	5.175118264410156765e-01	6.410551379833330232e-01	5.175118264410156765e-01	5.175118264410156765e-01	6.938024120669410433e-01	6.849989568238969984e-01	6.836909310701240194e-01	5.175118264410156765e-01	5.175118264410156765e-01	5.175118264410156765e-01	6.214083618384099728e-01	5.175118264410156765e-01	6.349012208930829848e-01	5.175118264410156765e-01	7.144369679070600165e-01	7.088898778938169665e-01	5.175118264410156765e-01	5.175118264410156765e-01	5.175118264410156765e-01	6.641357280428540344e-01	6.887975412712139534e-01	7.069012872236990486e-01	6.300126035713700112e-01	5.175118264410156765e-01
5.175118264410156765e-01	7.187865417608020335e-01	5.175118264410156765e-01	5.175118264410156765e-01	5.175118264410156765e-01	5.175118264410156765e-01	6.068336235615100493e-01	5.175118264410156765e-01	4.669263939108910244e-01	5.175118264410156765e-01	6.783910524216749671e-01	1.000000000000000000e+00	7.106478758067420465e-01	6.374716450125079703e-01	5.718511036073770093e-01	5.175118264410156765e-01	7.255381269806100430e-01	6.763225380765069961e-01	7.364862635857359896e-01	5.175118264410156765e-01	5.175118264410156765e-01	7.263736667447340256e-01	5.175118264410156765e-01	5.175118264410156765e-01	5.175118264410156765e-01	5.175118264410156765e-01	1.773201552549570070e-01	3.864423803836529725e-01	6.790861959436990114e-01	6.106236807583520498e-01	6.316748749697650434e-01	5.175118264410156765e-01	7.481866180986189718e-01	5.175118264410156765e-01	5.175118264410156765e-01	5.175118264410156765e-01	6.604607054599960225e-01	5.175118264410156765e-01	1.114436287858489999e-01	5.175118264410156765e-01	7.234509252052300221e-01	6.169626011888820205e-01	6.462262145244019873e-01	2.543838679688010251e-01	5.175118264410156765e-01	5.175118264410156765e-01	5.175118264410156765e-01	5.175118264410156765e-01	6.607565181794560205e-01	5.175118264410156765e-01	5.175118264410156765e-01	5.175118264410156765e-01	6.914592290853690537e-01	7.075786243647139706e-01	5.175118264410156765e-01	5.175118264410156765e-01	6.546322817902330282e-01	5.175118264410156765e-01	7.290977202369379739e-01	5.175118264410156765e-01	6.706752910935279699e-01	4.680141881940449999e-01	6.455019030051609707e-01	5.540397339632280316e-01	4.909648765332449982e-01	1.065665387937879960e-01	5.175118264410156765e-01	6.251065609763989395e-02	6.839329073069539966e-01	5.175118264410156765e-01	5.175118264410156765e-01	5.175118264410156765e-01	5.175118264410156765e-01	7.035424528223890306e-01	6.393047061912570106e-01	6.667911081207139601e-01	6.493082342909429761e-01	5.175118264410156765e-01	6.419759600165370061e-01	6.806486813930550106e-01	5.690321181416839735e-01	2.722010474312249739e-01	5.175118264410156765e-01	2.476124572866660045e-01	5.175118264410156765e-01	2.595101421221789884e-01	5.175118264410156765e-01	5.175118264410156765e-01	1.000000000000000021e-03	5.175118264410156765e-01	5.175118264410156765e-01	5.175118264410156765e-01	6.565583187399659515e-01	5.175118264410156765e-01	5.175118264410156765e-01	5.175118264410156765e-01	5.175118264410156765e-01	5.175118264410156765e-01	5.175118264410156765e-01	5.175118264410156765e-01	5.175118264410156765e-01	5.175118264410156765e-01	6.325203412534500247e-01	5.689343185225870236e-01	5.175118264410156765e-01	6.908249398711330258e-01	5.175118264410156765e-01	5.175118264410156765e-01	7.491617421888050465e-01	5.175118264410156765e-01	6.244631049239790510e-01	5.175118264410156765e-01	6.400617517200579698e-01	5.175118264410156765e-01	7.186252463332659657e-01	5.175118264410156765e-01	5.175118264410156765e-01	5.175118264410156765e-01	5.175118264410156765e-01	6.759796279780929673e-01	6.969632263037159881e-01	5.175118264410156765e-01	5.175118264410156765e-01	5.175118264410156765e-01
