9.999999999999990008e-01	7.333613081340839557e-01	2.756990562786025278e-01	2.756990562786025278e-01	2.756990562786025278e-01	2.756990562786025278e-01	4.135485844179037640e-01	6.341156655456620106e-01	6.267810014084009840e-01	6.484343835613429752e-01	2.756990562786025278e-01	2.756990562786025278e-01	5.842651850532799562e-01	5.079957188704340432e-01	2.756990562786025278e-01	6.047935520587499614e-01	2.756990562786025278e-01	4.135485844179037640e-01	2.756990562786025278e-01	4.135485844179037640e-01	4.135485844179037640e-01	6.107504010182259746e-01	4.135485844179037640e-01	6.177267545614649746e-01	5.981078345174329902e-01	4.135485844179037640e-01	4.135485844179037640e-01	4.135485844179037640e-01	4.135485844179037640e-01	4.135485844179037640e-01	5.966147606297309558e-01	2.756990562786025278e-01	5.687158938359010429e-01	4.135485844179037640e-01	5.709995925178480425e-01	4.135485844179037640e-01	2.756990562786025278e-01	6.021070927490459468e-01	2.756990562786025278e-01	4.135485844179037640e-01	4.135485844179037640e-01	5.201325657647100087e-01	4.135485844179037640e-01	2.756990562786025278e-01	5.254031448340269472e-01	4.135485844179037640e-01	4.135485844179037640e-01	4.135485844179037640e-01	2.756990562786025278e-01	5.984230501566879523e-01	2.756990562786025278e-01	4.135485844179037640e-01	5.220479578432100087e-01	5.283483188349059612e-01	2.756990562786025278e-01	4.135485844179037640e-01	4.135485844179037640e-01	2.756990562786025278e-01	5.473445045704290468e-01	4.135485844179037640e-01	4.135485844179037640e-01	2.756990562786025278e-01	2.756990562786025278e-01	4.135485844179037640e-01	4.135485844179037640e-01	2.756990562786025278e-01	4.135485844179037640e-01	4.135485844179037640e-01	4.135485844179037640e-01	4.135485844179037640e-01	2.756990562786025278e-01	4.135485844179037640e-01	4.135485844179037640e-01	6.041103943458440151e-01	4.135485844179037640e-01	4.135485844179037640e-01	4.135485844179037640e-01	4.135485844179037640e-01	2.756990562786025278e-01	4.135485844179037640e-01	4.135485844179037640e-01	5.753902297515659514e-01	2.756990562786025278e-01	4.135485844179037640e-01	2.756990562786025278e-01	5.413850238092799971e-01	4.135485844179037640e-01	5.516045150661760266e-01	2.756990562786025278e-01	2.756990562786025278e-01	4.135485844179037640e-01	2.756990562786025278e-01	4.135485844179037640e-01	4.135485844179037640e-01	4.135485844179037640e-01	4.135485844179037640e-01	5.408622239414669908e-01	2.756990562786025278e-01	4.135485844179037640e-01	5.514742452875599499e-01	2.756990562786025278e-01	4.135485844179037640e-01	4.135485844179037640e-01	2.756990562786025278e-01	4.135485844179037640e-01	4.135485844179037640e-01	5.394784120483410161e-01	2.756990562786025278e-01	5.697566479762979919e-01	2.756990562786025278e-01	4.135485844179037640e-01	4.135485844179037640e-01	4.135485844179037640e-01	2.756990562786025278e-01	2.756990562786025278e-01	4.135485844179037640e-01	4.135485844179037640e-01	2.756990562786025278e-01	4.135485844179037640e-01	4.135485844179037640e-01	2.756990562786025278e-01	4.135485844179037640e-01	6.628849920138270013e-01	4.135485844179037640e-01
7.333613081340839557e-01	9.999999999999990008e-01	7.194527112262479873e-01	5.323084762362000344e-01	5.939821430943329483e-01	4.135485844179037640e-01	2.756990562786025278e-01	4.135485844179037640e-01	4.135485844179037640e-01	6.137855611742839557e-01	2.756990562786025278e-01	4.135485844179037640e-01	2.756990562786025278e-01	4.135485844179037640e-01	4.135485844179037640e-01	4.135485844179037640e-01	2.756990562786025278e-01	2.756990562786025278e-01	4.135485844179037640e-01	5.888567915277900244e-01	2.756990562786025278e-01	5.842803285149350545e-01	4.135485844179037640e-01	2.756990562786025278e-01	5.692434319590830016e-01	5.978888229596169834e-01	5.464109348681419620e-01	5.952376082706279936e-01	2.756990562786025278e-01	4.135485844179037640e-01	2.756990562786025278e-01	2.756990562786025278e-01	4.135485844179037640e-01	4.135485844179037640e-01	4.135485844179037640e-01	2.756990562786025278e-01	5.815633692341669603e-01	4.135485844179037640e-01	2.756990562786025278e-01	2.756990562786025278e-01	4.135485844179037640e-01	5.300850117834620123e-01	2.756990562786025278e-01	5.666148496120040345e-01	4.932112230480930060e-01	4.135485844179037640e-01	4.135485844179037640e-01	4.135485844179037640e-01	5.817231730168910264e-01	4.135485844179037640e-01	2.756990562786025278e-01	4.135485844179037640e-01	5.238347071426120438e-01	4.135485844179037640e-01	4.135485844179037640e-01	2.756990562786025278e-01	4.135485844179037640e-01	5.235266936846220132e-01	4.135485844179037640e-01	5.391064165815230291e-01	4.135485844179037640e-01	5.508092939998759929e-01	4.135485844179037640e-01	4.135485844179037640e-01	2.756990562786025278e-01	4.135485844179037640e-01	4.135485844179037640e-01	5.489674269459210443e-01	4.135485844179037640e-01	5.509235898422759625e-01	2.756990562786025278e-01	4.135485844179037640e-01	4.135485844179037640e-01	4.135485844179037640e-01	4.135485844179037640e-01	4.135485844179037640e-01	4.135485844179037640e-01	4.135485844179037640e-01	4.135485844179037640e-01	4.135485844179037640e-01	4.135485844179037640e-01	4.135485844179037640e-01	2.756990562786025278e-01	6.182780878630620425e-01	4.135485844179037640e-01	4.135485844179037640e-01	4.135485844179037640e-01	5.461712047365060441e-01	4.135485844179037640e-01	5.385250399026250134e-01	4.135485844179037640e-01	2.756990562786025278e-01	2.756990562786025278e-01	4.135485844179037640e-01	4.135485844179037640e-01	2.756990562786025278e-01	5.611108618458759967e-01	4.135485844179037640e-01	2.756990562786025278e-01	4.135485844179037640e-01	5.320637582281430022e-01	4.135485844179037640e-01	2.756990562786025278e-01	4.135485844179037640e-01	4.135485844179037640e-01	5.314592178561120539e-01	4.135485844179037640e-01	2.756990562786025278e-01	4.135485844179037640e-01	5.226324496152390253e-01	4.135485844179037640e-01	4.135485844179037640e-01	2.756990562786025278e-01	4.135485844179037640e-01	4.135485844179037640e-01	4.135485844179037640e-01	6.635056905459549847e-01	7.262916560850080083e-01	4.135485844179037640e-01	2.756990562786025278e-01	2.756990562786025278e-01	4.135485844179037640e-01	2.756990562786025278e-01	4.135485844179037640e-01
2.756990562786025278e-01	7.194527112262479873e-01	1.000000000000000000e+00	4.135485844179037640e-01	5.703697954910730283e-01	4.135485844179037640e-01	5.706787301390769951e-01	4.135485844179037640e-01	4.135485844179037640e-01	4.135485844179037640e-01	2.756990562786025278e-01	4.135485844179037640e-01	2.756990562786025278e-01	2.756990562786025278e-01	5.579135286047419706e-01	4.135485844179037640e-01	5.320432927419690428e-01	4.135485844179037640e-01	4.135485844179037640e-01	4.135485844179037640e-01	4.135485844179037640e-01	4.135485844179037640e-01	2.756990562786025278e-01	4.135485844179037640e-01	2.756990562786025278e-01	2.756990562786025278e-01	2.756990562786025278e-01	2.756990562786025278e-01	2.756990562786025278e-01	5.703963290644540329e-01	4.135485844179037640e-01	4.135485844179037640e-01	4.135485844179037640e-01	4.135485844179037640e-01	2.756990562786025278e-01	4.135485844179037640e-01	4.135485844179037640e-01	4.135485844179037640e-01	4.135485844179037640e-01	4.135485844179037640e-01	4.135485844179037640e-01	4.135485844179037640e-01	4.135485844179037640e-01	2.756990562786025278e-01	4.135485844179037640e-01	5.406229778493150118e-01	4.135485844179037640e-01	4.135485844179037640e-01	2.756990562786025278e-01	2.756990562786025278e-01	6.110942282236769829e-01	4.135485844179037640e-01	4.135485844179037640e-01	5.141500060215700163e-01	4.135485844179037640e-01	5.466080141613279819e-01	5.522026373997670490e-01	4.135485844179037640e-01	5.404375008107940026e-01	4.135485844179037640e-01	4.135485844179037640e-01	4.135485844179037640e-01	4.135485844179037640e-01	4.135485844179037640e-01	4.135485844179037640e-01	2.756990562786025278e-01	2.756990562786025278e-01	5.706381008664590526e-01	2.756990562786025278e-01	2.756990562786025278e-01	5.284817384186150102e-01	2.756990562786025278e-01	4.135485844179037640e-01	4.135485844179037640e-01	5.175103443545010506e-01	5.311695806429449496e-01	4.135485844179037640e-01	4.135485844179037640e-01	5.566878578591000215e-01	4.135485844179037640e-01	5.435227609674889715e-01	5.451274880709320314e-01	4.135485844179037640e-01	2.756990562786025278e-01	4.135485844179037640e-01	4.135485844179037640e-01	5.817539418869159817e-01	5.553830298404770494e-01	7.087988129662140535e-01	4.135485844179037640e-01	5.989355904994460023e-01	2.756990562786025278e-01	2.756990562786025278e-01	4.135485844179037640e-01	4.631836483473619759e-01	4.135485844179037640e-01	4.135485844179037640e-01	4.135485844179037640e-01	4.135485844179037640e-01	4.135485844179037640e-01	4.135485844179037640e-01	4.135485844179037640e-01	2.756990562786025278e-01	5.051596189581339935e-01	2.756990562786025278e-01	4.135485844179037640e-01	5.523552854603229756e-01	5.431959670637940274e-01	4.135485844179037640e-01	5.131816934365209804e-01	4.135485844179037640e-01	4.135485844179037640e-01	5.452874044228209760e-01	4.135485844179037640e-01	4.135485844179037640e-01	2.756990562786025278e-01	6.744791407965530228e-01	4.135485844179037640e-01	4.135485844179037640e-01	4.135485844179037640e-01	5.239365320168349882e-01	6.104863250964770449e-01	4.135485844179037640e-01	6.091342981253760058e-01
2.756990562786025278e-01	5.323084762362000344e-01	4.135485844179037640e-01	9.999999999999980016e-01	4.135485844179037640e-01	4.135485844179037640e-01	4.135485844179037640e-01	2.756990562786025278e-01	4.135485844179037640e-01	4.135485844179037640e-01	4.135485844179037640e-01	2.756990562786025278e-01	2.756990562786025278e-01	2.756990562786025278e-01	4.135485844179037640e-01	5.452212496046410228e-01	4.135485844179037640e-01	4.135485844179037640e-01	4.135485844179037640e-01	4.135485844179037640e-01	2.756990562786025278e-01	4.135485844179037640e-01	4.135485844179037640e-01	4.135485844179037640e-01	4.780813543116450015e-01	4.135485844179037640e-01	4.135485844179037640e-01	4.135485844179037640e-01	4.135485844179037640e-01	2.756990562786025278e-01	5.568565637041019700e-01	4.135485844179037640e-01	4.135485844179037640e-01	5.677994068229299529e-01	2.756990562786025278e-01	2.756990562786025278e-01	4.135485844179037640e-01	5.039510709712480274e-01	2.756990562786025278e-01	2.756990562786025278e-01	5.095132570595239940e-01	2.756990562786025278e-01	4.135485844179037640e-01	4.135485844179037640e-01	2.756990562786025278e-01	4.135485844179037640e-01	2.756990562786025278e-01	4.135485844179037640e-01	4.135485844179037640e-01	5.192722630848399801e-01	4.135485844179037640e-01	5.449401364546679893e-01	4.751206244884930152e-01	2.756990562786025278e-01	2.756990562786025278e-01	2.756990562786025278e-01	5.384023231826999822e-01	4.135485844179037640e-01	2.756990562786025278e-01	4.135485844179037640e-01	5.209112755666660544e-01	4.135485844179037640e-01	4.135485844179037640e-01	5.173783236804400110e-01	4.135485844179037640e-01	4.135485844179037640e-01	5.471741071593180239e-01	2.756990562786025278e-01	4.135485844179037640e-01	4.135485844179037640e-01	4.135485844179037640e-01	4.135485844179037640e-01	4.886055116411049948e-01	2.756990562786025278e-01	4.135485844179037640e-01	4.135485844179037640e-01	5.143585950225449954e-01	5.355725419994850078e-01	4.135485844179037640e-01	4.135485844179037640e-01	5.042650013762870476e-01	4.420301673004730092e-01	4.888065662565470038e-01	4.135485844179037640e-01	4.135485844179037640e-01	2.756990562786025278e-01	4.135485844179037640e-01	2.756990562786025278e-01	4.135485844179037640e-01	4.135485844179037640e-01	5.487877790149759960e-01	4.135485844179037640e-01	4.850209171826069809e-01	5.116093578214410131e-01	4.135485844179037640e-01	5.134678516580389873e-01	2.756990562786025278e-01	2.756990562786025278e-01	5.447281745775980344e-01	4.135485844179037640e-01	2.756990562786025278e-01	2.756990562786025278e-01	4.135485844179037640e-01	2.756990562786025278e-01	2.756990562786025278e-01	4.135485844179037640e-01	4.135485844179037640e-01	4.954383811408860083e-01	4.135485844179037640e-01	4.135485844179037640e-01	4.135485844179037640e-01	4.135485844179037640e-01	4.135485844179037640e-01	2.756990562786025278e-01	4.135485844179037640e-01	4.135485844179037640e-01	2.756990562786025278e-01	5.294551463198150509e-01	2.756990562786025278e-01	4.135485844179037640e-01	4.135485844179037640e-01	4.135485844179037640e-01	2.756990562786025278e-01	4.135485844179037640e-01
2.756990562786025278e-01	5.939821430943329483e-01	5.703697954910730283e-01	4.135485844179037640e-01	9.999999999999970024e-01	5.836424732769589507e-01	4.135485844179037640e-01	4.135485844179037640e-01	4.135485844179037640e-01	4.135485844179037640e-01	2.756990562786025278e-01	2.756990562786025278e-01	2.756990562786025278e-01	4.135485844179037640e-01	2.756990562786025278e-01	4.135485844179037640e-01	2.756990562786025278e-01	4.135485844179037640e-01	4.135485844179037640e-01	4.135485844179037640e-01	2.756990562786025278e-01	4.135485844179037640e-01	2.756990562786025278e-01	4.135485844179037640e-01	4.135485844179037640e-01	2.756990562786025278e-01	4.135485844179037640e-01	4.135485844179037640e-01	2.756990562786025278e-01	2.756990562786025278e-01	4.135485844179037640e-01	4.135485844179037640e-01	4.135485844179037640e-01	4.135485844179037640e-01	2.756990562786025278e-01	4.693211976415829767e-01	4.135485844179037640e-01	2.756990562786025278e-01	2.756990562786025278e-01	4.761269193855079962e-01	4.135485844179037640e-01	2.756990562786025278e-01	4.135485844179037640e-01	2.756990562786025278e-01	4.135485844179037640e-01	5.709697464423150182e-01	4.135485844179037640e-01	4.135485844179037640e-01	4.135485844179037640e-01	4.135485844179037640e-01	4.135485844179037640e-01	4.135485844179037640e-01	4.135485844179037640e-01	4.135485844179037640e-01	4.135485844179037640e-01	4.135485844179037640e-01	4.135485844179037640e-01	2.756990562786025278e-01	4.135485844179037640e-01	4.135485844179037640e-01	5.499223928631099545e-01	2.756990562786025278e-01	5.966755358806900000e-01	5.538158400818029570e-01	4.135485844179037640e-01	4.135485844179037640e-01	4.135485844179037640e-01	4.135485844179037640e-01	4.135485844179037640e-01	2.756990562786025278e-01	4.135485844179037640e-01	4.135485844179037640e-01	5.189507151648650174e-01	5.261155641788130000e-01	5.154301876080550349e-01	5.847850755224309749e-01	4.135485844179037640e-01	4.135485844179037640e-01	5.663441298289549897e-01	4.135485844179037640e-01	4.135485844179037640e-01	4.135485844179037640e-01	4.135485844179037640e-01	4.135485844179037640e-01	5.173971583216080417e-01	5.679837941708759663e-01	2.756990562786025278e-01	2.756990562786025278e-01	4.135485844179037640e-01	5.258078542773120256e-01	4.135485844179037640e-01	2.756990562786025278e-01	5.056058106043509470e-01	4.135485844179037640e-01	4.135485844179037640e-01	4.135485844179037640e-01	4.135485844179037640e-01	2.756990562786025278e-01	2.756990562786025278e-01	4.135485844179037640e-01	4.135485844179037640e-01	4.135485844179037640e-01	2.756990562786025278e-01	4.135485844179037640e-01	4.135485844179037640e-01	4.135485844179037640e-01	4.135485844179037640e-01	4.135485844179037640e-01	4.135485844179037640e-01	4.845072726496810200e-01	4.135485844179037640e-01	5.417780566942600462e-01	2.756990562786025278e-01	2.756990562786025278e-01	5.405251739961129953e-01	6.137219472750300442e-01	4.135485844179037640e-01	4.135485844179037640e-01	4.135485844179037640e-01	4.135485844179037640e-01	2.756990562786025278e-01	6.084870100470090026e-01	2.756990562786025278e-01	2.756990562786025278e-01
2.756990562786025278e-01	4.135485844179037640e-01	4.135485844179037640e-01	4.135485844179037640e-01	5.836424732769589507e-01	9.999999999999980016e-01	2.756990562786025278e-01	2.756990562786025278e-01	4.135485844179037640e-01	4.135485844179037640e-01	4.135485844179037640e-01	2.756990562786025278e-01	4.135485844179037640e-01	5.498227126815909971e-01	5.181813491371529690e-01	2.756990562786025278e-01	4.135485844179037640e-01	4.135485844179037640e-01	4.913451310188849952e-01	4.135485844179037640e-01	4.135485844179037640e-01	5.015863096044640423e-01	4.135485844179037640e-01	5.134028941719950279e-01	4.135485844179037640e-01	4.135485844179037640e-01	4.615966608903980251e-01	4.135485844179037640e-01	4.135485844179037640e-01	5.230684059553769583e-01	2.756990562786025278e-01	4.923766506585420255e-01	4.135485844179037640e-01	4.135485844179037640e-01	4.135485844179037640e-01	4.135485844179037640e-01	5.021797944466750430e-01	2.756990562786025278e-01	2.756990562786025278e-01	5.089830454216539568e-01	2.756990562786025278e-01	5.771527970198689905e-01	4.135485844179037640e-01	5.564635495931460341e-01	4.135485844179037640e-01	4.135485844179037640e-01	2.756990562786025278e-01	2.756990562786025278e-01	4.135485844179037640e-01	4.135485844179037640e-01	4.135485844179037640e-01	4.135485844179037640e-01	4.135485844179037640e-01	2.756990562786025278e-01	4.135485844179037640e-01	4.135485844179037640e-01	5.582750574416319722e-01	4.625472160270749922e-01	4.135485844179037640e-01	2.756990562786025278e-01	5.665034693715920167e-01	2.756990562786025278e-01	4.135485844179037640e-01	5.239068190718020324e-01	2.756990562786025278e-01	4.135485844179037640e-01	2.756990562786025278e-01	4.135485844179037640e-01	5.189707717008660293e-01	4.135485844179037640e-01	4.135485844179037640e-01	4.135485844179037640e-01	4.135485844179037640e-01	2.756990562786025278e-01	4.135485844179037640e-01	2.756990562786025278e-01	5.389123686068030272e-01	5.619084244762080349e-01	6.013393291628009729e-01	2.756990562786025278e-01	2.756990562786025278e-01	4.135485844179037640e-01	4.135485844179037640e-01	5.135692825111529691e-01	4.652294514184620033e-01	5.513864668573710270e-01	4.135485844179037640e-01	6.087958946903190283e-01	4.135485844179037640e-01	5.630659905347979999e-01	2.756990562786025278e-01	4.135485844179037640e-01	4.135485844179037640e-01	4.480785508290719976e-01	5.267001206541890301e-01	4.135485844179037640e-01	4.135485844179037640e-01	2.756990562786025278e-01	4.135485844179037640e-01	4.135485844179037640e-01	4.135485844179037640e-01	4.135485844179037640e-01	2.756990562786025278e-01	4.651068519067769746e-01	4.135485844179037640e-01	5.689083378754670184e-01	6.097607687302010193e-01	4.135485844179037640e-01	2.756990562786025278e-01	2.756990562786025278e-01	2.756990562786025278e-01	4.135485844179037640e-01	2.756990562786025278e-01	4.135485844179037640e-01	4.135485844179037640e-01	4.135485844179037640e-01	4.135485844179037640e-01	5.950334772148060392e-01	5.747183840615990302e-01	5.345995343280289802e-01	4.135485844179037640e-01	5.680231950716060352e-01	5.166091258241399808e-01	2.756990562786025278e-01
4.135485844179037640e-01	2.756990562786025278e-01	5.706787301390769951e-01	4.135485844179037640e-01	4.135485844179037640e-01	2.756990562786025278e-01	9.999999999999990008e-01	4.135485844179037640e-01	6.343482555356719788e-01	4.135485844179037640e-01	6.035822115650310016e-01	6.542556409066010437e-01	2.756990562786025278e-01	5.326715077055570458e-01	5.433633323031960005e-01	5.291538103527799741e-01	4.135485844179037640e-01	2.756990562786025278e-01	4.135485844179037640e-01	2.756990562786025278e-01	5.180774050840150080e-01	4.135485844179037640e-01	2.756990562786025278e-01	4.135485844179037640e-01	4.135485844179037640e-01	2.756990562786025278e-01	4.632268016729729765e-01	2.756990562786025278e-01	4.870087688945269888e-01	5.063577579768669956e-01	5.208571545237370426e-01	4.135485844179037640e-01	4.135485844179037640e-01	5.363489443503990373e-01	4.135485844179037640e-01	2.756990562786025278e-01	2.756990562786025278e-01	4.917079995186959818e-01	2.756990562786025278e-01	4.135485844179037640e-01	5.330405249879649476e-01	4.135485844179037640e-01	4.135485844179037640e-01	5.593245667832870138e-01	4.451707416470709888e-01	4.135485844179037640e-01	4.135485844179037640e-01	2.756990562786025278e-01	2.756990562786025278e-01	5.123338136258680509e-01	5.550590629021909805e-01	2.756990562786025278e-01	4.135485844179037640e-01	5.357945727416999482e-01	4.135485844179037640e-01	5.346488616477109712e-01	2.756990562786025278e-01	2.756990562786025278e-01	2.756990562786025278e-01	2.756990562786025278e-01	4.135485844179037640e-01	5.016797056904720442e-01	4.135485844179037640e-01	2.756990562786025278e-01	2.756990562786025278e-01	4.135485844179037640e-01	4.135485844179037640e-01	5.529018057411060338e-01	5.244475013319369605e-01	4.135485844179037640e-01	4.135485844179037640e-01	4.135485844179037640e-01	5.081813228008189576e-01	4.135485844179037640e-01	4.135485844179037640e-01	5.619193233369359497e-01	5.944498744111149646e-01	4.135485844179037640e-01	5.786483980365829671e-01	5.111994788085949537e-01	4.135485844179037640e-01	2.756990562786025278e-01	4.135485844179037640e-01	4.135485844179037640e-01	4.135485844179037640e-01	4.135485844179037640e-01	4.135485844179037640e-01	4.135485844179037640e-01	2.756990562786025278e-01	5.335250971558059829e-01	4.135485844179037640e-01	4.135485844179037640e-01	2.756990562786025278e-01	4.135485844179037640e-01	4.135485844179037640e-01	2.756990562786025278e-01	2.756990562786025278e-01	4.135485844179037640e-01	4.135485844179037640e-01	2.756990562786025278e-01	6.150291683637739704e-01	4.135485844179037640e-01	2.756990562786025278e-01	4.135485844179037640e-01	2.756990562786025278e-01	5.279445678036079892e-01	5.581553824562850430e-01	4.135485844179037640e-01	2.756990562786025278e-01	4.731730930090389808e-01	4.135485844179037640e-01	5.298147675494200293e-01	4.135485844179037640e-01	2.756990562786025278e-01	4.135485844179037640e-01	2.756990562786025278e-01	5.360053213557149920e-01	2.756990562786025278e-01	2.756990562786025278e-01	2.756990562786025278e-01	4.135485844179037640e-01	4.135485844179037640e-01	2.756990562786025278e-01	4.135485844179037640e-01
6.341156655456620106e-01	4.135485844179037640e-01	4.135485844179037640e-01	2.756990562786025278e-01	4.135485844179037640e-01	2.756990562786025278e-01	4.135485844179037640e-01	1.000000000000000000e+00	7.039829575234729520e-01	2.756990562786025278e-01	4.135485844179037640e-01	2.756990562786025278e-01	2.756990562786025278e-01	2.756990562786025278e-01	4.135485844179037640e-01	4.135485844179037640e-01	4.135485844179037640e-01	2.756990562786025278e-01	5.074166146142750078e-01	4.135485844179037640e-01	2.756990562786025278e-01	4.135485844179037640e-01	6.669503161331580277e-01	2.756990562786025278e-01	4.135485844179037640e-01	2.756990562786025278e-01	2.756990562786025278e-01	6.649551389814210012e-01	5.236018361748050465e-01	2.756990562786025278e-01	2.756990562786025278e-01	4.135485844179037640e-01	5.135018384527370028e-01	5.613347020571110013e-01	2.756990562786025278e-01	4.135485844179037640e-01	4.135485844179037640e-01	4.135485844179037640e-01	4.135485844179037640e-01	4.937399824098809842e-01	5.751767585511919911e-01	2.756990562786025278e-01	5.693489973117730196e-01	5.219583612115079596e-01	4.688588791588980120e-01	4.135485844179037640e-01	4.135485844179037640e-01	4.135485844179037640e-01	4.135485844179037640e-01	2.756990562786025278e-01	5.771157644444969703e-01	4.135485844179037640e-01	4.135485844179037640e-01	4.135485844179037640e-01	2.756990562786025278e-01	2.756990562786025278e-01	5.483890851077349859e-01	4.135485844179037640e-01	5.107691547219209705e-01	4.135485844179037640e-01	5.412163114701850075e-01	2.756990562786025278e-01	4.135485844179037640e-01	4.135485844179037640e-01	4.135485844179037640e-01	4.135485844179037640e-01	4.135485844179037640e-01	4.135485844179037640e-01	2.756990562786025278e-01	5.270461519699739528e-01	4.135485844179037640e-01	4.135485844179037640e-01	4.135485844179037640e-01	4.135485844179037640e-01	4.887075188383089852e-01	5.238001961891930458e-01	2.756990562786025278e-01	4.135485844179037640e-01	5.293242844251719870e-01	4.135485844179037640e-01	4.135485844179037640e-01	4.135485844179037640e-01	4.135485844179037640e-01	4.135485844179037640e-01	5.245708458011909547e-01	2.756990562786025278e-01	5.474120612830459809e-01	4.135485844179037640e-01	6.466895331274880032e-01	5.157035714378800373e-01	4.135485844179037640e-01	5.055105163423140313e-01	4.135485844179037640e-01	4.135485844179037640e-01	4.135485844179037640e-01	2.756990562786025278e-01	2.756990562786025278e-01	5.086041359654179805e-01	4.135485844179037640e-01	5.352555763723709781e-01	4.135485844179037640e-01	4.953083164809899963e-01	2.756990562786025278e-01	2.756990562786025278e-01	4.135485844179037640e-01	4.135485844179037640e-01	2.756990562786025278e-01	4.135485844179037640e-01	4.135485844179037640e-01	4.135485844179037640e-01	4.135485844179037640e-01	4.135485844179037640e-01	4.135485844179037640e-01	4.135485844179037640e-01	4.135485844179037640e-01	2.756990562786025278e-01	4.135485844179037640e-01	4.135485844179037640e-01	2.756990562786025278e-01	4.135485844179037640e-01	4.964687579558390018e-01	2.756990562786025278e-01	6.017745719401249582e-01	4.135485844179037640e-01
6.267810014084009840e-01	4.135485844179037640e-01	4.135485844179037640e-01	4.135485844179037640e-01	4.135485844179037640e-01	4.135485844179037640e-01	6.343482555356719788e-01	7.039829575234729520e-01	1.000000000000000000e+00	4.135485844179037640e-01	2.756990562786025278e-01	2.756990562786025278e-01	4.135485844179037640e-01	4.135485844179037640e-01	6.020900100665950161e-01	4.135485844179037640e-01	4.135485844179037640e-01	4.795296007857000053e-01	5.207668835089119819e-01	4.135485844179037640e-01	4.135485844179037640e-01	4.135485844179037640e-01	4.135485844179037640e-01	2.756990562786025278e-01	4.135485844179037640e-01	2.756990562786025278e-01	5.410830977901179839e-01	2.756990562786025278e-01	2.756990562786025278e-01	2.756990562786025278e-01	5.794483036192979997e-01	4.949727407486300135e-01	4.135485844179037640e-01	2.756990562786025278e-01	4.135485844179037640e-01	4.135485844179037640e-01	4.135485844179037640e-01	5.698175647742379502e-01	4.135485844179037640e-01	2.756990562786025278e-01	5.618678980822250368e-01	4.135485844179037640e-01	2.756990562786025278e-01	2.756990562786025278e-01	4.135485844179037640e-01	4.135485844179037640e-01	5.167779294222659692e-01	2.756990562786025278e-01	2.756990562786025278e-01	4.135485844179037640e-01	5.673154204912620457e-01	4.135485844179037640e-01	2.756990562786025278e-01	2.756990562786025278e-01	4.135485844179037640e-01	2.756990562786025278e-01	5.455529112431329875e-01	2.756990562786025278e-01	4.135485844179037640e-01	5.189952188800840416e-01	4.135485844179037640e-01	4.135485844179037640e-01	2.756990562786025278e-01	4.135485844179037640e-01	4.945944734418120103e-01	5.552781412991739662e-01	5.651205131453319597e-01	4.135485844179037640e-01	4.135485844179037640e-01	4.135485844179037640e-01	4.135485844179037640e-01	4.135485844179037640e-01	4.135485844179037640e-01	4.135485844179037640e-01	5.088014371762109578e-01	5.210570713443229973e-01	2.756990562786025278e-01	2.756990562786025278e-01	2.756990562786025278e-01	4.135485844179037640e-01	5.816110378746579546e-01	2.756990562786025278e-01	4.135485844179037640e-01	4.135485844179037640e-01	4.135485844179037640e-01	4.135485844179037640e-01	2.756990562786025278e-01	4.135485844179037640e-01	2.756990562786025278e-01	2.756990562786025278e-01	4.135485844179037640e-01	5.013848132886660203e-01	4.617187737955639748e-01	4.135485844179037640e-01	4.135485844179037640e-01	4.884984116360729933e-01	4.135485844179037640e-01	4.135485844179037640e-01	4.135485844179037640e-01	5.314326813028740215e-01	4.135485844179037640e-01	4.135485844179037640e-01	4.821859970963089936e-01	2.756990562786025278e-01	4.135485844179037640e-01	2.756990562786025278e-01	5.105195553946270115e-01	4.135485844179037640e-01	4.135485844179037640e-01	5.209210670614510263e-01	4.135485844179037640e-01	4.135485844179037640e-01	5.655948159232500050e-01	2.756990562786025278e-01	4.135485844179037640e-01	4.135485844179037640e-01	4.135485844179037640e-01	4.135485844179037640e-01	6.082012076409279988e-01	4.135485844179037640e-01	4.135485844179037640e-01	2.756990562786025278e-01	4.135485844179037640e-01	2.756990562786025278e-01
6.484343835613429752e-01	6.137855611742839557e-01	4.135485844179037640e-01	4.135485844179037640e-01	4.135485844179037640e-01	4.135485844179037640e-01	4.135485844179037640e-01	2.756990562786025278e-01	4.135485844179037640e-01	1.000000000000000000e+00	4.135485844179037640e-01	2.756990562786025278e-01	5.434509641423580506e-01	4.135485844179037640e-01	4.135485844179037640e-01	5.685727537482140326e-01	2.756990562786025278e-01	4.135485844179037640e-01	2.756990562786025278e-01	4.135485844179037640e-01	4.135485844179037640e-01	5.674646341373900116e-01	6.376043605454599916e-01	4.135485844179037640e-01	2.756990562786025278e-01	6.356354809136389727e-01	4.135485844179037640e-01	6.395559239970469712e-01	2.756990562786025278e-01	2.756990562786025278e-01	6.023697801220919690e-01	5.102895855071940545e-01	2.756990562786025278e-01	2.756990562786025278e-01	4.135485844179037640e-01	4.135485844179037640e-01	2.756990562786025278e-01	2.756990562786025278e-01	5.431510755355889453e-01	2.756990562786025278e-01	2.756990562786025278e-01	4.135485844179037640e-01	5.610824890700339962e-01	4.135485844179037640e-01	4.715005644136079921e-01	4.135485844179037640e-01	2.756990562786025278e-01	2.756990562786025278e-01	4.135485844179037640e-01	4.135485844179037640e-01	4.135485844179037640e-01	4.135485844179037640e-01	4.135485844179037640e-01	5.037870610064629773e-01	2.756990562786025278e-01	4.135485844179037640e-01	4.135485844179037640e-01	5.182631263137990052e-01	4.135485844179037640e-01	5.160953687486480312e-01	4.135485844179037640e-01	2.756990562786025278e-01	5.940108026379780082e-01	5.223196730583600234e-01	5.162540610521080264e-01	5.572029998407069806e-01	2.756990562786025278e-01	2.756990562786025278e-01	4.135485844179037640e-01	4.135485844179037640e-01	5.009454961469480549e-01	2.756990562786025278e-01	4.135485844179037640e-01	4.135485844179037640e-01	4.135485844179037640e-01	2.756990562786025278e-01	2.756990562786025278e-01	4.135485844179037640e-01	4.135485844179037640e-01	2.756990562786025278e-01	5.838097562534400042e-01	5.356029003220630358e-01	5.239202182749780334e-01	5.826116681618089821e-01	4.135485844179037640e-01	4.135485844179037640e-01	5.432942520279080423e-01	4.135485844179037640e-01	4.135485844179037640e-01	4.135485844179037640e-01	4.135485844179037640e-01	2.756990562786025278e-01	4.135485844179037640e-01	4.135485844179037640e-01	4.638003192534699837e-01	4.135485844179037640e-01	4.135485844179037640e-01	4.135485844179037640e-01	5.000207708502270032e-01	4.135485844179037640e-01	5.054009622237599642e-01	4.135485844179037640e-01	4.135485844179037640e-01	4.135485844179037640e-01	4.135485844179037640e-01	4.135485844179037640e-01	4.135485844179037640e-01	2.756990562786025278e-01	5.154321595389139699e-01	2.756990562786025278e-01	4.135485844179037640e-01	5.968958188490399719e-01	5.255570926420719546e-01	4.135485844179037640e-01	2.756990562786025278e-01	4.135485844179037640e-01	4.135485844179037640e-01	2.756990562786025278e-01	2.756990562786025278e-01	6.119437084297729701e-01	4.892994961453649982e-01	6.042585135170439603e-01	2.756990562786025278e-01	4.135485844179037640e-01
2.756990562786025278e-01	2.756990562786025278e-01	2.756990562786025278e-01	4.135485844179037640e-01	2.756990562786025278e-01	4.135485844179037640e-01	6.035822115650310016e-01	4.135485844179037640e-01	2.756990562786025278e-01	4.135485844179037640e-01	1.000000000000000000e+00	4.135485844179037640e-01	4.135485844179037640e-01	4.135485844179037640e-01	2.756990562786025278e-01	5.367730038632579914e-01	5.184680994497840034e-01	4.135485844179037640e-01	4.135485844179037640e-01	6.100169292337319638e-01	4.135485844179037640e-01	2.756990562786025278e-01	2.756990562786025278e-01	2.756990562786025278e-01	4.135485844179037640e-01	6.347919387660759805e-01	2.756990562786025278e-01	4.135485844179037640e-01	5.155405644815590493e-01	5.433288522986640112e-01	5.393489651006160290e-01	4.135485844179037640e-01	4.135485844179037640e-01	2.756990562786025278e-01	4.939430278231090043e-01	5.117990353149579619e-01	4.135485844179037640e-01	2.756990562786025278e-01	2.756990562786025278e-01	2.756990562786025278e-01	4.135485844179037640e-01	4.135485844179037640e-01	4.135485844179037640e-01	4.135485844179037640e-01	4.135485844179037640e-01	4.135485844179037640e-01	2.756990562786025278e-01	5.615754047919010450e-01	4.135485844179037640e-01	2.756990562786025278e-01	4.135485844179037640e-01	2.756990562786025278e-01	4.135485844179037640e-01	4.135485844179037640e-01	5.731363366298679596e-01	4.135485844179037640e-01	4.135485844179037640e-01	4.135485844179037640e-01	2.756990562786025278e-01	4.135485844179037640e-01	4.135485844179037640e-01	4.135485844179037640e-01	4.135485844179037640e-01	4.135485844179037640e-01	4.135485844179037640e-01	5.867864798223150213e-01	2.756990562786025278e-01	4.135485844179037640e-01	5.365229334683490059e-01	5.499947155422729717e-01	2.756990562786025278e-01	4.135485844179037640e-01	2.756990562786025278e-01	4.135485844179037640e-01	4.135485844179037640e-01	5.665740899428319821e-01	4.135485844179037640e-01	4.908972040260979885e-01	2.756990562786025278e-01	4.135485844179037640e-01	4.135485844179037640e-01	5.550406014756880113e-01	2.756990562786025278e-01	2.756990562786025278e-01	4.135485844179037640e-01	4.135485844179037640e-01	4.135485844179037640e-01	4.135485844179037640e-01	2.756990562786025278e-01	4.135485844179037640e-01	4.135485844179037640e-01	2.756990562786025278e-01	5.026273080949770211e-01	4.135485844179037640e-01	2.756990562786025278e-01	4.135485844179037640e-01	4.135485844179037640e-01	2.756990562786025278e-01	5.485276406302369567e-01	5.868684076146190032e-01	2.756990562786025278e-01	4.135485844179037640e-01	4.135485844179037640e-01	4.135485844179037640e-01	4.135485844179037640e-01	5.260020578891400067e-01	4.135485844179037640e-01	4.135485844179037640e-01	5.015078059165900548e-01	4.135485844179037640e-01	4.135485844179037640e-01	2.756990562786025278e-01	4.135485844179037640e-01	5.552264804953439548e-01	2.756990562786025278e-01	2.756990562786025278e-01	5.480268030467699836e-01	2.756990562786025278e-01	4.135485844179037640e-01	5.452714084797000149e-01	2.756990562786025278e-01	5.953169623062859461e-01	4.135485844179037640e-01	4.135485844179037640e-01
2.756990562786025278e-01	4.135485844179037640e-01	4.135485844179037640e-01	2.756990562786025278e-01	2.756990562786025278e-01	2.756990562786025278e-01	6.542556409066010437e-01	2.756990562786025278e-01	2.756990562786025278e-01	2.756990562786025278e-01	4.135485844179037640e-01	1.000000000000000000e+00	4.135485844179037640e-01	2.756990562786025278e-01	4.135485844179037640e-01	2.756990562786025278e-01	5.159049036935430266e-01	2.756990562786025278e-01	4.135485844179037640e-01	6.423816953710429489e-01	2.756990562786025278e-01	4.135485844179037640e-01	4.135485844179037640e-01	4.135485844179037640e-01	2.756990562786025278e-01	2.756990562786025278e-01	2.756990562786025278e-01	2.756990562786025278e-01	4.135485844179037640e-01	5.283630879729269703e-01	2.756990562786025278e-01	2.756990562786025278e-01	2.756990562786025278e-01	2.756990562786025278e-01	2.756990562786025278e-01	4.660790864134050082e-01	2.756990562786025278e-01	4.135485844179037640e-01	5.067778612296249818e-01	4.135485844179037640e-01	4.135485844179037640e-01	2.756990562786025278e-01	5.829754574389020005e-01	2.756990562786025278e-01	4.307338145103800087e-01	4.135485844179037640e-01	4.135485844179037640e-01	4.135485844179037640e-01	2.756990562786025278e-01	2.756990562786025278e-01	4.135485844179037640e-01	4.135485844179037640e-01	4.135485844179037640e-01	5.406143562990429752e-01	4.135485844179037640e-01	2.756990562786025278e-01	4.135485844179037640e-01	4.734732497160700215e-01	2.756990562786025278e-01	4.924002522543399762e-01	2.756990562786025278e-01	5.105700814535719667e-01	4.135485844179037640e-01	5.559599056086349522e-01	4.702117787302569907e-01	2.756990562786025278e-01	2.756990562786025278e-01	4.135485844179037640e-01	4.135485844179037640e-01	5.759987772647969795e-01	5.652438456961109692e-01	4.135485844179037640e-01	2.756990562786025278e-01	4.135485844179037640e-01	4.135485844179037640e-01	5.706306578484630077e-01	4.135485844179037640e-01	4.135485844179037640e-01	5.727043400911040472e-01	4.135485844179037640e-01	4.135485844179037640e-01	4.135485844179037640e-01	4.135485844179037640e-01	4.135485844179037640e-01	4.135485844179037640e-01	5.782651696005529640e-01	2.756990562786025278e-01	4.135485844179037640e-01	6.309984281195980538e-01	2.756990562786025278e-01	4.135485844179037640e-01	5.575454393058929536e-01	2.756990562786025278e-01	4.650184963274340277e-01	4.135485844179037640e-01	2.756990562786025278e-01	2.756990562786025278e-01	4.135485844179037640e-01	4.135485844179037640e-01	4.135485844179037640e-01	6.133854928334200318e-01	4.135485844179037640e-01	4.135485844179037640e-01	2.756990562786025278e-01	4.135485844179037640e-01	5.476096498141329594e-01	2.756990562786025278e-01	4.135485844179037640e-01	4.135485844179037640e-01	4.135485844179037640e-01	4.135485844179037640e-01	4.135485844179037640e-01	4.135485844179037640e-01	4.135485844179037640e-01	4.135485844179037640e-01	2.756990562786025278e-01	5.568863756966530021e-01	4.135485844179037640e-01	4.135485844179037640e-01	2.756990562786025278e-01	4.135485844179037640e-01	4.135485844179037640e-01	4.135485844179037640e-01	6.414685370823099975e-01
