9.999999999999990008e-01	7.771738044310210203e-01	6.118853664883635579e-01	6.118853664883635579e-01	6.607424284922910340e-01	6.118853664883635579e-01	6.423141624495839475e-01	6.905330336750610254e-01	6.118853664883635579e-01	7.031816301614499665e-01	6.616749071993129894e-01	6.118853664883635579e-01	6.460695627649689632e-01	6.118853664883635579e-01	6.565815042416049963e-01	6.644622778118020046e-01	5.890774964930149959e-01	6.118853664883635579e-01	6.118853664883635579e-01	6.118853664883635579e-01	6.118853664883635579e-01	6.697774028535430357e-01	6.770232910873620336e-01	6.759898896996689999e-01	6.584851213295209726e-01	6.118853664883635579e-01	6.524644691851370082e-01	6.775108280012209772e-01	6.118853664883635579e-01	6.602418511866300355e-01	6.118853664883635579e-01	6.118853664883635579e-01	6.118853664883635579e-01	7.048191506855480126e-01	6.118853664883635579e-01	6.347958634482809837e-01	6.118853664883635579e-01	6.620620263914670511e-01	6.644782342023130006e-01	6.118853664883635579e-01	6.870301262018579935e-01	6.118853664883635579e-01	6.450037402238140150e-01	6.118853664883635579e-01	5.926399054981430492e-01	6.118853664883635579e-01	6.118853664883635579e-01	6.341864882795690272e-01	6.645300601967519816e-01	6.118853664883635579e-01	6.936272752603089842e-01	6.118853664883635579e-01	5.895616297075989554e-01	6.118853664883635579e-01	6.118853664883635579e-01	6.023470276546110114e-01	6.418452372755939495e-01	6.118853664883635579e-01	6.118853664883635579e-01	6.215697737075179807e-01	6.118853664883635579e-01	6.322163633896750179e-01	6.909509238506279516e-01	6.118853664883635579e-01	6.118853664883635579e-01	6.528393061707700173e-01	6.386177519347460141e-01	6.118853664883635579e-01	6.118853664883635579e-01	6.202001595751770457e-01	6.260707118577080177e-01	6.118853664883635579e-01	6.118853664883635579e-01	6.638520913046830341e-01	6.118853664883635579e-01	6.118853664883635579e-01	7.210305527065750120e-01	6.118853664883635579e-01	6.118853664883635579e-01	6.252806305596190217e-01	6.118853664883635579e-01	6.380806358764520292e-01	6.118853664883635579e-01	6.118853664883635579e-01	6.408995760189239999e-01	6.072527784137869977e-01	6.396967476194900248e-01	6.118853664883635579e-01	6.118853664883635579e-01	6.283862647563149828e-01	6.118853664883635579e-01	5.768997516423509664e-01	6.118853664883635579e-01	5.721163496778369772e-01	6.118853664883635579e-01	6.118853664883635579e-01	6.067760505641770497e-01	6.021810689725659582e-01	5.930230037943430288e-01	6.164361288471470468e-01	6.118853664883635579e-01	5.951654332784700463e-01	6.118853664883635579e-01	6.118853664883635579e-01	6.118853664883635579e-01	6.118853664883635579e-01	6.055137713831370005e-01	6.119432905444669446e-01	6.329975272743200154e-01	6.118853664883635579e-01	6.686884516773790033e-01	6.827846220362979723e-01	6.118853664883635579e-01	6.118853664883635579e-01	6.566826859069649913e-01	7.869864924003789897e-01	6.118853664883635579e-01	7.716146555834809684e-01	6.118853664883635579e-01	6.867274611860000322e-01	6.118853664883635579e-01	6.118853664883635579e-01	6.118853664883635579e-01	7.016429651949860347e-01
7.771738044310210203e-01	1.000000000000000000e+00	7.651707510574350390e-01	6.118853664883635579e-01	6.118853664883635579e-01	6.453817402049619734e-01	6.362710493288780134e-01	6.653409028551660054e-01	6.668110813916700019e-01	6.724818550616019630e-01	6.118853664883635579e-01	6.549919059801000421e-01	6.309162633953160348e-01	6.118853664883635579e-01	6.118853664883635579e-01	6.344192510480489711e-01	5.906224337548620085e-01	6.118853664883635579e-01	6.134743355876569604e-01	6.501938417438539730e-01	6.118853664883635579e-01	6.118853664883635579e-01	6.678259552196420534e-01	6.118853664883635579e-01	6.118853664883635579e-01	6.118853664883635579e-01	6.118853664883635579e-01	6.559152555304990084e-01	6.140751467346590164e-01	6.118853664883635579e-01	6.267705958088369833e-01	6.118853664883635579e-01	6.118853664883635579e-01	6.743336273504759726e-01	6.293227604184380430e-01	6.118853664883635579e-01	6.118853664883635579e-01	6.276458900308530264e-01	6.118853664883635579e-01	5.806135647978519776e-01	6.118853664883635579e-01	5.969292298656639906e-01	6.297364282934140300e-01	6.118853664883635579e-01	6.118853664883635579e-01	6.118853664883635579e-01	6.017695821239600340e-01	6.239919623203999954e-01	6.118853664883635579e-01	6.338029408932890352e-01	6.118853664883635579e-01	6.099190335051389855e-01	5.912013737778599731e-01	6.118853664883635579e-01	6.242838970171470381e-01	6.118853664883635579e-01	6.118853664883635579e-01	6.118853664883635579e-01	6.118853664883635579e-01	6.051743429979039579e-01	6.325615174917750272e-01	6.118853664883635579e-01	6.575488315131600148e-01	6.118853664883635579e-01	6.118853664883635579e-01	6.118853664883635579e-01	6.118853664883635579e-01	6.141573444838950291e-01	6.118853664883635579e-01	6.118853664883635579e-01	6.118853664883635579e-01	6.479048900015730306e-01	6.192430705623109821e-01	6.118853664883635579e-01	5.809208787274350305e-01	6.118853664883635579e-01	6.803099353311600206e-01	6.118853664883635579e-01	6.118853664883635579e-01	6.086782870952649471e-01	6.118853664883635579e-01	6.118853664883635579e-01	6.118853664883635579e-01	6.764802940290649547e-01	6.190862709138800213e-01	6.118853664883635579e-01	6.118853664883635579e-01	6.116131833732320056e-01	6.118853664883635579e-01	6.046437763105829699e-01	6.118853664883635579e-01	5.849737765679650092e-01	5.849662273816750302e-01	6.118853664883635579e-01	5.570314933214179920e-01	6.118853664883635579e-01	6.251781986308639905e-01	6.118853664883635579e-01	6.118853664883635579e-01	6.118853664883635579e-01	5.987399383270799458e-01	6.057178839428749573e-01	5.963016067934420184e-01	6.118853664883635579e-01	5.983191929950909538e-01	6.118853664883635579e-01	6.011146303207850483e-01	5.887449772090960209e-01	5.941555919178740375e-01	5.900981476769360246e-01	6.118853664883635579e-01	6.118853664883635579e-01	6.118853664883635579e-01	6.413508930454310253e-01	6.118853664883635579e-01	7.584802055128030407e-01	6.118853664883635579e-01	6.118853664883635579e-01	6.118853664883635579e-01	6.522578172424829956e-01	5.886357203703159735e-01	6.738138131235610340e-01	6.118853664883635579e-01	6.736450431769229752e-01
6.118853664883635579e-01	7.651707510574350390e-01	1.000000000000000000e+00	6.118853664883635579e-01	6.118853664883635579e-01	6.118853664883635579e-01	6.118853664883635579e-01	6.118853664883635579e-01	6.118853664883635579e-01	6.586848977371709823e-01	6.118853664883635579e-01	6.341338838271589617e-01	6.429353701689409784e-01	5.688457648849150061e-01	6.222808045674610433e-01	6.118853664883635579e-01	6.118853664883635579e-01	5.719839490405820293e-01	6.118853664883635579e-01	6.201941550871830078e-01	6.118853664883635579e-01	6.331320254710050000e-01	6.118853664883635579e-01	6.512895305113950428e-01	6.118853664883635579e-01	6.118853664883635579e-01	6.118853664883635579e-01	6.118853664883635579e-01	6.118853664883635579e-01	6.335751749867419846e-01	6.118853664883635579e-01	6.083948758953680036e-01	6.118853664883635579e-01	6.118853664883635579e-01	6.225634304718420386e-01	6.118853664883635579e-01	6.118853664883635579e-01	6.384643222845659549e-01	6.421632158143699698e-01	6.271869293235580178e-01	6.426594792333319983e-01	6.118853664883635579e-01	6.118853664883635579e-01	6.118853664883635579e-01	6.118853664883635579e-01	6.118853664883635579e-01	6.118853664883635579e-01	6.118853664883635579e-01	6.636815909515380030e-01	6.118853664883635579e-01	6.118853664883635579e-01	6.171215883541809610e-01	5.747186439371170241e-01	6.118853664883635579e-01	6.118853664883635579e-01	6.118853664883635579e-01	6.118853664883635579e-01	5.940640379677130101e-01	6.118853664883635579e-01	6.118441696762170201e-01	6.315475320403129977e-01	6.120055862466889929e-01	6.118853664883635579e-01	6.118853664883635579e-01	5.856653528590880509e-01	6.443868124662199826e-01	6.212415501919099636e-01	6.337934692846719509e-01	6.118853664883635579e-01	6.083902856959589878e-01	5.954611812100699675e-01	6.118853664883635579e-01	6.177809584739909488e-01	6.553490503953339763e-01	6.118853664883635579e-01	5.979218519045450542e-01	6.759393095291820197e-01	5.850249910297049549e-01	6.118853664883635579e-01	6.035430863268219648e-01	6.092012312537510299e-01	6.106629267955400175e-01	6.051222371838890224e-01	6.453408226757350041e-01	5.961292874636929806e-01	6.118853664883635579e-01	6.118853664883635579e-01	6.118853664883635579e-01	6.118853664883635579e-01	6.118853664883635579e-01	6.592258260850869522e-01	5.759999519653350442e-01	5.617352485103249693e-01	6.118853664883635579e-01	5.349259465906890387e-01	5.772933078563480258e-01	6.118853664883635579e-01	5.819147381977629596e-01	5.948603177517299834e-01	6.118853664883635579e-01	5.638437451164789449e-01	5.844884647450879767e-01	5.831643465158370399e-01	6.118853664883635579e-01	5.839092393267559800e-01	5.957211650883690313e-01	6.118853664883635579e-01	6.089034660469390126e-01	6.136691241648859485e-01	5.814092163222970289e-01	6.118853664883635579e-01	6.584838108112179844e-01	6.108085454326279695e-01	6.118853664883635579e-01	6.634283438455049753e-01	7.371569717326239557e-01	7.260557713846820249e-01	7.735262861114059474e-01	7.341342060712550133e-01	6.118853664883635579e-01	6.118853664883635579e-01	6.695419816162100357e-01	6.118853664883635579e-01	6.118853664883635579e-01
6.118853664883635579e-01	6.118853664883635579e-01	6.118853664883635579e-01	9.999999999999980016e-01	6.118853664883635579e-01	6.118853664883635579e-01	5.502305638078229810e-01	6.118853664883635579e-01	5.710423646378729456e-01	5.761942062522870112e-01	6.118853664883635579e-01	5.558617071157869738e-01	6.118853664883635579e-01	6.260976508266350438e-01	6.118853664883635579e-01	6.107483063178820171e-01	6.070033043284079888e-01	6.118853664883635579e-01	6.503586808172200362e-01	6.118853664883635579e-01	6.118853664883635579e-01	6.118853664883635579e-01	6.118853664883635579e-01	6.337621319576139944e-01	6.118853664883635579e-01	5.970351375181970344e-01	6.118853664883635579e-01	5.861624048058049485e-01	6.312538778131859818e-01	6.326209156729190042e-01	6.118853664883635579e-01	6.118853664883635579e-01	6.118853664883635579e-01	6.312293360731670022e-01	6.118853664883635579e-01	6.118853664883635579e-01	6.317451661947980357e-01	6.118853664883635579e-01	6.118853664883635579e-01	5.703419934702850247e-01	5.780284477013819533e-01	6.118853664883635579e-01	6.118853664883635579e-01	5.950916896929829836e-01	6.118853664883635579e-01	6.118853664883635579e-01	6.118853664883635579e-01	6.118853664883635579e-01	6.118853664883635579e-01	5.870122209266179780e-01	6.118853664883635579e-01	6.104923156434439724e-01	6.118853664883635579e-01	6.118853664883635579e-01	5.641467794111030276e-01	5.915658224935940179e-01	6.118853664883635579e-01	6.118853664883635579e-01	6.118853664883635579e-01	5.523548081064679760e-01	6.118853664883635579e-01	6.118853664883635579e-01	5.412149639677009683e-01	6.118853664883635579e-01	6.118853664883635579e-01	6.256307405363550345e-01	6.125259603834369848e-01	6.214247506334650284e-01	6.386152858825849821e-01	6.118853664883635579e-01	5.753632337675480546e-01	6.118853664883635579e-01	6.118853664883635579e-01	6.020143594419999911e-01	6.166887267917939841e-01	6.118853664883635579e-01	6.118853664883635579e-01	6.118853664883635579e-01	5.831949008276440249e-01	5.758001368818329579e-01	5.731838104294579850e-01	6.118853664883635579e-01	6.118853664883635579e-01	6.118853664883635579e-01	6.118853664883635579e-01	5.412562993001059919e-01	6.118853664883635579e-01	5.812197195096310276e-01	6.118853664883635579e-01	5.806101704336780189e-01	6.139939636441960058e-01	6.118853664883635579e-01	6.118853664883635579e-01	6.118853664883635579e-01	6.118853664883635579e-01	5.816727443827669486e-01	6.041631072252400259e-01	5.641742121864159465e-01	6.102992800027969844e-01	6.118853664883635579e-01	6.118853664883635579e-01	6.118853664883635579e-01	5.546580989194720424e-01	6.118853664883635579e-01	6.118853664883635579e-01	5.657657943309659654e-01	6.118853664883635579e-01	6.118853664883635579e-01	6.118853664883635579e-01	6.118853664883635579e-01	6.118853664883635579e-01	6.426626496773949482e-01	6.217559917630419708e-01	6.114810125966040344e-01	5.898175173254720516e-01	6.118853664883635579e-01	6.118853664883635579e-01	5.963525882947450230e-01	6.131387835717470036e-01	5.998532950329059643e-01	5.643083959969630303e-01	6.118853664883635579e-01	6.118853664883635579e-01	6.118853664883635579e-01
6.607424284922910340e-01	6.118853664883635579e-01	6.118853664883635579e-01	6.118853664883635579e-01	9.999999999999980016e-01	6.455097636538660311e-01	7.428006747392289499e-01	6.118853664883635579e-01	6.852893660999189729e-01	6.118853664883635579e-01	6.118853664883635579e-01	6.118853664883635579e-01	6.118853664883635579e-01	6.001520826156120370e-01	6.105001896486079715e-01	6.118853664883635579e-01	5.873134666095689571e-01	5.374340904806439445e-01	6.118853664883635579e-01	6.118853664883635579e-01	6.118853664883635579e-01	5.970012497972190246e-01	6.118853664883635579e-01	5.814542029238839449e-01	6.118853664883635579e-01	6.118853664883635579e-01	5.392376332094890312e-01	6.118853664883635579e-01	6.118853664883635579e-01	6.118853664883635579e-01	5.896806002055390294e-01	6.118853664883635579e-01	6.118853664883635579e-01	6.118853664883635579e-01	5.882674914553850387e-01	6.118853664883635579e-01	5.870120203816560078e-01	6.118853664883635579e-01	5.874624846400939848e-01	5.470456658795349592e-01	6.200372792611780204e-01	6.118853664883635579e-01	6.688339973285729601e-01	6.317583278081110310e-01	6.118853664883635579e-01	6.340928819219610046e-01	6.118853664883635579e-01	6.397668848460890123e-01	6.097962638725069606e-01	5.722472161393300505e-01	6.118853664883635579e-01	5.977155346007200221e-01	5.824566793531780196e-01	6.118853664883635579e-01	6.118853664883635579e-01	6.118853664883635579e-01	6.402006446161090381e-01	5.562666850843279720e-01	5.705996529156479591e-01	6.118853664883635579e-01	6.118853664883635579e-01	6.118853664883635579e-01	6.572029975185019746e-01	6.185629690614230514e-01	6.118853664883635579e-01	6.118853664883635579e-01	6.118853664883635579e-01	6.118853664883635579e-01	5.899376624617049814e-01	6.118853664883635579e-01	6.220580730866009933e-01	6.118853664883635579e-01	5.867167223319480485e-01	5.932930531860769463e-01	6.118853664883635579e-01	6.465368431159099760e-01	6.649121474553749689e-01	6.118853664883635579e-01	6.299138851037170417e-01	5.745407317414600312e-01	7.214313068211040125e-01	6.118853664883635579e-01	6.118853664883635579e-01	6.349808912064099919e-01	5.852885395511080446e-01	6.313959620459790312e-01	6.219965872238409910e-01	6.117751372215129990e-01	6.118853664883635579e-01	5.930109643584240420e-01	6.118853664883635579e-01	6.042122850545189605e-01	5.744223978898149729e-01	6.118853664883635579e-01	6.118853664883635579e-01	6.118853664883635579e-01	6.118853664883635579e-01	6.132776659527320318e-01	6.118853664883635579e-01	6.118853664883635579e-01	6.118853664883635579e-01	6.317174724325580470e-01	6.118853664883635579e-01	5.416995122029609755e-01	6.118853664883635579e-01	6.118853664883635579e-01	6.123994283689110363e-01	6.118853664883635579e-01	6.118853664883635579e-01	6.118853664883635579e-01	6.118853664883635579e-01	6.118853664883635579e-01	6.118853664883635579e-01	6.118853664883635579e-01	6.118853664883635579e-01	6.118853664883635579e-01	6.118853664883635579e-01	6.666865835867790135e-01	6.660916866233660416e-01	6.326902059076270346e-01	6.118853664883635579e-01	6.677589918300349536e-01	6.172647836856499648e-01	6.658080254523149888e-01
6.118853664883635579e-01	6.453817402049619734e-01	6.118853664883635579e-01	6.118853664883635579e-01	6.455097636538660311e-01	9.999999999999980016e-01	6.369307263196349878e-01	5.964196037765300273e-01	6.118853664883635579e-01	5.935092115941520419e-01	6.380298626453250188e-01	6.809653181404380362e-01	6.663597444662600067e-01	6.118853664883635579e-01	6.118853664883635579e-01	6.118853664883635579e-01	6.176849720157010504e-01	5.200654838453739881e-01	5.612170608730859822e-01	6.275617628550279603e-01	6.129350907179940133e-01	6.118853664883635579e-01	5.787314291981230374e-01	5.816129263207260314e-01	5.915642139707160130e-01	6.118853664883635579e-01	5.334356049087900509e-01	5.799837059496999458e-01	6.118853664883635579e-01	5.904982485779850521e-01	5.779091722593320268e-01	6.118853664883635579e-01	6.118853664883635579e-01	6.552065471150909648e-01	5.813074259077519734e-01	6.118853664883635579e-01	5.712563519337320317e-01	6.118853664883635579e-01	6.118853664883635579e-01	6.118853664883635579e-01	5.593802108752969904e-01	6.396690618799489858e-01	6.395627866962659835e-01	6.118853664883635579e-01	6.118853664883635579e-01	5.776585096024280386e-01	5.420876685317810306e-01	6.118853664883635579e-01	6.308132669354959976e-01	6.118853664883635579e-01	6.173664243797170048e-01	6.118853664883635579e-01	6.118853664883635579e-01	6.118853664883635579e-01	6.193694136929369654e-01	6.118853664883635579e-01	6.226085741640120519e-01	5.343283872239229515e-01	6.118853664883635579e-01	6.118853664883635579e-01	6.300579457793860083e-01	5.666954211184900281e-01	5.827528282547059790e-01	5.912675306889170201e-01	6.118853664883635579e-01	6.118853664883635579e-01	5.473538052165209944e-01	6.118853664883635579e-01	6.118853664883635579e-01	6.219842321798260132e-01	6.135803739828730174e-01	6.118853664883635579e-01	5.643156298017729666e-01	6.118853664883635579e-01	6.000286355188919618e-01	6.118853664883635579e-01	6.049972659471150038e-01	6.259004606140560201e-01	6.613756903415759503e-01	6.118853664883635579e-01	6.380211295153189743e-01	5.476662044473520341e-01	6.118853664883635579e-01	6.118853664883635579e-01	6.118853664883635579e-01	6.163563680180580429e-01	6.118853664883635579e-01	6.118853664883635579e-01	6.118853664883635579e-01	6.269483957563449783e-01	6.118853664883635579e-01	6.278009139768819802e-01	6.118853664883635579e-01	6.118853664883635579e-01	5.938288523065780034e-01	6.118853664883635579e-01	6.118853664883635579e-01	5.831562816582049891e-01	6.457275405145620484e-01	6.118853664883635579e-01	6.428988155526289550e-01	6.118853664883635579e-01	6.006273013432209540e-01	6.118853664883635579e-01	6.337100899941769949e-01	6.322312952326170077e-01	6.118853664883635579e-01	6.118853664883635579e-01	5.329947526446100481e-01	5.280664544115080128e-01	5.542292399188259999e-01	6.118853664883635579e-01	6.036752671286109706e-01	6.640181861306779787e-01	6.118853664883635579e-01	6.118853664883635579e-01	6.074408208448079938e-01	6.118853664883635579e-01	6.118853664883635579e-01	6.118853664883635579e-01	6.118853664883635579e-01	6.314315662860240375e-01	5.845637956701049687e-01	6.100544551317580444e-01
6.423141624495839475e-01	6.362710493288780134e-01	6.118853664883635579e-01	5.502305638078229810e-01	7.428006747392289499e-01	6.369307263196349878e-01	9.999999999999990008e-01	7.120873098003710489e-01	6.118853664883635579e-01	6.465267613337200014e-01	6.633802376473759699e-01	7.083089120821139950e-01	6.380891554574390501e-01	5.992958237509879993e-01	6.090559686259160443e-01	6.118853664883635579e-01	6.118853664883635579e-01	6.118853664883635579e-01	5.497897105072550028e-01	7.039107333011780376e-01	6.118853664883635579e-01	6.118853664883635579e-01	6.118853664883635579e-01	5.823149667747280489e-01	6.813231552872029972e-01	6.118853664883635579e-01	5.349664585700439901e-01	6.118853664883635579e-01	5.571874605397060254e-01	6.118853664883635579e-01	5.884682169641539673e-01	6.118853664883635579e-01	6.118853664883635579e-01	6.026569102483190221e-01	5.795897783554629923e-01	6.118853664883635579e-01	6.118853664883635579e-01	6.118853664883635579e-01	6.118853664883635579e-01	6.118853664883635579e-01	5.996332919726069521e-01	7.126259211565949547e-01	6.118853664883635579e-01	6.118853664883635579e-01	5.179529414462840098e-01	6.298030263442320198e-01	6.118853664883635579e-01	6.259397172838030432e-01	5.985057739949120048e-01	6.118853664883635579e-01	6.118853664883635579e-01	6.006065693614840439e-01	6.118853664883635579e-01	6.021505049574360502e-01	6.206194133634159726e-01	6.011036142567890428e-01	6.287991688550129687e-01	6.118853664883635579e-01	6.118853664883635579e-01	6.118853664883635579e-01	6.254453732958940027e-01	6.118853664883635579e-01	6.118853664883635579e-01	6.118853664883635579e-01	5.333531610185080485e-01	6.118853664883635579e-01	5.639999203815959650e-01	6.118853664883635579e-01	6.118853664883635579e-01	6.297054878055919902e-01	6.014717454039619771e-01	6.118853664883635579e-01	5.767998339939149899e-01	6.118853664883635579e-01	5.838192222381689556e-01	6.118853664883635579e-01	6.118853664883635579e-01	6.008036351320880097e-01	6.118853664883635579e-01	5.795830046437250305e-01	6.118853664883635579e-01	6.118853664883635579e-01	6.118853664883635579e-01	6.118853664883635579e-01	6.118853664883635579e-01	6.118853664883635579e-01	6.118853664883635579e-01	6.162002382892549646e-01	6.118853664883635579e-01	6.118853664883635579e-01	6.520358083496500257e-01	6.118853664883635579e-01	6.118853664883635579e-01	5.337048260232259977e-01	5.821883988391319820e-01	6.001452233454820373e-01	6.118853664883635579e-01	5.952375391536059990e-01	6.118853664883635579e-01	6.581848489607939889e-01	6.735892368995359814e-01	6.118853664883635579e-01	6.118853664883635579e-01	5.342709133033870517e-01	6.183590397328080357e-01	5.949691308400130163e-01	6.225000787207080055e-01	5.745303867684450339e-01	5.553120798922329682e-01	6.118853664883635579e-01	5.668652927984400014e-01	5.966818370930510040e-01	6.022141627129500296e-01	6.076866126127640211e-01	6.118853664883635579e-01	6.118853664883635579e-01	6.118853664883635579e-01	6.118853664883635579e-01	6.450763313404780375e-01	6.118853664883635579e-01	6.430589575318600426e-01	6.118853664883635579e-01	6.118853664883635579e-01	6.118853664883635579e-01
6.905330336750610254e-01	6.653409028551660054e-01	6.118853664883635579e-01	6.118853664883635579e-01	6.118853664883635579e-01	5.964196037765300273e-01	7.120873098003710489e-01	1.000000000000000000e+00	6.118853664883635579e-01	6.118853664883635579e-01	6.376841640077780538e-01	6.720180253145470184e-01	6.118853664883635579e-01	5.434113839603770257e-01	6.118853664883635579e-01	6.118853664883635579e-01	6.118853664883635579e-01	6.118853664883635579e-01	5.760941733900889483e-01	6.566450832966299611e-01	6.118853664883635579e-01	6.140475245880050448e-01	7.194607458323439841e-01	6.346212289042719723e-01	7.160260927629700234e-01	6.118853664883635579e-01	5.929223612294599599e-01	6.118853664883635579e-01	6.118853664883635579e-01	6.334546285071339655e-01	6.118853664883635579e-01	5.637385132391899978e-01	5.817040415844659806e-01	6.118853664883635579e-01	5.984193117365189662e-01	5.685417601812879917e-01	6.118853664883635579e-01	6.118853664883635579e-01	6.118853664883635579e-01	5.634396419487229801e-01	6.378881938227669579e-01	6.118853664883635579e-01	6.326293454229120483e-01	5.894793770386049792e-01	5.402477741056790350e-01	6.118853664883635579e-01	5.752249136807350283e-01	6.118853664883635579e-01	6.127281964482309551e-01	6.118853664883635579e-01	6.396356974586070443e-01	6.118853664883635579e-01	5.465823685776840524e-01	5.748008579517239758e-01	6.118853664883635579e-01	5.804435374338320353e-01	6.118853664883635579e-01	5.720803735598589679e-01	6.118853664883635579e-01	5.854251108577329665e-01	6.070989433572699934e-01	6.118853664883635579e-01	6.118853664883635579e-01	5.902264380794469689e-01	6.118853664883635579e-01	6.187361507334979693e-01	6.118853664883635579e-01	6.080236101313679642e-01	6.118853664883635579e-01	5.941459690165420415e-01	6.118853664883635579e-01	6.305852299948120354e-01	5.899701633860180428e-01	6.118853664883635579e-01	5.587668345623599819e-01	5.911697121432729629e-01	6.849934326160790343e-01	5.662031832979700363e-01	6.118853664883635579e-01	6.118853664883635579e-01	6.118853664883635579e-01	6.118853664883635579e-01	6.118853664883635579e-01	6.689026735013019476e-01	5.918766419096830322e-01	6.030648630601029847e-01	6.118853664883635579e-01	5.888497150683039694e-01	6.118853664883635579e-01	6.118853664883635579e-01	6.309425958825789493e-01	5.743343890589539535e-01	5.262148149094419969e-01	6.118853664883635579e-01	6.118853664883635579e-01	5.596434881418500540e-01	6.118853664883635579e-01	6.118853664883635579e-01	5.708256537047949886e-01	6.016580505771109699e-01	6.118853664883635579e-01	5.648940668326200010e-01	5.685632735100130120e-01	6.118853664883635579e-01	5.810254815411639573e-01	5.602460747263510177e-01	6.118853664883635579e-01	5.829664498325429767e-01	5.937294044626110212e-01	5.818872846639889795e-01	6.118853664883635579e-01	6.118853664883635579e-01	6.088365891652219863e-01	6.118853664883635579e-01	6.118853664883635579e-01	6.716681564129439730e-01	6.118853664883635579e-01	6.118853664883635579e-01	6.722054441918270395e-01	6.664637637912199652e-01	6.118853664883635579e-01	6.566291145032699950e-01	6.118853664883635579e-01	6.787739895826929715e-01
6.118853664883635579e-01	6.668110813916700019e-01	6.118853664883635579e-01	5.710423646378729456e-01	6.852893660999189729e-01	6.118853664883635579e-01	6.118853664883635579e-01	6.118853664883635579e-01	1.000000000000000000e+00	6.946813989667539602e-01	6.118853664883635579e-01	6.533903113159650333e-01	6.118853664883635579e-01	6.118853664883635579e-01	6.118853664883635579e-01	6.348421091307500097e-01	6.118853664883635579e-01	6.118853664883635579e-01	5.883853097585209913e-01	6.118853664883635579e-01	6.118853664883635579e-01	6.140991017420680542e-01	6.118853664883635579e-01	6.118853664883635579e-01	6.118853664883635579e-01	6.118853664883635579e-01	6.069774703004899852e-01	6.118853664883635579e-01	6.118853664883635579e-01	6.118853664883635579e-01	6.417364130113270004e-01	5.645829367482959604e-01	5.963055663688839880e-01	6.561542283310609625e-01	6.084483128378059824e-01	6.118853664883635579e-01	6.118853664883635579e-01	6.118853664883635579e-01	6.118853664883635579e-01	5.823897586045170272e-01	6.258637650850069623e-01	6.605306227259419849e-01	6.118853664883635579e-01	6.118853664883635579e-01	5.469013164873960386e-01	6.118853664883635579e-01	5.847190596801939977e-01	6.118853664883635579e-01	6.118853664883635579e-01	6.118853664883635579e-01	6.118853664883635579e-01	5.805095717088449847e-01	6.118853664883635579e-01	6.118853664883635579e-01	6.040894581956309795e-01	5.842178482058320022e-01	6.118853664883635579e-01	5.766614079843730423e-01	5.832949317244340293e-01	5.867576227425880253e-01	6.214353354871180457e-01	6.118853664883635579e-01	6.515342081975380450e-01	5.951044763723849496e-01	5.642321777142810246e-01	6.118853664883635579e-01	6.118853664883635579e-01	6.118853664883635579e-01	6.118853664883635579e-01	6.118853664883635579e-01	5.754384952432629596e-01	6.118853664883635579e-01	6.118853664883635579e-01	6.118853664883635579e-01	5.773719198376580097e-01	5.886518161090950052e-01	6.118853664883635579e-01	5.771111093550389537e-01	6.051410467562120532e-01	6.118853664883635579e-01	6.118853664883635579e-01	5.999875082344590105e-01	5.859838355599570336e-01	6.118853664883635579e-01	6.118853664883635579e-01	6.118853664883635579e-01	6.118853664883635579e-01	6.118853664883635579e-01	6.118853664883635579e-01	5.976908649335570534e-01	6.118853664883635579e-01	5.705211180195840504e-01	5.335503152814049521e-01	5.330662180336650513e-01	5.285087861867580061e-01	5.585724774169680273e-01	5.950829420683170223e-01	6.118853664883635579e-01	6.118853664883635579e-01	6.118853664883635579e-01	5.826769248522749578e-01	5.613016939433179697e-01	5.526979649429909491e-01	6.118853664883635579e-01	5.714879112694729590e-01	6.118853664883635579e-01	5.789562871248059572e-01	5.992730423953599450e-01	6.118853664883635579e-01	5.885269142455800129e-01	6.118853664883635579e-01	6.560925927393309598e-01	6.118853664883635579e-01	6.118853664883635579e-01	6.118853664883635579e-01	6.118853664883635579e-01	6.118853664883635579e-01	6.595139595314000180e-01	6.675040236793680082e-01	6.118853664883635579e-01	6.118853664883635579e-01	6.118853664883635579e-01	6.636003250552140464e-01	6.118853664883635579e-01
7.031816301614499665e-01	6.724818550616019630e-01	6.586848977371709823e-01	5.761942062522870112e-01	6.118853664883635579e-01	5.935092115941520419e-01	6.465267613337200014e-01	6.118853664883635579e-01	6.946813989667539602e-01	1.000000000000000000e+00	6.697778697531230341e-01	6.118853664883635579e-01	6.091358149235139852e-01	6.118853664883635579e-01	6.118853664883635579e-01	6.319281214751879538e-01	5.692804676406559850e-01	5.418203000555460447e-01	6.118853664883635579e-01	6.608788199370130290e-01	6.118853664883635579e-01	6.118853664883635579e-01	6.936196909248589781e-01	6.118853664883635579e-01	6.118853664883635579e-01	6.918780948675760101e-01	6.118853664883635579e-01	6.118853664883635579e-01	6.118853664883635579e-01	6.118853664883635579e-01	6.118853664883635579e-01	6.118853664883635579e-01	6.118853664883635579e-01	6.430901607090110383e-01	5.906856131151819733e-01	5.965145176598209975e-01	6.118853664883635579e-01	6.118853664883635579e-01	6.088625595593929463e-01	6.118853664883635579e-01	6.118853664883635579e-01	5.902314304605980055e-01	6.251525010901070045e-01	6.118853664883635579e-01	5.427208416235349553e-01	6.128868773283669968e-01	6.118853664883635579e-01	6.118853664883635579e-01	6.284692825224570401e-01	6.140097300093440014e-01	6.579392880581500513e-01	5.695054134287550474e-01	6.118853664883635579e-01	5.727421587782569601e-01	6.023295146188959448e-01	6.118853664883635579e-01	6.118853664883635579e-01	5.860847216177610397e-01	6.118853664883635579e-01	6.118853664883635579e-01	6.062401668670369670e-01	5.948971886174130308e-01	6.118853664883635579e-01	6.118853664883635579e-01	6.118853664883635579e-01	6.216365085062960372e-01	6.070326795427429811e-01	6.118853664883635579e-01	6.118853664883635579e-01	6.118853664883635579e-01	5.701147244354229926e-01	6.118853664883635579e-01	6.118853664883635579e-01	6.097912331180780354e-01	6.118853664883635579e-01	6.118853664883635579e-01	6.865094784311720488e-01	5.478139890034600112e-01	6.118853664883635579e-01	5.845387595325359786e-01	6.118853664883635579e-01	6.118853664883635579e-01	6.118853664883635579e-01	6.445828552326210437e-01	6.118853664883635579e-01	6.118853664883635579e-01	6.118853664883635579e-01	5.703656917167929663e-01	6.982755371512809894e-01	5.923691150261980454e-01	6.238084765069310533e-01	6.118853664883635579e-01	5.305507958375610400e-01	5.366847037291460065e-01	6.118853664883635579e-01	6.118853664883635579e-01	6.118853664883635579e-01	6.118853664883635579e-01	5.692590824187350185e-01	6.118853664883635579e-01	5.742332067293689501e-01	6.118853664883635579e-01	5.734063457539809727e-01	6.118853664883635579e-01	5.747731621079299469e-01	5.569771549112390030e-01	6.118853664883635579e-01	5.855493625773739996e-01	5.834809687718109927e-01	5.904840166169980087e-01	6.118853664883635579e-01	6.574002215167199514e-01	5.927810592292720449e-01	6.118853664883635579e-01	6.118853664883635579e-01	6.785083325450419478e-01	6.118853664883635579e-01	6.118853664883635579e-01	6.118853664883635579e-01	6.118853664883635579e-01	5.593169704754880067e-01	6.118853664883635579e-01	6.118853664883635579e-01	6.118853664883635579e-01
6.616749071993129894e-01	6.118853664883635579e-01	6.118853664883635579e-01	6.118853664883635579e-01	6.118853664883635579e-01	6.380298626453250188e-01	6.633802376473759699e-01	6.376841640077780538e-01	6.118853664883635579e-01	6.697778697531230341e-01	1.000000000000000000e+00	6.118853664883635579e-01	6.118853664883635579e-01	6.118853664883635579e-01	6.072511832978659818e-01	6.118853664883635579e-01	6.118853664883635579e-01	5.322022321031899539e-01	5.814631812067529992e-01	6.118853664883635579e-01	5.975890662453869906e-01	5.971451623874100001e-01	6.342721547177370134e-01	6.055234115018840457e-01	6.118853664883635579e-01	6.911316208186579768e-01	5.843553893227589890e-01	6.327002841918220044e-01	6.118853664883635579e-01	6.118853664883635579e-01	6.053956620950240453e-01	6.118853664883635579e-01	6.118853664883635579e-01	6.118853664883635579e-01	6.118853664883635579e-01	6.118853664883635579e-01	6.118853664883635579e-01	6.118853664883635579e-01	6.055650366532610018e-01	6.118853664883635579e-01	5.932884673314480217e-01	6.118853664883635579e-01	6.397536678411339661e-01	6.118853664883635579e-01	6.118853664883635579e-01	6.118853664883635579e-01	5.784466214879260271e-01	6.118853664883635579e-01	6.433105470902029666e-01	6.118853664883635579e-01	6.872069526955389973e-01	6.078482194147439843e-01	6.118853664883635579e-01	6.118853664883635579e-01	6.360480995999580056e-01	5.911150354563170506e-01	6.381178329838389507e-01	5.794362863113079465e-01	6.118853664883635579e-01	5.812990467750399626e-01	6.118853664883635579e-01	6.235144124579520275e-01	6.557280287021189924e-01	6.033224385105140364e-01	6.118853664883635579e-01	6.483349912649359892e-01	5.751974363125079703e-01	6.118853664883635579e-01	6.118853664883635579e-01	6.150914202218630278e-01	6.118853664883635579e-01	6.118853664883635579e-01	6.118853664883635579e-01	6.118853664883635579e-01	5.901202887207239733e-01	6.118853664883635579e-01	6.551116153537199782e-01	5.608011301248480018e-01	5.992845438226950261e-01	6.118853664883635579e-01	6.118853664883635579e-01	6.196747335069699991e-01	6.036653995565770536e-01	6.118853664883635579e-01	5.908574202346980053e-01	5.737229698031740543e-01	6.118853664883635579e-01	5.870852989323119830e-01	6.118853664883635579e-01	6.168723041443739952e-01	6.118853664883635579e-01	5.746191255928460029e-01	5.716701366350049884e-01	6.118853664883635579e-01	5.517329321923439833e-01	6.118853664883635579e-01	6.104809405116690124e-01	6.066684330129540337e-01	6.137573630096020416e-01	6.484085742624450255e-01	6.114026874851119508e-01	6.118853664883635579e-01	6.029421038208290229e-01	6.118853664883635579e-01	6.023558943595289650e-01	5.931890014476780548e-01	5.962315829053500549e-01	6.118853664883635579e-01	6.118853664883635579e-01	6.118853664883635579e-01	5.696700524156460554e-01	6.118853664883635579e-01	6.118853664883635579e-01	6.198434231179680287e-01	6.118853664883635579e-01	6.571924174967279653e-01	6.133017829025360079e-01	6.118853664883635579e-01	6.730839449238139593e-01	6.118853664883635579e-01	6.068035213453639720e-01	6.559863365264020363e-01	6.294836764756459591e-01	6.118853664883635579e-01
6.118853664883635579e-01	6.549919059801000421e-01	6.341338838271589617e-01	5.558617071157869738e-01	6.118853664883635579e-01	6.809653181404380362e-01	7.083089120821139950e-01	6.720180253145470184e-01	6.533903113159650333e-01	6.118853664883635579e-01	6.118853664883635579e-01	1.000000000000000000e+00	6.118853664883635579e-01	5.986761072565609521e-01	6.101265024158809558e-01	5.841305085771060224e-01	6.118853664883635579e-01	5.110162890659359913e-01	5.702687788619830167e-01	6.118853664883635579e-01	6.057569863784779685e-01	5.860441205189580449e-01	6.635661480972570025e-01	6.118853664883635579e-01	6.118853664883635579e-01	6.936889628367639560e-01	5.387100646757749800e-01	6.247159789146740083e-01	6.118853664883635579e-01	6.118853664883635579e-01	5.970827306056739614e-01	6.118853664883635579e-01	6.118853664883635579e-01	6.118853664883635579e-01	6.118853664883635579e-01	6.118853664883635579e-01	5.796731948686559832e-01	5.577265032010739754e-01	5.755045893539699753e-01	6.118853664883635579e-01	6.118853664883635579e-01	6.118853664883635579e-01	6.449100125468240075e-01	6.118853664883635579e-01	5.042566245979399620e-01	6.028953515794109874e-01	5.369717792021200253e-01	6.343497458526280441e-01	6.118853664883635579e-01	6.118853664883635579e-01	6.118853664883635579e-01	6.167507892896919586e-01	5.830044634141640092e-01	6.065499962637640463e-01	6.118853664883635579e-01	6.269506871380799984e-01	6.417782024800759988e-01	5.445659202678350130e-01	5.635243371586200478e-01	6.118853664883635579e-01	6.406691264547870190e-01	5.790028647485729874e-01	6.870513425048679901e-01	6.205089207135809914e-01	6.118853664883635579e-01	6.118853664883635579e-01	6.118853664883635579e-01	6.118853664883635579e-01	5.912724042208450381e-01	6.118853664883635579e-01	6.289188986906549816e-01	6.256116247860930013e-01	5.625635155313150060e-01	5.904054885014600185e-01	5.964728758292270339e-01	6.337867492869440067e-01	6.118853664883635579e-01	6.118853664883635579e-01	6.356583591800050170e-01	6.118853664883635579e-01	6.118853664883635579e-01	6.118853664883635579e-01	6.118853664883635579e-01	6.118853664883635579e-01	6.118853664883635579e-01	6.406710650467980495e-01	6.458930948107469705e-01	6.298673785785520174e-01	6.877723384255930439e-01	6.093462811379020128e-01	6.735521203339179808e-01	6.219470462871230509e-01	5.753494927029280115e-01	5.366478640769509756e-01	6.172326893476890453e-01	6.118853664883635579e-01	6.507347823232969564e-01	6.118853664883635579e-01	6.313473003698230057e-01	6.118853664883635579e-01	6.721255211871559609e-01	6.363156957077600318e-01	6.199921059215679486e-01	5.262865800583289566e-01	6.494430881599090322e-01	6.118853664883635579e-01	6.118853664883635579e-01	6.118853664883635579e-01	6.118853664883635579e-01	6.118853664883635579e-01	5.733632790309769467e-01	6.017742869323069455e-01	6.118853664883635579e-01	6.118853664883635579e-01	6.118853664883635579e-01	6.118853664883635579e-01	6.118853664883635579e-01	6.647774978254600287e-01	6.118853664883635579e-01	6.118853664883635579e-01	6.891221223961609965e-01	6.118853664883635579e-01	6.118853664883635579e-01	6.118853664883635579e-01
