1.000000000000309974e+00	7.442193542337409706e-01	4.867272886017469657e-01	5.732260642836739528e-01	4.867272886017469657e-01	6.252907828326029760e-01	4.867272886017469657e-01	4.867272886017469657e-01	6.206086186113409786e-01	5.379343573391529576e-01	4.867272886017469657e-01	4.867272886017469657e-01	4.867272886017469657e-01	4.867272886017469657e-01	4.867272886017469657e-01	4.867272886017469657e-01	4.867272886017469657e-01	5.790646251394739874e-01	4.867272886017469657e-01	4.867272886017469657e-01	5.868573644593350069e-01	4.867272886017469657e-01	5.329092573866479610e-01	4.867272886017469657e-01	5.339247822029240531e-01	6.332247073133679960e-01	5.930498875183140006e-01	5.292424888875210121e-01	4.867272886017469657e-01	4.867272886017469657e-01	4.867272886017469657e-01	4.867272886017469657e-01	4.867272886017469657e-01	6.549774271519219759e-01	4.870760429436319927e-01	6.178456240072009997e-01	4.867272886017469657e-01	6.327192562103459705e-01	4.867272886017469657e-01	4.867272886017469657e-01	4.867272886017469657e-01	4.867272886017469657e-01	4.867272886017469657e-01	4.867272886017469657e-01	6.303536327788860083e-01	4.805589073738890105e-01	4.867272886017469657e-01	4.867272886017469657e-01	5.489197063136269650e-01	5.615686217226849575e-01	6.379614094362090482e-01	4.867272886017469657e-01	4.867272886017469657e-01	4.867272886017469657e-01	5.095680629047329990e-01	4.867272886017469657e-01	3.801228417976810214e-01	4.867272886017469657e-01	4.867272886017469657e-01	4.867272886017469657e-01	5.648304013307380300e-01	5.312817754149019578e-01	4.867272886017469657e-01	4.867272886017469657e-01	4.867272886017469657e-01	5.438864644184959740e-01	5.485337562268609579e-01	5.167638370140860138e-01	4.867272886017469657e-01	4.867272886017469657e-01	4.663425732620259945e-01	4.499787206978749787e-01	5.785835217916750484e-01	6.492833463094389579e-01	4.867272886017469657e-01	4.867272886017469657e-01	4.867272886017469657e-01	4.867272886017469657e-01	5.943808885434129774e-01	4.867272886017469657e-01	4.867272886017469657e-01	4.438049927754330048e-01	4.358852755283439961e-01	5.749682970337669508e-01	4.529682109506210086e-01	4.442167167194649990e-01	5.600121430961489954e-01	4.867272886017469657e-01	8.159918135484800494e-01	5.415006130710009469e-01	4.867272886017469657e-01	5.850850081631440158e-01	4.867272886017469657e-01	4.218055407736089890e-01	4.867272886017469657e-01	4.867272886017469657e-01	6.211606932944579995e-01	3.907974417470059803e-01	4.867272886017469657e-01	4.867272886017469657e-01	4.867272886017469657e-01	4.867272886017469657e-01	4.867272886017469657e-01	4.867272886017469657e-01	4.867272886017469657e-01	4.504900087934859965e-01	4.867272886017469657e-01	5.490571721171799702e-01	4.582199338024779967e-01	4.725964635815440018e-01	6.177678758814829640e-01	4.867272886017469657e-01	4.867272886017469657e-01	4.867272886017469657e-01	6.279465248821579637e-01	7.426771477965999901e-01	4.867272886017469657e-01	8.214605469040130448e-01	4.867272886017469657e-01	4.867272886017469657e-01	6.523895682890870074e-01	6.143421904375500064e-01	4.867272886017469657e-01	4.867272886017469657e-01
7.442193542337409706e-01	1.000000000000069944e+00	4.867272886017469657e-01	5.397156846144549602e-01	5.436968779978870181e-01	4.867272886017469657e-01	4.867272886017469657e-01	4.867272886017469657e-01	5.313955431472310309e-01	4.867272886017469657e-01	5.547119743603009523e-01	4.867272886017469657e-01	4.867272886017469657e-01	4.867272886017469657e-01	1.000000000000000021e-03	5.261530397943250392e-01	3.917400638635060162e-01	4.867272886017469657e-01	4.821048969849829890e-01	4.867272886017469657e-01	4.867272886017469657e-01	4.130764492683199895e-01	4.986296578681779779e-01	4.867272886017469657e-01	4.931601345607219966e-01	4.867272886017469657e-01	5.505873792307930392e-01	4.867272886017469657e-01	4.867272886017469657e-01	4.867272886017469657e-01	5.388751121432500124e-01	4.867272886017469657e-01	4.867272886017469657e-01	5.727465244121809906e-01	3.988388807843120110e-01	5.649624162597269850e-01	4.464996515535959998e-01	4.867272886017469657e-01	3.932461225368230062e-01	4.867272886017469657e-01	4.867272886017469657e-01	4.863180825407980024e-01	4.867272886017469657e-01	3.902224064054000130e-01	5.283846987874559753e-01	4.867272886017469657e-01	4.867272886017469657e-01	4.867272886017469657e-01	5.230251446934639503e-01	5.067931314130630360e-01	5.666356728604839965e-01	4.592022299656040030e-01	4.867272886017469657e-01	4.867272886017469657e-01	4.270259116114529796e-01	4.867272886017469657e-01	4.867272886017469657e-01	3.979997174606170196e-01	4.252226750772110098e-01	3.344547729655290014e-01	4.867272886017469657e-01	4.654059277291690000e-01	5.988831513211739788e-01	3.774154409412029954e-01	4.867272886017469657e-01	5.198789451423739827e-01	4.648435637771439755e-01	4.867272886017469657e-01	4.214629597441679754e-01	4.867272886017469657e-01	4.107494712653109725e-01	3.731976490832359938e-01	5.053956188537630512e-01	4.867272886017469657e-01	4.867272886017469657e-01	4.867272886017469657e-01	5.778920556764439720e-01	4.867272886017469657e-01	4.982636116785399971e-01	4.867272886017469657e-01	5.528344789549130001e-01	4.867272886017469657e-01	4.867272886017469657e-01	4.867272886017469657e-01	3.648427749274399945e-01	4.867272886017469657e-01	4.830438253567440055e-01	5.850341674173830109e-01	7.616787075773500115e-01	4.867272886017469657e-01	5.507081110025060511e-01	4.867272886017469657e-01	3.703934312686740227e-01	3.651347001442329931e-01	3.555059641741110110e-01	4.867272886017469657e-01	5.782509370521869974e-01	4.867272886017469657e-01	4.867272886017469657e-01	4.867272886017469657e-01	5.332019892159070018e-01	3.618183317013369815e-01	4.867272886017469657e-01	3.664695533581480147e-01	3.360690953499830269e-01	4.867272886017469657e-01	5.523586644303409843e-01	4.867272886017469657e-01	4.867272886017469657e-01	4.867272886017469657e-01	4.867272886017469657e-01	5.072820692401880383e-01	4.867272886017469657e-01	5.477642229158810050e-01	5.454345108925430230e-01	4.867272886017469657e-01	7.120763039185680210e-01	4.867272886017469657e-01	6.670520405136870501e-01	5.187502111396490312e-01	5.884912752768509669e-01	5.716563076295420043e-01	5.726598740345000271e-01	4.867272886017469657e-01
4.867272886017469657e-01	4.867272886017469657e-01	1.000000000000089928e+00	5.428386331389559727e-01	4.867272886017469657e-01	6.365580432650189691e-01	4.867272886017469657e-01	4.867272886017469657e-01	4.867272886017469657e-01	4.945607041019660088e-01	4.867272886017469657e-01	4.459315228647369733e-01	4.867272886017469657e-01	5.111802161886159768e-01	1.000000000000000021e-03	5.587062810749949815e-01	4.867272886017469657e-01	5.949150455351249756e-01	4.867272886017469657e-01	4.881591460414470007e-01	5.912888072368599479e-01	3.660906992185650188e-01	5.029087328804290324e-01	4.867272886017469657e-01	4.867272886017469657e-01	4.867272886017469657e-01	5.543218069723240271e-01	4.867272886017469657e-01	4.867272886017469657e-01	4.867272886017469657e-01	5.706246795997339527e-01	4.867272886017469657e-01	6.367746156637440480e-01	4.867272886017469657e-01	4.867272886017469657e-01	4.867272886017469657e-01	4.867272886017469657e-01	5.738893035152059507e-01	4.867272886017469657e-01	4.867272886017469657e-01	4.802298248380060253e-01	4.817349123836809910e-01	4.867272886017469657e-01	4.367899907630530265e-01	4.867272886017469657e-01	4.996746462026310232e-01	4.867272886017469657e-01	4.867272886017469657e-01	5.028256488482190090e-01	5.192987801929650482e-01	6.546530327153390338e-01	4.521666405049080129e-01	4.867272886017469657e-01	4.867272886017469657e-01	4.884936431734540063e-01	6.681145296642050369e-01	4.867272886017469657e-01	3.429118403506830060e-01	4.826267983880609957e-01	3.444952776582069776e-01	4.955020198744510274e-01	5.086182493152520134e-01	6.402306465329340446e-01	4.661431635197270107e-01	4.867272886017469657e-01	4.867272886017469657e-01	5.389029145923069919e-01	4.867272886017469657e-01	4.867272886017469657e-01	4.192025747672519786e-01	4.867272886017469657e-01	4.867272886017469657e-01	5.529089187825619867e-01	4.867272886017469657e-01	5.781414558460660214e-01	3.188636802838890061e-01	4.867272886017469657e-01	4.867272886017469657e-01	5.756836366265180027e-01	5.726135965970700070e-01	6.211622007731399941e-01	4.867272886017469657e-01	4.867272886017469657e-01	6.180727305005150329e-01	4.867272886017469657e-01	4.709158511514440204e-01	4.867272886017469657e-01	6.148308460672059494e-01	4.867272886017469657e-01	4.951840118769409993e-01	5.178663267794449965e-01	5.677886128555149625e-01	4.335760419204319760e-01	4.867272886017469657e-01	4.867272886017469657e-01	6.243659568839919904e-01	4.867272886017469657e-01	4.867272886017469657e-01	4.867272886017469657e-01	4.867272886017469657e-01	4.867272886017469657e-01	4.867272886017469657e-01	3.935829327980679970e-01	4.867272886017469657e-01	4.867272886017469657e-01	4.867272886017469657e-01	4.867272886017469657e-01	4.867272886017469657e-01	4.080293252836619811e-01	4.650794547875179985e-01	4.867272886017469657e-01	5.944103581397790492e-01	4.867272886017469657e-01	5.431956042172749743e-01	4.867272886017469657e-01	4.867272886017469657e-01	4.867272886017469657e-01	7.886515207817329509e-01	7.557055367840910254e-01	5.286534108548349709e-01	4.867272886017469657e-01	6.016581081952749877e-01	4.867272886017469657e-01	4.867272886017469657e-01
5.732260642836739528e-01	5.397156846144549602e-01	5.428386331389559727e-01	9.999999999998450129e-01	5.466958632510979799e-01	5.114890128868889718e-01	5.555868137822249642e-01	5.076046272690579730e-01	4.867272886017469657e-01	5.194098743124140327e-01	5.477154248591250552e-01	4.867272886017469657e-01	5.888349881962869903e-01	5.162043824351899568e-01	1.000000000000000021e-03	4.867272886017469657e-01	4.288533659270710174e-01	4.867272886017469657e-01	4.867272886017469657e-01	4.867272886017469657e-01	5.431316168225299723e-01	4.867272886017469657e-01	5.361118537582749699e-01	4.867272886017469657e-01	4.867272886017469657e-01	5.592498298437520443e-01	6.212311376792619688e-01	5.576265002894520428e-01	4.867272886017469657e-01	4.867272886017469657e-01	6.233194536203660041e-01	5.109547044087150436e-01	4.867272886017469657e-01	4.867272886017469657e-01	4.360361175957819801e-01	6.165202769741100486e-01	4.867272886017469657e-01	4.867272886017469657e-01	4.867272886017469657e-01	4.867272886017469657e-01	4.867272886017469657e-01	5.557234756821379795e-01	4.867272886017469657e-01	4.275422339143549744e-01	6.190081722065440273e-01	4.668793340889780263e-01	4.867272886017469657e-01	4.867272886017469657e-01	6.712191027741220006e-01	4.867272886017469657e-01	4.995114710579710016e-01	4.867272886017469657e-01	5.214761800545230086e-01	3.747286341328859849e-01	4.867272886017469657e-01	5.516750280139900431e-01	4.867272886017469657e-01	4.876493254894370133e-01	4.657539967589979790e-01	3.800941677602949764e-01	6.050623288101339980e-01	4.867272886017469657e-01	4.867272886017469657e-01	4.163874337281989746e-01	4.867272886017469657e-01	6.213466094089049596e-01	4.867272886017469657e-01	5.421332645153540408e-01	5.613460493564059739e-01	3.148873149673310223e-01	4.601139663255299772e-01	3.927406623488829962e-01	4.867272886017469657e-01	6.292568258079149768e-01	6.039392695367820085e-01	4.797329927686079798e-01	4.867272886017469657e-01	4.867272886017469657e-01	4.867272886017469657e-01	5.679020105375499616e-01	4.867272886017469657e-01	4.198318259706890210e-01	4.221617917910879814e-01	4.501565029788279770e-01	4.867272886017469657e-01	4.867272886017469657e-01	5.172497930143450384e-01	4.867272886017469657e-01	6.001767544823269906e-01	5.740078332879080536e-01	4.867272886017469657e-01	5.513602498203680202e-01	3.826882663740769908e-01	4.867272886017469657e-01	4.041127456404430274e-01	5.762430704003359550e-01	6.023586318254769978e-01	4.867272886017469657e-01	4.867272886017469657e-01	5.672591618361689791e-01	4.867272886017469657e-01	4.867272886017469657e-01	4.867272886017469657e-01	4.867272886017469657e-01	4.867272886017469657e-01	4.726670675454400228e-01	4.867272886017469657e-01	5.167648567756639721e-01	5.569084248671419823e-01	4.867272886017469657e-01	4.867272886017469657e-01	5.464323156802569637e-01	5.416050649003369966e-01	4.867272886017469657e-01	5.697122277337800522e-01	5.744511226064610288e-01	4.867272886017469657e-01	5.723802752753639478e-01	5.784361448205049827e-01	4.867272886017469657e-01	5.829780910968800356e-01	4.867272886017469657e-01	5.330474899054670201e-01	5.303170570768289682e-01
4.867272886017469657e-01	5.436968779978870181e-01	4.867272886017469657e-01	5.466958632510979799e-01	9.999999999998030464e-01	4.867272886017469657e-01	6.337085378434470506e-01	4.867272886017469657e-01	4.867272886017469657e-01	4.867272886017469657e-01	4.867272886017469657e-01	5.513993687010579903e-01	4.867272886017469657e-01	4.867272886017469657e-01	4.867272886017469657e-01	4.867272886017469657e-01	3.660639431099029784e-01	4.867272886017469657e-01	4.867272886017469657e-01	4.867272886017469657e-01	4.867272886017469657e-01	4.867272886017469657e-01	4.867272886017469657e-01	5.122411194865359452e-01	5.808619131158310189e-01	4.867272886017469657e-01	5.381116733274460273e-01	4.867272886017469657e-01	4.867272886017469657e-01	3.852111440035940193e-01	5.267556517782420178e-01	4.867272886017469657e-01	4.876382778007170016e-01	5.790741426701560002e-01	4.867272886017469657e-01	5.414976702016539578e-01	4.252153910854040153e-01	5.564285922083429536e-01	4.867272886017469657e-01	5.231786973512759786e-01	4.867272886017469657e-01	5.477161912679640032e-01	4.867272886017469657e-01	4.867272886017469657e-01	5.259706125658889508e-01	4.237705866806940058e-01	3.632898079618789855e-01	3.982186709064450270e-01	4.867272886017469657e-01	4.967247223807290113e-01	4.867272886017469657e-01	4.867272886017469657e-01	4.867272886017469657e-01	4.867272886017469657e-01	4.259708975848460200e-01	4.861907038882080090e-01	4.867272886017469657e-01	4.867272886017469657e-01	4.060255302661530119e-01	3.490930428852029865e-01	5.657097229881310474e-01	4.867272886017469657e-01	6.241815423086689574e-01	4.867272886017469657e-01	4.867272886017469657e-01	5.190659795090639683e-01	4.472633275905250061e-01	4.867272886017469657e-01	4.512439130579640190e-01	4.867272886017469657e-01	4.059322639047249770e-01	3.658058166942810274e-01	4.867272886017469657e-01	4.867272886017469657e-01	4.867272886017469657e-01	4.283870419445909850e-01	6.011441756235219591e-01	4.867272886017469657e-01	4.643402352823269852e-01	5.007222177221910542e-01	6.148858527512059968e-01	4.867272886017469657e-01	3.601905097164679881e-01	4.203952990537260237e-01	4.867272886017469657e-01	4.867272886017469657e-01	4.508152666011450149e-01	4.867272886017469657e-01	4.867272886017469657e-01	4.867272886017469657e-01	4.867272886017469657e-01	4.733831066332500059e-01	4.867272886017469657e-01	3.517769553420049822e-01	3.871596752388100082e-01	4.967986186280379801e-01	5.632002028369520463e-01	4.867272886017469657e-01	4.867272886017469657e-01	5.157896118399849517e-01	4.867272886017469657e-01	3.370054331199029973e-01	4.867272886017469657e-01	4.246486381503140062e-01	3.051756131235159875e-01	4.867272886017469657e-01	5.690123302582159592e-01	4.334675577380789901e-01	4.501854209326189848e-01	4.867272886017469657e-01	4.867272886017469657e-01	4.867272886017469657e-01	4.867272886017469657e-01	4.867272886017469657e-01	5.436688214818270470e-01	4.867272886017469657e-01	4.867272886017469657e-01	4.867272886017469657e-01	4.867272886017469657e-01	4.867272886017469657e-01	6.454837071448089603e-01	4.867272886017469657e-01	5.474512311173119761e-01	4.867272886017469657e-01
6.252907828326029760e-01	4.867272886017469657e-01	6.365580432650189691e-01	5.114890128868889718e-01	4.867272886017469657e-01	1.000000000000039968e+00	5.855825695886179849e-01	5.223153104889539655e-01	6.042596165642869499e-01	4.198693809200609861e-01	4.494471863058350225e-01	4.867272886017469657e-01	5.633072283718989492e-01	4.867272886017469657e-01	1.000000000000000021e-03	4.762024422200120122e-01	5.457257470597379756e-01	5.495802739297890316e-01	4.867272886017469657e-01	4.353714853003500251e-01	4.867272886017469657e-01	4.867272886017469657e-01	4.867272886017469657e-01	4.357463891142530077e-01	4.559397976199550118e-01	4.867272886017469657e-01	4.867272886017469657e-01	4.773841568807429825e-01	4.867272886017469657e-01	4.867272886017469657e-01	5.349516006637250465e-01	4.867272886017469657e-01	5.928670264447090110e-01	4.867272886017469657e-01	4.867272886017469657e-01	5.370894792788799554e-01	4.867272886017469657e-01	4.867272886017469657e-01	4.470683439096380107e-01	4.867272886017469657e-01	4.332338132846009771e-01	4.867272886017469657e-01	5.566890690542960485e-01	4.867272886017469657e-01	5.912292193702649579e-01	4.867272886017469657e-01	4.867272886017469657e-01	4.779368694054970113e-01	4.831502431011889809e-01	4.867272886017469657e-01	4.867272886017469657e-01	4.867272886017469657e-01	4.445256617442889802e-01	4.867272886017469657e-01	4.644473612905820059e-01	6.060400523790889782e-01	2.988289818311279933e-01	4.867272886017469657e-01	4.867272886017469657e-01	4.867272886017469657e-01	4.479736929642250121e-01	4.477954074275630192e-01	5.675200352416429617e-01	4.304206054162559858e-01	3.931779303144449789e-01	4.867272886017469657e-01	4.867272886017469657e-01	4.867272886017469657e-01	4.069764317462850056e-01	4.867272886017469657e-01	4.867272886017469657e-01	4.867272886017469657e-01	5.322473346077689627e-01	5.629583030666830412e-01	4.867272886017469657e-01	3.037289200224759789e-01	5.871581468877019594e-01	5.351327812373259940e-01	4.867272886017469657e-01	4.867272886017469657e-01	4.867272886017469657e-01	3.805715997444290011e-01	3.718362310786659797e-01	5.709056383602519880e-01	4.867272886017469657e-01	4.867272886017469657e-01	4.549798360052759727e-01	5.534541158690540197e-01	6.061079228732280111e-01	4.316261771116650103e-01	4.867272886017469657e-01	4.867272886017469657e-01	4.867272886017469657e-01	3.592688619742769873e-01	3.379857431569159854e-01	6.090274210539380340e-01	5.452002519801909530e-01	3.055123557926319733e-01	4.445538823309669874e-01	4.867272886017469657e-01	4.867272886017469657e-01	4.867272886017469657e-01	3.602385757550140011e-01	2.885460600221200211e-01	3.776273742552839763e-01	4.867272886017469657e-01	4.867272886017469657e-01	4.867272886017469657e-01	4.025108469341779904e-01	4.867272886017469657e-01	4.994107295532930202e-01	4.867272886017469657e-01	5.221837426112470038e-01	4.867272886017469657e-01	5.586493467186010031e-01	6.061592410203999748e-01	6.128147017959669762e-01	6.172274275328939463e-01	4.867272886017469657e-01	4.867272886017469657e-01	4.867272886017469657e-01	4.867272886017469657e-01	5.703349565308080127e-01	5.562187407074390411e-01
4.867272886017469657e-01	4.867272886017469657e-01	4.867272886017469657e-01	5.555868137822249642e-01	6.337085378434470506e-01	5.855825695886179849e-01	1.000000000000049960e+00	6.933861538950629733e-01	7.066780844866290545e-01	4.867272886017469657e-01	4.867272886017469657e-01	5.124516262789809984e-01	5.859341489119229696e-01	4.867272886017469657e-01	1.000000000000000021e-03	5.242382927566510142e-01	4.867272886017469657e-01	5.389747755906030280e-01	4.867272886017469657e-01	5.760614641816840242e-01	5.132273503897120115e-01	3.908199173146960081e-01	4.867272886017469657e-01	4.867272886017469657e-01	4.867272886017469657e-01	4.867272886017469657e-01	4.867272886017469657e-01	6.401919801891069461e-01	3.091074773899000205e-01	4.867272886017469657e-01	4.867272886017469657e-01	4.867272886017469657e-01	4.867272886017469657e-01	6.244950026231560480e-01	4.867272886017469657e-01	5.558492986555310100e-01	4.867272886017469657e-01	5.715539568445290319e-01	4.867272886017469657e-01	4.867272886017469657e-01	4.867272886017469657e-01	6.318686906622430488e-01	5.358340787570500252e-01	4.250119144970910257e-01	5.712598558429800022e-01	4.867272886017469657e-01	4.867272886017469657e-01	4.867272886017469657e-01	4.867272886017469657e-01	4.867272886017469657e-01	5.719194858650440416e-01	4.867272886017469657e-01	4.659310734968459822e-01	4.867272886017469657e-01	4.645863529454259955e-01	4.867272886017469657e-01	4.867272886017469657e-01	4.867272886017469657e-01	4.477274194154839959e-01	4.867272886017469657e-01	5.423376471186529546e-01	4.656921377956970143e-01	4.867272886017469657e-01	4.052115063873110157e-01	4.867272886017469657e-01	5.177341289067709518e-01	4.867272886017469657e-01	4.867272886017469657e-01	4.867272886017469657e-01	3.492016578967219731e-01	4.236757404736800070e-01	4.867272886017469657e-01	5.336138366938909527e-01	5.643546092895329602e-01	5.520977396242330304e-01	4.867272886017469657e-01	4.867272886017469657e-01	5.711096169241040021e-01	4.867272886017469657e-01	5.354174488659090292e-01	4.867272886017469657e-01	4.096331292369240207e-01	4.867272886017469657e-01	4.867272886017469657e-01	4.867272886017469657e-01	4.867272886017469657e-01	4.867272886017469657e-01	4.867272886017469657e-01	4.867272886017469657e-01	4.867272886017469657e-01	4.867272886017469657e-01	4.867272886017469657e-01	3.753883186845560216e-01	4.867272886017469657e-01	4.867272886017469657e-01	5.613625982027400374e-01	5.726773323089749956e-01	4.867272886017469657e-01	4.964862219334980065e-01	4.867272886017469657e-01	4.867272886017469657e-01	4.867272886017469657e-01	3.690995071042220133e-01	4.867272886017469657e-01	3.544461947994019813e-01	4.867272886017469657e-01	4.867272886017469657e-01	4.879181404138990263e-01	4.867272886017469657e-01	4.234172660179699732e-01	4.867272886017469657e-01	4.867272886017469657e-01	5.044709104875889638e-01	5.708144426957849626e-01	4.867272886017469657e-01	6.190287006146000248e-01	6.210790215332100406e-01	4.867272886017469657e-01	6.304952239977209549e-01	5.618852580165980548e-01	4.867272886017469657e-01	6.088574441391899628e-01	4.867272886017469657e-01	5.930397381347769503e-01
4.867272886017469657e-01	4.867272886017469657e-01	4.867272886017469657e-01	5.076046272690579730e-01	4.867272886017469657e-01	5.223153104889539655e-01	6.933861538950629733e-01	9.999999999999209521e-01	4.867272886017469657e-01	5.137743151219740234e-01	4.867272886017469657e-01	4.867272886017469657e-01	5.319914057766269577e-01	4.369648553967280247e-01	4.867272886017469657e-01	5.088318808658840453e-01	4.418431870621810087e-01	4.867272886017469657e-01	4.867272886017469657e-01	5.099223907412290258e-01	4.950270183602170082e-01	4.867272886017469657e-01	5.980554820015220319e-01	4.503296800495459884e-01	5.962696051890400417e-01	4.867272886017469657e-01	4.867272886017469657e-01	6.307779631859169456e-01	2.487853114970960122e-01	4.867272886017469657e-01	4.867272886017469657e-01	4.867272886017469657e-01	4.867272886017469657e-01	5.347091154126210055e-01	3.896923803496150085e-01	5.062532402016950428e-01	4.867272886017469657e-01	4.867272886017469657e-01	4.074815523224730174e-01	4.867272886017469657e-01	4.867272886017469657e-01	4.867272886017469657e-01	5.371027109897099638e-01	4.867272886017469657e-01	4.867272886017469657e-01	4.601835147649340207e-01	4.867272886017469657e-01	4.867272886017469657e-01	4.867272886017469657e-01	4.867272886017469657e-01	5.753104084713680511e-01	4.213563280272690226e-01	4.160539867388080015e-01	4.867272886017469657e-01	4.867272886017469657e-01	4.867272886017469657e-01	4.867272886017469657e-01	4.867272886017469657e-01	3.975054303673110079e-01	2.969464148995760167e-01	4.867272886017469657e-01	4.197810905862259800e-01	5.935932354374090503e-01	3.717005725129610139e-01	3.390592308691460222e-01	4.867272886017469657e-01	4.627658481492489817e-01	4.867272886017469657e-01	3.944751742466149902e-01	3.283222180940350010e-01	3.678702438627159954e-01	4.867272886017469657e-01	4.867272886017469657e-01	4.867272886017469657e-01	4.867272886017469657e-01	4.867272886017469657e-01	5.898979383432170209e-01	4.867272886017469657e-01	4.716940263300309910e-01	4.867272886017469657e-01	6.497529216780979500e-01	4.867272886017469657e-01	4.867272886017469657e-01	4.867272886017469657e-01	4.867272886017469657e-01	3.819172892515450002e-01	4.867272886017469657e-01	4.867272886017469657e-01	5.633646825120149915e-01	4.297911624418729870e-01	4.597664171249570275e-01	4.867272886017469657e-01	4.867272886017469657e-01	4.867272886017469657e-01	4.867272886017469657e-01	5.258064506309489961e-01	5.353187018603530190e-01	4.867272886017469657e-01	4.867272886017469657e-01	4.792662210986249893e-01	4.867272886017469657e-01	4.867272886017469657e-01	3.264601120321309891e-01	4.867272886017469657e-01	3.296861540207399743e-01	4.867272886017469657e-01	4.867272886017469657e-01	4.766232859516609799e-01	4.867272886017469657e-01	3.846700810615110155e-01	5.095076813491710155e-01	4.867272886017469657e-01	4.734042561779209790e-01	4.859226907167469856e-01	4.867272886017469657e-01	4.867272886017469657e-01	4.867272886017469657e-01	5.648914281313619501e-01	5.726746753467319984e-01	5.182459420339949885e-01	4.867272886017469657e-01	5.788076046234209571e-01	4.867272886017469657e-01	5.378268760086150069e-01
6.206086186113409786e-01	5.313955431472310309e-01	4.867272886017469657e-01	4.867272886017469657e-01	4.867272886017469657e-01	6.042596165642869499e-01	7.066780844866290545e-01	4.867272886017469657e-01	1.000000000000270006e+00	4.867272886017469657e-01	4.886518334662440233e-01	4.867272886017469657e-01	5.770406305009400105e-01	4.956909260489180125e-01	1.000000000000000021e-03	4.867272886017469657e-01	5.421316273573719702e-01	5.828819371286210194e-01	4.645221083747220203e-01	4.743808763112289939e-01	4.867272886017469657e-01	4.867272886017469657e-01	5.465617292855290410e-01	4.867272886017469657e-01	4.867272886017469657e-01	4.867272886017469657e-01	4.867272886017469657e-01	5.969271386300259996e-01	2.257292734999319928e-01	5.156891430579589874e-01	4.867272886017469657e-01	5.247295189709679786e-01	4.867272886017469657e-01	4.867272886017469657e-01	4.532087493249959964e-01	4.867272886017469657e-01	5.029796556689749565e-01	4.867272886017469657e-01	4.867272886017469657e-01	4.363713768342700194e-01	4.867272886017469657e-01	4.867272886017469657e-01	6.065572007781639963e-01	4.867272886017469657e-01	5.947619303678339797e-01	5.234762105826900047e-01	4.867272886017469657e-01	4.867272886017469657e-01	4.756881215420660225e-01	4.809504703178820173e-01	6.164962765773139841e-01	4.867272886017469657e-01	4.867272886017469657e-01	4.867272886017469657e-01	4.867272886017469657e-01	6.014395045049719668e-01	4.867272886017469657e-01	4.867272886017469657e-01	4.521040302258290122e-01	3.227972438130949917e-01	4.425805055021400092e-01	4.867272886017469657e-01	5.872737660701520257e-01	4.351487291815859804e-01	4.867272886017469657e-01	4.666439737256959930e-01	4.867272886017469657e-01	4.867272886017469657e-01	4.218773945271129810e-01	4.063103268429730242e-01	4.867272886017469657e-01	4.281534783126790256e-01	5.065291431432920044e-01	5.558519997729309825e-01	4.867272886017469657e-01	4.867272886017469657e-01	4.867272886017469657e-01	5.213383799543459540e-01	4.867272886017469657e-01	5.111799577457509791e-01	6.372868878409040372e-01	3.884421157025489957e-01	4.867272886017469657e-01	5.807641567805279514e-01	4.373732700446750221e-01	4.521057857614360076e-01	4.867272886017469657e-01	4.867272886017469657e-01	4.867272886017469657e-01	4.511607295350920088e-01	4.867272886017469657e-01	5.455375024065509670e-01	4.867272886017469657e-01	4.867272886017469657e-01	3.328552686229109825e-01	4.867272886017469657e-01	4.867272886017469657e-01	4.867272886017469657e-01	4.585804710041320176e-01	4.664858570428579987e-01	4.867272886017469657e-01	4.867272886017469657e-01	4.867272886017469657e-01	4.867272886017469657e-01	4.066417400627330148e-01	3.933184287918449762e-01	4.931017285886359902e-01	5.777920017406330544e-01	4.867272886017469657e-01	4.867272886017469657e-01	5.238469216514010096e-01	4.867272886017469657e-01	4.867272886017469657e-01	4.881406829798020097e-01	5.451943527327689498e-01	5.895898314720640077e-01	5.866315283253450419e-01	4.867272886017469657e-01	6.055621069693349900e-01	4.867272886017469657e-01	4.867272886017469657e-01	5.622355631930999742e-01	5.842857797958550536e-01	4.867272886017469657e-01
5.379343573391529576e-01	4.867272886017469657e-01	4.945607041019660088e-01	5.194098743124140327e-01	4.867272886017469657e-01	4.198693809200609861e-01	4.867272886017469657e-01	5.137743151219740234e-01	4.867272886017469657e-01	1.000000000000140110e+00	4.867272886017469657e-01	4.867272886017469657e-01	4.930647174090420082e-01	4.240739390852670265e-01	1.000000000000000021e-03	4.867272886017469657e-01	4.867272886017469657e-01	4.649595293823299835e-01	4.867272886017469657e-01	4.867272886017469657e-01	4.362934041744159774e-01	4.867272886017469657e-01	5.421622978820670458e-01	5.149779199346179448e-01	4.867272886017469657e-01	4.867272886017469657e-01	4.867272886017469657e-01	4.867272886017469657e-01	4.867272886017469657e-01	4.867272886017469657e-01	4.867272886017469657e-01	4.867272886017469657e-01	4.554623868471049941e-01	4.867272886017469657e-01	3.891073957811509998e-01	5.341596184836110428e-01	4.478834262556660173e-01	4.867272886017469657e-01	4.867272886017469657e-01	5.412668879028460500e-01	3.209166677122790023e-01	4.867272886017469657e-01	4.867272886017469657e-01	3.895439817201780119e-01	4.867272886017469657e-01	3.858304457908119933e-01	3.937831068607309803e-01	3.930251752914790120e-01	4.867272886017469657e-01	4.867272886017469657e-01	5.167208330604899924e-01	4.867272886017469657e-01	5.036762814144010170e-01	4.867272886017469657e-01	4.174085150248070253e-01	4.600042481289279839e-01	4.286603015893299951e-01	4.867272886017469657e-01	4.867272886017469657e-01	3.711745832926829913e-01	5.604590703798909557e-01	4.542123756658230094e-01	5.429476628727269993e-01	4.867272886017469657e-01	4.867272886017469657e-01	4.867272886017469657e-01	4.867272886017469657e-01	4.867272886017469657e-01	4.535975333627609851e-01	4.867272886017469657e-01	4.867272886017469657e-01	3.531289136482049784e-01	4.564895724651080178e-01	4.867272886017469657e-01	4.718836323961819734e-01	4.110717777725549915e-01	4.867272886017469657e-01	4.867272886017469657e-01	4.867272886017469657e-01	4.867272886017469657e-01	4.867272886017469657e-01	4.053999027253489817e-01	4.058588410072320185e-01	3.926545796209989780e-01	3.537313158717089734e-01	3.169549249110539813e-01	4.867272886017469657e-01	4.867272886017469657e-01	4.867272886017469657e-01	5.301093046957340293e-01	4.867272886017469657e-01	4.867272886017469657e-01	4.867272886017469657e-01	3.842093501047709747e-01	4.867272886017469657e-01	4.867272886017469657e-01	5.314531690741409742e-01	4.104297033869669931e-01	4.604929329065809984e-01	5.516212929313130120e-01	4.867272886017469657e-01	4.867272886017469657e-01	3.530662307882789785e-01	4.867272886017469657e-01	4.867272886017469657e-01	4.627777926836689759e-01	4.867272886017469657e-01	4.867272886017469657e-01	4.472718562262860131e-01	4.867272886017469657e-01	4.867272886017469657e-01	4.867272886017469657e-01	4.867272886017469657e-01	4.867272886017469657e-01	4.947301772809640230e-01	4.867272886017469657e-01	4.867272886017469657e-01	4.867272886017469657e-01	4.867272886017469657e-01	5.132264567903920272e-01	5.476048972206829513e-01	5.441424040476799950e-01	4.867272886017469657e-01	4.867272886017469657e-01
4.867272886017469657e-01	5.547119743603009523e-01	4.867272886017469657e-01	5.477154248591250552e-01	4.867272886017469657e-01	4.494471863058350225e-01	4.867272886017469657e-01	4.867272886017469657e-01	4.886518334662440233e-01	4.867272886017469657e-01	9.999999999999820144e-01	5.829018035298210165e-01	4.867272886017469657e-01	4.867272886017469657e-01	4.867272886017469657e-01	4.867272886017469657e-01	4.867272886017469657e-01	4.867272886017469657e-01	4.834971294734949909e-01	4.867272886017469657e-01	4.867272886017469657e-01	4.986611452359199781e-01	4.867272886017469657e-01	4.867272886017469657e-01	4.867272886017469657e-01	6.210104497506769849e-01	5.453029081553230073e-01	4.867272886017469657e-01	4.867272886017469657e-01	4.867272886017469657e-01	4.867272886017469657e-01	4.867272886017469657e-01	4.867272886017469657e-01	4.867272886017469657e-01	3.723909441496550121e-01	5.524545372543899768e-01	4.195176313003249891e-01	5.700483967661880147e-01	4.867272886017469657e-01	4.867272886017469657e-01	3.076061413844750070e-01	4.867272886017469657e-01	4.591871773760130004e-01	3.970701303819509920e-01	4.974319120412870054e-01	3.958551704578309738e-01	4.867272886017469657e-01	3.881342276445909900e-01	5.517855789447949633e-01	5.197756003835279914e-01	5.305557654833279457e-01	4.867272886017469657e-01	4.921509737234119886e-01	3.360794293169980240e-01	4.867272886017469657e-01	4.557345889742420164e-01	4.161979109084680273e-01	4.791126462373769823e-01	4.049298817277809936e-01	3.576477943575530061e-01	5.791012884597029897e-01	4.586832600225920209e-01	4.867272886017469657e-01	3.675014634703370198e-01	3.064392138780919761e-01	4.867272886017469657e-01	4.867272886017469657e-01	4.867272886017469657e-01	4.867272886017469657e-01	2.841582492501389945e-01	4.867272886017469657e-01	4.867272886017469657e-01	4.896538052523840001e-01	5.326593832875370360e-01	4.867272886017469657e-01	4.391498627923899889e-01	5.635652571638609665e-01	5.281359241037769658e-01	4.867272886017469657e-01	4.946896486054270237e-01	4.867272886017469657e-01	4.049707268695900142e-01	4.867272886017469657e-01	4.867272886017469657e-01	4.867272886017469657e-01	4.867272886017469657e-01	4.867272886017469657e-01	4.867272886017469657e-01	6.014673267428140013e-01	4.999063658529609988e-01	5.485451154094710402e-01	4.385578449231680165e-01	4.867272886017469657e-01	4.867272886017469657e-01	3.926157046455330257e-01	4.867272886017469657e-01	5.462810232605800342e-01	3.989011597128049869e-01	4.560884433471960042e-01	5.793384990084290420e-01	4.867272886017469657e-01	3.279189274818130051e-01	3.379616057071210267e-01	4.521266587109620261e-01	3.017537422996139918e-01	4.867272886017469657e-01	5.491350813544300102e-01	4.177496579680540223e-01	4.867272886017469657e-01	4.867272886017469657e-01	5.356929132836719676e-01	4.867272886017469657e-01	4.867272886017469657e-01	5.460410617667730282e-01	5.153925220313160249e-01	5.517985226670839571e-01	5.688328415676819905e-01	5.598451796117549506e-01	4.867272886017469657e-01	4.867272886017469657e-01	5.994896886393129565e-01	4.867272886017469657e-01	5.393693826814399683e-01	4.867272886017469657e-01
4.867272886017469657e-01	4.867272886017469657e-01	4.459315228647369733e-01	4.867272886017469657e-01	5.513993687010579903e-01	4.867272886017469657e-01	5.124516262789809984e-01	4.867272886017469657e-01	4.867272886017469657e-01	4.867272886017469657e-01	5.829018035298210165e-01	1.000000000000089928e+00	4.867272886017469657e-01	4.867272886017469657e-01	4.867272886017469657e-01	4.867272886017469657e-01	2.782985162710159832e-01	4.014400150335720174e-01	4.415767097823600218e-01	4.867272886017469657e-01	3.482687177755600105e-01	4.867272886017469657e-01	4.867272886017469657e-01	4.867272886017469657e-01	4.867272886017469657e-01	5.354111111484249896e-01	4.867272886017469657e-01	4.867272886017469657e-01	4.148469533560880107e-01	4.867272886017469657e-01	4.391429832988730242e-01	4.208622302845480001e-01	4.867272886017469657e-01	5.018989844833170455e-01	4.867272886017469657e-01	4.707565192882759986e-01	4.867272886017469657e-01	4.867272886017469657e-01	3.300963436857859978e-01	4.867272886017469657e-01	2.697383576784300185e-01	4.867272886017469657e-01	3.796629162799889934e-01	3.818887375151360231e-01	4.867272886017469657e-01	3.479965404017190123e-01	4.867272886017469657e-01	4.867272886017469657e-01	4.714238651345459830e-01	4.867272886017469657e-01	4.867272886017469657e-01	4.867272886017469657e-01	4.340646124502600123e-01	3.210733347084009925e-01	4.867272886017469657e-01	3.966785278694350270e-01	4.001508003050530116e-01	4.716511413396560215e-01	4.867272886017469657e-01	4.867272886017469657e-01	4.867272886017469657e-01	4.867272886017469657e-01	6.311655067191790369e-01	4.867272886017469657e-01	2.564674113811890033e-01	4.867272886017469657e-01	3.715371989452370127e-01	3.861322141266809727e-01	4.867272886017469657e-01	2.525451693909500084e-01	3.884126587143619802e-01	4.867272886017469657e-01	4.597487492485070049e-01	4.867272886017469657e-01	4.385441962242129788e-01	4.867272886017469657e-01	4.867272886017469657e-01	4.867272886017469657e-01	4.867272886017469657e-01	4.867272886017469657e-01	5.091056649359719799e-01	4.867272886017469657e-01	3.214316661451310231e-01	3.449685389614239872e-01	4.867272886017469657e-01	2.847869506745410173e-01	4.867272886017469657e-01	5.133672264572870514e-01	5.339167199059009494e-01	4.481043289384110118e-01	5.023508419157249882e-01	4.867272886017469657e-01	2.850625058813640034e-01	3.333953275688020246e-01	3.916396068035750133e-01	4.867272886017469657e-01	4.763448916328250071e-01	4.867272886017469657e-01	4.867272886017469657e-01	4.867272886017469657e-01	4.867272886017469657e-01	2.935903096464430040e-01	4.867272886017469657e-01	4.428251805522059881e-01	4.867272886017469657e-01	4.867272886017469657e-01	4.867272886017469657e-01	3.412249075456300074e-01	4.283169632526370174e-01	3.472503571469520156e-01	4.867272886017469657e-01	4.867272886017469657e-01	3.892099141960659869e-01	5.313338369088630442e-01	4.931173725692860055e-01	5.051981135258929445e-01	4.867272886017469657e-01	4.959009869934449810e-01	4.867272886017469657e-01	4.867272886017469657e-01	6.274216912984019734e-01	6.474733467571850420e-01	4.867272886017469657e-01	4.867272886017469657e-01
