1.000000000000000000e+00	3.878459190935449885e-01	3.878459190935449885e-01	3.878459190935449885e-01	3.878459190935449885e-01	5.944042223933539981e-01	3.878459190935449885e-01	3.878459190935449885e-01	3.878459190935449885e-01	3.878459190935449885e-01	3.878459190935449885e-01	3.878459190935449885e-01	3.878459190935449885e-01	5.505991105505300132e-01	3.878459190935449885e-01	3.878459190935449885e-01	3.878459190935449885e-01	3.878459190935449885e-01	6.801402798078030054e-01	3.878459190935449885e-01	3.878459190935449885e-01	3.878459190935449885e-01	3.878459190935449885e-01	3.878459190935449885e-01	3.878459190935449885e-01	3.878459190935449885e-01	7.155761600875619466e-02	3.878459190935449885e-01	3.878459190935449885e-01	3.878459190935449885e-01	3.878459190935449885e-01	3.878459190935449885e-01	7.019186419747880379e-01	3.878459190935449885e-01	6.685696156873960350e-01	3.878459190935449885e-01	5.741367884187830173e-01	3.878459190935449885e-01	3.878459190935449885e-01	3.878459190935449885e-01	3.878459190935449885e-01	3.878459190935449885e-01	5.545577690434729812e-01	3.878459190935449885e-01	3.878459190935449885e-01	3.878459190935449885e-01	3.878459190935449885e-01	5.356100072818630320e-01	3.878459190935449885e-01	5.784575580536439610e-01	5.240746886757650103e-01	3.878459190935449885e-01	3.878459190935449885e-01	3.878459190935449885e-01	1.334112982412510029e-01	6.326554070171199751e-01	3.878459190935449885e-01	3.878459190935449885e-01	6.714713701484620323e-01	5.491068383182859947e-01	3.878459190935449885e-01	3.878459190935449885e-01	3.878459190935449885e-01	3.878459190935449885e-01	3.878459190935449885e-01	3.241434055253390040e-02	3.878459190935449885e-01	3.878459190935449885e-01	3.878459190935449885e-01	8.493621170839600609e-02	3.878459190935449885e-01	1.867513992084360031e-01	3.878459190935449885e-01	3.878459190935449885e-01	5.498624735247600315e-01	3.878459190935449885e-01	3.878459190935449885e-01	3.878459190935449885e-01	5.444424514409279547e-01	3.878459190935449885e-01	3.878459190935449885e-01	3.878459190935449885e-01	3.878459190935449885e-01	1.220478529219490016e-01	3.878459190935449885e-01	3.878459190935449885e-01	3.878459190935449885e-01	3.878459190935449885e-01	3.878459190935449885e-01	8.183096169243550544e-03	3.878459190935449885e-01	6.319131505668910131e-01	3.878459190935449885e-01	3.878459190935449885e-01	3.878459190935449885e-01	3.878459190935449885e-01	3.878459190935449885e-01	3.878459190935449885e-01	3.878459190935449885e-01	3.878459190935449885e-01	3.878459190935449885e-01	5.598646787183809703e-01	3.878459190935449885e-01	3.878459190935449885e-01	3.878459190935449885e-01	6.226682055216220535e-01	3.878459190935449885e-01	3.878459190935449885e-01	3.878459190935449885e-01	3.878459190935449885e-01	3.878459190935449885e-01	3.878459190935449885e-01	3.878459190935449885e-01	3.878459190935449885e-01	3.878459190935449885e-01	3.878459190935449885e-01	3.878459190935449885e-01	3.878459190935449885e-01	6.611412368435529707e-01	3.878459190935449885e-01	3.878459190935449885e-01	3.878459190935449885e-01	3.878459190935449885e-01	3.878459190935449885e-01
3.878459190935449885e-01	1.000000000000000000e+00	3.878459190935449885e-01	3.878459190935449885e-01	3.878459190935449885e-01	3.878459190935449885e-01	4.953441670989079948e-01	4.351203615925789969e-01	3.878459190935449885e-01	3.878459190935449885e-01	3.878459190935449885e-01	3.878459190935449885e-01	3.878459190935449885e-01	3.878459190935449885e-01	3.878459190935449885e-01	3.878459190935449885e-01	3.878459190935449885e-01	3.878459190935449885e-01	3.878459190935449885e-01	3.878459190935449885e-01	3.878459190935449885e-01	3.878459190935449885e-01	3.878459190935449885e-01	3.878459190935449885e-01	3.878459190935449885e-01	5.081151393409210071e-01	7.069466309084940225e-02	2.405587135174150071e-01	3.878459190935449885e-01	3.878459190935449885e-01	3.878459190935449885e-01	6.733219758525369469e-01	3.878459190935449885e-01	2.797293430202080211e-01	3.878459190935449885e-01	5.238988054946730477e-01	3.878459190935449885e-01	3.878459190935449885e-01	3.427507006668450290e-02	5.863685783280030428e-01	3.878459190935449885e-01	3.878459190935449885e-01	3.878459190935449885e-01	3.878459190935449885e-01	3.878459190935449885e-01	3.878459190935449885e-01	3.878459190935449885e-01	3.878459190935449885e-01	3.878459190935449885e-01	3.878459190935449885e-01	3.878459190935449885e-01	3.878459190935449885e-01	3.878459190935449885e-01	6.226429057658260380e-01	3.878459190935449885e-01	3.878459190935449885e-01	3.878459190935449885e-01	3.878459190935449885e-01	6.633488043395240341e-01	5.351436626648949924e-01	3.878459190935449885e-01	3.230885297705500259e-01	3.878459190935449885e-01	4.336809299432560216e-01	3.878459190935449885e-01	3.878459190935449885e-01	5.832058640623210000e-01	3.878459190935449885e-01	5.991460331079759838e-01	3.878459190935449885e-01	3.878459190935449885e-01	3.878459190935449885e-01	3.878459190935449885e-01	3.878459190935449885e-01	5.375090642001140173e-01	3.878459190935449885e-01	3.878459190935449885e-01	6.046927788044109686e-01	3.878459190935449885e-01	3.878459190935449885e-01	4.540936251178420147e-01	3.878459190935449885e-01	3.878459190935449885e-01	1.210579468840869977e-01	3.878459190935449885e-01	3.878459190935449885e-01	5.817590076507369590e-01	3.878459190935449885e-01	3.878459190935449885e-01	3.878459190935449885e-01	3.878459190935449885e-01	3.878459190935449885e-01	3.878459190935449885e-01	5.318383707751289657e-01	2.449221602673730125e-01	5.474910401514789804e-01	3.878459190935449885e-01	3.878459190935449885e-01	3.878459190935449885e-01	3.878459190935449885e-01	2.866009856295870240e-01	5.461592655921809758e-01	3.878459190935449885e-01	3.878459190935449885e-01	3.878459190935449885e-01	6.037680266695519826e-01	6.043569684695360156e-01	3.878459190935449885e-01	3.878459190935449885e-01	5.647732419215399924e-01	3.878459190935449885e-01	4.609227516602499852e-01	3.878459190935449885e-01	3.878459190935449885e-01	3.878459190935449885e-01	3.878459190935449885e-01	6.439095636697359515e-01	3.878459190935449885e-01	3.878459190935449885e-01	3.878459190935449885e-01	3.878459190935449885e-01	3.878459190935449885e-01	3.878459190935449885e-01	5.256032834339009474e-01
3.878459190935449885e-01	3.878459190935449885e-01	1.000000000000000000e+00	3.878459190935449885e-01	2.447920214073329992e-01	3.878459190935449885e-01	3.878459190935449885e-01	3.878459190935449885e-01	3.878459190935449885e-01	3.878459190935449885e-01	3.878459190935449885e-01	3.878459190935449885e-01	3.878459190935449885e-01	3.878459190935449885e-01	3.878459190935449885e-01	6.410930848207599952e-01	3.878459190935449885e-01	3.878459190935449885e-01	6.087618639628590289e-01	3.878459190935449885e-01	3.878459190935449885e-01	3.878459190935449885e-01	3.878459190935449885e-01	3.878459190935449885e-01	3.878459190935449885e-01	3.878459190935449885e-01	3.878459190935449885e-01	3.878459190935449885e-01	3.878459190935449885e-01	4.539489449504020002e-01	3.878459190935449885e-01	3.878459190935449885e-01	6.252707128220520438e-01	3.878459190935449885e-01	3.878459190935449885e-01	4.836088991539960191e-01	3.878459190935449885e-01	5.588195299238359892e-01	3.878459190935449885e-01	3.878459190935449885e-01	3.878459190935449885e-01	3.878459190935449885e-01	3.878459190935449885e-01	3.878459190935449885e-01	3.440234940951609754e-01	5.626582164803870523e-01	3.544447508331359797e-01	3.878459190935449885e-01	5.117155893824509860e-01	3.878459190935449885e-01	3.878459190935449885e-01	3.878459190935449885e-01	3.878459190935449885e-01	3.878459190935449885e-01	1.214104583251850028e-01	3.878459190935449885e-01	5.101750957255229979e-01	3.878459190935449885e-01	3.878459190935449885e-01	3.878459190935449885e-01	3.878459190935449885e-01	3.878459190935449885e-01	3.878459190935449885e-01	3.878459190935449885e-01	3.878459190935449885e-01	2.983223039821019870e-02	5.355761148352550238e-01	3.878459190935449885e-01	5.443788788589970506e-01	3.878459190935449885e-01	3.878459190935449885e-01	3.878459190935449885e-01	3.878459190935449885e-01	3.878459190935449885e-01	3.878459190935449885e-01	3.878459190935449885e-01	3.878459190935449885e-01	3.878459190935449885e-01	3.878459190935449885e-01	3.878459190935449885e-01	4.116771620286679978e-01	3.878459190935449885e-01	3.012371016981469918e-01	3.878459190935449885e-01	3.878459190935449885e-01	3.878459190935449885e-01	3.878459190935449885e-01	3.878459190935449885e-01	1.000000000000000082e-05	3.878459190935449885e-01	3.878459190935449885e-01	3.878459190935449885e-01	3.878459190935449885e-01	3.878459190935449885e-01	3.878459190935449885e-01	3.878459190935449885e-01	3.878459190935449885e-01	5.015960724115949843e-01	3.841020138329210177e-04	3.878459190935449885e-01	3.878459190935449885e-01	3.878459190935449885e-01	3.878459190935449885e-01	3.878459190935449885e-01	3.878459190935449885e-01	5.514482359814010248e-01	5.484670143301599854e-01	3.878459190935449885e-01	3.878459190935449885e-01	3.878459190935449885e-01	3.878459190935449885e-01	4.176499054660839927e-01	3.878459190935449885e-01	3.878459190935449885e-01	3.878459190935449885e-01	5.843204042632630379e-01	5.889980657520179630e-01	5.904617999904919756e-01	5.933468103484650369e-01	3.878459190935449885e-01	3.878459190935449885e-01	3.878459190935449885e-01	3.878459190935449885e-01	4.727171554617319860e-01
3.878459190935449885e-01	3.878459190935449885e-01	3.878459190935449885e-01	1.000000000000000000e+00	3.878459190935449885e-01	3.878459190935449885e-01	3.878459190935449885e-01	3.878459190935449885e-01	3.878459190935449885e-01	3.878459190935449885e-01	3.878459190935449885e-01	3.878459190935449885e-01	3.878459190935449885e-01	3.878459190935449885e-01	3.878459190935449885e-01	3.878459190935449885e-01	3.878459190935449885e-01	3.878459190935449885e-01	3.878459190935449885e-01	3.878459190935449885e-01	4.898355562159770193e-01	6.019654002363850065e-01	4.919055878358760125e-01	3.878459190935449885e-01	3.878459190935449885e-01	4.720226027604669805e-01	3.878459190935449885e-01	3.878459190935449885e-01	3.878459190935449885e-01	3.878459190935449885e-01	4.843828810855509981e-01	3.878459190935449885e-01	3.878459190935449885e-01	3.878459190935449885e-01	3.878459190935449885e-01	4.804716850261350203e-01	3.878459190935449885e-01	5.649218100778700125e-01	3.878459190935449885e-01	5.444770941783689810e-01	3.878459190935449885e-01	3.878459190935449885e-01	3.878459190935449885e-01	1.193650975377919948e-01	3.878459190935449885e-01	3.878459190935449885e-01	3.878459190935449885e-01	4.938285675944190101e-01	5.194693293327470318e-01	3.878459190935449885e-01	3.878459190935449885e-01	3.878459190935449885e-01	5.576663433789149638e-01	5.768566490312370121e-01	1.215769363268170006e-01	3.878459190935449885e-01	5.097790423396380000e-01	5.907388291666579860e-01	3.878459190935449885e-01	3.878459190935449885e-01	3.878459190935449885e-01	3.878459190935449885e-01	3.878459190935449885e-01	3.878459190935449885e-01	3.878459190935449885e-01	3.878459190935449885e-01	3.878459190935449885e-01	1.269011898966860077e-02	3.878459190935449885e-01	3.878459190935449885e-01	3.878459190935449885e-01	3.878459190935449885e-01	3.878459190935449885e-01	5.787679332721059611e-01	3.878459190935449885e-01	3.878459190935449885e-01	3.878459190935449885e-01	3.878459190935449885e-01	3.878459190935449885e-01	3.878459190935449885e-01	3.878459190935449885e-01	3.878459190935449885e-01	3.878459190935449885e-01	3.878459190935449885e-01	3.878459190935449885e-01	3.878459190935449885e-01	3.878459190935449885e-01	3.878459190935449885e-01	3.878459190935449885e-01	7.847362898518820198e-03	3.878459190935449885e-01	5.627193127215870394e-01	5.134423618357309982e-01	4.873808471788430019e-01	3.878459190935449885e-01	3.878459190935449885e-01	3.878459190935449885e-01	3.878459190935449885e-01	4.080215767672549978e-04	3.878459190935449885e-01	3.878459190935449885e-01	3.878459190935449885e-01	4.804496198647689731e-01	3.878459190935449885e-01	3.878459190935449885e-01	3.878459190935449885e-01	5.589741946844130061e-01	3.878459190935449885e-01	3.878459190935449885e-01	3.878459190935449885e-01	4.781563869172920089e-01	3.878459190935449885e-01	3.878459190935449885e-01	6.144770890484679837e-01	5.964797294309810427e-01	3.878459190935449885e-01	3.878459190935449885e-01	3.878459190935449885e-01	5.981531006387019733e-01	3.878459190935449885e-01	5.708181027770820037e-01	3.878459190935449885e-01	3.878459190935449885e-01	4.780123756624289899e-01
3.878459190935449885e-01	3.878459190935449885e-01	2.447920214073329992e-01	3.878459190935449885e-01	9.999999999999840128e-01	3.878459190935449885e-01	3.878459190935449885e-01	1.901022875138259904e-01	3.878459190935449885e-01	1.582512426071200073e-01	3.878459190935449885e-01	3.878459190935449885e-01	3.878459190935449885e-01	2.307389734255219926e-01	1.923456656760970107e-01	3.878459190935449885e-01	3.878459190935449885e-01	2.468901862172780126e-01	2.780309713505800251e-01	3.878459190935449885e-01	2.219060214629600125e-01	3.878459190935449885e-01	3.878459190935449885e-01	3.878459190935449885e-01	2.064952193672029979e-01	3.878459190935449885e-01	3.878459190935449885e-01	3.878459190935449885e-01	3.878459190935449885e-01	2.106999043028049967e-01	3.878459190935449885e-01	3.878459190935449885e-01	3.878459190935449885e-01	3.878459190935449885e-01	3.878459190935449885e-01	2.210410526322159896e-01	2.374698772323559914e-01	3.878459190935449885e-01	3.878459190935449885e-01	3.878459190935449885e-01	2.690977979004849918e-01	3.878459190935449885e-01	2.234314139779060016e-01	3.878459190935449885e-01	3.878459190935449885e-01	2.564923372677099800e-01	1.668858340829240117e-01	2.241670381946229973e-01	3.878459190935449885e-01	3.878459190935449885e-01	3.878459190935449885e-01	3.878459190935449885e-01	3.878459190935449885e-01	2.609845437678059987e-01	3.878459190935449885e-01	3.878459190935449885e-01	3.878459190935449885e-01	2.679225845825239927e-01	3.878459190935449885e-01	3.878459190935449885e-01	3.878459190935449885e-01	1.457234863025080041e-01	3.878459190935449885e-01	3.878459190935449885e-01	3.878459190935449885e-01	1.705433404210249942e-02	3.878459190935449885e-01	3.878459190935449885e-01	2.554516894743639743e-01	3.878459190935449885e-01	3.878459190935449885e-01	3.878459190935449885e-01	3.878459190935449885e-01	3.878459190935449885e-01	3.878459190935449885e-01	3.878459190935449885e-01	2.258554618772919964e-01	3.878459190935449885e-01	3.878459190935449885e-01	3.878459190935449885e-01	3.878459190935449885e-01	6.710506434788610086e-02	1.436021823903929906e-01	3.878459190935449885e-01	3.878459190935449885e-01	6.363137574283650455e-02	3.878459190935449885e-01	3.878459190935449885e-01	3.878459190935449885e-01	5.600481295622779764e-03	3.878459190935449885e-01	3.878459190935449885e-01	3.878459190935449885e-01	2.251252245942209906e-01	3.878459190935449885e-01	3.878459190935449885e-01	3.878459190935449885e-01	2.361286002743329948e-01	3.878459190935449885e-01	2.560422668547320257e-01	1.234896199609659961e-01	3.878459190935449885e-01	2.248011143467429918e-01	3.878459190935449885e-01	3.878459190935449885e-01	3.878459190935449885e-01	3.878459190935449885e-01	3.878459190935449885e-01	2.831903047791369810e-01	3.878459190935449885e-01	3.878459190935449885e-01	3.878459190935449885e-01	3.878459190935449885e-01	3.878459190935449885e-01	2.705394080827859815e-01	3.878459190935449885e-01	3.878459190935449885e-01	3.878459190935449885e-01	2.671903355502989741e-01	3.878459190935449885e-01	3.878459190935449885e-01	3.878459190935449885e-01	2.295278893661099884e-01	3.878459190935449885e-01
5.944042223933539981e-01	3.878459190935449885e-01	3.878459190935449885e-01	3.878459190935449885e-01	3.878459190935449885e-01	1.000000000000000000e+00	3.878459190935449885e-01	3.878459190935449885e-01	3.878459190935449885e-01	3.256262708240639792e-01	5.320272361309990039e-01	5.356877218029180154e-01	3.878459190935449885e-01	3.878459190935449885e-01	3.878459190935449885e-01	6.349883036790789914e-01	5.927602988453100075e-01	3.878459190935449885e-01	6.011026105351510163e-01	4.763125226050650141e-01	3.878459190935449885e-01	5.984686479429129902e-01	3.878459190935449885e-01	3.878459190935449885e-01	3.878459190935449885e-01	4.608863625098300054e-01	3.878459190935449885e-01	3.878459190935449885e-01	3.878459190935449885e-01	3.878459190935449885e-01	3.878459190935449885e-01	6.108132956982319506e-01	3.878459190935449885e-01	3.878459190935449885e-01	3.878459190935449885e-01	4.693121403221839905e-01	3.878459190935449885e-01	3.878459190935449885e-01	3.878459190935449885e-01	3.878459190935449885e-01	3.878459190935449885e-01	3.878459190935449885e-01	3.878459190935449885e-01	3.878459190935449885e-01	3.372928405671020147e-01	5.561314444148669489e-01	3.371322197901159834e-01	4.756832661544009855e-01	3.878459190935449885e-01	3.878459190935449885e-01	3.878459190935449885e-01	4.953811586740130002e-01	3.878459190935449885e-01	3.878459190935449885e-01	1.199867166368159960e-01	3.878459190935449885e-01	3.878459190935449885e-01	3.878459190935449885e-01	3.878459190935449885e-01	3.878459190935449885e-01	3.878459190935449885e-01	3.878459190935449885e-01	3.878459190935449885e-01	3.878459190935449885e-01	3.878459190935449885e-01	3.878459190935449885e-01	5.331346874046090090e-01	3.878459190935449885e-01	5.396155368750189529e-01	3.878459190935449885e-01	3.878459190935449885e-01	3.878459190935449885e-01	3.878459190935449885e-01	3.878459190935449885e-01	3.878459190935449885e-01	3.878459190935449885e-01	4.999209125159149725e-01	3.878459190935449885e-01	3.878459190935449885e-01	5.390986337683300045e-01	3.878459190935449885e-01	3.878459190935449885e-01	3.878459190935449885e-01	3.878459190935449885e-01	3.878459190935449885e-01	3.878459190935449885e-01	3.878459190935449885e-01	5.084940176272589873e-01	3.878459190935449885e-01	3.878459190935449885e-01	3.878459190935449885e-01	3.878459190935449885e-01	5.034753294201439466e-01	3.878459190935449885e-01	2.224919097112640076e-01	3.878459190935449885e-01	4.943831781945339787e-01	3.878459190935449885e-01	3.900224744325100023e-04	5.492432268952639474e-01	3.878459190935449885e-01	3.878459190935449885e-01	3.878459190935449885e-01	3.878459190935449885e-01	3.878459190935449885e-01	5.505686743923889903e-01	5.415218932618990344e-01	3.878459190935449885e-01	3.878459190935449885e-01	3.878459190935449885e-01	4.674337603397100138e-01	3.878459190935449885e-01	3.878459190935449885e-01	6.067691646605289923e-01	3.878459190935449885e-01	3.878459190935449885e-01	3.878459190935449885e-01	3.878459190935449885e-01	3.878459190935449885e-01	5.214391326199649956e-01	3.878459190935449885e-01	5.720117088875710243e-01	3.878459190935449885e-01	4.688410042758269780e-01
3.878459190935449885e-01	4.953441670989079948e-01	3.878459190935449885e-01	3.878459190935449885e-01	3.878459190935449885e-01	3.878459190935449885e-01	1.000000000000000000e+00	3.373324231703799803e-01	3.878459190935449885e-01	3.878459190935449885e-01	3.878459190935449885e-01	3.878459190935449885e-01	3.878459190935449885e-01	3.878459190935449885e-01	3.878459190935449885e-01	5.398823484657599980e-01	3.878459190935449885e-01	3.878459190935449885e-01	5.165565869554350487e-01	3.878459190935449885e-01	3.878459190935449885e-01	3.878459190935449885e-01	3.878459190935449885e-01	3.878459190935449885e-01	3.878459190935449885e-01	4.001856764871890015e-01	3.878459190935449885e-01	3.878459190935449885e-01	3.878459190935449885e-01	3.895004279161489724e-01	4.022042520904700047e-01	3.878459190935449885e-01	5.312010255769139544e-01	3.878459190935449885e-01	3.878459190935449885e-01	4.103107283078000211e-01	4.303469365413020165e-01	3.878459190935449885e-01	3.878459190935449885e-01	4.575521065506399920e-01	3.878459190935449885e-01	3.878459190935449885e-01	3.878459190935449885e-01	3.878459190935449885e-01	3.878459190935449885e-01	3.878459190935449885e-01	3.878459190935449885e-01	4.066078153733849732e-01	3.878459190935449885e-01	4.370542404053859853e-01	3.878459190935449885e-01	3.878459190935449885e-01	3.878459190935449885e-01	3.878459190935449885e-01	1.042086328829699982e-01	4.805794848111020201e-01	3.878459190935449885e-01	3.878459190935449885e-01	3.878459190935449885e-01	3.878459190935449885e-01	3.878459190935449885e-01	2.595052635136320118e-01	3.878459190935449885e-01	3.878459190935449885e-01	2.755383938785649911e-01	3.878459190935449885e-01	4.505661492907420129e-01	3.878459190935449885e-01	3.878459190935449885e-01	3.878459190935449885e-01	4.956998907978449886e-01	3.878459190935449885e-01	3.878459190935449885e-01	3.878459190935449885e-01	4.190154409266529933e-01	3.878459190935449885e-01	4.262832155326800043e-01	3.878459190935449885e-01	3.878459190935449885e-01	3.878459190935449885e-01	3.878459190935449885e-01	3.878459190935449885e-01	2.597212089957660064e-01	3.878459190935449885e-01	3.878459190935449885e-01	3.878459190935449885e-01	4.481030848081710150e-01	3.878459190935449885e-01	3.878459190935449885e-01	7.571031688040569599e-03	4.515673537546330274e-01	3.878459190935449885e-01	3.878459190935449885e-01	3.878459190935449885e-01	3.878459190935449885e-01	3.878459190935449885e-01	3.878459190935449885e-01	4.264019873600770061e-01	3.880204352693129854e-04	4.771766362262849781e-01	3.878459190935449885e-01	4.193843003238489908e-01	3.878459190935449885e-01	3.878459190935449885e-01	3.878459190935449885e-01	3.878459190935449885e-01	3.878459190935449885e-01	3.878459190935449885e-01	3.878459190935449885e-01	3.878459190935449885e-01	3.878459190935449885e-01	3.556262882130650227e-01	3.878459190935449885e-01	3.878459190935449885e-01	3.878459190935449885e-01	3.878459190935449885e-01	3.878459190935449885e-01	4.933158105047090181e-01	4.992589145418109831e-01	3.878459190935449885e-01	3.878459190935449885e-01	3.878459190935449885e-01	3.878459190935449885e-01	3.878459190935449885e-01
3.878459190935449885e-01	4.351203615925789969e-01	3.878459190935449885e-01	3.878459190935449885e-01	1.901022875138259904e-01	3.878459190935449885e-01	3.373324231703799803e-01	1.000000000000009992e+00	3.878459190935449885e-01	3.878459190935449885e-01	3.944016035999580172e-01	3.878459190935449885e-01	4.231941224402380186e-01	3.878459190935449885e-01	3.878459190935449885e-01	3.878459190935449885e-01	4.400299614491929856e-01	3.878459190935449885e-01	3.878459190935449885e-01	3.878459190935449885e-01	3.878459190935449885e-01	3.878459190935449885e-01	3.596044540869660078e-01	3.878459190935449885e-01	3.878459190935449885e-01	3.878459190935449885e-01	3.878459190935449885e-01	3.878459190935449885e-01	3.878459190935449885e-01	3.878459190935449885e-01	3.500405166360590070e-01	3.878459190935449885e-01	3.878459190935449885e-01	3.878459190935449885e-01	3.878459190935449885e-01	3.878459190935449885e-01	3.798292325694789806e-01	3.878459190935449885e-01	3.878459190935449885e-01	3.878459190935449885e-01	3.878459190935449885e-01	3.878459190935449885e-01	3.878459190935449885e-01	3.878459190935449885e-01	3.878459190935449885e-01	4.159091634675570193e-01	2.577030976378579807e-01	3.543050550363360252e-01	3.878459190935449885e-01	3.878459190935449885e-01	3.878459190935449885e-01	3.878459190935449885e-01	4.058209195759959753e-01	3.878459190935449885e-01	3.878459190935449885e-01	3.878459190935449885e-01	3.878459190935449885e-01	3.878459190935449885e-01	3.878459190935449885e-01	3.878459190935449885e-01	3.878459190935449885e-01	3.878459190935449885e-01	3.878459190935449885e-01	2.888289789205509828e-01	3.878459190935449885e-01	3.878459190935449885e-01	3.878459190935449885e-01	1.031045657845760036e-02	4.080826426646400051e-01	3.878459190935449885e-01	3.878459190935449885e-01	3.878459190935449885e-01	4.381011456093160117e-01	3.878459190935449885e-01	3.596364080332720148e-01	3.878459190935449885e-01	3.878459190935449885e-01	3.878459190935449885e-01	3.878459190935449885e-01	3.878459190935449885e-01	3.878459190935449885e-01	3.878459190935449885e-01	3.878459190935449885e-01	3.878459190935449885e-01	3.878459190935449885e-01	3.878459190935449885e-01	3.878459190935449885e-01	3.743929756640659856e-01	3.878459190935449885e-01	3.878459190935449885e-01	3.927893373429159896e-01	3.878459190935449885e-01	3.745039968745350056e-01	3.878459190935449885e-01	1.690058243372029867e-01	3.878459190935449885e-01	3.675529285899620247e-01	3.878459190935449885e-01	3.473667683853170107e-04	4.158553690066160158e-01	3.878459190935449885e-01	3.878459190935449885e-01	3.523754463577840057e-01	3.878459190935449885e-01	3.878459190935449885e-01	4.084823726731319771e-01	3.878459190935449885e-01	3.878459190935449885e-01	3.878459190935449885e-01	3.878459190935449885e-01	3.878459190935449885e-01	3.091077361780210087e-01	3.878459190935449885e-01	3.878459190935449885e-01	3.878459190935449885e-01	3.878459190935449885e-01	3.878459190935449885e-01	3.878459190935449885e-01	3.878459190935449885e-01	3.910578779878550182e-01	3.878459190935449885e-01	4.256107121704080232e-01	3.878459190935449885e-01	3.524574187715969753e-01
3.878459190935449885e-01	3.878459190935449885e-01	3.878459190935449885e-01	3.878459190935449885e-01	3.878459190935449885e-01	3.878459190935449885e-01	3.878459190935449885e-01	3.878459190935449885e-01	9.999999999999940048e-01	1.945089348544080110e-01	3.878459190935449885e-01	3.878459190935449885e-01	3.221770709969680180e-01	2.840947341116860092e-01	3.878459190935449885e-01	3.878459190935449885e-01	3.878459190935449885e-01	3.878459190935449885e-01	3.878459190935449885e-01	2.760618466246649860e-01	3.878459190935449885e-01	3.349280097016519853e-01	2.750884195736140181e-01	3.360789234810689918e-01	3.878459190935449885e-01	3.878459190935449885e-01	3.878459190935449885e-01	3.878459190935449885e-01	3.039635029130010047e-01	2.579493701278540163e-01	3.878459190935449885e-01	3.397151415843859823e-01	3.878459190935449885e-01	1.527512394117729877e-01	3.878459190935449885e-01	2.710099702540750277e-01	3.878459190935449885e-01	3.878459190935449885e-01	2.018972970928619923e-02	3.029557603218079875e-01	3.878459190935449885e-01	2.690996322931150098e-01	3.878459190935449885e-01	3.878459190935449885e-01	3.878459190935449885e-01	3.878459190935449885e-01	3.878459190935449885e-01	3.878459190935449885e-01	2.919982055766360274e-01	2.980041990906969751e-01	3.878459190935449885e-01	3.878459190935449885e-01	3.878459190935449885e-01	3.878459190935449885e-01	3.878459190935449885e-01	3.162895945727060010e-01	3.878459190935449885e-01	3.878459190935449885e-01	3.350033987456950135e-01	3.878459190935449885e-01	2.907135615358180103e-01	3.878459190935449885e-01	3.878459190935449885e-01	3.878459190935449885e-01	3.878459190935449885e-01	1.982369656791420007e-02	3.878459190935449885e-01	3.878459190935449885e-01	3.878459190935449885e-01	3.878459190935449885e-01	3.878459190935449885e-01	3.878459190935449885e-01	3.339978877271190250e-01	3.878459190935449885e-01	3.878459190935449885e-01	3.878459190935449885e-01	3.878459190935449885e-01	3.158173357141330073e-01	3.878459190935449885e-01	3.009176423460330208e-01	3.878459190935449885e-01	3.878459190935449885e-01	1.709312927625659950e-01	3.878459190935449885e-01	2.816621236083020063e-01	3.878459190935449885e-01	2.981919810536939885e-01	3.878459190935449885e-01	3.878459190935449885e-01	6.087567073453360039e-03	3.878459190935449885e-01	3.878459190935449885e-01	3.878459190935449885e-01	3.878459190935449885e-01	1.313830143493890101e-01	3.878459190935449885e-01	3.878459190935449885e-01	3.878459190935449885e-01	3.141110491892850254e-04	3.878459190935449885e-01	1.499669191140269864e-01	2.751467005909389862e-01	3.878459190935449885e-01	3.878459190935449885e-01	3.878459190935449885e-01	3.878459190935449885e-01	3.030917592614160161e-01	3.878459190935449885e-01	3.878459190935449885e-01	3.878459190935449885e-01	3.878459190935449885e-01	3.878459190935449885e-01	2.754268964506910167e-01	3.878459190935449885e-01	3.878459190935449885e-01	3.878459190935449885e-01	3.878459190935449885e-01	3.878459190935449885e-01	3.302921062444270084e-01	3.878459190935449885e-01	3.878459190935449885e-01	3.260436358324910189e-01	2.739965069325679958e-01	3.878459190935449885e-01
3.878459190935449885e-01	3.878459190935449885e-01	3.878459190935449885e-01	3.878459190935449885e-01	1.582512426071200073e-01	3.256262708240639792e-01	3.878459190935449885e-01	3.878459190935449885e-01	1.945089348544080110e-01	9.999999999999970024e-01	3.878459190935449885e-01	3.878459190935449885e-01	3.484819600351050095e-01	3.878459190935449885e-01	3.878459190935449885e-01	3.878459190935449885e-01	3.878459190935449885e-01	3.878459190935449885e-01	3.678170494714799732e-01	2.896930398973799892e-01	3.878459190935449885e-01	3.878459190935449885e-01	2.961956650201880148e-01	3.878459190935449885e-01	3.878459190935449885e-01	3.878459190935449885e-01	3.878459190935449885e-01	3.878459190935449885e-01	3.878459190935449885e-01	3.878459190935449885e-01	3.878459190935449885e-01	3.668375011119739959e-01	3.777541972487429844e-01	1.650564069568040138e-01	3.878459190935449885e-01	3.878459190935449885e-01	3.136020838790249954e-01	3.878459190935449885e-01	2.213864311337130145e-02	3.878459190935449885e-01	3.592374128101589736e-01	3.878459190935449885e-01	3.878459190935449885e-01	3.878459190935449885e-01	3.878459190935449885e-01	3.373800701452420170e-01	2.134883501720100107e-01	3.878459190935449885e-01	3.878459190935449885e-01	3.878459190935449885e-01	3.878459190935449885e-01	3.040638141459359733e-01	3.878459190935449885e-01	3.878459190935449885e-01	3.878459190935449885e-01	3.878459190935449885e-01	3.075393461305689913e-01	3.878459190935449885e-01	3.878459190935449885e-01	3.878459190935449885e-01	3.878459190935449885e-01	3.878459190935449885e-01	3.019238904238619736e-01	3.878459190935449885e-01	3.878459190935449885e-01	3.878459190935449885e-01	3.878459190935449885e-01	3.878459190935449885e-01	3.878459190935449885e-01	3.878459190935449885e-01	3.878459190935449885e-01	3.878459190935449885e-01	3.878459190935449885e-01	3.878459190935449885e-01	3.878459190935449885e-01	3.200438385912480199e-01	3.878459190935449885e-01	3.349549980172250030e-01	3.878459190935449885e-01	3.878459190935449885e-01	2.537868353665390098e-01	3.878459190935449885e-01	1.863540286435499960e-01	3.878459190935449885e-01	3.015978349881239806e-01	3.878459190935449885e-01	3.190614888435500118e-01	3.878459190935449885e-01	1.000000000000000082e-05	3.878459190935449885e-01	3.878459190935449885e-01	3.371215536418070147e-01	3.878459190935449885e-01	3.878459190935449885e-01	3.878459190935449885e-01	3.006948423345360277e-01	3.878459190935449885e-01	3.065127778913239731e-01	3.878459190935449885e-01	3.375026073954019989e-01	1.651781299549459903e-01	2.978803528853249949e-01	2.950531828350569929e-01	3.878459190935449885e-01	3.454078465250070007e-01	3.318869756155289896e-01	3.878459190935449885e-01	3.144588358800590178e-01	3.782228695829439880e-01	3.878459190935449885e-01	3.878459190935449885e-01	3.878459190935449885e-01	3.878459190935449885e-01	3.878459190935449885e-01	3.878459190935449885e-01	3.878459190935449885e-01	3.878459190935449885e-01	3.878459190935449885e-01	3.878459190935449885e-01	3.878459190935449885e-01	3.878459190935449885e-01	3.502223063784660195e-01	2.957460925120479756e-01	2.903131427908490214e-01
3.878459190935449885e-01	3.878459190935449885e-01	3.878459190935449885e-01	3.878459190935449885e-01	3.878459190935449885e-01	5.320272361309990039e-01	3.878459190935449885e-01	3.944016035999580172e-01	3.878459190935449885e-01	3.878459190935449885e-01	1.000000000000000000e+00	5.444580116586099638e-01	5.788897998690829549e-01	3.878459190935449885e-01	3.878459190935449885e-01	3.878459190935449885e-01	5.989666411150910141e-01	5.374768508459270011e-01	3.878459190935449885e-01	4.852295775180550108e-01	3.878459190935449885e-01	3.878459190935449885e-01	4.885659901324410082e-01	3.878459190935449885e-01	3.878459190935449885e-01	3.878459190935449885e-01	3.878459190935449885e-01	2.259322229401790061e-01	3.878459190935449885e-01	3.878459190935449885e-01	4.763623396310729952e-01	3.878459190935449885e-01	6.293461540444319491e-01	2.626490426735270112e-01	3.878459190935449885e-01	4.742325934919630059e-01	3.878459190935449885e-01	3.878459190935449885e-01	3.878459190935449885e-01	3.878459190935449885e-01	5.881375555712620162e-01	4.626619798711040232e-01	4.911681225004699836e-01	3.878459190935449885e-01	3.878459190935449885e-01	3.878459190935449885e-01	3.460901137098519875e-01	3.878459190935449885e-01	3.878459190935449885e-01	5.239114485289819712e-01	3.878459190935449885e-01	4.966881001245190275e-01	5.543971176078990037e-01	5.718928973347290334e-01	3.878459190935449885e-01	5.678441497362329837e-01	3.878459190935449885e-01	5.857742550467609499e-01	3.878459190935449885e-01	3.878459190935449885e-01	3.878459190935449885e-01	3.878459190935449885e-01	4.976919102497380232e-01	3.878459190935449885e-01	3.878459190935449885e-01	3.878459190935449885e-01	5.359622529275129832e-01	1.242626584720720080e-02	3.878459190935449885e-01	3.878459190935449885e-01	5.936662372799480503e-01	3.878459190935449885e-01	3.878459190935449885e-01	5.689828295009380366e-01	3.878459190935449885e-01	3.878459190935449885e-01	3.878459190935449885e-01	5.523285694204630447e-01	4.885711877660700031e-01	3.878459190935449885e-01	3.878459190935449885e-01	1.300682223573779994e-01	3.878459190935449885e-01	3.878459190935449885e-01	3.878459190935449885e-01	3.878459190935449885e-01	3.878459190935449885e-01	3.878459190935449885e-01	1.000000000000000082e-05	7.924960723712489233e-03	5.296938302114729824e-01	3.878459190935449885e-01	3.878459190935449885e-01	3.878459190935449885e-01	3.878459190935449885e-01	3.878459190935449885e-01	4.989182574745609777e-01	3.878459190935449885e-01	3.878459190935449885e-01	5.589294487439440129e-01	2.592852307953780189e-01	4.982476304411559975e-01	3.878459190935449885e-01	4.071513805052829893e-01	5.639616026305950269e-01	5.527901194846149835e-01	3.878459190935449885e-01	3.878459190935449885e-01	3.878459190935449885e-01	3.878459190935449885e-01	3.878459190935449885e-01	3.878459190935449885e-01	4.907740610229350264e-01	3.878459190935449885e-01	3.878459190935449885e-01	3.878459190935449885e-01	3.878459190935449885e-01	3.878459190935449885e-01	3.878459190935449885e-01	5.266395274143950145e-01	5.576005607171340417e-01	3.878459190935449885e-01	4.848662982248009845e-01	3.878459190935449885e-01
3.878459190935449885e-01	3.878459190935449885e-01	3.878459190935449885e-01	3.878459190935449885e-01	3.878459190935449885e-01	5.356877218029180154e-01	3.878459190935449885e-01	3.878459190935449885e-01	3.878459190935449885e-01	3.878459190935449885e-01	5.444580116586099638e-01	1.000000000000000000e+00	3.878459190935449885e-01	4.938907198850799873e-01	3.878459190935449885e-01	3.878459190935449885e-01	6.048999983223639632e-01	3.878459190935449885e-01	3.878459190935449885e-01	3.878459190935449885e-01	4.922799513220679768e-01	3.878459190935449885e-01	3.878459190935449885e-01	3.878459190935449885e-01	3.878459190935449885e-01	3.878459190935449885e-01	6.652122437199020633e-02	3.878459190935449885e-01	3.878459190935449885e-01	3.878459190935449885e-01	3.878459190935449885e-01	3.878459190935449885e-01	3.878459190935449885e-01	2.610512247967239907e-01	3.878459190935449885e-01	3.878459190935449885e-01	3.878459190935449885e-01	5.710184256776470457e-01	3.213170844840460005e-02	3.878459190935449885e-01	3.878459190935449885e-01	3.878459190935449885e-01	3.878459190935449885e-01	1.170916245852769988e-01	3.432824476694389948e-01	5.795514679769829813e-01	3.510763180484670065e-01	3.878459190935449885e-01	3.878459190935449885e-01	3.878459190935449885e-01	3.878459190935449885e-01	3.878459190935449885e-01	3.878459190935449885e-01	3.878459190935449885e-01	3.878459190935449885e-01	3.878459190935449885e-01	5.148802499404999677e-01	6.008401761867759872e-01	3.878459190935449885e-01	4.947424307811750244e-01	3.878459190935449885e-01	3.878459190935449885e-01	3.878459190935449885e-01	3.964441032127030140e-01	3.878459190935449885e-01	3.878459190935449885e-01	3.878459190935449885e-01	3.878459190935449885e-01	3.878459190935449885e-01	7.859368506320610348e-02	5.986347357264839575e-01	3.878459190935449885e-01	3.878459190935449885e-01	3.878459190935449885e-01	3.878459190935449885e-01	3.878459190935449885e-01	3.878459190935449885e-01	3.878459190935449885e-01	3.878459190935449885e-01	3.878459190935449885e-01	3.878459190935449885e-01	1.301936697486089922e-01	3.878459190935449885e-01	1.122451566456710015e-01	3.878459190935449885e-01	1.208096766614149969e-01	5.378717682568320280e-01	3.878459190935449885e-01	3.878459190935449885e-01	8.169782742563439989e-03	3.878459190935449885e-01	5.654642944822340089e-01	3.878459190935449885e-01	3.878459190935449885e-01	3.878459190935449885e-01	5.101610004312230329e-01	3.878459190935449885e-01	3.878459190935449885e-01	3.878459190935449885e-01	3.878459190935449885e-01	3.878459190935449885e-01	3.878459190935449885e-01	3.878459190935449885e-01	3.878459190935449885e-01	3.878459190935449885e-01	3.878459190935449885e-01	5.629590854162269675e-01	3.878459190935449885e-01	6.360423654455630293e-01	3.878459190935449885e-01	3.878459190935449885e-01	3.878459190935449885e-01	3.878459190935449885e-01	3.878459190935449885e-01	5.958942904491769665e-01	3.878459190935449885e-01	3.878459190935449885e-01	3.878459190935449885e-01	3.878459190935449885e-01	3.878459190935449885e-01	5.679923355520809514e-01	5.840088608278389826e-01	4.984837119438850217e-01	4.823186947358150123e-01
