1.000000000000000000e+00	2.558357348245339780e-01	6.236899427362210119e-02	2.104157644066129984e-01	4.150656973851760134e-01	2.558357348245339780e-01	2.558357348245339780e-01	2.558357348245339780e-01	2.558357348245339780e-01	2.558357348245339780e-01	2.558357348245339780e-01	2.558357348245339780e-01	2.558357348245339780e-01	2.558357348245339780e-01	2.558357348245339780e-01	2.558357348245339780e-01	2.558357348245339780e-01	2.558357348245339780e-01	2.558357348245339780e-01	2.558357348245339780e-01	2.558357348245339780e-01	2.558357348245339780e-01	9.460955430418560574e-02	2.558357348245339780e-01	3.748623206343310033e-01	2.558357348245339780e-01	2.558357348245339780e-01	2.558357348245339780e-01	2.558357348245339780e-01	2.489691115675830013e-01	2.558357348245339780e-01	2.558357348245339780e-01	2.558357348245339780e-01	2.558357348245339780e-01	2.558357348245339780e-01	2.558357348245339780e-01	4.358683019080770160e-01	3.825535023992889805e-01	6.733208757256630150e-01	2.558357348245339780e-01	6.340279473164229795e-01	2.558357348245339780e-01	2.558357348245339780e-01	6.003390154943419876e-01	2.558357348245339780e-01	2.285911430401000102e-02	5.683390826193199935e-02	6.240945170752649762e-01	3.346320469373990081e-01	2.558357348245339780e-01	2.558357348245339780e-01	2.558357348245339780e-01	2.558357348245339780e-01	2.558357348245339780e-01	2.558357348245339780e-01	2.558357348245339780e-01	2.558357348245339780e-01	2.558357348245339780e-01	5.291680529482439832e-01	2.558357348245339780e-01	2.558357348245339780e-01	3.379516100737720019e-02	2.558357348245339780e-01	2.558357348245339780e-01	2.532117606458429981e-01	2.558357348245339780e-01	2.558357348245339780e-01	2.558357348245339780e-01	2.558357348245339780e-01	4.833191672306400011e-01	5.883662057344419827e-01	6.002825050205770063e-01	5.276260876243099585e-01	2.558357348245339780e-01	2.558357348245339780e-01	2.558357348245339780e-01	2.558357348245339780e-01	2.558357348245339780e-01	2.558357348245339780e-01	2.558357348245339780e-01	2.558357348245339780e-01	2.558357348245339780e-01	2.558357348245339780e-01	3.110768733605339884e-02	2.558357348245339780e-01	6.307092549720110242e-01	2.558357348245339780e-01	2.558357348245339780e-01	2.558357348245339780e-01	1.218360959277299954e-01	2.558357348245339780e-01	2.558357348245339780e-01	2.558357348245339780e-01	4.843439442228629765e-01	5.920052004887409458e-01	2.558357348245339780e-01	2.590646119586549889e-01	2.558357348245339780e-01	2.558357348245339780e-01	4.600677855907009950e-01	6.642552626426520002e-01	2.558357348245339780e-01	5.541092060785820506e-01	2.558357348245339780e-01	6.654443940965240056e-01	6.026605310939510129e-01	2.558357348245339780e-01	2.558357348245339780e-01	2.558357348245339780e-01	2.558357348245339780e-01	2.558357348245339780e-01	2.558357348245339780e-01	2.558357348245339780e-01	2.558357348245339780e-01	2.558357348245339780e-01	6.318532030463439586e-01	2.558357348245339780e-01	2.558357348245339780e-01	6.056463157432789846e-01	5.361628532179689710e-01	2.558357348245339780e-01	5.027990350142189646e-01	5.035687551254109939e-01	2.558357348245339780e-01
2.558357348245339780e-01	1.000000000000000000e+00	2.558357348245339780e-01	4.798109755599939963e-02	2.558357348245339780e-01	2.558357348245339780e-01	1.376901092684360006e-01	2.558357348245339780e-01	2.558357348245339780e-01	2.558357348245339780e-01	2.558357348245339780e-01	1.503089239904910057e-01	2.558357348245339780e-01	3.072136988446420164e-02	2.558357348245339780e-01	2.558357348245339780e-01	2.558357348245339780e-01	5.211281652592000130e-02	2.558357348245339780e-01	2.558357348245339780e-01	6.875795958236420591e-02	1.751676861769119881e-02	2.558357348245339780e-01	2.558357348245339780e-01	5.572535771145099848e-02	2.558357348245339780e-01	2.558357348245339780e-01	2.558357348245339780e-01	2.558357348245339780e-01	2.558357348245339780e-01	2.558357348245339780e-01	2.558357348245339780e-01	2.558357348245339780e-01	2.558357348245339780e-01	2.558357348245339780e-01	2.558357348245339780e-01	2.558357348245339780e-01	5.314199806296229789e-02	2.558357348245339780e-01	9.181290081985039875e-02	2.928544590128310046e-02	8.621117354779890551e-02	2.558357348245339780e-01	2.558357348245339780e-01	2.558357348245339780e-01	2.558357348245339780e-01	2.558357348245339780e-01	2.558357348245339780e-01	2.558357348245339780e-01	2.558357348245339780e-01	2.558357348245339780e-01	2.458219540035160022e-02	2.558357348245339780e-01	2.558357348245339780e-01	2.558357348245339780e-01	2.558357348245339780e-01	2.558357348245339780e-01	2.558357348245339780e-01	1.773077962546789829e-02	2.558357348245339780e-01	2.558357348245339780e-01	2.558357348245339780e-01	1.754028188594190102e-02	4.752707080332110173e-02	2.558357348245339780e-01	2.687713161797830042e-01	3.755903549080250037e-02	2.558357348245339780e-01	3.637252982743360147e-02	2.558357348245339780e-01	1.639739808399520021e-02	2.513383206241969967e-02	2.558357348245339780e-01	2.558357348245339780e-01	2.558357348245339780e-01	2.558357348245339780e-01	2.558357348245339780e-01	2.558357348245339780e-01	2.558357348245339780e-01	2.558357348245339780e-01	2.492941885974379879e-02	1.554074849632659967e-02	2.558357348245339780e-01	2.558357348245339780e-01	2.558357348245339780e-01	2.558357348245339780e-01	2.558357348245339780e-01	2.558357348245339780e-01	2.558357348245339780e-01	2.558357348245339780e-01	8.963521801368259934e-02	2.558357348245339780e-01	2.558357348245339780e-01	2.558357348245339780e-01	2.558357348245339780e-01	1.045726358662710069e-02	2.558357348245339780e-01	2.558357348245339780e-01	2.558357348245339780e-01	3.053540312645559862e-02	2.558357348245339780e-01	2.558357348245339780e-01	2.558357348245339780e-01	1.438849265849110048e-01	2.558357348245339780e-01	6.005148717426069677e-02	2.558357348245339780e-01	2.558357348245339780e-01	2.558357348245339780e-01	2.558357348245339780e-01	2.558357348245339780e-01	2.558357348245339780e-01	1.508227153577189894e-01	2.558357348245339780e-01	1.648156637676150005e-01	2.558357348245339780e-01	2.558357348245339780e-01	8.088266690113020407e-02	2.558357348245339780e-01	2.558357348245339780e-01	2.558357348245339780e-01	2.558357348245339780e-01	7.967815324849769967e-03	2.558357348245339780e-01
6.236899427362210119e-02	2.558357348245339780e-01	1.000000000000000000e+00	2.558357348245339780e-01	2.558357348245339780e-01	1.300797616279709967e-01	1.687007041390989892e-01	1.395627052437199977e-01	2.558357348245339780e-01	2.670060765126079927e-01	2.558357348245339780e-01	2.558357348245339780e-01	2.558357348245339780e-01	2.558357348245339780e-01	3.026568342178730109e-02	1.404523292354210029e-01	1.282921281005960090e-01	2.558357348245339780e-01	4.905319933431689927e-02	2.582455581919140125e-02	2.558357348245339780e-01	2.558357348245339780e-01	2.542746955224399752e-01	2.241881318533789913e-01	2.558357348245339780e-01	2.558357348245339780e-01	5.163670303643679710e-02	1.166976265635940035e-01	2.558357348245339780e-01	1.013777690823839950e-01	2.558357348245339780e-01	2.558357348245339780e-01	1.801002526772560106e-02	1.748610639526360089e-01	2.558357348245339780e-01	2.558357348245339780e-01	2.558357348245339780e-01	2.558357348245339780e-01	2.558357348245339780e-01	2.558357348245339780e-01	2.558357348245339780e-01	2.558357348245339780e-01	6.228538678644349874e-02	2.558357348245339780e-01	2.558357348245339780e-01	2.558357348245339780e-01	3.879479398197749895e-01	2.558357348245339780e-01	2.558357348245339780e-01	3.360130448400600045e-01	2.558357348245339780e-01	2.558357348245339780e-01	2.558357348245339780e-01	2.636867622407719838e-02	2.558357348245339780e-01	2.558357348245339780e-01	2.138526371407130020e-02	2.558357348245339780e-01	2.558357348245339780e-01	3.895713858519479766e-02	2.558357348245339780e-01	3.090159952859780068e-01	2.558357348245339780e-01	2.558357348245339780e-01	2.558357348245339780e-01	2.558357348245339780e-01	2.558357348245339780e-01	2.597789188287940032e-01	3.308377674917239997e-02	1.678312814175940068e-02	2.558357348245339780e-01	2.425921141929539976e-02	2.558357348245339780e-01	4.285394148793390118e-02	2.558357348245339780e-01	2.558357348245339780e-01	2.086035226245670088e-02	2.558357348245339780e-01	2.613425729549890275e-01	2.558357348245339780e-01	4.860732692188630272e-02	2.558357348245339780e-01	2.558357348245339780e-01	2.558357348245339780e-01	2.558357348245339780e-01	2.558357348245339780e-01	2.558357348245339780e-01	2.558357348245339780e-01	2.558357348245339780e-01	2.558357348245339780e-01	2.558357348245339780e-01	2.558357348245339780e-01	8.633502411145900501e-02	2.291351316992979933e-02	2.558357348245339780e-01	1.676536383312129952e-02	2.558357348245339780e-01	2.558357348245339780e-01	2.558357348245339780e-01	2.558357348245339780e-01	2.558357348245339780e-01	2.833732600294849857e-01	2.558357348245339780e-01	2.558357348245339780e-01	2.558357348245339780e-01	2.558357348245339780e-01	2.558357348245339780e-01	2.558357348245339780e-01	2.558357348245339780e-01	2.558357348245339780e-01	2.558357348245339780e-01	2.558357348245339780e-01	2.558357348245339780e-01	2.558357348245339780e-01	2.558357348245339780e-01	2.558357348245339780e-01	3.257234549117019734e-02	2.558357348245339780e-01	9.283188706214380581e-02	2.165061382904880094e-02	2.558357348245339780e-01	2.558357348245339780e-01	1.611658440305099860e-02	2.987153918838670111e-02
2.104157644066129984e-01	4.798109755599939963e-02	2.558357348245339780e-01	1.000000000000000000e+00	2.558357348245339780e-01	2.558357348245339780e-01	1.467990569874370044e-01	2.558357348245339780e-01	2.558357348245339780e-01	2.558357348245339780e-01	2.558357348245339780e-01	5.438186338149109816e-02	2.558357348245339780e-01	2.558357348245339780e-01	2.558357348245339780e-01	2.558357348245339780e-01	2.450627002432720081e-01	2.218601053569990017e-02	1.812122583886610072e-01	2.558357348245339780e-01	6.735815152803030503e-02	2.558357348245339780e-01	1.312544414942150017e-01	2.558357348245339780e-01	2.558357348245339780e-01	2.558357348245339780e-01	2.558357348245339780e-01	2.558357348245339780e-01	2.558357348245339780e-01	2.558357348245339780e-01	2.558357348245339780e-01	2.558357348245339780e-01	2.558357348245339780e-01	2.558357348245339780e-01	2.558357348245339780e-01	1.380080327137060137e-01	2.106932531302130041e-01	1.772683879814339891e-01	2.558357348245339780e-01	2.558357348245339780e-01	1.702201428360969881e-01	2.558357348245339780e-01	2.558357348245339780e-01	2.558357348245339780e-01	2.558357348245339780e-01	5.347319358443269888e-02	2.558357348245339780e-01	2.558357348245339780e-01	2.558357348245339780e-01	2.558357348245339780e-01	2.558357348245339780e-01	2.558357348245339780e-01	1.598157934737040042e-01	2.558357348245339780e-01	2.558357348245339780e-01	1.461922792209419952e-01	2.558357348245339780e-01	2.558357348245339780e-01	2.558357348245339780e-01	1.882454692149050091e-01	2.558357348245339780e-01	2.558357348245339780e-01	1.510287233217179892e-01	3.627289740383449982e-03	2.558357348245339780e-01	5.728644471067759897e-02	2.558357348245339780e-01	2.558357348245339780e-01	1.847084289387170009e-01	1.135335824705289987e-01	2.558357348245339780e-01	2.558357348245339780e-01	2.558357348245339780e-01	2.558357348245339780e-01	2.558357348245339780e-01	6.340345914813830253e-02	1.587885731216870100e-01	1.578533747523880038e-01	9.412541454647689598e-02	1.887200914246839889e-01	2.558357348245339780e-01	1.852613109190809904e-01	2.558357348245339780e-01	2.558357348245339780e-01	1.556144622230400121e-01	1.920128493055630048e-01	2.558357348245339780e-01	2.558357348245339780e-01	2.558357348245339780e-01	2.558357348245339780e-01	1.161523819618320019e-01	2.558357348245339780e-01	2.558357348245339780e-01	2.558357348245339780e-01	2.558357348245339780e-01	2.558357348245339780e-01	2.558357348245339780e-01	2.558357348245339780e-01	2.558357348245339780e-01	2.558357348245339780e-01	2.558357348245339780e-01	2.558357348245339780e-01	1.522420282486849907e-01	2.558357348245339780e-01	2.558357348245339780e-01	2.558357348245339780e-01	4.983982119580129821e-02	2.558357348245339780e-01	2.558357348245339780e-01	2.558357348245339780e-01	2.558357348245339780e-01	2.082383726503060084e-01	1.429836550553439944e-01	6.613453425553429688e-02	7.563033785907820328e-02	2.028213501563350118e-01	1.607020957466130107e-01	2.558357348245339780e-01	2.982697093750559802e-01	2.558357348245339780e-01	2.558357348245339780e-01	2.558357348245339780e-01	2.558357348245339780e-01	2.558357348245339780e-01
4.150656973851760134e-01	2.558357348245339780e-01	2.558357348245339780e-01	2.558357348245339780e-01	1.000000000000000000e+00	2.558357348245339780e-01	3.855723378389899758e-01	2.558357348245339780e-01	2.558357348245339780e-01	2.551378619825089844e-01	2.558357348245339780e-01	2.558357348245339780e-01	2.558357348245339780e-01	2.558357348245339780e-01	2.558357348245339780e-01	2.558357348245339780e-01	2.558357348245339780e-01	2.446388575165630089e-02	2.558357348245339780e-01	2.258296749916750001e-01	2.558357348245339780e-01	2.558357348245339780e-01	2.558357348245339780e-01	2.704527375274189960e-01	2.558357348245339780e-01	2.558357348245339780e-01	2.558357348245339780e-01	2.558357348245339780e-01	2.558357348245339780e-01	2.558357348245339780e-01	2.558357348245339780e-01	2.785727927400200032e-01	2.558357348245339780e-01	2.558357348245339780e-01	3.058902631839159891e-01	2.558357348245339780e-01	2.558357348245339780e-01	3.881031792638380273e-01	2.558357348245339780e-01	4.456598908395800196e-01	2.558357348245339780e-01	2.558357348245339780e-01	2.558357348245339780e-01	2.417517895078289958e-01	2.558357348245339780e-01	2.558357348245339780e-01	2.558357348245339780e-01	2.833132466320649745e-01	2.558357348245339780e-01	2.558357348245339780e-01	2.558357348245339780e-01	2.558357348245339780e-01	2.836668419081950221e-01	2.631942201482290189e-01	2.196756926412329891e-01	2.558357348245339780e-01	2.558357348245339780e-01	2.558357348245339780e-01	2.558357348245339780e-01	2.558357348245339780e-01	2.558357348245339780e-01	2.558357348245339780e-01	2.291704802734549906e-01	7.772424427426030333e-03	2.558357348245339780e-01	2.558357348245339780e-01	2.440555040041569868e-01	2.558357348245339780e-01	2.558357348245339780e-01	1.934324557677840062e-01	2.558357348245339780e-01	2.558357348245339780e-01	2.630270360487499959e-01	2.558357348245339780e-01	2.558357348245339780e-01	2.558357348245339780e-01	2.558357348245339780e-01	3.522313726136370171e-01	2.558357348245339780e-01	2.802693571809969919e-01	2.558357348245339780e-01	2.558357348245339780e-01	2.558357348245339780e-01	2.558357348245339780e-01	2.558357348245339780e-01	3.015871556426980016e-01	2.558357348245339780e-01	2.558357348245339780e-01	2.558357348245339780e-01	2.558357348245339780e-01	2.558357348245339780e-01	2.558357348245339780e-01	2.558357348245339780e-01	2.558357348245339780e-01	2.558357348245339780e-01	2.558357348245339780e-01	3.030385277022479840e-01	2.558357348245339780e-01	3.247632690785680065e-01	2.558357348245339780e-01	2.558357348245339780e-01	9.263111292326679791e-02	2.558357348245339780e-01	2.558357348245339780e-01	2.558357348245339780e-01	2.558357348245339780e-01	2.558357348245339780e-01	2.558357348245339780e-01	2.558357348245339780e-01	1.791978437146219960e-01	2.387495433353349905e-01	2.574176405674630241e-01	2.418599112979069876e-01	2.558357348245339780e-01	2.558357348245339780e-01	2.558357348245339780e-01	2.558357348245339780e-01	2.558357348245339780e-01	2.558357348245339780e-01	2.558357348245339780e-01	1.603998253636109983e-01	2.382500029005880093e-01	2.558357348245339780e-01	2.558357348245339780e-01
2.558357348245339780e-01	2.558357348245339780e-01	1.300797616279709967e-01	2.558357348245339780e-01	2.558357348245339780e-01	1.000000000000000000e+00	1.279664678163300040e-01	2.558357348245339780e-01	2.391994622535250081e-01	2.558357348245339780e-01	2.558357348245339780e-01	2.558357348245339780e-01	2.558357348245339780e-01	2.558357348245339780e-01	2.558357348245339780e-01	2.171621448424939926e-01	2.558357348245339780e-01	2.409080856565079878e-02	2.558357348245339780e-01	2.558357348245339780e-01	2.558357348245339780e-01	2.558357348245339780e-01	2.558357348245339780e-01	2.558357348245339780e-01	2.558357348245339780e-01	2.558357348245339780e-01	1.635367864262090021e-01	2.558357348245339780e-01	1.032267286221769942e-01	1.796200617104879993e-01	2.558357348245339780e-01	2.558357348245339780e-01	2.558357348245339780e-01	2.424411817490129961e-01	2.558357348245339780e-01	2.558357348245339780e-01	2.054733257368709931e-01	2.558357348245339780e-01	1.099573594341149985e-01	2.130567026886930060e-01	2.558357348245339780e-01	2.558357348245339780e-01	2.558357348245339780e-01	9.529108785726900233e-02	1.011109103903460038e-01	8.024939672758210629e-02	2.558357348245339780e-01	1.116838433521129964e-01	2.558357348245339780e-01	2.558357348245339780e-01	2.558357348245339780e-01	1.475367652522109885e-01	2.558357348245339780e-01	1.058541243384559932e-01	2.558357348245339780e-01	2.558357348245339780e-01	2.558357348245339780e-01	2.558357348245339780e-01	8.179766713706479453e-02	2.558357348245339780e-01	2.558357348245339780e-01	2.558357348245339780e-01	8.171108738908069991e-02	2.558357348245339780e-01	1.914668522618100110e-01	2.558357348245339780e-01	2.558357348245339780e-01	2.558357348245339780e-01	2.558357348245339780e-01	8.317786656742949536e-02	2.558357348245339780e-01	2.558357348245339780e-01	9.864534427623100621e-02	2.558357348245339780e-01	2.558357348245339780e-01	1.171351131778169963e-01	2.558357348245339780e-01	2.558357348245339780e-01	1.416706584900929988e-01	2.558357348245339780e-01	1.017937508583340034e-01	2.558357348245339780e-01	2.558357348245339780e-01	2.558357348245339780e-01	2.558357348245339780e-01	2.558357348245339780e-01	1.150018426832789958e-01	9.324571329605080283e-02	2.558357348245339780e-01	2.558357348245339780e-01	2.558357348245339780e-01	2.558357348245339780e-01	1.924199723073400092e-01	2.558357348245339780e-01	2.558357348245339780e-01	2.558357348245339780e-01	1.651340280063419985e-01	2.558357348245339780e-01	1.260564893322289881e-01	1.472003550056669996e-01	2.558357348245339780e-01	2.558357348245339780e-01	1.091272630488250017e-01	2.558357348245339780e-01	2.558357348245339780e-01	2.558357348245339780e-01	2.558357348245339780e-01	2.558357348245339780e-01	2.558357348245339780e-01	2.558357348245339780e-01	2.558357348245339780e-01	1.757315205526530089e-01	2.558357348245339780e-01	1.037015349478619952e-01	1.156967813707590054e-01	2.558357348245339780e-01	2.558357348245339780e-01	2.558357348245339780e-01	2.558357348245339780e-01	1.174719064197420060e-01	2.558357348245339780e-01	2.558357348245339780e-01	2.558357348245339780e-01	2.558357348245339780e-01
2.558357348245339780e-01	1.376901092684360006e-01	1.687007041390989892e-01	1.467990569874370044e-01	3.855723378389899758e-01	1.279664678163300040e-01	1.000000000000000000e+00	4.529237702920230202e-01	2.971976674533189922e-01	2.558357348245339780e-01	2.558357348245339780e-01	2.558357348245339780e-01	2.558357348245339780e-01	2.558357348245339780e-01	2.558357348245339780e-01	2.531581349155199723e-01	2.558357348245339780e-01	2.558357348245339780e-01	2.558357348245339780e-01	1.317682053092610051e-01	7.949376891591310168e-02	2.558357348245339780e-01	2.558357348245339780e-01	2.558357348245339780e-01	3.064378594979260129e-01	2.558357348245339780e-01	2.558357348245339780e-01	1.716401275629740042e-01	1.185383107673669972e-01	2.558357348245339780e-01	1.361755237480070102e-01	1.303095601095390077e-01	2.558357348245339780e-01	2.558357348245339780e-01	2.558357348245339780e-01	7.378090037218859587e-02	2.558357348245339780e-01	2.558357348245339780e-01	1.380015371481599917e-01	2.558357348245339780e-01	2.558357348245339780e-01	2.558357348245339780e-01	2.002507238823700020e-01	1.669078392466800120e-01	2.558357348245339780e-01	2.558357348245339780e-01	2.558357348245339780e-01	2.558357348245339780e-01	2.558357348245339780e-01	2.558357348245339780e-01	2.558357348245339780e-01	2.558357348245339780e-01	2.072556682951089968e-01	2.558357348245339780e-01	2.558357348245339780e-01	1.458589346433279976e-01	2.558357348245339780e-01	2.558357348245339780e-01	2.558357348245339780e-01	2.558357348245339780e-01	2.558357348245339780e-01	9.364154847659010572e-02	2.558357348245339780e-01	2.558357348245339780e-01	2.052558399651809862e-01	2.558357348245339780e-01	2.558357348245339780e-01	2.558357348245339780e-01	2.558357348245339780e-01	2.558357348245339780e-01	2.558357348245339780e-01	2.558357348245339780e-01	2.558357348245339780e-01	2.558357348245339780e-01	2.558357348245339780e-01	2.558357348245339780e-01	2.558357348245339780e-01	2.558357348245339780e-01	2.558357348245339780e-01	2.558357348245339780e-01	2.558357348245339780e-01	2.558357348245339780e-01	1.851959238051429923e-01	2.558357348245339780e-01	2.558357348245339780e-01	2.558357348245339780e-01	2.558357348245339780e-01	1.228929419106469939e-01	2.558357348245339780e-01	2.558357348245339780e-01	2.558357348245339780e-01	2.558357348245339780e-01	2.093193112471050110e-01	1.740932212253349931e-01	2.558357348245339780e-01	9.381139071088880066e-02	2.558357348245339780e-01	1.440645053054669944e-01	2.558357348245339780e-01	2.558357348245339780e-01	2.558357348245339780e-01	2.558357348245339780e-01	2.558357348245339780e-01	2.558357348245339780e-01	2.558357348245339780e-01	2.558357348245339780e-01	2.558357348245339780e-01	6.572182507241400296e-02	2.558357348245339780e-01	2.558357348245339780e-01	2.558357348245339780e-01	2.558357348245339780e-01	2.558357348245339780e-01	2.558357348245339780e-01	2.558357348245339780e-01	2.558357348245339780e-01	2.558357348245339780e-01	2.558357348245339780e-01	2.558357348245339780e-01	2.558357348245339780e-01	2.558357348245339780e-01	1.608383031942169916e-01	2.558357348245339780e-01	2.558357348245339780e-01
2.558357348245339780e-01	2.558357348245339780e-01	1.395627052437199977e-01	2.558357348245339780e-01	2.558357348245339780e-01	2.558357348245339780e-01	4.529237702920230202e-01	1.000000000000000000e+00	2.558357348245339780e-01	2.558357348245339780e-01	2.558357348245339780e-01	6.695828850549509492e-02	2.558357348245339780e-01	5.564992972369560247e-03	2.558357348245339780e-01	2.558357348245339780e-01	2.558357348245339780e-01	2.558357348245339780e-01	2.210915951199859952e-01	2.558357348245339780e-01	2.558357348245339780e-01	2.558357348245339780e-01	2.558357348245339780e-01	2.558357348245339780e-01	2.558357348245339780e-01	2.558357348245339780e-01	2.558357348245339780e-01	2.558357348245339780e-01	2.558357348245339780e-01	2.558357348245339780e-01	2.558357348245339780e-01	2.558357348245339780e-01	2.061465714651939951e-01	2.558357348245339780e-01	2.558357348245339780e-01	1.213153685073500021e-01	2.783303304605420081e-01	2.558357348245339780e-01	2.558357348245339780e-01	2.599685094534099905e-01	2.489281005479289932e-01	1.834003194754590116e-01	2.558357348245339780e-01	2.283736659845760075e-01	2.558357348245339780e-01	2.558357348245339780e-01	2.558357348245339780e-01	2.558357348245339780e-01	2.558357348245339780e-01	1.508830678743350029e-01	1.629029907021319890e-01	1.771391091527290129e-01	2.386933630065060097e-01	2.558357348245339780e-01	2.558357348245339780e-01	1.568055522489849862e-01	2.558357348245339780e-01	2.558357348245339780e-01	2.558357348245339780e-01	2.558357348245339780e-01	2.558357348245339780e-01	2.558357348245339780e-01	2.558357348245339780e-01	2.558357348245339780e-01	2.558357348245339780e-01	2.558357348245339780e-01	2.558357348245339780e-01	2.558357348245339780e-01	2.558357348245339780e-01	2.558357348245339780e-01	2.558357348245339780e-01	2.558357348245339780e-01	2.558357348245339780e-01	2.558357348245339780e-01	2.558357348245339780e-01	2.558357348245339780e-01	2.104950095861519987e-01	1.826680458779149918e-01	2.558357348245339780e-01	1.984959196524349878e-01	2.401640090314169917e-01	2.558357348245339780e-01	2.558357348245339780e-01	1.007759529659439934e-01	2.558357348245339780e-01	2.558357348245339780e-01	2.558357348245339780e-01	2.558357348245339780e-01	2.558357348245339780e-01	2.558357348245339780e-01	2.558357348245339780e-01	2.558357348245339780e-01	2.412289356814500130e-01	2.116623673383309923e-01	2.558357348245339780e-01	1.326518423983379935e-01	2.558357348245339780e-01	2.558357348245339780e-01	2.558357348245339780e-01	2.558357348245339780e-01	2.937210606046209982e-01	2.558357348245339780e-01	2.516671392456599765e-01	2.558357348245339780e-01	2.558357348245339780e-01	3.036810573844980210e-01	2.558357348245339780e-01	2.558357348245339780e-01	2.558357348245339780e-01	2.558357348245339780e-01	2.558357348245339780e-01	2.163103396545349999e-01	2.558357348245339780e-01	1.548035725577590060e-01	2.558357348245339780e-01	2.558357348245339780e-01	2.558357348245339780e-01	2.558357348245339780e-01	2.558357348245339780e-01	2.558357348245339780e-01	1.443190091894900051e-01	2.558357348245339780e-01	1.237228847293079942e-01	2.558357348245339780e-01
2.558357348245339780e-01	2.558357348245339780e-01	2.558357348245339780e-01	2.558357348245339780e-01	2.558357348245339780e-01	2.391994622535250081e-01	2.971976674533189922e-01	2.558357348245339780e-01	1.000000000000000000e+00	3.118138894454099974e-01	4.960176599268609765e-01	2.558357348245339780e-01	2.558357348245339780e-01	2.558357348245339780e-01	2.558357348245339780e-01	2.558357348245339780e-01	3.577955761090220177e-01	2.558357348245339780e-01	3.803183223449039807e-01	2.558357348245339780e-01	2.558357348245339780e-01	2.558357348245339780e-01	2.558357348245339780e-01	3.374315047467790207e-01	2.558357348245339780e-01	2.558357348245339780e-01	2.558357348245339780e-01	3.652053444943940130e-01	2.733707116661490133e-01	2.558357348245339780e-01	2.558357348245339780e-01	2.558357348245339780e-01	2.309137072359510046e-01	2.558357348245339780e-01	2.558357348245339780e-01	2.558357348245339780e-01	2.558357348245339780e-01	2.558357348245339780e-01	3.220082812416190099e-01	2.558357348245339780e-01	2.558357348245339780e-01	2.558357348245339780e-01	2.558357348245339780e-01	2.677107768468179883e-01	2.558357348245339780e-01	2.558357348245339780e-01	2.078173430504419994e-01	2.558357348245339780e-01	2.558357348245339780e-01	2.558357348245339780e-01	2.558357348245339780e-01	2.558357348245339780e-01	2.558357348245339780e-01	2.558357348245339780e-01	2.315340476847690121e-01	2.558357348245339780e-01	2.558357348245339780e-01	3.518916728728729848e-01	2.301162472898120037e-01	3.680439708334130033e-01	2.558357348245339780e-01	2.558357348245339780e-01	2.558357348245339780e-01	2.558357348245339780e-01	2.558357348245339780e-01	2.558357348245339780e-01	2.558357348245339780e-01	2.558357348245339780e-01	2.558357348245339780e-01	2.558357348245339780e-01	2.558357348245339780e-01	2.558357348245339780e-01	2.848174015058430042e-01	2.558357348245339780e-01	2.558357348245339780e-01	1.413775652618169953e-01	2.558357348245339780e-01	2.558357348245339780e-01	2.558357348245339780e-01	2.558357348245339780e-01	2.558357348245339780e-01	2.558357348245339780e-01	2.558357348245339780e-01	1.295817293942939930e-01	2.558357348245339780e-01	3.158686873232059988e-01	2.558357348245339780e-01	2.558357348245339780e-01	1.000000000000000048e-04	2.558357348245339780e-01	2.558357348245339780e-01	2.558357348245339780e-01	2.558357348245339780e-01	2.558357348245339780e-01	3.204735973722879772e-01	2.537844757243479799e-01	2.558357348245339780e-01	2.558357348245339780e-01	2.558357348245339780e-01	2.558357348245339780e-01	2.558357348245339780e-01	2.558357348245339780e-01	2.936312133446680184e-01	2.558357348245339780e-01	2.558357348245339780e-01	2.558357348245339780e-01	2.558357348245339780e-01	2.558357348245339780e-01	2.558357348245339780e-01	2.558357348245339780e-01	2.558357348245339780e-01	2.896164050354950170e-01	2.558357348245339780e-01	2.558357348245339780e-01	1.442510975583929933e-01	2.558357348245339780e-01	2.936726778951619932e-01	3.902830653934100114e-01	2.558357348245339780e-01	2.558357348245339780e-01	2.558357348245339780e-01	2.558357348245339780e-01	2.558357348245339780e-01	2.558357348245339780e-01
2.558357348245339780e-01	2.558357348245339780e-01	2.670060765126079927e-01	2.558357348245339780e-01	2.551378619825089844e-01	2.558357348245339780e-01	2.558357348245339780e-01	2.558357348245339780e-01	3.118138894454099974e-01	1.000000000000000000e+00	2.384238813933790002e-01	1.568092425294649872e-01	2.558357348245339780e-01	2.558357348245339780e-01	9.574741779091920646e-02	2.558357348245339780e-01	2.558357348245339780e-01	2.558357348245339780e-01	2.558357348245339780e-01	2.558357348245339780e-01	2.558357348245339780e-01	2.558357348245339780e-01	2.558357348245339780e-01	2.558357348245339780e-01	2.558357348245339780e-01	1.239968851174459985e-01	2.558357348245339780e-01	2.558357348245339780e-01	2.558357348245339780e-01	2.021779953374910066e-01	2.558357348245339780e-01	2.558357348245339780e-01	7.059935510090760424e-02	2.558357348245339780e-01	2.558357348245339780e-01	2.558357348245339780e-01	2.558357348245339780e-01	2.094720756790409977e-01	2.558357348245339780e-01	2.558357348245339780e-01	9.833706696007479819e-02	2.558357348245339780e-01	2.558357348245339780e-01	2.558357348245339780e-01	2.558357348245339780e-01	2.558357348245339780e-01	3.370346852774879776e-01	2.558357348245339780e-01	2.558357348245339780e-01	2.558357348245339780e-01	2.558357348245339780e-01	2.558357348245339780e-01	2.558357348245339780e-01	2.558357348245339780e-01	2.558357348245339780e-01	2.558357348245339780e-01	2.558357348245339780e-01	2.558357348245339780e-01	2.558357348245339780e-01	1.075035311422800066e-01	2.558357348245339780e-01	2.194380099192410061e-01	2.558357348245339780e-01	2.558357348245339780e-01	2.558357348245339780e-01	2.558357348245339780e-01	2.558357348245339780e-01	2.794395154857030050e-01	2.558357348245339780e-01	2.558357348245339780e-01	2.558357348245339780e-01	9.430723079659460162e-02	2.558357348245339780e-01	2.558357348245339780e-01	2.558357348245339780e-01	2.558357348245339780e-01	2.558357348245339780e-01	9.767971295076480209e-02	2.558357348245339780e-01	2.558357348245339780e-01	2.558357348245339780e-01	2.558357348245339780e-01	2.558357348245339780e-01	2.558357348245339780e-01	2.558357348245339780e-01	8.220678971194360363e-02	2.558357348245339780e-01	2.558357348245339780e-01	2.558357348245339780e-01	2.558357348245339780e-01	2.558357348245339780e-01	2.558357348245339780e-01	2.558357348245339780e-01	2.558357348245339780e-01	2.558357348245339780e-01	2.558357348245339780e-01	2.558357348245339780e-01	2.558357348245339780e-01	2.558357348245339780e-01	1.297281907859340055e-01	1.643934222765010000e-01	2.558357348245339780e-01	2.558357348245339780e-01	2.558357348245339780e-01	9.915739956491599616e-02	1.289489717137549951e-01	2.558357348245339780e-01	2.558357348245339780e-01	2.168761364132200109e-01	2.558357348245339780e-01	5.555120997195889948e-02	2.558357348245339780e-01	2.270126124816760071e-01	2.558357348245339780e-01	2.558357348245339780e-01	2.558357348245339780e-01	2.558357348245339780e-01	2.558357348245339780e-01	1.812719729139559977e-01	2.558357348245339780e-01	2.558357348245339780e-01	2.558357348245339780e-01	4.638341379938269726e-02	2.558357348245339780e-01
2.558357348245339780e-01	2.558357348245339780e-01	2.558357348245339780e-01	2.558357348245339780e-01	2.558357348245339780e-01	2.558357348245339780e-01	2.558357348245339780e-01	2.558357348245339780e-01	4.960176599268609765e-01	2.384238813933790002e-01	1.000000000000000000e+00	2.558357348245339780e-01	4.728002973824519950e-01	2.558357348245339780e-01	4.010559482899330175e-01	2.558357348245339780e-01	2.558357348245339780e-01	2.558357348245339780e-01	2.558357348245339780e-01	2.558357348245339780e-01	2.558357348245339780e-01	5.030475850789050130e-01	2.558357348245339780e-01	2.558357348245339780e-01	2.558357348245339780e-01	2.558357348245339780e-01	2.558357348245339780e-01	2.558357348245339780e-01	3.514282220043700167e-01	3.669024283411900234e-01	2.558357348245339780e-01	2.558357348245339780e-01	2.558357348245339780e-01	2.558357348245339780e-01	3.904300508233040090e-01	2.558357348245339780e-01	4.282526351062639902e-01	2.558357348245339780e-01	4.442148822337330105e-01	2.558357348245339780e-01	2.558357348245339780e-01	2.558357348245339780e-01	2.558357348245339780e-01	2.558357348245339780e-01	2.558357348245339780e-01	2.558357348245339780e-01	2.558357348245339780e-01	2.558357348245339780e-01	2.558357348245339780e-01	2.558357348245339780e-01	2.558357348245339780e-01	4.000284824668730033e-01	3.518005896703479962e-01	4.262918438774569996e-01	2.558357348245339780e-01	2.558357348245339780e-01	3.740163693491789787e-01	2.558357348245339780e-01	2.558357348245339780e-01	2.558357348245339780e-01	3.787017542048600194e-01	8.910730402043880172e-02	3.358549284971529825e-01	2.558357348245339780e-01	3.814118342498389880e-01	6.262785964767310365e-02	2.912979513648190077e-01	2.558357348245339780e-01	2.558357348245339780e-01	3.011828691131129832e-01	4.345061665605279844e-01	4.210176635304510029e-01	2.558357348245339780e-01	3.088705828389770036e-01	1.979428783865970140e-02	2.558357348245339780e-01	2.558357348245339780e-01	2.558357348245339780e-01	2.558357348245339780e-01	2.558357348245339780e-01	4.804047798093600274e-01	2.558357348245339780e-01	2.558357348245339780e-01	9.126142189335430255e-02	2.558357348245339780e-01	2.558357348245339780e-01	2.558357348245339780e-01	2.558357348245339780e-01	2.558357348245339780e-01	1.949084218332829965e-01	2.558357348245339780e-01	2.558357348245339780e-01	2.558357348245339780e-01	2.558357348245339780e-01	2.558357348245339780e-01	2.558357348245339780e-01	3.299013223454809740e-01	2.558357348245339780e-01	2.558357348245339780e-01	2.558357348245339780e-01	2.558357348245339780e-01	2.558357348245339780e-01	3.775982390363930019e-01	2.208471829887969917e-01	2.558357348245339780e-01	2.558357348245339780e-01	2.558357348245339780e-01	1.637177729978160079e-01	2.558357348245339780e-01	2.558357348245339780e-01	2.558357348245339780e-01	2.558357348245339780e-01	2.558357348245339780e-01	1.094333052539329942e-01	2.558357348245339780e-01	2.558357348245339780e-01	2.558357348245339780e-01	2.558357348245339780e-01	2.558357348245339780e-01	4.294233301863060182e-01	1.091401047230580040e-01	2.558357348245339780e-01	3.084565326591510170e-01	4.431707031174110245e-01
2.558357348245339780e-01	1.503089239904910057e-01	2.558357348245339780e-01	5.438186338149109816e-02	2.558357348245339780e-01	2.558357348245339780e-01	2.558357348245339780e-01	6.695828850549509492e-02	2.558357348245339780e-01	1.568092425294649872e-01	2.558357348245339780e-01	1.000000000000000000e+00	2.558357348245339780e-01	8.667908117391759371e-02	1.207299235466779974e-02	2.558357348245339780e-01	6.152201653395539954e-02	2.558357348245339780e-01	2.558357348245339780e-01	2.558357348245339780e-01	2.558357348245339780e-01	2.558357348245339780e-01	2.558357348245339780e-01	2.558357348245339780e-01	2.558357348245339780e-01	2.558357348245339780e-01	2.558357348245339780e-01	2.558357348245339780e-01	2.558357348245339780e-01	6.376408345112309639e-02	2.558357348245339780e-01	2.558357348245339780e-01	2.558357348245339780e-01	2.558357348245339780e-01	2.558357348245339780e-01	2.558357348245339780e-01	3.647539324881730188e-02	2.558357348245339780e-01	2.558357348245339780e-01	7.317223042851900283e-02	2.558357348245339780e-01	1.322590772709379969e-01	2.558357348245339780e-01	2.558357348245339780e-01	2.558357348245339780e-01	2.558357348245339780e-01	2.558357348245339780e-01	2.558357348245339780e-01	2.558357348245339780e-01	2.558357348245339780e-01	1.445890880185000081e-02	2.558357348245339780e-01	2.558357348245339780e-01	2.558357348245339780e-01	6.788720938921580066e-03	2.558357348245339780e-01	2.558357348245339780e-01	2.558357348245339780e-01	2.558357348245339780e-01	2.558357348245339780e-01	2.558357348245339780e-01	2.558357348245339780e-01	2.558357348245339780e-01	2.558357348245339780e-01	1.320009865899159918e-01	2.558357348245339780e-01	2.558357348245339780e-01	2.558357348245339780e-01	1.585475214215590137e-02	2.558357348245339780e-01	2.558357348245339780e-01	2.558357348245339780e-01	2.558357348245339780e-01	2.558357348245339780e-01	2.558357348245339780e-01	2.558357348245339780e-01	9.193494376631999865e-03	2.558357348245339780e-01	2.558357348245339780e-01	2.558357348245339780e-01	2.558357348245339780e-01	9.215155679526290319e-03	2.558357348245339780e-01	2.558357348245339780e-01	2.558357348245339780e-01	1.049572568150130072e-02	2.558357348245339780e-01	2.558357348245339780e-01	2.558357348245339780e-01	2.558357348245339780e-01	2.558357348245339780e-01	2.558357348245339780e-01	2.558357348245339780e-01	2.558357348245339780e-01	2.558357348245339780e-01	6.291658489545100090e-03	2.558357348245339780e-01	2.558357348245339780e-01	1.156108964062129915e-02	3.292919990635560096e-02	2.558357348245339780e-01	2.558357348245339780e-01	2.558357348245339780e-01	2.558357348245339780e-01	2.558357348245339780e-01	2.558357348245339780e-01	2.558357348245339780e-01	2.137167954017060029e-02	2.558357348245339780e-01	2.558357348245339780e-01	2.558357348245339780e-01	2.558357348245339780e-01	2.558357348245339780e-01	9.824454055793739593e-02	2.558357348245339780e-01	1.285715433523950020e-02	2.558357348245339780e-01	2.558357348245339780e-01	2.558357348245339780e-01	9.472862650041779381e-03	2.558357348245339780e-01	2.558357348245339780e-01	2.558357348245339780e-01	2.558357348245339780e-01
