1.000000000000000000e+00	7.824998244898494493e-01	7.824998244898494493e-01	7.824998244898494493e-01	7.824998244898494493e-01	8.063465959714080089e-01	8.295305453929020523e-01	7.824998244898494493e-01	8.912093790823839567e-01	7.824998244898494493e-01	7.824998244898494493e-01	7.824998244898494493e-01	8.873428673016460211e-01	7.824998244898494493e-01	7.824998244898494493e-01	8.524068744724659918e-01	7.824998244898494493e-01	7.824998244898494493e-01	7.824998244898494493e-01	7.824998244898494493e-01	6.410509725250299606e-01	9.561177835345620046e-01	7.500952021834760286e-01	8.002373450385610321e-01	7.824998244898494493e-01	7.824998244898494493e-01	7.824998244898494493e-01	7.824998244898494493e-01	7.824998244898494493e-01	7.824998244898494493e-01	7.824998244898494493e-01	7.824998244898494493e-01	7.824998244898494493e-01	7.824998244898494493e-01	7.824998244898494493e-01	7.824998244898494493e-01	7.824998244898494493e-01	7.824998244898494493e-01	9.529099672367059570e-01	7.824998244898494493e-01	7.824998244898494493e-01	7.824998244898494493e-01	7.824998244898494493e-01	9.396707378895160501e-01	7.824998244898494493e-01	7.824998244898494493e-01	7.824998244898494493e-01	7.824998244898494493e-01	7.824998244898494493e-01	7.824998244898494493e-01	7.824998244898494493e-01	8.967846392958539470e-01	8.429072283123260068e-01	7.824998244898494493e-01	7.824998244898494493e-01	7.824998244898494493e-01	9.350973674746499986e-01	9.483020982489860362e-01	7.824998244898494493e-01	7.824998244898494493e-01	7.824998244898494493e-01	6.615998683860510043e-01	9.287933250409600161e-01	4.586178369365039864e-01	8.457762928103980116e-01	6.597227807742529482e-01	7.824998244898494493e-01	7.674500899938979659e-01	7.824998244898494493e-01	7.824998244898494493e-01	7.824998244898494493e-01	7.824998244898494493e-01	7.824998244898494493e-01	7.824998244898494493e-01	7.824998244898494493e-01	7.824998244898494493e-01	7.824998244898494493e-01	9.169385455860580292e-01	7.674038383571279986e-01	9.424579463717099870e-01	7.824998244898494493e-01	9.523713675590970151e-01	7.824998244898494493e-01	7.824998244898494493e-01	7.824998244898494493e-01	7.824998244898494493e-01	9.490835069363849907e-01	7.824998244898494493e-01	1.000000000000000021e-03	7.824998244898494493e-01	7.824998244898494493e-01	7.824998244898494493e-01	7.824998244898494493e-01	9.153872471148469803e-01	7.824998244898494493e-01	7.824998244898494493e-01	8.481365034255820001e-01	7.824998244898494493e-01	7.824998244898494493e-01	9.096650069247079751e-01	7.824998244898494493e-01	7.824998244898494493e-01	9.305329027187390079e-01	7.583246520780889677e-01	9.515435571156269923e-01	9.401131148663679493e-01	7.824998244898494493e-01	7.870768793974810551e-01	7.840490790057850212e-01	7.824998244898494493e-01	7.824998244898494493e-01	7.824998244898494493e-01	7.824998244898494493e-01	7.824998244898494493e-01	6.731952989304510471e-01	9.455518781033970255e-01	7.824998244898494493e-01	7.824998244898494493e-01	7.824998244898494493e-01	7.824998244898494493e-01	7.064829234281500003e-01	9.195712323945519628e-01	7.824998244898494493e-01	9.308641112044639954e-01
7.824998244898494493e-01	1.000000000000000000e+00	7.824998244898494493e-01	7.824998244898494493e-01	7.601527980063740308e-01	7.824998244898494493e-01	7.824998244898494493e-01	7.800853440636840164e-01	7.824998244898494493e-01	8.197963252663460487e-01	7.824998244898494493e-01	7.936594434260489939e-01	7.178135840249529886e-01	7.824998244898494493e-01	6.312942565178969456e-01	7.824998244898494493e-01	7.824998244898494493e-01	7.824998244898494493e-01	7.824998244898494493e-01	7.824998244898494493e-01	7.824998244898494493e-01	7.824998244898494493e-01	7.824998244898494493e-01	7.824998244898494493e-01	7.824998244898494493e-01	7.824998244898494493e-01	6.755254756744250022e-01	7.824998244898494493e-01	7.824998244898494493e-01	7.824998244898494493e-01	7.824998244898494493e-01	7.824998244898494493e-01	6.176544000021509939e-01	7.824998244898494493e-01	7.824998244898494493e-01	7.824998244898494493e-01	7.430141047204049665e-01	6.991470617693069656e-01	6.095224353524030247e-01	7.824998244898494493e-01	6.501444524813400072e-01	7.416399816528049804e-01	7.824998244898494493e-01	7.824998244898494493e-01	7.824998244898494493e-01	7.824998244898494493e-01	7.824998244898494493e-01	7.824998244898494493e-01	7.824998244898494493e-01	7.824998244898494493e-01	6.216021850907219592e-01	6.364113877989719947e-01	7.824998244898494493e-01	7.824998244898494493e-01	7.824998244898494493e-01	7.824998244898494493e-01	7.824998244898494493e-01	6.127549079048949521e-01	7.824998244898494493e-01	7.824998244898494493e-01	6.085296511423250454e-01	7.824998244898494493e-01	6.107481653187749604e-01	7.824998244898494493e-01	7.824998244898494493e-01	8.519495306946830437e-01	6.701746194513370503e-01	7.824998244898494493e-01	6.675562957250229523e-01	6.342015712378390457e-01	6.057504526227830421e-01	7.824998244898494493e-01	7.824998244898494493e-01	7.058890998155770147e-01	7.003198406561049749e-01	7.824998244898494493e-01	7.824998244898494493e-01	6.256147018001629867e-01	7.824998244898494493e-01	7.824998244898494493e-01	6.375008857990259736e-01	7.824998244898494493e-01	6.384731337361549963e-01	7.824998244898494493e-01	7.824998244898494493e-01	7.824998244898494493e-01	5.988827819331680180e-01	6.208587218547440001e-01	7.824998244898494493e-01	7.824998244898494493e-01	7.824998244898494493e-01	7.824998244898494493e-01	7.824998244898494493e-01	6.381598751865720232e-01	6.004195936987990478e-01	7.824998244898494493e-01	7.824998244898494493e-01	6.016442846443950110e-01	7.824998244898494493e-01	7.824998244898494493e-01	7.824998244898494493e-01	7.824998244898494493e-01	7.824998244898494493e-01	7.824998244898494493e-01	7.824998244898494493e-01	7.824998244898494493e-01	7.824998244898494493e-01	7.824998244898494493e-01	7.824998244898494493e-01	7.824998244898494493e-01	6.111479350165980318e-01	7.034057349120209635e-01	7.824998244898494493e-01	7.824998244898494493e-01	8.026270967535800160e-01	6.857099100712350515e-01	7.824998244898494493e-01	7.358921370413950003e-01	7.019739010915839739e-01	5.989051260934660226e-01	7.824998244898494493e-01	7.824998244898494493e-01	5.547158909061840060e-01	6.085017088190209922e-01
7.824998244898494493e-01	7.824998244898494493e-01	1.000000000000000000e+00	7.441237783398619854e-01	7.824998244898494493e-01	7.824998244898494493e-01	7.824998244898494493e-01	7.824998244898494493e-01	8.109114119917889552e-01	7.824998244898494493e-01	7.824998244898494493e-01	7.824998244898494493e-01	7.495722740703749665e-01	7.824998244898494493e-01	7.824998244898494493e-01	7.871220577481480296e-01	7.824998244898494493e-01	7.658988794926610000e-01	7.824998244898494493e-01	6.402493348411809615e-01	7.763711109172199976e-01	7.824998244898494493e-01	8.462084653826370539e-01	8.333125368835260227e-01	7.824998244898494493e-01	7.824998244898494493e-01	7.824998244898494493e-01	7.695365098751879573e-01	7.824998244898494493e-01	7.824998244898494493e-01	7.268081235845690324e-01	7.824998244898494493e-01	7.824998244898494493e-01	7.824998244898494493e-01	6.522899999758700051e-01	7.824998244898494493e-01	7.824998244898494493e-01	7.824998244898494493e-01	6.348954131115269739e-01	7.824998244898494493e-01	7.824998244898494493e-01	8.257230616211540530e-01	7.128147951386759607e-01	6.182786784530189816e-01	6.326182336028699504e-01	7.824998244898494493e-01	7.824998244898494493e-01	7.824998244898494493e-01	8.094163662211200094e-01	7.824998244898494493e-01	7.824998244898494493e-01	7.824998244898494493e-01	7.824998244898494493e-01	7.824998244898494493e-01	6.079309185733400289e-01	7.824998244898494493e-01	7.824998244898494493e-01	7.824998244898494493e-01	7.824998244898494493e-01	7.824998244898494493e-01	7.824998244898494493e-01	7.824998244898494493e-01	6.106763046533799644e-01	7.824998244898494493e-01	7.824998244898494493e-01	7.824998244898494493e-01	7.824998244898494493e-01	8.484213396959779940e-01	7.824998244898494493e-01	6.074704877365669775e-01	6.334957608940949836e-01	7.824998244898494493e-01	6.200947919485100268e-01	6.810402249960110233e-01	7.824998244898494493e-01	7.824998244898494493e-01	7.824998244898494493e-01	7.824998244898494493e-01	8.490424681803200313e-01	7.824998244898494493e-01	7.824998244898494493e-01	7.824998244898494493e-01	6.232169719692549625e-01	7.824998244898494493e-01	7.824998244898494493e-01	7.824998244898494493e-01	7.824998244898494493e-01	7.824998244898494493e-01	7.824998244898494493e-01	8.217420062485329968e-01	7.824998244898494493e-01	7.824998244898494493e-01	7.417698285996630059e-01	6.309790875771850160e-01	7.824998244898494493e-01	7.824998244898494493e-01	7.824998244898494493e-01	7.824998244898494493e-01	7.824998244898494493e-01	7.086760788399749655e-01	7.824998244898494493e-01	7.824998244898494493e-01	6.390340855068330495e-01	8.328845601531339460e-01	7.824998244898494493e-01	7.824998244898494493e-01	7.824998244898494493e-01	7.824998244898494493e-01	7.723287068550229728e-01	5.906571402448279606e-01	7.824998244898494493e-01	7.824998244898494493e-01	7.824998244898494493e-01	7.824998244898494493e-01	7.824998244898494493e-01	6.686991119333109967e-01	7.824998244898494493e-01	7.647852666559989965e-01	7.483621166900119581e-01	7.824998244898494493e-01	7.824998244898494493e-01	6.204971179771230361e-01	7.824998244898494493e-01	7.824998244898494493e-01
7.824998244898494493e-01	7.824998244898494493e-01	7.441237783398619854e-01	1.000000000000000000e+00	7.824998244898494493e-01	8.040103757947789642e-01	7.824998244898494493e-01	7.824998244898494493e-01	7.824998244898494493e-01	8.212940439706909457e-01	7.824998244898494493e-01	7.824998244898494493e-01	7.824998244898494493e-01	7.824998244898494493e-01	7.824998244898494493e-01	8.305882462068280292e-01	7.824998244898494493e-01	7.824998244898494493e-01	7.824998244898494493e-01	7.983082147263209638e-01	7.824998244898494493e-01	7.824998244898494493e-01	7.806474821736529845e-01	8.126400759163879828e-01	7.824998244898494493e-01	8.180477429405440537e-01	8.462011797459899620e-01	7.824998244898494493e-01	7.824998244898494493e-01	7.824998244898494493e-01	8.249579823827839498e-01	7.824998244898494493e-01	7.839185804050590178e-01	7.824998244898494493e-01	7.824998244898494493e-01	7.854386595965170415e-01	8.270274612428749617e-01	8.097881260304370388e-01	7.824998244898494493e-01	7.824998244898494493e-01	7.824998244898494493e-01	7.477738661017719890e-01	7.824998244898494493e-01	7.824998244898494493e-01	7.994729351477789514e-01	7.824998244898494493e-01	7.537421326033909574e-01	7.824998244898494493e-01	8.597011049710769903e-01	7.824998244898494493e-01	7.824998244898494493e-01	7.824998244898494493e-01	7.824998244898494493e-01	7.824998244898494493e-01	7.824998244898494493e-01	7.824998244898494493e-01	7.824998244898494493e-01	7.824998244898494493e-01	7.824998244898494493e-01	7.824998244898494493e-01	7.824998244898494493e-01	7.824998244898494493e-01	7.941219602112810083e-01	5.039572665442859645e-01	8.350314370324609659e-01	7.055792128437140542e-01	7.824998244898494493e-01	7.824998244898494493e-01	7.824998244898494493e-01	7.824998244898494493e-01	7.824998244898494493e-01	7.824998244898494493e-01	7.824998244898494493e-01	7.824998244898494493e-01	7.824998244898494493e-01	7.824998244898494493e-01	7.824998244898494493e-01	7.824998244898494493e-01	7.824998244898494493e-01	7.824998244898494493e-01	7.824998244898494493e-01	7.824998244898494493e-01	7.824998244898494493e-01	7.179351385724099810e-01	7.824998244898494493e-01	7.824998244898494493e-01	7.824998244898494493e-01	7.824998244898494493e-01	7.824998244898494493e-01	7.824998244898494493e-01	7.824998244898494493e-01	7.824998244898494493e-01	7.824998244898494493e-01	7.874587180963279476e-01	7.824998244898494493e-01	7.824998244898494493e-01	8.148072581132990155e-01	7.824998244898494493e-01	7.824998244898494493e-01	7.824998244898494493e-01	7.824998244898494493e-01	7.824998244898494493e-01	7.948972227237780519e-01	7.798637355833919482e-01	7.824998244898494493e-01	7.824998244898494493e-01	6.936986814027720216e-01	7.473190406179109901e-01	7.760547812113589572e-01	7.824998244898494493e-01	7.824998244898494493e-01	8.258462985655780075e-01	7.888384941176329601e-01	7.180464099282900525e-01	7.824998244898494493e-01	8.231960279991860086e-01	7.824998244898494493e-01	8.200316345413229957e-01	7.824998244898494493e-01	7.824998244898494493e-01	7.824998244898494493e-01	7.824998244898494493e-01	7.824998244898494493e-01	7.824998244898494493e-01
7.824998244898494493e-01	7.601527980063740308e-01	7.824998244898494493e-01	7.824998244898494493e-01	1.000000000000000000e+00	7.824998244898494493e-01	7.824998244898494493e-01	7.824998244898494493e-01	7.824998244898494493e-01	8.465582497197630119e-01	9.246655623844359795e-01	7.824998244898494493e-01	7.824998244898494493e-01	7.824998244898494493e-01	7.824998244898494493e-01	7.824998244898494493e-01	8.768975251187830500e-01	7.824998244898494493e-01	7.824998244898494493e-01	7.824998244898494493e-01	7.824998244898494493e-01	7.824998244898494493e-01	8.359306003286499642e-01	8.525977107399760335e-01	9.031228065956989903e-01	7.824998244898494493e-01	7.824998244898494493e-01	7.824998244898494493e-01	7.824998244898494493e-01	7.824998244898494493e-01	8.090679964030680349e-01	7.824998244898494493e-01	7.824998244898494493e-01	8.519006314492999499e-01	7.824998244898494493e-01	7.824998244898494493e-01	8.935245466379140300e-01	8.909894435681039448e-01	7.824998244898494493e-01	7.824998244898494493e-01	8.530407133631620065e-01	7.824998244898494493e-01	7.824998244898494493e-01	8.410128003143010345e-01	8.379506460080949903e-01	7.725149175283350100e-01	7.824998244898494493e-01	7.824998244898494493e-01	9.046117809694790290e-01	7.824998244898494493e-01	8.649104465069179515e-01	7.824998244898494493e-01	7.824998244898494493e-01	8.497737897759259917e-01	8.312488011460630322e-01	7.824998244898494493e-01	7.824998244898494493e-01	7.824998244898494493e-01	8.280320647591780103e-01	7.824998244898494493e-01	8.393321713436150411e-01	7.537745810683510461e-01	8.355492369201039660e-01	7.824998244898494493e-01	7.824998244898494493e-01	7.824998244898494493e-01	7.824998244898494493e-01	8.391033644894639876e-01	7.824998244898494493e-01	7.824998244898494493e-01	7.824998244898494493e-01	8.601008970806970355e-01	8.497079450450489846e-01	7.824998244898494493e-01	6.639718426841459964e-01	7.824998244898494493e-01	7.824998244898494493e-01	7.824998244898494493e-01	8.377486623952810074e-01	8.563128238200320430e-01	7.824998244898494493e-01	7.824998244898494493e-01	7.824998244898494493e-01	7.824998244898494493e-01	8.435461078764999732e-01	7.824998244898494493e-01	7.824998244898494493e-01	7.824998244898494493e-01	1.000000000000000021e-03	8.317403847559590169e-01	7.824998244898494493e-01	7.813109225686269976e-01	7.824998244898494493e-01	7.824998244898494493e-01	7.824998244898494493e-01	7.824998244898494493e-01	7.824998244898494493e-01	7.824998244898494493e-01	7.824998244898494493e-01	7.824998244898494493e-01	9.141953231074350095e-01	7.824998244898494493e-01	8.632340861457250547e-01	7.824998244898494493e-01	7.824998244898494493e-01	7.824998244898494493e-01	7.448822957377020382e-01	7.824998244898494493e-01	8.245981904246759697e-01	7.824998244898494493e-01	7.824998244898494493e-01	7.824998244898494493e-01	8.410586608163640454e-01	7.688080455503949473e-01	7.824998244898494493e-01	7.824998244898494493e-01	7.824998244898494493e-01	7.824998244898494493e-01	7.824998244898494493e-01	8.559491829478249603e-01	7.824998244898494493e-01	7.824998244898494493e-01	7.824998244898494493e-01	7.824998244898494493e-01
8.063465959714080089e-01	7.824998244898494493e-01	7.824998244898494493e-01	8.040103757947789642e-01	7.824998244898494493e-01	1.000000000000000000e+00	7.824998244898494493e-01	7.868713506408050451e-01	7.824998244898494493e-01	7.824998244898494493e-01	7.824998244898494493e-01	7.824998244898494493e-01	7.824998244898494493e-01	7.824998244898494493e-01	7.718877440068360185e-01	8.300830497589509749e-01	7.824998244898494493e-01	7.824998244898494493e-01	7.824998244898494493e-01	7.734155688855790522e-01	7.824998244898494493e-01	7.824998244898494493e-01	7.824998244898494493e-01	7.824998244898494493e-01	7.824998244898494493e-01	7.824998244898494493e-01	8.018650066766139783e-01	7.824998244898494493e-01	7.824998244898494493e-01	7.824998244898494493e-01	7.824998244898494493e-01	7.824998244898494493e-01	7.553055709963439890e-01	8.413049020532600286e-01	7.824998244898494493e-01	7.182648816334049613e-01	7.824998244898494493e-01	8.023760566265240035e-01	7.824998244898494493e-01	7.824998244898494493e-01	7.824998244898494493e-01	7.824998244898494493e-01	7.989132905723570488e-01	7.507520686222800554e-01	7.561991798100979878e-01	7.824998244898494493e-01	7.824998244898494493e-01	7.824998244898494493e-01	8.666074718044769476e-01	8.232007530367509984e-01	7.824998244898494493e-01	7.918597912591780474e-01	7.824998244898494493e-01	7.824998244898494493e-01	7.824998244898494493e-01	7.824998244898494493e-01	7.824998244898494493e-01	7.804234742387079482e-01	7.824998244898494493e-01	7.824998244898494493e-01	7.824998244898494493e-01	7.798928320958380400e-01	7.368071825386039997e-01	7.824998244898494493e-01	8.174328670960130383e-01	7.540147431287109736e-01	7.824998244898494493e-01	7.824998244898494493e-01	7.675866587101080052e-01	7.824998244898494493e-01	7.824998244898494493e-01	7.824998244898494493e-01	7.824998244898494493e-01	7.824998244898494493e-01	7.824998244898494493e-01	7.824998244898494493e-01	7.824998244898494493e-01	7.824998244898494493e-01	7.824998244898494493e-01	7.824998244898494493e-01	7.568201220998760359e-01	7.824998244898494493e-01	7.824998244898494493e-01	7.824998244898494493e-01	7.824998244898494493e-01	7.824998244898494493e-01	7.824998244898494493e-01	7.487681504507669450e-01	7.824998244898494493e-01	8.075160917125360216e-01	7.824998244898494493e-01	7.719386966915650072e-01	8.179280171257019560e-01	7.824998244898494493e-01	7.683470415209470161e-01	7.501361049409069892e-01	7.824998244898494493e-01	7.824998244898494493e-01	7.824998244898494493e-01	7.824998244898494493e-01	7.824998244898494493e-01	7.824998244898494493e-01	7.824998244898494493e-01	7.954928641690269808e-01	7.824998244898494493e-01	7.824998244898494493e-01	7.824998244898494493e-01	7.824998244898494493e-01	7.824998244898494493e-01	7.824998244898494493e-01	7.824998244898494493e-01	8.089286904618450125e-01	7.824998244898494493e-01	7.824998244898494493e-01	7.687286184436940006e-01	7.824998244898494493e-01	7.619853511730699802e-01	7.824998244898494493e-01	7.824998244898494493e-01	7.701573523715860015e-01	7.824998244898494493e-01	7.824998244898494493e-01	7.247106688703569555e-01	7.824998244898494493e-01
8.295305453929020523e-01	7.824998244898494493e-01	7.824998244898494493e-01	7.824998244898494493e-01	7.824998244898494493e-01	7.824998244898494493e-01	1.000000000000000000e+00	7.824998244898494493e-01	7.824998244898494493e-01	7.824998244898494493e-01	7.824998244898494493e-01	7.824998244898494493e-01	7.824998244898494493e-01	7.824998244898494493e-01	7.824998244898494493e-01	7.824998244898494493e-01	7.824998244898494493e-01	6.392138409008449873e-01	7.951596151207449559e-01	7.810194773114289557e-01	7.343393777300869507e-01	7.956915104860069476e-01	7.896539223118379525e-01	7.824998244898494493e-01	7.824998244898494493e-01	7.824998244898494493e-01	7.824998244898494493e-01	7.824998244898494493e-01	7.824998244898494493e-01	7.824998244898494493e-01	7.824998244898494493e-01	7.799599820370609615e-01	7.824998244898494493e-01	7.824998244898494493e-01	7.824998244898494493e-01	7.276909890646739987e-01	7.824998244898494493e-01	7.824998244898494493e-01	7.854341513071859682e-01	8.527861422948149750e-01	7.824998244898494493e-01	8.050886776602940165e-01	7.824998244898494493e-01	8.038627125182999933e-01	7.824998244898494493e-01	7.824998244898494493e-01	7.824998244898494493e-01	7.824998244898494493e-01	8.269989796381139735e-01	7.978455495149170407e-01	7.800607177897590505e-01	7.824998244898494493e-01	8.253700422094220057e-01	7.824998244898494493e-01	7.824998244898494493e-01	7.907560876078310041e-01	7.824998244898494493e-01	7.824998244898494493e-01	7.824998244898494493e-01	7.961095146628770491e-01	7.824998244898494493e-01	7.824998244898494493e-01	7.824998244898494493e-01	5.558872413155480086e-01	7.824998244898494493e-01	7.824998244898494493e-01	7.824998244898494493e-01	7.824998244898494493e-01	8.460409116088459802e-01	7.824998244898494493e-01	7.824998244898494493e-01	7.824998244898494493e-01	7.777694048322629783e-01	7.824998244898494493e-01	6.523817356158050362e-01	7.740106627723629673e-01	7.824998244898494493e-01	7.824998244898494493e-01	7.824998244898494493e-01	7.824998244898494493e-01	7.824998244898494493e-01	7.824998244898494493e-01	8.141200476398700037e-01	7.824998244898494493e-01	7.824998244898494493e-01	7.824998244898494493e-01	7.789287491816180298e-01	7.824998244898494493e-01	7.824998244898494493e-01	7.824998244898494493e-01	7.976990184607010148e-01	7.824998244898494493e-01	8.263678891886190314e-01	7.824998244898494493e-01	7.824998244898494493e-01	7.824998244898494493e-01	7.824998244898494493e-01	7.824998244898494493e-01	7.824998244898494493e-01	8.066451772815470544e-01	7.824998244898494493e-01	7.824998244898494493e-01	8.290331300417109750e-01	7.824998244898494493e-01	8.118964390846890034e-01	7.824998244898494493e-01	7.926100976737749937e-01	7.824998244898494493e-01	7.824998244898494493e-01	7.824998244898494493e-01	7.758454507596259653e-01	7.824998244898494493e-01	8.653573632088960021e-01	7.871604613851479471e-01	7.824998244898494493e-01	7.824998244898494493e-01	8.223601234425159667e-01	8.589711005334490501e-01	8.305405730325370328e-01	7.824998244898494493e-01	7.824998244898494493e-01	7.824998244898494493e-01	7.824998244898494493e-01	7.824998244898494493e-01
7.824998244898494493e-01	7.800853440636840164e-01	7.824998244898494493e-01	7.824998244898494493e-01	7.824998244898494493e-01	7.868713506408050451e-01	7.824998244898494493e-01	1.000000000000000000e+00	7.824998244898494493e-01	7.824998244898494493e-01	8.701313760095990002e-01	7.191311779132619764e-01	7.824998244898494493e-01	7.824998244898494493e-01	7.824998244898494493e-01	7.824998244898494493e-01	7.824998244898494493e-01	7.824998244898494493e-01	7.824998244898494493e-01	7.824998244898494493e-01	7.824998244898494493e-01	7.824998244898494493e-01	7.824998244898494493e-01	7.824998244898494493e-01	8.862154364903970238e-01	7.824998244898494493e-01	7.824998244898494493e-01	7.824998244898494493e-01	7.824998244898494493e-01	8.351944134901210237e-01	8.144472184073470178e-01	8.110720085603769780e-01	7.824998244898494493e-01	7.824998244898494493e-01	8.503715030013729859e-01	7.824998244898494493e-01	8.555881519704440219e-01	7.824998244898494493e-01	7.824998244898494493e-01	7.824998244898494493e-01	7.824998244898494493e-01	7.824998244898494493e-01	7.824998244898494493e-01	7.824998244898494493e-01	7.824998244898494493e-01	7.209124220480499501e-01	7.824998244898494493e-01	7.824998244898494493e-01	7.824998244898494493e-01	7.824998244898494493e-01	7.824998244898494493e-01	7.824998244898494493e-01	7.824998244898494493e-01	7.824998244898494493e-01	7.824998244898494493e-01	7.977654120099539892e-01	7.824998244898494493e-01	8.233094363864890131e-01	7.824998244898494493e-01	8.336785237124589854e-01	7.824998244898494493e-01	7.824998244898494493e-01	8.223388826996740342e-01	7.824998244898494493e-01	7.824998244898494493e-01	7.824998244898494493e-01	7.824998244898494493e-01	7.824998244898494493e-01	8.734590160587439867e-01	7.824998244898494493e-01	7.824998244898494493e-01	7.824998244898494493e-01	7.824998244898494493e-01	7.824998244898494493e-01	6.097446349777959629e-01	7.589974381517949897e-01	7.824998244898494493e-01	7.824998244898494493e-01	8.176839246622490398e-01	7.824998244898494493e-01	8.403372512276560125e-01	7.824998244898494493e-01	7.824998244898494493e-01	7.824998244898494493e-01	7.824998244898494493e-01	8.118195499862760345e-01	7.824998244898494493e-01	7.824998244898494493e-01	1.000000000000000021e-03	7.824998244898494493e-01	7.824998244898494493e-01	7.824998244898494493e-01	7.824998244898494493e-01	7.824998244898494493e-01	8.191660293220679456e-01	7.824998244898494493e-01	7.824998244898494493e-01	7.824998244898494493e-01	7.824998244898494493e-01	7.824998244898494493e-01	7.824998244898494493e-01	7.824998244898494493e-01	7.824998244898494493e-01	7.824998244898494493e-01	7.824998244898494493e-01	7.824998244898494493e-01	7.824998244898494493e-01	7.824998244898494493e-01	8.638189549044710258e-01	7.824998244898494493e-01	7.824998244898494493e-01	7.824998244898494493e-01	8.665726531088659979e-01	7.824998244898494493e-01	7.574893994117729568e-01	7.824998244898494493e-01	8.508743953876489741e-01	7.824998244898494493e-01	7.824998244898494493e-01	7.824998244898494493e-01	7.897332449976369739e-01	8.324042449099630092e-01	7.750420574280789676e-01	7.824998244898494493e-01
8.912093790823839567e-01	7.824998244898494493e-01	8.109114119917889552e-01	7.824998244898494493e-01	7.824998244898494493e-01	7.824998244898494493e-01	7.824998244898494493e-01	7.824998244898494493e-01	1.000000000000000000e+00	7.824998244898494493e-01	7.824998244898494493e-01	7.824998244898494493e-01	8.957146165130970283e-01	5.407793322759809618e-01	7.824998244898494493e-01	7.824998244898494493e-01	7.824998244898494493e-01	7.824998244898494493e-01	7.824998244898494493e-01	8.518590692974700174e-01	7.824998244898494493e-01	7.824998244898494493e-01	8.247307270966609538e-01	8.759165879636660046e-01	7.824998244898494493e-01	8.792537353184629589e-01	7.824998244898494493e-01	8.844064037745960061e-01	8.537142242200139730e-01	7.824998244898494493e-01	8.522845659990120337e-01	7.824998244898494493e-01	8.363217384722020364e-01	7.824998244898494493e-01	8.659834345822869928e-01	8.283267896909880523e-01	8.830824650939960163e-01	7.824998244898494493e-01	7.824998244898494493e-01	8.975802671509930386e-01	7.824998244898494493e-01	8.232621809931750523e-01	7.824998244898494493e-01	7.824998244898494493e-01	7.824998244898494493e-01	7.824998244898494493e-01	7.824998244898494493e-01	7.824998244898494493e-01	7.824998244898494493e-01	7.824998244898494493e-01	7.824998244898494493e-01	7.824998244898494493e-01	7.824998244898494493e-01	7.824998244898494493e-01	7.824998244898494493e-01	7.824998244898494493e-01	8.522723361169339817e-01	7.824998244898494493e-01	7.824998244898494493e-01	7.824998244898494493e-01	7.824998244898494493e-01	7.824998244898494493e-01	7.824998244898494493e-01	5.715008667064029879e-01	7.824998244898494493e-01	7.824998244898494493e-01	7.824998244898494493e-01	8.431927282922270228e-01	7.824998244898494493e-01	7.824998244898494493e-01	7.824998244898494493e-01	8.612371229987380028e-01	7.824998244898494493e-01	8.494104880137309799e-01	7.824998244898494493e-01	7.824998244898494493e-01	8.573554612792989582e-01	7.824998244898494493e-01	7.824998244898494493e-01	7.824998244898494493e-01	8.924097505403669750e-01	7.824998244898494493e-01	7.824998244898494493e-01	7.824998244898494493e-01	8.561064141004649519e-01	7.824998244898494493e-01	7.824998244898494493e-01	7.824998244898494493e-01	7.824998244898494493e-01	7.824998244898494493e-01	7.999365440690510143e-01	7.976326304370110476e-01	9.021021767300979599e-01	7.824998244898494493e-01	8.704260970441529688e-01	7.824998244898494493e-01	7.824998244898494493e-01	8.697468901798039997e-01	8.783483035683570250e-01	8.973227051826480061e-01	7.824998244898494493e-01	7.824998244898494493e-01	7.824998244898494493e-01	7.824998244898494493e-01	7.824998244898494493e-01	8.665179408421930241e-01	7.824998244898494493e-01	7.824998244898494493e-01	7.824998244898494493e-01	8.254150497105080531e-01	7.824998244898494493e-01	7.824998244898494493e-01	7.824998244898494493e-01	7.824998244898494493e-01	7.824998244898494493e-01	7.824998244898494493e-01	7.824998244898494493e-01	7.824998244898494493e-01	7.824998244898494493e-01	7.824998244898494493e-01	7.760926448766150010e-01	7.824998244898494493e-01	7.824998244898494493e-01	8.684324347223619789e-01
7.824998244898494493e-01	8.197963252663460487e-01	7.824998244898494493e-01	8.212940439706909457e-01	8.465582497197630119e-01	7.824998244898494493e-01	7.824998244898494493e-01	7.824998244898494493e-01	7.824998244898494493e-01	1.000000000000000000e+00	8.395923643921759938e-01	7.977677015412459882e-01	7.824998244898494493e-01	7.824998244898494493e-01	7.824998244898494493e-01	8.234417659185929717e-01	7.824998244898494493e-01	7.824998244898494493e-01	7.824998244898494493e-01	7.824998244898494493e-01	7.824998244898494493e-01	7.824998244898494493e-01	7.824998244898494493e-01	7.824998244898494493e-01	7.824998244898494493e-01	7.752511711166809594e-01	7.824998244898494493e-01	8.337550903000420233e-01	7.824998244898494493e-01	7.824998244898494493e-01	8.275640480330830329e-01	7.824998244898494493e-01	7.237898735752880119e-01	7.824998244898494493e-01	7.824998244898494493e-01	7.824998244898494493e-01	8.037658232317600460e-01	7.824998244898494493e-01	7.824998244898494493e-01	7.824998244898494493e-01	7.536383069019929604e-01	7.824998244898494493e-01	7.824998244898494493e-01	7.383863508594390446e-01	7.824998244898494493e-01	7.824998244898494493e-01	7.824998244898494493e-01	7.824998244898494493e-01	7.824998244898494493e-01	7.824998244898494493e-01	7.358667940026489829e-01	7.824998244898494493e-01	8.580249913702520104e-01	7.371857900239610073e-01	7.824998244898494493e-01	7.824998244898494493e-01	7.824998244898494493e-01	7.824998244898494493e-01	7.180608352555609697e-01	7.824998244898494493e-01	7.824998244898494493e-01	8.311390697374559933e-01	7.824998244898494493e-01	6.476155367249469830e-01	8.715559523019760224e-01	7.824998244898494493e-01	7.824998244898494493e-01	7.824998244898494493e-01	7.824998244898494493e-01	7.824998244898494493e-01	7.824998244898494493e-01	7.824998244898494493e-01	7.824998244898494493e-01	7.824998244898494493e-01	7.824998244898494493e-01	8.371694319763609560e-01	7.373868059758430515e-01	7.530221362862570267e-01	7.824998244898494493e-01	7.580200262499080521e-01	7.824998244898494493e-01	7.824998244898494493e-01	7.824998244898494493e-01	7.824998244898494493e-01	7.824998244898494493e-01	7.824998244898494493e-01	7.484845481223429964e-01	7.824998244898494493e-01	7.824998244898494493e-01	7.824998244898494493e-01	7.824998244898494493e-01	7.824998244898494493e-01	7.900370112249139876e-01	7.824998244898494493e-01	7.824998244898494493e-01	7.824998244898494493e-01	7.824998244898494493e-01	7.824998244898494493e-01	7.824998244898494493e-01	7.824998244898494493e-01	8.023760566265240035e-01	7.824998244898494493e-01	7.824998244898494493e-01	8.305930136747590176e-01	7.824998244898494493e-01	7.824998244898494493e-01	7.824998244898494493e-01	7.824998244898494493e-01	7.824998244898494493e-01	7.161530294932100249e-01	7.029375471327909963e-01	7.824998244898494493e-01	8.345858109336159458e-01	7.824998244898494493e-01	7.824998244898494493e-01	7.726656923844239522e-01	7.824998244898494493e-01	7.824998244898494493e-01	7.824998244898494493e-01	7.824998244898494493e-01	7.824998244898494493e-01	7.824998244898494493e-01	7.824998244898494493e-01	7.824998244898494493e-01
7.824998244898494493e-01	7.824998244898494493e-01	7.824998244898494493e-01	7.824998244898494493e-01	9.246655623844359795e-01	7.824998244898494493e-01	7.824998244898494493e-01	8.701313760095990002e-01	7.824998244898494493e-01	8.395923643921759938e-01	1.000000000000000000e+00	7.824998244898494493e-01	9.126984324974619645e-01	7.824998244898494493e-01	7.824998244898494493e-01	7.824998244898494493e-01	7.824998244898494493e-01	7.824998244898494493e-01	9.066052359863979726e-01	8.899672007868499879e-01	7.824998244898494493e-01	7.824998244898494493e-01	8.216995572417670202e-01	7.824998244898494493e-01	7.824998244898494493e-01	9.137861216839819889e-01	7.824998244898494493e-01	7.824998244898494493e-01	7.824998244898494493e-01	7.824998244898494493e-01	7.824998244898494493e-01	9.034753732487309508e-01	8.728375599997260093e-01	7.824998244898494493e-01	7.824998244898494493e-01	7.824998244898494493e-01	7.824998244898494493e-01	8.919079062416680470e-01	9.057834113663499886e-01	7.824998244898494493e-01	7.824998244898494493e-01	7.824998244898494493e-01	8.935501905026289604e-01	7.824998244898494493e-01	8.921511118476229685e-01	7.824998244898494493e-01	7.824998244898494493e-01	8.973690608819400172e-01	7.824998244898494493e-01	7.824998244898494493e-01	7.824998244898494493e-01	7.824998244898494493e-01	8.803824160243119978e-01	9.012456356039939553e-01	7.824998244898494493e-01	8.469397765650450438e-01	7.824998244898494493e-01	7.824998244898494493e-01	7.824998244898494493e-01	7.824998244898494493e-01	7.824998244898494493e-01	7.446343571575310127e-01	7.824998244898494493e-01	7.824998244898494493e-01	7.824998244898494493e-01	7.824998244898494493e-01	8.603527134148239996e-01	7.824998244898494493e-01	8.860018189027190072e-01	8.638611005783870533e-01	7.824998244898494493e-01	7.824998244898494493e-01	8.966508165749129677e-01	8.665204276884640455e-01	7.824998244898494493e-01	7.824998244898494493e-01	7.824998244898494493e-01	7.824998244898494493e-01	8.320244902748270555e-01	7.824998244898494493e-01	9.144760992569189728e-01	9.117690270813419984e-01	7.824998244898494493e-01	7.824998244898494493e-01	7.824998244898494493e-01	7.824998244898494493e-01	7.824998244898494493e-01	8.558091732646130323e-01	7.824998244898494493e-01	8.192106985177840528e-01	7.824998244898494493e-01	7.824998244898494493e-01	7.824998244898494493e-01	7.824998244898494493e-01	7.824998244898494493e-01	7.824998244898494493e-01	7.824998244898494493e-01	7.824998244898494493e-01	9.199407808741939530e-01	7.824998244898494493e-01	9.358007509654400202e-01	7.824998244898494493e-01	7.824998244898494493e-01	8.317881267996519723e-01	9.218859940231469707e-01	7.824998244898494493e-01	7.824998244898494493e-01	8.019731747681060341e-01	7.824998244898494493e-01	7.824998244898494493e-01	7.824998244898494493e-01	7.824998244898494493e-01	7.824998244898494493e-01	7.824998244898494493e-01	7.554356424781929480e-01	7.824998244898494493e-01	8.807791867437979594e-01	7.824998244898494493e-01	7.824998244898494493e-01	7.824998244898494493e-01	7.824998244898494493e-01	7.824998244898494493e-01	7.824998244898494493e-01	9.055234954937939618e-01
7.824998244898494493e-01	7.936594434260489939e-01	7.824998244898494493e-01	7.824998244898494493e-01	7.824998244898494493e-01	7.824998244898494493e-01	7.824998244898494493e-01	7.191311779132619764e-01	7.824998244898494493e-01	7.977677015412459882e-01	7.824998244898494493e-01	1.000000000000000000e+00	7.257034444593020162e-01	7.824998244898494493e-01	5.835518070711199767e-01	7.824998244898494493e-01	7.117436403454999727e-01	7.824998244898494493e-01	6.221536709119579456e-01	7.824998244898494493e-01	7.824998244898494493e-01	7.824998244898494493e-01	7.824998244898494493e-01	7.824998244898494493e-01	7.824998244898494493e-01	6.101770189997619553e-01	7.824998244898494493e-01	7.824998244898494493e-01	5.479674231417399621e-01	7.148573046899809880e-01	7.152615817681859944e-01	5.506869293502709706e-01	7.824998244898494493e-01	7.824998244898494493e-01	5.878802642799769718e-01	5.040527327223409682e-01	7.824998244898494493e-01	7.824998244898494493e-01	7.824998244898494493e-01	7.269562365668189585e-01	5.606086919603989749e-01	7.824998244898494493e-01	7.824998244898494493e-01	7.824998244898494493e-01	5.679332080833080498e-01	7.824998244898494493e-01	8.723241902245040258e-01	7.824998244898494493e-01	7.227768979447489750e-01	7.824998244898494493e-01	7.824998244898494493e-01	6.254585155713000555e-01	7.824998244898494493e-01	7.824998244898494493e-01	7.824998244898494493e-01	7.824998244898494493e-01	7.824998244898494493e-01	5.872883647012590025e-01	7.824998244898494493e-01	7.824998244898494493e-01	7.824998244898494493e-01	7.824998244898494493e-01	7.824998244898494493e-01	7.824998244898494493e-01	7.811876055356119508e-01	7.824998244898494493e-01	7.824998244898494493e-01	7.824998244898494493e-01	7.824998244898494493e-01	7.824998244898494493e-01	7.824998244898494493e-01	7.824998244898494493e-01	5.467154724456310122e-01	5.998632708990609963e-01	7.980974626557699736e-01	7.824998244898494493e-01	7.824998244898494493e-01	7.824998244898494493e-01	7.824998244898494493e-01	7.824998244898494493e-01	7.824998244898494493e-01	5.646421792569370490e-01	7.824998244898494493e-01	7.824998244898494493e-01	7.824998244898494493e-01	7.824998244898494493e-01	5.724825277563110326e-01	7.824998244898494493e-01	1.000000000000000021e-03	7.824998244898494493e-01	8.227401894379160474e-01	8.567577567848310149e-01	7.824998244898494493e-01	7.824998244898494493e-01	7.824998244898494493e-01	7.824998244898494493e-01	7.824998244898494493e-01	7.824998244898494493e-01	5.804767217917360389e-01	6.595088662552720526e-01	7.824998244898494493e-01	9.044949608981990297e-01	7.824998244898494493e-01	7.824998244898494493e-01	7.824998244898494493e-01	7.824998244898494493e-01	7.824998244898494493e-01	7.824998244898494493e-01	7.736508871265179721e-01	5.194448210886469797e-01	7.824998244898494493e-01	7.824998244898494493e-01	7.824998244898494493e-01	7.824998244898494493e-01	7.824998244898494493e-01	7.824998244898494493e-01	5.970996610280689953e-01	7.824998244898494493e-01	6.735450855643889678e-01	5.665445811845060131e-01	7.824998244898494493e-01	7.824998244898494493e-01	7.824998244898494493e-01	7.824998244898494493e-01
