1.000000000000309974e+00	4.929334617819600139e-01	4.929334617819600139e-01	4.929334617819600139e-01	4.929334617819600139e-01	4.929334617819600139e-01	4.929334617819600139e-01	4.929334617819600139e-01	6.206086186113409786e-01	4.929334617819600139e-01	4.929334617819600139e-01	4.979262836135640025e-01	4.929334617819600139e-01	4.929334617819600139e-01	4.929334617819600139e-01	4.929334617819600139e-01	4.929334617819600139e-01	4.929334617819600139e-01	5.425134718145090407e-01	5.299612684289539688e-01	4.929334617819600139e-01	4.148682414634700111e-01	4.929334617819600139e-01	4.929334617819600139e-01	4.929334617819600139e-01	4.929334617819600139e-01	5.930498875183140006e-01	5.292424888875210121e-01	2.999864645799830143e-01	4.929334617819600139e-01	4.929334617819600139e-01	4.929334617819600139e-01	4.929334617819600139e-01	4.929334617819600139e-01	4.929334617819600139e-01	4.929334617819600139e-01	4.929334617819600139e-01	4.929334617819600139e-01	4.929334617819600139e-01	5.472515834071239871e-01	4.929334617819600139e-01	5.105264852812230192e-01	5.816917713627099973e-01	4.564303422705400237e-01	4.929334617819600139e-01	4.929334617819600139e-01	4.644293788043349913e-01	5.159809711663460030e-01	4.929334617819600139e-01	5.615686217226849575e-01	4.929334617819600139e-01	4.929334617819600139e-01	4.929334617819600139e-01	4.929334617819600139e-01	4.929334617819600139e-01	4.929334617819600139e-01	3.801228417976810214e-01	4.017157644521889837e-01	5.029734505787469834e-01	4.929334617819600139e-01	4.929334617819600139e-01	5.312817754149019578e-01	4.929334617819600139e-01	4.929334617819600139e-01	4.929334617819600139e-01	4.929334617819600139e-01	4.929334617819600139e-01	4.929334617819600139e-01	4.929334617819600139e-01	4.929334617819600139e-01	4.929334617819600139e-01	4.499787206978749787e-01	4.929334617819600139e-01	6.492833463094389579e-01	4.929334617819600139e-01	4.929334617819600139e-01	4.929334617819600139e-01	6.230137326543060405e-01	4.929334617819600139e-01	4.929334617819600139e-01	4.929334617819600139e-01	4.929334617819600139e-01	4.929334617819600139e-01	4.929334617819600139e-01	4.529682109506210086e-01	4.929334617819600139e-01	5.600121430961489954e-01	4.929334617819600139e-01	4.929334617819600139e-01	4.929334617819600139e-01	4.929334617819600139e-01	4.929334617819600139e-01	4.929334617819600139e-01	4.929334617819600139e-01	4.929334617819600139e-01	4.929334617819600139e-01	4.929334617819600139e-01	4.929334617819600139e-01	4.929334617819600139e-01	4.929334617819600139e-01	4.929334617819600139e-01	4.929334617819600139e-01	4.118350683428009806e-01	4.929334617819600139e-01	4.127633564849860215e-01	4.504900087934859965e-01	4.929334617819600139e-01	5.490571721171799702e-01	4.929334617819600139e-01	4.929334617819600139e-01	4.929334617819600139e-01	4.929334617819600139e-01	4.929334617819600139e-01	6.010304139527530287e-01	4.929334617819600139e-01	7.426771477965999901e-01	4.929334617819600139e-01	4.929334617819600139e-01	4.929334617819600139e-01	4.929334617819600139e-01	6.523895682890870074e-01	4.929334617819600139e-01	6.586977308974040213e-01	4.929334617819600139e-01
4.929334617819600139e-01	1.000000000000069944e+00	4.929334617819600139e-01	5.397156846144549602e-01	4.929334617819600139e-01	4.929334617819600139e-01	4.929334617819600139e-01	4.929334617819600139e-01	5.313955431472310309e-01	5.051999875606200119e-01	4.929334617819600139e-01	4.929334617819600139e-01	4.929334617819600139e-01	4.336253089658119730e-01	4.929334617819600139e-01	5.261530397943250392e-01	3.917400638635060162e-01	4.925884383021699731e-01	4.929334617819600139e-01	4.929334617819600139e-01	4.929334617819600139e-01	4.929334617819600139e-01	4.929334617819600139e-01	4.929334617819600139e-01	4.931601345607219966e-01	4.929334617819600139e-01	4.929334617819600139e-01	4.929334617819600139e-01	3.159633708302390098e-01	4.929334617819600139e-01	5.388751121432500124e-01	4.929334617819600139e-01	4.929334617819600139e-01	4.929334617819600139e-01	3.988388807843120110e-01	4.929334617819600139e-01	4.929334617819600139e-01	5.669274985945750300e-01	4.929334617819600139e-01	5.017532641128840121e-01	4.929334617819600139e-01	4.929334617819600139e-01	4.929334617819600139e-01	4.929334617819600139e-01	4.929334617819600139e-01	4.929334617819600139e-01	3.835333478290839926e-01	4.239484584032929826e-01	4.929334617819600139e-01	5.067931314130630360e-01	4.929334617819600139e-01	4.929334617819600139e-01	4.929334617819600139e-01	4.929334617819600139e-01	4.929334617819600139e-01	5.267493769049059749e-01	4.929334617819600139e-01	4.929334617819600139e-01	4.929334617819600139e-01	4.929334617819600139e-01	4.929334617819600139e-01	4.654059277291690000e-01	5.988831513211739788e-01	4.929334617819600139e-01	3.406515648086990145e-01	4.929334617819600139e-01	4.648435637771439755e-01	4.450816209124079936e-01	4.929334617819600139e-01	4.929334617819600139e-01	4.107494712653109725e-01	3.731976490832359938e-01	4.929334617819600139e-01	4.929334617819600139e-01	4.929334617819600139e-01	3.662409232428309735e-01	4.929334617819600139e-01	5.534917235620669951e-01	4.929334617819600139e-01	4.929334617819600139e-01	4.929334617819600139e-01	4.929334617819600139e-01	4.929334617819600139e-01	4.712815014458450191e-01	4.929334617819600139e-01	4.929334617819600139e-01	4.929334617819600139e-01	4.929334617819600139e-01	4.929334617819600139e-01	4.929334617819600139e-01	4.929334617819600139e-01	4.929334617819600139e-01	4.929334617819600139e-01	4.929334617819600139e-01	4.929334617819600139e-01	4.929334617819600139e-01	5.782509370521869974e-01	3.576206243146040076e-01	4.929334617819600139e-01	4.929334617819600139e-01	4.929334617819600139e-01	4.929334617819600139e-01	4.929334617819600139e-01	3.664695533581480147e-01	4.929334617819600139e-01	4.929334617819600139e-01	4.929334617819600139e-01	4.929334617819600139e-01	4.929334617819600139e-01	4.929334617819600139e-01	4.929334617819600139e-01	4.929334617819600139e-01	4.929334617819600139e-01	4.929334617819600139e-01	4.929334617819600139e-01	4.929334617819600139e-01	7.120763039185680210e-01	4.929334617819600139e-01	4.929334617819600139e-01	5.187502111396490312e-01	5.884912752768509669e-01	4.929334617819600139e-01	4.929334617819600139e-01	5.535371849306389702e-01
4.929334617819600139e-01	4.929334617819600139e-01	1.000000000000089928e+00	4.929334617819600139e-01	4.929334617819600139e-01	4.929334617819600139e-01	4.929334617819600139e-01	4.929334617819600139e-01	4.929334617819600139e-01	4.929334617819600139e-01	4.929334617819600139e-01	4.459315228647369733e-01	4.929334617819600139e-01	4.929334617819600139e-01	1.000000000000000021e-03	5.587062810749949815e-01	4.929334617819600139e-01	4.929334617819600139e-01	4.929334617819600139e-01	4.929334617819600139e-01	4.929334617819600139e-01	4.929334617819600139e-01	4.929334617819600139e-01	4.886097928514629984e-01	4.929334617819600139e-01	4.929334617819600139e-01	4.929334617819600139e-01	4.929334617819600139e-01	4.929334617819600139e-01	4.929334617819600139e-01	4.929334617819600139e-01	5.919707007148240496e-01	4.929334617819600139e-01	6.116857608043100303e-01	4.813249231420430041e-01	4.929334617819600139e-01	5.177018364512050441e-01	4.929334617819600139e-01	4.929334617819600139e-01	4.929334617819600139e-01	4.929334617819600139e-01	4.929334617819600139e-01	6.158511058849770459e-01	4.929334617819600139e-01	4.929334617819600139e-01	4.929334617819600139e-01	4.929334617819600139e-01	4.929334617819600139e-01	4.929334617819600139e-01	4.929334617819600139e-01	4.929334617819600139e-01	4.929334617819600139e-01	4.909859475987680133e-01	4.178265586337029935e-01	4.929334617819600139e-01	4.929334617819600139e-01	3.300292249005870038e-01	4.929334617819600139e-01	4.826267983880609957e-01	4.929334617819600139e-01	4.929334617819600139e-01	5.086182493152520134e-01	4.929334617819600139e-01	4.929334617819600139e-01	4.427046611310869739e-01	4.929334617819600139e-01	4.929334617819600139e-01	4.929334617819600139e-01	4.221404874308259947e-01	4.929334617819600139e-01	4.236856040374110122e-01	4.483658415216160154e-01	5.529089187825619867e-01	6.126217402294980019e-01	4.929334617819600139e-01	3.188636802838890061e-01	6.358846895275569455e-01	4.929334617819600139e-01	4.929334617819600139e-01	4.929334617819600139e-01	4.929334617819600139e-01	4.929334617819600139e-01	4.929334617819600139e-01	4.929334617819600139e-01	4.635021352289209751e-01	4.929334617819600139e-01	4.929334617819600139e-01	6.148308460672059494e-01	4.929334617819600139e-01	4.951840118769409993e-01	4.929334617819600139e-01	4.929334617819600139e-01	4.929334617819600139e-01	4.929334617819600139e-01	4.929334617819600139e-01	6.243659568839919904e-01	4.929334617819600139e-01	4.929334617819600139e-01	4.929334617819600139e-01	4.929334617819600139e-01	4.929334617819600139e-01	4.929334617819600139e-01	4.929334617819600139e-01	4.929334617819600139e-01	4.929334617819600139e-01	4.929334617819600139e-01	5.383420204827420452e-01	4.929334617819600139e-01	4.929334617819600139e-01	4.929334617819600139e-01	5.742680047234339780e-01	4.929334617819600139e-01	5.476253373919920397e-01	5.431956042172749743e-01	4.929334617819600139e-01	4.929334617819600139e-01	4.929334617819600139e-01	7.886515207817329509e-01	4.929334617819600139e-01	4.929334617819600139e-01	4.929334617819600139e-01	4.929334617819600139e-01	4.929334617819600139e-01	5.883384065545109731e-01
4.929334617819600139e-01	5.397156846144549602e-01	4.929334617819600139e-01	9.999999999998450129e-01	5.466958632510979799e-01	5.114890128868889718e-01	5.555868137822249642e-01	4.929334617819600139e-01	4.929334617819600139e-01	4.929334617819600139e-01	4.929334617819600139e-01	4.929334617819600139e-01	5.888349881962869903e-01	4.929334617819600139e-01	4.929334617819600139e-01	4.929334617819600139e-01	4.929334617819600139e-01	4.929334617819600139e-01	5.797889155955849860e-01	4.929334617819600139e-01	5.431316168225299723e-01	4.929334617819600139e-01	5.361118537582749699e-01	4.929334617819600139e-01	4.929334617819600139e-01	4.929334617819600139e-01	6.212311376792619688e-01	5.576265002894520428e-01	4.000537837171390110e-01	4.929334617819600139e-01	4.929334617819600139e-01	4.929334617819600139e-01	4.929334617819600139e-01	4.929334617819600139e-01	4.929334617819600139e-01	4.929334617819600139e-01	4.929334617819600139e-01	4.929334617819600139e-01	4.605662025534930093e-01	4.929334617819600139e-01	3.435290395703510247e-01	4.929334617819600139e-01	5.409846619244880195e-01	4.929334617819600139e-01	4.929334617819600139e-01	4.929334617819600139e-01	4.929334617819600139e-01	4.326524133854779963e-01	6.712191027741220006e-01	5.296214936818940400e-01	4.929334617819600139e-01	4.929334617819600139e-01	4.929334617819600139e-01	4.929334617819600139e-01	4.929334617819600139e-01	5.516750280139900431e-01	4.929334617819600139e-01	4.929334617819600139e-01	4.657539967589979790e-01	4.929334617819600139e-01	4.929334617819600139e-01	4.896013652993539966e-01	5.404124768164689785e-01	4.929334617819600139e-01	3.538016840042699784e-01	4.929334617819600139e-01	5.582487711322440260e-01	4.929334617819600139e-01	4.929334617819600139e-01	3.148873149673310223e-01	4.601139663255299772e-01	4.929334617819600139e-01	5.529067299804739655e-01	4.929334617819600139e-01	4.929334617819600139e-01	4.929334617819600139e-01	4.929334617819600139e-01	4.929334617819600139e-01	4.929334617819600139e-01	4.929334617819600139e-01	4.929334617819600139e-01	4.929334617819600139e-01	4.221617917910879814e-01	4.501565029788279770e-01	4.929334617819600139e-01	4.929334617819600139e-01	4.929334617819600139e-01	6.048222215790519662e-01	4.929334617819600139e-01	4.929334617819600139e-01	5.941727211730479796e-01	4.929334617819600139e-01	3.826882663740769908e-01	4.929334617819600139e-01	4.929334617819600139e-01	4.929334617819600139e-01	4.929334617819600139e-01	4.049906805823649814e-01	4.929334617819600139e-01	5.672591618361689791e-01	4.929334617819600139e-01	4.929334617819600139e-01	3.696336392893500022e-01	4.929334617819600139e-01	4.929334617819600139e-01	4.929334617819600139e-01	4.929334617819600139e-01	5.167648567756639721e-01	4.929334617819600139e-01	4.929334617819600139e-01	4.929334617819600139e-01	5.464323156802569637e-01	5.416050649003369966e-01	4.929334617819600139e-01	4.929334617819600139e-01	4.929334617819600139e-01	4.929334617819600139e-01	4.929334617819600139e-01	5.784361448205049827e-01	4.890804943896490120e-01	5.829780910968800356e-01	5.227486502010459946e-01	4.929334617819600139e-01	4.929334617819600139e-01
4.929334617819600139e-01	4.929334617819600139e-01	4.929334617819600139e-01	5.466958632510979799e-01	9.999999999998030464e-01	4.940940848551440001e-01	4.929334617819600139e-01	4.929334617819600139e-01	4.929334617819600139e-01	4.929334617819600139e-01	4.929334617819600139e-01	5.513993687010579903e-01	4.929334617819600139e-01	4.929334617819600139e-01	1.000000000000000021e-03	5.374909136255590081e-01	4.929334617819600139e-01	4.929334617819600139e-01	4.929334617819600139e-01	4.929334617819600139e-01	4.390761444458500251e-01	4.929334617819600139e-01	4.929334617819600139e-01	4.929334617819600139e-01	4.929334617819600139e-01	6.601523095251500273e-01	4.929334617819600139e-01	4.929334617819600139e-01	4.929334617819600139e-01	3.852111440035940193e-01	5.267556517782420178e-01	4.929334617819600139e-01	4.929334617819600139e-01	4.929334617819600139e-01	3.765248455922379778e-01	5.414976702016539578e-01	4.929334617819600139e-01	4.929334617819600139e-01	4.929334617819600139e-01	4.929334617819600139e-01	3.261197585420870237e-01	4.929334617819600139e-01	4.929334617819600139e-01	4.929334617819600139e-01	5.259706125658889508e-01	4.237705866806940058e-01	3.632898079618789855e-01	3.982186709064450270e-01	4.929334617819600139e-01	4.929334617819600139e-01	4.929334617819600139e-01	4.929334617819600139e-01	4.929334617819600139e-01	4.929334617819600139e-01	4.929334617819600139e-01	4.929334617819600139e-01	4.929334617819600139e-01	4.464001489487859908e-01	4.929334617819600139e-01	4.929334617819600139e-01	4.929334617819600139e-01	4.351848128273099747e-01	6.241815423086689574e-01	4.929334617819600139e-01	4.929334617819600139e-01	4.929334617819600139e-01	4.929334617819600139e-01	4.396968080566739934e-01	4.512439130579640190e-01	4.929334617819600139e-01	4.059322639047249770e-01	4.929334617819600139e-01	5.001356175472789767e-01	4.929334617819600139e-01	5.041058322073279641e-01	4.929334617819600139e-01	4.929334617819600139e-01	4.929334617819600139e-01	4.643402352823269852e-01	5.007222177221910542e-01	4.929334617819600139e-01	3.936416102075649959e-01	4.929334617819600139e-01	4.929334617819600139e-01	4.929334617819600139e-01	3.394162999973620032e-01	4.929334617819600139e-01	5.591848240597550035e-01	4.929334617819600139e-01	4.832516748004559992e-01	4.929334617819600139e-01	4.929334617819600139e-01	4.929334617819600139e-01	3.517769553420049822e-01	4.929334617819600139e-01	4.967986186280379801e-01	4.929334617819600139e-01	4.929334617819600139e-01	4.929334617819600139e-01	5.157896118399849517e-01	4.929334617819600139e-01	3.370054331199029973e-01	3.385345513741719881e-01	4.929334617819600139e-01	4.929334617819600139e-01	4.929334617819600139e-01	4.929334617819600139e-01	4.929334617819600139e-01	4.929334617819600139e-01	4.929334617819600139e-01	4.929334617819600139e-01	4.698473409381139776e-01	4.929334617819600139e-01	4.929334617819600139e-01	4.929334617819600139e-01	4.929334617819600139e-01	4.929334617819600139e-01	4.929334617819600139e-01	4.929334617819600139e-01	4.929334617819600139e-01	4.929334617819600139e-01	4.929334617819600139e-01	5.474512311173119761e-01	4.929334617819600139e-01
4.929334617819600139e-01	4.929334617819600139e-01	4.929334617819600139e-01	5.114890128868889718e-01	4.940940848551440001e-01	1.000000000000039968e+00	4.929334617819600139e-01	4.929334617819600139e-01	4.929334617819600139e-01	4.198693809200609861e-01	4.494471863058350225e-01	4.929334617819600139e-01	5.633072283718989492e-01	4.766081011532969924e-01	4.929334617819600139e-01	4.929334617819600139e-01	4.929334617819600139e-01	5.495802739297890316e-01	4.929334617819600139e-01	4.929334617819600139e-01	4.929334617819600139e-01	3.134291043668360199e-01	4.929334617819600139e-01	4.929334617819600139e-01	4.929334617819600139e-01	5.533617586477479477e-01	4.929334617819600139e-01	4.929334617819600139e-01	2.301765920353009975e-01	5.391545317151289485e-01	4.929334617819600139e-01	5.617493142139390327e-01	4.929334617819600139e-01	4.929334617819600139e-01	4.929334617819600139e-01	4.929334617819600139e-01	4.945495773102069892e-01	5.269009892448229815e-01	4.929334617819600139e-01	4.929334617819600139e-01	4.929334617819600139e-01	4.929334617819600139e-01	4.929334617819600139e-01	4.047803635622099772e-01	4.929334617819600139e-01	4.815407835972569939e-01	4.065754330034920261e-01	4.779368694054970113e-01	4.929334617819600139e-01	4.541417809398770045e-01	5.908919528210569982e-01	4.929334617819600139e-01	4.929334617819600139e-01	4.929334617819600139e-01	4.929334617819600139e-01	4.929334617819600139e-01	4.929334617819600139e-01	4.929334617819600139e-01	4.929334617819600139e-01	4.929334617819600139e-01	4.929334617819600139e-01	4.477954074275630192e-01	4.929334617819600139e-01	4.929334617819600139e-01	4.929334617819600139e-01	4.929334617819600139e-01	5.510424718850269743e-01	4.697518312564569753e-01	4.929334617819600139e-01	3.803526605967270102e-01	3.967768541340909727e-01	4.210402739528860128e-01	5.322473346077689627e-01	5.629583030666830412e-01	5.770709787119560064e-01	4.929334617819600139e-01	5.871581468877019594e-01	4.929334617819600139e-01	5.025483792709110054e-01	4.929334617819600139e-01	4.929334617819600139e-01	4.929334617819600139e-01	4.929334617819600139e-01	4.929334617819600139e-01	4.929334617819600139e-01	4.349839167748960067e-01	4.929334617819600139e-01	4.929334617819600139e-01	4.929334617819600139e-01	4.929334617819600139e-01	4.929334617819600139e-01	4.929334617819600139e-01	4.929334617819600139e-01	4.929334617819600139e-01	4.929334617819600139e-01	4.929334617819600139e-01	5.452002519801909530e-01	4.929334617819600139e-01	4.929334617819600139e-01	4.929334617819600139e-01	4.929334617819600139e-01	4.929334617819600139e-01	4.929334617819600139e-01	2.885460600221200211e-01	3.776273742552839763e-01	3.686220776415760070e-01	4.929334617819600139e-01	4.929334617819600139e-01	4.929334617819600139e-01	4.392446622885309848e-01	4.929334617819600139e-01	4.929334617819600139e-01	4.929334617819600139e-01	4.929334617819600139e-01	4.929334617819600139e-01	6.061592410203999748e-01	4.929334617819600139e-01	4.929334617819600139e-01	4.929334617819600139e-01	4.931566671923839906e-01	5.669497648619069574e-01	4.929334617819600139e-01	4.929334617819600139e-01	4.929334617819600139e-01
4.929334617819600139e-01	4.929334617819600139e-01	4.929334617819600139e-01	5.555868137822249642e-01	4.929334617819600139e-01	4.929334617819600139e-01	1.000000000000049960e+00	4.929334617819600139e-01	4.929334617819600139e-01	4.929334617819600139e-01	4.929334617819600139e-01	4.929334617819600139e-01	4.929334617819600139e-01	4.929334617819600139e-01	4.929334617819600139e-01	5.242382927566510142e-01	4.444435603561109893e-01	4.929334617819600139e-01	4.887348683901849844e-01	4.929334617819600139e-01	4.929334617819600139e-01	4.929334617819600139e-01	4.929334617819600139e-01	4.929334617819600139e-01	4.929334617819600139e-01	4.929334617819600139e-01	4.929334617819600139e-01	6.401919801891069461e-01	4.929334617819600139e-01	4.929334617819600139e-01	5.521956996352580527e-01	4.929334617819600139e-01	4.929334617819600139e-01	6.244950026231560480e-01	4.284930062508550130e-01	5.558492986555310100e-01	4.929334617819600139e-01	4.929334617819600139e-01	4.391062134400510186e-01	4.929334617819600139e-01	4.929334617819600139e-01	6.318686906622430488e-01	4.929334617819600139e-01	4.929334617819600139e-01	4.929334617819600139e-01	4.929334617819600139e-01	4.929334617819600139e-01	4.929334617819600139e-01	4.929334617819600139e-01	4.929334617819600139e-01	5.719194858650440416e-01	4.929334617819600139e-01	4.929334617819600139e-01	4.929334617819600139e-01	4.929334617819600139e-01	4.929334617819600139e-01	4.929334617819600139e-01	4.929334617819600139e-01	4.477274194154839959e-01	3.528645436330309915e-01	4.929334617819600139e-01	4.929334617819600139e-01	4.929334617819600139e-01	4.052115063873110157e-01	4.929334617819600139e-01	4.929334617819600139e-01	4.929334617819600139e-01	4.929334617819600139e-01	4.929334617819600139e-01	4.929334617819600139e-01	4.929334617819600139e-01	4.929334617819600139e-01	4.929334617819600139e-01	5.643546092895329602e-01	5.520977396242330304e-01	4.929334617819600139e-01	6.317984675026739882e-01	4.929334617819600139e-01	5.146667812682049759e-01	4.929334617819600139e-01	6.680289273866379940e-01	4.929334617819600139e-01	4.929334617819600139e-01	5.093763627687279971e-01	4.929334617819600139e-01	4.929334617819600139e-01	4.811579545308299899e-01	5.938622711634440332e-01	4.929334617819600139e-01	4.929334617819600139e-01	4.929334617819600139e-01	4.929334617819600139e-01	4.929334617819600139e-01	3.764678649954780187e-01	4.929334617819600139e-01	4.929334617819600139e-01	5.726773323089749956e-01	3.658787415487779748e-01	4.964862219334980065e-01	5.040691847751159749e-01	5.950851742798499711e-01	3.901012276426120140e-01	4.929334617819600139e-01	4.929334617819600139e-01	4.929334617819600139e-01	4.929334617819600139e-01	4.929334617819600139e-01	4.879181404138990263e-01	4.929334617819600139e-01	4.234172660179699732e-01	4.929334617819600139e-01	4.929334617819600139e-01	4.929334617819600139e-01	5.708144426957849626e-01	5.803334482683779605e-01	4.929334617819600139e-01	6.210790215332100406e-01	4.929334617819600139e-01	4.929334617819600139e-01	4.929334617819600139e-01	4.929334617819600139e-01	4.929334617819600139e-01	5.896349040108049833e-01	5.930397381347769503e-01
4.929334617819600139e-01	4.929334617819600139e-01	4.929334617819600139e-01	4.929334617819600139e-01	4.929334617819600139e-01	4.929334617819600139e-01	4.929334617819600139e-01	9.999999999999209521e-01	4.929334617819600139e-01	4.929334617819600139e-01	4.929334617819600139e-01	4.929334617819600139e-01	5.319914057766269577e-01	4.929334617819600139e-01	4.929334617819600139e-01	5.088318808658840453e-01	4.929334617819600139e-01	4.929334617819600139e-01	4.929334617819600139e-01	4.929334617819600139e-01	4.929334617819600139e-01	4.929334617819600139e-01	4.929334617819600139e-01	4.503296800495459884e-01	4.929334617819600139e-01	4.929334617819600139e-01	4.929334617819600139e-01	4.929334617819600139e-01	4.929334617819600139e-01	4.929334617819600139e-01	5.141921879480230162e-01	4.860021456925640027e-01	4.929334617819600139e-01	4.929334617819600139e-01	3.896923803496150085e-01	4.929334617819600139e-01	4.929334617819600139e-01	4.929334617819600139e-01	4.074815523224730174e-01	4.343367338169670244e-01	4.929334617819600139e-01	6.001967565533270488e-01	4.929334617819600139e-01	3.721446776155309943e-01	5.321437840095579741e-01	4.601835147649340207e-01	4.929334617819600139e-01	4.929334617819600139e-01	4.661452790605800089e-01	4.929334617819600139e-01	4.929334617819600139e-01	4.929334617819600139e-01	4.929334617819600139e-01	4.929334617819600139e-01	4.929334617819600139e-01	5.259168508996500124e-01	4.929334617819600139e-01	4.929334617819600139e-01	4.929334617819600139e-01	2.969464148995760167e-01	4.642072147168950225e-01	4.929334617819600139e-01	4.929334617819600139e-01	4.929334617819600139e-01	3.390592308691460222e-01	4.491661816276659724e-01	4.929334617819600139e-01	4.929334617819600139e-01	3.944751742466149902e-01	4.929334617819600139e-01	4.929334617819600139e-01	3.733759931187780046e-01	4.743890175226950223e-01	5.200340337784430389e-01	4.929334617819600139e-01	4.929334617819600139e-01	4.929334617819600139e-01	5.077353521000510517e-01	4.929334617819600139e-01	4.761597518824580155e-01	6.497529216780979500e-01	3.608226275018129869e-01	4.929334617819600139e-01	4.931198424020479809e-01	3.606262385399450210e-01	3.819172892515450002e-01	4.929334617819600139e-01	4.929334617819600139e-01	4.929334617819600139e-01	4.929334617819600139e-01	4.929334617819600139e-01	4.929334617819600139e-01	3.404305277692299958e-01	4.929334617819600139e-01	4.929334617819600139e-01	4.929334617819600139e-01	5.353187018603530190e-01	4.929334617819600139e-01	4.235609081792829911e-01	4.929334617819600139e-01	4.929334617819600139e-01	4.929334617819600139e-01	4.929334617819600139e-01	3.054331057554099949e-01	4.929334617819600139e-01	4.929334617819600139e-01	4.929334617819600139e-01	4.929334617819600139e-01	4.929334617819600139e-01	3.846700810615110155e-01	5.095076813491710155e-01	5.150627381202019794e-01	4.734042561779209790e-01	4.929334617819600139e-01	5.220640003534740003e-01	4.929334617819600139e-01	5.565000212962200044e-01	4.929334617819600139e-01	4.929334617819600139e-01	4.929334617819600139e-01	4.929334617819600139e-01	5.788076046234209571e-01	5.409051716335649962e-01	4.929334617819600139e-01
6.206086186113409786e-01	5.313955431472310309e-01	4.929334617819600139e-01	4.929334617819600139e-01	4.929334617819600139e-01	4.929334617819600139e-01	4.929334617819600139e-01	4.929334617819600139e-01	1.000000000000270006e+00	4.929334617819600139e-01	4.886518334662440233e-01	4.140650900708249815e-01	4.929334617819600139e-01	4.929334617819600139e-01	1.000000000000000021e-03	4.929334617819600139e-01	4.929334617819600139e-01	4.929334617819600139e-01	4.929334617819600139e-01	4.929334617819600139e-01	5.966452453828939850e-01	4.929334617819600139e-01	4.929334617819600139e-01	4.583354739432090041e-01	4.929334617819600139e-01	4.929334617819600139e-01	4.929334617819600139e-01	4.929334617819600139e-01	2.257292734999319928e-01	5.156891430579589874e-01	4.929334617819600139e-01	4.929334617819600139e-01	5.850636309116440392e-01	4.929334617819600139e-01	4.532087493249959964e-01	4.929334617819600139e-01	4.929334617819600139e-01	4.929334617819600139e-01	4.929334617819600139e-01	4.929334617819600139e-01	4.929334617819600139e-01	5.840284068351470070e-01	6.065572007781639963e-01	4.078687324728709762e-01	5.947619303678339797e-01	4.929334617819600139e-01	4.929334617819600139e-01	4.929334617819600139e-01	4.929334617819600139e-01	4.929334617819600139e-01	6.164962765773139841e-01	4.304783243012130223e-01	4.929334617819600139e-01	3.966644255337279934e-01	4.582437567140020263e-01	4.929334617819600139e-01	3.060192105070840274e-01	4.929334617819600139e-01	4.929334617819600139e-01	4.929334617819600139e-01	4.929334617819600139e-01	4.929334617819600139e-01	5.872737660701520257e-01	4.929334617819600139e-01	4.929334617819600139e-01	4.666439737256959930e-01	5.353963063701130398e-01	4.929334617819600139e-01	4.929334617819600139e-01	4.063103268429730242e-01	4.929334617819600139e-01	4.929334617819600139e-01	5.065291431432920044e-01	5.558519997729309825e-01	4.929334617819600139e-01	4.929334617819600139e-01	4.929334617819600139e-01	5.213383799543459540e-01	5.182984932772529696e-01	5.111799577457509791e-01	6.372868878409040372e-01	4.929334617819600139e-01	4.929334617819600139e-01	5.807641567805279514e-01	4.373732700446750221e-01	4.521057857614360076e-01	4.929334617819600139e-01	4.929334617819600139e-01	4.929334617819600139e-01	4.511607295350920088e-01	4.929334617819600139e-01	4.929334617819600139e-01	4.929334617819600139e-01	4.929334617819600139e-01	4.929334617819600139e-01	4.929334617819600139e-01	5.516899783491200360e-01	4.929334617819600139e-01	4.929334617819600139e-01	4.664858570428579987e-01	4.929334617819600139e-01	4.929334617819600139e-01	3.754456831519210058e-01	4.929334617819600139e-01	4.066417400627330148e-01	3.933184287918449762e-01	4.929334617819600139e-01	4.929334617819600139e-01	4.929334617819600139e-01	4.929334617819600139e-01	5.238469216514010096e-01	4.929334617819600139e-01	5.465593948804200464e-01	4.881406829798020097e-01	4.929334617819600139e-01	4.929334617819600139e-01	4.929334617819600139e-01	4.929334617819600139e-01	4.929334617819600139e-01	4.929334617819600139e-01	4.929334617819600139e-01	4.929334617819600139e-01	4.929334617819600139e-01	4.929334617819600139e-01
4.929334617819600139e-01	5.051999875606200119e-01	4.929334617819600139e-01	4.929334617819600139e-01	4.929334617819600139e-01	4.198693809200609861e-01	4.929334617819600139e-01	4.929334617819600139e-01	4.929334617819600139e-01	1.000000000000140110e+00	6.040971342295770041e-01	4.929334617819600139e-01	4.929334617819600139e-01	4.929334617819600139e-01	1.000000000000000021e-03	4.879583871502369830e-01	3.436058252008519776e-01	4.649595293823299835e-01	4.918661604867219928e-01	5.825059342450560340e-01	4.929334617819600139e-01	4.929334617819600139e-01	4.929334617819600139e-01	4.929334617819600139e-01	5.288372909820380219e-01	4.929334617819600139e-01	5.266454534248460329e-01	5.191493339588130196e-01	4.929334617819600139e-01	4.929334617819600139e-01	5.044827783965110113e-01	4.929334617819600139e-01	4.929334617819600139e-01	5.102057276974469868e-01	4.929334617819600139e-01	4.929334617819600139e-01	4.929334617819600139e-01	5.853327982594409562e-01	4.929334617819600139e-01	5.412668879028460500e-01	4.929334617819600139e-01	4.929334617819600139e-01	4.929334617819600139e-01	4.929334617819600139e-01	4.869961742677210159e-01	4.929334617819600139e-01	4.929334617819600139e-01	3.930251752914790120e-01	4.929334617819600139e-01	4.929334617819600139e-01	4.929334617819600139e-01	4.929334617819600139e-01	5.036762814144010170e-01	4.929334617819600139e-01	4.929334617819600139e-01	4.929334617819600139e-01	4.929334617819600139e-01	4.929334617819600139e-01	4.208132699176549973e-01	4.929334617819600139e-01	5.604590703798909557e-01	4.929334617819600139e-01	5.429476628727269993e-01	4.929334617819600139e-01	4.929334617819600139e-01	4.929334617819600139e-01	4.929334617819600139e-01	4.567943505931120196e-01	4.929334617819600139e-01	4.929334617819600139e-01	4.929334617819600139e-01	4.929334617819600139e-01	4.929334617819600139e-01	4.929334617819600139e-01	4.929334617819600139e-01	4.929334617819600139e-01	4.929334617819600139e-01	4.929334617819600139e-01	4.929334617819600139e-01	4.697939506873000104e-01	5.190093947489570203e-01	4.929334617819600139e-01	4.058588410072320185e-01	4.929334617819600139e-01	3.537313158717089734e-01	4.929334617819600139e-01	4.929334617819600139e-01	4.929334617819600139e-01	4.929334617819600139e-01	4.929334617819600139e-01	4.929334617819600139e-01	4.929334617819600139e-01	3.648584381689189970e-01	4.929334617819600139e-01	4.929334617819600139e-01	4.929334617819600139e-01	5.314531690741409742e-01	4.929334617819600139e-01	4.929334617819600139e-01	4.929334617819600139e-01	5.394740833871699559e-01	4.929334617819600139e-01	4.929334617819600139e-01	4.929334617819600139e-01	4.929334617819600139e-01	4.627777926836689759e-01	5.526635223626790161e-01	4.929334617819600139e-01	4.929334617819600139e-01	4.929334617819600139e-01	4.929334617819600139e-01	4.929334617819600139e-01	4.929334617819600139e-01	4.929334617819600139e-01	4.947301772809640230e-01	4.929334617819600139e-01	4.929334617819600139e-01	5.147485482233450371e-01	4.929334617819600139e-01	4.929334617819600139e-01	5.476048972206829513e-01	5.441424040476799950e-01	4.929334617819600139e-01	4.929334617819600139e-01
4.929334617819600139e-01	4.929334617819600139e-01	4.929334617819600139e-01	4.929334617819600139e-01	4.929334617819600139e-01	4.494471863058350225e-01	4.929334617819600139e-01	4.929334617819600139e-01	4.886518334662440233e-01	6.040971342295770041e-01	9.999999999999820144e-01	4.929334617819600139e-01	4.929334617819600139e-01	4.929334617819600139e-01	4.929334617819600139e-01	4.929334617819600139e-01	3.310979081190699724e-01	4.600744895180799987e-01	4.929334617819600139e-01	4.929334617819600139e-01	4.207727342129810033e-01	4.929334617819600139e-01	4.929334617819600139e-01	5.216570209230220190e-01	4.929334617819600139e-01	6.210104497506769849e-01	4.929334617819600139e-01	4.929334617819600139e-01	4.929334617819600139e-01	4.929334617819600139e-01	5.219191160006509955e-01	4.585099000125090196e-01	4.929334617819600139e-01	4.929334617819600139e-01	4.929334617819600139e-01	5.524545372543899768e-01	4.195176313003249891e-01	4.929334617819600139e-01	3.643228302386820050e-01	5.295017209916019763e-01	4.929334617819600139e-01	4.929334617819600139e-01	4.929334617819600139e-01	3.970701303819509920e-01	4.974319120412870054e-01	4.929334617819600139e-01	3.692262936791509964e-01	4.929334617819600139e-01	4.929334617819600139e-01	4.929334617819600139e-01	4.929334617819600139e-01	4.929334617819600139e-01	4.929334617819600139e-01	3.360794293169980240e-01	4.189145006425369910e-01	4.929334617819600139e-01	4.929334617819600139e-01	4.929334617819600139e-01	4.929334617819600139e-01	4.929334617819600139e-01	4.929334617819600139e-01	4.586832600225920209e-01	4.929334617819600139e-01	3.675014634703370198e-01	4.929334617819600139e-01	5.354232760897770227e-01	4.929334617819600139e-01	4.929334617819600139e-01	4.929334617819600139e-01	2.841582492501389945e-01	4.929334617819600139e-01	3.546705343913180153e-01	4.929334617819600139e-01	4.929334617819600139e-01	4.929334617819600139e-01	4.929334617819600139e-01	4.929334617819600139e-01	4.929334617819600139e-01	4.929334617819600139e-01	4.929334617819600139e-01	6.039456113227410494e-01	4.049707268695900142e-01	3.734266314874229997e-01	3.990390433629389944e-01	4.929334617819600139e-01	4.929334617819600139e-01	4.929334617819600139e-01	5.562847575270589706e-01	4.929334617819600139e-01	4.999063658529609988e-01	4.929334617819600139e-01	4.929334617819600139e-01	3.253079551618350274e-01	4.929334617819600139e-01	3.926157046455330257e-01	4.929334617819600139e-01	4.929334617819600139e-01	4.929334617819600139e-01	4.929334617819600139e-01	5.793384990084290420e-01	6.125403799279179884e-01	4.929334617819600139e-01	4.929334617819600139e-01	4.929334617819600139e-01	4.929334617819600139e-01	4.929334617819600139e-01	4.929334617819600139e-01	4.929334617819600139e-01	4.929334617819600139e-01	3.845949771668180084e-01	4.929334617819600139e-01	4.500862427084399986e-01	4.383050999396280178e-01	4.929334617819600139e-01	4.929334617819600139e-01	4.929334617819600139e-01	5.688328415676819905e-01	4.929334617819600139e-01	4.929334617819600139e-01	4.929334617819600139e-01	4.929334617819600139e-01	6.015389971119560197e-01	4.929334617819600139e-01	4.929334617819600139e-01
4.979262836135640025e-01	4.929334617819600139e-01	4.459315228647369733e-01	4.929334617819600139e-01	5.513993687010579903e-01	4.929334617819600139e-01	4.929334617819600139e-01	4.929334617819600139e-01	4.140650900708249815e-01	4.929334617819600139e-01	4.929334617819600139e-01	1.000000000000089928e+00	4.929334617819600139e-01	4.929334617819600139e-01	4.929334617819600139e-01	4.929334617819600139e-01	2.782985162710159832e-01	4.929334617819600139e-01	4.415767097823600218e-01	4.929334617819600139e-01	4.929334617819600139e-01	4.929334617819600139e-01	4.929334617819600139e-01	4.929334617819600139e-01	4.929334617819600139e-01	4.929334617819600139e-01	4.929334617819600139e-01	4.929334617819600139e-01	4.148469533560880107e-01	4.929334617819600139e-01	4.929334617819600139e-01	4.929334617819600139e-01	4.929334617819600139e-01	4.929334617819600139e-01	4.929334617819600139e-01	4.929334617819600139e-01	4.929334617819600139e-01	5.388030482857479875e-01	4.929334617819600139e-01	4.929334617819600139e-01	4.929334617819600139e-01	4.929334617819600139e-01	3.796629162799889934e-01	4.929334617819600139e-01	4.929334617819600139e-01	4.929334617819600139e-01	4.929334617819600139e-01	3.487768026975560098e-01	4.929334617819600139e-01	4.929334617819600139e-01	4.841707105139609890e-01	4.621345856698260146e-01	4.929334617819600139e-01	4.929334617819600139e-01	4.929334617819600139e-01	4.929334617819600139e-01	4.929334617819600139e-01	4.929334617819600139e-01	4.929334617819600139e-01	4.929334617819600139e-01	5.632745982092689507e-01	4.242913856914750093e-01	6.311655067191790369e-01	3.268869150193680073e-01	4.929334617819600139e-01	4.929334617819600139e-01	3.715371989452370127e-01	4.929334617819600139e-01	4.929334617819600139e-01	2.525451693909500084e-01	4.929334617819600139e-01	4.929334617819600139e-01	4.929334617819600139e-01	4.857398258443699768e-01	4.929334617819600139e-01	4.929334617819600139e-01	4.929334617819600139e-01	4.947446438373029887e-01	4.140783951286799991e-01	4.929334617819600139e-01	4.929334617819600139e-01	4.929334617819600139e-01	3.214316661451310231e-01	4.929334617819600139e-01	4.929334617819600139e-01	4.929334617819600139e-01	4.929334617819600139e-01	4.929334617819600139e-01	5.339167199059009494e-01	4.481043289384110118e-01	4.929334617819600139e-01	3.968914723135690270e-01	2.850625058813640034e-01	4.929334617819600139e-01	4.929334617819600139e-01	4.929334617819600139e-01	4.929334617819600139e-01	4.929334617819600139e-01	4.929334617819600139e-01	4.929334617819600139e-01	4.929334617819600139e-01	2.935903096464430040e-01	3.157423552922030141e-01	4.929334617819600139e-01	4.929334617819600139e-01	4.929334617819600139e-01	4.929334617819600139e-01	4.929334617819600139e-01	4.283169632526370174e-01	3.472503571469520156e-01	4.929334617819600139e-01	3.774953542601969803e-01	4.929334617819600139e-01	4.929334617819600139e-01	4.931173725692860055e-01	4.929334617819600139e-01	4.929334617819600139e-01	4.929334617819600139e-01	5.110531856681369556e-01	5.577662371020869481e-01	4.929334617819600139e-01	4.929334617819600139e-01	4.929334617819600139e-01	4.929334617819600139e-01
