1.000000000000000000e+00	8.115679640584380072e-01	7.129314110581740360e-01	8.115679640584380072e-01	8.115679640584380072e-01	8.115679640584380072e-01	8.115679640584380072e-01	8.115679640584380072e-01	8.115679640584380072e-01	8.115679640584380072e-01	8.115679640584380072e-01	8.115679640584380072e-01	8.115679640584380072e-01	4.199623450072699771e-01	8.115679640584380072e-01	8.115679640584380072e-01	8.115679640584380072e-01	8.115679640584380072e-01	9.270091101042320370e-01	9.093282926205690231e-01	6.410509725250299606e-01	9.561177835345620046e-01	7.500952021834760286e-01	8.002373450385610321e-01	8.872257310331640445e-01	9.392393512056299576e-01	8.115679640584380072e-01	8.115679640584380072e-01	8.115679640584380072e-01	8.115679640584380072e-01	8.115679640584380072e-01	9.460893363214829543e-01	8.115679640584380072e-01	8.115679640584380072e-01	8.115679640584380072e-01	8.115679640584380072e-01	8.115679640584380072e-01	8.115679640584380072e-01	8.115679640584380072e-01	8.891451474881040262e-01	9.459481561053070253e-01	8.115679640584380072e-01	8.909152915045830401e-01	9.396707378895160501e-01	9.215870733177939922e-01	8.115679640584380072e-01	8.115679640584380072e-01	8.115679640584380072e-01	8.750271489452090545e-01	8.115679640584380072e-01	8.115679640584380072e-01	8.115679640584380072e-01	8.429072283123260068e-01	9.353362437748780067e-01	9.283029899183600220e-01	8.115679640584380072e-01	8.115679640584380072e-01	9.483020982489860362e-01	8.115679640584380072e-01	9.348317228139629842e-01	8.115679640584380072e-01	8.115679640584380072e-01	9.287933250409600161e-01	8.115679640584380072e-01	8.457762928103980116e-01	8.115679640584380072e-01	8.133377081373539541e-01	8.115679640584380072e-01	8.115679640584380072e-01	8.115679640584380072e-01	9.373651224183600084e-01	8.115679640584380072e-01	8.115679640584380072e-01	8.115679640584380072e-01	5.429284510988340307e-01	8.115679640584380072e-01	8.115679640584380072e-01	8.115679640584380072e-01	8.115679640584380072e-01	9.424579463717099870e-01	8.115679640584380072e-01	9.523713675590970151e-01	9.050142767147789646e-01	8.115679640584380072e-01	8.115679640584380072e-01	8.115679640584380072e-01	8.115679640584380072e-01	8.115679640584380072e-01	8.115679640584380072e-01	8.115679640584380072e-01	6.969333905336430046e-01	6.959560043820860464e-01	8.115679640584380072e-01	8.115679640584380072e-01	8.115679640584380072e-01	9.347753836489159918e-01	8.481365034255820001e-01	8.115679640584380072e-01	8.115679640584380072e-01	8.115679640584380072e-01	8.115679640584380072e-01	8.115679640584380072e-01	9.305329027187390079e-01	8.115679640584380072e-01	8.115679640584380072e-01	9.401131148663679493e-01	8.115679640584380072e-01	8.115679640584380072e-01	8.115679640584380072e-01	8.115679640584380072e-01	8.115679640584380072e-01	8.115679640584380072e-01	8.115679640584380072e-01	8.115679640584380072e-01	8.115679640584380072e-01	9.455518781033970255e-01	8.115679640584380072e-01	9.467901190752869844e-01	8.115679640584380072e-01	9.268042782486199949e-01	8.115679640584380072e-01	8.115679640584380072e-01	8.115679640584380072e-01	8.115679640584380072e-01
8.115679640584380072e-01	1.000000000000000000e+00	8.115679640584380072e-01	6.904908755223060357e-01	8.115679640584380072e-01	8.115679640584380072e-01	7.852177838477539806e-01	8.115679640584380072e-01	7.460825435716980092e-01	8.197963252663460487e-01	8.115679640584380072e-01	7.936594434260489939e-01	8.115679640584380072e-01	6.539507240026539714e-01	8.115679640584380072e-01	8.115679640584380072e-01	8.115679640584380072e-01	8.115679640584380072e-01	6.301412145574210033e-01	8.115679640584380072e-01	7.214609064705890251e-01	8.115679640584380072e-01	7.935091265468370292e-01	8.115679640584380072e-01	8.115679640584380072e-01	8.115679640584380072e-01	8.115679640584380072e-01	8.115679640584380072e-01	8.115679640584380072e-01	7.137277731054060270e-01	6.789559771089550555e-01	8.115679640584380072e-01	6.176544000021509939e-01	8.115679640584380072e-01	6.608844294140370224e-01	5.566183945353799789e-01	7.430141047204049665e-01	8.115679640584380072e-01	6.095224353524030247e-01	8.115679640584380072e-01	8.115679640584380072e-01	7.416399816528049804e-01	8.115679640584380072e-01	6.232151833849890465e-01	6.054184979038680359e-01	8.115679640584380072e-01	8.115679640584380072e-01	6.276360664938730460e-01	7.374460632405579474e-01	8.144729302523869841e-01	6.216021850907219592e-01	6.364113877989719947e-01	8.115679640584380072e-01	6.175728647418879946e-01	6.077861243095780130e-01	8.115679640584380072e-01	8.115679640584380072e-01	6.127549079048949521e-01	8.115679640584380072e-01	8.115679640584380072e-01	6.085296511423250454e-01	7.761772879848890527e-01	8.115679640584380072e-01	8.115679640584380072e-01	8.115679640584380072e-01	8.519495306946830437e-01	8.115679640584380072e-01	8.115679640584380072e-01	8.115679640584380072e-01	8.115679640584380072e-01	8.115679640584380072e-01	8.115679640584380072e-01	5.866330810174059662e-01	8.115679640584380072e-01	8.115679640584380072e-01	8.115679640584380072e-01	6.160275061558160292e-01	8.115679640584380072e-01	7.508835109209279768e-01	8.115679640584380072e-01	6.375008857990259736e-01	6.017997054483360531e-01	8.115679640584380072e-01	8.241321145782789515e-01	8.115679640584380072e-01	8.115679640584380072e-01	8.115679640584380072e-01	8.115679640584380072e-01	8.115679640584380072e-01	8.115679640584380072e-01	7.451709488950070126e-01	8.115679640584380072e-01	7.068155205467600011e-01	8.115679640584380072e-01	8.115679640584380072e-01	8.115679640584380072e-01	8.115679640584380072e-01	8.115679640584380072e-01	8.115679640584380072e-01	6.534666912904559810e-01	7.007762289728870497e-01	8.115679640584380072e-01	8.115679640584380072e-01	8.115679640584380072e-01	6.294001824693209457e-01	7.096468887669740155e-01	8.115679640584380072e-01	6.171405532920739567e-01	8.115679640584380072e-01	5.833977503429730316e-01	8.115679640584380072e-01	8.115679640584380072e-01	8.115679640584380072e-01	8.115679640584380072e-01	8.115679640584380072e-01	8.115679640584380072e-01	8.115679640584380072e-01	8.115679640584380072e-01	7.019739010915839739e-01	8.115679640584380072e-01	8.115679640584380072e-01	8.115679640584380072e-01	8.115679640584380072e-01	6.085017088190209922e-01
7.129314110581740360e-01	8.115679640584380072e-01	1.000000000000000000e+00	8.115679640584380072e-01	8.115679640584380072e-01	8.115679640584380072e-01	8.115679640584380072e-01	8.115679640584380072e-01	8.115679640584380072e-01	8.512651966071239640e-01	8.115679640584380072e-01	8.115679640584380072e-01	7.495722740703749665e-01	6.980984491207540277e-01	8.115679640584380072e-01	8.115679640584380072e-01	8.115679640584380072e-01	7.658988794926610000e-01	6.923541618900159733e-01	8.115679640584380072e-01	8.115679640584380072e-01	8.115679640584380072e-01	8.462084653826370539e-01	8.333125368835260227e-01	7.782896675993939972e-01	8.115679640584380072e-01	8.115679640584380072e-01	8.115679640584380072e-01	8.115679640584380072e-01	8.115679640584380072e-01	8.115679640584380072e-01	8.115679640584380072e-01	8.115679640584380072e-01	8.084389883649459874e-01	8.115679640584380072e-01	8.115679640584380072e-01	7.145209234520979447e-01	8.115679640584380072e-01	6.348954131115269739e-01	8.115679640584380072e-01	8.115679640584380072e-01	8.115679640584380072e-01	8.115679640584380072e-01	8.115679640584380072e-01	6.326182336028699504e-01	8.115679640584380072e-01	8.115679640584380072e-01	6.323096623635660052e-01	8.115679640584380072e-01	8.115679640584380072e-01	6.489513937932830379e-01	8.115679640584380072e-01	8.115679640584380072e-01	8.115679640584380072e-01	6.079309185733400289e-01	8.115679640584380072e-01	8.115679640584380072e-01	8.115679640584380072e-01	8.115679640584380072e-01	8.115679640584380072e-01	8.115679640584380072e-01	8.665701661127109823e-01	8.115679640584380072e-01	7.739684582041790328e-01	8.115679640584380072e-01	8.234228603976070371e-01	8.115679640584380072e-01	8.115679640584380072e-01	8.115679640584380072e-01	6.074704877365669775e-01	6.334957608940949836e-01	8.115679640584380072e-01	8.115679640584380072e-01	8.115679640584380072e-01	8.115679640584380072e-01	8.115679640584380072e-01	8.115679640584380072e-01	8.115679640584380072e-01	8.115679640584380072e-01	8.115679640584380072e-01	6.915836328482120043e-01	6.331758585221339830e-01	6.232169719692549625e-01	8.115679640584380072e-01	8.115679640584380072e-01	8.115679640584380072e-01	6.517772669451209477e-01	8.115679640584380072e-01	8.115679640584380072e-01	8.115679640584380072e-01	8.115679640584380072e-01	8.115679640584380072e-01	8.115679640584380072e-01	6.309790875771850160e-01	8.115679640584380072e-01	8.115679640584380072e-01	8.115679640584380072e-01	8.115679640584380072e-01	8.115679640584380072e-01	8.115679640584380072e-01	8.115679640584380072e-01	8.115679640584380072e-01	8.115679640584380072e-01	8.115679640584380072e-01	8.115679640584380072e-01	8.115679640584380072e-01	8.002580149059560499e-01	8.115679640584380072e-01	7.723287068550229728e-01	8.115679640584380072e-01	8.115679640584380072e-01	7.212621620396869604e-01	8.115679640584380072e-01	8.115679640584380072e-01	8.115679640584380072e-01	6.686991119333109967e-01	8.115679640584380072e-01	8.115679640584380072e-01	7.483621166900119581e-01	6.266317625899400223e-01	8.174774417822410211e-01	8.115679640584380072e-01	6.044757666151610032e-01	6.517174120047739549e-01
8.115679640584380072e-01	6.904908755223060357e-01	8.115679640584380072e-01	1.000000000000000000e+00	8.115679640584380072e-01	8.115679640584380072e-01	8.115679640584380072e-01	8.115679640584380072e-01	8.551511890380929515e-01	8.115679640584380072e-01	8.454802121315190266e-01	7.011162001884809758e-01	8.115679640584380072e-01	8.115679640584380072e-01	8.115679640584380072e-01	8.115679640584380072e-01	8.115679640584380072e-01	8.115679640584380072e-01	8.115679640584380072e-01	8.115679640584380072e-01	8.115679640584380072e-01	8.121667737105600082e-01	8.115679640584380072e-01	8.126400759163879828e-01	8.115679640584380072e-01	8.115679640584380072e-01	8.115679640584380072e-01	8.032884680479199790e-01	8.092607425027009693e-01	8.429290003287690514e-01	8.115679640584380072e-01	8.115679640584380072e-01	8.115679640584380072e-01	8.115679640584380072e-01	8.246029235104700428e-01	7.854386595965170415e-01	8.115679640584380072e-01	8.115679640584380072e-01	8.115679640584380072e-01	8.115679640584380072e-01	8.057913899119549805e-01	8.115679640584380072e-01	8.115679640584380072e-01	7.906902774054089811e-01	8.115679640584380072e-01	6.996769786511569666e-01	8.115679640584380072e-01	8.013887803845609614e-01	8.115679640584380072e-01	8.115679640584380072e-01	8.202693654673399726e-01	8.115679640584380072e-01	8.115679640584380072e-01	8.115679640584380072e-01	8.115679640584380072e-01	8.115679640584380072e-01	8.115679640584380072e-01	8.111232199501610118e-01	8.115679640584380072e-01	8.115679640584380072e-01	8.115679640584380072e-01	7.156003654096589894e-01	8.115679640584380072e-01	8.115679640584380072e-01	8.115679640584380072e-01	8.115679640584380072e-01	8.115679640584380072e-01	8.006232706093849849e-01	8.138584056561789515e-01	7.669612851164210321e-01	8.167668824493380386e-01	8.115679640584380072e-01	8.115679640584380072e-01	8.115679640584380072e-01	6.099826708502019690e-01	8.115679640584380072e-01	8.115679640584380072e-01	7.984136116305140529e-01	8.115679640584380072e-01	8.115679640584380072e-01	8.156027146725890464e-01	8.141550953633499565e-01	7.876463161686909631e-01	8.115679640584380072e-01	8.115679640584380072e-01	8.177167790196739894e-01	8.115679640584380072e-01	8.115679640584380072e-01	8.115679640584380072e-01	7.630664172109300480e-01	7.690971412382759942e-01	8.115679640584380072e-01	8.283172807979249930e-01	8.115679640584380072e-01	8.115679640584380072e-01	8.020030961779579526e-01	8.148072581132990155e-01	8.141177111786159770e-01	8.115679640584380072e-01	8.115679640584380072e-01	8.115679640584380072e-01	7.006254069909549909e-01	8.115679640584380072e-01	8.115679640584380072e-01	8.115679640584380072e-01	8.115679640584380072e-01	8.115679640584380072e-01	8.115679640584380072e-01	8.115679640584380072e-01	7.679127597072570310e-01	7.773855713340990237e-01	8.115679640584380072e-01	8.115679640584380072e-01	8.115679640584380072e-01	7.298913263700039789e-01	8.115679640584380072e-01	8.115679640584380072e-01	8.200316345413229957e-01	8.115679640584380072e-01	8.115679640584380072e-01	7.655340862096819965e-01	8.115679640584380072e-01	8.115679640584380072e-01	8.079611765818890401e-01
8.115679640584380072e-01	8.115679640584380072e-01	8.115679640584380072e-01	8.115679640584380072e-01	1.000000000000000000e+00	8.433693995756990081e-01	8.902788604675959672e-01	8.748312923143829467e-01	9.203527384079039919e-01	8.465582497197630119e-01	8.115679640584380072e-01	8.115679640584380072e-01	8.115679640584380072e-01	8.115679640584380072e-01	8.115679640584380072e-01	8.115679640584380072e-01	8.768975251187830500e-01	8.115679640584380072e-01	8.115679640584380072e-01	8.340542459232309636e-01	7.310128700564729742e-01	8.115679640584380072e-01	8.115679640584380072e-01	8.115679640584380072e-01	8.115679640584380072e-01	8.115679640584380072e-01	8.115679640584380072e-01	8.115679640584380072e-01	8.393225361127359951e-01	8.755772885196579924e-01	8.115679640584380072e-01	8.115679640584380072e-01	8.115679640584380072e-01	8.115679640584380072e-01	8.115679640584380072e-01	8.229054903059529469e-01	8.935245466379140300e-01	8.115679640584380072e-01	8.115679640584380072e-01	8.115679640584380072e-01	8.115679640584380072e-01	8.115679640584380072e-01	8.115679640584380072e-01	8.410128003143010345e-01	8.115679640584380072e-01	7.725149175283350100e-01	8.115679640584380072e-01	8.115679640584380072e-01	8.115679640584380072e-01	8.115679640584380072e-01	8.115679640584380072e-01	8.534545534397549593e-01	8.115679640584380072e-01	8.497737897759259917e-01	8.115679640584380072e-01	8.115679640584380072e-01	8.115679640584380072e-01	8.115679640584380072e-01	8.115679640584380072e-01	8.115679640584380072e-01	8.393321713436150411e-01	7.537745810683510461e-01	8.115679640584380072e-01	8.115679640584380072e-01	8.115679640584380072e-01	8.115679640584380072e-01	8.419860618988359580e-01	8.115679640584380072e-01	8.115679640584380072e-01	8.115679640584380072e-01	8.115679640584380072e-01	8.115679640584380072e-01	8.115679640584380072e-01	8.115679640584380072e-01	6.639718426841459964e-01	8.115679640584380072e-01	8.115679640584380072e-01	8.115679640584380072e-01	8.115679640584380072e-01	8.563128238200320430e-01	8.115679640584380072e-01	8.614249917094249920e-01	8.115679640584380072e-01	8.115679640584380072e-01	8.115679640584380072e-01	8.115679640584380072e-01	8.115679640584380072e-01	8.115679640584380072e-01	8.115679640584380072e-01	8.115679640584380072e-01	7.958194010222120474e-01	8.115679640584380072e-01	8.115679640584380072e-01	8.115679640584380072e-01	8.115679640584380072e-01	8.446944025586580196e-01	8.115679640584380072e-01	8.115679640584380072e-01	8.115679640584380072e-01	8.807185223187530276e-01	8.115679640584380072e-01	8.115679640584380072e-01	8.115679640584380072e-01	8.572078411657529928e-01	8.115679640584380072e-01	8.115679640584380072e-01	7.448822957377020382e-01	7.642477106973459833e-01	8.115679640584380072e-01	8.115679640584380072e-01	8.115679640584380072e-01	8.115679640584380072e-01	8.115679640584380072e-01	8.115679640584380072e-01	8.115679640584380072e-01	8.115679640584380072e-01	8.115679640584380072e-01	9.187692953431400023e-01	8.115679640584380072e-01	8.559491829478249603e-01	8.115679640584380072e-01	8.115679640584380072e-01	8.347199529037929722e-01	8.115679640584380072e-01
8.115679640584380072e-01	8.115679640584380072e-01	8.115679640584380072e-01	8.115679640584380072e-01	8.433693995756990081e-01	1.000000000000000000e+00	7.782360622282480378e-01	8.115679640584380072e-01	8.115679640584380072e-01	8.218646490311569686e-01	8.443793139424660144e-01	8.115679640584380072e-01	8.257301709449680338e-01	8.115679640584380072e-01	8.115679640584380072e-01	8.300830497589509749e-01	8.115679640584380072e-01	8.115679640584380072e-01	7.767165475735759994e-01	7.734155688855790522e-01	8.115679640584380072e-01	7.763577422646980031e-01	8.115679640584380072e-01	8.273004597031899943e-01	8.082765934506990213e-01	8.115679640584380072e-01	8.018650066766139783e-01	8.162794632927480309e-01	8.115679640584380072e-01	8.110906305098229963e-01	8.115679640584380072e-01	7.593896274625370202e-01	8.115679640584380072e-01	8.413049020532600286e-01	8.115679640584380072e-01	8.115679640584380072e-01	8.115679640584380072e-01	8.115679640584380072e-01	8.115679640584380072e-01	8.115679640584380072e-01	8.115679640584380072e-01	7.604168153365370442e-01	8.115679640584380072e-01	8.115679640584380072e-01	8.115679640584380072e-01	8.115679640584380072e-01	8.115679640584380072e-01	7.654264394816140404e-01	8.666074718044769476e-01	8.115679640584380072e-01	8.115679640584380072e-01	8.115679640584380072e-01	8.115679640584380072e-01	8.115679640584380072e-01	8.115679640584380072e-01	8.115679640584380072e-01	8.115679640584380072e-01	8.115679640584380072e-01	8.115679640584380072e-01	7.684683315629480260e-01	7.496217537000999798e-01	8.115679640584380072e-01	7.368071825386039997e-01	5.780512181500040425e-01	8.174328670960130383e-01	8.115679640584380072e-01	8.115679640584380072e-01	8.115679640584380072e-01	7.675866587101080052e-01	8.115679640584380072e-01	8.115679640584380072e-01	8.115679640584380072e-01	8.115679640584380072e-01	8.115679640584380072e-01	6.644312391622060332e-01	8.115679640584380072e-01	8.115679640584380072e-01	8.115679640584380072e-01	8.115679640584380072e-01	8.115679640584380072e-01	8.115679640584380072e-01	7.713828297095030040e-01	8.115679640584380072e-01	7.695740555143839590e-01	8.115679640584380072e-01	8.115679640584380072e-01	8.115679640584380072e-01	8.115679640584380072e-01	8.115679640584380072e-01	8.115679640584380072e-01	8.115679640584380072e-01	8.115679640584380072e-01	8.115679640584380072e-01	8.115679640584380072e-01	7.683470415209470161e-01	8.115679640584380072e-01	8.115679640584380072e-01	8.115679640584380072e-01	8.115679640584380072e-01	7.916393817466790273e-01	8.131813304759270000e-01	7.410931711301049774e-01	8.115679640584380072e-01	8.115679640584380072e-01	8.115679640584380072e-01	8.115679640584380072e-01	8.115679640584380072e-01	8.115679640584380072e-01	8.115679640584380072e-01	8.115679640584380072e-01	8.115679640584380072e-01	8.115679640584380072e-01	8.115679640584380072e-01	7.585357860498630478e-01	8.115679640584380072e-01	8.115679640584380072e-01	8.115679640584380072e-01	8.115679640584380072e-01	8.126517370860389944e-01	8.115679640584380072e-01	8.115679640584380072e-01	8.115679640584380072e-01	8.115679640584380072e-01	8.115679640584380072e-01
8.115679640584380072e-01	7.852177838477539806e-01	8.115679640584380072e-01	8.115679640584380072e-01	8.902788604675959672e-01	7.782360622282480378e-01	1.000000000000000000e+00	8.115679640584380072e-01	8.115679640584380072e-01	8.115679640584380072e-01	8.509110253792729894e-01	8.115679640584380072e-01	8.115679640584380072e-01	8.115679640584380072e-01	8.115679640584380072e-01	8.115679640584380072e-01	8.115679640584380072e-01	8.115679640584380072e-01	8.115679640584380072e-01	8.115679640584380072e-01	8.115679640584380072e-01	8.115679640584380072e-01	7.896539223118379525e-01	8.115679640584380072e-01	8.115679640584380072e-01	8.115679640584380072e-01	8.151861729602980500e-01	8.066081379354890224e-01	8.115679640584380072e-01	8.115679640584380072e-01	7.841593447526240546e-01	8.115679640584380072e-01	8.115679640584380072e-01	8.069739760182369492e-01	8.291045110362059711e-01	8.115679640584380072e-01	8.115679640584380072e-01	8.115679640584380072e-01	7.854341513071859682e-01	8.115679640584380072e-01	8.115679640584380072e-01	8.115679640584380072e-01	8.115679640584380072e-01	8.115679640584380072e-01	8.115679640584380072e-01	8.115679640584380072e-01	7.956389899700000434e-01	8.106950060593249852e-01	8.115679640584380072e-01	7.978455495149170407e-01	8.115679640584380072e-01	8.115679640584380072e-01	8.115679640584380072e-01	7.859257071873659850e-01	7.939783916818660137e-01	7.907560876078310041e-01	8.072936412309470455e-01	8.115679640584380072e-01	7.790114658955910043e-01	7.961095146628770491e-01	8.115679640584380072e-01	8.115679640584380072e-01	8.115679640584380072e-01	8.115679640584380072e-01	8.115679640584380072e-01	8.115679640584380072e-01	8.115679640584380072e-01	8.115679640584380072e-01	8.460409116088459802e-01	8.115679640584380072e-01	8.115679640584380072e-01	8.115679640584380072e-01	8.115679640584380072e-01	8.115679640584380072e-01	8.115679640584380072e-01	7.740106627723629673e-01	8.115679640584380072e-01	7.994431081340529488e-01	8.115679640584380072e-01	8.115679640584380072e-01	8.115679640584380072e-01	8.115679640584380072e-01	8.141200476398700037e-01	8.115679640584380072e-01	8.072102380998910087e-01	8.115679640584380072e-01	7.789287491816180298e-01	8.115679640584380072e-01	8.115679640584380072e-01	8.496567360039040118e-01	8.115679640584380072e-01	7.687264122523139731e-01	8.115679640584380072e-01	8.080052347759989484e-01	7.901753315640950293e-01	8.115679640584380072e-01	8.057497648716109850e-01	8.115679640584380072e-01	8.115679640584380072e-01	8.115679640584380072e-01	8.115679640584380072e-01	8.115679640584380072e-01	8.290331300417109750e-01	8.115679640584380072e-01	8.115679640584380072e-01	8.115679640584380072e-01	8.115679640584380072e-01	8.115679640584380072e-01	8.115679640584380072e-01	8.115679640584380072e-01	8.115679640584380072e-01	8.115679640584380072e-01	8.115679640584380072e-01	8.115679640584380072e-01	8.115679640584380072e-01	8.115679640584380072e-01	8.115679640584380072e-01	8.115679640584380072e-01	8.115679640584380072e-01	8.115679640584380072e-01	8.115679640584380072e-01	8.115679640584380072e-01	7.495077403310730357e-01	8.115679640584380072e-01
8.115679640584380072e-01	8.115679640584380072e-01	8.115679640584380072e-01	8.115679640584380072e-01	8.748312923143829467e-01	8.115679640584380072e-01	8.115679640584380072e-01	1.000000000000000000e+00	8.115679640584380072e-01	8.684573584516029898e-01	8.701313760095990002e-01	8.115679640584380072e-01	8.115679640584380072e-01	8.115679640584380072e-01	8.211337799748820165e-01	8.115679640584380072e-01	8.115679640584380072e-01	8.115679640584380072e-01	8.319003313895180218e-01	8.115679640584380072e-01	8.115679640584380072e-01	8.115679640584380072e-01	7.887004077920960476e-01	8.274334307076559591e-01	8.115679640584380072e-01	8.115679640584380072e-01	8.115679640584380072e-01	8.115679640584380072e-01	8.115679640584380072e-01	8.115679640584380072e-01	8.115679640584380072e-01	8.110720085603769780e-01	8.115679640584380072e-01	8.115679640584380072e-01	8.115679640584380072e-01	7.731869791609150555e-01	8.115679640584380072e-01	8.115679640584380072e-01	8.142275321064960103e-01	8.115679640584380072e-01	8.115679640584380072e-01	8.131533257114670343e-01	8.115679640584380072e-01	8.115679640584380072e-01	8.016602177064949819e-01	8.115679640584380072e-01	7.837431165326700366e-01	8.115679640584380072e-01	8.449659578040950025e-01	8.115679640584380072e-01	8.115679640584380072e-01	8.115679640584380072e-01	8.115679640584380072e-01	8.115679640584380072e-01	8.115679640584380072e-01	8.115679640584380072e-01	8.115679640584380072e-01	8.115679640584380072e-01	8.115679640584380072e-01	8.115679640584380072e-01	8.025672084902020220e-01	8.115679640584380072e-01	8.115679640584380072e-01	8.115679640584380072e-01	8.115679640584380072e-01	7.919097895823810074e-01	8.384726624377299986e-01	8.115679640584380072e-01	8.115679640584380072e-01	8.115679640584380072e-01	8.115679640584380072e-01	8.115679640584380072e-01	8.115679640584380072e-01	8.625060323647679716e-01	8.115679640584380072e-01	7.589974381517949897e-01	8.269325263747520083e-01	8.115679640584380072e-01	8.176839246622490398e-01	8.210348090127309595e-01	8.115679640584380072e-01	8.115679640584380072e-01	8.115679640584380072e-01	8.115679640584380072e-01	8.115679640584380072e-01	8.115679640584380072e-01	8.115679640584380072e-01	8.115679640584380072e-01	8.115679640584380072e-01	8.594642788238510134e-01	8.115679640584380072e-01	8.115679640584380072e-01	8.115679640584380072e-01	8.115679640584380072e-01	8.115679640584380072e-01	8.115679640584380072e-01	8.229149370728989776e-01	8.115679640584380072e-01	8.115679640584380072e-01	8.115679640584380072e-01	8.612222930035530188e-01	8.115679640584380072e-01	8.115679640584380072e-01	8.276448036015250365e-01	8.115679640584380072e-01	8.115679640584380072e-01	8.115679640584380072e-01	8.115679640584380072e-01	8.638189549044710258e-01	8.115679640584380072e-01	8.115679640584380072e-01	8.296853047813279591e-01	8.115679640584380072e-01	8.115679640584380072e-01	8.115679640584380072e-01	8.115679640584380072e-01	8.508743953876489741e-01	8.115679640584380072e-01	8.115679640584380072e-01	8.115679640584380072e-01	8.115679640584380072e-01	8.115679640584380072e-01	8.115679640584380072e-01	8.115679640584380072e-01
8.115679640584380072e-01	7.460825435716980092e-01	8.115679640584380072e-01	8.551511890380929515e-01	9.203527384079039919e-01	8.115679640584380072e-01	8.115679640584380072e-01	8.115679640584380072e-01	1.000000000000000000e+00	8.675232079602609447e-01	8.115679640584380072e-01	8.115679640584380072e-01	8.115679640584380072e-01	5.407793322759809618e-01	8.115679640584380072e-01	8.765603613541379513e-01	8.115679640584380072e-01	8.115679640584380072e-01	8.115679640584380072e-01	8.518590692974700174e-01	8.115679640584380072e-01	8.115679640584380072e-01	8.115679640584380072e-01	8.115679640584380072e-01	8.115679640584380072e-01	8.115679640584380072e-01	8.115679640584380072e-01	8.115679640584380072e-01	8.115679640584380072e-01	8.115679640584380072e-01	8.115679640584380072e-01	8.638065595093450399e-01	8.115679640584380072e-01	8.115679640584380072e-01	8.115679640584380072e-01	8.115679640584380072e-01	8.115679640584380072e-01	8.115679640584380072e-01	8.115679640584380072e-01	8.115679640584380072e-01	8.115679640584380072e-01	8.115679640584380072e-01	8.115679640584380072e-01	8.115679640584380072e-01	8.115679640584380072e-01	8.115679640584380072e-01	8.115679640584380072e-01	8.115679640584380072e-01	9.035324190215010542e-01	8.205942973597980528e-01	8.115679640584380072e-01	8.115679640584380072e-01	8.677722164649339653e-01	8.115679640584380072e-01	8.115679640584380072e-01	8.551143765160339472e-01	8.115679640584380072e-01	8.115679640584380072e-01	8.359689861585599679e-01	8.852418597731760430e-01	8.466189908952439502e-01	7.680780664791979628e-01	8.428951329906270162e-01	8.115679640584380072e-01	8.115679640584380072e-01	8.115679640584380072e-01	8.115679640584380072e-01	8.115679640584380072e-01	8.115679640584380072e-01	8.115679640584380072e-01	8.581284212833489855e-01	8.612371229987380028e-01	8.115679640584380072e-01	8.115679640584380072e-01	8.115679640584380072e-01	8.115679640584380072e-01	8.115679640584380072e-01	8.770082638897249705e-01	8.458709634207109973e-01	8.671348973633850044e-01	8.115679640584380072e-01	8.115679640584380072e-01	8.115679640584380072e-01	8.115679640584380072e-01	8.115679640584380072e-01	8.115679640584380072e-01	8.673265417636779606e-01	8.115679640584380072e-01	1.000000000000000021e-03	8.339967997187269777e-01	8.115679640584380072e-01	8.115679640584380072e-01	8.115679640584380072e-01	8.115679640584380072e-01	8.704260970441529688e-01	8.460093472208920495e-01	8.115679640584380072e-01	8.115679640584380072e-01	8.115679640584380072e-01	8.115679640584380072e-01	8.115679640584380072e-01	8.115679640584380072e-01	8.611901622233529840e-01	8.501665254060589705e-01	8.115679640584380072e-01	8.115679640584380072e-01	8.115679640584380072e-01	7.756050131358379618e-01	8.115679640584380072e-01	8.115679640584380072e-01	8.115679640584380072e-01	8.115679640584380072e-01	8.115679640584380072e-01	8.115679640584380072e-01	8.115679640584380072e-01	8.115679640584380072e-01	8.612049916652549930e-01	8.115679640584380072e-01	8.115679640584380072e-01	8.115679640584380072e-01	7.760926448766150010e-01	8.115679640584380072e-01	8.115679640584380072e-01	8.684324347223619789e-01
8.115679640584380072e-01	8.197963252663460487e-01	8.512651966071239640e-01	8.115679640584380072e-01	8.465582497197630119e-01	8.218646490311569686e-01	8.115679640584380072e-01	8.684573584516029898e-01	8.675232079602609447e-01	1.000000000000000000e+00	8.395923643921759938e-01	7.977677015412459882e-01	8.115679640584380072e-01	6.325401690060790116e-01	8.115679640584380072e-01	8.115679640584380072e-01	8.493787979124509668e-01	8.115679640584380072e-01	7.730494140378949552e-01	8.115679640584380072e-01	8.115679640584380072e-01	8.115679640584380072e-01	8.115679640584380072e-01	8.603946899710299689e-01	8.115679640584380072e-01	8.115679640584380072e-01	7.778363719432179746e-01	8.115679640584380072e-01	8.115679640584380072e-01	8.115679640584380072e-01	8.115679640584380072e-01	8.115679640584380072e-01	7.237898735752880119e-01	8.230802730503620213e-01	8.115679640584380072e-01	6.877852820363159481e-01	8.115679640584380072e-01	8.264414125244969878e-01	8.115679640584380072e-01	8.115679640584380072e-01	8.115679640584380072e-01	8.115679640584380072e-01	7.840603299022109729e-01	8.115679640584380072e-01	7.342635116508400284e-01	8.115679640584380072e-01	8.115679640584380072e-01	8.115679640584380072e-01	8.115679640584380072e-01	8.115679640584380072e-01	7.358667940026489829e-01	8.115679640584380072e-01	8.580249913702520104e-01	7.371857900239610073e-01	8.115679640584380072e-01	8.115679640584380072e-01	8.115679640584380072e-01	8.115679640584380072e-01	8.115679640584380072e-01	8.115679640584380072e-01	8.115679640584380072e-01	8.311390697374559933e-01	8.115679640584380072e-01	8.115679640584380072e-01	8.115679640584380072e-01	8.472217794617340481e-01	8.115679640584380072e-01	8.115679640584380072e-01	8.115679640584380072e-01	7.323946274653979627e-01	8.115679640584380072e-01	8.115679640584380072e-01	7.179578035611470233e-01	8.115679640584380072e-01	8.115679640584380072e-01	8.115679640584380072e-01	7.373868059758430515e-01	8.115679640584380072e-01	8.115679640584380072e-01	8.115679640584380072e-01	8.115679640584380072e-01	7.372640739314459957e-01	8.115679640584380072e-01	8.115679640584380072e-01	8.115679640584380072e-01	8.115679640584380072e-01	7.484845481223429964e-01	8.115679640584380072e-01	1.000000000000000021e-03	8.115679640584380072e-01	8.244183532939199921e-01	8.115679640584380072e-01	7.900370112249139876e-01	8.115679640584380072e-01	7.314346802846030116e-01	7.082694259218460520e-01	8.115679640584380072e-01	7.316404272582479607e-01	8.115679640584380072e-01	8.115679640584380072e-01	8.115679640584380072e-01	8.115679640584380072e-01	7.417953749372070416e-01	8.305930136747590176e-01	8.115679640584380072e-01	7.789622819259489628e-01	8.115679640584380072e-01	8.115679640584380072e-01	8.299496529528519462e-01	8.115679640584380072e-01	8.115679640584380072e-01	8.300735207046560094e-01	8.115679640584380072e-01	8.115679640584380072e-01	8.115679640584380072e-01	8.115679640584380072e-01	8.115679640584380072e-01	7.793558406479089706e-01	8.119966388368300425e-01	8.115679640584380072e-01	8.115679640584380072e-01	8.115679640584380072e-01	8.115679640584380072e-01	8.115679640584380072e-01
8.115679640584380072e-01	8.115679640584380072e-01	8.115679640584380072e-01	8.454802121315190266e-01	8.115679640584380072e-01	8.443793139424660144e-01	8.509110253792729894e-01	8.701313760095990002e-01	8.115679640584380072e-01	8.395923643921759938e-01	1.000000000000000000e+00	8.115679640584380072e-01	8.115679640584380072e-01	8.115679640584380072e-01	8.115679640584380072e-01	8.115679640584380072e-01	8.115679640584380072e-01	8.115679640584380072e-01	8.115679640584380072e-01	8.115679640584380072e-01	8.115679640584380072e-01	8.115679640584380072e-01	8.115679640584380072e-01	8.115679640584380072e-01	9.028662453435110091e-01	8.115679640584380072e-01	8.115679640584380072e-01	8.115679640584380072e-01	8.802687248932019592e-01	8.849065668624149783e-01	8.463930557690919620e-01	9.034753732487309508e-01	8.728375599997260093e-01	8.115679640584380072e-01	8.115679640584380072e-01	8.773506357864619964e-01	9.017501459447989642e-01	8.919079062416680470e-01	8.115679640584380072e-01	8.115679640584380072e-01	8.115679640584380072e-01	8.115679640584380072e-01	8.115679640584380072e-01	8.115679640584380072e-01	8.921511118476229685e-01	7.160543815771930332e-01	7.939487696604740075e-01	8.115679640584380072e-01	8.115679640584380072e-01	8.186818775348290167e-01	8.115679640584380072e-01	8.942839166374040305e-01	8.115679640584380072e-01	9.012456356039939553e-01	8.115679640584380072e-01	8.115679640584380072e-01	8.115679640584380072e-01	8.115679640584380072e-01	8.115679640584380072e-01	8.115679640584380072e-01	8.115679640584380072e-01	8.115679640584380072e-01	8.115679640584380072e-01	8.115679640584380072e-01	8.115679640584380072e-01	8.115679640584380072e-01	8.115679640584380072e-01	8.337287697424310418e-01	8.115679640584380072e-01	8.115679640584380072e-01	8.115679640584380072e-01	8.115679640584380072e-01	8.115679640584380072e-01	8.115679640584380072e-01	8.115679640584380072e-01	8.115679640584380072e-01	8.115679640584380072e-01	8.115679640584380072e-01	8.320244902748270555e-01	8.115679640584380072e-01	8.115679640584380072e-01	8.115679640584380072e-01	8.805744610546439866e-01	7.468066209739450123e-01	8.115679640584380072e-01	9.138674227664950189e-01	9.027211520621839513e-01	8.115679640584380072e-01	1.000000000000000021e-03	8.115679640584380072e-01	7.586925420594019531e-01	8.115679640584380072e-01	8.115679640584380072e-01	8.115679640584380072e-01	8.115679640584380072e-01	8.115679640584380072e-01	8.735091527591779537e-01	8.115679640584380072e-01	8.115679640584380072e-01	8.115679640584380072e-01	9.358007509654400202e-01	7.065255033449110433e-01	8.880128782193159598e-01	8.317881267996519723e-01	8.115679640584380072e-01	8.942505523826760339e-01	8.115679640584380072e-01	8.115679640584380072e-01	8.115679640584380072e-01	8.500884517001420226e-01	8.115679640584380072e-01	8.115679640584380072e-01	8.115679640584380072e-01	8.115679640584380072e-01	8.115679640584380072e-01	8.115679640584380072e-01	8.807791867437979594e-01	8.115679640584380072e-01	8.115679640584380072e-01	9.020503988792849537e-01	8.115679640584380072e-01	8.842769660024649703e-01	8.115679640584380072e-01	8.115679640584380072e-01
8.115679640584380072e-01	7.936594434260489939e-01	8.115679640584380072e-01	7.011162001884809758e-01	8.115679640584380072e-01	8.115679640584380072e-01	8.115679640584380072e-01	8.115679640584380072e-01	8.115679640584380072e-01	7.977677015412459882e-01	8.115679640584380072e-01	1.000000000000000000e+00	8.115679640584380072e-01	8.115679640584380072e-01	8.115679640584380072e-01	8.115679640584380072e-01	8.115679640584380072e-01	8.115679640584380072e-01	8.115679640584380072e-01	8.115679640584380072e-01	7.995211195976820173e-01	8.115679640584380072e-01	8.109160665172640003e-01	8.147113878429299572e-01	8.115679640584380072e-01	8.115679640584380072e-01	8.115679640584380072e-01	7.146111565370459884e-01	8.115679640584380072e-01	8.115679640584380072e-01	8.115679640584380072e-01	5.506869293502709706e-01	5.434600453360129979e-01	8.115679640584380072e-01	5.878802642799769718e-01	5.040527327223409682e-01	6.677862358087589545e-01	8.115679640584380072e-01	8.115679640584380072e-01	7.269562365668189585e-01	8.115679640584380072e-01	7.813737096266389903e-01	8.115679640584380072e-01	8.115679640584380072e-01	8.115679640584380072e-01	8.307503554689920078e-01	8.115679640584380072e-01	8.115679640584380072e-01	7.227768979447489750e-01	8.710858344705819656e-01	5.965275821442129756e-01	8.115679640584380072e-01	8.115679640584380072e-01	8.115679640584380072e-01	8.115679640584380072e-01	8.115679640584380072e-01	5.576273011451340356e-01	8.115679640584380072e-01	8.115679640584380072e-01	6.023664678035579589e-01	8.115679640584380072e-01	8.595456804524740368e-01	8.115679640584380072e-01	8.115679640584380072e-01	8.115679640584380072e-01	8.115679640584380072e-01	8.115679640584380072e-01	8.115679640584380072e-01	6.032695502427920520e-01	5.425188084025710511e-01	8.115679640584380072e-01	5.675340164494819817e-01	5.467154724456310122e-01	5.998632708990609963e-01	8.115679640584380072e-01	8.115679640584380072e-01	5.644801543590850512e-01	6.225466126995540250e-01	8.115679640584380072e-01	8.115679640584380072e-01	8.115679640584380072e-01	5.646421792569370490e-01	8.115679640584380072e-01	9.355483311638049804e-01	8.115679640584380072e-01	8.115679640584380072e-01	5.724825277563110326e-01	8.115679640584380072e-01	8.115679640584380072e-01	8.115679640584380072e-01	8.227401894379160474e-01	8.115679640584380072e-01	8.115679640584380072e-01	8.115679640584380072e-01	8.115679640584380072e-01	8.115679640584380072e-01	8.115679640584380072e-01	8.115679640584380072e-01	8.115679640584380072e-01	6.595088662552720526e-01	6.395110984575409496e-01	8.115679640584380072e-01	8.115679640584380072e-01	8.115679640584380072e-01	8.115679640584380072e-01	6.081176319573989852e-01	8.115679640584380072e-01	8.115679640584380072e-01	8.115679640584380072e-01	8.115679640584380072e-01	8.115679640584380072e-01	8.115679640584380072e-01	8.115679640584380072e-01	7.535517964091360543e-01	9.216928748729129595e-01	8.115679640584380072e-01	8.115679640584380072e-01	8.115679640584380072e-01	8.115679640584380072e-01	8.115679640584380072e-01	8.115679640584380072e-01	5.664372792251040067e-01	5.398659782946609864e-01	5.841198238367180107e-01
