9.999999999999990008e-01	6.069196667448555349e-01	7.895462857711329496e-01	6.069196667448555349e-01	6.607424284922910340e-01	6.069196667448555349e-01	6.423141624495839475e-01	6.069196667448555349e-01	6.069196667448555349e-01	6.069196667448555349e-01	6.069196667448555349e-01	6.069196667448555349e-01	6.460695627649689632e-01	6.069196667448555349e-01	6.565815042416049963e-01	6.644622778118020046e-01	5.890774964930149959e-01	6.069196667448555349e-01	6.069196667448555349e-01	6.069196667448555349e-01	5.993887725951589918e-01	6.069196667448555349e-01	6.069196667448555349e-01	6.759898896996689999e-01	6.069196667448555349e-01	6.069196667448555349e-01	6.069196667448555349e-01	6.069196667448555349e-01	6.069196667448555349e-01	6.069196667448555349e-01	6.069196667448555349e-01	6.069196667448555349e-01	6.069196667448555349e-01	6.069196667448555349e-01	6.069196667448555349e-01	6.069196667448555349e-01	6.683489911611769640e-01	6.620620263914670511e-01	6.069196667448555349e-01	6.069196667448555349e-01	6.069196667448555349e-01	6.069196667448555349e-01	6.450037402238140150e-01	6.069196667448555349e-01	6.069196667448555349e-01	6.069196667448555349e-01	6.262548373399049462e-01	6.341864882795690272e-01	6.069196667448555349e-01	6.587672098128719567e-01	6.069196667448555349e-01	6.069196667448555349e-01	6.069196667448555349e-01	6.069196667448555349e-01	6.069196667448555349e-01	6.069196667448555349e-01	6.069196667448555349e-01	6.069196667448555349e-01	6.069196667448555349e-01	6.215697737075179807e-01	6.318004651604629540e-01	6.322163633896750179e-01	6.069196667448555349e-01	6.069196667448555349e-01	6.069196667448555349e-01	6.069196667448555349e-01	6.069196667448555349e-01	6.069196667448555349e-01	6.069196667448555349e-01	6.069196667448555349e-01	6.069196667448555349e-01	6.069196667448555349e-01	6.069196667448555349e-01	6.069196667448555349e-01	6.069196667448555349e-01	6.069196667448555349e-01	6.069196667448555349e-01	6.069196667448555349e-01	6.112400682926989459e-01	6.069196667448555349e-01	6.069196667448555349e-01	6.380806358764520292e-01	6.069196667448555349e-01	6.874294349484529887e-01	6.069196667448555349e-01	6.072527784137869977e-01	6.396967476194900248e-01	6.165544955255559678e-01	6.069196667448555349e-01	6.283862647563149828e-01	6.069196667448555349e-01	6.069196667448555349e-01	5.623747321122100074e-01	6.069196667448555349e-01	6.069196667448555349e-01	5.656594720455669911e-01	6.069196667448555349e-01	6.069196667448555349e-01	6.069196667448555349e-01	6.069196667448555349e-01	6.069196667448555349e-01	6.069196667448555349e-01	5.948389494728419935e-01	6.069196667448555349e-01	6.069196667448555349e-01	6.069196667448555349e-01	6.069196667448555349e-01	6.069196667448555349e-01	6.069196667448555349e-01	6.065597559639439584e-01	6.686884516773790033e-01	6.827846220362979723e-01	6.309416088222450369e-01	6.069196667448555349e-01	6.566826859069649913e-01	6.069196667448555349e-01	6.069196667448555349e-01	6.069196667448555349e-01	6.069196667448555349e-01	6.867274611860000322e-01	6.069196667448555349e-01	6.069196667448555349e-01	7.158938574817830247e-01	6.069196667448555349e-01
6.069196667448555349e-01	1.000000000000000000e+00	7.651707510574350390e-01	6.069196667448555349e-01	6.069196667448555349e-01	6.069196667448555349e-01	6.069196667448555349e-01	6.653409028551660054e-01	6.069196667448555349e-01	6.069196667448555349e-01	6.614886628851750494e-01	6.549919059801000421e-01	6.069196667448555349e-01	5.889317396396870352e-01	6.069196667448555349e-01	6.069196667448555349e-01	6.069196667448555349e-01	5.619385483367850265e-01	6.069196667448555349e-01	6.069196667448555349e-01	6.069196667448555349e-01	6.460831748895420334e-01	6.678259552196420534e-01	6.069196667448555349e-01	6.069196667448555349e-01	6.582891101138880208e-01	6.069196667448555349e-01	6.559152555304990084e-01	6.069196667448555349e-01	6.069196667448555349e-01	6.069196667448555349e-01	6.069196667448555349e-01	6.069196667448555349e-01	6.069196667448555349e-01	6.293227604184380430e-01	6.069196667448555349e-01	6.436399014687179676e-01	6.069196667448555349e-01	6.069196667448555349e-01	5.806135647978519776e-01	6.069196667448555349e-01	6.069196667448555349e-01	6.069196667448555349e-01	6.069196667448555349e-01	6.069196667448555349e-01	6.069196667448555349e-01	6.069196667448555349e-01	6.239919623203999954e-01	6.069196667448555349e-01	6.069196667448555349e-01	6.069196667448555349e-01	6.099190335051389855e-01	6.069196667448555349e-01	6.069196667448555349e-01	6.069196667448555349e-01	5.981534794554910217e-01	6.341348887755150487e-01	5.909187769479450347e-01	6.069196667448555349e-01	6.069196667448555349e-01	6.069196667448555349e-01	6.069196667448555349e-01	6.069196667448555349e-01	6.069196667448555349e-01	6.069196667448555349e-01	6.365900511729020161e-01	6.069196667448555349e-01	6.069196667448555349e-01	6.069196667448555349e-01	6.069196667448555349e-01	6.069196667448555349e-01	6.479048900015730306e-01	6.192430705623109821e-01	6.315112048958649860e-01	5.809208787274350305e-01	6.069196667448555349e-01	6.069196667448555349e-01	6.069196667448555349e-01	6.049665271019220025e-01	6.086782870952649471e-01	6.069196667448555349e-01	6.069196667448555349e-01	6.069196667448555349e-01	6.764802940290649547e-01	6.069196667448555349e-01	6.069196667448555349e-01	6.069196667448555349e-01	6.069196667448555349e-01	6.069196667448555349e-01	6.069196667448555349e-01	6.069196667448555349e-01	5.849737765679650092e-01	6.069196667448555349e-01	5.754838665137570475e-01	6.069196667448555349e-01	6.069196667448555349e-01	6.069196667448555349e-01	6.069196667448555349e-01	6.069196667448555349e-01	6.069196667448555349e-01	5.987399383270799458e-01	6.069196667448555349e-01	6.069196667448555349e-01	6.069196667448555349e-01	6.069196667448555349e-01	6.069196667448555349e-01	6.069196667448555349e-01	6.069196667448555349e-01	5.941555919178740375e-01	6.069196667448555349e-01	6.069196667448555349e-01	6.069196667448555349e-01	6.361341381440950293e-01	6.069196667448555349e-01	6.069196667448555349e-01	6.069196667448555349e-01	7.164387184138270026e-01	6.069196667448555349e-01	6.069196667448555349e-01	6.522578172424829956e-01	6.069196667448555349e-01	6.069196667448555349e-01	6.069196667448555349e-01	6.736450431769229752e-01
7.895462857711329496e-01	7.651707510574350390e-01	1.000000000000000000e+00	5.797537473406939590e-01	6.335512169296499962e-01	6.069196667448555349e-01	6.069196667448555349e-01	6.615508430281099583e-01	6.631960964328620367e-01	6.586848977371709823e-01	6.069196667448555349e-01	6.069196667448555349e-01	6.069196667448555349e-01	5.688457648849150061e-01	6.069196667448555349e-01	6.069196667448555349e-01	6.069196667448555349e-01	5.719839490405820293e-01	6.205852608181420260e-01	6.069196667448555349e-01	6.069196667448555349e-01	6.069196667448555349e-01	6.069196667448555349e-01	6.069196667448555349e-01	6.069196667448555349e-01	6.069196667448555349e-01	6.069196667448555349e-01	6.447315263818039766e-01	6.069196667448555349e-01	6.069196667448555349e-01	6.267059589113860296e-01	6.083948758953680036e-01	6.114455428990439589e-01	6.069196667448555349e-01	6.225634304718420386e-01	6.069196667448555349e-01	6.353288578808720111e-01	6.069196667448555349e-01	6.069196667448555349e-01	6.271869293235580178e-01	6.069196667448555349e-01	6.069196667448555349e-01	6.069196667448555349e-01	6.125601966972430423e-01	5.860305750365339961e-01	6.069196667448555349e-01	6.069196667448555349e-01	6.069196667448555349e-01	6.069196667448555349e-01	6.069196667448555349e-01	6.069196667448555349e-01	6.069196667448555349e-01	6.069196667448555349e-01	6.069196667448555349e-01	6.123220298339600021e-01	6.120107776153650425e-01	6.069196667448555349e-01	5.940640379677130101e-01	6.069196667448555349e-01	6.069196667448555349e-01	6.315475320403129977e-01	6.069196667448555349e-01	6.069196667448555349e-01	6.069196667448555349e-01	6.069196667448555349e-01	6.069196667448555349e-01	6.069196667448555349e-01	6.337934692846719509e-01	6.069196667448555349e-01	6.083902856959589878e-01	6.069196667448555349e-01	6.069196667448555349e-01	6.177809584739909488e-01	6.069196667448555349e-01	6.069196667448555349e-01	6.069196667448555349e-01	6.759393095291820197e-01	5.850249910297049549e-01	6.211692899112589705e-01	6.069196667448555349e-01	6.069196667448555349e-01	6.106629267955400175e-01	6.069196667448555349e-01	6.453408226757350041e-01	6.069196667448555349e-01	6.069196667448555349e-01	6.069196667448555349e-01	6.069196667448555349e-01	6.069196667448555349e-01	6.069196667448555349e-01	6.069196667448555349e-01	6.069196667448555349e-01	5.617352485103249693e-01	6.069196667448555349e-01	5.349259465906890387e-01	6.069196667448555349e-01	6.069196667448555349e-01	6.069196667448555349e-01	6.069196667448555349e-01	6.069196667448555349e-01	6.069196667448555349e-01	5.844884647450879767e-01	6.069196667448555349e-01	6.069196667448555349e-01	6.069196667448555349e-01	6.069196667448555349e-01	6.172365641208880094e-01	6.069196667448555349e-01	6.069196667448555349e-01	6.069196667448555349e-01	6.471492142296250139e-01	6.069196667448555349e-01	6.069196667448555349e-01	6.583089990291159932e-01	6.069196667448555349e-01	7.371569717326239557e-01	6.069196667448555349e-01	6.069196667448555349e-01	6.069196667448555349e-01	6.069196667448555349e-01	6.069196667448555349e-01	6.069196667448555349e-01	6.069196667448555349e-01	6.683363633663109704e-01
6.069196667448555349e-01	6.069196667448555349e-01	5.797537473406939590e-01	9.999999999999980016e-01	6.069196667448555349e-01	6.069196667448555349e-01	6.069196667448555349e-01	6.069196667448555349e-01	6.069196667448555349e-01	5.761942062522870112e-01	5.627554692219109977e-01	5.558617071157869738e-01	6.069196667448555349e-01	6.260976508266350438e-01	6.069196667448555349e-01	6.069196667448555349e-01	6.069196667448555349e-01	6.069196667448555349e-01	6.069196667448555349e-01	6.069196667448555349e-01	6.069196667448555349e-01	6.069196667448555349e-01	5.828779153079000075e-01	6.069196667448555349e-01	5.488703515039190517e-01	6.069196667448555349e-01	6.069196667448555349e-01	5.861624048058049485e-01	6.312538778131859818e-01	6.326209156729190042e-01	6.213223100453899583e-01	6.069196667448555349e-01	6.069196667448555349e-01	6.069196667448555349e-01	6.069196667448555349e-01	6.106481807758410429e-01	6.069196667448555349e-01	6.069196667448555349e-01	6.069196667448555349e-01	5.703419934702850247e-01	6.069196667448555349e-01	6.069196667448555349e-01	6.069196667448555349e-01	5.950916896929829836e-01	6.069196667448555349e-01	6.069196667448555349e-01	6.069196667448555349e-01	5.656477450935539775e-01	6.069196667448555349e-01	5.870122209266179780e-01	6.069196667448555349e-01	6.069196667448555349e-01	6.069196667448555349e-01	6.069196667448555349e-01	6.069196667448555349e-01	6.069196667448555349e-01	6.045317708448240124e-01	5.718826615780030487e-01	6.069196667448555349e-01	6.069196667448555349e-01	6.069196667448555349e-01	5.386485050209669501e-01	6.069196667448555349e-01	6.069196667448555349e-01	6.069196667448555349e-01	6.069196667448555349e-01	6.125259603834369848e-01	6.069196667448555349e-01	6.069196667448555349e-01	6.069196667448555349e-01	6.069196667448555349e-01	6.069196667448555349e-01	6.069196667448555349e-01	6.069196667448555349e-01	6.069196667448555349e-01	6.069196667448555349e-01	6.069196667448555349e-01	6.019476576591109573e-01	6.069196667448555349e-01	6.069196667448555349e-01	6.069196667448555349e-01	5.149806414110179587e-01	6.069196667448555349e-01	5.644269915298989471e-01	6.069196667448555349e-01	6.069196667448555349e-01	5.965666390146470155e-01	6.069196667448555349e-01	5.997604166030300332e-01	5.806101704336780189e-01	6.069196667448555349e-01	6.035802636426710333e-01	6.069196667448555349e-01	6.069196667448555349e-01	6.069196667448555349e-01	5.816727443827669486e-01	6.069196667448555349e-01	6.069196667448555349e-01	6.069196667448555349e-01	5.935805424739289959e-01	6.069196667448555349e-01	6.069196667448555349e-01	6.069196667448555349e-01	6.097246668651919999e-01	6.069196667448555349e-01	5.657657943309659654e-01	5.695957138153739940e-01	6.069196667448555349e-01	6.340919983822049799e-01	6.069196667448555349e-01	6.069196667448555349e-01	6.069196667448555349e-01	6.069196667448555349e-01	6.069196667448555349e-01	6.069196667448555349e-01	6.069196667448555349e-01	6.069196667448555349e-01	6.069196667448555349e-01	6.131387835717470036e-01	6.069196667448555349e-01	5.643083959969630303e-01	6.069196667448555349e-01	6.069196667448555349e-01	6.069196667448555349e-01
6.607424284922910340e-01	6.069196667448555349e-01	6.335512169296499962e-01	6.069196667448555349e-01	9.999999999999980016e-01	6.069196667448555349e-01	6.069196667448555349e-01	6.069196667448555349e-01	6.069196667448555349e-01	6.733741749167549973e-01	6.069196667448555349e-01	6.069196667448555349e-01	6.069196667448555349e-01	6.069196667448555349e-01	6.069196667448555349e-01	6.069196667448555349e-01	5.873134666095689571e-01	6.069196667448555349e-01	5.484811515680769745e-01	7.185598478164190173e-01	6.069196667448555349e-01	5.970012497972190246e-01	6.785611240997180271e-01	5.814542029238839449e-01	6.721265939363809672e-01	7.236161194253110107e-01	6.069196667448555349e-01	6.349858754809080130e-01	6.069196667448555349e-01	6.069196667448555349e-01	6.069196667448555349e-01	5.735309851062460051e-01	6.069196667448555349e-01	6.066543538670300384e-01	6.069196667448555349e-01	6.069196667448555349e-01	6.069196667448555349e-01	6.069196667448555349e-01	6.069196667448555349e-01	5.470456658795349592e-01	6.200372792611780204e-01	6.069196667448555349e-01	6.069196667448555349e-01	6.069196667448555349e-01	5.102045676348949677e-01	6.069196667448555349e-01	6.069196667448555349e-01	6.397668848460890123e-01	6.069196667448555349e-01	5.722472161393300505e-01	6.069196667448555349e-01	6.069196667448555349e-01	6.069196667448555349e-01	6.069196667448555349e-01	6.069196667448555349e-01	6.069196667448555349e-01	6.069196667448555349e-01	5.562666850843279720e-01	5.705996529156479591e-01	6.069196667448555349e-01	6.069196667448555349e-01	6.069196667448555349e-01	6.069196667448555349e-01	6.185629690614230514e-01	6.069196667448555349e-01	6.069196667448555349e-01	6.069196667448555349e-01	6.069196667448555349e-01	6.069196667448555349e-01	6.397812962692029926e-01	6.220580730866009933e-01	6.069196667448555349e-01	6.069196667448555349e-01	6.069196667448555349e-01	6.069196667448555349e-01	6.465368431159099760e-01	6.069196667448555349e-01	6.069196667448555349e-01	6.069196667448555349e-01	6.069196667448555349e-01	7.214313068211040125e-01	6.069196667448555349e-01	6.069196667448555349e-01	6.349808912064099919e-01	5.852885395511080446e-01	6.069196667448555349e-01	6.069196667448555349e-01	6.117751372215129990e-01	6.069196667448555349e-01	6.069196667448555349e-01	6.470509813789090403e-01	6.069196667448555349e-01	6.069196667448555349e-01	6.069196667448555349e-01	6.069196667448555349e-01	6.069196667448555349e-01	6.294400176825459825e-01	6.069196667448555349e-01	6.114799089559169731e-01	6.069196667448555349e-01	6.069196667448555349e-01	6.069196667448555349e-01	6.111391968010919662e-01	5.416995122029609755e-01	6.069196667448555349e-01	6.069196667448555349e-01	6.123994283689110363e-01	6.069196667448555349e-01	5.559237220374350086e-01	6.069196667448555349e-01	6.069196667448555349e-01	6.069196667448555349e-01	6.143155988512739585e-01	6.063816967777120315e-01	6.064686576158799802e-01	6.069196667448555349e-01	6.069196667448555349e-01	6.069196667448555349e-01	6.660916866233660416e-01	6.069196667448555349e-01	6.069196667448555349e-01	6.677589918300349536e-01	6.172647836856499648e-01	6.658080254523149888e-01
6.069196667448555349e-01	6.069196667448555349e-01	6.069196667448555349e-01	6.069196667448555349e-01	6.069196667448555349e-01	9.999999999999980016e-01	6.369307263196349878e-01	5.964196037765300273e-01	6.069196667448555349e-01	6.069196667448555349e-01	6.069196667448555349e-01	6.069196667448555349e-01	6.069196667448555349e-01	6.069196667448555349e-01	5.860095452832190244e-01	6.069196667448555349e-01	6.069196667448555349e-01	5.200654838453739881e-01	6.069196667448555349e-01	6.069196667448555349e-01	6.129350907179940133e-01	6.069196667448555349e-01	6.069196667448555349e-01	6.069196667448555349e-01	5.915642139707160130e-01	6.069196667448555349e-01	6.069196667448555349e-01	6.069196667448555349e-01	6.069196667448555349e-01	6.069196667448555349e-01	6.069196667448555349e-01	5.621746275114229974e-01	6.069196667448555349e-01	6.552065471150909648e-01	6.069196667448555349e-01	6.069196667448555349e-01	5.712563519337320317e-01	6.069196667448555349e-01	6.069196667448555349e-01	5.775394376235489791e-01	6.069196667448555349e-01	6.069196667448555349e-01	6.395627866962659835e-01	6.069196667448555349e-01	5.236297816609070122e-01	6.069196667448555349e-01	5.420876685317810306e-01	6.069196667448555349e-01	6.069196667448555349e-01	6.069196667448555349e-01	6.069196667448555349e-01	6.069196667448555349e-01	6.069196667448555349e-01	6.069196667448555349e-01	6.069196667448555349e-01	6.069196667448555349e-01	6.069196667448555349e-01	5.343283872239229515e-01	5.598207908737470317e-01	5.602013283498089580e-01	6.300579457793860083e-01	5.666954211184900281e-01	6.069196667448555349e-01	6.069196667448555349e-01	6.069196667448555349e-01	6.069196667448555349e-01	6.069196667448555349e-01	6.069196667448555349e-01	6.069196667448555349e-01	6.069196667448555349e-01	6.069196667448555349e-01	6.069196667448555349e-01	5.643156298017729666e-01	6.069196667448555349e-01	6.000286355188919618e-01	6.298515731987860411e-01	6.069196667448555349e-01	6.069196667448555349e-01	6.069196667448555349e-01	6.069196667448555349e-01	6.069196667448555349e-01	6.069196667448555349e-01	6.069196667448555349e-01	6.069196667448555349e-01	6.069196667448555349e-01	6.069196667448555349e-01	6.069196667448555349e-01	6.069196667448555349e-01	6.069196667448555349e-01	6.069196667448555349e-01	6.069196667448555349e-01	6.069196667448555349e-01	6.069196667448555349e-01	6.069196667448555349e-01	6.069196667448555349e-01	6.273731996863289861e-01	6.069196667448555349e-01	6.069196667448555349e-01	6.069196667448555349e-01	6.843053206851940073e-01	6.069196667448555349e-01	6.069196667448555349e-01	6.006273013432209540e-01	5.367307494640619625e-01	6.069196667448555349e-01	6.069196667448555349e-01	6.069196667448555349e-01	6.069196667448555349e-01	6.069196667448555349e-01	6.069196667448555349e-01	6.069196667448555349e-01	6.069196667448555349e-01	6.069196667448555349e-01	6.069196667448555349e-01	6.069196667448555349e-01	6.069196667448555349e-01	6.069196667448555349e-01	6.069196667448555349e-01	6.069196667448555349e-01	6.069196667448555349e-01	6.606667648269299864e-01	6.069196667448555349e-01	6.069196667448555349e-01	6.069196667448555349e-01
6.423141624495839475e-01	6.069196667448555349e-01	6.069196667448555349e-01	6.069196667448555349e-01	6.069196667448555349e-01	6.369307263196349878e-01	9.999999999999990008e-01	7.120873098003710489e-01	6.069196667448555349e-01	6.465267613337200014e-01	6.069196667448555349e-01	6.069196667448555349e-01	6.069196667448555349e-01	5.992958237509879993e-01	6.069196667448555349e-01	5.960766699550640313e-01	6.069196667448555349e-01	5.503516817710309983e-01	6.069196667448555349e-01	7.039107333011780376e-01	5.859139881209990408e-01	6.069196667448555349e-01	6.069196667448555349e-01	5.823149667747280489e-01	6.813231552872029972e-01	7.147788507659720292e-01	6.069196667448555349e-01	6.069196667448555349e-01	6.069196667448555349e-01	6.069196667448555349e-01	6.069196667448555349e-01	6.069196667448555349e-01	5.176911170036559984e-01	6.069196667448555349e-01	6.069196667448555349e-01	5.258593856209829998e-01	5.698449547220629796e-01	6.069196667448555349e-01	6.069196667448555349e-01	6.069196667448555349e-01	5.996332919726069521e-01	7.126259211565949547e-01	6.069196667448555349e-01	6.069196667448555349e-01	5.179529414462840098e-01	6.069196667448555349e-01	6.069196667448555349e-01	6.259397172838030432e-01	6.069196667448555349e-01	6.069196667448555349e-01	6.069196667448555349e-01	6.069196667448555349e-01	6.069196667448555349e-01	6.021505049574360502e-01	6.206194133634159726e-01	6.011036142567890428e-01	6.069196667448555349e-01	5.503017533883409751e-01	5.677903239054240547e-01	6.069196667448555349e-01	6.069196667448555349e-01	5.707938730525690119e-01	6.069196667448555349e-01	6.069196667448555349e-01	6.069196667448555349e-01	6.414044313194720015e-01	6.069196667448555349e-01	6.069196667448555349e-01	6.069196667448555349e-01	6.069196667448555349e-01	6.014717454039619771e-01	6.069196667448555349e-01	6.069196667448555349e-01	6.069196667448555349e-01	6.069196667448555349e-01	6.069196667448555349e-01	6.069196667448555349e-01	6.008036351320880097e-01	6.410161860700249736e-01	5.795830046437250305e-01	7.098364957935979769e-01	6.069196667448555349e-01	6.069196667448555349e-01	6.069196667448555349e-01	5.558358394387400425e-01	6.069196667448555349e-01	6.069196667448555349e-01	6.069196667448555349e-01	6.069196667448555349e-01	6.069196667448555349e-01	6.069196667448555349e-01	6.061416785893090076e-01	6.069196667448555349e-01	5.337048260232259977e-01	5.821883988391319820e-01	6.069196667448555349e-01	6.319596717243549655e-01	6.069196667448555349e-01	6.069196667448555349e-01	6.069196667448555349e-01	6.069196667448555349e-01	6.069196667448555349e-01	5.987647773507990268e-01	6.069196667448555349e-01	6.183590397328080357e-01	6.069196667448555349e-01	6.069196667448555349e-01	6.069196667448555349e-01	5.553120798922329682e-01	5.442852726501570260e-01	5.668652927984400014e-01	5.966818370930510040e-01	6.069196667448555349e-01	6.069196667448555349e-01	6.069196667448555349e-01	6.069196667448555349e-01	6.069196667448555349e-01	6.069196667448555349e-01	6.069196667448555349e-01	6.216944437018110392e-01	6.430589575318600426e-01	6.069196667448555349e-01	6.069196667448555349e-01	6.564379660171060227e-01
6.069196667448555349e-01	6.653409028551660054e-01	6.615508430281099583e-01	6.069196667448555349e-01	6.069196667448555349e-01	5.964196037765300273e-01	7.120873098003710489e-01	1.000000000000000000e+00	6.069196667448555349e-01	7.081228364956330124e-01	6.376841640077780538e-01	6.069196667448555349e-01	6.069196667448555349e-01	5.434113839603770257e-01	6.069196667448555349e-01	6.069196667448555349e-01	6.069196667448555349e-01	5.414194731346050338e-01	6.069196667448555349e-01	6.069196667448555349e-01	6.069196667448555349e-01	6.069196667448555349e-01	6.069196667448555349e-01	6.069196667448555349e-01	6.069196667448555349e-01	6.586732409179100189e-01	5.929223612294599599e-01	6.069196667448555349e-01	6.069196667448555349e-01	6.069196667448555349e-01	6.438858481093110431e-01	6.069196667448555349e-01	5.817040415844659806e-01	6.253809246923079934e-01	6.069196667448555349e-01	5.685417601812879917e-01	6.069196667448555349e-01	6.069196667448555349e-01	6.005541325265359998e-01	6.069196667448555349e-01	6.069196667448555349e-01	6.643383616360970523e-01	6.069196667448555349e-01	6.069196667448555349e-01	5.402477741056790350e-01	6.069196667448555349e-01	5.752249136807350283e-01	6.038871134505640059e-01	6.069196667448555349e-01	6.069196667448555349e-01	6.396356974586070443e-01	6.069196667448555349e-01	6.069196667448555349e-01	5.748008579517239758e-01	6.069196667448555349e-01	6.069196667448555349e-01	6.069196667448555349e-01	6.069196667448555349e-01	5.791863727436009635e-01	6.069196667448555349e-01	6.070989433572699934e-01	5.723395804242269458e-01	6.779272084472970361e-01	6.069196667448555349e-01	6.069196667448555349e-01	6.069196667448555349e-01	6.069196667448555349e-01	6.069196667448555349e-01	6.069196667448555349e-01	6.069196667448555349e-01	6.069196667448555349e-01	6.069196667448555349e-01	6.069196667448555349e-01	6.222387436188140386e-01	6.069196667448555349e-01	6.069196667448555349e-01	6.069196667448555349e-01	6.069196667448555349e-01	6.069196667448555349e-01	6.069196667448555349e-01	6.069196667448555349e-01	6.069196667448555349e-01	6.069196667448555349e-01	6.069196667448555349e-01	6.069196667448555349e-01	6.030648630601029847e-01	6.127424848932190304e-01	6.069196667448555349e-01	6.069196667448555349e-01	6.069196667448555349e-01	6.069196667448555349e-01	6.069196667448555349e-01	6.069196667448555349e-01	5.397123386833799774e-01	6.069196667448555349e-01	6.069196667448555349e-01	6.069196667448555349e-01	5.771899139781100363e-01	5.708256537047949886e-01	6.069196667448555349e-01	6.069196667448555349e-01	6.069196667448555349e-01	5.685632735100130120e-01	6.069196667448555349e-01	6.069196667448555349e-01	6.069196667448555349e-01	5.875547492921999737e-01	5.829664498325429767e-01	6.069196667448555349e-01	6.069196667448555349e-01	6.069196667448555349e-01	6.069196667448555349e-01	6.088365891652219863e-01	5.964393869524250436e-01	6.069196667448555349e-01	6.069196667448555349e-01	6.069196667448555349e-01	6.069196667448555349e-01	6.722054441918270395e-01	6.069196667448555349e-01	6.069196667448555349e-01	6.069196667448555349e-01	6.069196667448555349e-01	6.069196667448555349e-01
6.069196667448555349e-01	6.069196667448555349e-01	6.631960964328620367e-01	6.069196667448555349e-01	6.069196667448555349e-01	6.069196667448555349e-01	6.069196667448555349e-01	6.069196667448555349e-01	1.000000000000000000e+00	6.069196667448555349e-01	6.069196667448555349e-01	6.069196667448555349e-01	6.107599308170029717e-01	6.069196667448555349e-01	6.069196667448555349e-01	6.069196667448555349e-01	5.833852705915230086e-01	6.069196667448555349e-01	6.069196667448555349e-01	6.069196667448555349e-01	6.069196667448555349e-01	6.069196667448555349e-01	6.069196667448555349e-01	6.069196667448555349e-01	6.069196667448555349e-01	6.069196667448555349e-01	6.069196667448555349e-01	6.069196667448555349e-01	6.069196667448555349e-01	6.439130423844290352e-01	6.069196667448555349e-01	6.069196667448555349e-01	6.069196667448555349e-01	6.069196667448555349e-01	6.069196667448555349e-01	5.805240033567929947e-01	6.069196667448555349e-01	6.330525418627319656e-01	6.069196667448555349e-01	6.069196667448555349e-01	6.069196667448555349e-01	6.069196667448555349e-01	6.500012310543979988e-01	5.857586798097239589e-01	6.069196667448555349e-01	6.448412282250599592e-01	5.847190596801939977e-01	5.961502549837760512e-01	6.069196667448555349e-01	6.069196667448555349e-01	6.307919222407779580e-01	5.805095717088449847e-01	6.069196667448555349e-01	5.752647142407439906e-01	6.069196667448555349e-01	6.069196667448555349e-01	6.110502963178919833e-01	5.766614079843730423e-01	6.069196667448555349e-01	6.069196667448555349e-01	6.214353354871180457e-01	5.749703661605829463e-01	6.069196667448555349e-01	6.069196667448555349e-01	6.069196667448555349e-01	6.069196667448555349e-01	6.069196667448555349e-01	6.069196667448555349e-01	6.069196667448555349e-01	5.925378555658720181e-01	6.069196667448555349e-01	6.069196667448555349e-01	6.069196667448555349e-01	6.069196667448555349e-01	6.069196667448555349e-01	5.886518161090950052e-01	6.069196667448555349e-01	6.069196667448555349e-01	6.069196667448555349e-01	6.069196667448555349e-01	6.069196667448555349e-01	6.069196667448555349e-01	6.069196667448555349e-01	6.069196667448555349e-01	5.814477853215309633e-01	5.879134482266630268e-01	6.069196667448555349e-01	6.069196667448555349e-01	6.069196667448555349e-01	6.069196667448555349e-01	6.069196667448555349e-01	6.069196667448555349e-01	6.069196667448555349e-01	6.069196667448555349e-01	6.069196667448555349e-01	6.069196667448555349e-01	6.069196667448555349e-01	6.069196667448555349e-01	6.069196667448555349e-01	6.069196667448555349e-01	6.069196667448555349e-01	6.069196667448555349e-01	6.069196667448555349e-01	6.069196667448555349e-01	6.069196667448555349e-01	5.539643340023370222e-01	6.069196667448555349e-01	6.069196667448555349e-01	6.069196667448555349e-01	6.069196667448555349e-01	6.393248648129179479e-01	6.069196667448555349e-01	6.069196667448555349e-01	6.084383189762340161e-01	6.484431206189109620e-01	6.069196667448555349e-01	6.069196667448555349e-01	6.595139595314000180e-01	6.675040236793680082e-01	6.851562015792730387e-01	6.069196667448555349e-01	6.480696001944300511e-01	6.069196667448555349e-01	6.069196667448555349e-01
6.069196667448555349e-01	6.069196667448555349e-01	6.586848977371709823e-01	5.761942062522870112e-01	6.733741749167549973e-01	6.069196667448555349e-01	6.465267613337200014e-01	7.081228364956330124e-01	6.069196667448555349e-01	1.000000000000000000e+00	6.069196667448555349e-01	6.069196667448555349e-01	6.091358149235139852e-01	6.069196667448555349e-01	6.069196667448555349e-01	6.319281214751879538e-01	6.069196667448555349e-01	5.418203000555460447e-01	6.069196667448555349e-01	6.069196667448555349e-01	6.069196667448555349e-01	6.309267849640379788e-01	6.069196667448555349e-01	6.069196667448555349e-01	6.069196667448555349e-01	6.069196667448555349e-01	6.224386708150539960e-01	6.953449770007069652e-01	6.069196667448555349e-01	6.069196667448555349e-01	6.069196667448555349e-01	6.069196667448555349e-01	6.069196667448555349e-01	6.069196667448555349e-01	6.069196667448555349e-01	6.069196667448555349e-01	6.255397968146160226e-01	6.449620685932599962e-01	6.069196667448555349e-01	6.069196667448555349e-01	6.069196667448555349e-01	6.069196667448555349e-01	6.069196667448555349e-01	5.914665042397260208e-01	6.069196667448555349e-01	6.069196667448555349e-01	5.736378844818560419e-01	6.069196667448555349e-01	6.284692825224570401e-01	6.069196667448555349e-01	6.069196667448555349e-01	5.695054134287550474e-01	6.069196667448555349e-01	6.069196667448555349e-01	6.023295146188959448e-01	6.069196667448555349e-01	6.069196667448555349e-01	6.069196667448555349e-01	5.662657016322090175e-01	5.840911881698820363e-01	6.069196667448555349e-01	6.069196667448555349e-01	6.069196667448555349e-01	6.069196667448555349e-01	6.069196667448555349e-01	6.069196667448555349e-01	6.069196667448555349e-01	6.069196667448555349e-01	5.633060950703320247e-01	6.069196667448555349e-01	6.069196667448555349e-01	6.069196667448555349e-01	6.069196667448555349e-01	6.069196667448555349e-01	6.069196667448555349e-01	6.069196667448555349e-01	6.865094784311720488e-01	5.478139890034600112e-01	5.849663977008620064e-01	6.069196667448555349e-01	6.456601569793549711e-01	6.069196667448555349e-01	6.069196667448555349e-01	6.445828552326210437e-01	6.069196667448555349e-01	6.069196667448555349e-01	6.069196667448555349e-01	6.069196667448555349e-01	6.069196667448555349e-01	5.923691150261980454e-01	6.069196667448555349e-01	6.069196667448555349e-01	6.069196667448555349e-01	6.069196667448555349e-01	6.069196667448555349e-01	6.069196667448555349e-01	6.069196667448555349e-01	6.069196667448555349e-01	6.069196667448555349e-01	5.925173516409839580e-01	6.069196667448555349e-01	5.540553368704079773e-01	5.734063457539809727e-01	5.420973313003100147e-01	6.069196667448555349e-01	6.069196667448555349e-01	5.783401325391680503e-01	6.069196667448555349e-01	6.069196667448555349e-01	6.069196667448555349e-01	6.069196667448555349e-01	6.574002215167199514e-01	6.069196667448555349e-01	6.069196667448555349e-01	6.069196667448555349e-01	6.785083325450419478e-01	6.481529432030429527e-01	6.069196667448555349e-01	6.902620668371709511e-01	6.069196667448555349e-01	6.069196667448555349e-01	6.639844001455550426e-01	6.069196667448555349e-01	6.069196667448555349e-01
6.069196667448555349e-01	6.614886628851750494e-01	6.069196667448555349e-01	5.627554692219109977e-01	6.069196667448555349e-01	6.069196667448555349e-01	6.069196667448555349e-01	6.376841640077780538e-01	6.069196667448555349e-01	6.069196667448555349e-01	1.000000000000000000e+00	6.069196667448555349e-01	6.069196667448555349e-01	5.893925153773319492e-01	6.069196667448555349e-01	6.069196667448555349e-01	6.069196667448555349e-01	6.069196667448555349e-01	6.069196667448555349e-01	6.069196667448555349e-01	6.069196667448555349e-01	5.971451623874100001e-01	6.069196667448555349e-01	6.069196667448555349e-01	6.069196667448555349e-01	6.069196667448555349e-01	6.069196667448555349e-01	6.069196667448555349e-01	6.069196667448555349e-01	6.069196667448555349e-01	6.069196667448555349e-01	6.069196667448555349e-01	6.069196667448555349e-01	6.069196667448555349e-01	6.069196667448555349e-01	6.069196667448555349e-01	5.981296591406689567e-01	6.069196667448555349e-01	6.055650366532610018e-01	6.069196667448555349e-01	6.069196667448555349e-01	6.090554912264970477e-01	6.069196667448555349e-01	6.301247108942860109e-01	6.069196667448555349e-01	6.000211556279629876e-01	6.069196667448555349e-01	6.069196667448555349e-01	6.069196667448555349e-01	6.157985824561279520e-01	6.872069526955389973e-01	6.069196667448555349e-01	5.893568427145320365e-01	6.069196667448555349e-01	6.069196667448555349e-01	6.069196667448555349e-01	6.381178329838389507e-01	6.069196667448555349e-01	6.069196667448555349e-01	5.812990467750399626e-01	6.084625851969059918e-01	6.235144124579520275e-01	6.557280287021189924e-01	6.069196667448555349e-01	6.069196667448555349e-01	6.069196667448555349e-01	6.069196667448555349e-01	6.493223533705480000e-01	6.069196667448555349e-01	6.069196667448555349e-01	6.069196667448555349e-01	6.069196667448555349e-01	6.069196667448555349e-01	6.069196667448555349e-01	5.901202887207239733e-01	6.069196667448555349e-01	6.069196667448555349e-01	6.069196667448555349e-01	5.992845438226950261e-01	6.069196667448555349e-01	6.069196667448555349e-01	6.196747335069699991e-01	6.069196667448555349e-01	5.984766792066450458e-01	6.069196667448555349e-01	5.737229698031740543e-01	6.069196667448555349e-01	6.069196667448555349e-01	6.069196667448555349e-01	6.069196667448555349e-01	6.069196667448555349e-01	6.069196667448555349e-01	6.069196667448555349e-01	6.069196667448555349e-01	6.069196667448555349e-01	6.069196667448555349e-01	6.069196667448555349e-01	6.069196667448555349e-01	6.069196667448555349e-01	6.069196667448555349e-01	6.069196667448555349e-01	6.069196667448555349e-01	6.069196667448555349e-01	6.069196667448555349e-01	6.069196667448555349e-01	6.069196667448555349e-01	5.962315829053500549e-01	6.019780578030780038e-01	5.706348813237720474e-01	5.516440855785790243e-01	5.696700524156460554e-01	6.069196667448555349e-01	6.069196667448555349e-01	6.198434231179680287e-01	6.069196667448555349e-01	6.069196667448555349e-01	6.069196667448555349e-01	6.069196667448555349e-01	6.069196667448555349e-01	6.069196667448555349e-01	6.068035213453639720e-01	6.069196667448555349e-01	6.294836764756459591e-01	6.069196667448555349e-01
6.069196667448555349e-01	6.549919059801000421e-01	6.069196667448555349e-01	5.558617071157869738e-01	6.069196667448555349e-01	6.069196667448555349e-01	6.069196667448555349e-01	6.069196667448555349e-01	6.069196667448555349e-01	6.069196667448555349e-01	6.069196667448555349e-01	1.000000000000000000e+00	6.069196667448555349e-01	6.069196667448555349e-01	6.069196667448555349e-01	6.069196667448555349e-01	5.839159561251440200e-01	5.110162890659359913e-01	6.069196667448555349e-01	6.978413651299000264e-01	6.069196667448555349e-01	6.069196667448555349e-01	6.069196667448555349e-01	5.778273570725209751e-01	6.069196667448555349e-01	6.069196667448555349e-01	5.387100646757749800e-01	6.069196667448555349e-01	5.701075748352210093e-01	6.069196667448555349e-01	6.069196667448555349e-01	6.069196667448555349e-01	6.069196667448555349e-01	6.069196667448555349e-01	5.776534541191370442e-01	6.069196667448555349e-01	6.069196667448555349e-01	6.069196667448555349e-01	5.755045893539699753e-01	6.069196667448555349e-01	5.976377851286589493e-01	6.069196667448555349e-01	6.069196667448555349e-01	6.069196667448555349e-01	6.069196667448555349e-01	6.028953515794109874e-01	6.069196667448555349e-01	6.069196667448555349e-01	6.069196667448555349e-01	6.069196667448555349e-01	6.069196667448555349e-01	6.167507892896919586e-01	5.830044634141640092e-01	6.069196667448555349e-01	6.299133797582689986e-01	6.069196667448555349e-01	6.069196667448555349e-01	6.069196667448555349e-01	6.069196667448555349e-01	6.069196667448555349e-01	6.069196667448555349e-01	6.069196667448555349e-01	6.870513425048679901e-01	6.069196667448555349e-01	5.415146434068770498e-01	6.069196667448555349e-01	6.069196667448555349e-01	6.247468146223269514e-01	6.069196667448555349e-01	6.069196667448555349e-01	6.069196667448555349e-01	6.069196667448555349e-01	6.069196667448555349e-01	6.069196667448555349e-01	6.069196667448555349e-01	6.337867492869440067e-01	7.086306321461339763e-01	6.069196667448555349e-01	6.069196667448555349e-01	5.740278689403980339e-01	6.069196667448555349e-01	6.069196667448555349e-01	6.069196667448555349e-01	6.188656306798030471e-01	6.069196667448555349e-01	6.069196667448555349e-01	6.458930948107469705e-01	6.298673785785520174e-01	6.069196667448555349e-01	6.093462811379020128e-01	6.069196667448555349e-01	6.069196667448555349e-01	5.753494927029280115e-01	6.069196667448555349e-01	6.069196667448555349e-01	6.246771429055839597e-01	6.069196667448555349e-01	6.069196667448555349e-01	6.069196667448555349e-01	6.964283680358640538e-01	6.069196667448555349e-01	6.069196667448555349e-01	6.069196667448555349e-01	6.069196667448555349e-01	6.069196667448555349e-01	6.069196667448555349e-01	6.573944352734709673e-01	6.069196667448555349e-01	5.455368054545589596e-01	6.069196667448555349e-01	6.069196667448555349e-01	6.069196667448555349e-01	6.053785949650739573e-01	6.069196667448555349e-01	6.069196667448555349e-01	6.665007187688529733e-01	6.069196667448555349e-01	6.069196667448555349e-01	6.747210370370859689e-01	6.069196667448555349e-01	6.069196667448555349e-01	7.132812962506139831e-01	6.069196667448555349e-01	6.069196667448555349e-01
