9.999999999999990008e-01	6.549255466898015188e-01	8.185061410891809608e-01	6.549255466898015188e-01	6.549255466898015188e-01	6.809980607195279534e-01	6.871563603598780379e-01	7.306343756215379903e-01	7.248013164861409896e-01	6.549255466898015188e-01	6.549255466898015188e-01	6.549255466898015188e-01	6.549255466898015188e-01	6.549255466898015188e-01	7.000711977285389853e-01	6.549255466898015188e-01	6.385702233984570375e-01	6.263558824545140125e-01	6.549255466898015188e-01	6.549255466898015188e-01	6.549255466898015188e-01	7.119781147843220470e-01	7.185009816164320551e-01	6.549255466898015188e-01	6.549255466898015188e-01	6.549255466898015188e-01	6.549255466898015188e-01	7.189394870151889494e-01	6.879654178523370023e-01	7.033776262916050515e-01	6.549255466898015188e-01	6.668676055993709717e-01	6.549255466898015188e-01	7.434257543257960510e-01	6.549255466898015188e-01	6.549255466898015188e-01	7.106909690651550537e-01	6.549255466898015188e-01	7.072009080219550103e-01	6.583683719630499809e-01	6.549255466898015188e-01	6.549255466898015188e-01	6.549255466898015188e-01	6.549255466898015188e-01	6.418417296617859868e-01	6.549255466898015188e-01	6.725669483272780358e-01	6.549255466898015188e-01	6.549255466898015188e-01	6.549255466898015188e-01	7.334082658689999867e-01	6.549255466898015188e-01	6.549255466898015188e-01	6.549255466898015188e-01	6.808926628782200341e-01	6.549255466898015188e-01	6.549255466898015188e-01	6.549255466898015188e-01	6.549255466898015188e-01	6.549255466898015188e-01	6.549255466898015188e-01	6.549255466898015188e-01	6.549255466898015188e-01	6.549255466898015188e-01	6.380959005013560059e-01	6.549255466898015188e-01	6.549255466898015188e-01	6.549255466898015188e-01	6.561684098866239490e-01	6.549255466898015188e-01	6.549255466898015188e-01	6.549255466898015188e-01	6.549255466898015188e-01	6.549255466898015188e-01	6.549255466898015188e-01	6.653670930856120380e-01	7.578932242642140160e-01	6.549255466898015188e-01	6.588748208655490490e-01	6.549255466898015188e-01	6.856848558094790214e-01	6.833157825898730220e-01	6.549255466898015188e-01	6.549255466898015188e-01	6.549255466898015188e-01	6.549255466898015188e-01	6.549255466898015188e-01	6.549255466898015188e-01	6.549255466898015188e-01	6.549255466898015188e-01	6.549255466898015188e-01	6.273639840452760463e-01	6.549255466898015188e-01	6.549255466898015188e-01	6.549255466898015188e-01	6.549255466898015188e-01	6.547941938920710525e-01	6.505890677863840343e-01	6.549255466898015188e-01	6.549255466898015188e-01	6.549255466898015188e-01	6.549255466898015188e-01	6.438597048132640444e-01	6.549255466898015188e-01	6.474715783174269657e-01	6.444839234428260122e-01	6.549255466898015188e-01	6.549255466898015188e-01	6.786993422202159953e-01	6.549255466898015188e-01	6.549255466898015188e-01	6.549255466898015188e-01	6.549255466898015188e-01	6.549255466898015188e-01	6.549255466898015188e-01	8.162564431068519699e-01	6.549255466898015188e-01	6.549255466898015188e-01	6.549255466898015188e-01	7.272201993424100008e-01	6.417383845317280455e-01	7.200970590900579449e-01	7.533145253528840124e-01	6.549255466898015188e-01
6.549255466898015188e-01	1.000000000000000000e+00	6.549255466898015188e-01	6.476418413257709616e-01	6.549255466898015188e-01	6.549255466898015188e-01	6.549255466898015188e-01	6.549255466898015188e-01	6.549255466898015188e-01	6.549255466898015188e-01	7.045032452873249973e-01	6.549255466898015188e-01	6.549255466898015188e-01	6.549255466898015188e-01	6.549255466898015188e-01	6.549255466898015188e-01	6.399893719452379726e-01	6.549255466898015188e-01	6.549255466898015188e-01	6.549255466898015188e-01	6.549255466898015188e-01	6.549255466898015188e-01	6.549255466898015188e-01	6.549255466898015188e-01	6.782780832753559919e-01	7.016140441816369755e-01	6.594150236917259988e-01	6.994690666177759697e-01	6.549255466898015188e-01	6.549255466898015188e-01	6.549255466898015188e-01	6.549255466898015188e-01	6.549255466898015188e-01	6.549255466898015188e-01	6.753584283102570529e-01	6.549255466898015188e-01	6.883582521038169588e-01	6.549255466898015188e-01	6.549255466898015188e-01	6.549255466898015188e-01	7.111388873456859772e-01	6.549255466898015188e-01	6.757346626593619954e-01	6.761186301245279973e-01	6.549255466898015188e-01	6.549255466898015188e-01	6.549255466898015188e-01	6.549255466898015188e-01	6.549255466898015188e-01	6.549255466898015188e-01	6.549255466898015188e-01	6.549255466898015188e-01	6.549255466898015188e-01	6.442425631584549617e-01	6.549255466898015188e-01	6.549255466898015188e-01	6.797327744763039803e-01	6.402615221650359567e-01	6.469766870973520101e-01	6.549255466898015188e-01	6.549255466898015188e-01	6.549255466898015188e-01	7.009452668320339530e-01	6.693423088324299552e-01	6.219792659692759962e-01	6.549255466898015188e-01	6.549255466898015188e-01	6.549255466898015188e-01	6.549255466898015188e-01	6.549255466898015188e-01	6.549255466898015188e-01	6.549255466898015188e-01	6.549255466898015188e-01	6.773484094394079946e-01	6.549255466898015188e-01	6.549095014148610394e-01	6.549255466898015188e-01	6.549255466898015188e-01	6.549255466898015188e-01	6.549255466898015188e-01	6.549255466898015188e-01	6.671536979669669964e-01	6.549255466898015188e-01	6.549255466898015188e-01	6.549255466898015188e-01	6.549255466898015188e-01	6.549255466898015188e-01	6.592156849254580120e-01	6.549255466898015188e-01	6.549255466898015188e-01	6.549255466898015188e-01	6.549255466898015188e-01	6.347909244586169564e-01	6.549255466898015188e-01	6.549255466898015188e-01	6.549255466898015188e-01	6.549255466898015188e-01	6.416878460222940062e-01	6.549255466898015188e-01	6.549255466898015188e-01	6.474366927288930373e-01	6.549255466898015188e-01	6.549255466898015188e-01	6.549255466898015188e-01	6.549255466898015188e-01	6.469297770072589548e-01	6.496124115728979520e-01	6.549255466898015188e-01	6.432327367637159510e-01	6.549255466898015188e-01	6.549255466898015188e-01	6.549255466898015188e-01	6.549255466898015188e-01	6.862828400119019845e-01	6.798193194322279531e-01	6.549255466898015188e-01	7.538004352034439748e-01	6.549255466898015188e-01	6.549255466898015188e-01	6.961619443764930359e-01	6.381643123998840261e-01	6.549255466898015188e-01	6.549255466898015188e-01	6.549255466898015188e-01
8.185061410891809608e-01	6.549255466898015188e-01	1.000000000000000000e+00	6.299935046366850200e-01	6.792024724294729587e-01	6.549255466898015188e-01	6.549255466898015188e-01	6.549255466898015188e-01	6.549255466898015188e-01	6.549255466898015188e-01	6.549255466898015188e-01	6.549255466898015188e-01	6.877195834211069503e-01	6.549255466898015188e-01	6.549255466898015188e-01	6.549255466898015188e-01	6.549255466898015188e-01	6.549255466898015188e-01	6.549255466898015188e-01	6.549255466898015188e-01	6.549255466898015188e-01	6.549255466898015188e-01	6.549255466898015188e-01	6.549255466898015188e-01	6.919742571141890286e-01	6.549255466898015188e-01	6.549255466898015188e-01	6.549255466898015188e-01	6.549255466898015188e-01	6.792242412745820301e-01	6.549255466898015188e-01	6.549255466898015188e-01	6.590625387464059681e-01	6.549255466898015188e-01	6.549255466898015188e-01	6.549255466898015188e-01	6.808173377199370213e-01	6.549255466898015188e-01	6.549255466898015188e-01	6.734152717794309462e-01	6.549255466898015188e-01	6.376972157723730383e-01	6.549255466898015188e-01	6.600806987954469518e-01	6.357697172156570042e-01	6.549255466898015188e-01	6.549255466898015188e-01	6.549255466898015188e-01	7.064822320056529659e-01	6.549255466898015188e-01	7.122542394204139926e-01	6.549255466898015188e-01	6.549255466898015188e-01	6.549255466898015188e-01	6.549255466898015188e-01	6.549255466898015188e-01	6.549255466898015188e-01	6.431487293420850015e-01	6.544398889702589539e-01	6.549255466898015188e-01	6.773814333065300008e-01	6.595741353969399867e-01	7.069426208932110267e-01	6.428257460437689641e-01	6.354338830659399528e-01	6.890352222782819558e-01	6.549255466898015188e-01	6.549255466898015188e-01	6.549255466898015188e-01	6.549255466898015188e-01	6.444304955398639789e-01	6.773799602594600122e-01	6.549255466898015188e-01	6.989572779258580448e-01	6.351830736769720209e-01	6.549255466898015188e-01	6.549255466898015188e-01	6.549255466898015188e-01	6.549255466898015188e-01	6.549255466898015188e-01	6.570116543399969755e-01	6.583475033699139889e-01	6.549255466898015188e-01	6.549255466898015188e-01	6.450432670364260046e-01	6.549255466898015188e-01	6.549255466898015188e-01	6.549255466898015188e-01	6.549255466898015188e-01	6.549255466898015188e-01	6.549255466898015188e-01	6.265345454497249778e-01	6.549255466898015188e-01	5.898377137155500494e-01	6.549255466898015188e-01	6.549255466898015188e-01	6.549255466898015188e-01	6.549255466898015188e-01	6.549255466898015188e-01	6.650863127027729638e-01	6.549255466898015188e-01	6.549255466898015188e-01	6.549255466898015188e-01	6.246997675346940282e-01	6.549255466898015188e-01	6.549255466898015188e-01	6.549255466898015188e-01	6.549255466898015188e-01	6.549255466898015188e-01	6.315178614638989885e-01	6.915379144748270424e-01	7.017899202857760255e-01	6.549255466898015188e-01	7.016320105051819800e-01	7.062537425760160303e-01	6.549255466898015188e-01	6.549255466898015188e-01	6.549255466898015188e-01	6.549255466898015188e-01	6.549255466898015188e-01	6.406068076643269826e-01	6.549255466898015188e-01	7.120751421587789842e-01	7.106795882554800547e-01
6.549255466898015188e-01	6.476418413257709616e-01	6.299935046366850200e-01	9.999999999999980016e-01	6.549255466898015188e-01	6.549255466898015188e-01	6.026949621474619878e-01	6.549255466898015188e-01	6.549255466898015188e-01	6.549255466898015188e-01	6.549255466898015188e-01	6.549255466898015188e-01	6.549255466898015188e-01	6.549255466898015188e-01	6.549255466898015188e-01	6.549255466898015188e-01	6.549255466898015188e-01	6.549255466898015188e-01	6.944435962719900379e-01	6.549255466898015188e-01	6.549255466898015188e-01	6.549255466898015188e-01	6.549255466898015188e-01	6.793941103948699656e-01	6.549255466898015188e-01	6.549255466898015188e-01	6.549255466898015188e-01	6.549255466898015188e-01	6.549255466898015188e-01	6.783570820790719713e-01	6.549255466898015188e-01	6.549255466898015188e-01	6.549255466898015188e-01	6.549255466898015188e-01	6.549255466898015188e-01	6.549255466898015188e-01	6.775610912422039833e-01	6.236696936247539957e-01	6.549255466898015188e-01	6.549255466898015188e-01	6.549255466898015188e-01	6.549255466898015188e-01	6.358441253975379848e-01	6.440915615191820098e-01	6.412048494259620091e-01	6.549255466898015188e-01	6.549255466898015188e-01	6.169775425461110352e-01	6.549255466898015188e-01	6.549255466898015188e-01	6.549255466898015188e-01	6.581916063476129786e-01	6.549255466898015188e-01	6.549255466898015188e-01	6.155896702810740306e-01	6.408556716808040399e-01	6.549255466898015188e-01	6.227366867630600433e-01	6.549255466898015188e-01	6.549255466898015188e-01	6.380560693608460232e-01	6.549255466898015188e-01	6.549255466898015188e-01	6.350714287205909692e-01	6.549255466898015188e-01	6.549255466898015188e-01	6.600494304698389936e-01	6.549255466898015188e-01	6.549255466898015188e-01	6.116434466959349558e-01	6.259474969795839616e-01	6.226267641137620545e-01	6.105226373676949647e-01	6.549255466898015188e-01	6.549255466898015188e-01	6.549255466898015188e-01	6.325153316352869481e-01	6.549255466898015188e-01	6.331613792623159709e-01	6.263503283904460206e-01	6.549255466898015188e-01	5.698061725565359836e-01	6.549255466898015188e-01	6.549255466898015188e-01	6.549255466898015188e-01	6.549255466898015188e-01	6.454443389916759699e-01	6.549255466898015188e-01	6.549255466898015188e-01	6.549255466898015188e-01	6.613899317319580362e-01	6.549255466898015188e-01	6.549255466898015188e-01	6.549255466898015188e-01	5.714523486875680014e-01	6.549255466898015188e-01	6.549255466898015188e-01	6.549255466898015188e-01	6.549255466898015188e-01	6.549255466898015188e-01	6.549255466898015188e-01	6.126202950429150418e-01	6.549255466898015188e-01	6.574900802036609537e-01	6.549255466898015188e-01	6.549255466898015188e-01	6.549255466898015188e-01	6.163922142559019601e-01	6.549255466898015188e-01	6.549255466898015188e-01	6.549255466898015188e-01	6.549255466898015188e-01	6.684697080971200300e-01	6.549255466898015188e-01	6.549255466898015188e-01	6.558155008134509689e-01	6.549255466898015188e-01	6.549255466898015188e-01	6.549255466898015188e-01	6.549255466898015188e-01	6.549255466898015188e-01	6.549255466898015188e-01	6.278822422883969523e-01	6.446033138503830529e-01
6.549255466898015188e-01	6.549255466898015188e-01	6.792024724294729587e-01	6.549255466898015188e-01	9.999999999999980016e-01	6.549255466898015188e-01	7.772437840436650092e-01	6.549255466898015188e-01	6.549255466898015188e-01	6.549255466898015188e-01	6.549255466898015188e-01	6.549255466898015188e-01	6.549255466898015188e-01	6.549255466898015188e-01	6.549255466898015188e-01	6.549255466898015188e-01	6.549255466898015188e-01	6.549255466898015188e-01	6.549255466898015188e-01	6.549255466898015188e-01	6.549255466898015188e-01	6.549255466898015188e-01	6.549255466898015188e-01	6.315592759110959520e-01	7.140940679340830322e-01	6.549255466898015188e-01	6.549255466898015188e-01	6.549255466898015188e-01	6.213821606883179749e-01	6.549255466898015188e-01	6.549255466898015188e-01	6.549255466898015188e-01	6.549255466898015188e-01	6.546828851339909772e-01	6.378259422697070136e-01	5.938174281145529587e-01	6.549255466898015188e-01	6.549255466898015188e-01	6.549255466898015188e-01	6.549255466898015188e-01	6.549255466898015188e-01	6.549255466898015188e-01	6.549255466898015188e-01	6.549255466898015188e-01	6.549255466898015188e-01	6.549255466898015188e-01	6.549255466898015188e-01	6.549255466898015188e-01	6.575555157811010520e-01	6.549255466898015188e-01	6.549255466898015188e-01	6.549255466898015188e-01	6.549255466898015188e-01	6.549255466898015188e-01	6.803065941020619567e-01	6.549255466898015188e-01	6.549255466898015188e-01	6.082940405378030047e-01	6.215523670683410495e-01	6.549255466898015188e-01	6.623317383636609934e-01	6.279013088538909493e-01	6.549255466898015188e-01	6.549255466898015188e-01	5.991123699385010326e-01	6.549255466898015188e-01	6.170090006972099861e-01	6.549255466898015188e-01	6.549255466898015188e-01	6.848590559273940448e-01	6.549255466898015188e-01	6.549255466898015188e-01	6.364005666132439565e-01	6.549255466898015188e-01	6.334229310390979695e-01	6.549255466898015188e-01	6.549255466898015188e-01	6.370283570300919740e-01	6.758960495450549999e-01	6.549255466898015188e-01	6.549255466898015188e-01	6.549255466898015188e-01	6.254313306473320289e-01	6.549255466898015188e-01	6.350873570154670356e-01	6.549255466898015188e-01	6.549255466898015188e-01	6.549255466898015188e-01	6.549255466898015188e-01	6.421823155578220144e-01	6.549255466898015188e-01	6.549255466898015188e-01	6.250798733952369624e-01	6.549255466898015188e-01	6.549255466898015188e-01	6.549255466898015188e-01	6.549255466898015188e-01	6.607359084921089476e-01	6.549255466898015188e-01	6.549255466898015188e-01	6.549255466898015188e-01	6.549255466898015188e-01	6.549255466898015188e-01	6.549255466898015188e-01	6.549255466898015188e-01	6.549255466898015188e-01	6.549255466898015188e-01	6.549255466898015188e-01	6.549255466898015188e-01	6.069899195353489763e-01	6.549255466898015188e-01	6.549255466898015188e-01	6.549255466898015188e-01	6.549255466898015188e-01	6.549255466898015188e-01	7.143629446125200344e-01	6.549255466898015188e-01	6.549255466898015188e-01	6.549255466898015188e-01	6.549255466898015188e-01	6.849110703602480088e-01	6.549255466898015188e-01	6.549255466898015188e-01	6.549255466898015188e-01
6.809980607195279534e-01	6.549255466898015188e-01	6.549255466898015188e-01	6.549255466898015188e-01	6.549255466898015188e-01	9.999999999999980016e-01	6.822719357503550519e-01	6.549255466898015188e-01	6.549255466898015188e-01	6.426395934741050420e-01	6.832696985185859884e-01	6.549255466898015188e-01	6.549255466898015188e-01	6.549255466898015188e-01	6.357503805118059903e-01	6.549255466898015188e-01	6.647582059326899717e-01	5.745710915053939827e-01	6.549255466898015188e-01	6.549255466898015188e-01	6.549255466898015188e-01	6.216519262296880122e-01	6.549255466898015188e-01	6.549255466898015188e-01	6.549255466898015188e-01	6.778564823477060131e-01	5.870663439458360111e-01	6.302052903054380373e-01	6.549255466898015188e-01	6.549255466898015188e-01	6.549255466898015188e-01	6.549255466898015188e-01	5.894810692335910041e-01	6.988284596346749922e-01	6.549255466898015188e-01	6.104708628213389998e-01	6.549255466898015188e-01	6.549255466898015188e-01	6.549255466898015188e-01	6.549255466898015188e-01	6.549255466898015188e-01	6.549255466898015188e-01	6.549255466898015188e-01	6.549255466898015188e-01	5.779068984108479690e-01	6.280632566099839664e-01	6.549255466898015188e-01	6.549255466898015188e-01	6.767138796867590012e-01	6.549255466898015188e-01	6.549255466898015188e-01	7.138945806134689986e-01	6.549255466898015188e-01	6.549255466898015188e-01	6.549255466898015188e-01	6.549255466898015188e-01	6.692465278532240269e-01	6.549255466898015188e-01	6.549255466898015188e-01	6.549255466898015188e-01	6.549255466898015188e-01	6.549255466898015188e-01	6.549255466898015188e-01	6.549255466898015188e-01	6.549255466898015188e-01	6.945677735542149511e-01	6.549255466898015188e-01	6.699781013623880010e-01	6.549255466898015188e-01	6.549255466898015188e-01	6.549255466898015188e-01	6.549255466898015188e-01	6.549255466898015188e-01	6.549255466898015188e-01	6.486175741314960108e-01	6.549255466898015188e-01	6.549255466898015188e-01	6.549255466898015188e-01	6.549255466898015188e-01	6.549255466898015188e-01	6.832617718801220486e-01	6.549255466898015188e-01	5.944772205444289748e-01	6.549255466898015188e-01	5.902456686821899723e-01	6.635461267299850308e-01	6.549255466898015188e-01	7.104075480276480503e-01	6.930596388739780345e-01	6.549255466898015188e-01	6.549255466898015188e-01	6.739739716871110398e-01	6.549255466898015188e-01	6.549255466898015188e-01	6.549255466898015188e-01	6.549255466898015188e-01	7.065692014195239512e-01	6.549255466898015188e-01	6.549255466898015188e-01	6.549255466898015188e-01	6.876864431771030350e-01	6.549255466898015188e-01	6.549255466898015188e-01	6.549255466898015188e-01	6.549255466898015188e-01	6.549255466898015188e-01	6.549255466898015188e-01	6.549255466898015188e-01	6.549255466898015188e-01	6.549255466898015188e-01	6.549255466898015188e-01	6.549255466898015188e-01	6.549255466898015188e-01	6.549255466898015188e-01	6.549255466898015188e-01	6.549255466898015188e-01	6.549255466898015188e-01	6.549255466898015188e-01	6.827659791555690250e-01	6.495610289163189499e-01	6.549255466898015188e-01	6.549255466898015188e-01	6.549255466898015188e-01	6.577914781265800093e-01
6.871563603598780379e-01	6.549255466898015188e-01	6.549255466898015188e-01	6.026949621474619878e-01	7.772437840436650092e-01	6.822719357503550519e-01	9.999999999999990008e-01	6.549255466898015188e-01	7.308190037720440069e-01	6.549255466898015188e-01	6.549255466898015188e-01	6.549255466898015188e-01	6.833235152905090537e-01	6.549255466898015188e-01	6.549255466898015188e-01	6.549255466898015188e-01	6.549255466898015188e-01	6.549255466898015188e-01	6.022856628546690017e-01	6.549255466898015188e-01	6.356625150698830273e-01	6.549255466898015188e-01	6.549255466898015188e-01	6.323515969006440196e-01	7.223667535680869944e-01	6.549255466898015188e-01	6.549255466898015188e-01	6.833183091281319621e-01	6.091473312102410054e-01	6.549255466898015188e-01	6.380103954383929965e-01	6.056458581661570140e-01	5.723470010402780250e-01	6.549255466898015188e-01	6.298424858083729871e-01	6.549255466898015188e-01	6.549255466898015188e-01	6.131908821853859770e-01	6.549255466898015188e-01	6.549255466898015188e-01	6.549255466898015188e-01	7.503989776076660512e-01	6.549255466898015188e-01	6.701130853376290331e-01	6.549255466898015188e-01	6.549255466898015188e-01	6.549255466898015188e-01	6.722801050674129808e-01	6.549255466898015188e-01	6.549255466898015188e-01	6.549255466898015188e-01	6.549255466898015188e-01	6.549255466898015188e-01	6.505610805983219613e-01	6.549255466898015188e-01	6.496023215630649661e-01	6.549255466898015188e-01	6.549255466898015188e-01	6.549255466898015188e-01	6.194295709905750513e-01	6.549255466898015188e-01	6.549255466898015188e-01	7.136993356501839525e-01	6.589756883763140394e-01	6.549255466898015188e-01	6.549255466898015188e-01	6.549255466898015188e-01	6.549255466898015188e-01	6.549255466898015188e-01	6.549255466898015188e-01	6.549255466898015188e-01	6.549255466898015188e-01	6.272718893350199831e-01	6.549255466898015188e-01	6.337358144294390483e-01	6.549255466898015188e-01	6.549255466898015188e-01	6.493275490395079563e-01	6.549255466898015188e-01	6.298362469396220353e-01	6.549255466898015188e-01	6.549255466898015188e-01	6.549255466898015188e-01	6.549255466898015188e-01	6.549255466898015188e-01	6.549255466898015188e-01	6.549255466898015188e-01	6.549255466898015188e-01	6.549255466898015188e-01	6.486613070019130456e-01	6.549255466898015188e-01	6.542139340498129840e-01	6.549255466898015188e-01	6.549255466898015188e-01	6.549255466898015188e-01	6.549255466898015188e-01	6.549255466898015188e-01	6.549255466898015188e-01	6.570062037754600404e-01	6.549255466898015188e-01	7.154109236884710343e-01	6.549255466898015188e-01	6.474594573143590548e-01	6.549255466898015188e-01	6.653730027428680360e-01	6.549255466898015188e-01	6.691476826010189782e-01	6.549255466898015188e-01	6.549255466898015188e-01	5.971709767320869666e-01	6.549255466898015188e-01	6.549255466898015188e-01	6.549255466898015188e-01	6.549255466898015188e-01	6.549255466898015188e-01	6.549255466898015188e-01	6.549255466898015188e-01	6.549255466898015188e-01	6.549255466898015188e-01	6.549255466898015188e-01	6.878316250186139458e-01	6.549255466898015188e-01	6.549255466898015188e-01	6.999414810290780498e-01
7.306343756215379903e-01	6.549255466898015188e-01	6.549255466898015188e-01	6.549255466898015188e-01	6.549255466898015188e-01	6.549255466898015188e-01	6.549255466898015188e-01	1.000000000000000000e+00	6.549255466898015188e-01	6.549255466898015188e-01	6.829559120011360340e-01	7.139963033549110438e-01	6.549255466898015188e-01	6.549255466898015188e-01	6.860003863169320537e-01	6.549255466898015188e-01	6.170641055968180133e-01	6.549255466898015188e-01	6.266214083535780466e-01	6.549255466898015188e-01	6.549255466898015188e-01	6.549255466898015188e-01	7.564944738580610117e-01	6.549255466898015188e-01	6.549255466898015188e-01	6.549255466898015188e-01	6.421009918557499807e-01	6.549255466898015188e-01	6.549255466898015188e-01	6.549255466898015188e-01	6.549255466898015188e-01	6.549255466898015188e-01	6.549255466898015188e-01	6.549255466898015188e-01	6.549255466898015188e-01	6.549255466898015188e-01	6.549255466898015188e-01	6.671760632177119454e-01	6.549255466898015188e-01	6.549255466898015188e-01	6.831411105583899968e-01	6.549255466898015188e-01	6.783647432753210360e-01	6.389394373919250469e-01	6.549255466898015188e-01	6.549255466898015188e-01	6.549255466898015188e-01	6.549255466898015188e-01	6.602341305803219873e-01	6.549255466898015188e-01	6.549255466898015188e-01	6.185964023948159474e-01	6.549255466898015188e-01	6.549255466898015188e-01	6.549255466898015188e-01	6.549255466898015188e-01	6.549255466898015188e-01	6.549255466898015188e-01	6.294709131640600086e-01	6.549255466898015188e-01	6.549255466898015188e-01	6.549255466898015188e-01	6.549255466898015188e-01	6.549255466898015188e-01	6.549255466898015188e-01	6.657169097270669855e-01	6.549255466898015188e-01	6.549255466898015188e-01	6.549255466898015188e-01	6.432239071432489519e-01	6.245552398969830277e-01	6.765065368879770169e-01	6.549255466898015188e-01	6.549255466898015188e-01	6.549255466898015188e-01	6.404919551535820377e-01	6.549255466898015188e-01	6.549255466898015188e-01	6.549255466898015188e-01	6.549255466898015188e-01	6.549255466898015188e-01	6.549255466898015188e-01	6.549255466898015188e-01	6.549255466898015188e-01	6.549255466898015188e-01	6.549255466898015188e-01	6.549255466898015188e-01	6.383609399634979642e-01	7.405854679102069626e-01	6.336543830657880294e-01	6.549255466898015188e-01	6.549255466898015188e-01	5.803240508799110131e-01	6.549255466898015188e-01	6.549255466898015188e-01	6.549255466898015188e-01	6.549255466898015188e-01	6.549255466898015188e-01	6.217610133187839727e-01	6.549255466898015188e-01	6.549255466898015188e-01	6.549255466898015188e-01	6.549255466898015188e-01	6.549255466898015188e-01	6.311645772258900333e-01	6.549255466898015188e-01	6.549255466898015188e-01	6.549255466898015188e-01	6.549255466898015188e-01	6.319579438806719462e-01	6.549255466898015188e-01	6.881951623738049584e-01	6.549255466898015188e-01	6.549255466898015188e-01	6.549255466898015188e-01	7.136812347449249527e-01	6.549255466898015188e-01	6.549255466898015188e-01	6.549255466898015188e-01	7.089915432183799826e-01	6.172751381407419746e-01	6.549255466898015188e-01	6.549255466898015188e-01	6.549255466898015188e-01
7.248013164861409896e-01	6.549255466898015188e-01	6.549255466898015188e-01	6.549255466898015188e-01	6.549255466898015188e-01	6.549255466898015188e-01	7.308190037720440069e-01	6.549255466898015188e-01	1.000000000000000000e+00	7.343528234844830527e-01	6.717711670317250139e-01	6.549255466898015188e-01	6.584361384488459645e-01	5.905110501845020066e-01	6.549255466898015188e-01	6.549255466898015188e-01	6.549255466898015188e-01	6.549255466898015188e-01	6.549255466898015188e-01	6.898800667377830154e-01	6.549255466898015188e-01	6.549255466898015188e-01	6.549255466898015188e-01	6.863025615515599975e-01	6.549255466898015188e-01	6.549255466898015188e-01	6.549255466898015188e-01	7.539117724525520314e-01	6.549255466898015188e-01	6.549255466898015188e-01	6.549255466898015188e-01	6.159930223825089701e-01	6.549255466898015188e-01	6.549255466898015188e-01	6.549255466898015188e-01	6.307028392668130312e-01	6.549255466898015188e-01	6.549255466898015188e-01	6.623613873939090402e-01	6.549255466898015188e-01	6.549255466898015188e-01	6.549255466898015188e-01	6.549255466898015188e-01	6.549255466898015188e-01	6.549255466898015188e-01	6.549255466898015188e-01	6.549255466898015188e-01	6.549255466898015188e-01	6.780300914618709873e-01	6.549255466898015188e-01	6.549255466898015188e-01	6.549255466898015188e-01	6.549255466898015188e-01	6.549255466898015188e-01	6.549255466898015188e-01	6.549255466898015188e-01	6.549255466898015188e-01	6.549255466898015188e-01	6.549255466898015188e-01	6.364381672300130077e-01	6.681775041425800366e-01	6.549255466898015188e-01	6.549255466898015188e-01	6.441032912570210378e-01	6.549255466898015188e-01	6.549255466898015188e-01	6.748896023814699996e-01	6.549255466898015188e-01	6.549255466898015188e-01	6.549255466898015188e-01	6.549255466898015188e-01	6.549255466898015188e-01	6.549255466898015188e-01	6.549255466898015188e-01	6.277991514841170240e-01	6.549255466898015188e-01	7.162407051228919519e-01	6.275587857359320454e-01	6.532984681897350265e-01	6.367124599986879740e-01	6.549255466898015188e-01	6.549255466898015188e-01	6.357267404662150234e-01	6.549255466898015188e-01	6.549255466898015188e-01	6.549255466898015188e-01	6.549255466898015188e-01	6.496700741021650405e-01	6.549255466898015188e-01	6.549255466898015188e-01	6.549255466898015188e-01	6.549255466898015188e-01	6.549255466898015188e-01	6.549255466898015188e-01	6.549255466898015188e-01	6.549255466898015188e-01	6.549255466898015188e-01	6.549255466898015188e-01	6.549255466898015188e-01	6.549255466898015188e-01	6.549255466898015188e-01	6.549255466898015188e-01	6.049848378708320151e-01	6.549255466898015188e-01	6.223723438114350248e-01	6.549255466898015188e-01	6.549255466898015188e-01	6.479252428542230380e-01	6.549255466898015188e-01	6.549255466898015188e-01	6.549255466898015188e-01	6.549255466898015188e-01	6.752798054812360062e-01	6.563142319346489950e-01	6.549255466898015188e-01	7.073311819617850160e-01	6.549255466898015188e-01	6.549255466898015188e-01	6.549255466898015188e-01	6.549255466898015188e-01	6.549255466898015188e-01	6.549255466898015188e-01	6.549255466898015188e-01	6.549255466898015188e-01
6.549255466898015188e-01	6.549255466898015188e-01	6.549255466898015188e-01	6.549255466898015188e-01	6.549255466898015188e-01	6.426395934741050420e-01	6.549255466898015188e-01	6.549255466898015188e-01	7.343528234844830527e-01	1.000000000000000000e+00	6.549255466898015188e-01	6.968772865917159942e-01	6.569518586957100448e-01	5.967541256586760268e-01	6.847197629938800434e-01	6.549255466898015188e-01	6.549255466898015188e-01	6.549255466898015188e-01	6.549255466898015188e-01	6.549255466898015188e-01	6.173468092146210395e-01	6.549255466898015188e-01	6.549255466898015188e-01	6.549255466898015188e-01	6.549255466898015188e-01	6.549255466898015188e-01	6.690917354938139550e-01	6.549255466898015188e-01	6.549255466898015188e-01	6.549255466898015188e-01	7.052326714825749576e-01	6.290636587633290366e-01	6.311645687743120403e-01	6.549255466898015188e-01	6.549255466898015188e-01	6.549255466898015188e-01	6.549255466898015188e-01	6.549255466898015188e-01	6.549255466898015188e-01	6.549255466898015188e-01	6.549255466898015188e-01	6.549255466898015188e-01	6.715634322433079451e-01	6.407644791417530516e-01	6.549255466898015188e-01	6.549255466898015188e-01	6.243562422195190198e-01	6.549255466898015188e-01	6.745820639418760312e-01	6.549255466898015188e-01	7.012980246667820383e-01	6.205419756584139579e-01	6.549255466898015188e-01	6.235298448916239966e-01	6.507249950221629664e-01	6.549255466898015188e-01	6.549255466898015188e-01	6.549255466898015188e-01	6.549255466898015188e-01	6.549255466898015188e-01	6.549255466898015188e-01	6.439131330831929789e-01	6.984755085243640194e-01	6.549255466898015188e-01	6.549255466898015188e-01	6.549255466898015188e-01	6.549255466898015188e-01	6.549255466898015188e-01	6.549255466898015188e-01	6.549255466898015188e-01	6.549255466898015188e-01	6.549255466898015188e-01	6.549255466898015188e-01	6.549255466898015188e-01	6.549255466898015188e-01	6.549255466898015188e-01	6.549255466898015188e-01	6.549255466898015188e-01	6.549255466898015188e-01	6.549255466898015188e-01	6.549255466898015188e-01	6.549255466898015188e-01	6.549255466898015188e-01	6.892128877560600442e-01	6.683248646362830447e-01	6.549255466898015188e-01	6.549255466898015188e-01	6.213363584138940077e-01	6.549255466898015188e-01	6.549255466898015188e-01	6.703395291900720032e-01	6.137033073331490396e-01	6.549255466898015188e-01	6.549255466898015188e-01	6.549255466898015188e-01	6.549255466898015188e-01	6.549255466898015188e-01	6.549255466898015188e-01	6.549255466898015188e-01	6.549255466898015188e-01	6.549255466898015188e-01	6.549255466898015188e-01	6.241426432487759968e-01	6.549255466898015188e-01	6.549255466898015188e-01	6.089524580982069724e-01	6.549255466898015188e-01	6.549255466898015188e-01	6.549255466898015188e-01	6.549255466898015188e-01	6.549255466898015188e-01	6.549255466898015188e-01	6.419712950657889827e-01	6.549255466898015188e-01	6.549255466898015188e-01	6.549255466898015188e-01	6.924468733397259879e-01	6.549255466898015188e-01	6.549255466898015188e-01	6.549255466898015188e-01	6.111199440225060231e-01	6.549255466898015188e-01	6.549255466898015188e-01	6.549255466898015188e-01
6.549255466898015188e-01	7.045032452873249973e-01	6.549255466898015188e-01	6.549255466898015188e-01	6.549255466898015188e-01	6.832696985185859884e-01	6.549255466898015188e-01	6.829559120011360340e-01	6.717711670317250139e-01	6.549255466898015188e-01	1.000000000000000000e+00	6.549255466898015188e-01	6.872990918287249507e-01	6.549255466898015188e-01	6.552287370770779606e-01	6.549255466898015188e-01	6.549255466898015188e-01	5.859156928141450171e-01	6.549255466898015188e-01	6.549255466898015188e-01	6.549255466898015188e-01	6.549255466898015188e-01	6.549255466898015188e-01	6.549255466898015188e-01	6.549255466898015188e-01	6.549255466898015188e-01	6.549255466898015188e-01	6.784292138270939798e-01	6.549255466898015188e-01	6.549255466898015188e-01	6.549255466898015188e-01	6.549255466898015188e-01	6.549255466898015188e-01	6.549255466898015188e-01	6.549255466898015188e-01	6.549255466898015188e-01	6.549255466898015188e-01	6.549255466898015188e-01	6.549255466898015188e-01	6.549255466898015188e-01	6.549255466898015188e-01	6.568784352127590154e-01	6.549255466898015188e-01	6.549255466898015188e-01	6.549255466898015188e-01	6.486107211441609621e-01	6.549255466898015188e-01	6.549255466898015188e-01	6.549255466898015188e-01	6.630371429024090046e-01	6.549255466898015188e-01	6.549255466898015188e-01	6.549255466898015188e-01	6.549255466898015188e-01	6.549255466898015188e-01	6.549255466898015188e-01	6.549255466898015188e-01	6.549255466898015188e-01	6.270535216907739962e-01	6.549255466898015188e-01	6.563364171476829823e-01	6.700716933967569844e-01	6.992998411090860511e-01	6.549255466898015188e-01	6.549255466898015188e-01	6.549255466898015188e-01	6.257946169643670009e-01	6.549255466898015188e-01	6.511702591023950104e-01	6.623917506034560088e-01	6.549255466898015188e-01	6.549255466898015188e-01	6.549255466898015188e-01	6.549255466898015188e-01	6.549255466898015188e-01	6.760851204268589765e-01	6.987426420658470194e-01	6.549255466898015188e-01	6.549255466898015188e-01	6.549255466898015188e-01	6.549255466898015188e-01	6.665727131203950107e-01	6.549255466898015188e-01	6.471954109196560445e-01	6.402051762217280118e-01	6.549255466898015188e-01	6.549255466898015188e-01	6.549255466898015188e-01	6.549255466898015188e-01	6.640168600983720193e-01	6.549255466898015188e-01	6.549255466898015188e-01	6.549255466898015188e-01	5.764016494577739458e-01	6.040894235651439459e-01	6.549255466898015188e-01	6.549255466898015188e-01	6.549255466898015188e-01	6.549255466898015188e-01	6.549255466898015188e-01	6.590233876098029464e-01	6.549255466898015188e-01	6.512858706171029688e-01	6.549255466898015188e-01	6.549255466898015188e-01	6.549255466898015188e-01	6.549255466898015188e-01	6.549255466898015188e-01	6.549255466898015188e-01	6.549255466898015188e-01	6.206940177867550368e-01	6.549255466898015188e-01	6.549255466898015188e-01	6.549255466898015188e-01	6.473687991419779797e-01	6.549255466898015188e-01	6.549255466898015188e-01	6.549255466898015188e-01	6.549255466898015188e-01	6.549255466898015188e-01	6.548193193170790405e-01	6.549255466898015188e-01	6.755047872724270208e-01	6.549255466898015188e-01
6.549255466898015188e-01	6.549255466898015188e-01	6.549255466898015188e-01	6.549255466898015188e-01	6.549255466898015188e-01	6.549255466898015188e-01	6.549255466898015188e-01	7.139963033549110438e-01	6.549255466898015188e-01	6.968772865917159942e-01	6.549255466898015188e-01	1.000000000000000000e+00	6.549255466898015188e-01	6.549255466898015188e-01	6.549255466898015188e-01	6.340221925223950006e-01	6.338248104386730031e-01	6.549255466898015188e-01	6.549255466898015188e-01	6.549255466898015188e-01	6.549255466898015188e-01	6.549255466898015188e-01	6.549255466898015188e-01	6.549255466898015188e-01	6.859397444254170528e-01	7.334635476363779993e-01	6.549255466898015188e-01	6.711659680454209465e-01	6.549255466898015188e-01	6.549255466898015188e-01	6.549255466898015188e-01	6.549255466898015188e-01	5.741318791052150150e-01	6.549255466898015188e-01	6.549255466898015188e-01	6.549255466898015188e-01	6.299193149568850236e-01	6.549255466898015188e-01	6.549255466898015188e-01	6.549255466898015188e-01	6.549255466898015188e-01	6.549255466898015188e-01	6.549255466898015188e-01	6.549255466898015188e-01	6.549255466898015188e-01	6.549255466898015188e-01	6.549255466898015188e-01	6.549255466898015188e-01	6.549255466898015188e-01	6.549255466898015188e-01	6.549255466898015188e-01	6.549255466898015188e-01	6.549255466898015188e-01	6.545874327066809606e-01	6.758955899719260030e-01	6.549255466898015188e-01	6.549255466898015188e-01	5.974319427267780203e-01	6.549255466898015188e-01	6.549255466898015188e-01	6.856644736306759524e-01	6.293018728354510261e-01	6.549255466898015188e-01	6.549255466898015188e-01	5.945935469313919919e-01	6.549255466898015188e-01	6.549255466898015188e-01	6.549255466898015188e-01	6.405862526605029528e-01	6.549255466898015188e-01	6.749910763604619612e-01	6.549255466898015188e-01	6.549255466898015188e-01	6.549255466898015188e-01	6.549255466898015188e-01	6.549255466898015188e-01	6.549255466898015188e-01	6.549255466898015188e-01	6.549255466898015188e-01	6.247159807446700519e-01	7.599161391711339864e-01	6.549255466898015188e-01	6.549255466898015188e-01	6.549255466898015188e-01	6.203154110094509788e-01	6.549255466898015188e-01	6.549255466898015188e-01	6.549255466898015188e-01	7.281578994456420206e-01	6.549255466898015188e-01	6.549255466898015188e-01	6.549255466898015188e-01	6.549255466898015188e-01	6.549255466898015188e-01	6.549255466898015188e-01	6.549255466898015188e-01	6.947839554653290062e-01	6.599799228484829472e-01	6.771994053765749699e-01	7.359177309289980373e-01	7.140931019496560284e-01	6.549255466898015188e-01	6.549255466898015188e-01	6.549255466898015188e-01	6.936148902776709813e-01	6.604113632522859989e-01	7.008057687918090028e-01	6.231466728366490404e-01	6.549255466898015188e-01	6.549255466898015188e-01	6.549255466898015188e-01	6.502165634635509450e-01	6.549255466898015188e-01	6.549255466898015188e-01	6.733318464885249544e-01	6.549255466898015188e-01	6.549255466898015188e-01	6.549255466898015188e-01	6.549255466898015188e-01	6.549255466898015188e-01	7.293689094229579561e-01	6.549255466898015188e-01	7.088952353557329555e-01	7.364608888703230161e-01
