1.000000000000000000e+00	8.623440605333945186e-01	8.623440605333945186e-01	8.623440605333945186e-01	8.623440605333945186e-01	8.623440605333945186e-01	8.802841976919200118e-01	8.582467235089680235e-01	8.623440605333945186e-01	8.623440605333945186e-01	9.098105195694750069e-01	9.122186889543779653e-01	9.218844709949489680e-01	8.623440605333945186e-01	8.616477378611060445e-01	8.623440605333945186e-01	8.623440605333945186e-01	8.623440605333945186e-01	9.304423675962240070e-01	8.623440605333945186e-01	8.623440605333945186e-01	8.623440605333945186e-01	8.927158971997709580e-01	9.307052826896150544e-01	8.623440605333945186e-01	8.623440605333945186e-01	8.623440605333945186e-01	8.623440605333945186e-01	8.623440605333945186e-01	8.807921071603189711e-01	8.623440605333945186e-01	8.623440605333945186e-01	8.623440605333945186e-01	8.623440605333945186e-01	8.623440605333945186e-01	8.623440605333945186e-01	8.623440605333945186e-01	8.623440605333945186e-01	8.623440605333945186e-01	8.623440605333945186e-01	8.623440605333945186e-01	8.842758871411909860e-01	8.955878611535580403e-01	6.820944763919120080e-01	8.346063240089639512e-01	8.623440605333945186e-01	8.623440605333945186e-01	8.623440605333945186e-01	8.623440605333945186e-01	8.623440605333945186e-01	8.623440605333945186e-01	8.623440605333945186e-01	9.153105941387029709e-01	8.623440605333945186e-01	8.623440605333945186e-01	8.623440605333945186e-01	9.000086263921750485e-01	8.623440605333945186e-01	8.623440605333945186e-01	8.939347384216049797e-01	9.051258071874780375e-01	8.623440605333945186e-01	8.623440605333945186e-01	8.589847385315889650e-01	8.623440605333945186e-01	5.265632596481170102e-01	8.623440605333945186e-01	4.488294881284070059e-01	9.118857870071229721e-01	6.305204333546370332e-01	8.623440605333945186e-01	8.623440605333945186e-01	9.278336632297029540e-01	9.215554727588489703e-01	8.623440605333945186e-01	8.623440605333945186e-01	8.623440605333945186e-01	8.623440605333945186e-01	8.925095274046559446e-01	8.623440605333945186e-01	8.623440605333945186e-01	8.623440605333945186e-01	8.623440605333945186e-01	8.623440605333945186e-01	8.964070584662110486e-01	8.623440605333945186e-01	8.623440605333945186e-01	8.623440605333945186e-01	8.623440605333945186e-01	4.070383212234159886e-01	9.079981463894239990e-01	8.623440605333945186e-01	8.623440605333945186e-01	8.623440605333945186e-01	8.623440605333945186e-01	8.969337470204390428e-01	8.623440605333945186e-01	8.623440605333945186e-01	2.329807262604099982e-01	9.160194827953299646e-01	8.623440605333945186e-01	8.623440605333945186e-01	8.906672489551680227e-01	8.623440605333945186e-01	8.623440605333945186e-01	8.623440605333945186e-01	8.623440605333945186e-01	8.623440605333945186e-01	8.623440605333945186e-01	9.042319785317000091e-01	8.623440605333945186e-01	8.623440605333945186e-01	8.623440605333945186e-01	8.623440605333945186e-01	8.623440605333945186e-01	8.623440605333945186e-01	8.623440605333945186e-01	8.623440605333945186e-01	8.623440605333945186e-01	8.623440605333945186e-01	8.623440605333945186e-01	8.623440605333945186e-01	8.623440605333945186e-01	8.623440605333945186e-01
8.623440605333945186e-01	1.000000000000000000e+00	8.623440605333945186e-01	8.623440605333945186e-01	8.623440605333945186e-01	8.623440605333945186e-01	8.623440605333945186e-01	8.623440605333945186e-01	8.623440605333945186e-01	8.240280054538300369e-01	8.623440605333945186e-01	8.623440605333945186e-01	9.180057887924779614e-01	8.623440605333945186e-01	8.586404779106779905e-01	8.623440605333945186e-01	8.623440605333945186e-01	8.623440605333945186e-01	8.623440605333945186e-01	8.623440605333945186e-01	8.623440605333945186e-01	8.623440605333945186e-01	8.623440605333945186e-01	8.623440605333945186e-01	8.623440605333945186e-01	8.623440605333945186e-01	8.623440605333945186e-01	8.623440605333945186e-01	9.072726787174919538e-01	8.756406128017240054e-01	8.623440605333945186e-01	9.286906053453239940e-01	9.324012656387870024e-01	8.623440605333945186e-01	9.238201906481650072e-01	8.623440605333945186e-01	8.971841884123360478e-01	8.623440605333945186e-01	5.320893705312359501e-01	8.623440605333945186e-01	8.623440605333945186e-01	8.623440605333945186e-01	8.623440605333945186e-01	6.801316936360890519e-01	8.327969562002239812e-01	8.623440605333945186e-01	8.623440605333945186e-01	8.872969214586839959e-01	8.969185181613950064e-01	8.623440605333945186e-01	8.623440605333945186e-01	8.623440605333945186e-01	9.121707170977130241e-01	8.623440605333945186e-01	6.849734784659089470e-01	8.623440605333945186e-01	8.623440605333945186e-01	9.213385205516090304e-01	8.623440605333945186e-01	8.623440605333945186e-01	8.623440605333945186e-01	8.095137847972999623e-01	8.925988085173750530e-01	8.553362742357160098e-01	8.623440605333945186e-01	8.623440605333945186e-01	8.623440605333945186e-01	8.623440605333945186e-01	8.623440605333945186e-01	6.273780162311169972e-01	9.213272988507159589e-01	8.623440605333945186e-01	8.623440605333945186e-01	8.623440605333945186e-01	8.623440605333945186e-01	8.623440605333945186e-01	8.623440605333945186e-01	8.623440605333945186e-01	8.623440605333945186e-01	8.623440605333945186e-01	8.623440605333945186e-01	6.928520731564989932e-01	8.623440605333945186e-01	8.623440605333945186e-01	8.623440605333945186e-01	8.623440605333945186e-01	8.623440605333945186e-01	8.981271742382329615e-01	8.623440605333945186e-01	4.096584820167950003e-01	8.623440605333945186e-01	8.623440605333945186e-01	8.967945129077860011e-01	8.886080573380990000e-01	8.623440605333945186e-01	8.623440605333945186e-01	8.623440605333945186e-01	8.623440605333945186e-01	8.623440605333945186e-01	9.120281899554739669e-01	8.623440605333945186e-01	8.930352530414620293e-01	8.623440605333945186e-01	8.594484164180690167e-01	8.623440605333945186e-01	8.623440605333945186e-01	8.623440605333945186e-01	8.623440605333945186e-01	8.623440605333945186e-01	8.623440605333945186e-01	8.623440605333945186e-01	8.623440605333945186e-01	8.906391899821950453e-01	9.279907334335230074e-01	8.623440605333945186e-01	8.623440605333945186e-01	9.209645128360010036e-01	8.623440605333945186e-01	8.623440605333945186e-01	8.623440605333945186e-01	8.623440605333945186e-01	9.188469522500180009e-01	8.623440605333945186e-01	8.866501890187179491e-01
8.623440605333945186e-01	8.623440605333945186e-01	1.000000000000000000e+00	8.623440605333945186e-01	8.623440605333945186e-01	8.623440605333945186e-01	8.623440605333945186e-01	8.623440605333945186e-01	8.623440605333945186e-01	8.623440605333945186e-01	8.623440605333945186e-01	8.623440605333945186e-01	9.019068451717859869e-01	8.739432897017850310e-01	8.623440605333945186e-01	8.623440605333945186e-01	8.623440605333945186e-01	8.623440605333945186e-01	8.623440605333945186e-01	8.623440605333945186e-01	8.623440605333945186e-01	8.623440605333945186e-01	8.780474916103410132e-01	9.127814306927399812e-01	8.563996940704849958e-01	8.623440605333945186e-01	8.623440605333945186e-01	8.623440605333945186e-01	8.623440605333945186e-01	8.626748042698769714e-01	8.623440605333945186e-01	8.623440605333945186e-01	8.623440605333945186e-01	8.623440605333945186e-01	8.623440605333945186e-01	8.623440605333945186e-01	8.623440605333945186e-01	8.623440605333945186e-01	5.260054308125500233e-01	8.623440605333945186e-01	9.063727143110730244e-01	8.666623856589109609e-01	8.781001261822140025e-01	6.682685252083230276e-01	8.190758945702030225e-01	8.980202764891539458e-01	8.623440605333945186e-01	8.722766217161600499e-01	8.623440605333945186e-01	8.844245540936670480e-01	8.623440605333945186e-01	8.623440605333945186e-01	8.958204325251080125e-01	8.623440605333945186e-01	8.623440605333945186e-01	8.623440605333945186e-01	8.623440605333945186e-01	9.057506081559230093e-01	9.094676450138089452e-01	8.752643007967909616e-01	8.623440605333945186e-01	7.986157078231449491e-01	8.623440605333945186e-01	8.623440605333945186e-01	8.623440605333945186e-01	5.184507918561139794e-01	8.897728105426579992e-01	8.623440605333945186e-01	8.623440605333945186e-01	8.623440605333945186e-01	8.623440605333945186e-01	8.623440605333945186e-01	8.623440605333945186e-01	9.012071218577689669e-01	8.623440605333945186e-01	8.623440605333945186e-01	8.623440605333945186e-01	8.623440605333945186e-01	8.760409210818860259e-01	8.623440605333945186e-01	8.623440605333945186e-01	8.623440605333945186e-01	7.989798606234750356e-01	6.630982869091549547e-01	8.801730778759649931e-01	8.623440605333945186e-01	8.623440605333945186e-01	8.623440605333945186e-01	8.623440605333945186e-01	8.623440605333945186e-01	8.623440605333945186e-01	8.623440605333945186e-01	8.623440605333945186e-01	8.623440605333945186e-01	8.623440605333945186e-01	8.623440605333945186e-01	8.623440605333945186e-01	8.789308182385680013e-01	8.623440605333945186e-01	8.623440605333945186e-01	8.623440605333945186e-01	8.770224772721819662e-01	8.623440605333945186e-01	8.623440605333945186e-01	8.985785946908609878e-01	8.623440605333945186e-01	8.623440605333945186e-01	8.834400134304889463e-01	8.623440605333945186e-01	8.623440605333945186e-01	8.623440605333945186e-01	8.623440605333945186e-01	8.623440605333945186e-01	9.107945734782729730e-01	8.623440605333945186e-01	8.623440605333945186e-01	8.623440605333945186e-01	9.061582818943040296e-01	8.623440605333945186e-01	8.870429110248669868e-01	8.623440605333945186e-01	9.027707706287819711e-01	8.623440605333945186e-01	8.623440605333945186e-01
8.623440605333945186e-01	8.623440605333945186e-01	8.623440605333945186e-01	1.000000000000000000e+00	8.623440605333945186e-01	8.907195183720519882e-01	8.623440605333945186e-01	8.431448147046499697e-01	8.623440605333945186e-01	8.102205779823640208e-01	8.905369042047629469e-01	8.623440605333945186e-01	8.623440605333945186e-01	8.764659971217170220e-01	8.473410130708759480e-01	8.623440605333945186e-01	8.623440605333945186e-01	8.623440605333945186e-01	8.623440605333945186e-01	8.623440605333945186e-01	8.750391448855270315e-01	9.094344358134149875e-01	8.757296077897860354e-01	8.623440605333945186e-01	8.593319764395940252e-01	8.689974419676790296e-01	8.623440605333945186e-01	8.623440605333945186e-01	8.623440605333945186e-01	8.623440605333945186e-01	8.732089738392220246e-01	8.623440605333945186e-01	8.623440605333945186e-01	7.810222941533859764e-01	8.623440605333945186e-01	8.623440605333945186e-01	8.839372166387500229e-01	8.986949005671990287e-01	8.623440605333945186e-01	8.623440605333945186e-01	9.069204046365320071e-01	8.623440605333945186e-01	8.623440605333945186e-01	8.623440605333945186e-01	8.188225932063509793e-01	8.993535215587340481e-01	8.623440605333945186e-01	8.623440605333945186e-01	8.623440605333945186e-01	8.623440605333945186e-01	8.623440605333945186e-01	8.792188103964769796e-01	8.623440605333945186e-01	8.623440605333945186e-01	8.623440605333945186e-01	8.623440605333945186e-01	8.623440605333945186e-01	8.623440605333945186e-01	9.102686757638499548e-01	8.623440605333945186e-01	8.623440605333945186e-01	8.623440605333945186e-01	8.784360548797189860e-01	8.623440605333945186e-01	8.623440605333945186e-01	8.623440605333945186e-01	8.623440605333945186e-01	8.623440605333945186e-01	8.942894372325099761e-01	8.623440605333945186e-01	8.623440605333945186e-01	7.177888614013080426e-01	8.623440605333945186e-01	9.027743189038049954e-01	8.623440605333945186e-01	8.623440605333945186e-01	8.801630193997459495e-01	8.623440605333945186e-01	8.750124978465080305e-01	8.623440605333945186e-01	8.623440605333945186e-01	8.623440605333945186e-01	8.007144223780580106e-01	8.623440605333945186e-01	8.623440605333945186e-01	8.623440605333945186e-01	8.623440605333945186e-01	8.623440605333945186e-01	1.000000000000000021e-03	8.623440605333945186e-01	8.623440605333945186e-01	8.980385140921439691e-01	8.623440605333945186e-01	8.623440605333945186e-01	7.572787618399889897e-01	8.813209485463150417e-01	8.785459993020330316e-01	8.623440605333945186e-01	2.323096963433450013e-01	8.989590624565779731e-01	8.623440605333945186e-01	8.793497779053529584e-01	8.623440605333945186e-01	8.623440605333945186e-01	8.623440605333945186e-01	8.974376661706889857e-01	8.969175862705860425e-01	8.623440605333945186e-01	8.623440605333945186e-01	8.623440605333945186e-01	8.623440605333945186e-01	8.623440605333945186e-01	8.623440605333945186e-01	8.623440605333945186e-01	9.078785590240170400e-01	8.623440605333945186e-01	9.062348142819259822e-01	8.623440605333945186e-01	8.623440605333945186e-01	8.623440605333945186e-01	8.623440605333945186e-01	8.623440605333945186e-01	8.750741862359709966e-01	8.710493987499270396e-01
8.623440605333945186e-01	8.623440605333945186e-01	8.623440605333945186e-01	8.623440605333945186e-01	9.999999999999970024e-01	8.623440605333945186e-01	8.623440605333945186e-01	8.623440605333945186e-01	6.974995803376640158e-01	8.623440605333945186e-01	8.623440605333945186e-01	7.705556243250040183e-01	8.623440605333945186e-01	7.601146694906999457e-01	8.623440605333945186e-01	7.927499375306690244e-01	7.853156036800590378e-01	8.623440605333945186e-01	7.870893479010450111e-01	8.623440605333945186e-01	8.623440605333945186e-01	7.840437925316610102e-01	8.623440605333945186e-01	7.862636744017860169e-01	8.623440605333945186e-01	8.623440605333945186e-01	8.623440605333945186e-01	6.672364113696860333e-01	7.703160279416010336e-01	8.623440605333945186e-01	7.559937967026959527e-01	8.623440605333945186e-01	8.623440605333945186e-01	8.623440605333945186e-01	8.623440605333945186e-01	8.623440605333945186e-01	8.623440605333945186e-01	8.623440605333945186e-01	4.682770065904500179e-01	8.623440605333945186e-01	8.623440605333945186e-01	7.523315781666920499e-01	7.555529912042190377e-01	8.623440605333945186e-01	7.129517359978080338e-01	7.753078393911480015e-01	8.623440605333945186e-01	7.560176425729430161e-01	7.634805915829400158e-01	8.623440605333945186e-01	8.623440605333945186e-01	8.623440605333945186e-01	8.623440605333945186e-01	7.778296946635829823e-01	8.623440605333945186e-01	7.775223066602420241e-01	8.623440605333945186e-01	7.816561254012439619e-01	8.623440605333945186e-01	8.623440605333945186e-01	8.623440605333945186e-01	6.975058303144120453e-01	7.592506845442880126e-01	8.623440605333945186e-01	8.623440605333945186e-01	8.623440605333945186e-01	7.710530678914999658e-01	4.002635821113330050e-01	8.623440605333945186e-01	8.623440605333945186e-01	8.623440605333945186e-01	8.623440605333945186e-01	8.623440605333945186e-01	8.623440605333945186e-01	8.623440605333945186e-01	8.623440605333945186e-01	7.570794528560089720e-01	7.719624463395849956e-01	7.552948007951389986e-01	8.623440605333945186e-01	8.623440605333945186e-01	8.623440605333945186e-01	6.955953742222470426e-01	8.623440605333945186e-01	8.623440605333945186e-01	8.623440605333945186e-01	8.623440605333945186e-01	8.623440605333945186e-01	8.623440605333945186e-01	8.623440605333945186e-01	7.665067341761470088e-01	7.741658030534089852e-01	7.645170609995599609e-01	7.566210183203140316e-01	6.628495537248549896e-01	7.591657608069489749e-01	7.591829344720679718e-01	8.623440605333945186e-01	8.623440605333945186e-01	7.750532025830519922e-01	8.623440605333945186e-01	8.623440605333945186e-01	8.623440605333945186e-01	8.623440605333945186e-01	8.623440605333945186e-01	7.729991749303649629e-01	7.745869433963760153e-01	8.623440605333945186e-01	8.623440605333945186e-01	8.623440605333945186e-01	8.623440605333945186e-01	8.623440605333945186e-01	8.623440605333945186e-01	8.623440605333945186e-01	8.623440605333945186e-01	8.623440605333945186e-01	8.623440605333945186e-01	7.808239797139460148e-01	8.623440605333945186e-01	7.649260872657640542e-01	8.623440605333945186e-01	7.806537471235389658e-01	8.623440605333945186e-01	8.623440605333945186e-01
8.623440605333945186e-01	8.623440605333945186e-01	8.623440605333945186e-01	8.907195183720519882e-01	8.623440605333945186e-01	1.000000000000000000e+00	8.604449263336639842e-01	8.623440605333945186e-01	8.623440605333945186e-01	8.106992770535750292e-01	8.623440605333945186e-01	8.623440605333945186e-01	9.009653811506259657e-01	8.623440605333945186e-01	8.447713438787050055e-01	8.623440605333945186e-01	8.623440605333945186e-01	8.623440605333945186e-01	8.623440605333945186e-01	8.704692028671650039e-01	8.623440605333945186e-01	8.623440605333945186e-01	8.726053571608189952e-01	8.623440605333945186e-01	8.623440605333945186e-01	8.651254890325440483e-01	6.016432741614180513e-01	8.623440605333945186e-01	8.876969385291929582e-01	8.623440605333945186e-01	8.623440605333945186e-01	8.623440605333945186e-01	8.623440605333945186e-01	7.759486881683710369e-01	9.058517401095830257e-01	8.623440605333945186e-01	8.623440605333945186e-01	8.623440605333945186e-01	5.232150722565389600e-01	8.902229972995250318e-01	8.623440605333945186e-01	8.623440605333945186e-01	8.623440605333945186e-01	8.623440605333945186e-01	8.623440605333945186e-01	8.623440605333945186e-01	8.623440605333945186e-01	8.623440605333945186e-01	8.809292731701979795e-01	8.815258163675919745e-01	8.623440605333945186e-01	8.623440605333945186e-01	8.623440605333945186e-01	9.001781992933790555e-01	6.726086855720510016e-01	8.623440605333945186e-01	8.623440605333945186e-01	8.623440605333945186e-01	9.077993698121320509e-01	8.731493787444920551e-01	8.623440605333945186e-01	7.956615464694679618e-01	8.623440605333945186e-01	8.623440605333945186e-01	8.047769334814699471e-01	8.623440605333945186e-01	8.623440605333945186e-01	8.623440605333945186e-01	8.910241659777089485e-01	6.170797839325640188e-01	8.623440605333945186e-01	8.623440605333945186e-01	8.623440605333945186e-01	8.990891140971509765e-01	8.623440605333945186e-01	8.822230071945279528e-01	8.623440605333945186e-01	8.930366040836129615e-01	8.623440605333945186e-01	8.623440605333945186e-01	8.435460608828619922e-01	8.623440605333945186e-01	8.012268409132290437e-01	8.623440605333945186e-01	8.623440605333945186e-01	8.623440605333945186e-01	8.623440605333945186e-01	8.811790282318300305e-01	1.000000000000000021e-03	4.041607294259310090e-01	8.623440605333945186e-01	8.623440605333945186e-01	8.623440605333945186e-01	8.743159237710419474e-01	7.549577486636169787e-01	8.764609018636639881e-01	8.765529139827420435e-01	8.623440605333945186e-01	2.303576287779499909e-01	8.939762638453390142e-01	8.623440605333945186e-01	8.623440605333945186e-01	8.705505989235100550e-01	8.623440605333945186e-01	8.623440605333945186e-01	8.943793790344890526e-01	8.623440605333945186e-01	8.623440605333945186e-01	8.623440605333945186e-01	8.826039168034669480e-01	8.674110418987950322e-01	8.504548030945660031e-01	8.744941297226720422e-01	9.107874684073039573e-01	8.623440605333945186e-01	8.623440605333945186e-01	8.623440605333945186e-01	8.623440605333945186e-01	9.045676793573610430e-01	8.853320697481470436e-01	8.969322727213849822e-01	8.623440605333945186e-01	8.623440605333945186e-01	8.623440605333945186e-01
8.802841976919200118e-01	8.623440605333945186e-01	8.623440605333945186e-01	8.623440605333945186e-01	8.623440605333945186e-01	8.604449263336639842e-01	1.000000000000000000e+00	8.623440605333945186e-01	8.623440605333945186e-01	7.852560882053899460e-01	8.623440605333945186e-01	8.623440605333945186e-01	8.752230314592159832e-01	8.623440605333945186e-01	8.623440605333945186e-01	8.623440605333945186e-01	8.623440605333945186e-01	8.623440605333945186e-01	8.837756058037690154e-01	8.623440605333945186e-01	8.623440605333945186e-01	8.623440605333945186e-01	8.623440605333945186e-01	8.623440605333945186e-01	8.623440605333945186e-01	8.623440605333945186e-01	8.623440605333945186e-01	8.623440605333945186e-01	8.623440605333945186e-01	8.623440605333945186e-01	8.623440605333945186e-01	8.837137901202719581e-01	8.623440605333945186e-01	8.623440605333945186e-01	8.623440605333945186e-01	8.465199959745329794e-01	8.623440605333945186e-01	8.623440605333945186e-01	5.131455850286430476e-01	8.639514136652890475e-01	8.623440605333945186e-01	8.623440605333945186e-01	8.623440605333945186e-01	8.623440605333945186e-01	8.623440605333945186e-01	8.623440605333945186e-01	8.623440605333945186e-01	8.623440605333945186e-01	8.623440605333945186e-01	8.565767405428680314e-01	8.415057431598810256e-01	8.623440605333945186e-01	8.679473785353639670e-01	8.720115525959329927e-01	8.623440605333945186e-01	8.623440605333945186e-01	8.565656445898279792e-01	8.623440605333945186e-01	8.623440605333945186e-01	8.484903554362349665e-01	8.623440605333945186e-01	8.623440605333945186e-01	8.522810564176610537e-01	8.623440605333945186e-01	8.623440605333945186e-01	8.623440605333945186e-01	8.614687515871519707e-01	4.327210854757410075e-01	8.623440605333945186e-01	8.623440605333945186e-01	8.623440605333945186e-01	8.623440605333945186e-01	8.623440605333945186e-01	8.623440605333945186e-01	8.623440605333945186e-01	8.623440605333945186e-01	8.623440605333945186e-01	8.623440605333945186e-01	8.463049914220369674e-01	8.623440605333945186e-01	8.623440605333945186e-01	8.623440605333945186e-01	8.623440605333945186e-01	8.623440605333945186e-01	8.623440605333945186e-01	6.517754730870409796e-01	8.623440605333945186e-01	8.623440605333945186e-01	8.623440605333945186e-01	8.623440605333945186e-01	8.623440605333945186e-01	8.623440605333945186e-01	8.557958957904919783e-01	8.471069924664620387e-01	8.623440605333945186e-01	8.623440605333945186e-01	8.623440605333945186e-01	8.623440605333945186e-01	2.301360008293009962e-01	8.707643531407139870e-01	8.623440605333945186e-01	8.623440605333945186e-01	8.623440605333945186e-01	8.623440605333945186e-01	8.623440605333945186e-01	8.623440605333945186e-01	8.669101691027010226e-01	8.549240587101030187e-01	8.623440605333945186e-01	8.575751923550239963e-01	8.623440605333945186e-01	8.623440605333945186e-01	8.510766068562030107e-01	8.837356417197409497e-01	8.770310114551059799e-01	8.771096809782760184e-01	8.623440605333945186e-01	8.623440605333945186e-01	8.781633796129749703e-01	8.583715479319440345e-01	8.623440605333945186e-01	8.747178068398550055e-01	8.623440605333945186e-01	8.623440605333945186e-01
8.582467235089680235e-01	8.623440605333945186e-01	8.623440605333945186e-01	8.431448147046499697e-01	8.623440605333945186e-01	8.623440605333945186e-01	8.623440605333945186e-01	1.000000000000000000e+00	7.583101946245409675e-01	8.623440605333945186e-01	8.402818538536469539e-01	8.427659310522650493e-01	8.623440605333945186e-01	8.623440605333945186e-01	8.623440605333945186e-01	8.681262196780910045e-01	8.623440605333945186e-01	8.394905158452330429e-01	8.623440605333945186e-01	8.623440605333945186e-01	8.233896966869349576e-01	8.575230660415330552e-01	8.258899787586879704e-01	8.623440605333945186e-01	8.091452619188550521e-01	8.623440605333945186e-01	8.623440605333945186e-01	8.623440605333945186e-01	8.623440605333945186e-01	8.142640059061929669e-01	8.217365124150569633e-01	8.623440605333945186e-01	8.638065155410149520e-01	8.623440605333945186e-01	8.623440605333945186e-01	8.623440605333945186e-01	8.623440605333945186e-01	8.623440605333945186e-01	8.623440605333945186e-01	8.403499148369709681e-01	8.545222191938499634e-01	8.623440605333945186e-01	8.623440605333945186e-01	8.623440605333945186e-01	8.623440605333945186e-01	8.623440605333945186e-01	8.623440605333945186e-01	8.623440605333945186e-01	8.623440605333945186e-01	8.623440605333945186e-01	8.623440605333945186e-01	8.280423330104610402e-01	8.447796989594770212e-01	8.623440605333945186e-01	8.623440605333945186e-01	8.623440605333945186e-01	8.623440605333945186e-01	8.623440605333945186e-01	8.623440605333945186e-01	8.623440605333945186e-01	8.353083245903879517e-01	8.623440605333945186e-01	8.623440605333945186e-01	7.927186403784930446e-01	8.623440605333945186e-01	8.623440605333945186e-01	8.623440605333945186e-01	8.623440605333945186e-01	8.623440605333945186e-01	8.623440605333945186e-01	8.556084577120699475e-01	6.830541939739750434e-01	8.623440605333945186e-01	8.623440605333945186e-01	8.623440605333945186e-01	8.623440605333945186e-01	8.623440605333945186e-01	8.440694590037050027e-01	8.623440605333945186e-01	8.424807119701159808e-01	8.011927158854910136e-01	6.472963543242979956e-01	8.623440605333945186e-01	8.623440605333945186e-01	8.286379782315419495e-01	8.623440605333945186e-01	8.623440605333945186e-01	8.623440605333945186e-01	8.623440605333945186e-01	8.623440605333945186e-01	8.623440605333945186e-01	8.483481147940780120e-01	8.321851192631160021e-01	8.623440605333945186e-01	8.623440605333945186e-01	8.623440605333945186e-01	8.292740855923630416e-01	8.623440605333945186e-01	2.254209671489300071e-01	8.486479194767020395e-01	8.623440605333945186e-01	8.298277810277370214e-01	8.227589684071320297e-01	8.623440605333945186e-01	8.623440605333945186e-01	8.623440605333945186e-01	8.623440605333945186e-01	8.623440605333945186e-01	8.623440605333945186e-01	8.623440605333945186e-01	8.212352583900679459e-01	8.028435597124670142e-01	8.623440605333945186e-01	8.623440605333945186e-01	8.623440605333945186e-01	8.623440605333945186e-01	8.623440605333945186e-01	8.623440605333945186e-01	8.623440605333945186e-01	8.623440605333945186e-01	8.623440605333945186e-01	8.623440605333945186e-01	8.623440605333945186e-01	8.227947635914399926e-01
8.623440605333945186e-01	8.623440605333945186e-01	8.623440605333945186e-01	8.623440605333945186e-01	6.974995803376640158e-01	8.623440605333945186e-01	8.623440605333945186e-01	7.583101946245409675e-01	9.999999999999990008e-01	8.623440605333945186e-01	8.623440605333945186e-01	8.623440605333945186e-01	8.623440605333945186e-01	7.902719852796770139e-01	8.623440605333945186e-01	8.243168356648920003e-01	8.623440605333945186e-01	7.970081818064650436e-01	8.158886531933490227e-01	8.623440605333945186e-01	7.819247064199059682e-01	8.623440605333945186e-01	7.855245356255520228e-01	8.623440605333945186e-01	8.623440605333945186e-01	8.623440605333945186e-01	8.623440605333945186e-01	8.623440605333945186e-01	8.623440605333945186e-01	8.623440605333945186e-01	8.623440605333945186e-01	8.623440605333945186e-01	8.623440605333945186e-01	8.623440605333945186e-01	8.623440605333945186e-01	8.623440605333945186e-01	8.623440605333945186e-01	8.058564520155500066e-01	4.819413526220769906e-01	8.623440605333945186e-01	8.623440605333945186e-01	7.822972718609639831e-01	8.623440605333945186e-01	8.623440605333945186e-01	7.403235958342659906e-01	8.070127903802010172e-01	8.623440605333945186e-01	8.623440605333945186e-01	7.943383382059580056e-01	8.623440605333945186e-01	7.798711309409189774e-01	7.856874593305950283e-01	8.623440605333945186e-01	8.085721825114220440e-01	8.623440605333945186e-01	8.623440605333945186e-01	7.890662430682560124e-01	8.114195796890150136e-01	8.623440605333945186e-01	8.623440605333945186e-01	8.623440605333945186e-01	8.623440605333945186e-01	8.623440605333945186e-01	8.623440605333945186e-01	8.623440605333945186e-01	8.623440605333945186e-01	8.623440605333945186e-01	8.623440605333945186e-01	8.623440605333945186e-01	8.623440605333945186e-01	8.623440605333945186e-01	8.623440605333945186e-01	8.145575081785080274e-01	8.623440605333945186e-01	8.623440605333945186e-01	8.623440605333945186e-01	8.623440605333945186e-01	8.060746543603910519e-01	8.623440605333945186e-01	7.988213124566440060e-01	8.623440605333945186e-01	8.623440605333945186e-01	7.186345892784770095e-01	8.623440605333945186e-01	8.623440605333945186e-01	8.623440605333945186e-01	7.974629687484430240e-01	8.623440605333945186e-01	8.623440605333945186e-01	3.851285696917979839e-01	8.623440605333945186e-01	8.623440605333945186e-01	7.913252436613730234e-01	8.623440605333945186e-01	8.623440605333945186e-01	7.883857238957020508e-01	7.884700176714179998e-01	8.623440605333945186e-01	2.212176537614000127e-01	8.623440605333945186e-01	8.623440605333945186e-01	8.623440605333945186e-01	7.843008934426459744e-01	8.623440605333945186e-01	8.623440605333945186e-01	8.028206234472660130e-01	8.623440605333945186e-01	8.623440605333945186e-01	8.623440605333945186e-01	8.623440605333945186e-01	8.623440605333945186e-01	7.680343415709689481e-01	8.623440605333945186e-01	8.157852210675460292e-01	8.116233167788450276e-01	8.113047383197089513e-01	8.623440605333945186e-01	8.623440605333945186e-01	8.623440605333945186e-01	8.623440605333945186e-01	8.623440605333945186e-01	8.623440605333945186e-01	8.623440605333945186e-01	7.800102751125399525e-01
8.623440605333945186e-01	8.240280054538300369e-01	8.623440605333945186e-01	8.102205779823640208e-01	8.623440605333945186e-01	8.106992770535750292e-01	7.852560882053899460e-01	8.623440605333945186e-01	8.623440605333945186e-01	9.999999999999990008e-01	8.623440605333945186e-01	8.623440605333945186e-01	8.623440605333945186e-01	7.978993939768720400e-01	8.623440605333945186e-01	8.623440605333945186e-01	8.272536575200990505e-01	8.623440605333945186e-01	8.623440605333945186e-01	8.623440605333945186e-01	7.953236546798010398e-01	8.623440605333945186e-01	7.964616788415610493e-01	8.294048076689070070e-01	8.623440605333945186e-01	8.623440605333945186e-01	8.623440605333945186e-01	8.623440605333945186e-01	8.623440605333945186e-01	8.623440605333945186e-01	8.623440605333945186e-01	8.289719383320499624e-01	8.335312207950910102e-01	8.623440605333945186e-01	8.623440605333945186e-01	8.623440605333945186e-01	8.623440605333945186e-01	8.623440605333945186e-01	4.903199505131169977e-01	8.623440605333945186e-01	8.257322455079529888e-01	8.623440605333945186e-01	8.623440605333945186e-01	8.623440605333945186e-01	8.623440605333945186e-01	8.160939835456479940e-01	8.623440605333945186e-01	8.623440605333945186e-01	8.026661967230309669e-01	8.623440605333945186e-01	8.623440605333945186e-01	8.003768388480639873e-01	8.623440605333945186e-01	8.623440605333945186e-01	8.623440605333945186e-01	8.172830091011820119e-01	8.623440605333945186e-01	8.623440605333945186e-01	8.623440605333945186e-01	8.623440605333945186e-01	8.072467421248179509e-01	8.623440605333945186e-01	8.623440605333945186e-01	8.623440605333945186e-01	8.623440605333945186e-01	4.841758897341960077e-01	8.623440605333945186e-01	8.623440605333945186e-01	8.623440605333945186e-01	8.623440605333945186e-01	8.623440605333945186e-01	8.623440605333945186e-01	8.623440605333945186e-01	8.623440605333945186e-01	8.623440605333945186e-01	8.080814424739199975e-01	8.623440605333945186e-01	8.149935876857260508e-01	8.623440605333945186e-01	8.623440605333945186e-01	8.623440605333945186e-01	6.253908420489510123e-01	8.623440605333945186e-01	6.124675936045680391e-01	7.991587288715360504e-01	8.623440605333945186e-01	8.623440605333945186e-01	8.024036911105639769e-01	8.623440605333945186e-01	8.623440605333945186e-01	8.101474711258620509e-01	8.623440605333945186e-01	8.623440605333945186e-01	7.959174771579160534e-01	8.623440605333945186e-01	8.623440605333945186e-01	8.623440605333945186e-01	8.623440605333945186e-01	8.623440605333945186e-01	8.623440605333945186e-01	7.140473893811190020e-01	8.623440605333945186e-01	8.623440605333945186e-01	8.623440605333945186e-01	8.623440605333945186e-01	8.623440605333945186e-01	8.623440605333945186e-01	8.623440605333945186e-01	8.337245484286970321e-01	8.042521703133369559e-01	7.917824222866970407e-01	7.733782847062850019e-01	7.988864991513080493e-01	8.623440605333945186e-01	8.247730996143239901e-01	8.623440605333945186e-01	8.623440605333945186e-01	8.623440605333945186e-01	8.623440605333945186e-01	8.623440605333945186e-01	8.623440605333945186e-01	8.218163160985020310e-01	8.623440605333945186e-01	8.623440605333945186e-01
9.098105195694750069e-01	8.623440605333945186e-01	8.623440605333945186e-01	8.905369042047629469e-01	8.623440605333945186e-01	8.623440605333945186e-01	8.623440605333945186e-01	8.402818538536469539e-01	8.623440605333945186e-01	8.623440605333945186e-01	1.000000000000000000e+00	8.623440605333945186e-01	8.623440605333945186e-01	8.623440605333945186e-01	8.623440605333945186e-01	8.623440605333945186e-01	8.623440605333945186e-01	8.903625837958459854e-01	8.623440605333945186e-01	8.734942593592619486e-01	8.623440605333945186e-01	8.623440605333945186e-01	8.623440605333945186e-01	8.623440605333945186e-01	8.623440605333945186e-01	8.623440605333945186e-01	8.623440605333945186e-01	7.571275725445669735e-01	8.623440605333945186e-01	8.610903540183050264e-01	8.704862303990149597e-01	8.623440605333945186e-01	8.623440605333945186e-01	8.623440605333945186e-01	9.082371949625599461e-01	8.697569845753270190e-01	8.623440605333945186e-01	8.623440605333945186e-01	5.252594122696849777e-01	8.623440605333945186e-01	8.623440605333945186e-01	8.657479133131390503e-01	8.623440605333945186e-01	6.649179047363670270e-01	8.623440605333945186e-01	8.623440605333945186e-01	8.623440605333945186e-01	8.712615200949930250e-01	8.825077444640190283e-01	8.861156835623159589e-01	8.688460925602109475e-01	8.623440605333945186e-01	8.623440605333945186e-01	8.623440605333945186e-01	8.623440605333945186e-01	8.623440605333945186e-01	8.623440605333945186e-01	8.623440605333945186e-01	9.109076353524380165e-01	8.623440605333945186e-01	8.853527686280150411e-01	7.972602158937750483e-01	8.776471945773419714e-01	8.402113179613509564e-01	8.623440605333945186e-01	5.173805747324200510e-01	8.623440605333945186e-01	8.623440605333945186e-01	8.623440605333945186e-01	6.184966654777710460e-01	8.623440605333945186e-01	8.623440605333945186e-01	8.623440605333945186e-01	8.623440605333945186e-01	8.623440605333945186e-01	8.835323322682060443e-01	8.623440605333945186e-01	8.949134075350220208e-01	8.623440605333945186e-01	8.623440605333945186e-01	8.623440605333945186e-01	8.623440605333945186e-01	8.623440605333945186e-01	6.641820562227429559e-01	8.769614932303649857e-01	8.623440605333945186e-01	8.623440605333945186e-01	8.623440605333945186e-01	8.623440605333945186e-01	4.046053513483309771e-01	8.623440605333945186e-01	8.973337180785150302e-01	8.623440605333945186e-01	8.750490850797399967e-01	8.623440605333945186e-01	8.623440605333945186e-01	8.623440605333945186e-01	8.623440605333945186e-01	8.623440605333945186e-01	8.969041567809410420e-01	8.623440605333945186e-01	8.623440605333945186e-01	8.623440605333945186e-01	8.623440605333945186e-01	8.984089965741060002e-01	8.950532328510030222e-01	8.945520330421540267e-01	8.831725042131679526e-01	9.166652586132120195e-01	8.623440605333945186e-01	8.698594347944179628e-01	8.489176472868510404e-01	8.753524782651820324e-01	8.623440605333945186e-01	8.623440605333945186e-01	8.623440605333945186e-01	8.623440605333945186e-01	8.623440605333945186e-01	8.623440605333945186e-01	8.623440605333945186e-01	8.623440605333945186e-01	9.033468424399879737e-01	8.623440605333945186e-01	8.623440605333945186e-01
9.122186889543779653e-01	8.623440605333945186e-01	8.623440605333945186e-01	8.623440605333945186e-01	7.705556243250040183e-01	8.623440605333945186e-01	8.623440605333945186e-01	8.427659310522650493e-01	8.623440605333945186e-01	8.623440605333945186e-01	8.623440605333945186e-01	1.000000000000000000e+00	8.623440605333945186e-01	8.623440605333945186e-01	8.623440605333945186e-01	8.623440605333945186e-01	8.623440605333945186e-01	8.917159277187940436e-01	8.623440605333945186e-01	8.732613756388899473e-01	8.758542251098210274e-01	8.623440605333945186e-01	8.623440605333945186e-01	8.623440605333945186e-01	8.623440605333945186e-01	8.693214609901900314e-01	8.623440605333945186e-01	8.623440605333945186e-01	8.927822118305730470e-01	8.623440605333945186e-01	8.623440605333945186e-01	8.623440605333945186e-01	8.623440605333945186e-01	8.623440605333945186e-01	8.623440605333945186e-01	8.623440605333945186e-01	8.623440605333945186e-01	9.005010212585690121e-01	8.623440605333945186e-01	8.623440605333945186e-01	9.094938699851849995e-01	8.680310747377280034e-01	8.798996123994510254e-01	6.695430262161180535e-01	8.623440605333945186e-01	8.623440605333945186e-01	8.221907676769889539e-01	8.623440605333945186e-01	8.623440605333945186e-01	8.623440605333945186e-01	8.709377388075869586e-01	8.623440605333945186e-01	8.623440605333945186e-01	9.036004112908779806e-01	8.623440605333945186e-01	8.623440605333945186e-01	8.623440605333945186e-01	8.623440605333945186e-01	9.115684990062360438e-01	8.623440605333945186e-01	8.623440605333945186e-01	8.623440605333945186e-01	8.796104855826389901e-01	8.623440605333945186e-01	8.118246033048149846e-01	8.623440605333945186e-01	8.623440605333945186e-01	8.623440605333945186e-01	8.623440605333945186e-01	8.623440605333945186e-01	8.623440605333945186e-01	7.199690680436080514e-01	8.623440605333945186e-01	8.623440605333945186e-01	8.623440605333945186e-01	8.623440605333945186e-01	8.811273215476580489e-01	8.978459208566970107e-01	8.781997332296630487e-01	8.623440605333945186e-01	8.623440605333945186e-01	8.623440605333945186e-01	8.623440605333945186e-01	8.623440605333945186e-01	8.623440605333945186e-01	8.623440605333945186e-01	8.623440605333945186e-01	8.623440605333945186e-01	8.623440605333945186e-01	8.623440605333945186e-01	8.623440605333945186e-01	8.988562519504269543e-01	8.623440605333945186e-01	8.746676716494510284e-01	8.623440605333945186e-01	8.623440605333945186e-01	8.809233317578939459e-01	8.836120897477860447e-01	8.623440605333945186e-01	8.999899187535449485e-01	8.623440605333945186e-01	8.623440605333945186e-01	8.623440605333945186e-01	8.623440605333945186e-01	8.623440605333945186e-01	8.972774089071859915e-01	8.623440605333945186e-01	8.623440605333945186e-01	8.623440605333945186e-01	8.623440605333945186e-01	8.711103727686669851e-01	8.623440605333945186e-01	8.623440605333945186e-01	8.623440605333945186e-01	9.077118273940399940e-01	8.623440605333945186e-01	8.623440605333945186e-01	8.623440605333945186e-01	8.623440605333945186e-01	8.623440605333945186e-01	8.623440605333945186e-01	8.623440605333945186e-01	8.623440605333945186e-01	8.725117650726480489e-01
