1.000000000000000000e+00	3.878459190935449885e-01	3.878459190935449885e-01	3.878459190935449885e-01	3.878459190935449885e-01	5.944042223933539981e-01	3.878459190935449885e-01	3.878459190935449885e-01	3.342008488036620206e-01	3.619680741360890019e-01	3.878459190935449885e-01	6.118843959045180414e-01	3.878459190935449885e-01	3.878459190935449885e-01	3.878459190935449885e-01	3.878459190935449885e-01	6.702367357443700380e-01	6.017209112605680366e-01	3.878459190935449885e-01	5.374357703196930292e-01	5.471869251853860305e-01	6.685572443779449481e-01	3.878459190935449885e-01	3.878459190935449885e-01	3.878459190935449885e-01	5.215599804397339501e-01	3.878459190935449885e-01	3.878459190935449885e-01	6.056286129959369546e-01	5.073014069414389926e-01	5.339752642825470463e-01	3.878459190935449885e-01	3.878459190935449885e-01	2.889108266924019786e-01	3.878459190935449885e-01	3.878459190935449885e-01	3.878459190935449885e-01	3.878459190935449885e-01	3.878459190935449885e-01	3.878459190935449885e-01	3.878459190935449885e-01	3.878459190935449885e-01	3.878459190935449885e-01	3.878459190935449885e-01	3.878459190935449885e-01	6.358042405432180466e-01	3.878459190935449885e-01	3.878459190935449885e-01	3.878459190935449885e-01	3.878459190935449885e-01	3.878459190935449885e-01	3.878459190935449885e-01	3.878459190935449885e-01	3.878459190935449885e-01	3.878459190935449885e-01	6.326554070171199751e-01	3.878459190935449885e-01	3.878459190935449885e-01	6.714713701484620323e-01	3.878459190935449885e-01	3.878459190935449885e-01	3.878459190935449885e-01	3.878459190935449885e-01	4.436634224891700118e-01	3.878459190935449885e-01	3.878459190935449885e-01	5.962569225583700394e-01	1.379924633550979989e-02	3.878459190935449885e-01	8.493621170839600609e-02	6.594047666598119584e-01	3.878459190935449885e-01	3.878459190935449885e-01	3.878459190935449885e-01	3.878459190935449885e-01	3.878459190935449885e-01	3.878459190935449885e-01	6.208965160106000303e-01	3.878459190935449885e-01	6.034094062551970117e-01	4.557371592680349859e-01	3.878459190935449885e-01	3.878459190935449885e-01	3.878459190935449885e-01	5.572752061726800044e-01	3.878459190935449885e-01	3.878459190935449885e-01	3.878459190935449885e-01	3.878459190935449885e-01	3.878459190935449885e-01	3.878459190935449885e-01	3.878459190935449885e-01	3.878459190935449885e-01	3.878459190935449885e-01	3.878459190935449885e-01	3.878459190935449885e-01	3.878459190935449885e-01	3.878459190935449885e-01	3.878459190935449885e-01	6.256389567866400547e-01	2.890616871320499937e-01	3.878459190935449885e-01	3.878459190935449885e-01	3.878459190935449885e-01	3.878459190935449885e-01	3.878459190935449885e-01	6.135857124684900299e-01	5.727728796662759914e-01	3.878459190935449885e-01	5.837818192487580493e-01	3.878459190935449885e-01	3.878459190935449885e-01	3.878459190935449885e-01	6.822266276716010269e-01	3.878459190935449885e-01	3.878459190935449885e-01	6.644593120852040347e-01	3.878459190935449885e-01	3.878459190935449885e-01	5.920497474910020319e-01	3.878459190935449885e-01	3.878459190935449885e-01	3.878459190935449885e-01	3.878459190935449885e-01
3.878459190935449885e-01	1.000000000000000000e+00	3.878459190935449885e-01	3.878459190935449885e-01	3.878459190935449885e-01	3.878459190935449885e-01	3.878459190935449885e-01	4.351203615925789969e-01	3.878459190935449885e-01	3.552910749506000276e-01	3.878459190935449885e-01	3.878459190935449885e-01	3.878459190935449885e-01	3.878459190935449885e-01	3.878459190935449885e-01	3.878459190935449885e-01	3.878459190935449885e-01	5.844604221597640148e-01	3.878459190935449885e-01	3.878459190935449885e-01	3.878459190935449885e-01	6.599275478859359945e-01	3.878459190935449885e-01	3.878459190935449885e-01	3.878459190935449885e-01	3.878459190935449885e-01	3.878459190935449885e-01	3.878459190935449885e-01	5.943545580908450310e-01	4.916383792546940024e-01	3.878459190935449885e-01	6.733219758525369469e-01	3.878459190935449885e-01	3.878459190935449885e-01	3.878459190935449885e-01	3.878459190935449885e-01	5.598630937432119703e-01	3.878459190935449885e-01	3.427507006668450290e-02	3.878459190935449885e-01	3.878459190935449885e-01	5.066252933424050253e-01	3.878459190935449885e-01	3.878459190935449885e-01	3.878459190935449885e-01	3.878459190935449885e-01	3.878459190935449885e-01	3.878459190935449885e-01	3.878459190935449885e-01	3.878459190935449885e-01	3.878459190935449885e-01	5.464317483834130185e-01	3.878459190935449885e-01	3.878459190935449885e-01	1.322606961065639908e-01	3.878459190935449885e-01	5.546076516146329904e-01	3.878459190935449885e-01	3.878459190935449885e-01	5.351436626648949924e-01	3.878459190935449885e-01	3.878459190935449885e-01	3.878459190935449885e-01	3.878459190935449885e-01	3.878459190935449885e-01	3.236606403384360148e-02	3.878459190935449885e-01	3.878459190935449885e-01	5.991460331079759838e-01	3.878459190935449885e-01	6.452668558830939594e-01	3.878459190935449885e-01	3.878459190935449885e-01	3.878459190935449885e-01	3.878459190935449885e-01	5.654549520079630298e-01	5.498701821673479539e-01	3.878459190935449885e-01	3.878459190935449885e-01	3.878459190935449885e-01	3.878459190935449885e-01	1.406000833395630034e-01	3.307916472328359947e-01	1.210579468840869977e-01	5.502090508515620204e-01	3.878459190935449885e-01	3.878459190935449885e-01	3.878459190935449885e-01	1.000000000000000082e-05	3.878459190935449885e-01	5.832816166008939485e-01	3.878459190935449885e-01	3.878459190935449885e-01	3.878459190935449885e-01	3.878459190935449885e-01	3.878459190935449885e-01	3.878459190935449885e-01	5.519737020728670007e-01	4.083987640704909885e-04	3.878459190935449885e-01	3.878459190935449885e-01	3.878459190935449885e-01	3.878459190935449885e-01	3.878459190935449885e-01	6.184907665817059863e-01	3.878459190935449885e-01	3.878459190935449885e-01	3.878459190935449885e-01	3.878459190935449885e-01	3.878459190935449885e-01	5.187171393568660305e-01	3.878459190935449885e-01	3.878459190935449885e-01	3.878459190935449885e-01	3.878459190935449885e-01	3.878459190935449885e-01	6.439095636697359515e-01	3.878459190935449885e-01	6.475187195579950039e-01	5.787284268414349953e-01	3.878459190935449885e-01	6.360333610112050007e-01	3.878459190935449885e-01	3.878459190935449885e-01
3.878459190935449885e-01	3.878459190935449885e-01	1.000000000000000000e+00	3.878459190935449885e-01	2.447920214073329992e-01	3.878459190935449885e-01	4.491870356898829963e-01	3.878459190935449885e-01	3.878459190935449885e-01	3.878459190935449885e-01	3.878459190935449885e-01	3.878459190935449885e-01	5.758007542905410059e-01	3.878459190935449885e-01	3.878459190935449885e-01	3.878459190935449885e-01	3.878459190935449885e-01	5.345653606902970312e-01	6.087618639628590289e-01	4.819188372848000057e-01	4.864802256810850101e-01	3.878459190935449885e-01	4.989067598536640058e-01	3.878459190935449885e-01	4.365714814893240092e-01	4.618896385448190145e-01	6.513911507251879396e-02	2.239098702255170048e-01	5.372405124804230381e-01	3.878459190935449885e-01	4.776337585095259963e-01	6.144777604660669468e-01	3.878459190935449885e-01	2.597460154993819770e-01	3.878459190935449885e-01	3.878459190935449885e-01	3.878459190935449885e-01	5.588195299238359892e-01	3.223116951641209760e-02	3.878459190935449885e-01	3.878459190935449885e-01	3.878459190935449885e-01	3.878459190935449885e-01	3.878459190935449885e-01	3.440234940951609754e-01	5.626582164803870523e-01	3.878459190935449885e-01	4.816241340461879794e-01	3.878459190935449885e-01	3.878459190935449885e-01	4.690620609209860126e-01	3.878459190935449885e-01	3.878459190935449885e-01	5.758706306121580409e-01	3.878459190935449885e-01	3.878459190935449885e-01	5.101750957255229979e-01	5.890429224764119898e-01	3.878459190935449885e-01	3.878459190935449885e-01	3.878459190935449885e-01	3.878459190935449885e-01	3.878459190935449885e-01	3.878459190935449885e-01	3.204091133452259821e-01	3.878459190935449885e-01	3.878459190935449885e-01	3.878459190935449885e-01	3.878459190935449885e-01	7.637861172065789350e-02	3.878459190935449885e-01	3.878459190935449885e-01	3.878459190935449885e-01	3.878459190935449885e-01	3.878459190935449885e-01	3.878459190935449885e-01	3.878459190935449885e-01	3.878459190935449885e-01	3.878459190935449885e-01	3.878459190935449885e-01	4.116771620286679978e-01	1.315362755340739875e-01	3.878459190935449885e-01	1.111904355236079944e-01	3.878459190935449885e-01	1.193409630370179941e-01	3.878459190935449885e-01	3.878459190935449885e-01	3.878459190935449885e-01	3.878459190935449885e-01	3.878459190935449885e-01	3.878459190935449885e-01	5.120723352267759765e-01	3.878459190935449885e-01	2.265314993188050074e-01	5.036732147247310332e-01	3.878459190935449885e-01	3.878459190935449885e-01	3.841020138329210177e-04	3.878459190935449885e-01	3.878459190935449885e-01	4.958007802633049854e-01	3.878459190935449885e-01	3.878459190935449885e-01	3.878459190935449885e-01	3.878459190935449885e-01	3.878459190935449885e-01	3.878459190935449885e-01	6.265981591782140425e-01	3.878459190935449885e-01	3.878459190935449885e-01	3.878459190935449885e-01	3.878459190935449885e-01	3.878459190935449885e-01	3.878459190935449885e-01	3.878459190935449885e-01	3.878459190935449885e-01	3.878459190935449885e-01	3.878459190935449885e-01	3.878459190935449885e-01	3.878459190935449885e-01	5.787557711916090364e-01	3.878459190935449885e-01	4.727171554617319860e-01
3.878459190935449885e-01	3.878459190935449885e-01	3.878459190935449885e-01	1.000000000000000000e+00	2.507731886764140161e-01	5.386298497648199790e-01	3.878459190935449885e-01	3.878459190935449885e-01	3.041585483142790203e-01	3.878459190935449885e-01	5.380397037776269986e-01	3.878459190935449885e-01	3.878459190935449885e-01	4.941211397350679935e-01	3.878459190935449885e-01	6.480785131697910373e-01	6.016725636904419749e-01	3.878459190935449885e-01	3.878459190935449885e-01	3.878459190935449885e-01	3.878459190935449885e-01	6.019654002363850065e-01	4.919055878358760125e-01	3.878459190935449885e-01	3.878459190935449885e-01	4.720226027604669805e-01	3.878459190935449885e-01	3.878459190935449885e-01	5.408393125509489696e-01	3.878459190935449885e-01	3.878459190935449885e-01	3.878459190935449885e-01	3.878459190935449885e-01	3.878459190935449885e-01	6.104911633008399674e-01	3.878459190935449885e-01	3.878459190935449885e-01	3.878459190935449885e-01	3.348417169115160130e-02	3.878459190935449885e-01	3.878459190935449885e-01	4.726822562019600271e-01	3.878459190935449885e-01	3.878459190935449885e-01	3.878459190935449885e-01	5.671388442647919970e-01	3.878459190935449885e-01	3.878459190935449885e-01	3.878459190935449885e-01	3.878459190935449885e-01	4.738174231099960276e-01	3.878459190935449885e-01	3.878459190935449885e-01	3.878459190935449885e-01	3.878459190935449885e-01	3.878459190935449885e-01	3.878459190935449885e-01	3.878459190935449885e-01	3.878459190935449885e-01	3.878459190935449885e-01	3.878459190935449885e-01	3.016685665008960182e-01	3.878459190935449885e-01	3.940780272124220218e-01	3.235594269266349743e-01	3.878459190935449885e-01	3.878459190935449885e-01	1.269011898966860077e-02	3.878459190935449885e-01	3.878459190935449885e-01	5.916243522099909891e-01	3.878459190935449885e-01	3.878459190935449885e-01	5.787679332721059611e-01	3.878459190935449885e-01	3.878459190935449885e-01	5.053672182673739632e-01	3.878459190935449885e-01	4.897558096326379840e-01	3.878459190935449885e-01	3.878459190935449885e-01	3.878459190935449885e-01	3.878459190935449885e-01	3.878459190935449885e-01	3.878459190935449885e-01	3.878459190935449885e-01	5.404377200614729482e-01	5.177477879852550036e-01	3.878459190935449885e-01	3.878459190935449885e-01	5.317494457895379778e-01	3.878459190935449885e-01	3.878459190935449885e-01	4.873808471788430019e-01	3.878459190935449885e-01	3.878459190935449885e-01	3.878459190935449885e-01	3.878459190935449885e-01	4.080215767672549978e-04	3.878459190935449885e-01	3.878459190935449885e-01	3.878459190935449885e-01	3.878459190935449885e-01	3.878459190935449885e-01	5.681811929207319922e-01	3.878459190935449885e-01	3.878459190935449885e-01	5.217191451683760306e-01	3.878459190935449885e-01	5.213530686635410305e-01	3.878459190935449885e-01	3.878459190935449885e-01	3.878459190935449885e-01	3.878459190935449885e-01	5.964797294309810427e-01	3.878459190935449885e-01	3.878459190935449885e-01	5.910993358230349770e-01	3.878459190935449885e-01	3.878459190935449885e-01	3.878459190935449885e-01	3.878459190935449885e-01	4.899404405198810042e-01	3.878459190935449885e-01
3.878459190935449885e-01	3.878459190935449885e-01	2.447920214073329992e-01	2.507731886764140161e-01	9.999999999999840128e-01	2.412736740331770102e-01	2.103247374952059989e-01	3.878459190935449885e-01	3.878459190935449885e-01	1.582512426071200073e-01	2.476883626698150043e-01	3.878459190935449885e-01	2.634361783213470254e-01	3.878459190935449885e-01	3.878459190935449885e-01	3.878459190935449885e-01	3.878459190935449885e-01	3.878459190935449885e-01	3.878459190935449885e-01	3.878459190935449885e-01	2.219060214629600125e-01	2.723273187934269757e-01	3.878459190935449885e-01	3.878459190935449885e-01	3.878459190935449885e-01	3.878459190935449885e-01	3.878459190935449885e-01	1.149510012631970030e-01	2.477856733174889914e-01	3.878459190935449885e-01	2.241292381533150080e-01	3.878459190935449885e-01	3.878459190935449885e-01	1.263371296537590116e-01	3.878459190935449885e-01	3.878459190935449885e-01	3.878459190935449885e-01	3.878459190935449885e-01	3.878459190935449885e-01	3.878459190935449885e-01	3.878459190935449885e-01	3.878459190935449885e-01	3.878459190935449885e-01	5.830043268590429789e-02	1.638275522815879903e-01	3.878459190935449885e-01	1.668858340829240117e-01	3.878459190935449885e-01	3.878459190935449885e-01	2.393189077005919985e-01	3.878459190935449885e-01	3.878459190935449885e-01	3.878459190935449885e-01	3.878459190935449885e-01	3.878459190935449885e-01	3.878459190935449885e-01	3.878459190935449885e-01	2.679225845825239927e-01	2.724927964355660093e-01	2.231091331634690034e-01	3.878459190935449885e-01	1.457234863025080041e-01	3.878459190935449885e-01	1.857837384886059928e-01	1.541310366329430026e-01	1.705433404210249942e-02	3.878459190935449885e-01	3.878459190935449885e-01	3.878459190935449885e-01	4.031903276338379832e-02	3.878459190935449885e-01	3.878459190935449885e-01	2.701942829397639967e-01	2.606303210523149838e-01	3.878459190935449885e-01	3.878459190935449885e-01	3.878459190935449885e-01	2.506303565198870209e-01	3.878459190935449885e-01	3.878459190935449885e-01	3.878459190935449885e-01	6.710506434788610086e-02	3.878459190935449885e-01	5.738257710158960190e-02	3.878459190935449885e-01	3.878459190935449885e-01	2.435301421722360082e-01	2.340423653594219944e-01	3.878459190935449885e-01	3.878459190935449885e-01	3.878459190935449885e-01	2.544788032248970211e-01	2.379744450662240052e-01	2.251252245942209906e-01	3.878459190935449885e-01	3.878459190935449885e-01	2.292308169013050068e-01	2.361286002743329948e-01	3.878459190935449885e-01	2.560422668547320257e-01	3.878459190935449885e-01	3.878459190935449885e-01	3.878459190935449885e-01	1.864047099774270022e-01	3.878459190935449885e-01	3.878459190935449885e-01	3.878459190935449885e-01	2.379500879790990009e-01	2.831903047791369810e-01	3.878459190935449885e-01	3.878459190935449885e-01	3.878459190935449885e-01	2.232997725698959990e-01	2.779193691781750020e-01	2.705394080827859815e-01	3.878459190935449885e-01	3.878459190935449885e-01	3.878459190935449885e-01	3.878459190935449885e-01	3.878459190935449885e-01	3.878459190935449885e-01	3.878459190935449885e-01	3.878459190935449885e-01	2.158680485168089913e-01
5.944042223933539981e-01	3.878459190935449885e-01	3.878459190935449885e-01	5.386298497648199790e-01	2.412736740331770102e-01	1.000000000000000000e+00	3.878459190935449885e-01	3.878459190935449885e-01	3.878459190935449885e-01	3.878459190935449885e-01	3.878459190935449885e-01	5.356877218029180154e-01	5.725944988206159714e-01	3.878459190935449885e-01	3.878459190935449885e-01	3.878459190935449885e-01	3.878459190935449885e-01	5.294733585428129663e-01	3.878459190935449885e-01	4.763125226050650141e-01	3.878459190935449885e-01	3.878459190935449885e-01	3.878459190935449885e-01	6.031026341971159610e-01	3.878459190935449885e-01	4.608863625098300054e-01	3.878459190935449885e-01	2.255079249363400040e-01	3.878459190935449885e-01	3.878459190935449885e-01	3.878459190935449885e-01	3.878459190935449885e-01	6.209540449149739683e-01	2.576278839336429982e-01	3.878459190935449885e-01	3.878459190935449885e-01	5.054740070019470011e-01	5.541079796949509584e-01	3.878459190935449885e-01	5.370264934020929637e-01	5.840162467234250032e-01	3.878459190935449885e-01	3.878459190935449885e-01	3.878459190935449885e-01	3.878459190935449885e-01	3.878459190935449885e-01	3.371322197901159834e-01	3.878459190935449885e-01	3.878459190935449885e-01	3.878459190935449885e-01	3.878459190935449885e-01	3.878459190935449885e-01	5.466097952897680523e-01	3.878459190935449885e-01	1.199867166368159960e-01	3.878459190935449885e-01	3.878459190935449885e-01	5.840643051794409679e-01	5.962016168279400397e-01	4.842061610704960217e-01	5.196777839245390052e-01	2.946082278401470078e-01	3.878459190935449885e-01	3.878455748616160270e-01	3.878459190935449885e-01	3.878459190935449885e-01	5.331346874046090090e-01	3.878459190935449885e-01	3.878459190935449885e-01	3.878459190935449885e-01	3.878459190935449885e-01	3.878459190935449885e-01	3.878459190935449885e-01	3.878459190935449885e-01	3.878459190935449885e-01	3.878459190935449885e-01	3.878459190935449885e-01	3.878459190935449885e-01	4.811305174590599920e-01	3.878459190935449885e-01	3.878459190935449885e-01	1.268294456283670102e-01	3.057942744079690245e-01	1.093116972829659972e-01	3.878459190935449885e-01	3.878459190935449885e-01	3.878459190935449885e-01	5.084940176272589873e-01	3.878459190935449885e-01	3.878459190935449885e-01	3.878459190935449885e-01	3.878459190935449885e-01	5.034753294201439466e-01	3.878459190935449885e-01	3.878459190935449885e-01	3.878459190935449885e-01	3.878459190935449885e-01	4.996557821900630136e-01	3.878459190935449885e-01	3.878459190935449885e-01	3.878459190935449885e-01	3.878459190935449885e-01	3.878459190935449885e-01	4.028507394190170010e-01	5.649221862505140468e-01	3.878459190935449885e-01	3.878459190935449885e-01	5.151005707783939958e-01	3.878459190935449885e-01	3.878459190935449885e-01	3.878459190935449885e-01	4.206111696945860068e-01	3.878459190935449885e-01	6.067691646605289923e-01	3.878459190935449885e-01	5.825736502906430081e-01	5.818508509699299447e-01	3.878459190935449885e-01	3.878459190935449885e-01	3.878459190935449885e-01	3.878459190935449885e-01	3.878459190935449885e-01	3.878459190935449885e-01	3.878459190935449885e-01
3.878459190935449885e-01	3.878459190935449885e-01	4.491870356898829963e-01	3.878459190935449885e-01	2.103247374952059989e-01	3.878459190935449885e-01	1.000000000000000000e+00	3.878459190935449885e-01	3.878459190935449885e-01	2.745861714893880201e-01	3.878459190935449885e-01	3.878459190935449885e-01	4.903861613210199755e-01	3.878459190935449885e-01	3.427744278116610088e-01	3.878459190935449885e-01	3.878459190935449885e-01	3.878459190935449885e-01	5.165565869554350487e-01	3.878459190935449885e-01	4.068951001176959736e-01	5.078367979432329982e-01	3.878459190935449885e-01	5.164636429682200047e-01	3.708009395946290088e-01	4.001856764871890015e-01	3.878459190935449885e-01	3.878459190935449885e-01	4.614661160802009943e-01	3.878459190935449885e-01	4.022042520904700047e-01	3.878459190935449885e-01	5.312010255769139544e-01	3.878459190935449885e-01	5.063513498157610204e-01	3.878459190935449885e-01	4.303469365413020165e-01	3.878459190935449885e-01	3.878459190935449885e-01	3.878459190935449885e-01	4.978231413790459858e-01	3.878459190935449885e-01	3.878459190935449885e-01	3.878459190935449885e-01	3.878459190935449885e-01	4.750494464743529877e-01	2.962921452243469922e-01	3.878459190935449885e-01	3.878459190935449885e-01	4.370542404053859853e-01	3.878459190935449885e-01	3.878459190935449885e-01	3.878459190935449885e-01	3.878459190935449885e-01	3.878459190935449885e-01	3.878459190935449885e-01	4.370239719339890083e-01	3.878459190935449885e-01	3.878459190935449885e-01	3.878459190935449885e-01	3.878459190935449885e-01	2.595052635136320118e-01	4.254627867535449859e-01	3.878459190935449885e-01	3.878459190935449885e-01	3.878459190935449885e-01	4.505661492907420129e-01	3.878459190935449885e-01	3.878459190935449885e-01	3.878459190935449885e-01	4.956998907978449886e-01	3.878459190935449885e-01	3.878459190935449885e-01	4.848053257269629990e-01	3.878459190935449885e-01	3.878459190935449885e-01	3.878459190935449885e-01	3.878459190935449885e-01	3.878459190935449885e-01	3.878459190935449885e-01	3.878459190935449885e-01	3.878459190935449885e-01	3.878459190935449885e-01	9.771550670342189771e-02	3.878459190935449885e-01	1.014089381267599954e-01	3.878459190935449885e-01	3.878459190935449885e-01	3.878459190935449885e-01	3.878459190935449885e-01	3.878459190935449885e-01	3.878459190935449885e-01	3.878459190935449885e-01	3.878459190935449885e-01	3.878459190935449885e-01	3.878459190935449885e-01	3.878459190935449885e-01	4.264019873600770061e-01	3.878459190935449885e-01	3.878459190935449885e-01	2.239299272283920006e-01	4.193843003238489908e-01	3.878459190935449885e-01	3.511211126825339868e-01	3.878459190935449885e-01	3.878459190935449885e-01	3.878459190935449885e-01	3.878459190935449885e-01	3.878459190935449885e-01	3.878459190935449885e-01	3.878459190935449885e-01	3.556262882130650227e-01	4.222579741783630269e-01	5.164317129270480367e-01	3.878459190935449885e-01	3.878459190935449885e-01	3.878459190935449885e-01	3.878459190935449885e-01	4.992589145418109831e-01	3.878459190935449885e-01	4.697771509673859813e-01	4.888745915453370228e-01	3.878459190935449885e-01	3.878459190935449885e-01
3.878459190935449885e-01	4.351203615925789969e-01	3.878459190935449885e-01	3.878459190935449885e-01	3.878459190935449885e-01	3.878459190935449885e-01	3.878459190935449885e-01	1.000000000000009992e+00	3.878459190935449885e-01	3.878459190935449885e-01	3.878459190935449885e-01	3.878459190935449885e-01	3.878459190935449885e-01	3.644584321881950140e-01	3.878459190935449885e-01	4.694979822765900090e-01	3.878459190935449885e-01	3.878459190935449885e-01	3.878459190935449885e-01	3.578723573323089879e-01	3.538221111725199930e-01	3.878459190935449885e-01	3.878459190935449885e-01	3.878459190935449885e-01	3.878459190935449885e-01	3.878459190935449885e-01	3.878459190935449885e-01	3.878459190935449885e-01	3.878459190935449885e-01	3.878459190935449885e-01	3.878459190935449885e-01	3.878459190935449885e-01	3.878459190935449885e-01	1.978550471824750134e-01	3.878459190935449885e-01	3.878459190935449885e-01	3.878459190935449885e-01	3.878459190935449885e-01	3.878459190935449885e-01	3.945724309480769798e-01	3.878459190935449885e-01	3.878459190935449885e-01	3.878459190935449885e-01	3.878459190935449885e-01	3.878459190935449885e-01	3.878459190935449885e-01	3.878459190935449885e-01	3.543050550363360252e-01	3.752283423628929859e-01	3.878459190935449885e-01	3.878459190935449885e-01	3.646434680312939935e-01	3.878459190935449885e-01	4.208859385986409851e-01	3.878459190935449885e-01	3.878459190935449885e-01	3.693428895800189848e-01	3.878459190935449885e-01	3.878459190935449885e-01	3.878459190935449885e-01	3.820801487746199876e-01	3.878459190935449885e-01	3.655535657419730078e-01	2.888289789205509828e-01	3.878459190935449885e-01	3.878459190935449885e-01	3.965702270693319820e-01	3.878459190935449885e-01	3.878459190935449885e-01	3.878459190935449885e-01	3.878459190935449885e-01	3.878459190935449885e-01	3.878459190935449885e-01	4.202417020713939966e-01	3.878459190935449885e-01	3.878459190935449885e-01	3.680462508195049831e-01	3.878459190935449885e-01	3.544607718792819884e-01	3.878459190935449885e-01	3.878459190935449885e-01	3.878459190935449885e-01	3.878459190935449885e-01	3.878459190935449885e-01	3.878459190935449885e-01	9.027354757285810383e-02	3.878459190935449885e-01	3.878459190935449885e-01	3.878459190935449885e-01	3.878459190935449885e-01	3.878459190935449885e-01	4.150705151585920016e-01	3.878459190935449885e-01	3.546101872105220099e-01	3.878459190935449885e-01	3.878459190935449885e-01	3.878459190935449885e-01	3.732432988505399729e-01	3.878459190935449885e-01	4.158553690066160158e-01	1.984805423720739925e-01	3.878459190935449885e-01	3.878459190935449885e-01	3.027023530378459837e-01	3.878459190935449885e-01	3.878459190935449885e-01	3.878459190935449885e-01	3.878459190935449885e-01	3.878459190935449885e-01	3.878459190935449885e-01	3.489004324298219939e-01	3.878459190935449885e-01	3.878459190935449885e-01	3.878459190935449885e-01	3.878459190935449885e-01	3.878459190935449885e-01	3.878459190935449885e-01	3.878459190935449885e-01	3.878459190935449885e-01	3.878459190935449885e-01	3.878459190935449885e-01	4.256107121704080232e-01	3.878459190935449885e-01	3.878459190935449885e-01
3.342008488036620206e-01	3.878459190935449885e-01	3.878459190935449885e-01	3.041585483142790203e-01	3.878459190935449885e-01	3.878459190935449885e-01	3.878459190935449885e-01	3.878459190935449885e-01	9.999999999999940048e-01	3.878459190935449885e-01	3.878459190935449885e-01	3.878459190935449885e-01	3.878459190935449885e-01	3.878459190935449885e-01	3.878459190935449885e-01	3.878459190935449885e-01	3.878459190935449885e-01	3.878459190935449885e-01	3.369264796164370135e-01	3.878459190935449885e-01	3.878459190935449885e-01	3.349280097016519853e-01	2.750884195736140181e-01	3.360789234810689918e-01	2.501297952429979987e-01	3.878459190935449885e-01	3.878459190935449885e-01	3.878459190935449885e-01	3.039635029130010047e-01	3.878459190935449885e-01	3.878459190935449885e-01	3.878459190935449885e-01	3.487898850208079882e-01	3.878459190935449885e-01	3.878459190935449885e-01	3.878459190935449885e-01	3.878459190935449885e-01	3.878459190935449885e-01	2.018972970928619923e-02	3.029557603218079875e-01	3.878459190935449885e-01	2.690996322931150098e-01	2.795766831650819961e-01	3.878459190935449885e-01	3.878459190935449885e-01	3.878459190935449885e-01	3.878459190935449885e-01	3.878459190935449885e-01	3.878459190935449885e-01	3.878459190935449885e-01	3.878459190935449885e-01	3.878459190935449885e-01	3.878459190935449885e-01	3.878459190935449885e-01	7.298347288596969407e-02	3.878459190935449885e-01	3.878459190935449885e-01	3.878459190935449885e-01	3.878459190935449885e-01	3.878459190935449885e-01	3.878459190935449885e-01	1.751968664923760077e-01	2.795621368446630228e-01	2.238381249943600104e-01	3.878459190935449885e-01	3.878459190935449885e-01	3.878459190935449885e-01	3.878459190935449885e-01	3.068488012118180119e-01	4.807317758123959978e-02	3.878459190935449885e-01	1.007223695782499956e-01	3.878459190935449885e-01	3.878459190935449885e-01	2.748979220271760004e-01	3.878459190935449885e-01	3.878459190935449885e-01	3.878459190935449885e-01	2.749437367101810192e-01	3.009176423460330208e-01	3.878459190935449885e-01	3.878459190935449885e-01	3.878459190935449885e-01	6.842201786482239589e-02	2.816621236083020063e-01	3.878459190935449885e-01	3.878459190935449885e-01	3.878459190935449885e-01	1.000000000000000082e-05	3.878459190935449885e-01	3.878459190935449885e-01	3.878459190935449885e-01	3.878459190935449885e-01	2.721029803388200219e-01	3.878459190935449885e-01	3.878459190935449885e-01	3.878459190935449885e-01	3.878459190935449885e-01	3.878459190935449885e-01	3.878459190935449885e-01	3.878459190935449885e-01	2.751467005909389862e-01	3.878459190935449885e-01	3.878459190935449885e-01	3.150514181938580127e-01	3.878459190935449885e-01	3.878459190935449885e-01	2.860864466687240149e-01	3.878459190935449885e-01	3.878459190935449885e-01	3.878459190935449885e-01	2.438868203264979995e-01	3.878459190935449885e-01	3.878459190935449885e-01	3.878459190935449885e-01	3.878459190935449885e-01	3.878459190935449885e-01	3.878459190935449885e-01	3.302921062444270084e-01	3.878459190935449885e-01	3.878459190935449885e-01	3.878459190935449885e-01	3.878459190935449885e-01	3.878459190935449885e-01
3.619680741360890019e-01	3.552910749506000276e-01	3.878459190935449885e-01	3.878459190935449885e-01	1.582512426071200073e-01	3.878459190935449885e-01	2.745861714893880201e-01	3.878459190935449885e-01	3.878459190935449885e-01	9.999999999999970024e-01	3.271285022544430099e-01	3.284483749003799802e-01	3.878459190935449885e-01	3.878459190935449885e-01	3.878459190935449885e-01	3.841467979592140258e-01	3.878459190935449885e-01	3.878459190935449885e-01	3.878459190935449885e-01	3.878459190935449885e-01	3.878459190935449885e-01	3.878459190935449885e-01	3.878459190935449885e-01	3.878459190935449885e-01	2.659348408216439807e-01	2.863705073577180182e-01	3.878459190935449885e-01	1.457576892891679909e-01	3.285555220076969984e-01	2.779398163496870078e-01	3.878459190935449885e-01	3.668375011119739959e-01	3.878459190935449885e-01	1.650564069568040138e-01	3.560190397649469762e-01	3.878459190935449885e-01	3.878459190935449885e-01	3.401334535528420244e-01	3.878459190935449885e-01	3.878459190935449885e-01	3.592374128101589736e-01	2.840212249081069951e-01	3.027725670526210111e-01	7.489993100122270542e-02	3.878459190935449885e-01	3.878459190935449885e-01	3.878459190935449885e-01	3.878459190935449885e-01	3.878459190935449885e-01	3.878459190935449885e-01	3.878459190935449885e-01	3.040638141459359733e-01	3.878459190935449885e-01	3.878459190935449885e-01	3.878459190935449885e-01	3.878459190935449885e-01	3.878459190935449885e-01	3.878459190935449885e-01	3.878459190935449885e-01	3.878459190935449885e-01	3.878459190935449885e-01	3.878459190935449885e-01	3.878459190935449885e-01	3.878459190935449885e-01	3.878459190935449885e-01	3.878459190935449885e-01	3.878459190935449885e-01	9.237014599838489631e-03	3.288756216447660252e-01	3.878459190935449885e-01	3.878459190935449885e-01	1.076304847582549989e-01	3.878459190935449885e-01	3.878459190935449885e-01	3.878459190935449885e-01	3.878459190935449885e-01	3.878459190935449885e-01	3.878459190935449885e-01	3.878459190935449885e-01	3.878459190935449885e-01	3.878459190935449885e-01	3.878459190935449885e-01	3.878459190935449885e-01	3.878459190935449885e-01	3.015978349881239806e-01	7.998383582094789612e-02	3.878459190935449885e-01	3.878459190935449885e-01	3.878459190935449885e-01	5.632600839907359568e-03	3.244430313573199998e-01	3.878459190935449885e-01	3.878459190935449885e-01	3.878459190935449885e-01	1.390351910501650134e-01	3.878459190935449885e-01	3.878459190935449885e-01	3.065127778913239731e-01	3.878459190935449885e-01	3.375026073954019989e-01	3.878459190935449885e-01	3.878459190935449885e-01	3.878459190935449885e-01	3.878459190935449885e-01	3.878459190935449885e-01	3.318869756155289896e-01	3.324268004701920187e-01	3.878459190935449885e-01	3.878459190935449885e-01	3.878459190935449885e-01	2.870098933728220114e-01	3.878459190935449885e-01	3.878459190935449885e-01	3.878459190935449885e-01	3.878459190935449885e-01	3.878459190935449885e-01	3.878459190935449885e-01	3.878459190935449885e-01	3.878459190935449885e-01	3.163865941877260224e-01	3.878459190935449885e-01	3.502223063784660195e-01	3.878459190935449885e-01	2.903131427908490214e-01
3.878459190935449885e-01	3.878459190935449885e-01	3.878459190935449885e-01	5.380397037776269986e-01	2.476883626698150043e-01	3.878459190935449885e-01	3.878459190935449885e-01	3.878459190935449885e-01	3.878459190935449885e-01	3.271285022544430099e-01	1.000000000000000000e+00	3.878459190935449885e-01	5.788897998690829549e-01	3.878459190935449885e-01	4.082233250480479803e-01	3.878459190935449885e-01	3.878459190935449885e-01	3.878459190935449885e-01	3.878459190935449885e-01	3.878459190935449885e-01	3.878459190935449885e-01	3.878459190935449885e-01	3.878459190935449885e-01	6.107216271838440402e-01	3.878459190935449885e-01	3.878459190935449885e-01	3.878459190935449885e-01	2.259322229401790061e-01	3.878459190935449885e-01	3.878459190935449885e-01	3.878459190935449885e-01	6.122819851253640255e-01	3.878459190935449885e-01	3.878459190935449885e-01	3.878459190935449885e-01	4.742325934919630059e-01	3.878459190935449885e-01	3.878459190935449885e-01	3.878459190935449885e-01	3.878459190935449885e-01	5.881375555712620162e-01	3.878459190935449885e-01	3.878459190935449885e-01	3.878459190935449885e-01	3.878459190935449885e-01	3.878459190935449885e-01	3.460901137098519875e-01	4.786350767416669982e-01	3.878459190935449885e-01	3.878459190935449885e-01	3.878459190935449885e-01	4.966881001245190275e-01	5.543971176078990037e-01	3.878459190935449885e-01	3.878459190935449885e-01	3.878459190935449885e-01	5.067688109908889960e-01	3.878459190935449885e-01	3.878459190935449885e-01	3.878459190935449885e-01	5.215043157752650149e-01	3.878459190935449885e-01	3.878459190935449885e-01	3.878459190935449885e-01	3.878459190935449885e-01	3.878459190935449885e-01	5.359622529275129832e-01	3.878459190935449885e-01	5.448371853739020221e-01	3.878459190935449885e-01	3.878459190935449885e-01	3.878459190935449885e-01	3.878459190935449885e-01	3.878459190935449885e-01	3.878459190935449885e-01	5.157968206959220314e-01	4.981572590554240176e-01	3.878459190935449885e-01	3.878459190935449885e-01	3.878459190935449885e-01	3.878459190935449885e-01	3.878459190935449885e-01	3.878459190935449885e-01	3.878459190935449885e-01	3.878459190935449885e-01	3.878459190935449885e-01	3.878459190935449885e-01	3.878459190935449885e-01	1.000000000000000082e-05	7.924960723712489233e-03	3.878459190935449885e-01	3.878459190935449885e-01	3.878459190935449885e-01	3.878459190935449885e-01	3.878459190935449885e-01	3.878459190935449885e-01	3.878459190935449885e-01	3.878459190935449885e-01	3.878459190935449885e-01	3.878459190935449885e-01	3.878459190935449885e-01	3.878459190935449885e-01	4.848551061052039923e-01	3.878459190935449885e-01	5.639616026305950269e-01	3.878459190935449885e-01	3.878459190935449885e-01	3.878459190935449885e-01	6.280007142115190399e-01	5.214077527297990011e-01	4.745313288206550184e-01	3.878459190935449885e-01	4.907740610229350264e-01	3.878459190935449885e-01	3.878459190935449885e-01	3.878459190935449885e-01	3.878459190935449885e-01	5.900597942352400205e-01	5.905511075286750122e-01	5.266395274143950145e-01	5.576005607171340417e-01	5.807330403715980083e-01	3.878459190935449885e-01	3.878459190935449885e-01
6.118843959045180414e-01	3.878459190935449885e-01	3.878459190935449885e-01	3.878459190935449885e-01	3.878459190935449885e-01	5.356877218029180154e-01	3.878459190935449885e-01	3.878459190935449885e-01	3.878459190935449885e-01	3.284483749003799802e-01	3.878459190935449885e-01	1.000000000000000000e+00	3.878459190935449885e-01	3.878459190935449885e-01	3.878459190935449885e-01	3.878459190935449885e-01	6.048999983223639632e-01	5.418591776290969664e-01	6.192623023409129512e-01	3.878459190935449885e-01	3.878459190935449885e-01	3.878459190935449885e-01	3.878459190935449885e-01	3.878459190935449885e-01	3.878459190935449885e-01	3.878459190935449885e-01	3.878459190935449885e-01	2.254486832537689889e-01	5.453323835263740316e-01	4.616914855986209987e-01	4.868722039562189963e-01	3.878459190935449885e-01	6.347457194771930489e-01	3.878459190935449885e-01	3.878459190935449885e-01	3.878459190935449885e-01	3.878459190935449885e-01	5.710184256776470457e-01	3.878459190935449885e-01	3.878459190935449885e-01	3.878459190935449885e-01	4.692229382876330068e-01	5.045591317728179703e-01	1.170916245852769988e-01	3.878459190935449885e-01	3.878459190935449885e-01	3.878459190935449885e-01	3.878459190935449885e-01	5.224471925967439923e-01	3.878459190935449885e-01	3.878459190935449885e-01	5.014531602748040218e-01	3.878459190935449885e-01	3.878459190935449885e-01	1.217494709894060001e-01	3.878459190935449885e-01	3.878459190935449885e-01	3.878459190935449885e-01	3.878459190935449885e-01	3.878459190935449885e-01	3.878459190935449885e-01	3.878459190935449885e-01	5.036733510329890473e-01	3.878459190935449885e-01	3.878459190935449885e-01	2.995602471135869888e-02	3.878459190935449885e-01	3.878459190935449885e-01	3.878459190935449885e-01	3.878459190935449885e-01	5.986347357264839575e-01	3.878459190935449885e-01	6.076254521514660167e-01	3.878459190935449885e-01	3.878459190935449885e-01	3.878459190935449885e-01	3.878459190935449885e-01	3.878459190935449885e-01	3.878459190935449885e-01	3.878459190935449885e-01	3.878459190935449885e-01	3.878459190935449885e-01	3.878459190935449885e-01	3.878459190935449885e-01	3.878459190935449885e-01	1.208096766614149969e-01	3.878459190935449885e-01	3.878459190935449885e-01	3.878459190935449885e-01	3.878459190935449885e-01	3.878459190935449885e-01	3.878459190935449885e-01	5.172557036637469574e-01	4.887248000641939982e-01	3.878459190935449885e-01	3.878459190935449885e-01	5.077056267231260245e-01	3.878459190935449885e-01	3.941459028121340131e-04	3.878459190935449885e-01	3.878459190935449885e-01	3.878459190935449885e-01	3.878459190935449885e-01	3.878459190935449885e-01	3.878459190935449885e-01	3.878459190935449885e-01	3.878459190935449885e-01	3.878459190935449885e-01	6.360423654455630293e-01	3.878459190935449885e-01	4.781913028304760060e-01	3.878459190935449885e-01	3.878459190935449885e-01	3.878459190935449885e-01	3.878459190935449885e-01	3.878459190935449885e-01	3.878459190935449885e-01	3.878459190935449885e-01	3.878459190935449885e-01	3.878459190935449885e-01	5.679923355520809514e-01	3.878459190935449885e-01	3.878459190935449885e-01	3.878459190935449885e-01
